-1	-1
5	180
5	192
5	204
5	217
6	166
6	177
6	188
6	199
6	210
6	221
6	233
7	161
7	172
7	182
7	192
7	202
7	212
7	222
7	232
7	242
7	252
7	263
8	168
8	179
8	189
8	199
8	209
8	218
8	227
8	236
8	246
8	256
8	266
8	277
9	172
9	184
9	195
9	206
9	216
9	225
9	234
9	243
9	251
9	259
9	268
9	277
9	287
9	298
10	156
10	166
10	175
10	184
10	193
10	202
10	211
10	220
10	229
10	237
10	245
10	252
10	259
10	266
10	273
10	281
10	289
10	298
10	308
11	160
11	171
11	181
11	191
11	201
11	211
11	221
11	230
11	239
11	247
11	255
11	263
11	271
11	279
11	287
11	296
11	306
11	317
12	177
12	188
12	198
12	208
12	218
12	228
12	238
12	248
12	258
12	267
12	276
12	285
12	295
12	306
13	181
13	193
13	204
13	215
13	226
13	237
13	248
13	259
13	270
13	281
13	293
14	176
14	187
14	198
14	208
14	218
14	228
14	238
14	249
14	260
14	271
14	283
15	169
15	180
15	190
15	200
15	209
15	218
15	227
15	236
15	246
15	256
15	266
15	276
15	286
15	297
16	150
16	161
16	171
16	180
16	188
16	196
16	204
16	212
16	220
16	228
16	236
16	244
16	252
16	261
16	270
16	279
16	289
16	299
17	140
17	150
17	159
17	167
17	174
17	181
17	188
17	194
17	200
17	206
17	212
17	219
17	226
17	233
17	240
17	247
17	254
17	261
17	269
17	277
17	285
17	294
17	304
17	316
17	410
17	422
17	434
17	446
18	137
18	146
18	153
18	160
18	166
18	172
18	178
18	183
18	188
18	193
18	198
18	203
18	208
18	214
18	219
18	225
18	231
18	237
18	243
18	249
18	255
18	262
18	269
18	276
18	284
18	293
18	303
18	315
18	392
18	404
18	415
18	426
18	438
18	450
19	138
19	147
19	154
19	160
19	165
19	171
19	175
19	180
19	184
19	189
19	193
19	197
19	202
19	206
19	211
19	216
19	221
19	226
19	231
19	237
19	242
19	248
19	254
19	260
19	267
19	274
19	282
19	290
19	299
19	310
19	340
19	351
19	362
19	373
19	384
19	395
19	408
20	138
20	147
20	153
20	159
20	164
20	169
20	173
20	178
20	182
20	186
20	190
20	194
20	198
20	203
20	207
20	212
20	216
20	221
20	226
20	231
20	236
20	241
20	247
20	253
20	259
20	265
20	272
20	279
20	287
20	296
20	306
20	318
20	332
20	343
20	354
20	364
20	374
20	385
21	141
21	150
21	157
21	163
21	169
21	174
21	179
21	184
21	189
21	193
21	198
21	202
21	207
21	212
21	217
21	222
21	227
21	232
21	237
21	243
21	248
21	254
21	260
21	266
21	273
21	280
21	288
21	297
21	307
21	318
21	330
21	341
21	352
21	362
21	372
21	383
22	141
22	150
22	157
22	163
22	168
22	173
22	178
22	182
22	187
22	191
22	196
22	200
22	205
22	209
22	214
22	219
22	224
22	229
22	234
22	239
22	245
22	251
22	257
22	264
22	271
22	279
22	288
22	298
22	309
22	320
22	331
22	341
22	351
22	361
22	371
22	381
22	392
23	139
23	148
23	153
23	159
23	162
23	167
23	170
23	174
23	177
23	181
23	184
23	187
23	191
23	194
23	198
23	201
23	205
23	208
23	212
23	216
23	219
23	224
23	227
23	232
23	236
23	241
23	245
23	250
23	255
23	260
23	266
23	272
23	278
23	285
23	293
23	301
23	310
23	319
23	328
23	337
23	346
23	354
23	362
23	370
23	379
23	388
23	398
23	409
24	137
24	145
24	151
24	156
24	161
24	165
24	170
24	173
24	177
24	181
24	184
24	188
24	192
24	195
24	199
24	203
24	207
24	211
24	215
24	219
24	223
24	227
24	231
24	236
24	240
24	245
24	249
24	254
24	259
24	264
24	269
24	275
24	281
24	287
24	294
24	301
24	308
24	316
24	324
24	331
24	338
24	345
24	352
24	359
24	366
24	373
24	381
24	389
24	397
24	406
24	416
25	136
25	143
25	150
25	154
25	159
25	163
25	167
25	171
25	174
25	178
25	181
25	184
25	188
25	191
25	194
25	198
25	201
25	205
25	208
25	212
25	216
25	219
25	224
25	227
25	232
25	236
25	240
25	245
25	249
25	254
25	258
25	263
25	268
25	273
25	279
25	285
25	291
25	298
25	305
25	312
25	319
25	326
25	333
25	340
25	347
25	354
25	362
25	370
25	378
25	386
25	395
25	404
25	414
25	425
26	138
26	147
26	153
26	159
26	162
26	167
26	170
26	173
26	176
26	179
26	182
26	184
26	187
26	190
26	192
26	195
26	198
26	200
26	203
26	206
26	208
26	211
26	214
26	217
26	220
26	223
26	226
26	229
26	233
26	236
26	239
26	243
26	246
26	250
26	254
26	258
26	262
26	267
26	271
26	276
26	281
26	287
26	293
26	299
26	306
26	313
26	320
26	328
26	336
26	344
26	352
26	360
26	369
26	378
26	387
26	396
26	406
26	417
27	147
27	156
27	163
27	170
27	175
27	180
27	183
27	188
27	191
27	195
27	199
27	202
27	206
27	209
27	213
27	216
27	220
27	224
27	227
27	231
27	235
27	239
27	243
27	247
27	251
27	256
27	260
27	265
27	270
27	275
27	280
27	286
27	292
27	298
27	304
27	311
27	318
27	325
27	332
27	340
27	348
27	356
27	365
27	374
27	383
27	392
27	402
27	413
28	156
28	166
28	174
28	181
28	187
28	192
28	197
28	202
28	207
28	211
28	216
28	220
28	225
28	229
28	234
28	238
28	243
28	247
28	252
28	257
28	262
28	267
28	272
28	278
28	284
28	290
28	296
28	303
28	310
28	317
28	325
28	333
28	342
28	351
28	361
28	371
28	381
28	391
28	402
28	414
29	159
29	169
29	176
29	182
29	187
29	192
29	195
29	200
29	202
29	206
29	209
29	212
29	215
29	218
29	221
29	224
29	227
29	230
29	234
29	237
29	240
29	244
29	247
29	251
29	254
29	258
29	262
29	266
29	270
29	275
29	279
29	284
29	289
29	295
29	301
29	307
29	314
29	321
29	329
29	338
29	348
29	358
29	369
29	381
29	393
29	406
30	172
30	181
30	189
30	193
30	198
30	202
30	205
30	209
30	212
30	214
30	218
30	221
30	223
30	227
30	229
30	232
30	235
30	238
30	241
30	244
30	247
30	250
30	254
30	257
30	260
30	264
30	267
30	271
30	275
30	279
30	284
30	288
30	294
30	299
30	305
30	311
30	317
30	324
30	332
30	340
30	349
30	360
30	372
30	384
30	396
30	408
30	422
31	190
31	200
31	208
31	214
31	220
31	225
31	230
31	235
31	240
31	244
31	249
31	254
31	259
31	264
31	269
31	275
31	281
31	287
31	294
31	301
31	309
31	318
31	328
32	187
32	197
32	204
32	211
32	217
32	223
32	229
32	234
32	239
32	244
32	249
32	254
32	259
32	265
32	270
32	276
32	282
32	289
32	296
32	304
32	313
32	323
32	335
33	188
33	198
33	204
33	210
33	214
33	219
33	223
33	227
33	231
33	235
33	239
33	243
33	247
33	251
33	256
33	260
33	265
33	270
33	275
33	281
33	287
33	293
33	300
33	307
33	315
33	324
33	335
33	402
33	413
33	424
33	435
33	447
34	197
34	207
34	214
34	220
34	224
34	229
34	233
34	237
34	241
34	245
34	249
34	253
34	257
34	262
34	266
34	271
34	276
34	282
34	288
34	295
34	303
34	312
34	323
35	177
35	188
35	198
35	207
35	215
35	222
35	229
35	235
35	241
35	247
35	253
35	259
35	265
35	272
35	279
35	287
35	296
35	306
35	438
36	186
36	196
36	205
36	213
36	221
36	228
36	235
36	242
36	249
36	256
36	263
36	270
36	278
36	286
36	295
36	305
36	417
36	428
36	438
36	448
36	459
36	470
36	483
37	207
37	217
37	225
37	232
37	239
37	245
37	251
37	257
37	263
37	269
37	275
37	282
37	289
37	297
37	306
37	316
37	417
37	428
37	439
37	449
37	459
37	469
37	480
37	493
38	206
38	217
38	227
38	235
38	242
38	248
38	254
38	259
38	265
38	270
38	276
38	282
38	288
38	295
38	302
38	310
38	319
38	329
38	344
38	412
38	424
38	435
38	445
38	455
38	465
38	475
38	485
38	496
39	190
39	202
39	214
39	225
39	235
39	243
39	251
39	258
39	265
39	272
39	279
39	286
39	293
39	301
39	310
39	320
39	331
39	397
39	408
39	418
39	427
39	436
39	445
39	454
39	463
39	472
39	481
39	491
39	503
40	227
40	238
40	248
40	257
40	265
40	273
40	281
40	289
40	297
40	305
40	314
40	324
40	335
40	347
40	386
40	396
40	405
40	413
40	421
40	429
40	437
40	445
40	453
40	461
40	469
40	477
40	486
40	496
40	507
41	237
41	247
41	255
41	262
41	269
41	275
41	281
41	287
41	293
41	299
41	305
41	311
41	317
41	324
41	331
41	338
41	346
41	354
41	363
41	372
41	381
41	390
41	398
41	406
41	414
41	422
41	430
41	438
41	446
41	454
41	462
41	470
41	479
41	488
41	498
41	509
41	522
42	238
42	248
42	255
42	261
42	266
42	271
42	275
42	280
42	284
42	288
42	292
42	296
42	300
42	304
42	308
42	312
42	317
42	321
42	326
42	330
42	335
42	340
42	345
42	351
42	357
42	363
42	369
42	376
42	382
42	389
42	395
42	401
42	407
42	413
42	419
42	426
42	433
42	440
42	447
42	454
42	462
42	470
42	478
42	487
42	497
42	508
43	212
43	223
43	233
43	242
43	250
43	257
43	263
43	269
43	273
43	278
43	282
43	286
43	290
43	294
43	298
43	302
43	306
43	310
43	314
43	318
43	322
43	327
43	331
43	336
43	341
43	346
43	351
43	356
43	362
43	367
43	373
43	378
43	383
43	388
43	393
43	398
43	402
43	407
43	411
43	415
43	419
43	424
43	428
43	433
43	437
43	442
43	447
43	452
43	458
43	464
43	470
43	477
43	484
43	492
43	501
43	511
44	199
44	210
44	219
44	227
44	234
44	241
44	248
44	255
44	261
44	267
44	273
44	279
44	285
44	291
44	297
44	303
44	309
44	315
44	321
44	327
44	333
44	339
44	345
44	351
44	357
44	362
44	367
44	372
44	377
44	381
44	385
44	389
44	392
44	396
44	399
44	402
44	405
44	409
44	411
44	415
44	417
44	421
44	423
44	427
44	429
44	433
44	436
44	439
44	443
44	446
44	450
44	454
44	458
44	463
44	467
44	472
44	477
44	483
44	489
44	496
44	505
44	515
45	187
45	198
45	209
45	218
45	226
45	233
45	240
45	246
45	252
45	257
45	262
45	267
45	272
45	277
45	282
45	287
45	292
45	297
45	302
45	307
45	312
45	317
45	322
45	327
45	332
45	337
45	341
45	346
45	350
45	354
45	358
45	362
45	365
45	369
45	372
45	375
45	378
45	381
45	384
45	387
45	390
45	393
45	396
45	399
45	402
45	405
45	408
45	411
45	415
45	417
45	421
45	424
45	428
45	431
45	435
45	439
45	443
45	447
45	452
45	456
45	461
45	466
45	472
45	478
45	485
45	493
45	502
45	514
46	166
46	176
46	185
46	193
46	201
46	209
46	217
46	225
46	232
46	239
46	245
46	251
46	256
46	261
46	266
46	270
46	274
46	278
46	282
46	286
46	290
46	293
46	297
46	300
46	304
46	307
46	311
46	314
46	318
46	321
46	324
46	328
46	331
46	334
46	337
46	340
46	343
46	346
46	349
46	352
46	354
46	358
46	360
46	363
46	366
46	368
46	371
46	374
46	377
46	379
46	383
46	385
46	389
46	392
46	395
46	399
46	402
46	406
46	410
46	414
46	418
46	423
46	428
46	433
46	439
46	445
46	451
46	458
46	466
46	474
46	483
46	493
47	158
47	167
47	174
47	180
47	186
47	191
47	196
47	201
47	206
47	211
47	216
47	221
47	226
47	231
47	237
47	242
47	248
47	253
47	259
47	264
47	269
47	273
47	278
47	282
47	285
47	290
47	292
47	296
47	299
47	302
47	305
47	309
47	311
47	315
47	317
47	321
47	323
47	327
47	329
47	333
47	335
47	339
47	342
47	345
47	348
47	352
47	355
47	359
47	363
47	367
47	371
47	376
47	380
47	385
47	389
47	394
47	399
47	404
47	409
47	414
47	420
47	426
47	432
47	438
47	445
47	452
47	459
47	467
47	475
47	484
47	494
48	158
48	167
48	174
48	180
48	185
48	190
48	194
48	199
48	203
48	207
48	211
48	215
48	219
48	223
48	227
48	231
48	235
48	239
48	244
48	248
48	253
48	258
48	263
48	268
48	273
48	278
48	283
48	288
48	293
48	298
48	303
48	308
48	314
48	319
48	325
48	331
48	338
48	345
48	352
48	360
48	368
48	375
48	382
48	388
48	394
48	399
48	404
48	409
48	413
48	418
48	422
48	427
48	431
48	436
48	441
48	446
48	451
48	457
48	463
48	469
48	476
48	483
48	491
48	500
48	511
49	181
49	191
49	200
49	208
49	215
49	222
49	228
49	233
49	239
49	244
49	249
49	254
49	259
49	264
49	269
49	274
49	279
49	284
49	290
49	295
49	301
49	307
49	313
49	320
49	327
49	334
49	341
49	348
49	355
49	362
49	369
49	375
49	381
49	385
49	390
49	394
49	398
49	402
49	406
49	410
49	413
49	417
49	420
49	424
49	427
49	431
49	434
49	438
49	442
49	446
49	450
49	455
49	459
49	464
49	469
49	475
49	481
49	488
49	496
49	505
49	515
50	216
50	227
50	236
50	243
50	250
50	255
50	261
50	265
50	270
50	274
50	279
50	283
50	288
50	292
50	296
50	300
50	304
50	308
50	313
50	317
50	322
50	326
50	331
50	335
50	340
50	344
50	349
50	353
50	358
50	362
50	366
50	371
50	375
50	379
50	383
50	387
50	392
50	396
50	401
50	405
50	410
50	415
50	420
50	425
50	430
50	436
50	442
50	448
50	455
50	462
50	470
50	479
50	489
51	178
51	189
51	199
51	208
51	217
51	226
51	235
51	243
51	250
51	257
51	262
51	267
51	272
51	276
51	281
51	284
51	288
51	292
51	295
51	299
51	302
51	305
51	309
51	312
51	315
51	319
51	322
51	325
51	329
51	332
51	336
51	339
51	343
51	346
51	350
51	354
51	358
51	362
51	367
51	371
51	376
51	381
51	387
51	393
51	399
51	406
51	413
51	421
51	429
51	437
51	446
51	455
51	464
51	474
51	485
52	163
52	173
52	181
52	188
52	195
52	201
52	207
52	213
52	219
52	225
52	231
52	237
52	243
52	249
52	255
52	261
52	267
52	273
52	279
52	285
52	290
52	295
52	300
52	305
52	310
52	315
52	320
52	326
52	332
52	338
52	345
52	353
52	362
52	372
52	383
52	395
52	406
52	417
52	427
52	437
52	447
52	457
52	467
52	477
52	488
53	167
53	176
53	184
53	191
53	197
53	202
53	207
53	212
53	216
53	221
53	225
53	229
53	233
53	237
53	241
53	245
53	249
53	253
53	257
53	262
53	266
53	271
53	276
53	281
53	287
53	293
53	299
53	306
53	313
53	321
53	330
53	343
53	396
53	406
53	414
53	422
53	430
53	438
53	446
53	455
53	464
53	473
53	483
53	494
54	189
54	199
54	208
54	215
54	221
54	226
54	231
54	234
54	239
54	242
54	246
54	250
54	253
54	257
54	260
54	264
54	267
54	271
54	274
54	278
54	281
54	285
54	289
54	293
54	297
54	301
54	305
54	309
54	314
54	319
54	325
54	331
54	337
54	344
54	352
54	361
54	371
54	381
54	390
54	398
54	405
54	412
54	418
54	424
54	430
54	436
54	443
54	450
54	457
54	465
54	473
54	482
54	493
55	207
55	218
55	226
55	232
55	237
55	242
55	245
55	250
55	252
55	256
55	259
55	262
55	265
55	268
55	271
55	273
55	276
55	279
55	281
55	284
55	287
55	289
55	292
55	295
55	297
55	300
55	303
55	305
55	308
55	311
55	314
55	317
55	320
55	324
55	327
55	331
55	335
55	339
55	344
55	348
55	354
55	359
55	366
55	373
55	381
55	389
55	397
55	406
55	415
55	424
55	434
55	444
56	172
56	183
56	192
56	201
56	210
56	219
56	228
56	236
56	243
56	249
56	253
56	258
56	262
56	264
56	269
56	271
56	274
56	277
56	280
56	282
56	285
56	287
56	290
56	292
56	294
56	297
56	299
56	301
56	303
56	306
56	308
56	310
56	313
56	315
56	317
56	320
56	323
56	325
56	328
56	331
56	334
56	337
56	340
56	344
56	347
56	351
56	356
56	360
56	366
56	371
56	377
56	384
56	392
56	401
56	412
57	159
57	168
57	176
57	183
57	189
57	194
57	200
57	205
57	210
57	215
57	220
57	225
57	230
57	236
57	242
57	248
57	254
57	260
57	266
57	272
57	277
57	282
57	287
57	291
57	295
57	299
57	303
57	307
57	311
57	315
57	319
57	324
57	328
57	334
57	339
57	345
57	352
57	360
57	369
57	379
57	389
57	401
58	154
58	162
58	169
58	174
58	179
58	183
58	187
58	191
58	193
58	197
58	200
58	203
58	206
58	209
58	212
58	215
58	218
58	221
58	224
58	227
58	230
58	233
58	236
58	239
58	243
58	246
58	250
58	254
58	258
58	263
58	267
58	273
58	278
58	285
58	292
58	300
58	309
58	319
58	390
58	402
58	415
59	157
59	164
59	171
59	175
59	180
59	183
59	187
59	190
59	192
59	196
59	198
59	201
59	203
59	205
59	208
59	210
59	212
59	214
59	217
59	218
59	221
59	223
59	225
59	227
59	229
59	231
59	234
59	235
59	238
59	240
59	242
59	245
59	247
59	249
59	252
59	255
59	257
59	260
59	263
59	266
59	269
59	272
59	276
59	279
59	283
59	287
59	291
59	296
59	300
59	305
59	310
59	316
59	322
59	329
59	337
59	346
59	356
59	368
59	378
59	386
59	393
59	400
59	407
59	414
59	421
59	429
59	437
59	447
60	173
60	183
60	191
60	197
60	202
60	206
60	211
60	213
60	217
60	221
60	222
60	226
60	229
60	231
60	234
60	236
60	239
60	241
60	244
60	246
60	249
60	251
60	254
60	256
60	259
60	261
60	264
60	267
60	269
60	272
60	275
60	278
60	281
60	284
60	287
60	290
60	294
60	297
60	300
60	304
60	307
60	311
60	315
60	318
60	323
60	327
60	332
60	337
60	342
60	348
60	355
60	362
60	370
60	378
60	384
60	390
60	396
60	402
60	408
60	414
60	420
60	426
60	433
60	441
60	450
60	461
61	216
61	225
61	232
61	238
61	243
61	248
61	252
61	256
61	260
61	264
61	268
61	271
61	275
61	278
61	282
61	285
61	288
61	292
61	294
61	298
61	301
61	304
61	307
61	310
61	313
61	316
61	319
61	322
61	325
61	328
61	332
61	335
61	339
61	343
61	347
61	352
61	357
61	362
61	368
61	374
61	381
61	388
61	396
61	404
61	413
61	424
62	172
62	185
62	248
62	258
62	267
62	274
62	281
62	287
62	292
62	297
62	302
62	306
62	311
62	314
62	318
62	322
62	326
62	330
62	334
62	338
62	343
62	347
62	353
62	358
62	364
62	371
62	379
62	388
62	399
63	161
63	171
63	181
63	190
63	199
63	208
63	218
63	229
63	319
63	333
64	158
64	167
64	174
64	181
64	187
64	193
64	199
64	205
64	211
64	217
64	223
64	229
64	236
64	243
64	251
64	260
64	270
65	160
65	169
65	175
65	181
65	186
65	191
65	195
65	200
65	203
65	208
65	211
65	216
65	219
65	224
65	227
65	232
65	236
65	240
65	245
65	249
65	254
65	259
65	265
65	271
65	277
65	284
65	291
65	299
65	308
65	318
65	329
65	341
65	354
66	169
66	179
66	187
66	194
66	201
66	207
66	212
66	217
66	222
66	227
66	231
66	236
66	240
66	245
66	249
66	254
66	258
66	263
66	267
66	272
66	277
66	282
66	287
66	292
66	297
66	303
66	309
66	315
66	322
66	329
66	336
66	343
66	350
66	357
66	365
66	373
66	382
66	391
66	402
67	227
67	237
67	246
67	254
67	261
67	268
67	274
67	280
67	286
67	292
67	298
67	304
67	310
67	316
67	322
67	328
67	334
67	340
67	346
67	353
67	360
67	367
67	375
67	383
67	392
67	402
68	287
68	299
68	310
68	321
68	332
68	343
68	355
69	170
69	181
69	192
69	203
69	214
70	161
70	171
70	180
70	188
70	195
70	202
70	209
70	216
70	223
70	230
70	238
70	246
70	255
70	264
70	274
70	285
70	367
70	378
70	389
70	399
70	409
70	420
71	157
71	165
71	172
71	177
71	182
71	187
71	191
71	195
71	199
71	203
71	207
71	211
71	215
71	219
71	223
71	227
71	231
71	235
71	239
71	243
71	247
71	251
71	256
71	260
71	265
71	270
71	275
71	280
71	286
71	292
71	298
71	305
71	312
71	319
71	326
71	333
71	340
71	347
71	354
71	361
71	368
71	374
71	380
71	386
71	392
71	397
71	403
71	408
71	414
71	419
71	425
71	431
71	437
71	444
71	452
71	461
72	152
72	161
72	166
72	171
72	174
72	178
72	182
72	183
72	187
72	190
72	192
72	195
72	198
72	200
72	202
72	205
72	207
72	209
72	212
72	214
72	216
72	218
72	221
72	223
72	225
72	227
72	230
72	232
72	234
72	236
72	239
72	241
72	243
72	246
72	248
72	250
72	253
72	255
72	258
72	260
72	263
72	265
72	268
72	270
72	273
72	276
72	278
72	281
72	284
72	287
72	290
72	293
72	296
72	299
72	303
72	306
72	309
72	313
72	316
72	320
72	324
72	327
72	331
72	335
72	338
72	342
72	345
72	349
72	352
72	356
72	359
72	363
72	366
72	369
72	372
72	375
72	378
72	381
72	384
72	387
72	390
72	393
72	396
72	399
72	402
72	404
72	408
72	410
72	413
72	416
72	419
72	422
72	425
72	428
72	431
72	435
72	438
72	442
72	446
72	450
72	455
72	459
72	465
72	471
72	478
72	486
72	496
73	152
73	161
73	166
73	171
73	174
73	179
73	182
73	184
73	188
73	191
73	193
73	196
73	199
73	201
73	203
73	206
73	208
73	210
73	212
73	214
73	217
73	218
73	221
73	222
73	225
73	227
73	229
73	231
73	233
73	235
73	237
73	239
73	241
73	243
73	245
73	247
73	249
73	251
73	253
73	255
73	257
73	259
73	261
73	263
73	265
73	267
73	269
73	271
73	273
73	275
73	277
73	279
73	281
73	284
73	285
73	288
73	290
73	292
73	294
73	297
73	298
73	301
73	303
73	305
73	308
73	310
73	312
73	315
73	317
73	319
73	322
73	324
73	326
73	329
73	331
73	333
73	336
73	338
73	340
73	343
73	345
73	347
73	350
73	352
73	354
73	357
73	359
73	361
73	363
73	366
73	368
73	370
73	372
73	374
73	377
73	378
73	381
73	383
73	385
73	387
73	389
73	391
73	393
73	395
73	397
73	399
73	401
73	403
73	405
73	407
73	409
73	412
73	413
73	416
73	418
73	420
73	423
73	425
73	427
73	430
73	432
73	435
73	437
73	440
73	443
73	446
73	449
73	453
73	456
73	460
73	465
73	469
73	475
73	481
73	488
73	496
73	507
74	167
74	177
74	186
74	194
74	201
74	208
74	214
74	220
74	225
74	231
74	235
74	240
74	244
74	249
74	253
74	257
74	261
74	265
74	269
74	272
74	276
74	279
74	283
74	286
74	290
74	293
74	296
74	300
74	302
74	306
74	309
74	312
74	315
74	318
74	321
74	324
74	327
74	330
74	333
74	336
74	339
74	342
74	345
74	348
74	351
74	354
74	357
74	360
74	363
74	366
74	369
74	372
74	375
74	378
74	381
74	384
74	387
74	390
74	394
74	397
74	401
74	404
74	408
74	412
74	416
74	420
74	425
74	429
74	434
74	439
74	445
74	452
74	460
74	469
-1	-1
