-1	-1
7	370
7	382
7	394
7	406
7	418
7	429
7	441
7	453
7	466
8	331
8	342
8	351
8	360
8	368
8	376
8	384
8	392
8	400
8	408
8	416
8	424
8	432
8	440
8	448
8	456
8	464
8	472
8	480
8	488
8	497
8	506
8	515
8	525
8	536
9	320
9	330
9	338
9	346
9	353
9	360
9	366
9	372
9	378
9	384
9	390
9	396
9	402
9	408
9	414
9	420
9	426
9	432
9	438
9	443
9	449
9	455
9	461
9	467
9	473
9	479
9	485
9	491
9	497
9	503
9	509
9	515
9	522
9	529
9	537
9	546
9	556
9	567
10	320
10	330
10	338
10	345
10	352
10	358
10	364
10	370
10	375
10	381
10	386
10	392
10	397
10	403
10	408
10	413
10	418
10	423
10	428
10	433
10	438
10	443
10	447
10	452
10	456
10	461
10	465
10	470
10	475
10	479
10	484
10	488
10	493
10	497
10	502
10	506
10	511
10	516
10	521
10	526
10	531
10	537
10	543
10	549
10	556
10	563
10	571
10	580
10	590
11	318
11	327
11	335
11	342
11	349
11	355
11	361
11	367
11	373
11	378
11	384
11	389
11	395
11	400
11	406
11	411
11	416
11	421
11	426
11	431
11	436
11	441
11	446
11	451
11	456
11	461
11	466
11	471
11	476
11	481
11	485
11	490
11	494
11	498
11	502
11	506
11	510
11	514
11	518
11	522
11	526
11	530
11	535
11	539
11	544
11	549
11	555
11	560
11	566
11	573
11	580
11	588
11	597
11	607
11	617
11	629
12	321
12	331
12	340
12	348
12	355
12	362
12	369
12	376
12	383
12	390
12	397
12	404
12	411
12	418
12	425
12	432
12	439
12	447
12	454
12	461
12	468
12	475
12	482
12	488
12	494
12	500
12	505
12	510
12	515
12	520
12	525
12	530
12	535
12	540
12	545
12	550
12	555
12	560
12	566
12	572
12	578
12	585
12	592
12	600
12	608
12	617
12	627
12	637
13	327
13	337
13	346
13	354
13	362
13	370
13	378
13	386
13	394
13	402
13	411
13	420
13	429
13	438
13	447
13	456
13	465
13	474
13	483
13	491
13	499
13	506
13	513
13	520
13	526
13	532
13	538
13	544
13	551
13	558
13	565
13	572
13	579
13	587
13	595
13	604
13	614
13	624
13	635
14	327
14	337
14	345
14	353
14	361
14	369
14	376
14	383
14	391
14	399
14	407
14	415
14	424
14	433
14	442
14	451
14	461
14	471
14	481
14	490
14	499
14	508
14	517
14	526
14	535
14	545
14	556
14	568
15	320
15	329
15	337
15	343
15	349
15	355
15	361
15	367
15	373
15	379
15	385
15	391
15	397
15	403
15	409
15	416
15	423
15	430
15	437
15	445
15	453
15	461
15	469
15	477
15	485
15	493
15	502
15	511
15	520
15	529
15	539
16	316
16	325
16	332
16	339
16	345
16	351
16	356
16	361
16	366
16	371
16	376
16	381
16	386
16	391
16	396
16	401
16	406
16	411
16	417
16	422
16	428
16	434
16	440
16	446
16	452
16	459
16	466
16	473
16	480
16	487
16	494
16	501
16	508
16	515
16	523
16	531
16	540
16	550
17	319
17	328
17	336
17	343
17	349
17	354
17	360
17	364
17	369
17	373
17	378
17	382
17	386
17	390
17	394
17	398
17	403
17	407
17	412
17	416
17	421
17	425
17	430
17	435
17	440
17	445
17	450
17	455
17	460
17	466
17	471
17	477
17	482
17	488
17	493
17	499
17	505
17	511
17	517
17	523
17	530
17	537
17	545
17	555
18	318
18	328
18	336
18	343
18	349
18	355
18	360
18	365
18	370
18	375
18	380
18	384
18	389
18	393
18	397
18	401
18	405
18	409
18	413
18	417
18	421
18	425
18	429
18	433
18	437
18	441
18	445
18	449
18	453
18	457
18	461
18	465
18	469
18	473
18	477
18	481
18	485
18	489
18	493
18	497
18	501
18	505
18	509
18	514
18	518
18	523
18	528
18	533
18	538
18	544
18	551
18	558
18	567
18	578
19	327
19	337
19	345
19	353
19	360
19	366
19	372
19	378
19	383
19	388
19	393
19	397
19	402
19	406
19	410
19	414
19	418
19	422
19	426
19	430
19	433
19	437
19	441
19	444
19	448
19	451
19	455
19	458
19	462
19	465
19	469
19	472
19	476
19	479
19	483
19	486
19	490
19	493
19	497
19	500
19	504
19	507
19	511
19	515
19	519
19	523
19	527
19	531
19	536
19	540
19	545
19	550
19	556
19	563
19	570
19	579
19	590
20	322
20	332
20	341
20	349
20	356
20	362
20	368
20	374
20	379
20	384
20	389
20	393
20	398
20	402
20	406
20	410
20	414
20	418
20	422
20	426
20	430
20	433
20	437
20	440
20	444
20	447
20	451
20	454
20	457
20	461
20	463
20	467
20	470
20	473
20	476
20	479
20	482
20	485
20	488
20	491
20	495
20	497
20	501
20	504
20	508
20	511
20	515
20	518
20	522
20	526
20	530
20	534
20	538
20	543
20	548
20	553
20	559
20	566
20	573
20	581
20	591
21	317
21	327
21	334
21	341
21	347
21	353
21	358
21	363
21	368
21	373
21	377
21	382
21	386
21	391
21	394
21	399
21	403
21	407
21	411
21	415
21	419
21	423
21	427
21	431
21	435
21	439
21	442
21	446
21	450
21	453
21	457
21	460
21	464
21	467
21	471
21	474
21	478
21	481
21	485
21	488
21	492
21	495
21	499
21	503
21	507
21	511
21	515
21	519
21	524
21	528
21	534
21	539
21	545
21	552
21	560
21	569
21	579
22	312
22	321
22	329
22	335
22	341
22	345
22	350
22	354
22	358
22	362
22	366
22	370
22	373
22	377
22	380
22	383
22	386
22	390
22	392
22	396
22	399
22	402
22	405
22	408
22	412
22	415
22	418
22	422
22	425
22	428
22	432
22	435
22	439
22	442
22	446
22	449
22	453
22	456
22	460
22	464
22	467
22	471
22	475
22	479
22	483
22	487
22	491
22	496
22	500
22	505
22	510
22	516
22	522
22	528
22	535
22	543
22	552
22	563
23	309
23	317
23	323
23	328
23	332
23	336
23	340
23	342
23	346
23	349
23	351
23	354
23	357
23	359
23	362
23	363
23	366
23	368
23	371
23	372
23	374
23	377
23	378
23	381
23	382
23	384
23	386
23	388
23	390
23	392
23	394
23	395
23	398
23	399
23	401
23	403
23	405
23	407
23	409
23	411
23	413
23	415
23	417
23	419
23	422
23	424
23	426
23	428
23	431
23	433
23	436
23	438
23	441
23	444
23	446
23	449
23	452
23	455
23	458
23	461
23	465
23	468
23	472
23	476
23	479
23	484
23	488
23	493
23	498
23	503
23	509
23	515
23	522
23	529
23	537
23	547
24	308
24	315
24	321
24	324
24	329
24	332
24	335
24	339
24	341
24	343
24	346
24	349
24	351
24	352
24	355
24	357
24	359
24	361
24	363
24	365
24	367
24	369
24	371
24	373
24	375
24	377
24	379
24	381
24	382
24	385
24	386
24	388
24	390
24	392
24	394
24	396
24	398
24	400
24	402
24	404
24	406
24	408
24	410
24	412
24	414
24	416
24	418
24	420
24	423
24	425
24	427
24	430
24	432
24	435
24	437
24	440
24	443
24	446
24	448
24	452
24	455
24	458
24	462
24	465
24	469
24	473
24	477
24	481
24	486
24	491
24	496
24	502
24	508
24	515
24	522
24	530
24	539
25	309
25	317
25	323
25	328
25	332
25	336
25	340
25	343
25	347
25	351
25	354
25	358
25	361
25	364
25	368
25	371
25	374
25	377
25	380
25	383
25	386
25	389
25	391
25	394
25	397
25	399
25	402
25	404
25	407
25	409
25	411
25	414
25	416
25	418
25	421
25	423
25	426
25	428
25	430
25	433
25	436
25	438
25	441
25	444
25	446
25	449
25	452
25	455
25	458
25	461
25	465
25	468
25	472
25	476
25	480
25	485
25	489
25	494
25	499
25	505
25	511
25	518
25	526
25	535
25	545
26	316
26	324
26	331
26	336
26	342
26	346
26	351
26	356
26	360
26	365
26	369
26	373
26	377
26	381
26	384
26	388
26	391
26	394
26	398
26	401
26	403
26	407
26	409
26	412
26	415
26	417
26	420
26	423
26	425
26	428
26	431
26	434
26	437
26	440
26	443
26	446
26	449
26	453
26	456
26	460
26	464
26	468
26	472
26	477
26	481
26	486
26	491
26	497
26	503
26	510
26	518
26	527
26	537
27	318
27	328
27	336
27	343
27	350
27	356
27	362
27	368
27	373
27	379
27	384
27	389
27	393
27	398
27	402
27	406
27	410
27	413
27	417
27	420
27	423
27	426
27	430
27	432
27	436
27	439
27	442
27	446
27	449
27	453
27	456
27	460
27	464
27	468
27	472
27	477
27	482
27	487
27	493
27	499
27	506
27	513
27	521
27	530
27	541
28	318
28	328
28	336
28	343
28	349
28	354
28	360
28	364
28	369
28	374
28	378
28	383
28	387
28	391
28	395
28	399
28	402
28	406
28	409
28	412
28	415
28	418
28	421
28	423
28	426
28	429
28	431
28	434
28	437
28	439
28	442
28	445
28	448
28	450
28	454
28	456
28	460
28	463
28	466
28	470
28	474
28	477
28	482
28	486
28	490
28	495
28	500
28	506
28	512
28	518
28	525
28	533
28	542
28	553
29	132
29	144
29	155
29	167
29	178
29	189
29	204
29	318
29	328
29	336
29	343
29	350
29	356
29	362
29	368
29	374
29	380
29	386
29	392
29	398
29	404
29	410
29	415
29	420
29	425
29	430
29	434
29	438
29	442
29	446
29	450
29	453
29	457
29	461
29	465
29	469
29	473
29	477
29	481
29	486
29	490
29	495
29	500
29	505
29	510
29	516
29	522
29	528
29	535
29	543
29	552
29	561
29	571
29	582
29	593
29	606
30	128
30	139
30	149
30	159
30	169
30	179
30	189
30	199
30	210
30	223
30	320
30	330
30	339
30	348
30	357
30	366
30	375
30	384
30	393
30	402
30	410
30	417
30	423
30	429
30	433
30	438
30	442
30	446
30	450
30	453
30	457
30	460
30	464
30	467
30	471
30	475
30	478
30	482
30	486
30	490
30	494
30	498
30	503
30	507
30	512
30	517
30	522
30	528
30	534
30	540
30	547
30	554
30	561
30	569
30	578
30	587
30	596
30	606
30	616
30	627
30	639
31	137
31	149
31	160
31	171
31	181
31	191
31	202
31	214
31	330
31	341
31	351
31	361
31	371
31	381
31	391
31	400
31	409
31	417
31	424
31	431
31	437
31	443
31	448
31	453
31	458
31	462
31	466
31	470
31	474
31	478
31	482
31	486
31	490
31	494
31	498
31	503
31	507
31	512
31	516
31	521
31	525
31	530
31	535
31	540
31	545
31	550
31	556
31	561
31	567
31	573
31	580
31	587
31	594
31	602
31	610
31	619
31	628
31	637
31	647
31	657
31	669
32	180
32	193
32	207
32	350
32	362
32	373
32	383
32	392
32	401
32	409
32	417
32	424
32	430
32	436
32	441
32	445
32	450
32	453
32	457
32	461
32	463
32	467
32	470
32	472
32	475
32	478
32	481
32	483
32	486
32	489
32	491
32	494
32	497
32	499
32	503
32	505
32	508
32	511
32	514
32	517
32	520
32	524
32	527
32	530
32	534
32	537
32	541
32	545
32	549
32	553
32	557
32	562
32	566
32	571
32	576
32	582
32	588
32	595
32	602
32	609
32	617
32	625
32	633
32	641
32	650
32	659
32	669
32	680
33	342
33	353
33	363
33	372
33	380
33	388
33	395
33	402
33	409
33	415
33	421
33	426
33	431
33	435
33	440
33	443
33	447
33	451
33	453
33	457
33	460
33	462
33	465
33	468
33	470
33	472
33	475
33	477
33	480
33	482
33	484
33	487
33	489
33	491
33	494
33	496
33	499
33	501
33	504
33	506
33	509
33	512
33	514
33	517
33	520
33	523
33	526
33	529
33	533
33	536
33	540
33	544
33	548
33	553
33	557
33	562
33	567
33	573
33	579
33	586
33	593
33	600
33	608
33	616
33	623
33	630
33	637
33	644
33	651
33	658
33	666
33	674
33	683
33	693
34	347
34	358
34	369
34	379
34	389
34	399
34	409
34	418
34	427
34	435
34	443
34	450
34	457
34	463
34	469
34	474
34	480
34	484
34	489
34	493
34	498
34	502
34	506
34	510
34	514
34	518
34	522
34	526
34	530
34	534
34	538
34	543
34	547
34	552
34	557
34	562
34	567
34	573
34	578
34	584
34	590
34	596
34	603
34	609
34	615
34	621
34	627
34	633
34	639
34	645
34	651
34	657
34	664
34	671
34	679
34	688
34	698
35	400
35	412
35	423
35	432
35	440
35	447
35	453
35	459
35	464
35	469
35	473
35	478
35	481
35	485
35	489
35	492
35	495
35	498
35	501
35	503
35	506
35	509
35	511
35	514
35	517
35	519
35	522
35	525
35	527
35	530
35	533
35	536
35	539
35	542
35	545
35	548
35	552
35	555
35	559
35	563
35	567
35	571
35	575
35	579
35	584
35	589
35	594
35	599
35	605
35	610
35	615
35	620
35	625
35	630
35	636
35	642
35	648
35	655
35	662
35	670
35	679
35	689
36	358
36	369
36	380
36	390
36	400
36	409
36	418
36	426
36	433
36	440
36	446
36	451
36	456
36	461
36	465
36	469
36	473
36	476
36	480
36	482
36	486
36	489
36	491
36	494
36	497
36	499
36	502
36	504
36	507
36	509
36	512
36	514
36	517
36	519
36	522
36	525
36	527
36	530
36	533
36	536
36	539
36	542
36	546
36	549
36	553
36	557
36	561
36	566
36	570
36	575
36	580
36	586
36	591
36	597
36	603
36	609
36	615
36	621
36	627
36	633
36	639
36	646
36	653
36	661
36	670
36	680
37	418
37	430
37	442
37	453
37	463
37	472
37	481
37	489
37	496
37	503
37	509
37	515
37	521
37	526
37	531
37	536
37	541
37	546
37	551
37	557
37	563
37	569
37	575
37	581
37	588
37	594
37	601
37	608
37	614
37	620
37	626
37	633
37	640
37	647
37	655
37	663
37	672
37	683
38	471
38	482
38	491
38	499
38	505
38	511
38	515
38	520
38	523
38	528
38	531
38	535
38	539
38	542
38	546
38	549
38	553
38	557
38	561
38	565
38	569
38	574
38	578
38	583
38	588
38	593
38	599
38	605
38	611
38	617
38	623
38	630
38	637
38	644
38	651
38	659
38	668
38	678
39	467
39	477
39	485
39	492
39	498
39	503
39	508
39	512
39	516
39	520
39	523
39	527
39	531
39	534
39	538
39	542
39	546
39	549
39	554
39	557
39	562
39	566
39	571
39	576
39	582
39	588
39	595
39	602
39	610
39	618
39	627
39	636
39	645
39	654
39	664
39	675
40	490
40	501
40	510
40	519
40	528
40	537
40	547
40	626
40	637
40	648
40	659
40	671
42	379
42	391
42	402
42	413
42	424
42	435
42	447
43	352
43	363
43	373
43	382
43	391
43	399
43	407
43	415
43	423
43	431
43	439
43	448
43	458
43	468
43	479
44	362
44	374
44	385
44	397
44	410
45	530
45	543
46	489
46	501
46	512
46	522
46	532
46	542
46	552
46	562
46	574
47	449
47	461
47	472
47	483
47	494
47	504
47	514
47	525
47	536
48	421
48	433
48	444
48	454
48	464
48	474
48	484
48	493
48	502
48	511
48	520
48	529
48	539
49	380
49	391
49	402
49	412
49	421
49	429
49	437
49	444
49	451
49	458
49	464
49	470
49	476
49	482
49	488
49	494
49	500
49	505
49	511
49	516
49	522
49	527
49	533
49	538
49	544
49	551
49	558
49	566
49	576
50	348
50	359
50	369
50	378
50	386
50	393
50	400
50	406
50	412
50	418
50	423
50	428
50	433
50	438
50	442
50	446
50	450
50	454
50	458
50	462
50	465
50	469
50	472
50	476
50	479
50	483
50	486
50	490
50	493
50	496
50	500
50	502
50	506
50	509
50	512
50	515
50	518
50	521
50	524
50	527
50	530
50	534
50	537
50	540
50	544
50	547
50	551
50	555
50	559
50	564
50	569
50	575
50	582
50	590
50	599
50	609
50	623
51	339
51	349
51	358
51	366
51	373
51	380
51	386
51	392
51	398
51	403
51	408
51	413
51	418
51	422
51	427
51	431
51	435
51	439
51	443
51	446
51	450
51	453
51	457
51	460
51	463
51	467
51	470
51	473
51	476
51	479
51	482
51	485
51	488
51	491
51	493
51	497
51	499
51	502
51	505
51	508
51	510
51	514
51	516
51	519
51	522
51	525
51	528
51	531
51	535
51	538
51	542
51	546
51	550
51	555
51	559
51	565
51	571
51	578
51	586
51	596
52	348
52	359
52	369
52	378
52	387
52	395
52	403
52	411
52	419
52	426
52	433
52	440
52	447
52	454
52	461
52	469
52	476
52	483
52	490
52	497
52	505
52	513
52	521
52	530
52	540
53	376
53	388
53	399
53	410
53	421
53	432
53	442
53	452
53	462
53	472
53	482
53	492
53	502
53	512
53	522
53	532
53	543
54	352
54	363
54	373
54	382
54	391
54	399
54	407
54	415
54	422
54	429
54	436
54	443
54	449
54	455
54	461
54	467
54	473
54	479
54	484
54	490
54	495
54	501
54	506
54	512
54	517
54	522
54	527
54	533
54	538
54	544
54	550
54	557
54	565
54	574
55	340
55	350
55	358
55	365
55	372
55	378
55	384
55	390
55	395
55	400
55	405
55	410
55	414
55	419
55	423
55	428
55	432
55	436
55	440
55	444
55	448
55	451
55	455
55	458
55	462
55	465
55	469
55	472
55	475
55	479
55	481
55	485
55	488
55	491
55	494
55	497
55	500
55	503
55	506
55	509
55	512
55	515
55	518
55	521
55	524
55	527
55	530
55	533
55	536
55	539
55	543
55	546
55	550
55	554
55	558
55	563
55	568
55	574
55	580
55	587
55	596
55	607
56	336
56	345
56	352
56	359
56	364
56	370
56	374
56	379
56	383
56	388
56	392
56	396
56	400
56	404
56	408
56	412
56	415
56	419
56	423
56	426
56	430
56	433
56	437
56	440
56	444
56	447
56	451
56	454
56	458
56	461
56	464
56	468
56	471
56	474
56	477
56	481
56	483
56	487
56	490
56	493
56	496
56	499
56	502
56	505
56	508
56	511
56	514
56	517
56	520
56	524
56	527
56	530
56	534
56	537
56	541
56	545
56	549
56	554
56	559
56	565
56	572
56	580
56	589
57	340
57	350
57	359
57	367
57	374
57	381
57	388
57	395
57	402
57	409
57	416
57	423
57	431
57	439
57	447
57	456
57	465
57	475
57	485
57	495
57	506
57	518
58	419
58	431
58	442
58	453
58	464
58	475
58	487
58	500
58	514
59	360
59	371
59	382
59	392
59	401
59	410
59	418
59	425
59	432
59	439
59	446
59	452
59	459
59	465
59	471
59	477
59	484
59	490
59	497
59	504
59	511
59	518
59	524
59	531
59	538
59	545
59	553
59	562
59	574
60	338
60	348
60	357
60	365
60	372
60	379
60	385
60	391
60	397
60	402
60	407
60	412
60	417
60	421
60	425
60	430
60	433
60	437
60	441
60	444
60	448
60	451
60	455
60	458
60	462
60	465
60	469
60	472
60	476
60	479
60	483
60	486
60	490
60	493
60	497
60	500
60	504
60	507
60	511
60	514
60	518
60	521
60	525
60	528
60	532
60	535
60	539
60	543
60	547
60	551
60	556
60	561
60	566
60	572
60	579
60	587
60	596
60	607
61	329
61	339
61	347
61	353
61	359
61	364
61	370
61	374
61	379
61	383
61	388
61	392
61	396
61	400
61	403
61	407
61	410
61	413
61	416
61	420
61	422
61	425
61	428
61	431
61	433
61	436
61	439
61	441
61	444
61	446
61	449
61	451
61	453
61	456
61	458
61	461
61	463
61	465
61	468
61	470
61	472
61	475
61	477
61	479
61	482
61	484
61	486
61	489
61	491
61	493
61	496
61	498
61	500
61	503
61	505
61	508
61	510
61	513
61	515
61	518
61	520
61	523
61	525
61	528
61	530
61	533
61	536
61	538
61	541
61	544
61	547
61	550
61	554
61	557
61	561
61	565
61	569
61	574
61	579
61	585
61	591
61	598
61	606
61	615
61	626
62	329
62	339
62	347
62	354
62	361
62	367
62	373
62	379
62	385
62	391
62	397
62	402
62	408
62	413
62	418
62	423
62	427
62	432
62	436
62	441
62	445
62	450
62	454
62	459
62	463
62	467
62	472
62	476
62	480
62	485
62	489
62	494
62	498
62	503
62	507
62	512
62	517
62	522
62	527
62	533
62	539
62	545
62	552
62	559
62	567
62	577
63	339
63	350
63	361
63	372
63	383
63	395
64	328
64	338
64	347
64	356
64	365
64	373
64	381
64	389
64	397
64	405
64	413
64	422
64	431
64	440
64	449
64	459
64	469
64	479
64	490
64	501
64	512
64	523
64	535
65	320
65	329
65	337
65	344
65	350
65	356
65	362
65	368
65	373
65	378
65	383
65	388
65	393
65	398
65	403
65	408
65	413
65	418
65	423
65	428
65	433
65	438
65	443
65	448
65	453
65	458
65	463
65	468
65	474
65	479
65	485
65	490
65	496
65	502
65	508
65	514
65	520
65	526
65	532
65	538
65	544
65	550
65	557
65	564
65	571
65	579
65	587
65	596
65	605
65	614
65	623
65	633
66	318
66	326
66	332
66	338
66	342
66	347
66	351
66	355
66	359
66	362
66	366
66	369
66	372
66	375
66	379
66	381
66	384
66	387
66	390
66	393
66	395
66	399
66	401
66	404
66	407
66	409
66	412
66	415
66	417
66	420
66	423
66	425
66	428
66	431
66	433
66	436
66	439
66	441
66	444
66	447
66	449
66	452
66	455
66	457
66	460
66	463
66	465
66	468
66	471
66	474
66	476
66	479
66	482
66	485
66	488
66	491
66	494
66	497
66	500
66	503
66	506
66	509
66	512
66	515
66	518
66	521
66	524
66	527
66	530
66	533
66	536
66	539
66	543
66	546
66	549
66	553
66	556
66	560
66	564
66	568
66	572
66	576
66	580
66	585
66	589
66	595
66	600
66	606
66	612
66	618
66	625
66	632
66	640
66	649
67	319
67	328
67	333
67	338
67	342
67	345
67	349
67	352
67	354
67	358
67	360
67	362
67	365
67	368
67	370
67	372
67	374
67	377
67	379
67	381
67	383
67	385
67	387
67	389
67	391
67	393
67	395
67	397
67	399
67	401
67	402
67	405
67	406
67	408
67	410
67	412
67	413
67	415
67	417
67	419
67	421
67	422
67	424
67	426
67	428
67	429
67	431
67	433
67	435
67	437
67	438
67	440
67	442
67	444
67	446
67	447
67	449
67	451
67	453
67	455
67	456
67	459
67	460
67	462
67	464
67	466
67	468
67	470
67	472
67	474
67	476
67	478
67	480
67	482
67	484
67	486
67	488
67	490
67	492
67	494
67	496
67	498
67	500
67	502
67	505
67	506
67	509
67	511
67	513
67	515
67	518
67	520
67	522
67	525
67	527
67	529
67	532
67	534
67	537
67	539
67	542
67	545
67	547
67	550
67	553
67	556
67	559
67	562
67	566
67	569
67	573
67	577
67	581
67	586
67	590
67	596
67	602
67	608
67	615
67	623
67	632
67	644
68	321
68	330
68	336
68	341
68	345
68	350
68	352
68	356
68	360
68	362
68	366
68	368
68	372
68	374
68	377
68	380
68	382
68	385
68	388
68	390
68	393
68	395
68	398
68	400
68	403
68	405
68	408
68	410
68	413
68	416
68	418
68	421
68	424
68	426
68	429
68	432
68	435
68	438
68	441
68	444
68	447
68	450
68	454
68	457
68	460
68	464
68	467
68	471
68	475
68	479
68	483
68	487
68	491
68	496
68	500
68	505
68	510
68	515
68	520
68	526
68	532
68	538
68	545
68	553
68	561
68	570
68	580
69	351
69	364
70	597
70	609
71	360
71	371
71	382
71	392
71	402
71	412
71	421
71	430
71	439
71	448
71	457
71	466
71	475
71	484
71	493
71	502
71	511
71	520
71	528
71	536
71	544
71	552
71	560
71	567
71	574
71	581
71	588
71	594
71	600
71	606
71	612
71	618
71	625
71	632
71	640
71	649
71	659
72	331
72	341
72	349
72	356
72	362
72	368
72	373
72	379
72	384
72	389
72	394
72	399
72	403
72	408
72	412
72	417
72	421
72	426
72	430
72	434
72	439
72	443
72	447
72	451
72	455
72	459
72	463
72	467
72	471
72	475
72	479
72	483
72	487
72	491
72	495
72	499
72	503
72	507
72	511
72	515
72	519
72	523
72	527
72	531
72	535
72	539
72	543
72	547
72	551
72	555
72	559
72	563
72	566
72	570
72	573
72	577
72	580
72	583
72	587
72	590
72	593
72	597
72	600
72	603
72	606
72	609
72	612
72	615
72	618
72	621
72	625
72	628
72	632
72	636
72	639
72	644
72	648
72	653
72	658
72	664
72	671
72	679
72	689
73	328
73	336
73	342
73	348
73	352
73	357
73	361
73	364
73	368
73	372
73	374
73	378
73	381
73	384
73	387
73	390
73	393
73	396
73	399
73	401
73	404
73	407
73	409
73	412
73	415
73	417
73	420
73	423
73	425
73	428
73	430
73	433
73	435
73	438
73	440
73	443
73	445
73	448
73	450
73	453
73	455
73	458
73	460
73	463
73	465
73	468
73	470
73	473
73	475
73	478
73	480
73	483
73	485
73	488
73	490
73	493
73	495
73	498
73	500
73	503
73	505
73	508
73	510
73	513
73	515
73	518
73	520
73	523
73	525
73	528
73	530
73	533
73	535
73	538
73	540
73	543
73	545
73	548
73	550
73	553
73	555
73	558
73	560
73	563
73	565
73	568
73	570
73	572
73	575
73	577
73	579
73	582
73	584
73	586
73	589
73	591
73	593
73	595
73	598
73	600
73	602
73	604
73	607
73	609
73	611
73	613
73	616
73	618
73	620
73	623
73	625
73	628
73	630
73	633
73	636
73	638
73	642
73	645
73	648
73	652
73	656
73	660
73	665
73	670
73	676
73	683
73	691
73	701
74	328
74	337
74	343
74	349
74	353
74	358
74	362
74	365
74	369
74	372
74	376
74	379
74	382
74	385
74	388
74	391
74	394
74	397
74	400
74	403
74	406
74	409
74	411
74	414
74	417
74	420
74	422
74	425
74	428
74	431
74	433
74	436
74	439
74	442
74	444
74	447
74	450
74	453
74	455
74	459
74	461
74	464
74	467
74	470
74	473
74	476
74	479
74	482
74	485
74	488
74	491
74	494
74	497
74	500
74	503
74	506
74	509
74	512
74	515
74	518
74	521
74	524
74	527
74	530
74	534
74	537
74	540
74	544
74	547
74	550
74	554
74	557
74	560
74	564
74	567
74	570
74	574
74	577
74	580
74	584
74	587
74	590
74	594
74	597
74	600
74	604
74	607
74	611
74	615
74	618
74	623
74	626
74	631
74	636
74	641
74	647
74	653
74	660
74	668
74	678
75	347
75	358
75	368
75	378
75	387
75	396
75	406
75	416
75	426
75	437
75	448
-1	-1
