-1	-1
4	170
4	181
4	192
4	202
4	212
4	222
4	232
4	242
4	252
4	263
4	275
5	161
5	172
5	182
5	191
5	200
5	209
5	217
5	225
5	233
5	241
5	249
5	257
5	266
5	275
5	284
5	294
5	304
5	314
5	324
5	335
6	166
6	177
6	187
6	196
6	205
6	213
6	221
6	229
6	236
6	244
6	252
6	260
6	268
6	276
6	284
6	292
6	300
6	309
6	318
6	327
6	337
6	348
7	197
7	208
7	218
7	228
7	237
7	246
7	255
7	263
7	271
7	279
7	287
7	295
7	303
7	311
7	319
7	328
7	338
7	349
8	242
8	253
8	263
8	272
8	281
8	290
8	298
8	306
8	314
8	322
8	330
8	339
8	349
8	360
9	260
9	271
9	281
9	291
9	300
9	310
9	320
9	330
9	341
9	353
10	260
10	271
10	280
10	289
10	297
10	306
10	315
10	325
10	336
11	258
11	269
11	278
11	286
11	293
11	300
11	307
11	315
11	323
11	332
11	341
11	351
11	362
11	374
12	178
12	189
12	200
12	210
12	220
12	231
12	242
12	253
12	263
12	272
12	280
12	287
12	294
12	300
12	306
12	312
12	318
12	324
12	331
12	338
12	345
12	353
12	361
12	369
12	378
12	387
12	396
12	406
12	416
12	427
12	438
13	161
13	171
13	180
13	188
13	196
13	204
13	211
13	218
13	226
13	234
13	242
13	250
13	259
13	268
13	276
13	283
13	290
13	297
13	303
13	309
13	315
13	321
13	327
13	333
13	340
13	347
13	354
13	361
13	368
13	376
13	384
13	392
13	401
13	410
13	419
13	429
13	439
13	449
13	459
13	471
14	156
14	165
14	173
14	180
14	187
14	194
14	201
14	207
14	214
14	220
14	227
14	234
14	241
14	248
14	256
14	264
14	272
14	280
14	288
14	296
14	303
14	310
14	317
14	324
14	331
14	339
14	347
14	355
14	363
14	371
14	380
14	389
14	398
14	408
14	418
14	428
14	439
14	450
14	462
15	159
15	169
15	178
15	186
15	194
15	201
15	208
15	216
15	224
15	232
15	240
15	248
15	256
15	265
15	274
15	283
15	292
15	301
15	310
15	319
15	329
15	339
15	350
15	361
15	373
16	171
16	182
16	191
16	200
16	209
16	217
16	225
16	233
16	241
16	249
16	257
16	265
16	274
16	283
16	292
16	301
16	310
16	319
16	329
16	340
17	178
17	188
17	197
17	206
17	214
17	222
17	230
17	237
17	244
17	251
17	258
17	265
17	272
17	279
17	286
17	294
17	302
17	310
17	318
17	326
17	335
17	345
17	456
17	467
17	478
17	490
18	162
18	172
18	181
18	189
18	196
18	203
18	210
18	216
18	222
18	228
18	234
18	240
18	245
18	251
18	256
18	262
18	267
18	273
18	279
18	285
18	291
18	297
18	303
18	309
18	316
18	323
18	331
18	340
18	350
18	443
18	454
18	464
18	474
18	484
18	494
18	505
19	160
19	170
19	178
19	185
19	191
19	197
19	203
19	208
19	213
19	218
19	223
19	228
19	232
19	237
19	241
19	245
19	249
19	253
19	257
19	261
19	265
19	269
19	273
19	277
19	281
19	285
19	289
19	294
19	298
19	303
19	308
19	314
19	320
19	326
19	333
19	340
19	348
19	358
19	442
19	453
19	464
19	475
19	486
20	153
20	162
20	170
20	176
20	182
20	187
20	192
20	197
20	201
20	206
20	210
20	214
20	218
20	222
20	226
20	230
20	233
20	237
20	241
20	244
20	248
20	251
20	254
20	257
20	261
20	263
20	267
20	270
20	273
20	276
20	279
20	283
20	286
20	289
20	293
20	296
20	300
20	304
20	307
20	312
20	315
20	320
20	324
20	329
20	334
20	339
20	345
20	351
20	358
20	366
20	375
20	440
20	452
20	463
20	475
21	150
21	159
21	166
21	172
21	177
21	182
21	186
21	191
21	194
21	199
21	202
21	206
21	210
21	213
21	217
21	220
21	224
21	227
21	231
21	234
21	238
21	241
21	245
21	248
21	252
21	255
21	259
21	262
21	266
21	269
21	273
21	276
21	280
21	283
21	287
21	290
21	294
21	297
21	301
21	305
21	308
21	312
21	316
21	320
21	324
21	328
21	332
21	336
21	341
21	346
21	351
21	357
21	363
21	370
21	378
21	387
22	151
22	160
22	167
22	173
22	179
22	184
22	189
22	193
22	198
22	202
22	206
22	210
22	214
22	218
22	222
22	226
22	230
22	234
22	238
22	242
22	246
22	250
22	254
22	258
22	262
22	266
22	270
22	273
22	277
22	281
22	284
22	288
22	291
22	295
22	298
22	302
22	305
22	309
22	312
22	316
22	319
22	323
22	326
22	330
22	334
22	337
22	341
22	345
22	349
22	354
22	358
22	364
22	369
22	376
22	383
22	391
22	401
23	153
23	162
23	170
23	177
23	183
23	189
23	193
23	198
23	202
23	206
23	210
23	214
23	218
23	222
23	226
23	230
23	234
23	238
23	242
23	246
23	250
23	254
23	258
23	262
23	266
23	270
23	274
23	278
23	282
23	286
23	290
23	294
23	298
23	303
23	307
23	312
23	316
23	321
23	326
23	331
23	336
23	342
23	348
23	355
23	362
23	370
23	379
23	389
24	156
24	164
24	171
24	177
24	182
24	187
24	191
24	195
24	199
24	202
24	206
24	209
24	213
24	216
24	219
24	223
24	226
24	229
24	233
24	236
24	239
24	243
24	246
24	250
24	253
24	257
24	260
24	264
24	268
24	272
24	276
24	280
24	285
24	289
24	294
24	298
24	303
24	308
24	313
24	319
24	325
24	331
24	338
24	345
24	353
24	362
24	372
24	383
25	152
25	161
25	168
25	173
25	179
25	183
25	187
25	191
25	194
25	198
25	201
25	205
25	208
25	211
25	214
25	218
25	220
25	224
25	227
25	230
25	234
25	236
25	240
25	243
25	247
25	250
25	254
25	257
25	261
25	265
25	269
25	273
25	277
25	281
25	286
25	290
25	295
25	300
25	305
25	311
25	317
25	324
25	331
25	339
25	348
25	358
25	369
26	149
26	158
26	164
26	170
26	174
26	179
26	182
26	186
26	190
26	193
26	196
26	200
26	202
26	205
26	208
26	211
26	213
26	215
26	218
26	221
26	222
26	225
26	227
26	230
26	232
26	234
26	237
26	239
26	241
26	244
26	246
26	249
26	251
26	254
26	257
26	259
26	262
26	265
26	268
26	271
26	275
26	278
26	282
26	286
26	289
26	294
26	298
26	303
26	308
26	314
26	320
26	327
26	335
26	344
26	354
26	365
27	148
27	156
27	162
27	167
27	172
27	176
27	180
27	183
27	187
27	190
27	193
27	196
27	199
27	202
27	204
27	207
27	210
27	212
27	214
27	217
27	219
27	221
27	223
27	225
27	227
27	229
27	231
27	233
27	235
27	237
27	239
27	241
27	243
27	245
27	247
27	249
27	251
27	254
27	256
27	258
27	260
27	263
27	265
27	268
27	270
27	273
27	276
27	278
27	282
27	285
27	288
27	292
27	296
27	300
27	305
27	309
27	315
27	320
27	327
27	334
27	342
27	351
27	360
27	370
27	380
27	390
27	401
27	414
28	150
28	159
28	165
28	171
28	175
28	180
28	183
28	188
28	191
28	195
28	199
28	202
28	206
28	209
28	213
28	216
28	220
28	223
28	227
28	230
28	234
28	237
28	241
28	244
28	248
28	251
28	255
28	259
28	263
28	267
28	271
28	276
28	280
28	286
28	291
28	297
28	304
28	311
28	319
28	328
28	338
28	348
28	357
28	366
28	374
28	382
28	390
28	398
28	406
28	415
28	425
28	436
29	153
29	162
29	170
29	176
29	182
29	188
29	193
29	198
29	203
29	208
29	212
29	217
29	221
29	225
29	230
29	233
29	238
29	241
29	245
29	249
29	252
29	256
29	260
29	264
29	268
29	272
29	276
29	281
29	285
29	290
29	295
29	301
29	307
29	314
29	321
29	328
29	336
29	344
29	352
29	360
29	367
29	374
29	381
29	388
29	396
29	404
29	412
29	421
29	431
30	169
30	180
30	189
30	197
30	204
30	211
30	218
30	224
30	230
30	234
30	239
30	242
30	246
30	250
30	253
30	257
30	260
30	264
30	267
30	271
30	274
30	278
30	282
30	286
30	290
30	295
30	299
30	304
30	309
30	315
30	320
30	326
30	332
30	339
30	346
30	353
30	361
30	369
30	378
30	387
30	397
30	408
31	177
31	188
31	199
31	209
31	219
31	228
31	236
31	242
31	248
31	253
31	258
31	263
31	268
31	273
31	278
31	283
31	288
31	294
31	300
31	306
31	313
31	321
31	329
31	338
31	348
31	358
31	369
31	380
31	393
32	181
32	192
32	203
32	213
32	222
32	231
32	239
32	246
32	253
32	259
32	265
32	271
32	276
32	282
32	288
32	294
32	300
32	307
32	314
32	322
32	330
32	339
32	349
32	359
32	369
32	380
32	393
33	199
33	210
33	220
33	229
33	238
33	245
33	251
33	256
33	261
33	265
33	270
33	274
33	278
33	282
33	286
33	291
33	295
33	300
33	305
33	310
33	316
33	322
33	328
33	335
33	342
33	350
33	359
33	369
33	380
34	238
34	248
34	256
34	263
34	269
34	275
34	281
34	286
34	292
34	298
34	304
34	310
34	317
34	325
34	333
34	342
34	352
34	362
34	372
34	383
34	394
35	240
35	251
35	261
35	269
35	277
35	284
35	291
35	298
35	305
35	312
35	320
35	328
35	337
35	346
35	355
35	364
35	373
35	382
35	392
35	402
35	414
36	232
36	243
36	252
36	260
36	266
36	272
36	277
36	282
36	287
36	292
36	296
36	301
36	306
36	311
36	316
36	322
36	328
36	334
36	340
36	347
36	355
36	363
36	372
36	382
36	394
37	246
37	256
37	263
37	270
37	275
37	280
37	284
37	289
37	293
37	298
37	302
37	307
37	312
37	317
37	322
37	328
37	334
37	341
37	348
37	356
37	365
37	375
38	261
38	272
38	281
38	290
38	298
38	306
38	314
38	322
38	331
38	340
38	350
38	360
38	372
39	211
39	223
39	235
39	247
39	258
39	268
39	277
39	284
39	291
39	297
39	303
39	309
39	315
39	321
39	327
39	333
39	340
39	347
39	355
39	363
39	372
39	382
39	393
39	450
39	462
39	474
40	256
40	266
40	274
40	281
40	286
40	291
40	295
40	300
40	304
40	308
40	312
40	316
40	321
40	325
40	330
40	335
40	340
40	346
40	352
40	358
40	365
40	373
40	382
40	392
40	442
40	453
40	463
40	473
40	483
40	494
41	271
41	281
41	289
41	295
41	301
41	307
41	313
41	318
41	324
41	330
41	336
41	343
41	350
41	358
41	367
41	376
41	386
41	430
41	441
41	451
41	460
41	469
41	478
41	487
41	497
41	508
42	298
42	309
42	318
42	327
42	336
42	345
42	354
42	363
42	372
42	381
42	390
42	399
42	409
42	419
42	429
42	437
42	444
42	451
42	458
42	464
42	470
42	477
42	484
42	491
42	499
42	507
42	516
42	526
42	538
43	288
43	298
43	306
43	313
43	319
43	325
43	331
43	337
43	343
43	349
43	355
43	361
43	367
43	373
43	379
43	386
43	393
43	400
43	407
43	415
43	423
43	431
43	439
43	446
43	453
43	460
43	467
43	474
43	481
43	488
43	496
43	505
43	514
43	524
43	536
44	276
44	286
44	293
44	300
44	305
44	311
44	315
44	320
44	324
44	328
44	332
44	336
44	341
44	345
44	350
44	355
44	360
44	365
44	371
44	377
44	384
44	391
44	399
44	407
44	416
44	426
44	436
44	446
44	456
44	466
44	477
44	488
44	500
45	281
45	291
45	300
45	308
45	315
45	322
45	329
45	336
45	343
45	350
45	358
45	366
45	374
45	383
45	392
45	402
45	412
45	422
45	433
45	444
45	455
45	466
45	478
46	307
46	318
46	329
46	339
46	348
46	357
46	365
46	373
46	380
46	387
46	394
46	401
46	409
46	417
46	425
46	433
46	441
46	449
46	458
46	467
46	477
47	261
47	272
47	283
47	293
47	302
47	310
47	318
47	325
47	332
47	338
47	344
47	350
47	355
47	360
47	365
47	370
47	374
47	379
47	383
47	387
47	391
47	395
47	399
47	404
47	408
47	413
47	418
47	423
47	428
47	434
47	439
47	445
47	451
47	458
47	466
47	474
47	484
48	238
48	249
48	259
48	268
48	276
48	283
48	290
48	296
48	302
48	308
48	313
48	318
48	322
48	327
48	331
48	335
48	339
48	343
48	347
48	350
48	354
48	357
48	361
48	364
48	367
48	371
48	374
48	377
48	381
48	384
48	387
48	391
48	394
48	398
48	401
48	405
48	409
48	413
48	418
48	422
48	427
48	433
48	439
48	446
48	453
48	461
48	471
49	237
49	248
49	258
49	267
49	275
49	283
49	290
49	297
49	303
49	309
49	314
49	320
49	325
49	330
49	335
49	340
49	345
49	350
49	355
49	360
49	366
49	371
49	377
49	383
49	390
49	398
49	407
49	417
50	267
50	279
50	290
50	301
50	311
50	321
50	332
50	344
51	252
51	263
51	273
51	282
51	291
51	300
51	308
51	316
51	324
51	332
51	340
51	349
51	359
51	370
52	232
52	243
52	252
52	260
52	267
52	274
52	280
52	286
52	291
52	296
52	301
52	306
52	311
52	315
52	320
52	324
52	329
52	333
52	338
52	343
52	348
52	353
52	358
52	364
52	370
52	376
52	383
52	391
52	400
52	410
52	421
52	432
52	443
52	455
53	219
53	230
53	239
53	247
53	253
53	259
53	263
53	268
53	272
53	276
53	280
53	283
53	287
53	290
53	293
53	296
53	299
53	302
53	304
53	308
53	310
53	313
53	315
53	318
53	321
53	323
53	326
53	328
53	331
53	333
53	336
53	338
53	341
53	344
53	346
53	349
53	352
53	355
53	358
53	361
53	365
53	368
53	372
53	376
53	380
53	385
53	389
53	395
53	401
53	408
53	416
53	425
53	434
53	444
54	221
54	232
54	241
54	249
54	255
54	261
54	265
54	270
54	273
54	277
54	281
54	283
54	287
54	290
54	292
54	295
54	298
54	300
54	302
54	305
54	307
54	310
54	312
54	314
54	316
54	319
54	321
54	322
54	325
54	327
54	329
54	331
54	333
54	336
54	337
54	340
54	342
54	345
54	347
54	349
54	352
54	355
54	357
54	360
54	364
54	366
54	370
54	374
54	377
54	382
54	386
54	391
54	397
54	404
54	412
54	421
55	257
55	268
55	277
55	285
55	292
55	299
55	305
55	312
55	318
55	324
55	331
55	338
55	345
55	353
55	363
57	202
57	213
57	223
57	233
57	242
57	251
57	260
57	268
57	276
57	285
57	294
57	303
57	312
57	321
57	330
57	340
57	352
58	180
58	191
58	200
58	209
58	217
58	224
58	231
58	238
58	244
58	250
58	255
58	261
58	266
58	271
58	276
58	281
58	286
58	291
58	296
58	301
58	306
58	311
58	316
58	321
58	326
58	331
58	336
58	341
58	347
58	353
58	359
58	366
58	374
58	384
58	447
58	459
59	170
59	180
59	188
59	195
59	202
59	209
59	215
59	221
59	226
59	231
59	236
59	241
59	245
59	250
59	253
59	257
59	261
59	264
59	268
59	271
59	274
59	277
59	281
59	283
59	287
59	289
59	293
59	295
59	299
59	301
59	304
59	307
59	310
59	313
59	316
59	319
59	321
59	325
59	327
59	330
59	333
59	336
59	339
59	342
59	345
59	348
59	352
59	355
59	359
59	363
59	367
59	372
59	377
59	383
59	389
59	396
59	405
59	415
59	427
59	439
59	454
60	168
60	177
60	185
60	192
60	199
60	206
60	213
60	220
60	227
60	234
60	241
60	247
60	253
60	258
60	263
60	267
60	272
60	275
60	280
60	283
60	287
60	291
60	294
60	298
60	301
60	304
60	308
60	311
60	314
60	317
60	321
60	323
60	327
60	330
60	333
60	337
60	340
60	344
60	347
60	351
60	355
60	359
60	364
60	369
60	375
60	381
60	388
60	396
60	406
61	171
61	182
61	192
61	202
61	212
61	222
61	232
61	243
61	255
62	182
62	193
62	203
62	213
62	222
62	231
62	240
62	249
62	259
62	269
62	280
63	173
63	183
63	192
63	200
63	207
63	214
63	220
63	226
63	232
63	238
63	244
63	250
63	256
63	262
63	268
63	275
63	282
63	289
63	296
63	304
63	312
63	320
63	328
63	336
63	345
63	354
63	364
63	374
63	384
63	395
63	406
63	417
63	427
63	437
63	447
63	458
64	168
64	178
64	185
64	191
64	197
64	202
64	206
64	211
64	214
64	219
64	222
64	226
64	229
64	233
64	236
64	239
64	243
64	246
64	249
64	253
64	256
64	259
64	263
64	266
64	270
64	273
64	277
64	280
64	284
64	288
64	292
64	296
64	300
64	304
64	308
64	312
64	316
64	320
64	324
64	328
64	332
64	337
64	341
64	346
64	350
64	355
64	360
64	365
64	370
64	375
64	380
64	386
64	391
64	397
64	403
64	409
64	415
64	421
64	427
64	433
64	439
64	445
64	451
64	457
64	464
64	471
64	479
64	489
65	161
65	170
65	176
65	182
65	186
65	191
65	193
65	197
65	201
65	202
65	206
65	208
65	211
65	213
65	215
65	218
65	220
65	222
65	224
65	226
65	228
65	230
65	232
65	234
65	236
65	238
65	240
65	242
65	243
65	246
65	247
65	249
65	251
65	253
65	255
65	256
65	259
65	260
65	262
65	264
65	266
65	268
65	270
65	272
65	274
65	276
65	278
65	280
65	282
65	284
65	286
65	288
65	290
65	292
65	294
65	296
65	298
65	300
65	303
65	304
65	307
65	309
65	311
65	313
65	316
65	317
65	320
65	322
65	324
65	326
65	329
65	331
65	333
65	335
65	338
65	340
65	342
65	345
65	347
65	349
65	352
65	355
65	357
65	360
65	363
65	365
65	368
65	371
65	374
65	377
65	380
65	384
65	386
65	390
65	394
65	397
65	401
65	405
65	409
65	413
65	417
65	421
65	425
65	429
65	433
65	437
65	442
65	446
65	451
65	456
65	461
65	466
65	472
65	478
65	486
65	495
65	506
66	159
66	167
66	172
66	177
66	181
66	183
66	187
66	190
66	192
66	194
66	197
66	200
66	202
66	203
66	206
66	208
66	210
66	212
66	213
66	216
66	217
66	219
66	221
66	222
66	224
66	226
66	228
66	229
66	231
66	232
66	234
66	236
66	237
66	239
66	240
66	242
66	243
66	245
66	246
66	248
66	250
66	251
66	252
66	254
66	256
66	257
66	258
66	260
66	262
66	263
66	264
66	266
66	268
66	269
66	270
66	272
66	274
66	275
66	277
66	278
66	280
66	281
66	283
66	285
66	286
66	288
66	289
66	291
66	293
66	294
66	296
66	297
66	299
66	301
66	302
66	304
66	306
66	307
66	309
66	311
66	312
66	314
66	316
66	317
66	319
66	321
66	322
66	324
66	326
66	327
66	329
66	331
66	333
66	334
66	336
66	338
66	339
66	341
66	343
66	345
66	347
66	348
66	350
66	353
66	354
66	356
66	358
66	360
66	363
66	365
66	367
66	369
66	372
66	375
66	377
66	380
66	383
66	386
66	389
66	392
66	396
66	399
66	403
66	407
66	411
66	416
66	421
66	426
66	432
66	438
66	444
66	451
66	459
66	468
66	480
67	159
67	167
67	172
67	177
67	181
67	184
67	188
67	191
67	194
67	197
67	201
67	203
67	207
67	210
67	213
67	216
67	219
67	223
67	226
67	229
67	233
67	236
67	239
67	243
67	246
67	249
67	253
67	256
67	259
67	263
67	266
67	269
67	273
67	276
67	280
67	283
67	287
67	290
67	294
67	297
67	301
67	304
67	308
67	312
67	316
67	319
67	324
67	327
67	331
67	335
67	339
67	343
67	347
67	351
67	356
67	360
67	365
67	370
67	376
67	382
67	389
67	397
67	406
67	416
68	169
68	179
68	189
68	199
68	209
68	221
70	347
70	358
70	368
70	377
70	386
70	394
70	402
70	409
70	416
70	423
70	430
70	437
70	444
70	451
70	459
70	467
70	476
71	183
71	193
71	202
71	210
71	217
71	224
71	230
71	236
71	242
71	248
71	254
71	260
71	266
71	272
71	278
71	284
71	290
71	296
71	302
71	308
71	314
71	320
71	326
71	332
71	338
71	344
71	350
71	355
71	360
71	365
71	370
71	374
71	379
71	383
71	387
71	391
71	395
71	399
71	403
71	406
71	410
71	413
71	417
71	420
71	424
71	427
71	431
71	434
71	438
71	441
71	445
71	448
71	452
71	456
71	459
71	464
71	468
71	473
71	478
71	483
71	489
71	496
71	504
71	514
72	170
72	179
72	186
72	192
72	197
72	202
72	206
72	211
72	214
72	218
72	222
72	225
72	229
72	232
72	235
72	239
72	242
72	245
72	249
72	251
72	255
72	258
72	261
72	264
72	267
72	270
72	273
72	276
72	279
72	282
72	285
72	288
72	291
72	294
72	297
72	300
72	303
72	306
72	309
72	312
72	315
72	318
72	321
72	324
72	327
72	330
72	333
72	336
72	339
72	342
72	345
72	348
72	351
72	354
72	357
72	360
72	362
72	365
72	368
72	371
72	373
72	376
72	378
72	381
72	383
72	386
72	388
72	391
72	393
72	395
72	398
72	400
72	402
72	404
72	407
72	409
72	411
72	413
72	415
72	418
72	419
72	422
72	424
72	426
72	428
72	430
72	433
72	434
72	437
72	439
72	441
72	443
72	446
72	448
72	450
72	453
72	455
72	457
72	460
72	462
72	465
72	467
72	470
72	473
72	476
72	479
72	483
72	486
72	490
72	495
72	499
72	505
72	510
72	517
72	525
72	535
73	168
73	176
73	182
73	188
73	193
73	197
73	202
73	205
73	209
73	212
73	216
73	219
73	222
73	225
73	229
73	231
73	235
73	237
73	241
73	243
73	246
73	249
73	252
73	255
73	257
73	261
73	263
73	266
73	269
73	272
73	274
73	277
73	280
73	282
73	285
73	288
73	290
73	293
73	296
73	298
73	301
73	304
73	306
73	309
73	312
73	314
73	317
73	320
73	322
73	325
73	328
73	330
73	333
73	336
73	339
73	341
73	344
73	347
73	350
73	352
73	355
73	358
73	360
73	363
73	366
73	368
73	371
73	373
73	376
73	378
73	381
73	383
73	386
73	388
73	391
73	393
73	396
73	398
73	401
73	403
73	405
73	408
73	410
73	413
73	415
73	417
73	420
73	422
73	425
73	427
73	430
73	432
73	435
73	437
73	440
73	443
73	445
73	448
73	451
73	454
73	457
73	460
73	464
73	467
73	470
73	475
73	478
73	483
73	487
73	493
73	499
73	506
73	514
73	524
74	177
74	187
74	196
74	204
74	212
74	220
74	228
74	236
74	243
74	250
74	257
74	264
74	271
74	278
74	285
74	292
74	299
74	306
74	313
74	320
74	327
74	334
74	341
74	348
74	356
74	364
74	372
74	380
74	388
74	397
74	406
74	416
74	426
-1	-1
