-1	-1
10	200
10	211
10	222
10	233
10	243
10	253
10	264
10	275
11	198
11	209
11	219
11	229
11	238
11	247
11	256
11	265
11	274
11	283
11	293
11	303
11	314
12	187
12	198
12	208
12	217
12	226
12	234
12	242
12	250
12	258
12	266
12	274
12	282
12	290
12	299
12	308
12	317
12	327
13	178
13	188
13	197
13	206
13	214
13	222
13	230
13	238
13	246
13	254
13	262
13	270
13	278
13	286
13	295
13	304
13	313
13	323
13	333
13	345
14	173
14	183
14	192
14	200
14	208
14	215
14	222
14	229
14	236
14	244
14	252
14	260
14	268
14	276
14	285
14	294
14	303
14	313
14	323
14	334
14	346
15	172
15	182
15	191
15	199
15	207
15	214
15	221
15	228
15	235
15	243
15	251
15	259
15	267
15	275
15	284
15	293
15	302
15	312
15	322
15	333
16	177
16	187
16	196
16	204
16	212
16	220
16	227
16	234
16	241
16	248
16	255
16	263
16	271
16	279
16	287
16	296
16	305
16	314
16	324
16	335
17	169
17	179
17	188
17	196
17	203
17	210
17	216
17	222
17	228
17	234
17	240
17	246
17	252
17	258
17	264
17	270
17	277
17	284
17	291
17	298
17	305
17	313
17	321
17	330
17	340
18	167
18	176
18	184
18	191
18	198
18	204
18	210
18	215
18	221
18	226
18	231
18	236
18	241
18	246
18	251
18	256
18	261
18	266
18	271
18	277
18	282
18	288
18	293
18	299
18	305
18	311
18	317
18	323
18	330
18	337
18	345
18	354
18	365
19	167
19	176
19	183
19	190
19	196
19	202
19	208
19	213
19	218
19	223
19	228
19	233
19	238
19	243
19	248
19	253
19	258
19	263
19	268
19	273
19	278
19	283
19	288
19	293
19	298
19	303
19	308
19	313
19	318
19	324
19	329
19	335
19	342
19	349
19	357
19	366
20	170
20	180
20	188
20	195
20	202
20	209
20	215
20	221
20	227
20	233
20	239
20	245
20	251
20	257
20	264
20	270
20	277
20	283
20	290
20	296
20	302
20	308
20	314
20	320
20	326
20	333
20	340
20	348
20	356
20	366
21	172
21	182
21	191
21	199
21	207
21	214
21	221
21	228
21	235
21	243
21	251
21	259
21	267
21	276
21	285
21	294
21	302
21	310
21	318
21	326
21	334
21	343
21	353
21	364
22	170
22	181
22	190
22	199
22	207
22	215
22	223
22	231
22	239
22	247
22	256
22	265
22	274
22	284
22	294
22	304
22	314
22	324
22	335
23	161
23	171
23	180
23	188
23	195
23	202
23	209
23	215
23	222
23	228
23	235
23	242
23	249
23	256
23	264
23	272
23	281
23	290
23	299
23	308
23	318
23	329
23	343
24	158
24	167
24	174
24	181
24	187
24	192
24	197
24	202
24	207
24	212
24	216
24	221
24	226
24	231
24	236
24	241
24	246
24	252
24	257
24	263
24	269
24	276
24	283
24	290
24	297
24	305
24	314
24	323
24	333
24	343
24	353
24	363
24	373
24	383
24	393
24	403
24	414
24	425
25	160
25	169
25	176
25	182
25	188
25	192
25	197
25	201
25	205
25	209
25	213
25	217
25	221
25	225
25	229
25	233
25	237
25	241
25	245
25	249
25	254
25	258
25	263
25	268
25	273
25	279
25	285
25	291
25	297
25	304
25	311
25	319
25	327
25	335
25	343
25	351
25	359
25	367
25	374
25	381
25	388
25	395
25	402
25	410
25	418
25	426
25	435
25	444
25	455
26	167
26	175
26	182
26	188
26	193
26	198
26	202
26	206
26	210
26	214
26	217
26	221
26	225
26	228
26	232
26	236
26	239
26	243
26	247
26	251
26	255
26	259
26	263
26	268
26	272
26	277
26	282
26	287
26	292
26	298
26	304
26	310
26	317
26	324
26	331
26	338
26	345
26	352
26	359
26	365
26	371
26	377
26	383
26	389
26	395
26	401
26	408
26	415
26	422
26	430
26	438
26	447
26	457
27	168
27	177
27	184
27	190
27	195
27	201
27	205
27	210
27	214
27	218
27	222
27	226
27	230
27	234
27	238
27	242
27	246
27	250
27	254
27	258
27	262
27	266
27	270
27	274
27	278
27	282
27	286
27	291
27	295
27	300
27	305
27	310
27	315
27	320
27	325
27	330
27	335
27	340
27	346
27	351
27	357
27	362
27	368
27	373
27	379
27	385
27	391
27	397
27	404
27	411
27	418
27	426
27	435
27	444
27	454
28	169
28	179
28	187
28	194
28	201
28	207
28	212
28	217
28	222
28	227
28	231
28	236
28	240
28	244
28	248
28	252
28	256
28	260
28	264
28	268
28	271
28	275
28	279
28	282
28	286
28	290
28	294
28	297
28	301
28	305
28	309
28	313
28	317
28	321
28	325
28	329
28	333
28	338
28	342
28	347
28	351
28	356
28	360
28	365
28	370
28	375
28	380
28	385
28	390
28	396
28	402
28	408
28	415
28	422
28	429
28	436
28	444
28	453
28	462
28	472
28	483
29	167
29	177
29	185
29	192
29	199
29	205
29	211
29	216
29	221
29	226
29	231
29	236
29	241
29	246
29	250
29	255
29	259
29	263
29	268
29	272
29	276
29	280
29	284
29	288
29	292
29	296
29	300
29	304
29	308
29	312
29	316
29	320
29	324
29	328
29	332
29	336
29	340
29	344
29	348
29	352
29	356
29	360
29	364
29	368
29	372
29	376
29	380
29	385
29	389
29	394
29	399
29	404
29	409
29	415
29	420
29	426
29	432
29	438
29	445
29	452
29	460
29	468
29	477
29	486
29	497
30	163
30	172
30	180
30	186
30	192
30	198
30	203
30	208
30	213
30	218
30	223
30	228
30	233
30	238
30	243
30	249
30	254
30	260
30	265
30	271
30	276
30	281
30	286
30	291
30	296
30	301
30	305
30	310
30	314
30	319
30	323
30	328
30	332
30	337
30	341
30	346
30	350
30	355
30	359
30	364
30	368
30	373
30	377
30	382
30	387
30	392
30	397
30	403
30	409
30	415
30	421
30	428
30	435
30	443
30	452
30	462
30	473
31	161
31	170
31	178
31	184
31	190
31	195
31	201
31	206
31	211
31	216
31	221
31	226
31	231
31	236
31	242
31	247
31	253
31	259
31	265
31	271
31	277
31	283
31	289
31	295
31	301
31	307
31	313
31	320
31	326
31	333
31	340
31	347
31	354
31	361
31	368
31	375
31	382
31	390
31	398
31	407
31	417
31	428
32	161
32	170
32	177
32	182
32	187
32	192
32	196
32	200
32	204
32	208
32	211
32	215
32	219
32	222
32	226
32	230
32	234
32	238
32	242
32	246
32	251
32	255
32	260
32	265
32	270
32	276
32	282
32	288
32	294
32	301
32	308
32	315
32	322
32	330
32	338
32	346
32	355
32	364
32	374
32	384
32	396
33	160
33	169
33	174
33	180
33	183
33	188
33	191
33	194
33	198
33	201
33	203
33	206
33	209
33	212
33	214
33	217
33	220
33	222
33	225
33	228
33	230
33	234
33	236
33	239
33	243
33	246
33	249
33	253
33	256
33	260
33	264
33	268
33	273
33	277
33	282
33	287
33	293
33	299
33	305
33	312
33	319
33	327
33	336
33	345
33	355
33	366
34	160
34	169
34	174
34	180
34	183
34	188
34	191
34	194
34	198
34	201
34	203
34	207
34	209
34	212
34	214
34	217
34	220
34	222
34	225
34	227
34	230
34	233
34	235
34	238
34	241
34	244
34	246
34	250
34	252
34	256
34	259
34	263
34	266
34	270
34	274
34	278
34	283
34	287
34	292
34	297
34	303
34	309
34	315
34	322
34	329
34	337
34	346
34	356
35	168
35	177
35	183
35	189
35	194
35	199
35	203
35	207
35	211
35	213
35	217
35	220
35	222
35	225
35	228
35	230
35	233
35	236
35	238
35	241
35	244
35	246
35	249
35	252
35	255
35	258
35	261
35	265
35	267
35	271
35	275
35	278
35	283
35	287
35	292
35	297
35	302
35	307
35	313
35	319
35	326
35	333
35	341
35	350
35	361
36	171
36	180
36	188
36	194
36	200
36	205
36	210
36	214
36	219
36	222
36	226
36	230
36	233
36	237
36	240
36	243
36	247
36	250
36	254
36	257
36	261
36	265
36	268
36	273
36	276
36	281
36	285
36	290
36	295
36	300
36	306
36	312
36	318
36	325
36	333
36	342
36	353
37	182
37	192
37	200
37	207
37	213
37	219
37	224
37	229
37	233
37	237
37	241
37	245
37	249
37	252
37	256
37	260
37	264
37	268
37	272
37	276
37	280
37	285
37	289
37	294
37	299
37	304
37	309
37	315
37	321
37	328
37	336
37	345
37	355
38	200
38	211
38	220
38	228
38	234
38	240
38	244
38	249
38	253
38	258
38	262
38	267
38	271
38	276
38	280
38	285
38	289
38	294
38	299
38	304
38	309
38	315
38	321
38	327
38	334
38	342
38	351
38	361
39	199
39	210
39	220
39	229
39	236
39	242
39	247
39	252
39	256
39	260
39	264
39	268
39	272
39	276
39	280
39	284
39	288
39	292
39	296
39	300
39	305
39	309
39	314
39	319
39	324
39	330
39	336
39	343
39	351
39	360
39	370
40	206
40	217
40	227
40	235
40	242
40	248
40	252
40	257
40	261
40	264
40	268
40	271
40	274
40	277
40	280
40	283
40	286
40	289
40	292
40	295
40	298
40	302
40	305
40	308
40	312
40	316
40	319
40	324
40	328
40	333
40	338
40	344
40	350
40	357
40	365
40	374
40	385
41	226
41	236
41	244
41	251
41	257
41	262
41	267
41	271
41	275
41	279
41	282
41	286
41	289
41	293
41	296
41	300
41	303
41	307
41	310
41	314
41	317
41	321
41	325
41	329
41	333
41	338
41	343
41	348
41	354
41	360
41	367
41	375
41	385
42	237
42	248
42	257
42	264
42	271
42	277
42	282
42	287
42	292
42	297
42	302
42	306
42	311
42	315
42	320
42	325
42	330
42	335
42	341
42	347
42	354
42	361
42	369
42	379
43	249
43	260
43	270
43	279
43	288
43	296
43	304
43	312
43	320
43	328
43	336
43	345
43	354
43	364
44	281
44	292
44	302
44	311
44	319
44	327
44	335
44	343
44	351
44	360
44	369
44	379
44	390
44	402
44	415
45	287
45	297
45	305
45	312
45	319
45	325
45	331
45	336
45	342
45	348
45	354
45	360
45	367
45	374
45	381
45	389
45	397
45	405
45	413
45	421
45	429
45	438
45	447
45	457
45	468
46	282
46	293
46	302
46	310
46	316
46	322
46	327
46	332
46	337
46	342
46	347
46	353
46	358
46	364
46	370
46	376
46	382
46	389
46	395
46	402
46	409
46	416
46	423
46	430
46	437
46	445
46	453
46	462
46	472
47	286
47	297
47	306
47	314
47	321
47	328
47	334
47	341
47	348
47	355
47	362
47	368
47	375
47	382
47	388
47	395
47	402
47	409
47	416
47	423
47	430
47	438
47	446
47	455
47	465
47	476
48	297
48	307
48	315
48	323
48	330
48	337
48	344
48	351
48	358
48	365
48	372
48	379
48	386
48	393
48	400
48	408
48	416
48	424
48	432
48	441
48	451
48	462
49	299
49	310
49	320
49	330
49	339
49	348
49	357
49	366
49	376
49	386
49	397
49	409
50	230
50	241
50	252
50	262
50	272
50	282
50	292
50	302
50	313
50	324
50	334
50	345
50	357
51	242
51	254
51	265
51	275
51	285
51	295
51	305
51	315
51	325
51	335
51	346
52	238
52	249
52	260
52	270
52	280
52	289
52	298
52	306
52	314
52	322
52	330
52	339
52	348
52	359
53	226
53	237
53	247
53	256
53	265
53	274
53	283
53	291
53	299
53	307
53	315
53	323
53	332
53	341
53	352
54	201
54	211
54	220
54	228
54	236
54	243
54	250
54	257
54	264
54	271
54	278
54	285
54	292
54	299
54	306
54	313
54	321
54	329
54	339
55	197
55	206
55	214
55	221
55	227
55	233
55	239
55	244
55	249
55	254
55	259
55	263
55	268
55	272
55	277
55	281
55	286
55	290
55	295
55	299
55	304
55	309
55	314
55	319
55	325
55	331
55	337
55	344
55	352
55	362
56	207
56	217
56	226
56	233
56	240
56	245
56	251
56	255
56	260
56	263
56	268
56	271
56	275
56	278
56	282
56	285
56	289
56	292
56	295
56	299
56	302
56	305
56	309
56	312
56	316
56	319
56	323
56	327
56	330
56	335
56	339
56	344
56	349
56	355
56	361
56	368
56	376
56	386
57	199
57	210
57	221
57	232
57	242
57	251
57	259
57	265
57	271
57	275
57	280
57	283
57	287
57	291
57	293
57	297
57	300
57	302
57	306
57	308
57	311
57	314
57	316
57	319
57	322
57	324
57	327
57	330
57	333
57	336
57	339
57	342
57	346
57	349
57	353
57	357
57	361
57	366
57	371
57	377
57	384
57	392
57	401
58	192
58	203
58	213
58	222
58	231
58	241
58	251
58	260
58	269
58	276
58	282
58	288
58	292
58	297
58	301
58	304
58	308
58	311
58	314
58	317
58	320
58	323
58	326
58	329
58	332
58	335
58	338
58	341
58	345
58	348
58	352
58	356
58	359
58	364
58	368
58	374
58	379
58	386
58	393
58	402
58	414
59	193
59	203
59	212
59	221
59	229
59	237
59	245
59	253
59	261
59	268
59	275
59	282
59	289
59	296
59	303
59	310
59	316
59	322
59	328
59	334
59	340
59	347
59	355
59	363
59	373
59	385
60	182
60	191
60	199
60	206
60	212
60	218
60	223
60	228
60	233
60	238
60	243
60	248
60	253
60	258
60	263
60	268
60	274
60	279
60	285
60	291
60	297
60	303
60	309
60	315
60	322
60	329
60	337
60	346
60	356
60	367
61	179
61	188
61	194
61	200
61	204
61	209
61	213
61	217
61	221
61	224
61	228
61	231
61	234
61	237
61	240
61	243
61	246
61	249
61	252
61	255
61	258
61	261
61	265
61	268
61	272
61	275
61	279
61	283
61	287
61	291
61	296
61	300
61	305
61	310
61	316
61	322
61	328
61	335
61	342
61	350
61	359
61	369
62	187
62	195
62	202
62	208
62	213
62	217
62	221
62	224
62	228
62	231
62	234
62	237
62	241
62	243
62	246
62	249
62	252
62	254
62	257
62	260
62	262
62	265
62	268
62	270
62	274
62	276
62	279
62	282
62	285
62	288
62	291
62	295
62	298
62	302
62	306
62	310
62	315
62	319
62	324
62	329
62	335
62	341
62	348
62	356
62	365
62	375
63	189
63	200
63	210
63	219
63	227
63	234
63	241
63	247
63	253
63	258
63	263
63	268
63	273
63	277
63	282
63	286
63	291
63	296
63	301
63	306
63	311
63	316
63	322
63	328
63	335
63	342
63	350
63	359
63	369
64	181
64	191
64	200
64	208
64	216
64	223
64	230
64	237
64	244
64	251
64	258
64	266
64	274
64	282
64	290
64	298
64	307
64	316
64	326
64	336
64	348
65	193
65	203
65	212
65	220
65	228
65	235
65	242
65	249
65	256
65	263
65	270
65	277
65	284
65	292
65	300
65	308
65	317
65	326
65	336
65	347
66	249
66	260
66	271
66	281
66	291
66	300
66	309
66	318
66	328
66	338
66	348
66	359
68	279
68	290
68	300
68	309
68	318
68	327
68	335
68	343
68	351
68	360
68	369
68	378
68	387
68	397
68	407
68	417
68	428
69	202
69	214
69	225
69	236
69	246
69	256
69	266
69	275
69	283
69	290
69	297
69	303
69	309
69	314
69	319
69	324
69	329
69	333
69	338
69	342
69	347
69	352
69	357
69	362
69	367
69	373
69	378
69	384
69	390
69	396
69	402
69	409
69	416
69	423
69	430
69	437
69	445
69	454
69	465
70	181
70	191
70	200
70	208
70	216
70	223
70	230
70	237
70	244
70	251
70	258
70	266
70	273
70	280
70	287
70	293
70	299
70	304
70	310
70	314
70	319
70	323
70	327
70	331
70	335
70	339
70	343
70	347
70	351
70	355
70	359
70	364
70	368
70	373
70	378
70	383
70	388
70	393
70	398
70	402
70	407
70	411
70	416
70	420
70	425
70	429
70	434
70	439
70	444
70	449
70	455
70	461
70	468
70	476
70	485
70	496
71	171
71	180
71	187
71	193
71	198
71	203
71	208
71	212
71	216
71	221
71	224
71	229
71	232
71	236
71	240
71	244
71	248
71	252
71	256
71	260
71	264
71	268
71	272
71	277
71	281
71	286
71	291
71	296
71	301
71	306
71	311
71	317
71	322
71	328
71	334
71	340
71	346
71	352
71	358
71	363
71	369
71	374
71	379
71	383
71	388
71	392
71	396
71	400
71	403
71	407
71	411
71	414
71	418
71	421
71	425
71	428
71	432
71	436
71	440
71	444
71	448
71	453
71	457
71	463
71	468
71	475
71	482
71	490
71	500
72	170
72	179
72	185
72	191
72	194
72	199
72	202
72	206
72	210
72	212
72	216
72	219
72	222
72	225
72	228
72	231
72	233
72	236
72	239
72	241
72	244
72	247
72	249
72	252
72	254
72	257
72	260
72	262
72	265
72	268
72	270
72	273
72	276
72	278
72	281
72	284
72	287
72	289
72	293
72	295
72	299
72	301
72	305
72	308
72	311
72	315
72	318
72	322
72	325
72	329
72	333
72	337
72	341
72	345
72	349
72	353
72	357
72	361
72	364
72	368
72	371
72	375
72	378
72	381
72	384
72	388
72	390
72	394
72	397
72	400
72	403
72	407
72	409
72	414
72	416
72	420
72	424
72	428
72	432
72	437
72	441
72	447
72	452
72	458
72	465
72	473
72	483
73	193
73	203
73	211
73	219
73	225
73	231
73	237
73	242
73	247
73	252
73	256
73	261
73	265
73	269
73	273
73	277
73	281
73	284
73	288
73	292
73	295
73	299
73	302
73	306
73	309
73	313
73	316
73	320
73	323
73	327
73	330
73	334
73	337
73	341
73	344
73	348
73	351
73	355
73	358
73	362
73	365
73	369
73	372
73	376
73	379
73	384
73	387
73	392
73	396
73	401
73	406
73	411
73	417
73	423
73	429
73	436
73	444
73	453
73	463
74	342
74	409
74	420
74	430
74	439
74	448
74	458
74	470
75	177
75	186
75	194
75	201
75	208
75	214
75	220
75	226
75	232
75	238
75	244
75	250
75	256
75	262
75	268
75	274
75	281
75	288
75	295
75	303
75	311
75	320
75	329
75	339
75	350
75	361
75	372
75	382
75	392
75	401
75	409
75	416
75	423
75	429
75	435
75	441
75	447
75	453
75	459
75	466
75	474
75	483
75	494
76	176
76	185
76	192
76	199
76	204
76	210
76	215
76	220
76	225
76	230
76	234
76	239
76	243
76	248
76	252
76	256
76	261
76	265
76	269
76	274
76	278
76	283
76	287
76	292
76	296
76	301
76	306
76	311
76	316
76	321
76	327
76	332
76	338
76	344
76	350
76	356
76	363
76	369
76	376
76	383
76	390
76	397
76	404
76	411
76	418
76	425
76	432
76	439
76	446
76	453
76	461
76	470
76	480
77	200
77	211
77	221
77	230
77	239
77	247
77	255
77	263
77	271
77	278
77	285
77	292
77	299
77	306
77	313
77	321
77	329
77	337
77	345
77	354
77	363
77	373
77	383
77	395
-1	-1
