-1	-1
11	196
11	208
11	219
11	230
11	241
11	252
11	263
11	275
12	189
12	200
12	211
12	221
12	231
12	241
12	251
12	261
12	271
12	283
13	172
13	183
13	193
13	203
13	213
13	222
13	231
13	240
13	249
13	258
13	267
13	276
13	286
13	298
14	163
14	173
14	182
14	191
14	199
14	207
14	215
14	223
14	231
14	239
14	247
14	255
14	263
14	271
14	280
14	289
14	299
15	160
15	170
15	179
15	187
15	195
15	202
15	209
15	216
15	223
15	230
15	237
15	244
15	251
15	258
15	265
15	272
15	280
15	288
15	297
15	307
16	160
16	170
16	179
16	187
16	194
16	201
16	208
16	214
16	221
16	227
16	233
16	239
16	245
16	251
16	258
16	265
16	272
16	279
16	287
16	295
16	304
16	315
17	156
17	165
17	173
17	180
17	187
17	193
17	199
17	205
17	210
17	216
17	221
17	226
17	231
17	236
17	241
17	246
17	251
17	256
17	261
17	266
17	271
17	276
17	282
17	288
17	294
17	301
17	308
17	317
17	327
18	151
18	160
18	168
18	174
18	180
18	185
18	190
18	195
18	200
18	204
18	209
18	213
18	217
18	221
18	225
18	229
18	233
18	237
18	241
18	245
18	249
18	253
18	257
18	261
18	265
18	269
18	273
18	277
18	281
18	286
18	290
18	295
18	300
18	306
18	312
18	319
18	327
18	336
19	152
19	161
19	169
19	175
19	181
19	187
19	192
19	197
19	202
19	206
19	211
19	215
19	219
19	223
19	227
19	231
19	235
19	239
19	243
19	247
19	251
19	255
19	259
19	263
19	267
19	271
19	275
19	279
19	283
19	287
19	292
19	296
19	301
19	306
19	312
19	318
19	325
19	333
19	343
20	160
20	170
20	179
20	187
20	194
20	201
20	208
20	214
20	220
20	226
20	232
20	237
20	243
20	248
20	253
20	258
20	263
20	269
20	274
20	280
20	286
20	292
20	298
20	305
20	313
20	322
20	332
20	345
21	167
21	177
21	186
21	194
21	202
21	210
21	218
21	226
21	234
21	242
21	250
21	258
21	266
21	274
21	282
21	291
21	301
21	313
22	170
22	181
22	190
22	199
22	207
22	215
22	223
22	231
22	239
22	247
22	256
22	265
22	275
22	285
22	297
23	167
23	177
23	186
23	194
23	202
23	210
23	218
23	226
23	234
23	242
23	250
23	259
23	268
23	278
23	289
24	156
24	165
24	173
24	180
24	187
24	193
24	199
24	205
24	211
24	217
24	223
24	229
24	236
24	243
24	250
24	257
24	265
24	273
24	282
24	292
24	303
24	315
24	328
25	150
25	159
25	166
25	172
25	178
25	183
25	188
25	192
25	197
25	201
25	206
25	210
25	215
25	219
25	224
25	228
25	233
25	238
25	243
25	248
25	254
25	260
25	266
25	273
25	280
25	288
25	296
25	305
25	314
25	323
25	332
25	340
25	348
25	356
25	365
25	374
25	383
25	393
25	405
26	150
26	159
26	166
26	172
26	177
26	182
26	186
26	191
26	194
26	199
26	202
26	207
26	210
26	215
26	218
26	223
26	227
26	231
26	235
26	239
26	244
26	248
26	253
26	258
26	263
26	268
26	274
26	279
26	285
26	291
26	297
26	304
26	311
26	318
26	325
26	332
26	339
26	346
26	353
26	360
26	367
26	374
26	382
26	390
26	399
26	409
26	421
27	151
27	160
27	167
27	173
27	179
27	184
27	189
27	193
27	198
27	202
27	206
27	210
27	214
27	218
27	222
27	225
27	229
27	233
27	236
27	240
27	244
27	247
27	251
27	255
27	259
27	263
27	267
27	271
27	275
27	279
27	284
27	288
27	293
27	298
27	303
27	308
27	313
27	318
27	323
27	329
27	334
27	340
27	346
27	352
27	358
27	364
27	371
27	378
27	385
27	392
27	400
27	409
27	418
27	429
28	152
28	162
28	170
28	176
28	182
28	187
28	192
28	196
28	201
28	204
28	209
28	212
28	216
28	220
28	223
28	227
28	230
28	233
28	236
28	239
28	242
28	245
28	248
28	251
28	254
28	257
28	260
28	263
28	266
28	269
28	272
28	275
28	278
28	281
28	285
28	287
28	291
28	294
28	298
28	301
28	305
28	308
28	312
28	316
28	320
28	324
28	328
28	332
28	336
28	340
28	345
28	349
28	354
28	359
28	364
28	369
28	374
28	379
28	385
28	390
28	396
28	402
28	409
28	416
28	424
28	432
28	441
28	450
28	461
29	158
29	168
29	176
29	183
29	189
29	194
29	199
29	204
29	208
29	213
29	217
29	221
29	225
29	229
29	232
29	236
29	240
29	243
29	246
29	250
29	252
29	256
29	259
29	262
29	265
29	268
29	271
29	274
29	277
29	280
29	283
29	286
29	289
29	292
29	295
29	298
29	301
29	304
29	307
29	310
29	313
29	316
29	319
29	322
29	326
29	328
29	332
29	335
29	338
29	342
29	345
29	349
29	353
29	357
29	361
29	365
29	369
29	373
29	377
29	382
29	386
29	391
29	396
29	401
29	406
29	412
29	418
29	424
29	431
29	438
29	445
29	453
29	462
29	472
30	160
30	170
30	179
30	187
30	194
30	201
30	207
30	213
30	219
30	224
30	230
30	235
30	240
30	245
30	250
30	254
30	259
30	263
30	267
30	271
30	275
30	279
30	282
30	286
30	290
30	293
30	297
30	300
30	304
30	307
30	311
30	314
30	318
30	321
30	325
30	328
30	332
30	335
30	339
30	343
30	347
30	351
30	355
30	359
30	364
30	368
30	373
30	377
30	382
30	387
30	392
30	397
30	403
30	409
30	415
30	422
30	429
30	437
30	446
30	456
30	467
31	158
31	168
31	176
31	183
31	190
31	196
31	202
31	208
31	214
31	220
31	225
31	231
31	236
31	241
31	246
31	251
31	256
31	261
31	266
31	271
31	276
31	281
31	286
31	291
31	296
31	301
31	306
31	311
31	316
31	321
31	326
31	331
31	336
31	341
31	347
31	352
31	358
31	364
31	370
31	376
31	383
31	390
31	397
31	405
31	413
31	422
31	432
31	444
32	150
32	159
32	166
32	172
32	177
32	182
32	186
32	191
32	195
32	200
32	204
32	208
32	213
32	217
32	222
32	226
32	231
32	236
32	240
32	245
32	250
32	255
32	260
32	265
32	270
32	276
32	281
32	287
32	293
32	299
32	305
32	311
32	317
32	323
32	330
32	337
32	344
32	352
32	360
32	369
32	378
32	387
32	396
32	406
32	417
33	148
33	155
33	161
33	165
33	170
33	173
33	177
33	181
33	183
33	187
33	190
33	193
33	196
33	199
33	202
33	205
33	208
33	211
33	214
33	217
33	220
33	224
33	227
33	230
33	234
33	237
33	241
33	245
33	249
33	253
33	257
33	262
33	266
33	271
33	276
33	281
33	287
33	292
33	298
33	304
33	310
33	317
33	324
33	331
33	339
33	348
33	358
33	368
33	379
33	390
33	402
34	148
34	156
34	162
34	167
34	172
34	175
34	180
34	182
34	186
34	189
34	192
34	195
34	198
34	201
34	204
34	207
34	210
34	213
34	216
34	219
34	222
34	225
34	228
34	231
34	234
34	237
34	241
34	244
34	248
34	251
34	255
34	259
34	263
34	267
34	272
34	276
34	281
34	286
34	292
34	298
34	304
34	311
34	318
34	326
34	335
34	345
35	149
35	158
35	164
35	170
35	174
35	179
35	182
35	186
35	190
35	192
35	196
35	199
35	201
35	204
35	207
35	209
35	212
35	215
35	217
35	220
35	223
35	225
35	228
35	231
35	234
35	236
35	239
35	242
35	245
35	248
35	251
35	255
35	258
35	262
35	266
35	269
35	274
35	278
35	283
35	288
35	293
35	299
35	305
35	312
35	320
35	329
35	339
36	157
36	166
36	173
36	180
36	185
36	190
36	194
36	199
36	202
36	206
36	210
36	212
36	216
36	219
36	222
36	225
36	228
36	231
36	234
36	237
36	240
36	243
36	246
36	249
36	253
36	256
36	259
36	263
36	267
36	270
36	275
36	279
36	284
36	288
36	294
36	299
36	305
36	312
36	319
36	327
36	337
37	159
37	168
37	175
37	182
37	188
37	193
37	198
37	202
37	207
37	211
37	214
37	218
37	222
37	224
37	228
37	231
37	234
37	237
37	241
37	243
37	247
37	250
37	253
37	257
37	260
37	264
37	267
37	271
37	275
37	279
37	283
37	287
37	292
37	297
37	302
37	308
37	314
37	321
37	329
37	338
37	350
38	170
38	180
38	189
38	197
38	204
38	210
38	215
38	220
38	224
38	228
38	232
38	235
38	239
38	242
38	245
38	249
38	252
38	255
38	259
38	262
38	265
38	269
38	272
38	276
38	279
38	284
38	287
38	292
38	296
38	301
38	306
38	312
38	318
38	325
38	333
38	343
39	182
39	192
39	201
39	209
39	216
39	222
39	228
39	233
39	238
39	242
39	247
39	251
39	255
39	259
39	263
39	267
39	271
39	275
39	279
39	284
39	288
39	293
39	298
39	303
39	309
39	315
39	322
39	330
39	339
39	351
40	199
40	210
40	220
40	228
40	235
40	241
40	246
40	251
40	255
40	260
40	263
40	268
40	271
40	275
40	279
40	283
40	287
40	291
40	295
40	299
40	304
40	308
40	314
40	319
40	325
40	332
40	340
40	349
40	360
40	372
40	383
40	394
40	404
40	414
40	424
40	434
40	445
40	456
41	207
41	218
41	228
41	237
41	244
41	251
41	256
41	261
41	265
41	270
41	273
41	277
41	281
41	284
41	288
41	292
41	295
41	299
41	303
41	307
41	312
41	316
41	321
41	326
41	332
41	338
41	345
41	353
41	363
41	373
41	383
41	393
41	402
41	411
41	420
41	429
41	438
41	448
41	459
42	217
42	228
42	239
42	249
42	257
42	264
42	270
42	275
42	281
42	285
42	290
42	295
42	300
42	305
42	311
42	317
42	324
42	331
42	339
42	348
42	359
42	371
42	382
42	392
42	401
42	410
42	419
42	428
42	437
42	446
42	456
42	467
43	218
43	229
43	239
43	248
43	256
43	264
43	271
43	277
43	283
43	288
43	293
43	298
43	304
43	309
43	315
43	321
43	328
43	336
43	345
43	355
43	365
43	375
43	385
43	394
43	403
43	411
43	419
43	428
43	437
43	447
44	229
44	239
44	248
44	256
44	264
44	271
44	278
44	283
44	289
44	294
44	299
44	304
44	309
44	315
44	321
44	327
44	334
44	341
44	349
44	357
44	366
44	375
44	383
44	391
44	399
44	407
44	416
44	426
44	437
45	242
45	253
45	262
45	271
45	279
45	286
45	292
45	298
45	303
45	309
45	314
45	320
45	326
45	332
45	339
45	346
45	353
45	360
45	367
45	374
45	381
45	388
45	395
45	402
45	409
45	417
45	426
45	436
46	261
46	272
46	281
46	289
46	296
46	303
46	309
46	316
46	323
46	330
46	337
46	344
46	351
46	358
46	364
46	370
46	376
46	382
46	388
46	394
46	400
46	406
46	413
46	420
46	428
46	437
46	448
47	217
47	228
47	238
47	248
47	258
47	268
47	278
47	288
47	298
47	308
47	318
47	327
47	336
47	344
47	352
47	359
47	365
47	371
47	377
47	383
47	389
47	395
47	401
47	407
47	414
47	421
47	429
47	438
47	448
48	202
48	213
48	223
48	231
48	239
48	246
48	253
48	261
48	269
48	277
48	286
48	295
48	305
48	315
48	324
48	333
48	341
48	349
48	357
48	364
48	371
48	378
48	384
48	391
48	397
48	404
48	411
48	418
48	426
48	435
48	445
49	206
49	217
49	227
49	236
49	244
49	252
49	260
49	268
49	276
49	284
49	293
49	302
49	311
49	320
49	329
49	338
49	348
49	358
49	368
49	378
49	387
49	396
49	405
49	415
49	425
50	192
50	203
50	214
50	225
50	236
50	247
50	257
50	267
50	277
50	287
50	296
50	305
50	315
50	325
51	247
51	258
51	268
51	278
51	288
51	297
51	306
51	316
51	402
52	259
52	270
52	280
52	289
52	297
52	305
52	314
52	324
52	335
52	399
53	241
53	253
53	264
53	275
53	285
53	294
53	303
53	313
53	325
54	202
54	213
54	223
54	233
54	242
54	251
54	260
54	268
54	276
54	284
54	292
54	300
54	309
54	319
54	402
54	416
55	197
55	207
55	216
55	224
55	231
55	238
55	245
55	251
55	257
55	263
55	269
55	275
55	281
55	287
55	293
55	299
55	306
55	313
55	321
55	330
55	391
55	402
55	412
55	422
55	433
55	445
56	202
56	212
56	221
56	229
56	236
56	242
56	248
56	253
56	258
56	262
56	267
56	271
56	275
56	279
56	283
56	287
56	291
56	295
56	299
56	304
56	308
56	313
56	318
56	324
56	330
56	337
56	346
56	356
57	209
57	220
57	230
57	239
57	246
57	252
57	257
57	262
57	265
57	270
57	273
57	277
57	280
57	283
57	286
57	290
57	292
57	296
57	299
57	302
57	306
57	309
57	313
57	316
57	320
57	324
57	328
57	333
57	338
57	344
57	350
57	357
57	366
57	375
57	385
57	396
58	187
58	198
58	208
58	216
58	223
58	230
58	236
58	242
58	248
58	253
58	258
58	263
58	267
58	272
58	275
58	280
58	283
58	287
58	290
58	294
58	297
58	301
58	304
58	308
58	311
58	315
58	319
58	323
58	328
58	333
58	338
58	344
58	350
58	357
58	366
58	375
58	384
58	393
58	403
58	415
59	180
59	190
59	199
59	207
59	214
59	221
59	226
59	232
59	236
59	241
59	245
59	250
59	253
59	258
59	262
59	266
59	270
59	275
59	279
59	284
59	289
59	294
59	299
59	305
59	311
59	318
59	326
59	335
59	345
59	382
60	169
60	179
60	187
60	194
60	201
60	207
60	213
60	218
60	223
60	228
60	233
60	238
60	243
60	247
60	252
60	256
60	261
60	265
60	270
60	274
60	279
60	284
60	289
60	295
60	301
60	307
60	314
60	322
60	331
60	341
60	353
61	163
61	172
61	180
61	186
61	191
61	196
61	200
61	204
61	208
61	212
61	215
61	219
61	222
61	226
61	229
61	232
61	236
61	239
61	243
61	246
61	250
61	253
61	257
61	261
61	265
61	269
61	274
61	278
61	283
61	288
61	294
61	300
61	306
61	313
61	321
61	330
61	340
61	351
61	365
62	167
62	176
62	183
62	189
62	194
62	199
62	202
62	206
62	210
62	213
62	216
62	220
62	222
62	225
62	228
62	231
62	233
62	236
62	239
62	241
62	244
62	247
62	249
62	252
62	255
62	257
62	260
62	263
62	266
62	269
62	272
62	275
62	278
62	282
62	285
62	289
62	293
62	297
62	302
62	307
62	312
62	318
62	324
62	331
62	339
62	348
62	358
62	369
62	380
62	390
62	402
63	173
63	184
63	193
63	201
63	209
63	215
63	221
63	226
63	231
63	235
63	240
63	243
63	248
63	251
63	255
63	259
63	262
63	266
63	270
63	274
63	278
63	282
63	286
63	290
63	295
63	299
63	305
63	310
63	316
63	323
63	330
63	338
63	347
63	357
63	368
63	379
63	391
64	172
64	183
64	192
64	200
64	208
64	216
64	224
64	232
64	240
64	248
64	256
64	264
64	272
64	280
64	289
64	298
64	308
64	319
64	331
65	180
65	190
65	199
65	207
65	215
65	223
65	231
65	239
65	248
65	257
65	267
65	278
68	191
68	202
68	213
68	223
68	233
68	242
68	251
68	259
68	267
68	275
68	282
68	289
68	296
68	303
68	310
68	317
68	324
68	331
68	338
68	345
68	352
68	360
68	368
68	376
68	385
68	394
68	404
69	188
69	199
69	209
69	219
69	228
69	237
69	245
69	252
69	259
69	265
69	271
69	276
69	281
69	286
69	290
69	295
69	299
69	303
69	307
69	311
69	315
69	319
69	323
69	327
69	332
69	336
69	341
69	346
69	351
69	356
69	361
69	367
69	372
69	378
69	384
69	390
69	396
69	403
69	410
69	418
69	427
69	437
70	168
70	178
70	187
70	195
70	203
70	211
70	219
70	227
70	235
70	243
70	251
70	258
70	265
70	272
70	278
70	283
70	289
70	293
70	298
70	302
70	306
70	310
70	314
70	318
70	322
70	326
70	330
70	335
70	339
70	344
70	348
70	353
70	357
70	362
70	366
70	371
70	375
70	379
70	384
70	388
70	393
70	397
70	402
70	407
70	412
70	417
70	423
70	429
70	436
70	444
70	453
71	159
71	168
71	175
71	181
71	186
71	191
71	196
71	201
71	205
71	210
71	214
71	219
71	223
71	227
71	232
71	236
71	240
71	245
71	249
71	254
71	258
71	263
71	268
71	273
71	278
71	283
71	288
71	294
71	299
71	305
71	311
71	317
71	323
71	328
71	333
71	338
71	343
71	348
71	352
71	356
71	361
71	364
71	368
71	372
71	375
71	379
71	382
71	386
71	389
71	393
71	397
71	401
71	405
71	409
71	414
71	418
71	423
71	428
71	434
71	440
71	447
71	455
71	465
72	159
72	167
72	173
72	178
72	182
72	187
72	191
72	194
72	198
72	201
72	204
72	208
72	211
72	214
72	217
72	220
72	223
72	226
72	229
72	232
72	234
72	238
72	240
72	243
72	246
72	249
72	252
72	255
72	258
72	261
72	264
72	267
72	270
72	273
72	276
72	279
72	282
72	286
72	288
72	292
72	295
72	299
72	302
72	306
72	309
72	313
72	316
72	320
72	323
72	327
72	330
72	333
72	337
72	340
72	343
72	346
72	349
72	352
72	355
72	358
72	361
72	364
72	367
72	370
72	373
72	376
72	379
72	383
72	386
72	390
72	394
72	398
72	402
72	407
72	412
72	417
72	423
72	430
72	438
72	447
73	178
73	188
73	197
73	204
73	211
73	217
73	223
73	229
73	234
73	239
73	243
73	248
73	252
73	256
73	260
73	264
73	268
73	272
73	275
73	279
73	283
73	286
73	290
73	293
73	297
73	300
73	304
73	307
73	311
73	314
73	318
73	321
73	324
73	328
73	331
73	334
73	338
73	341
73	344
73	348
73	351
73	355
73	358
73	362
73	366
73	370
73	375
73	379
73	384
73	389
73	395
73	401
73	407
73	414
73	422
73	431
74	376
74	386
74	395
74	404
74	413
74	422
74	432
75	167
75	176
75	184
75	191
75	197
75	203
75	209
75	214
75	220
75	225
75	231
75	236
75	242
75	247
75	253
75	259
75	265
75	271
75	277
75	284
75	291
75	299
75	307
75	316
75	325
75	334
75	343
75	352
75	360
75	368
75	375
75	382
75	388
75	393
75	399
75	404
75	409
75	414
75	419
75	425
75	431
75	437
75	444
75	452
75	462
76	163
76	172
76	180
76	186
76	192
76	196
76	201
76	205
76	210
76	214
76	218
76	222
76	226
76	230
76	234
76	238
76	242
76	246
76	250
76	254
76	258
76	262
76	266
76	270
76	274
76	278
76	282
76	286
76	291
76	295
76	300
76	305
76	310
76	315
76	320
76	325
76	330
76	336
76	341
76	347
76	353
76	359
76	365
76	371
76	377
76	382
76	388
76	393
76	399
76	404
76	410
76	416
76	422
76	428
76	435
76	443
76	452
77	181
77	191
77	200
77	208
77	216
77	223
77	230
77	237
77	244
77	250
77	256
77	262
77	268
77	274
77	280
77	286
77	293
77	299
77	306
77	313
77	320
77	327
77	335
77	343
77	351
77	360
77	370
77	383
-1	-1
