-1	-1
10	322
10	334
10	346
10	357
10	369
10	383
11	239
11	254
11	286
11	298
11	309
11	320
11	331
11	343
11	356
12	170
12	181
12	192
12	203
12	214
12	225
12	236
12	247
12	258
12	269
12	280
12	291
12	302
12	313
12	325
13	161
13	172
13	182
13	192
13	202
13	212
13	223
13	234
13	245
13	256
13	267
13	279
13	292
14	170
14	182
14	194
19	161
19	172
19	182
19	192
19	202
19	213
19	224
19	235
19	247
19	259
19	271
19	282
19	293
19	303
19	313
19	323
19	332
19	341
19	350
19	359
19	368
19	377
19	386
19	396
19	407
20	156
20	165
20	173
20	181
20	189
20	197
20	205
20	213
20	222
20	231
20	240
20	249
20	258
20	267
20	276
20	285
20	293
20	301
20	309
20	317
20	324
20	331
20	338
20	345
20	352
20	359
20	366
20	373
20	380
20	387
20	394
20	402
20	410
20	419
20	428
20	439
21	150
21	159
21	166
21	173
21	179
21	185
21	191
21	197
21	203
21	209
21	215
21	221
21	227
21	234
21	240
21	247
21	254
21	261
21	268
21	275
21	282
21	289
21	295
21	301
21	307
21	313
21	319
21	325
21	331
21	337
21	343
21	349
21	354
21	360
21	365
21	370
21	375
21	380
21	386
21	391
21	397
21	403
21	409
21	416
21	423
21	431
21	440
21	450
22	149
22	158
22	165
22	171
22	177
22	183
22	188
22	194
22	200
22	206
22	212
22	218
22	224
22	230
22	236
22	242
22	248
22	254
22	260
22	266
22	272
22	278
22	283
22	289
22	294
22	299
22	304
22	309
22	314
22	319
22	324
22	329
22	334
22	339
22	344
22	349
22	354
22	359
22	363
22	368
22	373
22	378
22	383
22	388
22	393
22	398
22	404
22	410
22	416
22	423
22	431
22	439
22	449
23	150
23	159
23	167
23	174
23	181
23	188
23	195
23	202
23	209
23	216
23	223
23	231
23	239
23	247
23	255
23	262
23	269
23	275
23	281
23	287
23	292
23	298
23	303
23	308
23	313
23	318
23	323
23	328
23	333
23	338
23	343
23	348
23	353
23	358
23	363
23	368
23	373
23	378
23	383
23	388
23	394
23	400
23	406
23	413
23	420
23	428
23	437
23	449
24	159
24	169
24	178
24	187
24	196
24	205
24	214
24	224
24	234
24	245
24	255
24	264
24	272
24	279
24	286
24	292
24	298
24	304
24	310
24	316
24	322
24	328
24	333
24	339
24	344
24	349
24	354
24	359
24	364
24	369
24	374
24	379
24	384
24	389
24	394
24	400
24	406
24	412
24	419
24	427
24	436
24	447
25	172
25	183
25	194
25	205
25	216
25	228
25	257
25	268
25	277
25	285
25	293
25	300
25	307
25	314
25	320
25	326
25	332
25	337
25	342
25	346
25	351
25	355
25	360
25	364
25	369
25	373
25	378
25	382
25	387
25	392
25	397
25	402
25	408
25	414
25	420
25	427
25	435
25	445
26	267
26	278
26	287
26	295
26	302
26	309
26	315
26	321
26	326
26	331
26	336
26	341
26	345
26	350
26	355
26	359
26	364
26	369
26	374
26	379
26	384
26	389
26	395
26	400
26	406
26	412
26	419
26	427
26	436
26	447
27	271
27	282
27	291
27	299
27	305
27	311
27	315
27	320
27	324
27	328
27	332
27	336
27	340
27	343
27	347
27	351
27	355
27	359
27	363
27	367
27	371
27	376
27	380
27	385
27	390
27	395
27	401
27	407
27	413
27	420
27	427
27	436
27	446
28	282
28	292
28	300
28	307
28	313
28	318
28	323
28	328
28	332
28	337
28	341
28	346
28	351
28	356
28	361
28	367
28	373
28	379
28	386
28	393
28	400
28	408
28	416
28	425
28	436
29	281
29	291
29	299
29	306
29	312
29	318
29	323
29	328
29	333
29	339
29	344
29	350
29	356
29	363
29	370
29	378
29	386
29	395
29	405
29	416
30	278
30	288
30	296
30	303
30	309
30	314
30	320
30	325
30	330
30	336
30	342
30	348
30	355
30	362
30	369
30	377
30	386
30	396
30	408
31	276
31	285
31	293
31	300
31	306
31	312
31	318
31	325
31	332
31	339
31	347
31	356
31	366
32	269
32	279
32	287
32	293
32	299
32	304
32	310
32	315
32	321
32	327
32	333
32	340
32	347
32	356
32	366
33	260
33	270
33	279
33	286
33	292
33	298
33	304
33	310
33	316
33	322
33	329
33	336
33	344
33	353
33	365
34	246
34	257
34	266
34	273
34	280
34	284
34	290
34	294
34	299
34	303
34	308
34	312
34	317
34	322
34	327
34	333
34	339
34	346
34	354
34	363
34	375
35	188
35	200
35	211
35	222
35	233
35	243
35	252
35	260
35	267
35	273
35	278
35	283
35	288
35	292
35	297
35	301
35	306
35	311
35	316
35	321
35	327
35	333
35	340
35	348
35	357
35	369
36	166
36	176
36	185
36	194
36	203
36	211
36	219
36	227
36	235
36	243
36	250
36	256
36	261
36	266
36	271
36	275
36	280
36	283
36	288
36	292
36	296
36	300
36	304
36	308
36	313
36	317
36	322
36	327
36	333
36	339
36	346
36	354
36	364
37	158
37	168
37	176
37	183
37	190
37	197
37	203
37	209
37	215
37	221
37	227
37	233
37	239
37	244
37	250
37	254
37	259
37	263
37	268
37	272
37	276
37	280
37	284
37	288
37	292
37	296
37	300
37	304
37	308
37	312
37	317
37	321
37	326
37	331
37	337
37	343
37	350
37	358
37	368
38	152
38	161
38	169
38	176
38	182
38	188
38	194
38	199
38	204
38	209
38	214
38	219
38	224
38	229
38	234
38	238
38	243
38	247
38	251
38	255
38	259
38	263
38	267
38	271
38	275
38	279
38	283
38	287
38	291
38	295
38	299
38	304
38	308
38	313
38	318
38	324
38	330
38	337
38	345
38	354
39	148
39	157
39	164
39	170
39	175
39	181
39	185
39	190
39	194
39	199
39	203
39	207
39	211
39	215
39	219
39	223
39	227
39	231
39	235
39	239
39	243
39	247
39	251
39	254
39	258
39	261
39	265
39	268
39	272
39	275
39	279
39	282
39	286
39	289
39	293
39	297
39	300
39	305
39	308
39	313
39	317
39	322
39	327
39	333
39	339
39	346
39	354
39	364
40	147
40	155
40	162
40	167
40	172
40	177
40	181
40	185
40	189
40	193
40	196
40	200
40	203
40	207
40	210
40	214
40	217
40	221
40	224
40	228
40	231
40	235
40	238
40	242
40	245
40	249
40	252
40	256
40	259
40	263
40	267
40	270
40	274
40	278
40	282
40	286
40	290
40	294
40	298
40	303
40	307
40	312
40	317
40	323
40	329
40	336
40	344
40	353
40	364
41	150
41	159
41	165
41	171
41	176
41	181
41	186
41	191
41	195
41	200
41	204
41	209
41	213
41	217
41	221
41	225
41	229
41	233
41	237
41	240
41	244
41	247
41	251
41	254
41	258
41	261
41	265
41	268
41	272
41	276
41	280
41	284
41	288
41	292
41	297
41	301
41	306
41	311
41	316
41	322
41	328
41	335
41	343
41	352
41	365
42	152
42	161
42	169
42	176
42	182
42	188
42	193
42	199
42	204
42	210
42	215
42	220
42	225
42	230
42	235
42	240
42	245
42	250
42	254
42	259
42	263
42	267
42	271
42	275
42	279
42	283
42	287
42	291
42	295
42	299
42	304
42	308
42	313
42	318
42	323
42	329
42	335
42	342
42	350
42	359
43	161
43	171
43	179
43	186
43	193
43	199
43	205
43	211
43	217
43	223
43	229
43	235
43	241
43	247
43	253
43	259
43	265
43	271
43	277
43	283
43	289
43	295
43	302
43	309
43	316
43	324
43	333
43	344
44	162
44	172
44	181
44	189
44	196
44	203
44	210
44	216
44	223
44	229
44	235
44	241
44	247
44	254
44	260
44	267
44	274
44	281
44	288
44	296
44	304
44	313
44	323
44	334
45	157
45	166
45	173
45	180
45	185
45	191
45	195
45	200
45	205
45	210
45	214
45	219
45	223
45	228
45	232
45	237
45	242
45	247
45	252
45	257
45	262
45	267
45	273
45	278
45	284
45	290
45	296
45	302
45	308
45	315
45	322
45	330
45	339
45	350
46	156
46	164
46	171
46	175
46	181
46	183
46	188
46	191
46	194
46	198
46	201
46	203
46	207
46	209
46	212
46	215
46	217
46	220
46	223
46	225
46	228
46	231
46	234
46	236
46	239
46	242
46	245
46	248
46	251
46	254
46	257
46	261
46	264
46	268
46	271
46	275
46	279
46	283
46	287
46	292
46	296
46	301
46	306
46	312
46	318
46	325
46	333
46	342
46	354
47	157
47	165
47	171
47	176
47	181
47	184
47	189
47	191
47	194
47	198
47	200
47	202
47	205
47	208
47	210
47	212
47	214
47	217
47	219
47	221
47	223
47	225
47	227
47	230
47	231
47	233
47	236
47	237
47	240
47	241
47	244
47	246
47	248
47	250
47	252
47	255
47	256
47	259
47	261
47	264
47	266
47	268
47	271
47	274
47	276
47	279
47	282
47	285
47	287
47	291
47	294
47	297
47	301
47	305
47	309
47	314
47	318
47	324
47	329
47	336
47	344
47	353
48	158
48	168
48	176
48	183
48	190
48	196
48	202
48	207
48	212
48	216
48	221
48	223
48	227
48	231
48	232
48	236
48	239
48	241
48	243
48	246
48	249
48	251
48	253
48	256
48	258
48	260
48	263
48	265
48	267
48	270
48	272
48	274
48	277
48	279
48	281
48	284
48	286
48	289
48	291
48	294
48	297
48	299
48	303
48	306
48	309
48	313
48	316
48	320
48	324
48	328
48	333
48	338
48	344
48	351
48	359
48	369
49	168
49	178
49	187
49	196
49	205
49	213
49	221
49	229
49	236
49	242
49	248
49	253
49	258
49	262
49	267
49	271
49	275
49	279
49	283
49	287
49	291
49	295
49	299
49	304
49	308
49	313
49	318
49	324
49	330
49	337
49	345
49	354
49	365
50	171
50	181
50	190
50	198
50	205
50	212
50	219
50	225
50	232
50	238
50	245
50	251
50	258
50	265
50	272
50	279
50	286
50	294
50	302
50	311
50	321
50	333
51	169
51	179
51	188
51	197
51	205
51	212
51	219
51	225
51	231
51	236
51	241
51	246
51	251
51	256
51	261
51	265
51	270
51	275
51	280
51	285
51	290
51	296
51	302
51	308
51	315
51	322
51	330
51	339
51	349
52	167
52	177
52	186
52	195
52	203
52	211
52	219
52	227
52	234
52	241
52	247
52	253
52	258
52	263
52	268
52	273
52	278
52	283
52	288
52	293
52	298
52	304
52	309
52	315
52	322
52	329
52	337
52	346
52	357
53	159
53	169
53	176
53	183
53	189
53	194
53	200
53	205
53	210
53	215
53	220
53	226
53	231
53	237
53	243
53	249
53	255
53	261
53	268
53	275
53	282
53	289
53	296
53	304
53	312
53	321
53	331
53	343
54	158
54	166
54	172
54	177
54	182
54	185
54	190
54	193
54	197
54	200
54	203
54	207
54	210
54	213
54	216
54	219
54	222
54	225
54	228
54	232
54	235
54	238
54	242
54	245
54	249
54	252
54	256
54	260
54	264
54	268
54	272
54	276
54	281
54	285
54	290
54	295
54	300
54	305
54	311
54	317
54	324
54	331
54	339
54	348
54	359
55	157
55	165
55	171
55	176
55	181
55	185
55	190
55	193
55	197
55	201
55	204
55	208
55	211
55	214
55	217
55	220
55	223
55	226
55	229
55	232
55	235
55	238
55	241
55	243
55	247
55	249
55	252
55	255
55	258
55	260
55	264
55	266
55	269
55	272
55	275
55	278
55	281
55	284
55	287
55	290
55	293
55	296
55	299
55	302
55	306
55	309
55	313
55	316
55	320
55	324
55	328
55	333
55	337
55	342
55	347
55	353
55	360
55	368
55	377
56	162
56	172
56	181
56	190
56	199
56	207
56	215
56	222
56	229
56	235
56	241
56	246
56	251
56	255
56	260
56	263
56	267
56	271
56	273
56	277
56	280
56	283
56	286
56	289
56	292
56	294
56	298
56	300
56	303
56	306
56	309
56	312
56	315
56	318
56	321
56	325
56	328
56	332
56	335
56	339
56	343
56	347
56	352
56	357
56	363
56	369
56	376
56	385
56	395
57	176
57	186
57	195
57	203
57	211
57	219
57	227
57	235
57	244
57	253
57	262
57	270
57	277
57	283
57	289
57	294
57	300
57	305
57	310
57	316
57	321
57	327
57	333
57	339
57	346
57	353
57	361
57	370
57	381
58	168
58	177
58	183
58	189
58	194
58	199
58	203
58	208
58	212
58	216
58	221
58	225
58	229
58	234
58	238
58	243
58	248
58	253
58	258
58	264
58	269
58	275
58	281
58	288
58	295
58	302
58	309
58	316
58	323
58	330
58	337
58	344
58	351
58	359
58	367
58	377
59	162
59	171
59	177
59	182
59	187
59	191
59	194
59	198
59	202
59	204
59	208
59	211
59	214
59	217
59	220
59	223
59	226
59	229
59	232
59	235
59	238
59	241
59	244
59	247
59	250
59	253
59	256
59	259
59	262
59	266
59	268
59	272
59	275
59	279
59	282
59	286
59	290
59	294
59	298
59	302
59	306
59	310
59	314
59	318
59	322
59	326
59	330
59	334
59	338
59	342
59	346
59	350
59	355
59	359
59	365
59	370
59	376
59	383
59	391
59	400
60	162
60	172
60	180
60	187
60	193
60	199
60	204
60	210
60	214
60	219
60	223
60	227
60	231
60	235
60	239
60	242
60	246
60	250
60	253
60	257
60	260
60	263
60	267
60	270
60	273
60	277
60	280
60	283
60	286
60	289
60	292
60	295
60	298
60	301
60	304
60	307
60	310
60	312
60	315
60	318
60	320
60	323
60	326
60	328
60	331
60	334
60	337
60	340
60	344
60	347
60	350
60	355
60	358
60	363
60	367
60	373
60	378
60	385
60	392
60	401
60	414
61	238
61	249
61	258
61	266
61	273
61	280
61	286
61	292
61	297
61	302
61	306
61	311
61	314
61	318
61	322
61	326
61	330
61	334
61	338
61	342
61	347
61	352
61	357
61	363
61	369
61	376
61	384
61	394
62	337
63	189
63	200
63	210
63	219
63	228
63	237
63	247
63	257
63	267
63	278
63	290
63	302
63	314
63	325
63	334
63	343
63	351
63	360
63	369
63	380
64	217
64	228
64	238
64	248
64	257
64	266
64	275
64	284
64	293
64	301
64	309
64	317
64	324
64	331
64	338
64	344
64	350
64	357
64	364
64	372
64	381
64	392
65	282
65	293
65	303
65	313
65	322
65	331
65	340
65	349
65	359
67	186
67	196
67	205
67	214
67	223
67	232
67	241
67	250
67	259
67	269
67	279
67	290
68	173
68	182
68	190
68	196
68	202
68	207
68	212
68	217
68	222
68	227
68	231
68	236
68	240
68	245
68	250
68	255
68	260
68	265
68	270
68	275
68	280
68	286
68	292
68	298
68	304
68	310
68	317
68	324
68	330
68	336
68	342
68	348
68	355
68	362
68	370
68	379
68	391
69	177
69	185
69	192
69	197
69	202
69	207
69	211
69	215
69	219
69	223
69	226
69	230
69	233
69	237
69	240
69	243
69	247
69	250
69	253
69	257
69	260
69	263
69	267
69	270
69	273
69	277
69	280
69	284
69	287
69	291
69	294
69	298
69	302
69	305
69	309
69	313
69	317
69	321
69	325
69	329
69	333
69	337
69	341
69	345
69	349
69	354
69	358
69	363
69	368
69	374
69	380
69	387
69	395
69	405
70	190
70	201
70	210
70	218
70	225
70	232
70	238
70	244
70	249
70	254
70	259
70	264
70	269
70	273
70	278
70	282
70	286
70	290
70	294
70	298
70	302
70	306
70	310
70	314
70	318
70	322
70	326
70	330
70	335
70	339
70	344
70	349
70	355
70	360
70	367
70	374
70	382
70	392
72	191
72	203
72	215
73	168
73	178
73	186
73	193
73	200
73	207
73	213
73	219
73	226
73	232
73	239
73	246
73	253
73	260
73	268
73	276
73	285
73	294
73	303
73	313
73	323
73	332
73	341
73	350
73	359
73	369
74	167
74	176
74	183
74	189
74	194
74	200
74	204
74	209
74	213
74	218
74	222
74	226
74	231
74	235
74	239
74	244
74	248
74	253
74	257
74	262
74	266
74	271
74	276
74	281
74	286
74	291
74	296
74	301
74	306
74	311
74	317
74	322
74	328
74	333
74	338
74	343
74	348
74	353
74	358
74	364
74	370
74	376
74	383
74	391
74	401
75	180
75	190
75	198
75	205
75	212
75	218
75	224
75	230
75	235
75	241
75	246
75	252
75	257
75	262
75	267
75	272
75	277
75	282
75	287
75	292
75	297
75	303
75	308
75	314
75	319
75	325
75	330
75	336
75	341
75	347
75	352
75	358
75	364
75	370
75	377
75	385
75	394
-1	-1
