-1	-1
12	228
12	240
12	251
12	262
12	273
12	285
12	297
12	310
12	322
12	333
12	344
12	354
12	364
12	374
12	384
12	396
13	201
13	212
13	222
13	232
13	241
13	250
13	259
13	268
13	277
13	286
13	295
13	304
13	314
13	323
13	332
13	341
13	350
13	358
13	366
13	375
13	384
13	394
14	196
14	207
14	217
14	226
14	234
14	242
14	250
14	258
14	266
14	274
14	282
14	290
14	298
14	306
14	314
14	323
14	331
14	339
14	347
14	355
14	363
14	371
14	380
14	390
15	186
15	197
15	207
15	216
15	224
15	232
15	240
15	247
15	254
15	261
15	269
15	277
15	285
15	293
15	301
15	309
15	317
15	325
15	333
15	341
15	349
15	357
15	365
15	373
15	382
15	392
16	177
16	188
16	197
16	205
16	213
16	220
16	227
16	233
16	239
16	245
16	251
16	257
16	263
16	269
16	275
16	281
16	287
16	294
16	301
16	308
16	315
16	322
16	329
16	336
16	343
16	350
16	357
16	365
16	373
16	382
16	392
17	168
17	178
17	187
17	194
17	201
17	207
17	213
17	219
17	224
17	229
17	234
17	239
17	244
17	249
17	254
17	259
17	264
17	269
17	274
17	279
17	285
17	290
17	296
17	302
17	308
17	314
17	320
17	326
17	332
17	338
17	344
17	350
17	357
17	364
17	371
17	379
17	387
17	396
17	407
18	162
18	171
18	179
18	185
18	191
18	196
18	201
18	205
18	210
18	213
18	217
18	221
18	224
18	228
18	231
18	234
18	238
18	241
18	244
18	247
18	251
18	253
18	257
18	260
18	263
18	267
18	270
18	274
18	277
18	281
18	284
18	288
18	292
18	296
18	300
18	304
18	308
18	313
18	317
18	322
18	327
18	332
18	337
18	342
18	347
18	353
18	358
18	364
18	370
18	376
18	382
18	389
18	396
18	404
18	413
18	424
19	158
19	167
19	173
19	179
19	184
19	189
19	193
19	197
19	201
19	203
19	207
19	210
19	213
19	216
19	219
19	221
19	224
19	227
19	229
19	232
19	234
19	237
19	239
19	242
19	244
19	247
19	249
19	252
19	254
19	257
19	259
19	262
19	264
19	267
19	269
19	272
19	274
19	277
19	279
19	282
19	285
19	287
19	290
19	293
19	295
19	298
19	301
19	304
19	307
19	310
19	313
19	316
19	319
19	323
19	326
19	329
19	333
19	336
19	340
19	344
19	347
19	351
19	355
19	359
19	363
19	367
19	372
19	376
19	381
19	386
19	391
19	396
19	402
19	408
19	415
19	423
19	432
19	442
20	157
20	165
20	172
20	178
20	183
20	188
20	192
20	196
20	200
20	203
20	207
20	210
20	213
20	216
20	219
20	222
20	224
20	228
20	230
20	233
20	235
20	238
20	241
20	242
20	245
20	248
20	250
20	252
20	255
20	257
20	259
20	262
20	264
20	266
20	269
20	271
20	273
20	276
20	278
20	280
20	283
20	285
20	287
20	290
20	292
20	294
20	297
20	299
20	301
20	304
20	306
20	309
20	311
20	314
20	316
20	319
20	321
20	324
20	326
20	329
20	331
20	334
20	337
20	339
20	342
20	345
20	347
20	350
20	353
20	356
20	358
20	362
20	364
20	367
20	370
20	373
20	376
20	379
20	382
20	386
20	388
20	392
20	396
20	399
20	404
20	407
20	412
20	417
20	422
20	428
20	434
20	441
20	449
20	458
20	469
21	157
21	166
21	173
21	180
21	186
21	192
21	197
21	202
21	207
21	211
21	216
21	220
21	224
21	228
21	231
21	235
21	238
21	241
21	244
21	247
21	250
21	253
21	256
21	259
21	262
21	265
21	268
21	271
21	273
21	276
21	279
21	281
21	284
21	286
21	289
21	291
21	294
21	296
21	299
21	301
21	303
21	306
21	308
21	310
21	313
21	315
21	317
21	320
21	322
21	324
21	326
21	329
21	331
21	333
21	335
21	338
21	340
21	342
21	345
21	347
21	349
21	352
21	354
21	356
21	359
21	361
21	364
21	366
21	369
21	371
21	374
21	376
21	379
21	382
21	385
21	387
21	391
21	394
21	397
21	400
21	404
21	407
21	411
21	415
21	419
21	424
21	429
21	435
21	441
21	448
21	456
21	465
21	476
22	178
22	189
22	198
22	206
22	214
22	221
22	228
22	234
22	240
22	246
22	252
22	258
22	263
22	268
22	273
22	277
22	282
22	285
22	290
22	293
22	297
22	301
22	304
22	308
22	311
22	313
22	317
22	319
22	322
22	325
22	327
22	330
22	333
22	335
22	338
22	341
22	343
22	346
22	349
22	351
22	354
22	357
22	359
22	363
22	365
22	368
22	371
22	374
22	377
22	380
22	384
22	387
22	391
22	395
22	398
22	403
22	407
22	412
22	417
22	422
22	428
22	434
22	441
22	449
22	458
22	469
23	203
23	214
23	224
23	234
23	243
23	252
23	261
23	269
23	277
23	285
23	292
23	299
23	304
23	310
23	314
23	319
23	323
23	328
23	332
23	336
23	340
23	344
23	348
23	352
23	356
23	360
23	364
23	368
23	372
23	376
23	380
23	385
23	389
23	394
23	398
23	404
23	409
23	415
23	421
23	427
23	434
23	441
23	449
23	458
24	237
24	249
24	260
24	271
24	281
24	291
24	300
24	308
24	316
24	323
24	330
24	336
24	342
24	348
24	354
24	360
24	366
24	372
24	378
24	384
24	390
24	396
24	402
24	408
24	415
24	421
24	428
24	435
24	443
24	452
24	462
25	302
25	313
25	323
25	332
25	341
25	349
25	357
25	365
25	373
25	380
25	387
25	394
25	401
25	408
25	415
25	422
25	429
25	436
25	444
25	453
25	463
26	322
26	333
26	343
26	353
26	362
26	370
26	377
26	383
26	389
26	395
26	401
26	407
26	413
26	420
26	427
26	434
26	442
26	451
26	461
27	342
27	354
27	364
27	372
27	379
27	385
27	391
27	397
27	404
27	411
27	418
27	426
27	435
27	445
28	348
28	359
28	369
28	379
28	389
28	400
29	331
29	342
29	352
29	361
29	370
29	378
29	386
29	395
29	405
29	417
30	308
30	320
30	331
30	341
30	350
30	358
30	365
30	372
30	379
30	386
30	393
30	401
30	409
30	419
31	278
31	290
31	301
31	312
31	323
31	333
31	342
31	350
31	356
31	362
31	368
31	374
31	380
31	386
31	393
31	400
31	408
31	418
32	261
32	273
32	284
32	295
32	306
32	316
32	326
32	335
32	342
32	348
32	353
32	358
32	363
32	367
32	372
32	377
32	382
32	387
32	393
32	399
32	406
32	415
32	425
33	231
33	243
33	254
33	265
33	276
33	287
33	298
33	308
33	317
33	326
33	334
33	341
33	347
33	353
33	358
33	364
33	369
33	375
33	381
33	387
33	394
33	401
33	409
33	419
34	226
34	238
34	250
34	262
34	274
34	286
34	297
34	307
34	316
34	324
34	332
34	339
34	346
34	353
34	360
34	367
34	374
34	381
34	389
34	397
34	407
35	237
35	250
35	262
35	274
35	285
35	295
35	304
35	313
35	321
35	328
35	334
35	340
35	346
35	352
35	358
35	364
35	370
35	376
35	383
35	390
35	398
35	408
36	211
36	222
36	232
36	242
36	252
36	262
36	271
36	280
36	289
36	298
36	307
36	315
36	322
36	328
36	333
36	337
36	342
36	345
36	350
36	353
36	357
36	361
36	365
36	369
36	374
36	378
36	384
36	389
36	395
36	402
36	410
36	420
37	206
37	217
37	227
37	236
37	245
37	254
37	263
37	272
37	281
37	290
37	299
37	307
37	313
37	319
37	323
37	328
37	332
37	335
37	339
37	342
37	345
37	348
37	351
37	354
37	357
37	361
37	364
37	368
37	371
37	375
37	379
37	383
37	388
37	393
37	398
37	404
37	411
37	419
37	429
38	193
38	204
38	214
38	224
38	233
38	242
38	251
38	260
38	269
38	278
38	287
38	295
38	302
38	309
38	314
38	320
38	324
38	329
38	333
38	337
38	341
38	345
38	349
38	354
38	358
38	363
38	368
38	373
38	379
38	385
38	392
38	399
38	408
38	419
39	183
39	194
39	203
39	212
39	220
39	228
39	236
39	243
39	250
39	257
39	264
39	271
39	278
39	285
39	292
39	298
39	304
39	310
39	316
39	322
39	328
39	335
39	342
39	349
39	356
39	363
39	370
39	378
39	386
39	395
39	406
40	179
40	189
40	198
40	206
40	213
40	220
40	226
40	232
40	238
40	244
40	250
40	256
40	262
40	268
40	274
40	280
40	286
40	292
40	298
40	304
40	310
40	316
40	322
40	328
40	334
40	340
40	345
40	351
40	356
40	362
40	368
40	374
40	381
40	389
40	398
41	172
41	182
41	191
41	199
41	205
41	211
41	216
41	222
41	227
41	232
41	237
41	242
41	247
41	252
41	257
41	262
41	267
41	272
41	277
41	282
41	287
41	292
41	297
41	302
41	307
41	311
41	316
41	320
41	324
41	328
41	332
41	336
41	340
41	344
41	348
41	352
41	356
41	360
41	365
41	369
41	375
41	380
41	386
41	393
41	401
41	411
42	170
42	180
42	188
42	194
42	200
42	206
42	211
42	216
42	221
42	226
42	231
42	236
42	241
42	246
42	251
42	256
42	261
42	265
42	270
42	274
42	278
42	282
42	286
42	290
42	293
42	297
42	300
42	303
42	306
42	310
42	312
42	315
42	318
42	321
42	324
42	327
42	330
42	333
42	336
42	339
42	342
42	346
42	349
42	353
42	357
42	361
42	366
42	370
42	376
42	381
42	388
42	396
42	405
43	170
43	180
43	188
43	194
43	200
43	204
43	209
43	213
43	218
43	222
43	226
43	230
43	234
43	238
43	242
43	246
43	250
43	253
43	257
43	260
43	263
43	266
43	269
43	272
43	274
43	278
43	280
43	282
43	285
43	288
43	290
43	292
43	295
43	297
43	299
43	302
43	303
43	306
43	308
43	310
43	313
43	315
43	317
43	320
43	322
43	325
43	327
43	330
43	333
43	335
43	338
43	341
43	345
43	347
43	351
43	355
43	358
43	363
43	367
43	372
43	377
43	383
43	390
43	398
43	408
44	168
44	177
44	184
44	190
44	194
44	199
44	203
44	207
44	211
44	214
44	218
44	221
44	224
44	227
44	231
44	233
44	236
44	239
44	242
44	244
44	247
44	249
44	252
44	254
44	256
44	259
44	261
44	263
44	265
44	267
44	270
44	271
44	273
44	276
44	277
44	280
44	281
44	283
44	286
44	287
44	289
44	291
44	293
44	295
44	297
44	299
44	301
44	304
44	306
44	308
44	310
44	313
44	315
44	318
44	320
44	324
44	326
44	329
44	332
44	336
44	338
44	342
44	346
44	349
44	354
44	358
44	363
44	368
44	374
44	380
44	387
44	395
44	405
45	166
45	174
45	181
45	187
45	192
45	197
45	201
45	205
45	209
45	212
45	215
45	219
45	221
45	224
45	227
45	230
45	232
45	234
45	237
45	239
45	242
45	243
45	246
45	248
45	250
45	252
45	254
45	257
45	258
45	261
45	263
45	265
45	267
45	270
45	272
45	274
45	277
45	279
45	282
45	285
45	287
45	290
45	294
45	296
45	300
45	303
45	307
45	310
45	315
45	318
45	323
45	327
45	332
45	336
45	341
45	345
45	350
45	355
45	360
45	366
45	372
45	378
45	385
45	393
45	403
46	171
46	181
46	189
46	196
46	202
46	207
46	212
46	216
46	221
46	225
46	229
46	233
46	237
46	241
46	245
46	249
46	254
46	258
46	263
46	268
46	273
46	278
46	284
46	290
46	296
46	303
46	310
46	317
46	323
46	329
46	334
46	340
46	345
46	351
46	356
46	362
46	368
46	375
46	383
46	392
46	404
47	190
47	201
47	211
47	220
47	229
47	238
47	247
47	256
47	265
47	274
47	283
47	292
47	300
47	308
47	316
47	323
47	330
47	337
47	345
47	353
47	362
47	372
47	384
48	186
48	196
48	205
48	213
48	221
48	228
48	235
48	242
48	249
48	256
48	263
48	270
48	276
48	283
48	290
48	297
48	304
48	311
48	318
48	326
48	334
48	343
48	352
48	362
48	373
49	180
49	190
49	199
49	206
49	213
49	219
49	225
49	231
49	236
49	242
49	247
49	253
49	258
49	264
49	270
49	276
49	282
49	289
49	296
49	303
49	310
49	318
49	326
49	334
49	342
49	350
49	358
49	366
49	375
49	384
49	394
50	170
50	180
50	188
50	195
50	202
50	208
50	214
50	219
50	225
50	230
50	236
50	242
50	248
50	254
50	261
50	268
50	275
50	282
50	289
50	296
50	303
50	310
50	317
50	323
50	329
50	335
50	341
50	346
50	352
50	357
50	363
50	369
50	375
50	382
50	389
50	397
50	407
51	166
51	173
51	180
51	185
51	191
51	195
51	200
51	205
51	210
51	215
51	220
51	225
51	230
51	236
51	242
51	248
51	254
51	260
51	266
51	272
51	278
51	284
51	289
51	294
51	299
51	304
51	308
51	312
51	316
51	320
51	323
51	327
51	330
51	333
51	337
51	340
51	343
51	347
51	350
51	353
51	357
51	360
51	364
51	368
51	372
51	376
51	381
51	386
51	392
51	398
51	405
51	414
51	425
52	161
52	170
52	175
52	181
52	184
52	189
52	192
52	196
52	200
52	203
52	207
52	211
52	214
52	218
52	222
52	226
52	230
52	234
52	238
52	242
52	246
52	250
52	254
52	258
52	262
52	265
52	269
52	272
52	276
52	279
52	282
52	285
52	288
52	291
52	294
52	297
52	300
52	302
52	305
52	307
52	310
52	312
52	314
52	316
52	319
52	321
52	322
52	325
52	327
52	329
52	331
52	333
52	336
52	337
52	340
52	342
52	345
52	347
52	349
52	352
52	355
52	357
52	360
52	363
52	366
52	369
52	373
52	376
52	380
52	385
52	389
52	395
52	400
52	407
52	415
52	425
53	164
53	172
53	179
53	184
53	190
53	194
53	199
53	202
53	207
53	210
53	214
53	217
53	221
53	224
53	227
53	231
53	233
53	237
53	240
53	242
53	246
53	248
53	251
53	253
53	256
53	259
53	261
53	263
53	266
53	268
53	270
53	272
53	274
53	276
53	278
53	280
53	282
53	283
53	286
53	287
53	289
53	291
53	292
53	294
53	296
53	297
53	299
53	301
53	302
53	304
53	305
53	307
53	309
53	310
53	312
53	313
53	315
53	317
53	318
53	320
53	321
53	323
53	325
53	326
53	328
53	330
53	332
53	334
53	336
53	337
53	340
53	342
53	344
53	346
53	348
53	351
53	353
53	356
53	358
53	361
53	364
53	367
53	370
53	374
53	377
53	381
53	385
53	389
53	395
53	400
53	407
53	415
53	424
54	177
54	186
54	193
54	200
54	204
54	209
54	212
54	216
54	220
54	222
54	225
54	228
54	231
54	232
54	235
54	238
54	240
54	242
54	243
54	246
54	248
54	250
54	252
54	253
54	255
54	257
54	259
54	261
54	262
54	263
54	266
54	267
54	269
54	270
54	272
54	273
54	275
54	276
54	278
54	279
54	281
54	282
54	284
54	285
54	287
54	288
54	290
54	291
54	293
54	294
54	296
54	297
54	299
54	300
54	302
54	304
54	305
54	307
54	308
54	310
54	312
54	314
54	316
54	317
54	319
54	322
54	324
54	326
54	328
54	330
54	333
54	335
54	338
54	340
54	344
54	346
54	349
54	353
54	356
54	359
54	363
54	367
54	371
54	375
54	379
54	384
54	389
54	395
54	401
54	408
54	416
54	426
55	167
55	177
55	185
55	192
55	197
55	202
55	206
55	210
55	212
55	216
55	219
55	222
55	223
55	227
55	229
55	231
55	233
55	235
55	238
55	240
55	241
55	243
55	246
55	247
55	249
55	251
55	253
55	255
55	256
55	259
55	260
55	262
55	264
55	266
55	268
55	270
55	272
55	274
55	276
55	278
55	280
55	283
55	285
55	287
55	290
55	293
55	295
55	298
55	301
55	305
55	307
55	311
55	315
55	319
55	323
55	328
55	332
55	337
55	342
55	347
55	352
55	357
55	362
55	367
55	372
55	376
55	381
55	386
55	391
55	396
55	402
55	408
55	415
55	423
55	432
56	171
56	181
56	189
56	196
56	202
56	207
56	212
56	216
56	221
56	225
56	230
56	234
56	239
56	244
56	249
56	255
56	260
56	266
56	273
56	280
56	288
56	297
56	306
56	315
56	323
56	330
56	337
56	342
56	347
56	352
56	355
56	360
56	363
56	367
56	371
56	374
56	378
56	381
56	385
56	389
56	393
56	397
56	402
56	407
56	412
56	418
56	425
56	433
56	442
57	188
57	198
57	207
57	215
57	224
57	233
57	242
57	252
57	262
57	272
57	282
57	292
57	301
57	309
57	316
57	322
57	327
57	332
57	335
57	340
57	342
57	345
57	349
57	351
57	353
57	356
57	359
57	361
57	364
57	366
57	369
57	371
57	374
57	377
57	379
57	383
57	386
57	389
57	393
57	396
57	400
57	404
57	408
57	413
57	418
57	425
57	432
57	441
58	182
58	192
58	200
58	208
58	215
58	222
58	229
58	236
58	243
58	250
58	257
58	264
58	270
58	276
58	282
58	287
58	292
58	297
58	302
58	306
58	310
58	313
58	317
58	321
58	323
58	327
58	330
58	332
58	335
58	338
58	340
58	343
58	345
58	348
58	350
58	353
58	355
58	357
58	360
58	363
58	365
58	368
58	370
58	374
58	376
58	379
58	383
58	386
58	390
58	394
58	398
58	403
58	408
58	414
58	421
58	429
58	439
59	171
59	181
59	189
59	196
59	203
59	209
59	215
59	221
59	226
59	231
59	236
59	241
59	245
59	250
59	254
59	258
59	262
59	266
59	270
59	273
59	277
59	280
59	283
59	286
59	290
59	292
59	295
59	298
59	301
59	303
59	306
59	309
59	312
59	314
59	317
59	320
59	322
59	325
59	328
59	330
59	334
59	336
59	339
59	343
59	346
59	349
59	353
59	357
59	361
59	366
59	370
59	376
59	381
59	388
59	396
59	405
60	168
60	176
60	183
60	189
60	194
60	200
60	204
60	209
60	213
60	217
60	221
60	225
60	229
60	232
60	236
60	239
60	242
60	245
60	248
60	251
60	254
60	257
60	260
60	263
60	266
60	269
60	271
60	275
60	277
60	280
60	283
60	286
60	289
60	292
60	295
60	298
60	301
60	305
60	308
60	312
60	316
60	320
60	325
60	329
60	335
60	340
60	347
60	354
60	362
60	371
60	383
61	171
61	181
61	189
61	196
61	203
61	209
61	215
61	220
61	225
61	230
61	235
61	240
61	245
61	250
61	255
61	260
61	265
61	271
61	277
61	284
61	291
61	299
61	309
62	371
62	382
62	393
63	337
63	347
63	356
63	364
63	371
63	378
63	385
63	392
63	400
63	409
63	419
64	288
64	299
64	309
64	318
64	326
64	333
64	340
64	346
64	352
64	358
64	363
64	369
64	375
64	381
64	387
64	394
64	402
64	411
65	230
65	241
65	251
65	260
65	268
65	276
65	283
65	290
65	296
65	302
65	308
65	314
65	320
65	325
65	331
65	336
65	342
65	348
65	354
65	361
65	368
65	376
65	386
66	211
66	221
66	230
66	238
66	245
66	252
66	258
66	264
66	270
66	276
66	282
66	288
66	294
66	300
66	306
66	313
66	320
66	328
66	337
66	348
67	208
67	219
67	230
67	240
67	251
67	263
68	178
68	188
68	197
68	206
68	215
68	225
68	237
69	168
69	176
69	182
69	188
69	193
69	198
69	203
69	208
69	214
69	220
69	226
69	233
69	241
69	250
69	260
69	371
69	382
69	392
69	402
69	412
69	424
70	168
70	176
70	182
70	187
70	192
70	196
70	201
70	205
70	210
70	215
70	220
70	225
70	230
70	236
70	242
70	248
70	255
70	263
70	271
70	280
70	290
70	300
70	311
70	321
70	331
70	340
70	349
70	357
70	364
70	371
70	377
70	383
70	388
70	393
70	398
70	403
70	408
70	413
70	418
70	424
70	430
70	437
70	445
70	455
71	182
71	191
71	199
71	206
71	213
71	220
71	226
71	233
71	239
71	246
71	253
71	260
71	267
71	274
71	281
71	288
71	295
71	302
71	309
71	315
71	321
71	327
71	332
71	338
71	343
71	348
71	352
71	357
71	361
71	365
71	369
71	372
71	376
71	379
71	383
71	386
71	389
71	392
71	395
71	398
71	401
71	404
71	407
71	410
71	414
71	417
71	421
71	425
71	428
71	433
71	437
71	442
71	447
71	453
71	460
71	468
71	478
72	203
72	213
72	221
72	228
72	234
72	240
72	245
72	250
72	255
72	260
72	265
72	270
72	274
72	279
72	283
72	288
72	292
72	296
72	300
72	304
72	308
72	312
72	316
72	320
72	323
72	327
72	331
72	334
72	338
72	341
72	345
72	348
72	351
72	355
72	358
72	361
72	364
72	367
72	370
72	373
72	376
72	379
72	383
72	386
72	389
72	393
72	396
72	399
72	403
72	406
72	410
72	414
72	418
72	422
72	427
72	432
72	437
72	443
72	450
72	458
72	468
73	209
73	218
73	225
73	231
73	236
73	241
73	246
73	250
73	254
73	259
73	262
73	267
73	270
73	275
73	278
73	282
73	286
73	290
73	294
73	298
73	302
73	306
73	310
73	314
73	318
73	322
73	326
73	330
73	335
73	339
73	344
73	348
73	353
73	358
73	363
73	369
73	375
73	382
73	389
73	397
73	407
74	227
74	237
74	246
74	255
74	264
74	273
74	282
74	292
74	302
74	314
-1	-1
