-1	-1
0	281
0	291
0	299
0	307
0	314
0	321
0	327
0	333
0	339
0	345
0	351
0	357
0	363
0	369
0	375
0	381
0	387
0	393
0	399
0	405
0	411
0	418
0	425
0	433
0	442
0	452
1	289
1	299
1	308
1	316
1	323
1	330
1	337
1	344
1	351
1	358
1	364
1	371
1	378
1	385
1	392
1	399
1	406
1	414
1	422
1	431
1	441
2	289
2	299
2	308
2	316
2	323
2	330
2	337
2	344
2	351
2	358
2	365
2	372
2	379
2	386
2	393
2	401
2	409
2	417
2	426
2	436
3	293
3	303
3	312
3	320
3	328
3	335
3	342
3	349
3	356
3	363
3	370
3	378
3	386
3	394
3	402
3	411
3	420
3	430
4	296
4	306
4	315
4	324
4	333
4	341
4	350
4	359
4	368
4	377
4	386
4	396
4	406
4	417
5	306
5	317
5	328
5	339
5	351
7	311
7	323
7	335
8	309
8	321
8	334
13	470
13	483
13	537
13	550
13	562
13	574
14	298
14	309
14	321
14	452
14	463
14	473
14	483
14	493
14	503
14	513
14	523
14	532
14	541
14	550
14	560
14	570
14	580
14	592
15	289
15	300
15	310
15	320
15	330
15	341
15	409
15	420
15	431
15	442
15	453
15	463
15	472
15	481
15	490
15	499
15	507
15	515
15	524
15	533
15	542
15	551
15	561
15	571
15	583
16	290
16	300
16	309
16	318
16	328
16	338
16	349
16	360
16	372
16	383
16	394
16	404
16	414
16	423
16	433
16	443
16	454
16	464
16	474
16	483
16	492
16	501
16	511
16	521
16	532
16	543
16	556
17	291
17	302
17	311
17	320
17	329
17	339
17	349
17	359
17	369
17	379
17	388
17	397
17	406
17	415
17	424
17	433
17	443
17	453
17	463
17	473
17	483
17	494
17	506
18	308
18	320
18	331
18	342
18	353
18	363
18	373
18	383
18	393
18	403
18	414
18	427
20	527
20	539
20	551
20	563
20	575
20	587
21	492
21	504
21	515
21	525
21	534
21	543
21	552
21	561
21	570
21	579
21	588
21	598
21	609
22	298
22	308
22	317
22	326
22	336
22	346
22	357
22	468
22	479
22	489
22	499
22	508
22	516
22	524
22	531
22	538
22	545
22	552
22	559
22	566
22	573
22	580
22	587
22	595
22	603
22	612
22	623
23	287
23	296
23	304
23	311
23	317
23	324
23	330
23	337
23	344
23	352
23	360
23	369
23	379
23	389
23	400
23	412
23	426
23	438
23	449
23	459
23	468
23	476
23	484
23	491
23	498
23	504
23	511
23	517
23	523
23	529
23	535
23	541
23	547
23	553
23	559
23	565
23	572
23	579
23	586
23	593
23	601
23	610
23	620
24	280
24	289
24	296
24	302
24	308
24	313
24	318
24	323
24	328
24	334
24	340
24	346
24	353
24	360
24	368
24	377
24	386
24	396
24	406
24	416
24	426
24	436
24	445
24	453
24	461
24	468
24	475
24	482
24	488
24	494
24	500
24	506
24	512
24	518
24	524
24	530
24	536
24	543
24	550
24	557
24	564
24	571
24	579
24	587
24	596
24	607
25	278
25	287
25	294
25	301
25	307
25	313
25	318
25	324
25	330
25	336
25	343
25	351
25	359
25	368
25	379
25	391
25	403
25	415
25	426
25	436
25	445
25	453
25	460
25	466
25	472
25	477
25	483
25	488
25	493
25	498
25	504
25	509
25	515
25	521
25	527
25	533
25	539
25	545
25	552
25	558
25	565
25	572
25	580
25	588
25	597
26	281
26	291
26	300
26	308
26	316
26	324
26	333
26	343
26	438
26	448
26	456
26	463
26	469
26	475
26	480
26	486
26	491
26	497
26	502
26	508
26	513
26	519
26	524
26	530
26	535
26	541
26	546
26	552
26	558
26	564
26	570
26	576
26	583
26	590
26	598
26	607
27	302
27	314
27	446
27	455
27	463
27	470
27	477
27	483
27	489
27	495
27	501
27	507
27	513
27	519
27	525
27	531
27	537
27	543
27	549
27	555
27	561
27	567
27	573
27	579
27	586
27	593
27	601
27	610
28	449
28	459
28	468
28	476
28	483
28	490
28	496
28	502
28	508
28	514
28	520
28	525
28	531
28	537
28	543
28	549
28	555
28	561
28	567
28	573
28	579
28	586
28	593
28	601
28	610
28	621
29	456
29	466
29	475
29	483
29	490
29	497
29	503
29	509
29	515
29	521
29	527
29	533
29	539
29	545
29	551
29	557
29	563
29	569
29	575
29	581
29	587
29	594
29	601
29	609
29	618
30	450
30	460
30	469
30	477
30	484
30	491
30	497
30	503
30	509
30	516
30	523
30	530
30	537
30	545
30	553
30	561
30	569
30	577
30	585
30	594
30	603
30	613
31	310
31	322
31	334
31	446
31	457
31	466
31	473
31	480
31	485
31	491
31	496
31	502
31	508
31	514
31	520
31	527
31	534
31	542
31	551
31	560
31	570
31	581
31	594
32	310
32	322
32	334
32	437
32	448
32	457
32	464
32	471
32	476
32	481
32	486
32	491
32	496
32	501
32	506
32	512
32	518
32	525
32	532
32	540
32	549
32	559
33	302
33	313
33	324
33	336
33	432
33	443
33	452
33	460
33	467
33	473
33	479
33	484
33	489
33	494
33	499
33	505
33	511
33	517
33	524
33	532
33	541
33	553
34	299
34	310
34	320
34	330
34	341
34	352
34	364
34	377
34	429
34	440
34	449
34	457
34	463
34	469
34	473
34	478
34	482
34	487
34	491
34	496
34	501
34	506
34	512
34	518
34	525
34	533
34	542
34	553
35	299
35	310
35	320
35	330
35	340
35	351
35	362
35	374
35	386
35	398
35	411
35	424
35	435
35	444
35	452
35	459
35	464
35	470
35	474
35	479
35	484
35	489
35	494
35	499
35	505
35	511
35	518
35	526
35	535
35	546
36	302
36	313
36	324
36	335
36	347
36	422
36	433
36	441
36	448
36	453
36	459
36	463
36	468
36	472
36	476
36	481
36	485
36	490
36	495
36	500
36	506
36	512
36	518
36	526
36	535
36	546
37	308
37	319
37	330
37	341
37	352
37	364
37	417
37	428
37	437
37	443
37	449
37	453
37	458
37	461
37	465
37	469
37	472
37	476
37	479
37	483
37	486
37	490
37	494
37	498
37	503
37	507
37	513
37	518
37	525
37	532
37	541
37	553
38	306
38	317
38	328
38	339
38	351
38	365
38	396
38	408
38	418
38	427
38	434
38	440
38	445
38	451
38	455
38	460
38	465
38	469
38	474
38	479
38	484
38	489
38	495
38	501
38	508
38	516
38	525
39	298
39	309
39	319
39	329
39	339
39	349
39	360
39	371
39	382
39	392
39	402
39	412
39	421
39	429
39	434
39	440
39	444
39	449
39	452
39	457
39	460
39	464
39	468
39	472
39	476
39	480
39	485
39	489
39	495
39	500
39	506
39	513
39	521
39	530
40	298
40	309
40	319
40	329
40	339
40	349
40	359
40	369
40	379
40	389
40	398
40	407
40	416
40	423
40	430
40	436
40	442
40	447
40	452
40	457
40	462
40	466
40	471
40	476
40	481
40	487
40	493
40	500
40	508
40	517
41	299
41	310
41	320
41	330
41	340
41	351
41	362
41	374
41	385
41	396
41	406
41	414
41	421
41	428
41	434
41	440
41	445
41	451
41	456
41	462
41	468
41	475
41	482
41	490
41	499
42	292
42	302
42	311
42	320
42	328
42	336
42	345
42	354
42	363
42	372
42	381
42	389
42	397
42	404
42	411
42	418
42	424
42	430
42	435
42	441
42	446
42	452
42	457
42	463
42	469
42	476
42	484
42	493
42	503
43	287
43	297
43	305
43	312
43	319
43	326
43	332
43	338
43	344
43	350
43	356
43	362
43	368
43	374
43	380
43	386
43	392
43	397
43	402
43	407
43	412
43	417
43	422
43	427
43	432
43	437
43	442
43	447
43	453
43	459
43	465
43	472
43	479
43	487
43	496
43	507
44	281
44	291
44	299
44	306
44	313
44	319
44	325
44	331
44	336
44	341
44	346
44	351
44	356
44	360
44	365
44	369
44	374
44	378
44	383
44	387
44	392
44	396
44	401
44	405
44	409
44	413
44	417
44	421
44	425
44	429
44	434
44	438
44	443
44	447
44	452
44	457
44	462
44	467
44	473
44	479
44	486
44	493
44	501
44	510
44	520
45	278
45	288
45	296
45	303
45	310
45	315
45	321
45	325
45	330
45	334
45	338
45	342
45	346
45	350
45	353
45	357
45	360
45	363
45	367
45	370
45	373
45	377
45	380
45	383
45	386
45	389
45	393
45	396
45	399
45	403
45	406
45	409
45	413
45	416
45	420
45	424
45	427
45	431
45	435
45	439
45	443
45	447
45	452
45	456
45	461
45	466
45	471
45	477
45	483
45	489
45	496
45	504
45	513
45	524
46	273
46	282
46	290
46	296
46	302
46	307
46	312
46	317
46	321
46	326
46	330
46	334
46	338
46	342
46	346
46	350
46	353
46	357
46	360
46	364
46	367
46	371
46	374
46	377
46	381
46	383
46	387
46	390
46	393
46	396
46	399
46	402
46	405
46	408
46	411
46	415
46	417
46	421
46	424
46	428
46	431
46	435
46	439
46	443
46	447
46	451
46	456
46	460
46	466
46	471
46	477
46	483
46	490
46	498
46	507
47	272
47	281
47	289
47	295
47	301
47	306
47	311
47	316
47	321
47	326
47	330
47	335
47	339
47	344
47	348
47	353
47	357
47	362
47	366
47	370
47	374
47	378
47	382
47	386
47	390
47	394
47	398
47	402
47	406
47	410
47	414
47	418
47	422
47	426
47	430
47	434
47	438
47	443
47	447
47	452
47	457
47	462
47	467
47	473
47	479
47	485
47	492
47	500
47	509
47	521
48	277
48	286
48	293
48	300
48	305
48	311
48	315
48	320
48	324
48	328
48	332
48	336
48	340
48	343
48	347
48	350
48	353
48	357
48	360
48	363
48	366
48	370
48	372
48	376
48	379
48	382
48	385
48	389
48	392
48	395
48	399
48	402
48	406
48	409
48	413
48	416
48	420
48	424
48	428
48	432
48	436
48	440
48	445
48	449
48	454
48	459
48	464
48	469
48	475
48	481
48	488
48	496
48	505
48	515
49	274
49	283
49	290
49	295
49	301
49	304
49	309
49	312
49	316
49	320
49	323
49	326
49	330
49	332
49	335
49	338
49	341
49	343
49	346
49	349
49	351
49	354
49	356
49	359
49	361
49	363
49	366
49	368
49	371
49	373
49	375
49	378
49	380
49	382
49	385
49	387
49	389
49	392
49	394
49	396
49	399
49	401
49	403
49	406
49	408
49	410
49	413
49	415
49	418
49	420
49	423
49	426
49	428
49	431
49	434
49	437
49	440
49	444
49	447
49	451
49	455
49	458
49	463
49	467
49	472
49	477
49	483
49	489
49	496
49	504
49	514
50	280
50	289
50	295
50	301
50	306
50	311
50	316
50	320
50	325
50	329
50	334
50	338
50	343
50	347
50	351
50	356
50	360
50	364
50	368
50	372
50	376
50	380
50	384
50	388
50	392
50	395
50	399
50	402
50	406
50	409
50	412
50	416
50	419
50	422
50	426
50	429
50	432
50	436
50	439
50	443
50	446
50	450
50	454
50	458
50	462
50	467
50	471
50	476
50	481
50	487
50	493
50	500
50	508
50	518
51	287
51	297
51	305
51	312
51	319
51	325
51	331
51	337
51	342
51	348
51	353
51	358
51	363
51	368
51	373
51	378
51	383
51	388
51	393
51	398
51	403
51	408
51	413
51	418
51	423
51	428
51	433
51	438
51	443
51	448
51	453
51	458
51	464
51	470
51	476
51	483
51	490
51	498
51	507
51	518
52	279
52	289
52	297
52	303
52	309
52	313
52	318
52	322
52	326
52	330
52	333
52	337
52	340
52	343
52	347
52	350
52	353
52	356
52	359
52	362
52	365
52	368
52	371
52	374
52	377
52	380
52	383
52	386
52	389
52	392
52	395
52	398
52	401
52	404
52	407
52	410
52	413
52	416
52	419
52	423
52	426
52	429
52	433
52	436
52	440
52	444
52	448
52	452
52	457
52	461
52	466
52	471
52	477
52	483
52	490
52	497
52	506
52	517
53	274
53	282
53	289
53	294
53	300
53	303
53	308
53	311
53	315
53	318
53	322
53	324
53	328
53	331
53	334
53	337
53	340
53	343
53	346
53	349
53	351
53	354
53	357
53	359
53	362
53	365
53	367
53	370
53	372
53	375
53	377
53	380
53	382
53	385
53	387
53	390
53	392
53	395
53	397
53	400
53	402
53	404
53	407
53	409
53	411
53	414
53	416
53	419
53	421
53	424
53	426
53	429
53	431
53	434
53	436
53	439
53	441
53	444
53	447
53	449
53	453
53	455
53	458
53	461
53	465
53	468
53	472
53	475
53	479
53	483
53	487
53	492
53	497
53	503
53	509
53	516
53	524
53	534
54	277
54	286
54	293
54	300
54	306
54	312
54	317
54	323
54	328
54	334
54	340
54	346
54	352
54	358
54	364
54	370
54	376
54	382
54	388
54	394
54	400
54	405
54	410
54	414
54	419
54	422
54	426
54	430
54	433
54	437
54	440
54	443
54	447
54	450
54	453
54	456
54	460
54	463
54	466
54	470
54	473
54	477
54	480
54	485
54	488
54	493
54	497
54	502
54	507
54	513
54	519
54	526
54	535
54	545
55	280
55	290
55	299
55	307
55	314
55	321
55	327
55	333
55	339
55	344
55	350
55	355
55	360
55	365
55	370
55	375
55	380
55	385
55	390
55	395
55	400
55	406
55	411
55	417
55	422
55	428
55	433
55	439
55	444
55	450
55	455
55	461
55	467
55	473
55	479
55	486
55	493
55	501
55	510
55	520
56	280
56	289
56	296
56	302
56	307
56	312
56	316
56	321
56	324
56	328
56	332
56	335
56	339
56	342
56	345
56	348
56	351
56	354
56	357
56	360
56	363
56	366
56	369
56	372
56	374
56	378
56	380
56	383
56	386
56	389
56	391
56	395
56	397
56	400
56	403
56	406
56	409
56	412
56	415
56	418
56	421
56	424
56	427
56	431
56	434
56	438
56	441
56	445
56	449
56	453
56	457
56	461
56	465
56	469
56	474
56	479
56	484
56	489
56	495
56	501
56	508
56	516
56	526
57	274
57	282
57	289
57	293
57	298
57	302
57	305
57	309
57	312
57	315
57	318
57	321
57	324
57	327
57	330
57	332
57	335
57	338
57	341
57	343
57	346
57	349
57	351
57	354
57	357
57	359
57	362
57	364
57	367
57	369
57	372
57	374
57	377
57	379
57	382
57	384
57	387
57	389
57	391
57	394
57	396
57	398
57	401
57	403
57	405
57	408
57	410
57	412
57	415
57	417
57	419
57	422
57	424
57	426
57	429
57	431
57	433
57	436
57	438
57	440
57	443
57	445
57	448
57	450
57	453
57	455
57	458
57	460
57	463
57	466
57	468
57	471
57	474
57	477
57	479
57	483
57	486
57	489
57	493
57	496
57	500
57	504
57	508
57	513
57	518
57	524
57	530
57	537
57	546
57	557
58	274
58	282
58	289
58	293
58	299
58	303
58	307
58	312
58	316
58	320
58	325
58	329
58	334
58	339
58	344
58	350
58	356
58	362
58	368
58	375
58	382
58	389
58	395
58	401
58	406
58	411
58	415
58	420
58	423
58	428
58	431
58	434
58	438
58	441
58	444
58	447
58	450
58	453
58	455
58	459
58	461
58	464
58	467
58	469
58	472
58	475
58	477
58	480
58	483
58	486
58	489
58	492
58	496
58	498
58	503
58	506
58	510
58	515
58	519
58	525
58	530
58	537
58	545
58	554
59	301
59	312
59	322
59	332
59	342
59	351
59	360
59	369
59	379
59	389
59	399
59	410
59	421
59	431
59	440
59	448
59	455
59	462
59	469
59	476
59	483
59	491
59	500
59	510
60	308
60	318
60	327
60	335
60	342
60	349
60	356
60	363
60	370
60	377
60	384
60	391
60	398
60	405
60	413
60	421
60	430
60	439
60	449
60	460
60	473
61	297
61	307
61	315
61	323
61	330
61	337
61	344
61	351
61	357
61	364
61	370
61	376
61	382
61	389
61	395
61	402
61	409
61	416
61	423
61	430
61	437
61	445
61	453
61	461
61	469
61	477
61	486
61	496
61	507
62	288
62	298
62	307
62	316
62	325
62	334
62	344
62	354
62	364
62	374
62	385
62	396
62	406
62	416
62	426
62	435
62	444
62	452
62	460
62	468
62	476
62	484
62	492
62	501
62	510
62	521
63	281
63	291
63	300
63	309
63	317
63	325
63	333
63	341
63	349
63	357
63	366
63	375
63	384
63	393
63	403
63	413
63	424
63	435
63	447
63	459
63	473
63	488
64	289
64	299
64	308
64	316
64	323
64	330
64	336
64	342
64	348
64	354
64	359
64	365
64	370
64	376
64	381
64	387
64	392
64	398
64	403
64	409
64	415
64	421
64	427
64	434
64	441
64	448
64	456
64	464
64	472
64	480
64	488
64	496
64	505
64	514
64	524
65	297
65	307
65	315
65	322
65	329
65	334
65	340
65	345
65	350
65	355
65	360
65	364
65	369
65	373
65	378
65	382
65	386
65	390
65	394
65	398
65	402
65	406
65	410
65	414
65	418
65	422
65	426
65	430
65	435
65	439
65	444
65	448
65	453
65	457
65	462
65	467
65	472
65	477
65	482
65	487
65	492
65	497
65	502
65	507
65	512
65	517
65	523
65	529
65	536
65	544
65	553
65	564
66	311
66	322
66	332
66	342
66	351
66	360
66	369
66	378
66	386
66	394
66	402
66	409
66	416
66	423
66	429
66	435
66	441
66	447
66	452
66	458
66	463
66	468
66	473
66	478
66	483
66	488
66	493
66	497
66	502
66	506
66	511
66	516
66	521
66	527
66	533
66	540
66	547
66	556
66	566
67	310
67	322
67	333
67	344
67	355
67	366
67	377
67	388
67	399
67	410
67	421
67	432
67	442
67	452
67	462
67	471
67	480
67	489
67	498
67	507
67	516
67	526
67	538
68	289
68	299
68	308
68	315
68	322
68	329
68	335
68	341
68	347
68	353
68	359
68	365
68	371
68	377
68	383
68	389
68	395
68	401
68	407
68	413
68	420
68	427
68	434
68	441
68	449
68	457
68	465
68	473
68	482
68	491
68	500
68	509
68	519
69	289
69	298
69	305
69	311
69	316
69	321
69	325
69	330
69	333
69	338
69	341
69	345
69	349
69	352
69	356
69	359
69	363
69	366
69	369
69	373
69	376
69	379
69	383
69	386
69	389
69	393
69	396
69	399
69	403
69	406
69	409
69	413
69	416
69	419
69	423
69	426
69	430
69	433
69	437
69	441
69	445
69	449
69	453
69	457
69	461
69	465
69	469
69	474
69	478
69	483
69	487
69	492
69	496
69	501
69	506
69	511
69	516
69	522
69	528
69	535
69	542
69	551
69	561
70	290
70	299
70	304
70	310
70	313
70	318
70	322
70	325
70	329
70	332
70	335
70	339
70	341
70	344
70	347
70	350
70	353
70	355
70	359
70	361
70	364
70	367
70	369
70	372
70	374
70	377
70	380
70	382
70	385
70	387
70	390
70	392
70	395
70	397
70	400
70	402
70	405
70	407
70	410
70	412
70	415
70	417
70	420
70	422
70	425
70	427
70	430
70	432
70	435
70	437
70	440
70	442
70	445
70	447
70	450
70	452
70	455
70	458
70	460
70	463
70	466
70	468
70	471
70	474
70	476
70	479
70	482
70	484
70	487
70	490
70	492
70	495
70	498
70	500
70	504
70	506
70	509
70	512
70	515
70	518
70	521
70	525
70	528
70	532
70	536
70	540
70	545
70	550
70	556
70	562
70	569
70	578
70	589
71	293
71	302
71	310
71	317
71	324
71	331
71	337
71	343
71	349
71	355
71	361
71	367
71	373
71	379
71	385
71	391
71	397
71	402
71	408
71	413
71	418
71	423
71	427
71	432
71	436
71	441
71	444
71	449
71	452
71	457
71	460
71	464
71	468
71	471
71	475
71	479
71	482
71	486
71	489
71	493
71	496
71	500
71	503
71	507
71	510
71	514
71	518
71	522
71	526
71	531
71	536
71	541
71	547
71	553
71	560
71	568
71	578
73	290
73	301
73	311
73	320
73	329
73	338
73	346
73	354
73	362
73	370
73	378
73	386
73	395
73	404
73	413
73	423
73	433
73	444
73	456
74	283
74	292
74	300
74	307
74	313
74	319
74	324
74	330
74	335
74	340
74	345
74	350
74	354
74	359
74	363
74	368
74	372
74	377
74	381
74	386
74	390
74	395
74	399
74	404
74	408
74	413
74	417
74	422
74	427
74	432
74	437
74	442
74	447
74	453
74	458
74	464
74	470
74	476
74	482
74	488
74	494
74	500
74	506
74	512
74	518
74	524
74	531
74	538
74	546
74	555
74	566
75	292
75	301
75	309
75	315
75	321
75	326
75	331
75	336
75	341
75	345
75	350
75	354
75	358
75	362
75	366
75	370
75	374
75	378
75	382
75	386
75	390
75	393
75	397
75	401
75	404
75	408
75	412
75	416
75	419
75	423
75	427
75	431
75	435
75	439
75	443
75	447
75	451
75	455
75	459
75	463
75	467
75	471
75	475
75	479
75	483
75	487
75	491
75	495
75	499
75	503
75	507
75	511
75	515
75	519
75	524
75	528
75	533
75	538
75	543
75	548
75	554
75	561
75	569
75	578
76	330
76	341
76	351
76	361
76	370
76	379
76	388
76	397
76	405
76	413
76	421
76	429
76	437
76	445
76	453
76	461
76	469
76	477
76	484
76	491
76	498
76	505
76	512
76	519
76	526
76	533
76	541
76	550
76	560
-1	-1
