-1	-1
10	180
10	191
10	201
10	211
10	221
10	231
10	241
10	251
10	262
10	273
10	284
10	295
10	306
10	319
11	169
11	179
11	188
11	196
11	203
11	210
11	217
11	224
11	231
11	238
11	245
11	252
11	259
11	266
11	273
11	280
11	288
11	296
11	304
11	312
11	320
11	328
11	337
11	346
11	356
11	366
11	377
11	388
11	399
11	409
11	419
11	429
11	439
11	450
12	160
12	170
12	178
12	185
12	191
12	197
12	203
12	209
12	215
12	221
12	227
12	233
12	239
12	245
12	251
12	257
12	263
12	269
12	275
12	281
12	287
12	293
12	299
12	306
12	313
12	320
12	327
12	334
12	342
12	350
12	358
12	367
12	376
12	385
12	394
12	403
12	412
12	421
12	430
12	440
12	451
13	163
13	173
13	181
13	189
13	196
13	202
13	208
13	214
13	220
13	226
13	232
13	238
13	244
13	250
13	256
13	262
13	268
13	274
13	280
13	286
13	292
13	298
13	305
13	311
13	318
13	325
13	332
13	339
13	347
13	355
13	363
13	372
13	381
13	390
13	399
13	408
13	418
13	428
13	439
14	169
14	179
14	188
14	196
14	203
14	210
14	217
14	224
14	231
14	238
14	245
14	252
14	259
14	266
14	273
14	280
14	287
14	294
14	301
14	308
14	315
14	322
14	330
14	338
14	346
14	355
14	364
14	374
14	384
14	395
14	407
15	169
15	179
15	188
15	196
15	203
15	210
15	217
15	224
15	231
15	238
15	245
15	252
15	259
15	266
15	273
15	280
15	287
15	294
15	301
15	308
15	316
15	324
15	332
15	340
15	349
15	358
15	368
15	379
15	391
16	176
16	187
16	196
16	205
16	214
16	222
16	230
16	238
16	246
16	254
16	262
16	270
16	278
16	286
16	294
16	301
16	309
16	317
16	325
16	333
16	341
16	350
16	359
16	369
16	379
16	390
16	402
16	416
17	179
17	190
17	200
17	209
17	218
17	227
17	235
17	243
17	251
17	259
17	267
17	275
17	283
17	290
17	297
17	304
17	311
17	318
17	325
17	333
17	341
17	349
17	357
17	366
17	376
17	386
17	396
17	407
17	418
17	429
17	440
17	451
17	463
18	177
18	188
18	198
18	207
18	216
18	225
18	234
18	242
18	250
18	258
18	266
18	273
18	280
18	287
18	294
18	301
18	308
18	315
18	322
18	329
18	336
18	344
18	352
18	360
18	369
18	378
18	388
18	398
18	408
18	418
18	428
18	438
18	448
18	458
18	469
18	480
18	494
19	181
19	192
19	202
19	212
19	221
19	230
19	239
19	247
19	255
19	262
19	269
19	276
19	283
19	290
19	297
19	304
19	311
19	317
19	324
19	331
19	338
19	345
19	352
19	360
19	368
19	376
19	385
19	394
19	403
19	412
19	421
19	430
19	438
19	446
19	454
19	462
19	470
19	479
19	488
19	498
19	509
20	178
20	188
20	197
20	205
20	213
20	221
20	229
20	236
20	243
20	250
20	257
20	264
20	271
20	277
20	283
20	289
20	295
20	300
20	305
20	310
20	315
20	320
20	325
20	330
20	335
20	341
20	346
20	352
20	358
20	364
20	371
20	378
20	385
20	392
20	399
20	406
20	413
20	419
20	425
20	431
20	437
20	443
20	449
20	455
20	461
20	467
20	473
20	479
20	486
20	493
20	501
20	510
20	520
21	171
21	181
21	190
21	198
21	206
21	213
21	220
21	227
21	234
21	241
21	248
21	254
21	260
21	266
21	272
21	277
21	282
21	287
21	292
21	296
21	301
21	305
21	309
21	313
21	317
21	321
21	325
21	329
21	334
21	338
21	343
21	347
21	352
21	357
21	362
21	367
21	372
21	377
21	382
21	387
21	392
21	397
21	402
21	407
21	412
21	417
21	421
21	426
21	430
21	435
21	439
21	444
21	448
21	453
21	457
21	462
21	467
21	472
21	477
21	483
21	489
21	496
21	503
21	511
21	520
21	530
22	163
22	172
22	180
22	187
22	193
22	199
22	205
22	210
22	216
22	221
22	226
22	231
22	236
22	241
22	246
22	251
22	256
22	261
22	266
22	270
22	275
22	279
22	284
22	288
22	293
22	297
22	302
22	306
22	311
22	316
22	321
22	326
22	331
22	336
22	341
22	346
22	351
22	356
22	361
22	366
22	371
22	376
22	381
22	386
22	391
22	396
22	401
22	406
22	411
22	416
22	421
22	426
22	431
22	436
22	441
22	446
22	451
22	456
22	461
22	466
22	471
22	477
22	483
22	489
22	496
22	503
22	511
22	519
22	529
23	159
23	168
23	175
23	181
23	186
23	191
23	196
23	201
23	205
23	210
23	214
23	218
23	222
23	226
23	230
23	234
23	238
23	242
23	246
23	250
23	254
23	258
23	262
23	266
23	270
23	275
23	279
23	284
23	288
23	293
23	298
23	303
23	308
23	313
23	318
23	323
23	328
23	333
23	338
23	343
23	348
23	353
23	359
23	364
23	370
23	376
23	382
23	388
23	394
23	400
23	406
23	412
23	418
23	424
23	430
23	436
23	442
23	448
23	454
23	460
23	466
23	473
23	480
23	487
23	495
23	503
23	512
23	522
23	535
24	161
24	170
24	177
24	183
24	189
24	193
24	198
24	202
24	207
24	211
24	215
24	219
24	223
24	227
24	231
24	235
24	239
24	243
24	247
24	251
24	255
24	259
24	263
24	267
24	271
24	276
24	280
24	285
24	289
24	294
24	299
24	304
24	309
24	315
24	320
24	326
24	332
24	338
24	344
24	350
24	356
24	363
24	370
24	377
24	384
24	391
24	398
24	405
24	412
24	419
24	426
24	433
24	441
24	449
24	457
24	466
24	475
24	485
24	495
24	505
24	516
25	167
25	176
25	183
25	190
25	196
25	202
25	207
25	212
25	217
25	222
25	227
25	232
25	237
25	242
25	247
25	252
25	257
25	262
25	267
25	273
25	278
25	284
25	290
25	296
25	302
25	308
25	315
25	322
25	329
25	336
25	344
25	352
25	360
25	368
25	376
25	384
25	392
25	400
25	408
25	416
25	424
25	432
25	440
25	449
25	458
25	468
25	479
26	170
26	180
26	189
26	197
26	204
26	211
26	218
26	225
26	231
26	237
26	243
26	249
26	255
26	261
26	267
26	273
26	279
26	286
26	293
26	300
26	307
26	315
26	323
26	331
26	339
26	348
26	357
26	366
26	375
26	384
26	393
26	402
26	411
26	420
26	429
26	439
26	449
26	460
27	178
27	188
27	197
27	206
27	214
27	222
27	229
27	236
27	243
27	250
27	257
27	265
27	273
27	281
27	289
27	298
27	307
27	316
27	325
27	335
27	345
27	355
27	365
27	375
27	385
27	396
27	407
27	419
27	434
27	507
27	519
28	183
28	194
28	204
28	213
28	222
28	231
28	240
28	249
28	258
28	267
28	276
28	285
28	294
28	303
28	312
28	321
28	330
28	339
28	349
28	359
28	369
28	379
28	389
28	400
28	411
28	423
28	435
28	447
28	460
28	475
28	497
28	509
28	524
29	182
29	193
29	203
29	212
29	221
29	230
29	238
29	246
29	254
29	262
29	270
29	278
29	286
29	294
29	302
29	310
29	318
29	326
29	334
29	343
29	352
29	361
29	370
29	380
29	390
29	400
29	410
29	420
29	430
29	440
29	449
29	458
29	467
29	477
29	487
29	497
29	507
29	517
29	528
30	180
30	191
30	201
30	210
30	219
30	228
30	236
30	244
30	252
30	260
30	268
30	276
30	284
30	292
30	300
30	308
30	316
30	324
30	332
30	341
30	350
30	359
30	368
30	377
30	385
30	393
30	401
30	409
30	417
30	425
30	433
30	441
30	449
30	457
30	464
30	472
30	480
30	488
30	497
30	505
30	514
30	523
30	534
31	178
31	189
31	199
31	208
31	217
31	225
31	233
31	241
31	249
31	256
31	263
31	270
31	277
31	284
31	292
31	300
31	308
31	316
31	324
31	332
31	340
31	348
31	356
31	363
31	370
31	377
31	384
31	392
31	400
31	408
31	416
31	424
31	432
31	440
31	448
31	455
31	461
31	467
31	473
31	479
31	485
31	491
31	498
31	505
31	512
31	520
31	529
31	540
32	179
32	190
32	199
32	208
32	216
32	223
32	230
32	237
32	244
32	251
32	258
32	265
32	272
32	279
32	286
32	293
32	300
32	307
32	314
32	321
32	328
32	335
32	342
32	349
32	356
32	363
32	370
32	377
32	384
32	392
32	400
32	408
32	416
32	425
32	433
32	441
32	448
32	453
32	459
32	463
32	468
32	472
32	477
32	481
32	486
32	491
32	496
32	501
32	507
32	513
32	519
32	526
32	534
32	544
33	173
33	183
33	192
33	200
33	208
33	215
33	222
33	229
33	236
33	243
33	250
33	257
33	264
33	271
33	277
33	284
33	290
33	296
33	302
33	308
33	314
33	320
33	326
33	332
33	338
33	344
33	351
33	358
33	365
33	372
33	379
33	386
33	393
33	400
33	407
33	414
33	421
33	428
33	435
33	441
33	447
33	453
33	458
33	463
33	468
33	473
33	478
33	484
33	490
33	496
33	503
33	510
33	518
33	527
33	538
34	169
34	179
34	188
34	196
34	203
34	210
34	217
34	224
34	230
34	236
34	242
34	248
34	254
34	260
34	266
34	271
34	277
34	282
34	287
34	292
34	297
34	302
34	307
34	312
34	317
34	322
34	327
34	333
34	338
34	344
34	350
34	356
34	362
34	368
34	374
34	380
34	386
34	392
34	398
34	403
34	409
34	414
34	419
34	424
34	429
34	434
34	439
34	444
34	449
34	454
34	459
34	464
34	469
34	475
34	481
34	487
34	494
34	501
34	509
34	518
34	528
35	171
35	182
35	191
35	200
35	208
35	215
35	222
35	228
35	234
35	240
35	245
35	251
35	256
35	261
35	266
35	271
35	276
35	281
35	286
35	291
35	296
35	301
35	306
35	311
35	316
35	321
35	326
35	331
35	336
35	341
35	346
35	351
35	356
35	361
35	366
35	371
35	375
35	380
35	384
35	389
35	392
35	397
35	400
35	404
35	408
35	411
35	415
35	418
35	421
35	424
35	428
35	430
35	434
35	436
35	440
35	442
35	445
35	448
35	451
35	454
35	457
35	460
35	463
35	466
35	469
35	473
35	476
35	480
35	484
35	488
35	492
35	497
35	502
35	507
35	513
35	519
35	526
35	535
35	545
36	169
36	179
36	188
36	196
36	203
36	210
36	216
36	222
36	228
36	234
36	239
36	245
36	250
36	255
36	260
36	265
36	270
36	275
36	280
36	285
36	290
36	295
36	300
36	305
36	310
36	315
36	320
36	324
36	329
36	333
36	337
36	341
36	345
36	349
36	353
36	356
36	360
36	363
36	367
36	370
36	373
36	376
36	380
36	382
36	385
36	388
36	391
36	393
36	396
36	399
36	401
36	403
36	406
36	408
36	411
36	412
36	415
36	417
36	419
36	421
36	423
36	425
36	427
36	429
36	431
36	433
36	435
36	437
36	439
36	441
36	443
36	445
36	447
36	449
36	451
36	454
36	455
36	458
36	460
36	463
36	465
36	467
36	470
36	473
36	475
36	478
36	481
36	485
36	487
36	491
36	495
36	499
36	504
36	508
36	514
36	519
36	526
36	534
36	543
37	162
37	172
37	180
37	188
37	194
37	200
37	206
37	211
37	216
37	221
37	226
37	231
37	235
37	240
37	244
37	249
37	253
37	257
37	261
37	265
37	269
37	272
37	276
37	280
37	283
37	287
37	290
37	294
37	297
37	301
37	304
37	307
37	311
37	313
37	317
37	320
37	323
37	326
37	329
37	332
37	334
37	338
37	340
37	343
37	345
37	348
37	351
37	353
37	355
37	358
37	360
37	363
37	365
37	367
37	370
37	372
37	374
37	377
37	379
37	381
37	383
37	386
37	388
37	390
37	392
37	395
37	397
37	399
37	401
37	404
37	405
37	408
37	410
37	412
37	414
37	417
37	418
37	421
37	423
37	425
37	428
37	430
37	432
37	435
37	437
37	439
37	442
37	445
37	447
37	450
37	453
37	456
37	459
37	462
37	466
37	469
37	473
37	477
37	481
37	486
37	490
37	496
37	501
37	507
37	514
37	522
37	532
38	159
38	169
38	176
38	182
38	188
38	193
38	198
38	202
38	206
38	210
38	213
38	217
38	221
38	223
38	227
38	230
38	233
38	236
38	239
38	242
38	245
38	248
38	251
38	253
38	257
38	259
38	262
38	265
38	267
38	270
38	273
38	275
38	278
38	281
38	283
38	286
38	289
38	291
38	294
38	297
38	299
38	302
38	305
38	307
38	310
38	313
38	315
38	318
38	321
38	323
38	326
38	329
38	331
38	334
38	337
38	339
38	342
38	345
38	347
38	350
38	353
38	355
38	358
38	361
38	363
38	366
38	369
38	371
38	375
38	377
38	380
38	384
38	386
38	390
38	393
38	396
38	400
38	403
38	407
38	410
38	414
38	418
38	422
38	426
38	430
38	435
38	439
38	444
38	449
38	455
38	460
38	466
38	472
38	478
38	484
38	491
38	498
38	506
38	515
38	526
39	157
39	165
39	171
39	176
39	181
39	184
39	189
39	192
39	195
39	199
39	202
39	204
39	208
39	210
39	213
39	216
39	218
39	221
39	224
39	226
39	229
39	231
39	234
39	236
39	239
39	241
39	244
39	246
39	249
39	252
39	254
39	257
39	260
39	262
39	265
39	268
39	270
39	274
39	276
39	279
39	282
39	285
39	288
39	291
39	294
39	297
39	300
39	304
39	307
39	310
39	314
39	317
39	321
39	324
39	328
39	332
39	335
39	339
39	343
39	347
39	351
39	355
39	359
39	363
39	367
39	371
39	375
39	379
39	383
39	387
39	391
39	395
39	399
39	403
39	407
39	411
39	415
39	419
39	423
39	427
39	431
39	435
39	439
39	444
39	448
39	453
39	458
39	463
39	468
39	474
39	480
39	486
39	493
39	501
39	510
39	521
40	156
40	163
40	170
40	174
40	180
40	183
40	188
40	191
40	195
40	199
40	202
40	206
40	209
40	213
40	216
40	220
40	223
40	227
40	230
40	234
40	238
40	241
40	245
40	249
40	253
40	257
40	261
40	264
40	268
40	272
40	275
40	279
40	282
40	286
40	289
40	293
40	296
40	300
40	303
40	306
40	310
40	312
40	316
40	319
40	322
40	325
40	328
40	331
40	334
40	337
40	340
40	343
40	346
40	349
40	352
40	355
40	358
40	361
40	364
40	367
40	370
40	372
40	376
40	378
40	381
40	384
40	387
40	390
40	393
40	396
40	399
40	402
40	405
40	408
40	411
40	415
40	418
40	421
40	425
40	428
40	432
40	436
40	440
40	445
40	449
40	454
40	459
40	465
40	471
40	478
40	486
40	496
41	160
41	170
41	178
41	185
41	191
41	197
41	203
41	208
41	213
41	218
41	222
41	227
41	231
41	235
41	239
41	243
41	246
41	250
41	253
41	257
41	260
41	263
41	266
41	269
41	272
41	275
41	278
41	281
41	283
41	286
41	289
41	291
41	294
41	296
41	299
41	301
41	304
41	306
41	309
41	311
41	313
41	316
41	318
41	320
41	323
41	325
41	327
41	330
41	332
41	334
41	337
41	339
41	341
41	344
41	346
41	348
41	351
41	353
41	356
41	358
41	361
41	363
41	366
41	368
41	371
41	374
41	376
41	379
41	382
41	385
41	388
41	391
41	395
41	398
41	402
41	406
41	409
41	414
41	418
41	423
41	428
41	433
41	438
41	444
41	450
41	457
41	464
41	472
41	481
41	492
42	169
42	179
42	187
42	193
42	199
42	203
42	208
42	212
42	216
42	220
42	223
42	227
42	231
42	234
42	237
42	241
42	243
42	247
42	250
42	253
42	256
42	259
42	262
42	265
42	268
42	271
42	274
42	277
42	280
42	283
42	286
42	289
42	292
42	295
42	298
42	301
42	305
42	307
42	311
42	314
42	318
42	321
42	325
42	328
42	332
42	336
42	339
42	344
42	347
42	352
42	356
42	361
42	365
42	370
42	375
42	380
42	385
42	390
42	395
42	400
42	405
42	410
42	416
42	421
42	427
42	432
42	438
42	444
42	450
42	456
42	463
42	470
42	477
42	485
42	495
43	168
43	178
43	186
43	193
43	200
43	206
43	212
43	217
43	223
43	228
43	233
43	238
43	243
43	248
43	253
43	258
43	264
43	269
43	275
43	280
43	286
43	292
43	298
43	304
43	310
43	316
43	322
43	327
43	333
43	338
43	344
43	349
43	354
43	359
43	364
43	369
43	374
43	378
43	383
43	387
43	392
43	396
43	400
43	404
43	408
43	412
43	416
43	420
43	424
43	428
43	432
43	437
43	441
43	446
43	451
43	456
43	462
43	468
43	475
43	483
43	492
43	503
44	173
44	184
44	193
44	202
44	210
44	218
44	225
44	232
44	239
44	245
44	251
44	257
44	263
44	268
44	273
44	278
44	283
44	288
44	293
44	297
44	302
44	306
44	311
44	315
44	319
44	323
44	327
44	331
44	335
44	339
44	343
44	346
44	350
44	353
44	357
44	360
44	364
44	367
44	371
44	374
44	378
44	381
44	385
44	388
44	392
44	396
44	400
44	404
44	408
44	412
44	417
44	421
44	426
44	431
44	437
44	443
44	450
44	457
44	466
44	476
45	171
45	181
45	190
45	198
45	204
45	210
45	216
45	221
45	226
45	231
45	236
45	241
45	245
45	250
45	254
45	259
45	263
45	268
45	272
45	277
45	281
45	286
45	290
45	295
45	299
45	304
45	308
45	313
45	317
45	322
45	326
45	331
45	336
45	341
45	346
45	351
45	356
45	361
45	366
45	372
45	378
45	384
45	390
45	397
45	404
45	411
45	419
45	428
45	438
45	449
46	169
46	179
46	187
46	194
46	201
46	207
46	213
46	219
46	225
46	231
46	237
46	243
46	249
46	255
46	261
46	267
46	273
46	279
46	285
46	291
46	298
46	304
46	311
46	317
46	324
46	330
46	337
46	343
46	350
46	356
46	362
46	368
46	374
46	380
46	386
46	392
46	398
46	404
46	410
46	416
46	422
46	429
46	436
46	444
46	452
46	461
46	471
46	484
47	182
47	193
47	203
47	212
47	221
47	229
47	237
47	244
47	251
47	257
47	263
47	269
47	274
47	280
47	284
47	289
47	294
47	298
47	303
47	307
47	311
47	315
47	319
47	323
47	327
47	331
47	335
47	339
47	342
47	346
47	350
47	353
47	357
47	360
47	364
47	367
47	371
47	374
47	378
47	381
47	384
47	388
47	391
47	395
47	398
47	402
47	405
47	409
47	412
47	416
47	420
47	424
47	428
47	433
47	437
47	442
47	447
47	453
47	459
47	466
47	473
47	481
47	491
48	177
48	187
48	195
48	202
48	209
48	214
48	220
48	224
48	229
48	233
48	238
48	242
48	246
48	250
48	253
48	257
48	260
48	263
48	266
48	269
48	272
48	275
48	278
48	281
48	283
48	286
48	289
48	291
48	293
48	296
48	298
48	301
48	303
48	305
48	308
48	310
48	312
48	314
48	317
48	319
48	321
48	323
48	326
48	327
48	330
48	332
48	334
48	336
48	338
48	341
48	342
48	345
48	347
48	349
48	351
48	353
48	356
48	357
48	360
48	362
48	364
48	366
48	369
48	370
48	373
48	375
48	378
48	380
48	382
48	385
48	387
48	390
48	393
48	395
48	398
48	401
48	404
48	407
48	410
48	414
48	417
48	421
48	425
48	429
48	434
48	438
48	443
48	448
48	454
48	460
48	466
48	473
48	480
48	488
48	498
49	168
49	176
49	182
49	188
49	192
49	197
49	201
49	204
49	208
49	211
49	214
49	218
49	221
49	223
49	227
49	229
49	232
49	234
49	237
49	240
49	242
49	244
49	247
49	249
49	251
49	253
49	256
49	258
49	260
49	262
49	264
49	266
49	268
49	270
49	272
49	274
49	276
49	278
49	280
49	282
49	284
49	286
49	288
49	290
49	292
49	294
49	296
49	298
49	300
49	302
49	304
49	306
49	308
49	310
49	312
49	314
49	316
49	318
49	320
49	322
49	325
49	326
49	329
49	331
49	333
49	336
49	338
49	340
49	343
49	345
49	348
49	350
49	353
49	356
49	358
49	361
49	364
49	367
49	370
49	374
49	377
49	381
49	385
49	389
49	393
49	397
49	402
49	406
49	411
49	416
49	421
49	426
49	431
49	436
49	441
49	446
49	451
49	457
49	462
49	468
49	474
49	480
49	486
49	493
49	501
49	510
49	521
50	162
50	171
50	177
50	182
50	187
50	191
50	195
50	199
50	202
50	206
50	209
50	212
50	216
50	219
50	222
50	225
50	229
50	231
50	235
50	238
50	241
50	245
50	248
50	251
50	255
50	258
50	262
50	265
50	269
50	273
50	277
50	281
50	286
50	290
50	295
50	300
50	305
50	311
50	317
50	323
50	329
50	336
50	343
50	350
50	357
50	364
50	371
50	378
50	385
50	391
50	397
50	403
50	408
50	413
50	418
50	422
50	427
50	431
50	435
50	439
50	442
50	446
50	449
50	453
50	456
50	460
50	463
50	466
50	470
50	473
50	477
50	480
50	484
50	488
50	492
50	497
50	501
50	507
50	512
50	518
50	525
50	533
50	543
51	163
51	172
51	180
51	187
51	194
51	201
51	208
51	215
51	222
51	229
51	236
51	243
51	250
51	257
51	264
51	271
51	278
51	285
51	292
51	299
51	305
51	311
51	317
51	323
51	329
51	335
51	341
51	346
51	351
51	356
51	361
51	365
51	370
51	374
51	378
51	382
51	386
51	390
51	393
51	396
51	400
51	402
51	406
51	408
51	411
51	414
51	416
51	419
51	422
51	423
51	427
51	429
51	431
51	433
51	436
51	438
51	440
51	442
51	444
51	447
51	448
51	451
51	453
51	455
51	457
51	459
51	462
51	464
51	466
51	468
51	471
51	473
51	476
51	478
51	481
51	484
51	487
51	489
51	494
51	496
51	500
51	504
51	508
51	513
51	518
51	524
51	530
51	537
51	546
52	168
52	178
52	186
52	193
52	200
52	206
52	212
52	218
52	223
52	228
52	233
52	238
52	242
52	247
52	251
52	255
52	259
52	263
52	267
52	271
52	275
52	279
52	282
52	286
52	290
52	293
52	297
52	300
52	304
52	307
52	311
52	314
52	317
52	321
52	323
52	327
52	330
52	333
52	336
52	339
52	342
52	345
52	348
52	351
52	353
52	356
52	359
52	361
52	364
52	367
52	369
52	372
52	374
52	377
52	379
52	382
52	384
52	386
52	389
52	391
52	393
52	396
52	398
52	400
52	403
52	404
52	407
52	409
52	411
52	413
52	416
52	417
52	420
52	422
52	424
52	426
52	428
52	431
52	432
52	435
52	437
52	439
52	441
52	444
52	446
52	448
52	451
52	453
52	456
52	458
52	461
52	464
52	467
52	470
52	474
52	477
52	481
52	485
52	489
52	494
52	499
52	505
52	511
52	518
52	527
52	538
53	160
53	169
53	176
53	182
53	187
53	192
53	196
53	200
53	203
53	207
53	211
53	213
53	217
53	220
53	222
53	226
53	228
53	231
53	233
53	236
53	239
53	241
53	244
53	246
53	249
53	251
53	253
53	256
53	258
53	261
53	263
53	265
53	268
53	270
53	272
53	275
53	277
53	279
53	282
53	284
53	286
53	289
53	291
53	293
53	296
53	298
53	300
53	303
53	305
53	307
53	310
53	312
53	315
53	317
53	319
53	322
53	324
53	327
53	329
53	332
53	334
53	337
53	339
53	342
53	344
53	347
53	349
53	352
53	355
53	357
53	360
53	363
53	365
53	368
53	371
53	374
53	377
53	380
53	383
53	387
53	390
53	394
53	397
53	401
53	405
53	409
53	414
53	418
53	424
53	429
53	435
53	441
53	448
53	456
53	465
53	474
53	484
54	161
54	170
54	175
54	181
54	184
54	189
54	192
54	195
54	199
54	201
54	204
54	207
54	210
54	212
54	215
54	218
54	220
54	223
54	225
54	228
54	230
54	233
54	235
54	238
54	240
54	243
54	245
54	248
54	250
54	253
54	256
54	258
54	261
54	264
54	267
54	269
54	273
54	276
54	279
54	283
54	286
54	290
54	294
54	298
54	302
54	307
54	311
54	316
54	321
54	327
54	333
54	340
54	347
54	355
54	364
54	373
54	383
54	393
54	404
54	415
54	426
54	436
54	446
54	456
54	465
54	474
54	483
54	493
54	503
54	514
55	162
55	171
55	179
55	185
55	191
55	197
55	203
55	209
55	215
55	221
55	228
55	235
55	242
55	250
55	258
55	267
55	276
55	286
55	296
55	306
55	316
55	326
55	336
55	345
55	354
55	363
55	372
55	380
55	388
55	396
55	403
55	410
55	417
55	423
55	429
55	435
55	441
55	446
55	452
55	457
55	462
55	467
55	472
55	477
55	482
55	488
55	494
55	500
55	506
55	513
55	521
55	530
56	177
56	188
56	198
56	207
56	216
56	224
56	232
56	240
56	248
56	255
56	262
56	269
56	276
56	282
56	288
56	294
56	300
56	305
56	311
56	316
56	321
56	326
56	331
56	336
56	341
56	346
56	351
56	356
56	360
56	365
56	369
56	374
56	378
56	382
56	386
56	390
56	394
56	398
56	402
56	405
56	409
56	412
56	416
56	419
56	423
56	426
56	430
56	433
56	436
56	440
56	443
56	446
56	450
56	453
56	457
56	460
56	464
56	467
56	471
56	475
56	479
56	484
56	488
56	494
56	499
56	505
56	512
56	520
56	529
57	169
57	179
57	187
57	194
57	200
57	206
57	211
57	216
57	221
57	225
57	230
57	234
57	238
57	242
57	246
57	250
57	254
57	257
57	261
57	264
57	268
57	271
57	275
57	278
57	281
57	284
57	288
57	290
57	294
57	297
57	300
57	303
57	306
57	309
57	312
57	315
57	318
57	321
57	323
57	327
57	329
57	332
57	335
57	337
57	340
57	343
57	345
57	348
57	351
57	353
57	356
57	359
57	361
57	364
57	367
57	369
57	372
57	375
57	378
57	380
57	384
57	386
57	389
57	392
57	395
57	398
57	401
57	404
57	407
57	410
57	413
57	416
57	419
57	423
57	426
57	429
57	433
57	436
57	440
57	444
57	448
57	453
57	457
57	463
57	468
57	475
57	482
57	490
57	499
57	510
58	162
58	171
58	178
58	183
58	188
58	192
58	196
58	200
58	203
58	207
58	210
58	213
58	216
58	219
58	222
58	224
58	228
58	230
58	233
58	236
58	238
58	241
58	243
58	246
58	248
58	251
58	253
58	256
58	258
58	261
58	263
58	266
58	268
58	271
58	273
58	276
58	278
58	281
58	283
58	286
58	288
58	291
58	293
58	296
58	298
58	301
58	303
58	306
58	308
58	311
58	314
58	316
58	319
58	322
58	324
58	327
58	330
58	333
58	336
58	339
58	342
58	345
58	348
58	351
58	355
58	358
58	362
58	365
58	369
58	373
58	377
58	382
58	387
58	392
58	398
58	404
58	411
58	419
58	428
58	439
59	167
59	174
59	181
59	185
59	191
59	194
59	199
59	202
59	206
59	210
59	213
59	217
59	220
59	224
59	227
59	231
59	234
59	238
59	242
59	246
59	250
59	254
59	258
59	263
59	267
59	272
59	277
59	283
59	289
59	296
59	303
59	311
59	320
59	330
59	482
59	494
59	505
60	412
60	424
60	435
60	445
60	454
60	462
60	470
60	477
60	484
60	490
60	496
60	502
60	508
60	515
60	522
60	530
60	539
61	309
61	321
61	332
61	343
61	353
61	363
61	372
61	381
61	389
61	397
61	404
61	411
61	418
61	424
61	430
61	436
61	442
61	448
61	453
61	458
61	463
61	468
61	473
61	478
61	483
61	488
61	493
61	498
61	503
61	508
61	514
61	520
61	526
61	533
61	541
61	551
62	188
62	199
62	209
62	218
62	227
62	235
62	243
62	251
62	259
62	267
62	274
62	281
62	288
62	295
62	302
62	309
62	316
62	323
62	329
62	336
62	342
62	348
62	354
62	360
62	366
62	372
62	378
62	383
62	389
62	394
62	400
62	405
62	411
62	416
62	421
62	427
62	432
62	438
62	443
62	449
62	455
62	461
62	467
62	474
62	481
62	488
62	496
62	505
62	516
63	177
63	186
63	194
63	201
63	208
63	214
63	220
63	226
63	232
63	238
63	244
63	250
63	256
63	262
63	268
63	274
63	280
63	286
63	292
63	298
63	305
63	312
63	319
63	326
63	333
63	340
63	347
63	355
63	363
63	371
63	379
63	388
63	398
63	409
64	191
64	202
64	212
64	222
64	232
64	243
64	255
67	187
67	197
67	206
67	215
67	223
67	231
67	239
67	247
67	255
67	262
67	269
67	276
67	283
67	290
67	297
67	304
67	311
67	318
67	325
67	332
67	339
67	346
67	354
67	362
67	370
67	378
67	386
67	394
67	402
67	410
67	418
67	426
67	434
67	442
67	451
67	460
67	470
67	480
67	492
68	171
68	181
68	189
68	195
68	201
68	207
68	212
68	217
68	222
68	227
68	232
68	237
68	242
68	246
68	251
68	255
68	260
68	264
68	269
68	273
68	278
68	283
68	287
68	292
68	297
68	302
68	307
68	312
68	317
68	322
68	327
68	332
68	338
68	343
68	349
68	355
68	361
68	367
68	374
68	381
68	388
68	396
68	404
68	413
68	422
68	432
68	444
69	172
69	181
69	189
69	196
69	202
69	208
69	214
69	220
69	226
69	232
69	238
69	244
69	250
69	256
69	262
69	269
69	276
69	283
69	291
69	299
69	308
69	318
69	329
72	380
72	392
72	403
72	414
72	425
72	435
72	445
72	455
72	465
72	474
72	483
72	492
72	501
72	510
72	519
72	529
73	196
73	207
73	217
73	226
73	235
73	243
73	251
73	259
73	267
73	275
73	282
73	289
73	296
73	303
73	310
73	317
73	324
73	331
73	338
73	345
73	352
73	359
73	366
73	373
73	380
73	387
73	393
73	400
73	406
73	412
73	418
73	424
73	430
73	436
73	442
73	448
73	454
73	460
73	466
73	472
73	478
73	484
73	490
73	495
73	501
73	506
73	512
73	518
73	524
73	531
73	538
73	546
73	555
74	182
74	192
74	201
74	209
74	216
74	223
74	230
74	236
74	242
74	248
74	254
74	260
74	266
74	272
74	278
74	284
74	290
74	296
74	302
74	308
74	314
74	320
74	326
74	332
74	338
74	344
74	350
74	356
74	362
74	368
74	374
74	380
74	386
74	392
74	398
74	404
74	410
74	416
74	422
74	428
74	434
74	440
74	446
74	453
74	459
74	466
74	473
74	480
74	487
74	494
74	501
74	509
74	517
74	525
74	534
74	544
75	201
75	212
75	223
75	233
75	243
75	253
75	263
75	273
75	284
75	295
75	307
75	320
-1	-1
