-1	-1
8	322
8	333
8	343
8	353
8	363
8	373
8	383
8	393
8	403
8	413
8	423
8	433
8	443
8	453
8	463
8	473
8	483
8	493
8	502
8	511
8	520
8	529
8	538
8	548
8	558
8	568
8	579
9	311
9	321
9	330
9	338
9	346
9	354
9	362
9	370
9	379
9	388
9	397
9	405
9	413
9	421
9	429
9	437
9	445
9	453
9	461
9	469
9	477
9	485
9	492
9	499
9	506
9	513
9	520
9	527
9	534
9	541
9	548
9	555
9	563
9	571
9	579
9	587
9	596
9	606
9	617
10	298
10	308
10	317
10	325
10	332
10	339
10	346
10	353
10	361
10	369
10	377
10	385
10	393
10	401
10	408
10	415
10	422
10	429
10	436
10	443
10	450
10	457
10	464
10	471
10	477
10	483
10	489
10	495
10	501
10	507
10	513
10	519
10	525
10	531
10	537
10	543
10	549
10	555
10	561
10	567
10	574
10	581
10	588
10	596
10	604
10	613
10	623
11	321
11	333
11	344
11	355
11	365
11	375
11	385
11	395
11	405
11	414
11	423
11	431
11	439
11	447
11	455
11	463
11	471
11	479
11	487
11	494
11	501
11	508
11	515
11	522
11	529
11	536
11	543
11	550
11	557
11	565
11	573
11	581
11	590
11	599
11	609
12	336
12	348
12	359
12	370
12	381
12	391
12	401
12	411
12	421
12	431
12	441
12	452
12	463
12	475
12	487
12	499
12	510
12	521
12	531
12	541
12	551
12	562
12	574
13	356
13	369
13	382
13	394
17	557
17	569
17	581
17	592
17	604
18	538
18	549
18	559
18	568
18	577
18	586
18	595
18	604
18	614
18	624
18	636
19	511
19	522
19	532
19	541
19	549
19	556
19	563
19	569
19	575
19	581
19	587
19	593
19	599
19	605
19	611
19	617
19	624
19	631
19	639
19	647
19	656
19	667
20	392
20	405
20	418
20	431
20	444
20	500
20	511
20	521
20	530
20	538
20	545
20	551
20	557
20	562
20	567
20	572
20	577
20	582
20	587
20	591
20	596
20	600
20	605
20	609
20	614
20	619
20	624
20	629
20	635
20	641
20	648
20	655
20	663
20	673
21	378
21	389
21	400
21	410
21	420
21	430
21	440
21	451
21	462
21	473
21	484
21	495
21	505
21	514
21	522
21	529
21	535
21	541
21	547
21	552
21	557
21	562
21	567
21	572
21	577
21	582
21	587
21	592
21	596
21	601
21	606
21	611
21	616
21	622
21	628
21	634
21	641
21	648
21	656
21	665
21	676
22	349
22	360
22	371
22	381
22	390
22	399
22	408
22	417
22	425
22	434
22	443
22	452
22	461
22	470
22	478
22	486
22	494
22	502
22	510
22	517
22	523
22	529
22	534
22	539
22	544
22	549
22	554
22	559
22	564
22	569
22	574
22	579
22	584
22	590
22	595
22	601
22	607
22	613
22	620
22	627
22	635
22	644
22	654
23	317
23	328
23	339
23	349
23	358
23	366
23	374
23	381
23	388
23	394
23	400
23	406
23	412
23	418
23	424
23	430
23	436
23	442
23	448
23	454
23	460
23	466
23	472
23	478
23	484
23	490
23	496
23	502
23	508
23	513
23	519
23	524
23	529
23	534
23	539
23	544
23	549
23	554
23	559
23	564
23	569
23	575
23	580
23	586
23	592
23	598
23	604
23	611
23	618
23	626
23	635
23	645
24	300
24	310
24	319
24	328
24	336
24	343
24	350
24	357
24	363
24	369
24	374
24	380
24	384
24	389
24	393
24	398
24	402
24	407
24	411
24	415
24	420
24	424
24	429
24	433
24	438
24	442
24	447
24	451
24	456
24	460
24	464
24	468
24	472
24	476
24	480
24	484
24	488
24	492
24	496
24	500
24	504
24	508
24	512
24	516
24	520
24	524
24	528
24	532
24	536
24	540
24	545
24	549
24	554
24	558
24	563
24	568
24	573
24	578
24	583
24	588
24	594
24	599
24	605
24	611
24	617
24	624
24	632
24	641
24	651
25	292
25	301
25	309
25	316
25	323
25	329
25	335
25	341
25	347
25	352
25	357
25	362
25	367
25	371
25	375
25	380
25	383
25	387
25	391
25	394
25	398
25	401
25	405
25	408
25	412
25	415
25	418
25	422
25	425
25	428
25	432
25	435
25	439
25	442
25	446
25	449
25	453
25	456
25	460
25	463
25	466
25	470
25	472
25	476
25	479
25	482
25	485
25	488
25	491
25	494
25	497
25	500
25	503
25	506
25	509
25	513
25	516
25	519
25	523
25	526
25	530
25	534
25	538
25	542
25	547
25	551
25	556
25	561
25	566
25	571
25	577
25	583
25	589
25	595
25	601
25	607
25	614
25	621
25	629
25	638
25	648
26	290
26	299
26	307
26	314
26	320
26	326
26	332
26	338
26	344
26	350
26	356
26	362
26	368
26	373
26	379
26	383
26	388
26	392
26	397
26	401
26	405
26	409
26	412
26	416
26	419
26	423
26	426
26	430
26	433
26	436
26	440
26	443
26	446
26	450
26	453
26	457
26	460
26	464
26	467
26	471
26	474
26	477
26	481
26	483
26	487
26	490
26	493
26	496
26	499
26	502
26	505
26	508
26	512
26	515
26	519
26	522
26	526
26	530
26	534
26	538
26	542
26	547
26	551
26	556
26	561
26	566
26	571
26	576
26	581
26	587
26	592
26	598
26	604
26	610
26	616
26	623
26	630
26	638
26	647
26	657
27	291
27	301
27	309
27	317
27	324
27	331
27	338
27	345
27	352
27	359
27	366
27	373
27	380
27	387
27	394
27	401
27	408
27	414
27	420
27	426
27	432
27	437
27	442
27	447
27	452
27	457
27	462
27	468
27	473
27	479
27	484
27	490
27	495
27	501
27	506
27	512
27	518
27	524
27	530
27	536
27	542
27	548
27	553
27	559
27	564
27	569
27	574
27	579
27	584
27	589
27	594
27	599
27	604
27	609
27	615
27	620
27	626
27	632
27	639
27	646
27	654
27	664
28	306
28	317
28	327
28	337
28	347
28	356
28	365
28	374
28	383
28	393
28	403
28	413
28	423
28	433
28	443
28	453
28	463
28	473
28	483
28	493
28	502
28	511
28	519
28	527
28	534
28	541
28	547
28	552
28	557
28	562
28	566
28	571
28	575
28	580
28	584
28	589
28	593
28	598
28	603
28	608
28	613
28	618
28	623
28	629
28	635
28	641
28	648
28	656
28	665
28	676
29	319
29	335
29	492
29	503
29	513
29	522
29	530
29	538
29	544
29	550
29	556
29	561
29	566
29	571
29	576
29	581
29	586
29	591
29	597
29	603
29	609
29	615
29	622
29	629
29	637
29	646
29	656
30	492
30	504
30	515
30	524
30	532
30	539
30	545
30	551
30	557
30	563
30	569
30	575
30	581
30	588
30	595
30	603
30	611
30	620
30	630
30	641
31	479
31	490
31	501
31	511
31	520
31	528
31	534
31	540
31	545
31	551
31	556
31	561
31	566
31	572
31	578
31	584
31	591
31	598
31	606
31	615
31	625
31	636
32	476
32	487
32	496
32	504
32	512
32	519
32	526
32	533
32	540
32	547
32	554
32	562
32	570
32	579
32	589
33	342
33	355
33	471
33	482
33	491
33	499
33	506
33	512
33	518
33	524
33	530
33	536
33	542
33	548
33	555
33	563
33	571
33	580
33	592
34	461
34	472
34	482
34	491
34	499
34	506
34	512
34	518
34	524
34	530
34	536
34	542
34	549
34	556
34	564
34	573
34	583
35	322
35	334
35	345
35	357
35	458
35	469
35	478
35	485
35	491
35	497
35	502
35	507
35	511
35	516
35	520
35	524
35	528
35	532
35	537
35	541
35	546
35	551
35	556
35	561
35	567
35	573
35	580
35	588
35	597
35	608
36	321
36	332
36	343
36	354
36	365
36	377
36	388
36	399
36	410
36	421
36	432
36	443
36	454
36	464
36	473
36	481
36	488
36	493
36	499
36	503
36	507
36	511
36	514
36	518
36	521
36	525
36	528
36	532
36	535
36	539
36	542
36	546
36	549
36	554
36	557
36	562
36	566
36	571
36	576
36	582
36	588
36	595
36	603
36	613
37	326
37	337
37	348
37	359
37	371
37	383
37	394
37	405
37	415
37	425
37	435
37	445
37	454
37	463
37	471
37	479
37	486
37	492
37	498
37	504
37	510
37	515
37	521
37	526
37	532
37	538
37	544
37	550
37	557
37	565
37	574
37	584
38	316
38	327
38	337
38	347
38	357
38	367
38	378
38	389
38	400
38	411
38	421
38	430
38	439
38	448
38	456
38	463
38	470
38	476
38	482
38	487
38	492
38	497
38	502
38	507
38	512
38	517
38	522
38	528
38	534
38	540
38	547
38	554
38	562
38	571
38	581
39	313
39	324
39	334
39	343
39	352
39	362
39	372
39	382
39	392
39	402
39	411
39	420
39	428
39	435
39	442
39	448
39	454
39	460
39	466
39	471
39	476
39	481
39	486
39	491
39	495
39	500
39	504
39	509
39	513
39	518
39	523
39	528
39	533
39	538
39	544
39	550
39	556
39	563
39	570
39	578
39	588
40	308
40	318
40	327
40	335
40	343
40	351
40	359
40	367
40	375
40	383
40	391
40	399
40	407
40	415
40	422
40	429
40	434
40	440
40	444
40	449
40	453
40	457
40	461
40	465
40	469
40	473
40	477
40	481
40	485
40	489
40	494
40	498
40	503
40	508
40	513
40	518
40	524
40	530
40	537
40	544
40	552
40	561
40	573
41	307
41	316
41	324
41	331
41	338
41	344
41	350
41	356
41	362
41	368
41	374
41	380
41	386
41	392
41	398
41	405
41	411
41	417
41	423
41	429
41	435
41	440
41	445
41	450
41	454
41	458
41	462
41	466
41	470
41	473
41	477
41	481
41	484
41	488
41	492
41	496
41	500
41	504
41	508
41	513
41	517
41	522
41	527
41	533
41	539
41	546
41	554
41	563
41	574
42	302
42	312
42	320
42	327
42	333
42	339
42	344
42	349
42	354
42	359
42	363
42	368
42	372
42	377
42	381
42	386
42	390
42	395
42	399
42	404
42	408
42	413
42	417
42	422
42	426
42	431
42	436
42	441
42	446
42	451
42	456
42	461
42	466
42	471
42	476
42	480
42	485
42	489
42	494
42	498
42	503
42	508
42	513
42	518
42	523
42	529
42	535
42	542
42	549
42	557
42	567
43	301
43	311
43	319
43	326
43	333
43	339
43	345
43	351
43	356
43	362
43	367
43	372
43	377
43	382
43	387
43	392
43	396
43	401
43	405
43	410
43	413
43	418
43	421
43	425
43	429
43	433
43	437
43	441
43	445
43	449
43	453
43	458
43	462
43	467
43	472
43	477
43	483
43	489
43	495
43	502
43	509
43	516
43	524
43	533
43	543
44	302
44	312
44	321
44	329
44	337
44	344
44	351
44	358
44	365
44	372
44	379
44	385
44	392
44	398
44	404
44	410
44	415
44	421
44	426
44	431
44	436
44	441
44	445
44	450
44	454
44	459
44	464
44	469
44	474
44	479
44	485
44	491
44	497
44	504
44	512
44	521
44	531
44	545
45	298
45	307
45	314
45	321
45	327
45	333
45	338
45	343
45	348
45	353
45	357
45	362
45	366
45	371
45	375
45	380
45	384
45	389
45	394
45	399
45	404
45	409
45	414
45	419
45	425
45	430
45	436
45	442
45	448
45	454
45	460
45	466
45	472
45	478
45	485
45	492
45	499
45	507
45	515
45	524
45	533
45	543
45	555
46	297
46	305
46	312
46	318
46	323
46	328
46	332
46	336
46	340
46	343
46	347
46	350
46	353
46	357
46	360
46	363
46	366
46	369
46	372
46	375
46	378
46	381
46	384
46	387
46	390
46	393
46	396
46	399
46	402
46	406
46	408
46	412
46	415
46	419
46	422
46	426
46	430
46	434
46	438
46	443
46	448
46	453
46	458
46	464
46	470
46	477
46	484
46	492
46	500
46	508
46	517
46	526
46	536
46	548
47	300
47	310
47	318
47	325
47	331
47	337
47	342
47	347
47	352
47	356
47	361
47	365
47	369
47	373
47	377
47	381
47	385
47	389
47	392
47	396
47	400
47	403
47	407
47	410
47	414
47	418
47	421
47	425
47	429
47	433
47	437
47	442
47	446
47	451
47	456
47	461
47	467
47	473
47	479
47	486
47	493
47	501
47	510
47	520
48	309
48	320
48	330
48	339
48	348
48	356
48	364
48	372
48	380
48	387
48	394
48	401
48	408
48	415
48	422
48	429
48	436
48	443
48	450
48	457
48	464
48	471
48	479
48	487
48	495
48	504
48	514
48	525
49	308
49	318
49	326
49	333
49	340
49	347
49	353
49	359
49	365
49	371
49	376
49	382
49	387
49	393
49	398
49	404
49	410
49	416
49	422
49	428
49	435
49	442
49	449
49	456
49	463
49	470
49	478
49	486
49	494
49	502
49	511
49	521
49	532
50	303
50	312
50	320
50	326
50	332
50	336
50	341
50	345
50	349
50	353
50	357
50	360
50	364
50	367
50	371
50	374
50	377
50	381
50	383
50	387
50	390
50	393
50	396
50	399
50	403
50	406
50	409
50	413
50	416
50	419
50	423
50	426
50	430
50	434
50	437
50	441
50	445
50	449
50	453
50	458
50	462
50	467
50	472
50	477
50	483
50	489
50	495
50	502
50	509
50	517
50	526
50	536
51	303
51	312
51	320
51	326
51	331
51	336
51	341
51	344
51	349
51	352
51	355
51	359
51	361
51	364
51	367
51	370
51	372
51	375
51	378
51	380
51	383
51	385
51	388
51	390
51	392
51	395
51	397
51	399
51	402
51	404
51	406
51	409
51	411
51	413
51	416
51	418
51	420
51	423
51	425
51	427
51	430
51	432
51	434
51	437
51	439
51	442
51	444
51	447
51	449
51	452
51	455
51	457
51	460
51	463
51	466
51	469
51	472
51	475
51	478
51	482
51	485
51	489
51	493
51	497
51	501
51	506
51	511
51	516
51	522
51	528
51	535
51	543
51	553
52	310
52	321
52	331
52	340
52	349
52	357
52	364
52	371
52	377
52	383
52	388
52	393
52	398
52	402
52	406
52	410
52	414
52	418
52	421
52	425
52	428
52	431
52	434
52	437
52	440
52	443
52	446
52	449
52	451
52	454
52	457
52	459
52	462
52	465
52	467
52	470
52	473
52	475
52	478
52	481
52	484
52	487
52	489
52	493
52	496
52	499
52	503
52	506
52	509
52	514
52	517
52	522
52	526
52	531
52	536
52	542
52	548
52	555
52	563
52	572
53	303
53	313
53	322
53	331
53	339
53	347
53	355
53	363
53	371
53	379
53	387
53	396
53	405
53	414
53	423
53	431
53	439
53	446
53	452
53	458
53	463
53	468
53	472
53	476
53	480
53	484
53	488
53	492
53	496
53	500
53	504
53	508
53	512
53	516
53	520
53	525
53	529
53	534
53	539
53	545
53	551
53	558
53	566
53	575
53	586
54	297
54	306
54	313
54	320
54	325
54	331
54	335
54	340
54	344
54	349
54	353
54	358
54	362
54	367
54	371
54	376
54	380
54	385
54	389
54	394
54	398
54	403
54	408
54	413
54	418
54	423
54	429
54	435
54	441
54	447
54	454
54	461
54	468
54	475
54	482
54	489
54	496
54	503
54	510
54	517
54	524
54	532
54	540
54	549
54	559
55	292
55	301
55	307
55	312
55	316
55	321
55	323
55	328
55	331
55	333
55	337
55	339
55	342
55	344
55	347
55	350
55	352
55	354
55	357
55	359
55	362
55	364
55	366
55	369
55	371
55	373
55	376
55	378
55	380
55	383
55	385
55	387
55	390
55	392
55	394
55	397
55	399
55	401
55	404
55	406
55	409
55	411
55	414
55	416
55	419
55	422
55	424
55	427
55	430
55	433
55	436
55	439
55	442
55	445
55	448
55	451
55	455
55	458
55	462
55	466
55	469
55	474
55	477
55	482
55	486
55	491
55	496
55	501
55	507
55	513
55	519
55	526
55	534
55	542
55	552
56	293
56	301
56	307
56	312
56	315
56	320
56	322
56	325
56	329
56	331
56	333
56	336
56	338
56	341
56	342
56	345
56	347
56	349
56	351
56	353
56	355
56	357
56	359
56	361
56	362
56	364
56	366
56	368
56	370
56	371
56	373
56	375
56	376
56	378
56	380
56	382
56	383
56	385
56	387
56	388
56	390
56	392
56	393
56	395
56	397
56	398
56	400
56	402
56	403
56	405
56	407
56	408
56	410
56	412
56	413
56	415
56	417
56	418
56	420
56	422
56	423
56	425
56	427
56	428
56	430
56	432
56	434
56	435
56	437
56	439
56	441
56	443
56	444
56	447
56	448
56	450
56	452
56	454
56	456
56	458
56	460
56	462
56	464
56	466
56	468
56	470
56	473
56	475
56	477
56	479
56	482
56	484
56	487
56	489
56	492
56	495
56	497
56	500
56	503
56	506
56	509
56	512
56	516
56	519
56	523
56	527
56	531
56	536
56	540
56	546
56	551
56	557
56	564
56	572
56	582
57	300
57	310
57	318
57	325
57	331
57	337
57	342
57	348
57	353
57	358
57	362
57	367
57	371
57	375
57	379
57	382
57	386
57	389
57	393
57	396
57	399
57	402
57	405
57	408
57	411
57	413
57	416
57	419
57	421
57	423
57	426
57	428
57	431
57	432
57	435
57	437
57	439
57	442
57	443
57	445
57	448
57	450
57	451
57	454
57	456
57	457
57	460
57	462
57	463
57	466
57	467
57	469
57	471
57	473
57	475
57	477
57	479
57	481
57	483
57	485
57	487
57	489
57	491
57	493
57	495
57	497
57	499
57	501
57	503
57	505
57	507
57	509
57	511
57	514
57	516
57	518
57	520
57	523
57	525
57	528
57	530
57	533
57	536
57	538
57	542
57	545
57	548
57	552
57	556
57	560
57	565
57	569
57	575
57	581
57	588
57	596
57	606
58	427
58	437
58	445
58	451
58	457
58	462
58	466
58	470
58	473
58	477
58	480
58	482
58	486
58	488
58	491
58	493
58	496
58	498
58	501
58	503
58	505
58	508
58	510
58	512
58	514
58	517
58	519
58	521
58	524
58	526
58	528
58	531
58	534
58	536
58	539
58	542
58	545
58	548
58	551
58	555
58	558
58	562
58	566
58	570
58	575
58	580
58	586
58	593
58	601
58	611
59	317
59	328
59	338
59	348
59	358
59	368
59	378
59	388
59	399
59	410
59	423
59	469
59	480
59	489
59	496
59	502
59	508
59	513
59	519
59	524
59	530
59	536
59	542
59	548
59	555
59	562
59	570
59	579
60	307
60	316
60	323
60	330
60	336
60	342
60	348
60	353
60	358
60	363
60	368
60	373
60	378
60	383
60	388
60	393
60	398
60	404
60	409
60	415
60	421
60	427
60	433
60	440
60	447
60	454
60	462
60	470
60	479
60	489
60	499
60	510
60	522
60	534
60	546
61	304
61	312
61	319
61	324
61	330
61	333
61	338
61	342
61	345
61	349
61	352
61	356
61	359
61	363
61	366
61	369
61	373
61	376
61	379
61	382
61	385
61	388
61	391
61	394
61	397
61	400
61	404
61	406
61	410
61	413
61	416
61	420
61	423
61	426
61	430
61	433
61	437
61	440
61	444
61	448
61	451
61	456
61	459
61	464
61	468
61	473
61	477
61	482
61	487
61	492
61	497
61	503
61	509
61	515
61	521
61	527
61	533
61	539
61	545
61	551
61	557
61	564
61	571
61	578
61	586
61	595
61	606
62	311
62	321
62	329
62	336
62	343
62	349
62	355
62	360
62	365
62	370
62	375
62	380
62	384
62	389
62	393
62	397
62	401
62	405
62	409
62	413
62	417
62	421
62	424
62	428
62	431
62	435
62	438
62	442
62	445
62	449
62	452
62	456
62	459
62	463
62	466
62	470
62	473
62	477
62	480
62	484
62	487
62	491
62	494
62	498
62	501
62	505
62	509
62	512
62	516
62	520
62	523
62	527
62	530
62	534
62	537
62	541
62	544
62	548
62	551
62	555
62	558
62	562
62	565
62	569
62	573
62	577
62	581
62	586
62	590
62	596
62	601
62	607
62	614
62	622
62	632
63	432
63	442
63	451
63	459
63	466
63	472
63	478
63	483
63	488
63	493
63	497
63	502
63	505
63	510
63	513
63	517
63	521
63	523
63	527
63	530
63	533
63	536
63	539
63	542
63	544
63	547
63	550
63	552
63	555
63	557
63	560
63	563
63	565
63	568
63	571
63	574
63	577
63	580
63	584
63	587
63	591
63	595
63	599
63	604
63	608
63	614
63	620
63	627
63	635
63	645
64	500
64	510
64	519
64	526
64	532
64	538
64	543
64	548
64	553
64	558
64	563
64	568
64	574
64	579
64	585
64	592
64	599
64	607
64	617
65	326
65	337
65	347
65	356
65	365
65	374
65	383
65	392
65	402
65	412
65	423
65	435
66	310
66	319
66	327
66	333
66	339
66	344
66	350
66	354
66	359
66	364
66	369
66	374
66	379
66	384
66	389
66	394
66	399
66	404
66	409
66	414
66	419
66	425
66	430
66	436
66	442
66	448
66	455
66	462
66	469
66	477
66	485
66	494
66	503
66	513
66	523
66	534
66	545
66	556
66	567
66	578
66	589
66	600
67	309
67	318
67	324
67	330
67	334
67	339
67	343
67	347
67	351
67	354
67	358
67	361
67	365
67	368
67	372
67	375
67	378
67	382
67	385
67	388
67	392
67	395
67	398
67	402
67	405
67	408
67	412
67	415
67	418
67	422
67	425
67	429
67	432
67	436
67	439
67	443
67	446
67	450
67	454
67	458
67	462
67	466
67	470
67	474
67	478
67	483
67	487
67	492
67	497
67	502
67	507
67	512
67	517
67	522
67	528
67	533
67	539
67	544
67	550
67	555
67	561
67	566
67	572
67	577
67	583
67	588
67	594
67	599
67	605
67	611
67	618
67	625
67	633
67	643
68	322
68	332
68	341
68	349
68	357
68	364
68	371
68	378
68	384
68	390
68	396
68	402
68	408
68	414
68	420
68	425
68	430
68	435
68	440
68	445
68	450
68	454
68	459
68	463
68	468
68	472
68	476
68	480
68	484
68	488
68	492
68	496
68	500
68	504
68	508
68	512
68	516
68	520
68	524
68	528
68	532
68	536
68	540
68	543
68	547
68	551
68	554
68	558
68	561
68	565
68	568
68	572
68	575
68	579
68	582
68	586
68	589
68	593
68	596
68	600
68	604
68	608
68	613
68	617
68	622
68	627
68	633
68	640
68	648
68	658
69	476
69	487
69	496
69	504
69	511
69	518
69	524
69	530
69	536
69	541
69	547
69	552
69	557
69	562
69	567
69	571
69	576
69	580
69	585
69	590
69	595
69	601
69	607
69	614
69	622
69	631
69	644
71	367
71	381
72	318
72	328
72	336
72	343
72	350
72	356
72	362
72	368
72	374
72	380
72	386
72	392
72	398
72	404
72	410
72	416
72	422
72	429
72	436
72	443
72	450
72	458
72	466
72	475
72	484
72	494
72	505
72	518
73	311
73	320
73	327
73	333
73	338
73	343
73	348
73	352
73	356
73	360
73	364
73	368
73	372
73	375
73	379
73	383
73	386
73	390
73	393
73	397
73	400
73	404
73	407
73	411
73	415
73	418
73	422
73	426
73	430
73	434
73	438
73	442
73	446
73	450
73	454
73	458
73	463
73	467
73	472
73	477
73	482
73	487
73	492
73	497
73	503
73	509
73	515
73	521
73	527
73	534
73	541
73	548
73	555
73	562
73	569
73	576
73	583
73	590
73	597
73	604
73	611
73	619
73	628
73	638
74	317
74	326
74	333
74	340
74	345
74	351
74	356
74	361
74	366
74	371
74	375
74	380
74	384
74	389
74	393
74	397
74	401
74	405
74	409
74	413
74	417
74	421
74	425
74	429
74	433
74	437
74	441
74	446
74	450
74	455
74	459
74	464
74	468
74	473
74	477
74	482
74	486
74	491
74	496
74	501
74	506
74	511
74	516
74	521
74	526
74	531
74	536
74	541
74	546
74	552
74	557
74	563
74	568
74	574
74	579
74	585
74	590
74	596
74	601
74	607
74	613
74	619
74	626
74	634
74	643
74	655
75	489
75	501
75	512
75	523
75	534
75	545
75	555
75	565
75	575
75	585
75	596
-1	-1
