-1	-1
6	58
6	70
6	82
6	94
6	107
6	120
6	135
7	46
7	56
7	66
7	76
7	86
7	97
7	108
7	119
7	130
7	141
7	153
7	166
8	40
8	50
8	59
8	68
8	77
8	86
8	96
8	106
8	116
8	126
8	136
8	146
8	156
8	167
8	178
8	190
8	203
8	217
9	38
9	48
9	56
9	64
9	72
9	80
9	88
9	97
9	107
9	117
9	127
9	138
9	149
10	42
10	52
10	62
10	71
10	80
10	90
10	100
10	110
10	121
10	132
10	144
11	50
11	61
11	71
11	81
11	91
11	101
11	111
11	121
11	131
11	141
11	151
11	161
11	171
11	181
11	191
11	201
11	211
11	221
11	231
11	242
11	254
12	39
12	49
12	58
12	66
12	74
12	82
12	90
12	98
12	106
12	114
12	121
12	128
12	135
12	142
12	149
12	156
12	163
12	170
12	177
12	184
12	191
12	198
12	205
12	212
12	219
12	226
12	233
12	241
12	249
12	258
12	268
12	279
13	37
13	47
13	55
13	63
13	71
13	78
13	86
13	94
13	101
13	108
13	115
13	122
13	128
13	134
13	140
13	146
13	152
13	158
13	164
13	170
13	176
13	183
13	189
13	196
13	203
13	210
13	217
13	224
13	231
13	238
13	246
13	255
13	265
13	276
14	37
14	47
14	55
14	63
14	70
14	77
14	84
14	92
14	100
14	108
14	115
14	122
14	129
14	136
14	143
14	150
14	157
14	164
14	171
14	178
14	185
14	192
14	200
14	208
14	216
14	224
14	233
14	243
14	254
15	42
15	52
15	61
15	70
15	78
15	86
15	94
15	102
15	110
15	118
15	126
15	134
15	142
15	151
15	160
15	169
15	178
15	187
15	197
15	207
15	218
16	50
16	61
16	71
16	80
16	88
16	96
16	104
16	112
16	120
16	128
16	136
16	145
16	154
16	163
16	173
16	183
16	193
16	204
16	217
17	51
17	62
17	72
17	81
17	89
17	97
17	105
17	113
17	121
17	128
17	135
17	142
17	150
17	158
17	166
17	174
17	183
17	192
17	202
17	212
17	224
18	58
18	69
18	79
18	88
18	97
18	106
18	114
18	122
18	130
18	137
18	144
18	152
18	160
18	168
18	177
18	186
18	196
18	207
18	219
19	49
19	60
19	70
19	79
19	88
19	97
19	106
19	115
19	124
19	132
19	140
19	148
19	156
19	165
19	174
19	184
19	194
19	205
19	217
20	39
20	49
20	58
20	66
20	74
20	82
20	90
20	98
20	106
20	114
20	123
20	132
20	141
20	150
20	159
20	168
20	178
20	188
20	199
20	210
20	223
21	32
21	42
21	50
21	57
21	64
21	71
21	77
21	83
21	89
21	95
21	102
21	109
21	116
21	123
21	130
21	137
21	144
21	151
21	159
21	167
21	175
21	183
21	191
21	200
21	209
21	219
21	229
21	239
21	250
21	263
22	29
22	38
22	45
22	52
22	58
22	64
22	70
22	75
22	81
22	86
22	91
22	96
22	102
22	107
22	113
22	119
22	125
22	131
22	136
22	142
22	147
22	153
22	158
22	164
22	169
22	175
22	181
22	187
22	193
22	199
22	206
22	213
22	220
22	227
22	234
22	242
22	250
22	258
22	267
22	276
22	286
22	298
23	30
23	40
23	48
23	55
23	62
23	69
23	75
23	81
23	87
23	93
23	99
23	105
23	111
23	117
23	123
23	129
23	134
23	140
23	145
23	150
23	155
23	160
23	164
23	169
23	173
23	178
23	182
23	187
23	191
23	196
23	201
23	206
23	211
23	216
23	221
23	227
23	232
23	238
23	244
23	250
23	256
23	262
23	269
23	276
23	284
23	292
23	301
23	310
23	321
24	37
24	47
24	56
24	64
24	72
24	80
24	88
24	97
24	106
24	115
24	123
24	130
24	137
24	143
24	149
24	154
24	159
24	164
24	169
24	173
24	178
24	182
24	187
24	191
24	196
24	200
24	205
24	209
24	214
24	218
24	223
24	228
24	233
24	238
24	243
24	248
24	253
24	258
24	264
24	270
24	276
24	282
24	288
24	295
24	302
24	310
24	318
24	327
24	337
25	41
25	51
25	60
25	69
25	78
25	87
25	97
25	108
25	119
25	129
25	138
25	146
25	153
25	160
25	167
25	173
25	179
25	184
25	190
25	195
25	200
25	205
25	210
25	215
25	220
25	225
25	230
25	235
25	240
25	246
25	251
25	257
25	263
25	269
25	275
25	282
25	289
25	296
25	303
25	311
25	319
25	328
25	338
26	61
26	74
26	158
26	169
26	179
26	188
26	196
26	203
26	210
26	217
26	223
26	229
26	235
26	242
26	249
26	256
26	263
26	270
26	277
26	285
26	293
26	301
26	310
26	319
26	329
27	187
27	198
27	207
27	216
27	224
27	232
27	240
27	248
27	256
27	265
27	273
27	281
27	290
27	299
27	309
27	319
28	192
28	203
28	213
28	222
28	231
28	240
28	249
28	258
28	267
28	276
28	285
28	294
28	304
28	314
29	216
29	227
29	238
29	248
29	258
29	268
29	277
29	286
29	296
29	306
29	317
30	213
30	224
30	234
30	243
30	252
30	261
30	270
30	279
30	288
30	297
30	307
30	319
31	202
31	213
31	222
31	230
31	238
31	246
31	254
31	262
31	270
31	278
31	287
31	297
31	308
32	180
32	191
32	201
32	210
32	218
32	225
32	232
32	238
32	244
32	251
32	258
32	265
32	273
32	282
32	292
32	303
33	172
33	183
33	193
33	202
33	210
33	217
33	223
33	229
33	234
33	240
33	246
33	252
33	258
33	265
33	273
33	282
33	292
34	170
34	181
34	191
34	200
34	207
34	213
34	219
34	224
34	229
34	234
34	239
34	245
34	250
34	256
34	263
34	270
34	278
34	287
34	298
35	59
35	71
35	83
35	95
35	160
35	172
35	182
35	191
35	199
35	205
35	211
35	216
35	222
35	227
35	232
35	237
35	243
35	249
35	256
35	263
35	271
35	280
35	291
36	40
36	51
36	61
36	71
36	81
36	90
36	99
36	109
36	119
36	129
36	139
36	150
36	160
36	170
36	179
36	187
36	194
36	201
36	207
36	213
36	218
36	224
36	229
36	235
36	241
36	247
36	254
36	262
36	271
36	281
37	32
37	43
37	52
37	61
37	69
37	77
37	85
37	93
37	101
37	109
37	118
37	127
37	135
37	143
37	151
37	159
37	167
37	174
37	181
37	187
37	193
37	199
37	204
37	210
37	215
37	220
37	225
37	230
37	236
37	242
37	248
37	255
37	262
37	270
37	279
37	290
38	28
38	38
38	47
38	55
38	63
38	70
38	77
38	84
38	91
38	98
38	105
38	112
38	120
38	127
38	134
38	141
38	148
38	154
38	160
38	166
38	172
38	177
38	182
38	186
38	191
38	195
38	199
38	203
38	207
38	211
38	215
38	219
38	224
38	228
38	233
38	238
38	243
38	249
38	255
38	262
38	270
38	279
38	289
39	21
39	30
39	38
39	45
39	52
39	58
39	64
39	70
39	76
39	82
39	87
39	93
39	98
39	104
39	109
39	115
39	120
39	126
39	131
39	137
39	142
39	147
39	152
39	157
39	162
39	167
39	171
39	176
39	180
39	184
39	188
39	192
39	195
39	199
39	203
39	206
39	210
39	214
39	218
39	222
39	227
39	231
39	236
39	241
39	247
39	253
39	260
39	268
39	277
39	289
40	17
40	26
40	33
40	40
40	45
40	51
40	56
40	61
40	65
40	70
40	74
40	79
40	83
40	87
40	91
40	95
40	99
40	103
40	107
40	111
40	115
40	119
40	123
40	127
40	131
40	135
40	139
40	143
40	147
40	151
40	155
40	159
40	162
40	166
40	170
40	173
40	177
40	180
40	184
40	188
40	191
40	195
40	199
40	203
40	207
40	211
40	216
40	220
40	225
40	230
40	236
40	242
40	249
40	257
40	266
41	16
41	24
41	31
41	37
41	42
41	47
41	52
41	56
41	61
41	64
41	69
41	72
41	76
41	80
41	84
41	88
41	92
41	96
41	100
41	104
41	108
41	112
41	116
41	120
41	123
41	127
41	130
41	134
41	137
41	141
41	144
41	147
41	151
41	154
41	158
41	161
41	164
41	168
41	171
41	174
41	177
41	180
41	183
41	186
41	189
41	193
41	196
41	199
41	203
41	206
41	210
41	214
41	218
41	222
41	227
41	231
41	236
41	242
41	248
41	255
41	263
41	273
42	17
42	25
42	32
42	38
42	43
42	47
42	52
42	55
42	59
42	63
42	66
42	70
42	73
42	77
42	80
42	84
42	88
42	91
42	95
42	99
42	103
42	107
42	111
42	115
42	119
42	123
42	127
42	131
42	134
42	138
42	141
42	144
42	148
42	150
42	154
42	157
42	160
42	163
42	166
42	169
42	172
42	175
42	178
42	181
42	184
42	187
42	190
42	193
42	196
42	199
42	203
42	206
42	209
42	213
42	216
42	220
42	224
42	228
42	233
42	237
42	243
42	248
42	255
42	263
42	272
42	284
43	18
43	27
43	33
43	39
43	43
43	48
43	52
43	56
43	60
43	64
43	68
43	71
43	75
43	78
43	82
43	85
43	89
43	92
43	95
43	99
43	102
43	105
43	109
43	112
43	116
43	119
43	123
43	127
43	130
43	134
43	138
43	141
43	144
43	148
43	151
43	154
43	157
43	160
43	163
43	166
43	169
43	172
43	175
43	178
43	181
43	185
43	188
43	192
43	195
43	199
43	203
43	207
43	211
43	216
43	220
43	225
43	230
43	236
43	243
43	251
43	260
44	22
44	31
44	39
44	45
44	51
44	56
44	61
44	65
44	70
44	73
44	77
44	81
44	83
44	87
44	90
44	92
44	95
44	98
44	101
44	103
44	106
44	109
44	111
44	114
44	116
44	119
44	122
44	124
44	127
44	130
44	133
44	136
44	139
44	142
44	145
44	148
44	151
44	154
44	157
44	160
44	163
44	166
44	169
44	172
44	175
44	178
44	181
44	185
44	188
44	192
44	195
44	199
44	203
44	207
44	211
44	216
44	221
44	226
44	232
44	238
44	246
44	255
44	266
45	28
45	38
45	46
45	53
45	60
45	65
45	70
45	74
45	79
45	82
45	86
45	90
45	92
45	96
45	99
45	102
45	104
45	108
45	110
45	113
45	115
45	118
45	121
45	123
45	126
45	129
45	131
45	134
45	137
45	139
45	143
45	145
45	148
45	152
45	155
45	158
45	162
45	165
45	169
45	172
45	176
45	179
45	183
45	186
45	190
45	194
45	198
45	202
45	206
45	210
45	215
45	219
45	225
45	230
45	236
45	243
45	251
45	260
46	31
46	41
46	50
46	58
46	65
46	72
46	79
46	86
46	93
46	100
46	107
46	113
46	119
46	125
46	131
46	136
46	142
46	147
46	153
46	158
46	164
46	170
46	176
46	182
46	188
46	194
46	200
46	206
46	213
46	220
46	228
46	237
46	247
47	33
47	43
47	52
47	61
47	69
47	77
47	85
47	93
47	101
47	108
47	116
47	123
47	131
47	138
47	145
47	152
47	159
47	166
47	173
47	180
47	187
47	195
47	203
47	211
47	220
47	230
47	242
48	38
48	48
48	57
48	65
48	72
48	79
48	85
48	91
48	96
48	101
48	106
48	111
48	116
48	121
48	126
48	131
48	136
48	141
48	146
48	152
48	157
48	163
48	169
48	175
48	181
48	187
48	193
48	199
48	205
48	211
48	217
48	224
48	231
48	239
48	248
48	258
49	31
49	41
49	49
49	56
49	62
49	67
49	72
49	76
49	81
49	84
49	89
49	92
49	96
49	100
49	103
49	107
49	110
49	113
49	116
49	119
49	122
49	125
49	128
49	131
49	134
49	137
49	140
49	144
49	147
49	151
49	154
49	158
49	162
49	166
49	170
49	174
49	178
49	182
49	186
49	190
49	194
49	198
49	202
49	207
49	211
49	216
49	221
49	226
49	232
49	238
49	245
49	252
49	261
49	271
50	28
50	37
50	44
50	50
50	55
50	60
50	64
50	68
50	72
50	76
50	80
50	84
50	88
50	92
50	96
50	100
50	104
50	108
50	112
50	116
50	120
50	123
50	127
50	130
50	134
50	137
50	141
50	144
50	147
50	151
50	154
50	158
50	161
50	165
50	168
50	172
50	176
50	180
50	184
50	188
50	193
50	197
50	202
50	207
50	212
50	217
50	223
50	229
50	236
50	243
50	251
50	260
51	23
51	32
51	40
51	45
51	51
51	55
51	60
51	64
51	69
51	73
51	78
51	83
51	88
51	93
51	98
51	104
51	110
51	116
51	122
51	128
51	134
51	140
51	144
51	149
51	153
51	158
51	162
51	166
51	171
51	175
51	180
51	185
51	190
51	195
51	200
51	206
51	212
51	218
51	225
51	232
51	240
51	249
51	259
52	28
52	37
52	44
52	51
52	57
52	63
52	69
52	75
52	81
52	87
52	93
52	99
52	105
52	111
52	117
52	124
52	131
52	138
52	145
52	151
52	157
52	163
52	168
52	173
52	178
52	183
52	188
52	193
52	198
52	204
52	209
52	215
52	221
52	227
52	234
52	241
52	249
52	258
52	268
53	33
53	43
53	52
53	60
53	67
53	73
53	79
53	84
53	89
53	94
53	98
53	103
53	107
53	111
53	115
53	119
53	123
53	127
53	132
53	136
53	141
53	146
53	151
53	156
53	161
53	166
53	171
53	176
53	181
53	186
53	191
53	196
53	201
53	206
53	211
53	216
53	222
53	228
53	234
53	241
53	248
53	256
53	265
53	276
54	38
54	48
54	55
54	61
54	67
54	72
54	76
54	81
54	84
54	88
54	91
54	94
54	98
54	101
54	103
54	107
54	109
54	112
54	115
54	117
54	120
54	123
54	125
54	128
54	131
54	133
54	136
54	139
54	141
54	145
54	147
54	150
54	153
54	156
54	159
54	163
54	166
54	169
54	173
54	177
54	180
54	185
54	188
54	193
54	197
54	202
54	207
54	212
54	217
54	223
54	229
54	235
54	242
54	249
54	257
54	266
54	277
55	29
55	38
55	45
55	51
55	55
55	60
55	63
55	68
55	71
55	75
55	79
55	82
55	86
55	89
55	93
55	96
55	100
55	103
55	107
55	110
55	113
55	117
55	120
55	122
55	126
55	128
55	131
55	134
55	136
55	139
55	142
55	144
55	147
55	149
55	152
55	154
55	157
55	159
55	162
55	165
55	167
55	170
55	173
55	176
55	179
55	182
55	185
55	188
55	192
55	195
55	199
55	203
55	207
55	211
55	216
55	221
55	226
55	231
55	237
55	243
55	250
55	257
55	265
55	274
55	285
56	26
56	34
56	41
56	46
56	51
56	55
56	59
56	63
56	67
56	71
56	75
56	79
56	84
56	88
56	93
56	98
56	104
56	110
56	116
56	122
56	128
56	133
56	138
56	142
56	145
56	149
56	152
56	155
56	158
56	161
56	164
56	167
56	170
56	172
56	175
56	178
56	181
56	184
56	187
56	190
56	193
56	196
56	199
56	203
56	206
56	209
56	213
56	216
56	220
56	224
56	228
56	232
56	236
56	240
56	245
56	249
56	255
56	260
56	266
56	273
56	280
56	289
56	299
57	22
57	31
57	38
57	43
57	48
57	53
57	57
57	62
57	66
57	71
57	76
57	81
57	86
57	91
57	96
57	102
57	108
57	114
57	121
57	128
57	136
57	143
57	150
57	154
57	160
57	163
57	167
57	171
57	173
57	177
57	180
57	183
57	186
57	189
57	192
57	195
57	198
57	201
57	203
57	207
57	209
57	212
57	215
57	218
57	221
57	224
57	227
57	230
57	234
57	237
57	241
57	245
57	248
57	253
57	257
57	261
57	266
57	271
57	277
57	283
57	290
57	298
57	308
58	28
58	37
58	44
58	50
58	56
58	62
58	67
58	73
58	78
58	83
58	88
58	93
58	98
58	103
58	108
58	113
58	118
58	124
58	129
58	135
58	142
58	149
58	156
58	162
58	168
58	173
58	178
58	182
58	186
58	190
58	193
58	196
58	200
58	202
58	206
58	208
58	212
58	214
58	218
58	220
58	224
58	226
58	230
58	233
58	236
58	240
58	244
58	247
58	252
58	256
58	261
58	266
58	271
58	277
58	284
58	292
58	301
59	30
59	39
59	47
59	54
59	60
59	66
59	71
59	76
59	81
59	84
59	89
59	92
59	96
59	100
59	103
59	106
59	110
59	113
59	116
59	120
59	123
59	126
59	130
59	133
59	137
59	140
59	145
59	148
59	153
59	157
59	162
59	167
59	172
59	178
59	183
59	188
59	193
59	198
59	203
59	207
59	212
59	216
59	221
59	226
59	231
59	236
59	241
59	247
59	253
59	259
59	266
59	274
59	284
60	38
60	47
60	54
60	61
60	66
60	71
60	75
60	80
60	82
60	87
60	90
60	93
60	96
60	99
60	102
60	104
60	107
60	110
60	112
60	115
60	117
60	120
60	122
60	125
60	127
60	130
60	132
60	135
60	137
60	140
60	143
60	145
60	148
60	151
60	154
60	157
60	160
60	164
60	167
60	171
60	175
60	179
60	184
60	189
60	195
60	201
60	207
60	214
60	221
60	228
60	235
60	243
60	251
60	260
60	270
61	48
61	57
61	64
61	71
61	77
61	83
61	89
61	94
61	100
61	105
61	110
61	115
61	120
61	124
61	128
61	132
61	136
61	140
61	144
61	147
61	151
61	155
61	159
61	163
61	167
61	171
61	176
61	180
61	186
61	191
61	197
61	204
61	211
61	218
61	225
61	233
61	241
61	249
61	258
61	269
62	61
62	74
62	139
62	150
62	159
62	168
62	176
62	184
62	192
62	200
62	209
62	218
62	227
62	237
62	247
62	259
63	52
63	64
63	76
63	88
63	187
63	198
63	209
63	220
63	231
63	242
64	50
64	61
64	71
64	80
64	89
64	98
64	106
64	115
64	124
64	133
64	143
64	155
65	58
65	68
65	76
65	83
65	89
65	94
65	100
65	105
65	110
65	115
65	120
65	125
65	130
65	135
65	140
65	146
65	152
65	158
65	165
65	173
65	182
65	192
66	49
66	59
66	66
66	72
66	77
66	82
66	86
66	91
66	94
66	98
66	101
66	105
66	108
66	111
66	115
66	118
66	121
66	124
66	127
66	131
66	134
66	137
66	141
66	144
66	148
66	151
66	155
66	159
66	163
66	167
66	172
66	176
66	181
66	187
66	193
66	199
66	206
66	214
66	222
66	231
66	240
66	250
67	48
67	57
67	64
67	71
67	77
67	83
67	88
67	93
67	98
67	103
67	108
67	113
67	118
67	123
67	128
67	132
67	137
67	141
67	146
67	150
67	155
67	159
67	164
67	168
67	173
67	177
67	182
67	187
67	192
67	198
67	204
67	210
67	216
67	223
67	230
67	238
67	247
67	257
68	157
68	167
68	176
68	184
68	192
68	199
68	206
68	213
68	221
68	229
68	238
68	247
68	258
71	60
71	70
71	79
71	87
71	95
71	102
71	109
71	116
71	123
71	130
71	137
71	145
71	153
71	162
71	172
71	183
71	222
71	233
71	243
71	253
71	264
72	51
72	61
72	69
72	75
72	81
72	86
72	91
72	95
72	100
72	103
72	108
72	111
72	115
72	119
72	123
72	127
72	131
72	135
72	139
72	143
72	147
72	151
72	155
72	159
72	164
72	168
72	173
72	178
72	184
72	190
72	196
72	203
72	210
72	217
72	225
72	233
72	241
72	249
72	257
72	265
72	274
72	284
73	48
73	57
73	63
73	69
73	74
73	79
73	83
73	87
73	91
73	94
73	98
73	101
73	104
73	108
73	110
73	114
73	116
73	120
73	122
73	126
73	128
73	132
73	134
73	137
73	140
73	143
73	146
73	149
73	152
73	155
73	158
73	161
73	164
73	167
73	170
73	174
73	177
73	181
73	184
73	188
73	192
73	196
73	200
73	204
73	208
73	213
73	217
73	222
73	227
73	232
73	237
73	242
73	247
73	252
73	257
73	262
73	268
73	274
73	280
73	287
73	295
73	304
73	315
74	50
74	60
74	68
74	75
74	81
74	87
74	93
74	99
74	105
74	111
74	116
74	122
74	127
74	132
74	137
74	142
74	147
74	152
74	157
74	162
74	166
74	171
74	175
74	180
74	184
74	189
74	193
74	198
74	202
74	207
74	211
74	216
74	220
74	225
74	230
74	235
74	240
74	245
74	250
74	254
74	259
74	264
74	269
74	274
74	279
74	285
74	291
74	297
74	305
74	314
74	325
75	208
75	220
75	231
75	242
75	253
75	263
75	273
75	284
-1	-1
