-1	-1
10	191
10	202
10	213
10	223
10	232
10	241
10	250
10	259
10	268
10	277
10	286
10	295
10	305
10	315
10	326
10	338
11	180
11	190
11	199
11	208
11	216
11	223
11	230
11	237
11	244
11	251
11	258
11	265
11	272
11	279
11	286
11	293
11	300
11	307
11	314
11	322
11	330
11	338
11	347
11	357
11	368
11	383
12	169
12	179
12	188
12	195
12	202
12	209
12	215
12	221
12	227
12	233
12	239
12	244
12	250
12	255
12	260
12	265
12	270
12	275
12	280
12	285
12	290
12	296
12	301
12	307
12	313
12	319
12	325
12	331
12	338
12	345
12	353
12	362
12	371
12	381
12	392
13	167
13	177
13	185
13	192
13	199
13	205
13	211
13	217
13	223
13	229
13	235
13	241
13	246
13	252
13	257
13	263
13	268
13	274
13	279
13	285
13	290
13	296
13	301
13	307
13	313
13	319
13	325
13	332
13	339
13	346
13	354
13	362
13	371
13	380
13	390
13	401
14	168
14	178
14	187
14	195
14	203
14	211
14	218
14	225
14	232
14	239
14	246
14	253
14	260
14	267
14	274
14	281
14	288
14	295
14	302
14	309
14	316
14	324
14	332
14	340
14	348
14	356
14	364
14	373
14	382
14	392
14	403
15	169
15	179
15	188
15	196
15	204
15	212
15	220
15	228
15	236
15	244
15	252
15	260
15	268
15	276
15	284
15	292
15	300
15	308
15	316
15	324
15	332
15	340
15	348
15	356
15	364
15	372
15	380
15	389
15	398
15	408
15	419
16	171
16	181
16	190
16	199
16	207
16	215
16	223
16	231
16	239
16	247
16	255
16	263
16	271
16	279
16	287
16	295
16	303
16	311
16	319
16	326
16	333
16	340
16	347
16	354
16	361
16	368
16	375
16	382
16	389
16	397
16	405
16	413
16	422
16	431
16	442
17	178
17	189
17	199
17	208
17	217
17	226
17	235
17	244
17	254
17	264
17	273
17	282
17	291
17	299
17	307
17	314
17	321
17	328
17	334
17	340
17	346
17	352
17	358
17	364
17	370
17	376
17	382
17	388
17	394
17	401
17	408
17	415
17	423
17	431
17	440
17	450
18	178
18	189
18	199
18	208
18	217
18	226
18	235
18	244
18	252
18	260
18	268
18	276
18	284
18	291
18	298
18	304
18	310
18	316
18	321
18	326
18	331
18	336
18	341
18	346
18	351
18	356
18	361
18	366
18	371
18	376
18	381
18	386
18	391
18	397
18	403
18	409
18	416
18	423
18	431
18	440
18	450
19	171
19	181
19	190
19	198
19	206
19	213
19	220
19	227
19	234
19	240
19	247
19	253
19	259
19	265
19	271
19	277
19	283
19	289
19	294
19	299
19	304
19	309
19	313
19	318
19	322
19	327
19	331
19	335
19	340
19	344
19	348
19	352
19	356
19	360
19	365
19	369
19	374
19	378
19	383
19	388
19	393
19	398
19	404
19	410
19	417
19	424
19	432
19	441
19	453
20	163
20	172
20	180
20	187
20	193
20	199
20	204
20	209
20	214
20	219
20	223
20	228
20	232
20	237
20	241
20	246
20	250
20	255
20	259
20	264
20	268
20	273
20	277
20	282
20	286
20	291
20	295
20	299
20	304
20	308
20	312
20	317
20	321
20	326
20	330
20	335
20	339
20	344
20	349
20	354
20	359
20	364
20	369
20	375
20	380
20	386
20	392
20	399
20	406
20	414
20	423
20	433
21	162
21	171
21	179
21	185
21	191
21	196
21	201
21	205
21	210
21	214
21	218
21	222
21	226
21	230
21	234
21	238
21	242
21	246
21	250
21	254
21	258
21	262
21	266
21	270
21	274
21	278
21	282
21	286
21	290
21	294
21	298
21	302
21	306
21	310
21	314
21	318
21	323
21	327
21	332
21	336
21	341
21	346
21	351
21	356
21	362
21	368
21	374
21	380
21	387
21	394
21	402
21	410
21	419
21	429
22	168
22	178
22	186
22	193
22	199
22	205
22	211
22	216
22	221
22	226
22	231
22	236
22	241
22	246
22	251
22	255
22	260
22	264
22	269
22	273
22	278
22	282
22	287
22	291
22	296
22	301
22	306
22	311
22	316
22	321
22	326
22	331
22	337
22	343
22	349
22	355
22	362
22	369
22	376
22	384
22	392
22	401
22	410
22	420
22	433
23	169
23	178
23	186
23	193
23	199
23	205
23	211
23	216
23	221
23	226
23	231
23	235
23	240
23	244
23	249
23	253
23	257
23	261
23	265
23	269
23	273
23	277
23	281
23	285
23	289
23	293
23	297
23	301
23	305
23	309
23	314
23	318
23	323
23	327
23	332
23	337
23	342
23	347
23	353
23	359
23	366
23	373
23	380
23	388
23	396
23	404
23	413
23	422
23	432
23	443
24	169
24	178
24	185
24	192
24	198
24	203
24	208
24	213
24	217
24	222
24	226
24	230
24	234
24	238
24	242
24	246
24	250
24	253
24	257
24	260
24	264
24	267
24	271
24	274
24	277
24	281
24	284
24	287
24	291
24	294
24	297
24	301
24	304
24	307
24	311
24	314
24	318
24	321
24	325
24	328
24	332
24	336
24	340
24	345
24	349
24	354
24	359
24	364
24	370
24	376
24	382
24	388
24	395
24	402
24	409
24	416
24	423
24	431
24	439
24	448
24	458
24	469
25	167
25	176
25	183
25	190
25	195
25	201
25	205
25	210
25	214
25	219
25	223
25	227
25	231
25	234
25	238
25	241
25	245
25	248
25	251
25	255
25	258
25	261
25	264
25	267
25	270
25	273
25	276
25	279
25	282
25	285
25	288
25	291
25	293
25	296
25	299
25	302
25	304
25	307
25	310
25	313
25	315
25	319
25	321
25	324
25	327
25	330
25	333
25	336
25	339
25	343
25	346
25	350
25	354
25	358
25	362
25	367
25	371
25	376
25	381
25	386
25	391
25	396
25	401
25	406
25	411
25	416
25	422
25	427
25	433
25	439
25	446
25	453
25	460
25	468
25	477
25	488
26	170
26	179
26	187
26	193
26	199
26	204
26	209
26	214
26	219
26	223
26	228
26	232
26	236
26	240
26	244
26	248
26	252
26	256
26	260
26	264
26	268
26	272
26	275
26	279
26	282
26	286
26	289
26	293
26	296
26	300
26	303
26	306
26	310
26	312
26	316
26	319
26	322
26	325
26	328
26	331
26	334
26	337
26	340
26	344
26	347
26	351
26	355
26	358
26	363
26	366
26	371
26	375
26	379
26	384
26	388
26	393
26	397
26	402
26	406
26	411
26	415
26	420
26	424
26	429
26	434
26	439
26	444
26	450
26	456
26	463
26	470
26	478
26	487
27	172
27	182
27	190
27	197
27	204
27	210
27	216
27	222
27	228
27	234
27	240
27	245
27	251
27	256
27	262
27	267
27	273
27	278
27	284
27	289
27	294
27	299
27	304
27	309
27	313
27	318
27	322
27	326
27	330
27	334
27	338
27	342
27	346
27	350
27	354
27	358
27	362
27	366
27	370
27	374
27	378
27	382
27	386
27	390
27	394
27	398
27	402
27	406
27	410
27	414
27	418
27	423
27	427
27	432
27	437
27	442
27	447
27	453
27	459
27	466
27	474
27	482
27	492
28	171
28	181
28	190
28	198
28	205
28	212
28	219
28	226
28	233
28	239
28	246
28	252
28	258
28	264
28	270
28	276
28	282
28	288
28	294
28	300
28	306
28	312
28	318
28	323
28	329
28	334
28	339
28	344
28	349
28	353
28	358
28	362
28	366
28	370
28	374
28	378
28	382
28	386
28	390
28	394
28	398
28	402
28	406
28	410
28	414
28	418
28	422
28	427
28	431
28	436
28	441
28	446
28	452
28	458
28	465
28	472
28	480
28	489
28	500
29	179
29	189
29	198
29	206
29	214
29	221
29	228
29	235
29	242
29	249
29	256
29	263
29	270
29	277
29	284
29	291
29	298
29	305
29	312
29	319
29	325
29	331
29	337
29	342
29	347
29	351
29	356
29	360
29	364
29	368
29	372
29	375
29	379
29	383
29	386
29	390
29	394
29	397
29	401
29	405
29	409
29	413
29	417
29	421
29	426
29	430
29	435
29	440
29	445
29	451
29	457
29	463
29	470
29	477
29	485
29	495
29	507
30	187
30	198
30	207
30	216
30	224
30	232
30	240
30	248
30	256
30	264
30	272
30	280
30	288
30	296
30	304
30	312
30	319
30	326
30	332
30	338
30	343
30	349
30	353
30	358
30	362
30	367
30	371
30	375
30	379
30	383
30	387
30	391
30	395
30	399
30	403
30	407
30	412
30	416
30	421
30	425
30	430
30	435
30	440
30	445
30	451
30	457
30	463
30	470
30	477
30	485
30	494
30	504
31	198
31	209
31	220
31	230
31	240
31	250
31	259
31	268
31	277
31	286
31	295
31	304
31	313
31	322
31	330
31	338
31	346
31	353
31	360
31	367
31	373
31	379
31	385
31	391
31	397
31	403
31	409
31	415
31	421
31	427
31	433
31	440
31	447
31	454
31	461
31	468
31	476
31	485
31	495
32	210
32	222
32	233
32	244
32	254
32	264
32	274
32	284
32	294
32	304
32	314
32	323
32	332
32	341
32	350
32	358
32	366
32	374
32	382
32	390
32	398
32	405
32	412
32	419
32	426
32	434
32	442
32	450
32	458
32	466
32	475
32	485
32	497
33	217
33	229
33	241
33	252
33	263
33	275
33	287
33	298
33	309
33	320
33	330
33	339
33	348
33	357
33	366
33	375
33	383
33	391
33	398
33	405
33	411
33	417
33	423
33	429
33	435
33	442
33	449
33	456
33	463
33	471
33	480
33	490
34	300
34	312
34	323
34	334
34	344
34	354
34	364
34	374
34	383
34	391
34	399
34	405
34	411
34	416
34	422
34	427
34	432
34	437
34	442
34	447
34	453
34	458
34	464
34	470
34	477
34	485
34	493
34	503
35	291
35	304
35	316
35	328
35	339
35	350
35	361
35	371
35	380
35	389
35	397
35	404
35	410
35	416
35	421
35	427
35	432
35	438
35	443
35	449
35	455
35	461
35	467
35	474
35	482
35	490
35	500
36	290
36	302
36	314
36	325
36	335
36	345
36	354
36	363
36	371
36	378
36	384
36	390
36	396
36	402
36	407
36	413
36	418
36	424
36	430
36	436
36	443
36	450
36	458
36	467
36	477
37	298
37	310
37	321
37	331
37	340
37	349
37	357
37	364
37	371
37	376
37	381
37	385
37	390
37	393
37	398
37	401
37	406
37	409
37	414
37	418
37	423
37	427
37	433
37	438
37	444
37	451
37	459
37	468
37	479
38	262
38	276
38	288
38	300
38	311
38	322
38	332
38	341
38	349
38	356
38	362
38	368
38	372
38	376
38	381
38	383
38	388
38	391
38	394
38	398
38	401
38	405
38	408
38	412
38	416
38	420
38	425
38	429
38	435
38	440
38	446
38	453
38	461
38	470
39	260
39	273
39	285
39	296
39	306
39	316
39	325
39	333
39	341
39	348
39	353
39	359
39	363
39	368
39	371
39	375
39	379
39	382
39	386
39	389
39	393
39	397
39	401
39	405
39	409
39	414
39	418
39	424
39	429
39	436
39	443
39	451
39	461
40	211
40	222
40	233
40	244
40	255
40	266
40	276
40	286
40	295
40	304
40	312
40	320
40	327
40	333
40	339
40	344
40	349
40	353
40	357
40	361
40	365
40	369
40	372
40	376
40	380
40	383
40	387
40	391
40	395
40	399
40	404
40	408
40	413
40	418
40	424
40	430
40	437
40	445
40	455
41	216
41	228
41	239
41	250
41	261
41	272
41	282
41	291
41	300
41	308
41	315
41	322
41	328
41	333
41	339
41	343
41	348
41	352
41	356
41	361
41	364
41	369
41	372
41	377
41	380
41	385
41	389
41	394
41	398
41	403
41	408
41	414
41	420
41	427
41	435
41	444
41	455
42	200
42	211
42	222
42	232
42	242
42	252
42	261
42	270
42	279
42	287
42	295
42	302
42	309
42	315
42	321
42	326
42	331
42	335
42	340
42	343
42	348
42	351
42	355
42	359
42	363
42	367
42	371
42	375
42	379
42	384
42	388
42	393
42	398
42	403
42	409
42	415
42	422
42	430
42	439
42	451
43	189
43	200
43	210
43	219
43	228
43	236
43	244
43	252
43	260
43	268
43	275
43	282
43	289
43	295
43	301
43	307
43	312
43	317
43	322
43	326
43	331
43	334
43	339
43	342
43	346
43	350
43	354
43	358
43	362
43	366
43	371
43	375
43	380
43	385
43	390
43	396
43	402
43	409
43	417
43	426
43	437
44	182
44	192
44	201
44	209
44	216
44	223
44	229
44	235
44	241
44	247
44	253
44	259
44	265
44	271
44	276
44	281
44	286
44	291
44	295
44	300
44	304
44	308
44	312
44	316
44	320
44	324
44	328
44	332
44	336
44	340
44	344
44	348
44	352
44	356
44	360
44	365
44	369
44	374
44	379
44	385
44	390
44	396
44	403
44	411
44	420
44	431
45	179
45	189
45	198
45	206
45	213
45	220
45	226
45	232
45	238
45	244
45	250
45	256
45	262
45	267
45	272
45	277
45	282
45	286
45	291
45	294
45	299
45	302
45	306
45	309
45	313
45	316
45	319
45	323
45	325
45	329
45	332
45	335
45	338
45	342
45	345
45	349
45	352
45	356
45	359
45	364
45	367
45	372
45	376
45	381
45	386
45	392
45	398
45	405
45	413
45	422
45	434
46	178
46	188
46	197
46	205
46	213
46	220
46	227
46	234
46	241
46	248
46	254
46	260
46	266
46	272
46	277
46	282
46	287
46	292
46	296
46	301
46	305
46	309
46	313
46	317
46	321
46	325
46	329
46	333
46	337
46	342
46	346
46	351
46	355
46	360
46	365
46	370
46	376
46	382
46	389
46	396
46	404
46	414
47	178
47	188
47	197
47	205
47	212
47	219
47	226
47	233
47	239
47	245
47	251
47	257
47	262
47	267
47	272
47	277
47	282
47	287
47	292
47	296
47	301
47	305
47	310
47	315
47	320
47	325
47	330
47	335
47	340
47	346
47	352
47	358
47	365
47	372
47	380
47	389
47	399
48	172
48	182
48	190
48	197
48	203
48	209
48	214
48	220
48	225
48	230
48	235
48	240
48	244
48	249
48	253
48	258
48	262
48	266
48	271
48	275
48	280
48	284
48	289
48	293
48	298
48	303
48	308
48	313
48	318
48	324
48	330
48	336
48	343
48	350
48	358
48	367
48	376
48	386
48	397
49	169
49	178
49	185
49	191
49	197
49	202
49	207
49	212
49	216
49	221
49	224
49	229
49	232
49	236
49	240
49	243
49	247
49	251
49	254
49	258
49	261
49	265
49	268
49	272
49	275
49	279
49	282
49	286
49	289
49	293
49	297
49	301
49	305
49	309
49	314
49	318
49	323
49	328
49	333
49	339
49	345
49	351
49	358
49	365
49	373
49	381
49	389
49	398
49	407
49	418
50	170
50	179
50	186
50	192
50	198
50	203
50	208
50	213
50	217
50	222
50	226
50	230
50	234
50	238
50	242
50	246
50	250
50	254
50	258
50	262
50	266
50	270
50	274
50	278
50	282
50	286
50	290
50	294
50	298
50	303
50	307
50	312
50	317
50	322
50	327
50	332
50	338
50	344
50	350
50	356
50	363
50	370
50	377
50	385
50	394
50	403
50	413
51	170
51	179
51	186
51	192
51	197
51	202
51	206
51	211
51	214
51	218
51	222
51	225
51	229
51	232
51	235
51	238
51	241
51	244
51	247
51	250
51	254
51	256
51	260
51	263
51	267
51	270
51	274
51	277
51	281
51	285
51	288
51	292
51	296
51	300
51	304
51	308
51	312
51	316
51	320
51	325
51	329
51	334
51	338
51	343
51	347
51	352
51	357
51	362
51	368
51	374
51	381
51	388
51	396
51	405
51	415
52	171
52	180
52	188
52	194
52	200
52	205
52	210
52	214
52	219
52	222
52	227
52	230
52	234
52	238
52	241
52	245
52	248
52	252
52	255
52	259
52	263
52	266
52	270
52	274
52	277
52	281
52	285
52	289
52	293
52	297
52	301
52	305
52	309
52	313
52	317
52	321
52	325
52	329
52	333
52	337
52	341
52	346
52	350
52	355
52	360
52	365
52	371
52	377
52	384
52	391
52	399
52	408
52	418
53	171
53	181
53	189
53	196
53	202
53	208
53	213
53	218
53	223
53	228
53	232
53	237
53	241
53	245
53	249
53	253
53	257
53	261
53	264
53	268
53	272
53	275
53	279
53	282
53	286
53	289
53	293
53	296
53	300
53	304
53	307
53	311
53	315
53	318
53	322
53	326
53	330
53	334
53	338
53	343
53	347
53	352
53	357
53	362
53	367
53	373
53	379
53	386
53	393
53	400
53	408
53	417
53	427
54	167
54	175
54	182
54	188
54	193
54	197
54	202
54	205
54	210
54	213
54	217
54	220
54	223
54	227
54	230
54	233
54	236
54	239
54	242
54	244
54	247
54	250
54	252
54	255
54	257
54	260
54	262
54	264
54	267
54	269
54	271
54	273
54	276
54	278
54	280
54	282
54	284
54	286
54	289
54	290
54	293
54	295
54	297
54	299
54	301
54	304
54	305
54	308
54	310
54	312
54	314
54	317
54	319
54	321
54	324
54	326
54	328
54	331
54	333
54	336
54	338
54	341
54	344
54	346
54	349
54	352
54	355
54	358
54	361
54	365
54	368
54	372
54	376
54	379
54	384
54	388
54	393
54	397
54	402
54	407
54	413
54	419
54	426
54	434
54	443
54	453
55	168
55	177
55	184
55	190
55	195
55	201
55	205
55	210
55	214
55	219
55	223
55	227
55	231
55	235
55	239
55	243
55	246
55	250
55	253
55	257
55	260
55	263
55	266
55	269
55	272
55	275
55	278
55	281
55	283
55	286
55	289
55	291
55	294
55	296
55	299
55	301
55	304
55	306
55	309
55	311
55	314
55	316
55	319
55	321
55	324
55	326
55	329
55	331
55	334
55	336
55	339
55	342
55	344
55	347
55	350
55	352
55	356
55	358
55	361
55	364
55	367
55	370
55	373
55	376
55	379
55	383
55	386
55	390
55	394
55	398
55	402
55	407
55	411
55	416
55	421
55	427
55	433
55	440
55	448
55	457
55	468
56	169
56	178
56	185
56	191
56	196
56	201
56	205
56	209
56	213
56	216
56	220
56	223
56	226
56	230
56	232
56	236
56	239
56	242
56	245
56	248
56	251
56	254
56	257
56	260
56	263
56	266
56	269
56	272
56	275
56	278
56	281
56	284
56	287
56	290
56	293
56	296
56	299
56	302
56	305
56	308
56	311
56	314
56	317
56	320
56	323
56	326
56	329
56	332
56	335
56	338
56	341
56	343
56	346
56	349
56	351
56	354
56	357
56	359
56	362
56	365
56	367
56	370
56	373
56	376
56	378
56	382
56	385
56	388
56	391
56	395
56	398
56	402
56	406
56	410
56	415
56	419
56	424
56	429
56	435
56	441
56	448
56	456
56	465
56	475
57	168
57	175
57	181
57	185
57	190
57	193
57	197
57	200
57	203
57	206
57	209
57	212
57	213
57	217
57	219
57	221
57	223
57	226
57	228
57	230
57	232
57	234
57	237
57	238
57	241
57	242
57	245
57	247
57	248
57	251
57	253
57	254
57	257
57	259
57	260
57	263
57	265
57	266
57	269
57	271
57	272
57	275
57	276
57	279
57	280
57	282
57	284
57	286
57	288
57	290
57	292
57	294
57	296
57	298
57	300
57	302
57	304
57	306
57	308
57	310
57	312
57	314
57	316
57	318
57	320
57	321
57	324
57	325
57	327
57	329
57	331
57	333
57	334
57	336
57	338
57	340
57	342
57	343
57	345
57	347
57	349
57	350
57	352
57	354
57	356
57	357
57	359
57	361
57	363
57	365
57	367
57	368
57	371
57	373
57	375
57	377
57	379
57	382
57	384
57	386
57	389
57	391
57	395
57	397
57	400
57	404
57	406
57	410
57	414
57	417
57	422
57	426
57	431
57	436
57	442
57	448
57	455
57	463
57	473
58	169
58	178
58	184
58	190
58	195
58	200
58	204
58	209
58	213
58	217
58	221
58	225
58	229
58	233
58	237
58	241
58	244
58	248
58	251
58	255
58	258
58	262
58	265
58	269
58	272
58	275
58	279
58	281
58	285
58	288
58	291
58	294
58	297
58	300
58	302
58	305
58	308
58	311
58	313
58	316
58	319
58	321
58	324
58	326
58	329
58	331
58	334
58	336
58	339
58	341
58	344
58	346
58	349
58	351
58	354
58	357
58	359
58	362
58	365
58	367
58	370
58	373
58	376
58	379
58	382
58	385
58	388
58	392
58	395
58	399
58	403
58	407
58	412
58	416
58	421
58	427
58	433
58	440
58	448
58	457
59	169
59	178
59	186
59	193
59	199
59	205
59	210
59	215
59	220
59	225
59	230
59	235
59	240
59	244
59	249
59	253
59	258
59	263
59	267
59	272
59	277
59	282
59	287
59	292
59	297
59	302
59	307
59	312
59	317
59	322
59	328
59	333
59	338
59	343
59	348
59	353
59	357
59	362
59	365
59	370
59	373
59	378
59	381
59	386
59	389
59	394
59	398
59	402
59	407
59	411
59	416
59	421
59	426
59	432
59	438
59	445
59	453
59	463
60	167
60	175
60	181
60	187
60	192
60	197
60	201
60	205
60	210
60	213
60	218
60	221
60	225
60	229
60	232
60	236
60	239
60	243
60	246
60	250
60	253
60	257
60	260
60	264
60	267
60	271
60	274
60	278
60	281
60	285
60	288
60	292
60	296
60	299
60	304
60	307
60	312
60	316
60	320
60	324
60	328
60	332
60	336
60	340
60	344
60	348
60	352
60	356
60	360
60	364
60	368
60	372
60	376
60	380
60	384
60	388
60	392
60	396
60	400
60	404
60	408
60	412
60	416
60	420
60	425
60	429
60	435
60	440
60	446
60	453
60	461
60	471
61	172
61	181
61	189
61	196
61	203
61	210
61	217
61	224
61	231
61	238
61	244
61	251
61	257
61	263
61	269
61	276
61	283
61	290
61	297
61	304
61	311
61	318
61	325
61	333
61	341
61	349
61	357
61	364
61	371
61	377
61	382
61	387
61	391
61	395
61	399
61	403
61	407
61	411
61	415
61	419
61	424
61	428
61	433
61	438
61	444
61	450
61	457
61	466
61	477
62	197
62	207
62	215
62	223
62	230
62	237
62	244
62	251
62	257
62	264
62	270
62	277
62	284
62	291
62	298
62	305
62	312
62	319
62	326
62	333
62	340
62	347
62	354
62	361
62	367
62	372
62	377
62	382
62	386
62	391
62	395
62	399
62	404
62	408
62	413
62	418
62	423
62	429
62	435
62	442
62	450
62	460
63	190
63	200
63	208
63	215
63	221
63	227
63	232
63	237
63	242
63	247
63	252
63	257
63	262
63	266
63	271
63	275
63	280
63	284
63	289
63	293
63	298
63	302
63	307
63	312
63	317
63	322
63	327
63	332
63	337
63	342
63	347
63	352
63	357
63	362
63	367
63	372
63	378
63	384
63	390
63	396
63	403
63	410
63	418
63	427
63	437
64	208
64	219
64	229
64	239
64	248
64	257
64	266
64	274
64	282
64	290
64	298
64	306
64	314
64	322
64	330
64	338
64	346
64	355
64	364
64	374
64	384
64	394
64	404
64	414
64	425
65	219
65	231
65	243
65	256
65	368
65	380
65	391
65	402
66	197
66	208
66	218
66	228
66	237
66	246
66	256
66	266
66	276
66	287
66	298
66	309
66	320
66	331
66	342
66	353
66	364
66	377
69	198
69	209
69	219
69	228
69	237
69	246
69	255
69	264
69	273
69	282
69	291
69	300
69	309
69	318
69	327
69	336
69	346
69	357
70	198
70	209
70	219
70	229
70	239
70	249
70	259
70	269
70	279
70	289
70	299
70	309
70	319
70	329
70	339
70	350
70	361
70	372
70	383
70	394
70	405
70	416
70	427
71	189
71	200
71	210
71	220
71	229
71	238
71	247
71	256
71	266
71	276
71	286
71	296
71	307
71	318
71	329
71	340
71	350
71	360
71	370
71	379
71	387
71	395
71	402
71	409
71	416
71	423
71	430
71	437
71	445
71	454
71	464
72	173
72	182
72	190
72	197
72	203
72	209
72	215
72	220
72	226
72	231
72	236
72	241
72	246
72	251
72	256
72	262
72	267
72	273
72	278
72	284
72	290
72	296
72	302
72	308
72	314
72	320
72	326
72	332
72	338
72	344
72	350
72	356
72	362
72	367
72	373
72	378
72	383
72	388
72	393
72	398
72	403
72	408
72	413
72	418
72	424
72	430
72	437
72	444
72	452
72	461
72	472
73	172
73	181
73	189
73	195
73	201
73	207
73	212
73	217
73	222
73	227
73	232
73	237
73	242
73	247
73	252
73	257
73	262
73	267
73	272
73	277
73	282
73	287
73	292
73	297
73	303
73	308
73	314
73	319
73	325
73	330
73	336
73	341
73	347
73	352
73	358
73	363
73	369
73	375
73	381
73	387
73	394
73	401
73	409
73	418
73	428
75	211
75	222
75	233
75	244
75	255
75	266
75	277
75	289
75	302
75	367
75	379
75	390
75	400
75	410
75	419
75	427
75	435
75	443
75	452
75	462
76	188
76	198
76	207
76	215
76	222
76	229
76	236
76	243
76	250
76	256
76	263
76	269
76	276
76	283
76	290
76	297
76	304
76	311
76	318
76	325
76	332
76	339
76	346
76	353
76	360
76	367
76	374
76	381
76	388
76	395
76	402
76	409
76	416
76	423
76	430
76	437
76	444
76	452
76	461
76	471
77	201
77	212
77	222
77	232
77	241
77	250
77	259
77	268
77	277
77	286
77	295
77	304
77	313
77	323
77	333
77	343
77	353
77	363
77	374
77	385
77	397
-1	-1
