-1	-1
0	187
0	197
0	206
0	214
0	222
0	229
0	236
0	243
0	250
0	257
0	264
0	271
0	278
0	285
0	292
0	299
0	306
0	313
0	321
0	329
0	337
0	346
0	355
0	364
0	373
0	382
0	392
0	402
0	413
1	198
1	209
1	219
1	228
1	237
1	246
1	255
1	264
1	273
1	282
1	291
1	300
1	309
1	319
1	329
1	340
1	352
1	364
1	376
1	388
2	196
2	206
2	216
2	225
2	234
2	243
2	252
2	261
2	270
2	279
2	288
2	297
2	307
2	317
2	327
2	338
2	351
3	209
3	220
3	230
3	240
3	250
3	260
3	270
3	280
3	290
3	300
3	311
3	323
5	226
5	238
5	249
5	260
5	271
5	282
5	293
5	304
5	316
6	203
6	214
6	224
6	233
6	242
6	251
6	259
6	267
6	275
6	283
6	291
6	299
6	307
6	316
6	325
6	335
6	347
7	199
7	210
7	219
7	228
7	236
7	244
7	252
7	260
7	268
7	276
7	284
7	292
7	300
7	308
7	316
7	325
7	335
7	346
8	210
8	221
8	231
8	241
8	251
8	261
8	271
8	281
8	291
8	301
8	311
8	322
9	222
9	234
9	246
9	258
10	352
10	363
10	374
10	385
10	397
11	208
11	219
11	230
11	240
11	250
11	260
11	270
11	280
11	290
11	301
11	312
11	322
11	332
11	342
11	351
11	360
11	368
11	376
11	384
11	392
11	401
11	411
12	186
12	196
12	204
12	212
12	219
12	226
12	233
12	240
12	247
12	254
12	261
12	268
12	275
12	282
12	289
12	296
12	303
12	310
12	317
12	325
12	333
12	341
12	349
12	357
12	365
12	373
12	381
12	389
12	398
12	408
12	420
13	178
13	187
13	194
13	201
13	207
13	212
13	218
13	223
13	228
13	233
13	237
13	242
13	246
13	251
13	255
13	260
13	264
13	269
13	273
13	278
13	282
13	287
13	292
13	296
13	301
13	306
13	311
13	316
13	321
13	327
13	332
13	338
13	344
13	350
13	356
13	362
13	368
13	375
13	382
13	389
13	396
13	404
13	413
13	423
14	179
14	189
14	196
14	203
14	209
14	214
14	220
14	224
14	229
14	234
14	238
14	243
14	247
14	252
14	256
14	261
14	265
14	269
14	273
14	277
14	281
14	285
14	289
14	293
14	297
14	301
14	306
14	310
14	315
14	319
14	324
14	329
14	334
14	339
14	344
14	349
14	355
14	360
14	366
14	372
14	378
14	384
14	390
14	397
14	404
14	411
14	419
14	428
14	438
15	196
15	206
15	215
15	223
15	230
15	237
15	244
15	250
15	256
15	262
15	268
15	274
15	280
15	286
15	292
15	298
15	304
15	310
15	316
15	322
15	328
15	334
15	340
15	346
15	352
15	358
15	364
15	370
15	376
15	383
15	390
15	397
15	404
15	411
15	419
15	427
15	436
15	447
16	302
16	313
16	323
16	332
16	341
16	349
16	357
16	365
16	373
16	381
16	389
16	397
16	405
16	413
16	422
16	431
16	442
17	338
17	349
17	360
17	370
17	380
17	390
17	400
17	410
17	421
18	369
18	382
18	395
24	249
24	262
24	275
24	290
24	356
24	367
24	378
24	388
24	398
24	407
24	416
24	426
24	436
25	199
25	210
25	220
25	229
25	238
25	247
25	255
25	263
25	271
25	279
25	287
25	296
25	305
25	315
25	325
25	335
25	345
25	355
25	364
25	372
25	380
25	387
25	394
25	400
25	406
25	412
25	418
25	425
25	432
25	439
25	447
25	456
25	466
26	178
26	188
26	197
26	205
26	212
26	219
26	225
26	231
26	237
26	242
26	248
26	253
26	258
26	263
26	268
26	273
26	278
26	283
26	288
26	293
26	298
26	304
26	310
26	316
26	322
26	329
26	336
26	343
26	350
26	357
26	363
26	369
26	374
26	379
26	384
26	389
26	393
26	397
26	401
26	405
26	409
26	413
26	417
26	421
26	426
26	430
26	435
26	440
26	445
26	451
26	457
26	464
26	472
26	482
27	169
27	178
27	185
27	192
27	198
27	203
27	208
27	213
27	217
27	222
27	226
27	230
27	234
27	238
27	242
27	246
27	250
27	253
27	257
27	261
27	264
27	268
27	271
27	275
27	278
27	282
27	285
27	289
27	293
27	297
27	301
27	305
27	309
27	313
27	318
27	322
27	327
27	332
27	337
27	342
27	347
27	352
27	357
27	362
27	366
27	371
27	374
27	379
27	382
27	386
27	390
27	393
27	397
27	400
27	404
27	407
27	411
27	414
27	418
27	421
27	425
27	428
27	432
27	436
27	440
27	445
27	449
27	455
27	460
27	466
27	473
27	481
27	491
28	163
28	172
28	179
28	185
28	191
28	195
28	200
28	204
28	208
28	212
28	216
28	220
28	223
28	227
28	231
28	234
28	238
28	241
28	245
28	248
28	252
28	255
28	259
28	262
28	266
28	269
28	273
28	276
28	280
28	283
28	287
28	290
28	294
28	297
28	301
28	304
28	308
28	311
28	315
28	318
28	322
28	326
28	330
28	334
28	338
28	342
28	346
28	350
28	354
28	358
28	362
28	366
28	370
28	374
28	378
28	382
28	386
28	390
28	394
28	398
28	402
28	406
28	410
28	414
28	418
28	422
28	426
28	431
28	435
28	440
28	445
28	451
28	457
28	464
28	472
28	481
28	493
29	167
29	176
29	184
29	191
29	197
29	203
29	208
29	213
29	218
29	223
29	228
29	233
29	238
29	243
29	248
29	253
29	257
29	262
29	266
29	271
29	275
29	280
29	283
29	288
29	291
29	295
29	299
29	302
29	306
29	309
29	312
29	316
29	319
29	322
29	326
29	329
29	333
29	336
29	340
29	344
29	347
29	351
29	355
29	359
29	363
29	367
29	371
29	375
29	379
29	383
29	387
29	392
29	396
29	401
29	405
29	410
29	414
29	419
29	424
29	429
29	435
29	441
29	447
29	454
29	462
29	471
29	481
30	179
30	190
30	199
30	208
30	216
30	224
30	232
30	239
30	246
30	253
30	260
30	266
30	272
30	278
30	283
30	288
30	292
30	296
30	300
30	303
30	307
30	311
30	314
30	318
30	321
30	324
30	328
30	331
30	334
30	338
30	341
30	345
30	348
30	352
30	356
30	359
30	364
30	367
30	372
30	376
30	380
30	385
30	389
30	394
30	398
30	403
30	407
30	412
30	417
30	422
30	427
30	432
30	438
30	444
30	450
30	457
30	465
30	474
30	485
31	207
31	218
31	229
31	239
31	249
31	259
31	268
31	277
31	285
31	293
31	300
31	307
31	313
31	318
31	323
31	328
31	333
31	337
31	342
31	346
31	351
31	355
31	360
31	365
31	370
31	375
31	380
31	385
31	390
31	396
31	401
31	406
31	411
31	416
31	421
31	426
31	431
31	437
31	443
31	449
31	456
31	464
31	473
31	484
32	262
32	274
32	285
32	295
32	304
32	312
32	320
32	327
32	333
32	339
32	345
32	351
32	357
32	363
32	369
32	375
32	381
32	386
32	392
32	397
32	402
32	407
32	412
32	417
32	422
32	427
32	433
32	438
32	444
32	450
32	457
32	465
32	474
32	485
33	266
33	278
33	289
33	299
33	308
33	317
33	325
33	333
33	340
33	347
33	354
33	361
33	367
33	373
33	379
33	384
33	390
33	394
33	399
33	403
33	408
33	412
33	417
33	421
33	426
33	431
33	436
33	441
33	447
33	453
33	460
33	467
33	476
33	487
34	280
34	292
34	303
34	314
34	324
34	333
34	341
34	349
34	356
34	363
34	369
34	375
34	381
34	385
34	390
34	394
34	399
34	403
34	408
34	412
34	417
34	421
34	426
34	431
34	436
34	441
34	447
34	453
34	460
34	468
34	477
35	292
35	304
35	315
35	325
35	334
35	342
35	350
35	357
35	363
35	369
35	374
35	379
35	383
35	388
35	392
35	397
35	401
35	406
35	410
35	415
35	420
35	425
35	431
35	437
35	444
35	452
35	461
35	471
36	271
36	283
36	294
36	304
36	314
36	323
36	332
36	340
36	348
36	354
36	360
36	365
36	370
36	374
36	378
36	382
36	386
36	390
36	394
36	398
36	402
36	406
36	411
36	415
36	420
36	425
36	431
36	437
36	444
36	452
36	462
37	251
37	263
37	275
37	286
37	297
37	307
37	317
37	326
37	334
37	342
37	349
37	354
37	360
37	364
37	369
37	373
37	377
37	381
37	385
37	389
37	393
37	397
37	401
37	406
37	410
37	415
37	420
37	426
37	432
37	439
37	447
37	456
38	292
38	304
38	315
38	325
38	333
38	341
38	348
38	354
38	360
38	364
38	369
38	373
38	378
38	382
38	387
38	391
38	396
38	401
38	406
38	411
38	417
38	423
38	430
38	438
38	447
38	459
39	267
39	280
39	292
39	303
39	313
39	322
39	330
39	337
39	343
39	348
39	352
39	356
39	360
39	364
39	368
39	371
39	375
39	379
39	383
39	387
39	391
39	395
39	399
39	404
39	408
39	414
39	419
39	426
39	433
39	441
39	450
40	240
40	252
40	263
40	274
40	284
40	294
40	303
40	312
40	320
40	328
40	334
40	340
40	344
40	349
40	352
40	356
40	360
40	363
40	367
40	371
40	374
40	378
40	382
40	386
40	390
40	395
40	399
40	404
40	409
40	415
40	421
40	428
40	436
40	446
41	210
41	222
41	233
41	244
41	254
41	264
41	274
41	283
41	292
41	301
41	309
41	317
41	324
41	331
41	337
41	342
41	347
41	352
41	357
41	362
41	367
41	372
41	377
41	382
41	388
41	394
41	400
41	407
41	414
41	422
41	431
41	443
42	192
42	203
42	214
42	224
42	234
42	244
42	254
42	263
42	272
42	281
42	290
42	299
42	307
42	314
42	321
42	326
42	331
42	336
42	340
42	344
42	348
42	352
42	356
42	360
42	364
42	368
42	372
42	377
42	381
42	386
42	391
42	396
42	402
42	408
42	415
42	422
42	430
42	440
43	186
43	197
43	207
43	216
43	225
43	234
43	243
43	251
43	259
43	267
43	275
43	283
43	291
43	299
43	306
43	312
43	318
43	322
43	327
43	331
43	335
43	339
43	343
43	346
43	350
43	354
43	358
43	362
43	366
43	370
43	374
43	378
43	383
43	388
43	393
43	398
43	404
43	411
43	419
43	428
44	176
44	186
44	195
44	204
44	212
44	220
44	228
44	236
44	244
44	251
44	258
44	265
44	272
44	279
44	285
44	291
44	297
44	302
44	307
44	312
44	317
44	321
44	326
44	330
44	335
44	339
44	344
44	348
44	353
44	358
44	363
44	368
44	374
44	379
44	385
44	392
44	400
44	409
44	421
45	162
45	172
45	180
45	187
45	194
45	200
45	206
45	212
45	218
45	224
45	230
45	235
45	241
45	246
45	252
45	257
45	262
45	267
45	272
45	276
45	281
45	285
45	289
45	293
45	297
45	301
45	304
45	308
45	311
45	314
45	317
45	320
45	323
45	326
45	329
45	332
45	336
45	338
45	342
45	345
45	349
45	353
45	357
45	361
45	365
45	370
45	375
45	380
45	386
45	392
45	399
45	407
45	417
46	158
46	167
46	173
46	179
46	184
46	189
46	193
46	198
46	202
46	206
46	210
46	214
46	218
46	222
46	225
46	229
46	232
46	236
46	239
46	243
46	246
46	250
46	253
46	257
46	260
46	263
46	267
46	270
46	273
46	276
46	279
46	282
46	285
46	288
46	291
46	294
46	297
46	300
46	302
46	305
46	308
46	310
46	313
46	315
46	318
46	320
46	323
46	326
46	328
46	331
46	334
46	337
46	339
46	343
46	346
46	349
46	353
46	356
46	360
46	364
46	368
46	373
46	377
46	383
46	388
46	395
46	402
46	410
46	420
47	157
47	165
47	172
47	177
47	182
47	186
47	191
47	194
47	198
47	202
47	205
47	209
47	212
47	215
47	219
47	221
47	225
47	228
47	231
47	234
47	237
47	240
47	243
47	246
47	249
47	252
47	255
47	258
47	261
47	264
47	267
47	270
47	273
47	276
47	279
47	282
47	285
47	288
47	291
47	294
47	297
47	300
47	303
47	306
47	309
47	313
47	316
47	319
47	323
47	326
47	330
47	334
47	337
47	341
47	345
47	349
47	354
47	358
47	363
47	368
47	374
47	380
47	387
47	395
47	404
47	415
48	159
48	168
48	175
48	181
48	186
48	191
48	195
48	200
48	203
48	207
48	211
48	214
48	218
48	221
48	225
48	228
48	231
48	235
48	238
48	241
48	244
48	248
48	250
48	254
48	257
48	260
48	263
48	266
48	269
48	272
48	275
48	278
48	281
48	284
48	287
48	290
48	293
48	296
48	299
48	302
48	305
48	308
48	311
48	314
48	317
48	320
48	324
48	327
48	330
48	334
48	337
48	341
48	345
48	349
48	354
48	358
48	363
48	368
48	374
48	380
48	387
48	395
48	404
48	415
49	161
49	170
49	178
49	184
49	190
49	195
49	200
49	204
49	209
49	212
49	216
49	220
49	223
49	227
49	230
49	233
49	237
49	240
49	243
49	246
49	249
49	252
49	255
49	258
49	261
49	263
49	267
49	269
49	272
49	275
49	278
49	281
49	284
49	287
49	290
49	293
49	296
49	299
49	302
49	305
49	308
49	311
49	315
49	318
49	322
49	325
49	329
49	333
49	337
49	341
49	346
49	350
49	356
49	361
49	367
49	374
49	381
49	389
49	398
50	168
50	177
50	184
50	191
50	197
50	202
50	207
50	212
50	217
50	221
50	226
50	230
50	234
50	238
50	242
50	246
50	250
50	254
50	258
50	262
50	265
50	269
50	273
50	276
50	280
50	284
50	288
50	292
50	296
50	300
50	304
50	308
50	312
50	316
50	320
50	325
50	329
50	334
50	339
50	344
50	349
50	355
50	361
50	368
50	375
50	383
50	392
50	402
51	171
51	181
51	190
51	198
51	205
51	211
51	217
51	223
51	228
51	234
51	239
51	244
51	249
51	254
51	259
51	263
51	268
51	272
51	276
51	280
51	284
51	288
51	292
51	296
51	300
51	304
51	308
51	312
51	316
51	320
51	324
51	328
51	332
51	337
51	341
51	346
51	351
51	356
51	362
51	368
51	375
51	382
51	389
51	397
51	406
51	416
52	178
52	188
52	197
52	205
52	212
52	219
52	225
52	231
52	237
52	242
52	247
52	252
52	257
52	262
52	267
52	272
52	276
52	281
52	285
52	290
52	294
52	299
52	304
52	309
52	314
52	319
52	324
52	329
52	335
52	340
52	346
52	352
52	358
52	364
52	371
52	378
52	386
52	394
52	403
52	413
53	179
53	189
53	198
53	206
53	213
53	220
53	227
53	233
53	239
53	245
53	251
53	257
53	263
53	269
53	275
53	281
53	287
53	292
53	298
53	303
53	309
53	314
53	320
53	325
53	331
53	336
53	341
53	346
53	352
53	357
53	363
53	369
53	375
53	382
53	389
53	397
53	406
53	416
54	168
54	178
54	186
54	193
54	200
54	206
54	212
54	217
54	222
54	227
54	232
54	237
54	242
54	247
54	251
54	256
54	260
54	265
54	269
54	274
54	278
54	282
54	287
54	291
54	295
54	299
54	303
54	307
54	311
54	315
54	319
54	323
54	327
54	331
54	336
54	340
54	345
54	349
54	355
54	360
54	366
54	372
54	379
54	386
54	394
54	403
54	414
55	161
55	170
55	177
55	183
55	188
55	193
55	198
55	202
55	206
55	210
55	214
55	218
55	222
55	226
55	230
55	233
55	237
55	241
55	244
55	248
55	252
55	255
55	259
55	263
55	267
55	271
55	275
55	279
55	283
55	287
55	291
55	295
55	299
55	303
55	307
55	312
55	316
55	321
55	325
55	330
55	335
55	340
55	345
55	350
55	356
55	362
55	369
55	376
55	384
55	393
55	403
56	160
56	169
56	175
56	181
56	185
56	190
56	193
56	198
56	201
56	205
56	209
56	212
56	216
56	219
56	223
56	226
56	230
56	233
56	237
56	240
56	244
56	247
56	251
56	255
56	258
56	262
56	266
56	269
56	273
56	277
56	280
56	284
56	287
56	291
56	294
56	298
56	301
56	305
56	308
56	312
56	315
56	319
56	322
56	326
56	329
56	333
56	336
56	340
56	344
56	347
56	351
56	355
56	359
56	364
56	368
56	373
56	378
56	384
56	390
56	396
56	403
56	411
56	420
56	431
57	160
57	169
57	176
57	182
57	188
57	193
57	198
57	202
57	206
57	210
57	213
57	217
57	221
57	223
57	227
57	230
57	233
57	236
57	239
57	242
57	245
57	248
57	251
57	253
57	256
57	259
57	261
57	264
57	267
57	269
57	272
57	274
57	277
57	279
57	282
57	284
57	286
57	289
57	291
57	293
57	295
57	298
57	300
57	302
57	304
57	306
57	309
57	310
57	313
57	314
57	317
57	319
57	321
57	323
57	325
57	327
57	329
57	332
57	333
57	336
57	338
57	340
57	343
57	345
57	347
57	350
57	353
57	355
57	358
57	361
57	364
57	367
57	370
57	374
57	377
57	381
57	385
57	388
57	393
57	397
57	402
57	407
57	413
57	419
57	426
57	434
57	443
57	455
58	166
58	174
58	181
58	187
58	192
58	197
58	201
58	204
58	208
58	211
58	214
58	217
58	220
58	222
58	225
58	228
58	230
58	232
58	235
58	237
58	239
58	242
58	243
58	246
58	248
58	250
58	252
58	254
58	256
58	258
58	260
58	262
58	264
58	266
58	268
58	270
58	271
58	274
58	275
58	277
58	279
58	281
58	283
58	284
58	287
58	288
58	290
58	292
58	294
58	296
58	297
58	300
58	301
58	303
58	305
58	307
58	309
58	311
58	313
58	315
58	317
58	319
58	321
58	323
58	325
58	327
58	329
58	332
58	334
58	336
58	338
58	341
58	343
58	346
58	348
58	351
58	354
58	356
58	359
58	362
58	365
58	368
58	371
58	374
58	377
58	381
58	384
58	388
58	391
58	396
58	399
58	404
58	408
58	414
58	419
58	425
58	432
58	439
58	448
58	459
59	161
59	170
59	176
59	182
59	186
59	191
59	194
59	198
59	201
59	204
59	208
59	211
59	213
59	217
59	220
59	222
59	226
59	228
59	231
59	234
59	237
59	239
59	242
59	245
59	247
59	250
59	253
59	255
59	258
59	261
59	264
59	267
59	270
59	273
59	276
59	279
59	283
59	286
59	290
59	293
59	297
59	301
59	305
59	309
59	314
59	318
59	323
59	327
59	332
59	336
59	341
59	344
59	349
59	352
59	356
59	360
59	363
59	367
59	371
59	374
59	378
59	382
59	386
59	390
59	395
59	399
59	404
59	409
59	415
59	421
59	428
59	436
59	445
59	456
60	162
60	171
60	178
60	183
60	188
60	193
60	197
60	202
60	206
60	210
60	214
60	218
60	223
60	227
60	232
60	236
60	241
60	246
60	251
60	256
60	261
60	266
60	271
60	276
60	281
60	286
60	291
60	296
60	301
60	306
60	311
60	315
60	320
60	324
60	328
60	332
60	335
60	339
60	342
60	345
60	348
60	351
60	354
60	357
60	360
60	363
60	366
60	369
60	372
60	375
60	378
60	382
60	385
60	389
60	393
60	397
60	401
60	406
60	411
60	417
60	423
60	430
60	438
60	448
61	171
61	181
61	190
61	198
61	205
61	212
61	218
61	224
61	230
61	235
61	241
61	246
61	251
61	256
61	261
61	266
61	271
61	276
61	281
61	286
61	290
61	295
61	299
61	304
61	308
61	312
61	316
61	320
61	324
61	328
61	332
61	335
61	339
61	343
61	346
61	350
61	354
61	357
61	361
61	365
61	369
61	373
61	377
61	382
61	386
61	391
61	396
61	402
61	408
61	415
61	423
61	432
61	443
62	177
62	187
62	196
62	204
62	211
62	218
62	225
62	232
62	239
62	245
62	252
62	258
62	265
62	272
62	279
62	286
62	293
62	300
62	307
62	314
62	321
62	328
62	335
62	342
62	349
62	356
62	363
62	369
62	375
62	381
62	387
62	393
62	399
62	406
62	413
62	421
62	430
62	440
63	172
63	182
63	190
63	197
63	204
63	211
63	218
63	225
63	232
63	239
63	246
63	253
63	260
63	267
63	274
63	281
63	287
63	293
63	299
63	305
63	311
63	317
63	323
63	329
63	334
63	340
63	345
63	350
63	355
63	360
63	364
63	369
63	373
63	377
63	382
63	386
63	391
63	395
63	400
63	405
63	410
63	416
63	422
63	428
63	435
63	443
63	452
64	179
64	189
64	197
64	204
64	211
64	217
64	223
64	229
64	234
64	239
64	244
64	249
64	254
64	259
64	263
64	268
64	272
64	276
64	280
64	284
64	288
64	292
64	296
64	300
64	304
64	307
64	311
64	315
64	318
64	322
64	325
64	329
64	332
64	336
64	339
64	343
64	346
64	350
64	353
64	357
64	360
64	364
64	368
64	371
64	376
64	379
64	384
64	388
64	393
64	397
64	402
64	407
64	412
64	417
64	423
64	429
64	436
64	443
64	451
64	461
65	189
65	199
65	207
65	214
65	221
65	226
65	232
65	237
65	242
65	247
65	251
65	256
65	260
65	264
65	269
65	273
65	277
65	281
65	285
65	289
65	293
65	297
65	302
65	306
65	311
65	315
65	320
65	324
65	329
65	334
65	339
65	345
65	350
65	356
65	362
65	368
65	375
65	381
65	387
65	393
65	399
65	404
65	410
65	415
65	421
65	427
65	434
65	442
65	451
65	463
66	189
66	200
66	210
66	219
66	228
66	237
66	246
66	254
66	263
66	272
66	281
66	290
66	299
66	309
66	319
66	329
66	339
66	349
66	358
66	366
66	374
66	381
66	387
66	393
66	398
66	403
66	408
66	414
66	420
66	426
66	433
66	440
66	449
66	459
67	187
67	198
67	208
67	217
67	226
67	234
67	242
67	250
67	258
67	266
67	274
67	282
67	290
67	297
67	304
67	311
67	318
67	325
67	332
67	338
67	344
67	350
67	356
67	361
67	367
67	372
67	377
67	382
67	387
67	392
67	397
67	403
67	408
67	414
67	420
67	427
67	435
67	444
67	454
68	192
68	202
68	211
68	219
68	226
68	233
68	240
68	246
68	252
68	258
68	264
68	270
68	276
68	282
68	287
68	293
68	298
68	303
68	308
68	313
68	318
68	323
68	328
68	333
68	338
68	343
68	348
68	353
68	358
68	363
68	369
68	375
68	381
68	387
68	394
68	401
68	408
68	415
68	422
68	430
68	438
68	447
68	457
69	199
69	210
69	220
69	229
69	238
69	247
69	255
69	263
69	271
69	279
69	287
69	296
69	305
69	314
69	323
69	332
69	342
69	352
69	363
69	374
69	384
69	393
69	401
69	408
69	415
69	422
69	429
69	436
69	443
69	451
69	460
69	470
70	172
70	182
70	191
70	200
70	209
70	218
70	227
70	236
70	245
70	254
70	263
70	272
70	282
70	292
70	302
70	312
70	322
70	332
70	342
70	352
70	361
70	370
70	378
70	385
70	391
70	397
70	402
70	407
70	412
70	417
70	422
70	427
70	433
70	439
70	446
70	454
70	463
70	474
71	168
71	177
71	184
71	191
71	197
71	203
71	209
71	215
71	220
71	226
71	231
71	237
71	242
71	248
71	253
71	259
71	264
71	270
71	275
71	281
71	286
71	291
71	297
71	302
71	308
71	313
71	319
71	324
71	330
71	335
71	341
71	346
71	352
71	357
71	362
71	367
71	372
71	377
71	382
71	386
71	391
71	395
71	400
71	405
71	410
71	415
71	420
71	426
71	432
71	439
71	447
71	456
72	179
72	189
72	197
72	204
72	210
72	216
72	221
72	226
72	231
72	236
72	241
72	245
72	250
72	254
72	259
72	263
72	267
72	271
72	275
72	279
72	283
72	287
72	291
72	295
72	299
72	303
72	307
72	311
72	315
72	319
72	324
72	328
72	333
72	337
72	342
72	347
72	352
72	357
72	362
72	367
72	372
72	378
72	384
72	390
72	397
72	404
72	412
72	421
72	430
72	440
73	218
73	229
73	239
73	248
73	257
73	266
73	275
73	284
73	293
73	303
73	313
73	324
73	430
73	441
73	454
74	407
74	417
74	426
74	434
74	441
74	448
74	456
74	465
74	475
75	207
75	219
75	231
75	243
75	256
75	269
75	282
75	296
75	339
75	351
75	362
75	373
75	383
75	392
75	401
75	409
75	417
75	424
75	431
75	438
75	445
75	453
75	462
75	473
76	210
76	221
76	232
76	242
76	252
76	262
76	272
76	282
76	292
76	302
76	312
76	322
76	332
76	343
76	354
76	365
76	375
76	385
76	395
76	406
76	418
-1	-1
