-1	-1
12	230
12	241
12	252
12	263
12	274
12	285
12	296
12	307
12	318
12	330
12	343
12	358
13	212
13	222
13	231
13	239
13	246
13	254
13	262
13	270
13	278
13	286
13	294
13	302
13	311
13	320
13	330
13	340
13	350
13	360
13	371
13	382
13	394
14	202
14	211
14	219
14	226
14	232
14	238
14	244
14	250
14	256
14	262
14	269
14	276
14	283
14	291
14	299
14	307
14	316
14	326
14	336
14	346
14	356
14	366
14	377
14	388
15	193
15	202
15	209
15	214
15	220
15	224
15	229
15	234
15	239
15	244
15	249
15	254
15	259
15	265
15	271
15	277
15	283
15	290
15	297
15	304
15	312
15	320
15	329
15	338
15	347
15	357
15	367
15	377
15	388
15	400
16	191
16	200
16	206
16	212
16	217
16	222
16	226
16	231
16	235
16	240
16	245
16	250
16	255
16	260
16	266
16	271
16	277
16	283
16	289
16	295
16	301
16	307
16	314
16	321
16	328
16	336
16	344
16	352
16	361
16	370
16	379
16	389
16	399
16	410
17	197
17	206
17	213
17	220
17	226
17	232
17	238
17	244
17	250
17	256
17	262
17	268
17	274
17	280
17	286
17	292
17	299
17	305
17	312
17	319
17	326
17	333
17	340
17	348
17	356
17	364
17	372
17	381
17	390
17	399
17	409
17	420
18	197
18	206
18	213
18	220
18	226
18	232
18	238
18	244
18	250
18	256
18	262
18	268
18	273
18	279
18	284
18	289
18	294
18	299
18	304
18	309
18	314
18	319
18	324
18	329
18	335
18	341
18	347
18	353
18	359
18	366
18	373
18	380
18	387
18	394
18	401
18	408
18	416
18	424
18	433
18	443
19	196
19	204
19	211
19	217
19	222
19	227
19	232
19	237
19	242
19	247
19	252
19	257
19	262
19	266
19	271
19	275
19	280
19	284
19	289
19	293
19	297
19	301
19	305
19	309
19	313
19	317
19	321
19	325
19	329
19	333
19	337
19	341
19	345
19	349
19	354
19	358
19	363
19	367
19	372
19	376
19	381
19	386
19	391
19	396
19	401
19	406
19	412
19	417
19	423
19	429
19	436
19	444
19	453
19	463
20	199
20	208
20	214
20	220
20	225
20	230
20	234
20	239
20	243
20	248
20	252
20	256
20	260
20	264
20	268
20	272
20	275
20	279
20	282
20	286
20	289
20	293
20	296
20	300
20	303
20	307
20	310
20	313
20	317
20	320
20	323
20	327
20	330
20	333
20	337
20	340
20	343
20	347
20	350
20	353
20	357
20	360
20	363
20	367
20	370
20	374
20	377
20	381
20	384
20	388
20	392
20	395
20	399
20	403
20	407
20	411
20	415
20	419
20	424
20	428
20	433
20	438
20	444
20	450
20	457
20	465
20	474
20	485
21	208
21	217
21	224
21	231
21	237
21	242
21	247
21	252
21	256
21	261
21	264
21	269
21	272
21	276
21	279
21	283
21	286
21	289
21	293
21	296
21	299
21	303
21	306
21	309
21	313
21	316
21	320
21	323
21	327
21	330
21	333
21	337
21	340
21	343
21	347
21	350
21	353
21	356
21	359
21	362
21	365
21	368
21	371
21	375
21	377
21	381
21	384
21	387
21	391
21	394
21	398
21	401
21	405
21	408
21	412
21	415
21	419
21	422
21	426
21	429
21	434
21	437
21	442
21	446
21	451
21	456
21	462
21	468
21	476
21	485
21	496
22	227
22	236
22	243
22	250
22	255
22	261
22	265
22	270
22	274
22	279
22	283
22	288
22	292
22	297
22	301
22	306
22	310
22	315
22	320
22	325
22	330
22	335
22	340
22	344
22	349
22	353
22	358
22	362
22	366
22	370
22	374
22	378
22	382
22	386
22	390
22	394
22	398
22	402
22	406
22	410
22	414
22	418
22	422
22	426
22	430
22	435
22	439
22	444
22	449
22	455
22	461
22	468
22	476
22	485
22	496
23	240
23	250
23	259
23	267
23	274
23	281
23	288
23	295
23	302
23	309
23	317
23	325
23	333
23	340
23	347
23	354
23	360
23	366
23	372
23	378
23	384
23	390
23	396
23	402
23	408
23	414
23	420
23	426
23	432
23	438
23	444
23	450
23	457
23	465
23	474
23	484
24	256
24	267
24	277
24	286
24	295
24	304
24	314
24	324
24	334
24	344
24	353
24	362
24	371
24	379
24	387
24	395
24	403
24	411
24	419
24	426
24	433
24	440
24	447
24	454
24	461
24	469
24	478
24	489
25	358
25	370
25	381
25	392
25	403
25	413
25	421
25	428
25	434
25	440
25	446
25	452
25	458
25	465
25	472
25	480
25	489
26	407
26	418
26	426
26	433
26	440
26	447
26	454
26	461
26	469
26	477
26	487
27	406
27	416
27	424
27	431
27	438
27	445
27	452
27	459
27	467
27	476
27	486
28	407
28	417
28	425
28	433
28	441
28	449
28	457
28	466
28	477
29	406
29	416
29	425
29	434
29	443
29	453
29	464
30	388
30	399
30	408
30	417
30	426
30	435
30	445
30	456
31	377
31	388
31	398
31	406
31	414
31	422
31	430
31	439
31	449
32	361
32	372
32	382
32	391
32	399
32	407
32	415
32	423
32	432
32	443
33	352
33	363
33	373
33	381
33	389
33	396
33	403
33	410
33	417
33	424
33	432
33	441
33	452
34	351
34	362
34	371
34	379
34	386
34	392
34	398
34	404
34	411
34	418
34	426
34	434
34	444
35	339
35	350
35	360
35	369
35	377
35	384
35	390
35	397
35	404
35	411
35	419
35	427
35	437
36	321
36	333
36	344
36	353
36	361
36	368
36	374
36	380
36	385
36	390
36	395
36	401
36	406
36	412
36	418
36	425
36	433
36	442
36	453
37	321
37	332
37	342
37	350
37	357
37	363
37	369
37	374
37	379
37	384
37	388
37	393
37	398
37	403
37	408
37	414
37	420
37	427
37	435
37	444
37	455
38	281
38	292
38	303
38	314
38	324
38	333
38	341
38	348
38	354
38	360
38	365
38	370
38	375
38	380
38	385
38	390
38	396
38	402
38	408
38	415
38	423
38	432
38	443
39	277
39	288
39	299
39	309
39	318
39	327
39	335
39	342
39	348
39	353
39	359
39	364
39	369
39	374
39	379
39	384
39	389
39	395
39	401
39	407
39	414
39	422
39	431
39	443
40	270
40	281
40	291
40	300
40	309
40	317
40	324
40	331
40	337
40	342
40	347
40	352
40	356
40	361
40	365
40	369
40	374
40	378
40	383
40	387
40	392
40	397
40	402
40	408
40	414
40	421
40	429
40	439
41	259
41	269
41	278
41	286
41	293
41	300
41	306
41	312
41	318
41	324
41	330
41	334
41	339
41	343
41	348
41	352
41	356
41	360
41	364
41	368
41	372
41	376
41	380
41	385
41	389
41	395
41	400
41	406
41	413
41	420
41	429
42	250
42	260
42	268
42	274
42	280
42	285
42	290
42	294
42	299
42	302
42	307
42	310
42	314
42	318
42	322
42	326
42	330
42	334
42	338
42	341
42	345
42	349
42	352
42	356
42	360
42	364
42	368
42	372
42	376
42	380
42	385
42	390
42	395
42	401
42	407
42	414
42	422
42	432
43	243
43	252
43	260
43	265
43	271
43	274
43	279
43	282
43	286
43	289
43	292
43	295
43	298
43	301
43	303
43	306
43	308
43	311
43	313
43	315
43	318
43	320
43	323
43	325
43	327
43	330
43	332
43	335
43	337
43	340
43	343
43	345
43	348
43	351
43	354
43	357
43	360
43	363
43	366
43	369
43	373
43	376
43	380
43	384
43	388
43	393
43	398
43	404
43	410
43	417
43	426
43	437
44	240
44	250
44	258
44	264
44	270
44	275
44	280
44	284
44	289
44	292
44	296
44	300
44	302
44	305
44	308
44	311
44	313
44	315
44	318
44	321
44	322
44	325
44	327
44	329
44	332
44	334
44	336
44	338
44	341
44	343
44	345
44	348
44	350
44	353
44	355
44	358
44	360
44	364
44	366
44	369
44	372
44	376
44	378
44	383
44	386
44	390
44	395
44	399
44	405
44	410
44	417
44	425
44	434
45	243
45	254
45	264
45	273
45	282
45	291
45	299
45	307
45	313
45	319
45	323
45	328
45	331
45	335
45	339
45	342
45	346
45	349
45	353
45	356
45	360
45	363
45	367
45	370
45	375
45	378
45	383
45	387
45	392
45	397
45	403
45	409
45	416
45	424
45	434
46	236
46	246
46	255
46	263
46	271
46	278
46	285
46	292
46	299
46	306
46	313
46	320
46	327
46	334
46	340
46	345
46	351
46	356
46	361
46	366
46	372
46	377
46	383
46	389
46	396
46	403
46	411
46	420
46	433
47	227
47	236
47	243
47	250
47	256
47	261
47	266
47	271
47	275
47	280
47	283
47	288
47	291
47	296
47	299
47	304
47	308
47	312
47	317
47	321
47	326
47	331
47	336
47	342
47	347
47	353
47	358
47	364
47	370
47	376
47	382
47	389
47	396
47	404
47	413
47	424
48	221
48	230
48	237
48	243
48	248
48	252
48	257
48	261
48	264
48	268
48	271
48	275
48	278
48	281
48	285
48	288
48	291
48	294
48	298
48	301
48	304
48	308
48	311
48	315
48	318
48	322
48	326
48	330
48	334
48	338
48	343
48	347
48	352
48	357
48	362
48	367
48	373
48	379
48	385
48	392
48	399
48	407
48	416
48	427
49	222
49	232
49	240
49	247
49	253
49	259
49	264
49	270
49	275
49	281
49	287
49	293
49	299
49	305
49	311
49	318
49	324
49	331
49	337
49	343
49	349
49	356
49	363
49	370
49	377
49	384
49	392
49	400
49	409
49	419
50	221
50	232
50	243
50	253
50	263
50	273
50	283
50	292
50	302
50	312
50	322
50	331
50	340
50	348
50	355
50	362
50	369
50	376
50	384
50	392
50	400
50	409
50	419
51	219
51	229
51	238
51	246
51	254
51	261
51	268
51	274
51	280
51	286
51	292
51	298
51	304
51	310
51	316
51	322
51	328
51	334
51	340
51	346
51	352
51	358
51	364
51	370
51	376
51	382
51	388
51	395
51	402
51	410
51	419
51	429
52	211
52	220
52	228
52	234
52	240
52	245
52	250
52	254
52	259
52	263
52	267
52	271
52	274
52	278
52	281
52	284
52	287
52	290
52	293
52	296
52	299
52	302
52	305
52	308
52	311
52	314
52	317
52	320
52	323
52	326
52	329
52	332
52	335
52	338
52	342
52	345
52	349
52	352
52	356
52	359
52	363
52	366
52	370
52	374
52	377
52	381
52	385
52	389
52	394
52	398
52	403
52	408
52	414
52	420
52	427
52	435
52	444
52	455
53	207
53	215
53	222
53	227
53	232
53	235
53	240
53	242
53	246
53	249
53	252
53	254
53	257
53	260
53	262
53	264
53	267
53	269
53	271
53	273
53	275
53	277
53	279
53	281
53	283
53	285
53	287
53	289
53	291
53	292
53	294
53	296
53	298
53	299
53	301
53	303
53	304
53	306
53	308
53	309
53	311
53	313
53	314
53	316
53	318
53	319
53	321
53	323
53	324
53	326
53	328
53	329
53	331
53	333
53	335
53	336
53	338
53	340
53	342
53	344
53	346
53	348
53	350
53	352
53	354
53	356
53	358
53	360
53	363
53	365
53	367
53	369
53	372
53	374
53	376
53	379
53	381
53	384
53	386
53	389
53	392
53	395
53	397
53	401
53	404
53	407
53	411
53	415
53	418
53	423
53	427
53	432
53	438
53	444
53	451
53	460
53	474
54	207
54	216
54	222
54	228
54	232
54	236
54	240
54	242
54	246
54	249
54	252
54	253
54	257
54	259
54	261
54	263
54	266
54	268
54	270
54	272
54	275
54	277
54	279
54	281
54	283
54	285
54	287
54	289
54	291
54	293
54	295
54	297
54	299
54	301
54	302
54	304
54	306
54	308
54	310
54	311
54	313
54	315
54	316
54	318
54	320
54	321
54	323
54	324
54	326
54	328
54	329
54	331
54	332
54	334
54	335
54	337
54	339
54	340
54	342
54	343
54	345
54	347
54	348
54	350
54	352
54	354
54	355
54	357
54	359
54	361
54	363
54	365
54	367
54	369
54	371
54	373
54	375
54	377
54	379
54	382
54	384
54	386
54	389
54	391
54	394
54	396
54	399
54	402
54	405
54	408
54	411
54	415
54	418
54	422
54	426
54	430
54	435
54	440
54	446
54	453
54	461
54	471
55	212
55	224
55	235
55	245
55	254
55	263
55	272
55	281
55	291
55	300
55	309
55	316
55	322
55	326
55	331
55	333
55	338
55	341
55	343
55	347
55	349
55	352
55	355
55	357
55	360
55	363
55	366
55	368
55	371
55	374
55	377
55	380
55	383
55	386
55	389
55	393
55	396
55	399
55	404
55	407
55	412
55	416
55	421
55	426
55	432
55	438
55	445
55	453
55	463
56	217
56	229
56	241
56	254
56	330
56	340
56	347
56	353
56	358
56	363
56	367
56	372
56	376
56	381
56	386
56	391
56	396
56	401
56	406
56	412
56	418
56	424
56	431
56	439
56	448
57	201
57	211
57	220
57	228
57	235
57	242
57	249
57	256
57	263
57	270
57	277
57	284
57	291
57	298
57	305
57	313
57	321
57	330
57	340
57	349
57	356
57	362
57	368
57	373
57	379
57	384
57	389
57	394
57	399
57	404
57	409
57	415
57	421
57	427
57	434
57	442
57	452
58	190
58	200
58	207
58	213
58	218
58	223
58	227
58	231
58	235
58	239
58	243
58	247
58	250
58	254
58	258
58	261
58	265
58	268
58	272
58	275
58	278
58	282
58	285
58	288
58	292
58	295
58	298
58	302
58	305
58	309
58	312
58	316
58	320
58	324
58	328
58	333
58	337
58	342
58	347
58	353
58	358
58	363
58	368
58	373
58	378
58	383
58	387
58	392
58	396
58	401
58	405
58	410
58	415
58	420
58	426
58	432
58	439
58	447
58	457
59	180
59	190
59	198
59	203
59	208
59	212
59	215
59	219
59	222
59	224
59	228
59	230
59	232
59	235
59	237
59	240
59	242
59	244
59	246
59	249
59	251
59	252
59	255
59	257
59	259
59	261
59	263
59	265
59	267
59	269
59	271
59	273
59	275
59	277
59	279
59	281
59	283
59	285
59	287
59	289
59	291
59	293
59	295
59	297
59	299
59	301
59	303
59	305
59	307
59	309
59	311
59	314
59	315
59	318
59	320
59	323
59	325
59	327
59	330
59	333
59	335
59	338
59	341
59	344
59	347
59	350
59	354
59	357
59	361
59	365
59	369
59	373
59	378
59	382
59	387
59	391
59	396
59	401
59	406
59	412
59	418
59	425
59	432
59	441
59	453
60	178
60	187
60	194
60	201
60	205
60	211
60	213
60	218
60	221
60	223
60	227
60	230
60	232
60	234
60	237
60	240
60	242
60	243
60	247
60	248
60	251
60	253
60	255
60	257
60	259
60	262
60	263
60	266
60	268
60	270
60	272
60	275
60	277
60	279
60	281
60	284
60	286
60	288
60	291
60	293
60	296
60	298
60	301
60	303
60	306
60	308
60	311
60	314
60	316
60	319
60	322
60	325
60	327
60	331
60	333
60	337
60	339
60	343
60	346
60	349
60	353
60	356
60	360
60	364
60	368
60	373
60	378
60	383
60	389
60	395
60	402
60	410
60	419
60	429
61	189
61	200
61	210
61	220
61	230
61	239
61	248
61	258
61	269
61	332
61	343
61	352
61	361
61	370
61	379
61	389
61	399
61	410
61	425
62	400
62	413
63	209
63	221
63	234
64	190
64	199
64	207
64	214
64	221
64	227
64	234
64	241
64	248
64	255
64	262
64	270
64	278
64	286
64	295
64	304
64	314
64	325
65	181
65	190
65	196
65	202
65	206
65	211
65	214
65	218
65	222
65	225
65	229
65	232
65	236
65	239
65	243
65	246
65	250
65	254
65	257
65	261
65	265
65	269
65	273
65	277
65	281
65	286
65	290
65	295
65	299
65	304
65	309
65	315
65	320
65	326
65	333
65	340
65	348
65	357
65	367
66	177
66	185
66	191
66	195
66	200
66	202
66	206
66	210
66	212
66	215
66	218
66	221
66	223
66	226
66	229
66	231
66	234
66	237
66	239
66	242
66	245
66	247
66	250
66	253
66	256
66	259
66	262
66	265
66	268
66	271
66	275
66	278
66	282
66	286
66	290
66	294
66	298
66	303
66	308
66	313
66	318
66	324
66	330
66	336
66	343
66	350
66	358
66	366
66	375
66	385
67	179
67	188
67	195
67	201
67	206
67	211
67	216
67	221
67	226
67	231
67	236
67	242
67	248
67	254
67	261
67	268
67	277
67	287
68	386
68	397
68	408
71	167
71	177
71	186
71	194
71	202
71	209
71	216
71	223
71	230
71	237
71	244
71	251
71	258
71	265
71	272
71	279
71	286
71	293
71	300
71	307
71	314
71	321
71	329
71	337
71	346
71	356
71	367
72	158
72	167
72	174
72	180
72	185
72	191
72	195
72	200
72	204
72	208
72	212
72	216
72	220
72	224
72	228
72	231
72	235
72	239
72	242
72	246
72	250
72	253
72	257
72	261
72	264
72	268
72	272
72	275
72	279
72	283
72	286
72	290
72	294
72	298
72	302
72	306
72	310
72	314
72	318
72	322
72	326
72	330
72	335
72	339
72	344
72	349
72	354
72	359
72	365
72	371
72	378
72	386
72	395
72	405
72	416
72	428
73	161
73	170
73	177
73	182
73	187
73	191
73	195
73	199
73	203
73	206
73	210
73	213
73	216
73	220
73	223
73	226
73	229
73	232
73	235
73	238
73	241
73	244
73	247
73	250
73	253
73	256
73	259
73	263
73	266
73	269
73	273
73	276
73	279
73	283
73	286
73	290
73	293
73	297
73	300
73	304
73	308
73	311
73	315
73	319
73	323
73	327
73	331
73	335
73	339
73	343
73	347
73	352
73	356
73	361
73	366
73	371
73	376
73	382
73	388
73	395
73	402
73	409
73	417
73	425
73	433
73	442
73	453
74	179
74	189
74	197
74	204
74	211
74	218
74	225
74	232
74	239
74	246
74	253
74	261
74	269
74	278
74	287
74	297
74	308
74	319
74	331
74	342
74	353
74	363
74	373
74	382
74	391
74	401
74	411
74	421
74	431
74	443
-1	-1
