-1	-1
0	239
0	250
0	260
0	269
0	278
0	287
0	296
0	306
0	316
0	325
0	334
0	343
0	352
0	361
0	370
0	379
0	389
0	399
0	410
0	422
18	316
18	329
18	341
18	353
18	365
19	301
19	313
19	325
19	336
19	347
19	358
19	369
19	383
20	267
20	278
20	288
20	297
20	306
20	315
20	324
20	333
20	342
20	351
20	360
20	369
20	379
20	389
20	399
20	410
20	421
20	432
20	443
20	453
20	463
20	473
20	483
20	495
21	250
21	260
21	269
21	277
21	284
21	291
21	298
21	305
21	312
21	319
21	326
21	333
21	340
21	347
21	354
21	361
21	368
21	375
21	383
21	391
21	399
21	407
21	415
21	423
21	431
21	439
21	447
21	455
21	462
21	469
21	476
21	484
21	492
21	501
21	511
21	524
22	233
22	243
22	252
22	260
22	267
22	273
22	279
22	284
22	290
22	295
22	301
22	306
22	312
22	317
22	323
22	329
22	335
22	341
22	347
22	353
22	359
22	365
22	371
22	377
22	383
22	389
22	395
22	401
22	407
22	413
22	419
22	425
22	431
22	436
22	442
22	447
22	452
22	457
22	462
22	467
22	472
22	477
22	483
22	488
22	494
22	500
22	507
22	515
22	524
22	534
23	227
23	237
23	245
23	252
23	259
23	265
23	271
23	277
23	283
23	288
23	294
23	300
23	306
23	312
23	318
23	324
23	330
23	336
23	342
23	348
23	354
23	359
23	364
23	369
23	374
23	379
23	384
23	389
23	393
23	398
23	402
23	407
23	411
23	416
23	420
23	424
23	429
23	433
23	437
23	441
23	445
23	449
23	453
23	457
23	461
23	465
23	469
23	474
23	478
23	483
23	488
23	493
23	499
23	505
23	512
23	519
23	527
23	537
24	230
24	240
24	248
24	255
24	262
24	269
24	275
24	282
24	288
24	294
24	300
24	307
24	313
24	320
24	327
24	334
24	341
24	348
24	354
24	360
24	365
24	370
24	375
24	380
24	384
24	389
24	393
24	397
24	401
24	405
24	409
24	413
24	417
24	421
24	424
24	428
24	432
24	435
24	439
24	442
24	446
24	449
24	453
24	457
24	461
24	465
24	469
24	473
24	478
24	482
24	487
24	492
24	498
24	504
24	511
24	519
24	528
24	538
25	257
25	268
25	279
25	289
25	299
25	308
25	317
25	326
25	335
25	343
25	351
25	358
25	364
25	370
25	375
25	381
25	385
25	390
25	394
25	398
25	402
25	406
25	410
25	413
25	417
25	420
25	424
25	427
25	431
25	434
25	438
25	441
25	445
25	448
25	452
25	456
25	459
25	464
25	467
25	472
25	476
25	481
25	486
25	491
25	497
25	503
25	510
25	518
25	527
25	537
26	310
26	323
26	335
26	346
26	355
26	363
26	370
26	376
26	382
26	387
26	392
26	396
26	401
26	404
26	409
26	412
26	417
26	420
26	425
26	428
26	433
26	436
26	441
26	445
26	449
26	453
26	458
26	462
26	467
26	471
26	476
26	481
26	486
26	492
26	498
26	505
26	512
26	520
26	529
26	540
27	336
27	348
27	358
27	367
27	375
27	382
27	389
27	395
27	401
27	407
27	412
27	418
27	423
27	428
27	433
27	438
27	443
27	448
27	453
27	458
27	462
27	467
27	471
27	476
27	481
27	486
27	491
27	497
27	503
27	509
27	516
27	524
27	533
27	543
28	341
28	352
28	362
28	371
28	379
28	386
28	392
28	398
28	404
28	410
28	415
28	421
28	426
28	432
28	437
28	442
28	447
28	451
28	456
28	460
28	465
28	469
28	474
28	478
28	483
28	488
28	493
28	498
28	504
28	510
28	517
28	524
28	532
28	541
28	554
29	340
29	352
29	363
29	373
29	382
29	390
29	398
29	406
29	414
29	422
29	430
29	437
29	443
29	449
29	454
29	459
29	465
29	470
29	476
29	482
29	488
29	495
29	502
29	509
29	517
29	526
29	536
30	338
30	349
30	359
30	369
30	378
30	386
30	394
30	402
30	410
30	418
30	426
30	433
30	440
30	447
30	454
30	461
30	468
30	475
30	483
30	491
30	500
30	510
30	521
31	357
31	368
31	378
31	387
31	396
31	404
31	412
31	420
31	427
31	434
31	441
31	447
31	453
31	459
31	466
31	473
31	480
31	488
31	497
31	506
31	516
31	528
32	362
32	374
32	386
32	397
32	407
32	416
32	423
32	430
32	436
32	442
32	448
32	454
32	460
32	467
32	474
32	481
32	489
32	498
32	508
32	520
33	359
33	371
33	382
33	393
33	403
33	412
33	420
33	426
33	432
33	438
33	445
33	452
33	459
33	466
33	474
33	483
33	493
34	381
34	392
34	402
34	411
34	419
34	427
34	435
34	443
34	451
34	460
34	470
34	481
35	378
35	388
35	397
35	404
35	411
35	418
35	424
35	430
35	436
35	443
35	450
35	457
35	465
35	474
35	484
35	496
36	361
36	372
36	381
36	389
36	396
36	402
36	408
36	413
36	418
36	423
36	428
36	433
36	438
36	444
36	450
36	456
36	463
36	470
36	478
36	487
36	498
37	361
37	372
37	382
37	391
37	399
37	406
37	413
37	420
37	427
37	434
37	441
37	449
37	457
37	466
37	477
38	337
38	349
38	360
38	370
38	379
38	387
38	394
38	401
38	408
38	415
38	422
38	429
38	436
38	443
38	450
38	458
38	466
38	475
38	486
39	310
39	322
39	333
39	343
39	353
39	362
39	370
39	377
39	383
39	389
39	394
39	399
39	404
39	408
39	413
39	417
39	422
39	426
39	431
39	436
39	441
39	446
39	452
39	458
39	465
39	472
39	480
39	490
40	281
40	292
40	302
40	311
40	319
40	327
40	335
40	342
40	349
40	356
40	363
40	369
40	375
40	380
40	385
40	390
40	395
40	400
40	404
40	409
40	414
40	419
40	424
40	429
40	435
40	441
40	447
40	454
40	462
40	471
40	482
41	270
41	280
41	289
41	296
41	303
41	309
41	314
41	320
41	325
41	330
41	335
41	340
41	345
41	350
41	355
41	360
41	365
41	370
41	375
41	380
41	385
41	390
41	395
41	400
41	406
41	411
41	417
41	423
41	429
41	436
41	443
41	451
41	460
41	471
42	266
42	276
42	284
42	291
42	297
42	302
42	306
42	311
42	314
42	318
42	322
42	325
42	329
42	332
42	335
42	338
42	341
42	344
42	347
42	350
42	353
42	356
42	359
42	362
42	365
42	368
42	371
42	374
42	377
42	380
42	383
42	386
42	389
42	393
42	396
42	399
42	403
42	406
42	410
42	414
42	417
42	421
42	425
42	429
42	434
42	438
42	443
42	448
42	454
42	460
42	467
42	475
42	484
43	250
43	260
43	269
43	277
43	285
43	292
43	298
43	303
43	308
43	312
43	317
43	321
43	324
43	328
43	331
43	334
43	337
43	340
43	343
43	345
43	349
43	351
43	353
43	356
43	359
43	361
43	363
43	366
43	368
43	371
43	373
43	375
43	378
43	380
43	383
43	385
43	387
43	390
43	392
43	395
43	397
43	400
43	402
43	405
43	407
43	410
43	413
43	415
43	418
43	421
43	424
43	427
43	430
43	434
43	437
43	441
43	445
43	449
43	454
43	458
43	464
43	470
43	477
43	485
43	495
44	240
44	250
44	258
44	265
44	271
44	277
44	283
44	288
44	294
44	299
44	305
44	310
44	316
44	321
44	327
44	332
44	337
44	342
44	347
44	351
44	356
44	360
44	364
44	368
44	372
44	376
44	380
44	383
44	387
44	391
44	395
44	399
44	403
44	407
44	411
44	416
44	420
44	425
44	430
44	436
44	442
44	448
44	455
44	463
44	473
44	485
45	238
45	247
45	253
45	259
45	263
45	268
45	272
45	276
45	280
45	283
45	287
45	290
45	294
45	297
45	301
45	304
45	308
45	311
45	315
45	318
45	322
45	325
45	329
45	333
45	337
45	341
45	345
45	349
45	354
45	358
45	363
45	368
45	373
45	378
45	384
45	389
45	395
45	401
45	407
45	414
45	421
45	429
45	437
45	446
45	456
45	468
46	240
46	249
46	256
46	262
46	266
46	271
46	273
46	278
46	281
46	283
46	287
46	290
46	292
46	295
46	298
46	300
46	303
46	305
46	308
46	310
46	313
46	315
46	318
46	320
46	323
46	325
46	328
46	330
46	333
46	335
46	338
46	340
46	343
46	345
46	348
46	350
46	353
46	356
46	358
46	361
46	364
46	367
46	370
46	373
46	376
46	379
46	383
46	386
46	389
46	393
46	396
46	400
46	404
46	408
46	412
46	416
46	421
46	425
46	430
46	435
46	441
46	447
46	454
46	461
46	469
46	479
47	240
47	251
47	260
47	268
47	275
47	281
47	287
47	292
47	297
47	301
47	305
47	309
47	312
47	316
47	319
47	322
47	325
47	328
47	331
47	334
47	337
47	340
47	342
47	345
47	348
47	350
47	353
47	355
47	358
47	361
47	363
47	366
47	368
47	371
47	373
47	376
47	378
47	381
47	384
47	386
47	389
47	392
47	395
47	397
47	400
47	403
47	406
47	409
47	412
47	416
47	418
47	423
47	426
47	430
47	434
47	438
47	443
47	448
47	454
47	460
47	467
47	475
47	485
48	231
48	241
48	249
48	257
48	264
48	271
48	278
48	285
48	292
48	299
48	306
48	313
48	320
48	327
48	334
48	341
48	347
48	353
48	358
48	363
48	368
48	373
48	378
48	383
48	388
48	393
48	398
48	403
48	408
48	414
48	420
48	427
48	434
48	442
48	451
48	462
49	228
49	236
49	242
49	248
49	253
49	258
49	262
49	267
49	271
49	275
49	279
49	283
49	287
49	291
49	295
49	299
49	304
49	308
49	313
49	317
49	322
49	327
49	332
49	337
49	343
49	348
49	354
49	360
49	366
49	373
49	380
49	387
49	395
49	403
49	411
49	420
49	429
49	439
49	454
50	228
50	237
50	243
50	248
50	252
50	256
50	260
50	263
50	266
50	270
50	272
50	275
50	278
50	281
50	283
50	286
50	289
50	291
50	294
50	297
50	299
50	302
50	305
50	307
50	310
50	313
50	315
50	318
50	321
50	323
50	326
50	329
50	332
50	335
50	338
50	341
50	344
50	347
50	350
50	354
50	357
50	360
50	364
50	367
50	371
50	375
50	378
50	383
50	386
50	391
50	395
50	399
50	404
50	408
50	413
50	418
50	423
50	428
50	434
50	440
50	446
50	453
50	461
50	470
50	480
51	237
51	246
51	253
51	260
51	265
51	270
51	274
51	278
51	282
51	285
51	289
51	292
51	295
51	298
51	301
51	303
51	306
51	309
51	311
51	314
51	316
51	319
51	321
51	324
51	326
51	329
51	331
51	333
51	336
51	338
51	340
51	343
51	345
51	347
51	350
51	352
51	354
51	357
51	359
51	361
51	364
51	366
51	369
51	371
51	374
51	376
51	379
51	381
51	384
51	386
51	389
51	391
51	394
51	396
51	399
51	402
51	404
51	407
51	410
51	413
51	416
51	419
51	422
51	426
51	428
51	433
51	436
51	440
51	445
51	449
51	455
51	460
51	466
51	473
51	481
51	490
52	238
52	249
52	260
52	271
52	282
52	292
52	301
52	309
52	317
52	323
52	329
52	334
52	339
52	343
52	348
52	352
52	356
52	360
52	363
52	367
52	370
52	373
52	377
52	380
52	383
52	386
52	389
52	392
52	395
52	398
52	401
52	405
52	408
52	412
52	415
52	419
52	423
52	427
52	431
52	436
52	441
52	447
52	453
52	460
52	468
52	477
53	221
53	231
53	239
53	246
53	253
53	260
53	267
53	274
53	281
53	288
53	295
53	302
53	310
53	318
53	327
53	336
53	346
53	356
53	366
53	376
53	387
53	398
53	409
53	420
53	433
54	219
54	228
54	234
54	240
54	244
54	249
54	253
54	258
54	262
54	266
54	270
54	274
54	278
54	282
54	286
54	290
54	294
54	298
54	302
54	306
54	310
54	314
54	318
54	323
54	327
54	332
54	337
54	342
54	347
54	353
54	358
54	364
54	370
54	377
54	384
54	391
54	398
54	405
54	412
54	419
54	426
54	433
54	441
54	449
54	458
54	468
55	223
55	231
55	238
55	243
55	248
55	252
55	255
55	259
55	262
55	265
55	268
55	271
55	273
55	277
55	279
55	282
55	284
55	287
55	290
55	292
55	294
55	297
55	299
55	302
55	304
55	307
55	309
55	312
55	314
55	317
55	319
55	322
55	324
55	327
55	329
55	332
55	334
55	337
55	339
55	342
55	345
55	347
55	350
55	353
55	356
55	359
55	362
55	365
55	368
55	372
55	375
55	378
55	382
55	385
55	389
55	392
55	396
55	399
55	403
55	407
55	410
55	414
55	417
55	421
55	424
55	428
55	432
55	435
55	439
55	443
55	447
55	452
55	457
55	462
55	468
55	475
55	482
55	491
55	504
56	239
56	249
56	256
56	262
56	267
56	272
56	276
56	281
56	283
56	287
56	291
56	293
56	296
56	299
56	302
56	304
56	307
56	310
56	312
56	314
56	317
56	319
56	322
56	323
56	326
56	328
56	331
56	332
56	335
56	337
56	339
56	341
56	344
56	346
56	348
56	350
56	353
56	355
56	357
56	359
56	362
56	364
56	366
56	368
56	371
56	373
56	375
56	378
56	380
56	382
56	385
56	387
56	389
56	392
56	394
56	396
56	399
56	401
56	403
56	406
56	408
56	410
56	413
56	415
56	417
56	420
56	422
56	424
56	427
56	429
56	432
56	434
56	437
56	439
56	443
56	445
56	448
56	452
56	455
56	458
56	463
56	466
56	471
56	476
56	482
56	488
56	496
56	505
57	292
57	303
57	312
57	320
57	327
57	333
57	339
57	343
57	348
57	352
57	356
57	360
57	364
57	368
57	371
57	375
57	378
57	382
57	385
57	389
57	392
57	395
57	399
57	402
57	405
57	408
57	412
57	415
57	418
57	422
57	425
57	429
57	433
57	437
57	441
57	446
57	451
57	456
57	462
57	469
57	477
57	487
58	222
58	232
58	241
58	250
58	259
58	268
58	278
58	288
58	300
59	217
59	225
59	232
59	238
59	243
59	249
59	254
59	259
59	264
59	269
59	274
59	279
59	285
59	291
59	297
59	303
59	310
59	317
59	325
59	333
59	342
59	352
59	363
59	376
59	421
59	432
59	442
59	451
59	461
59	472
60	217
60	224
60	230
60	234
60	239
60	242
60	246
60	250
60	253
60	257
60	260
60	263
60	267
60	270
60	273
60	276
60	280
60	283
60	286
60	290
60	293
60	296
60	300
60	303
60	307
60	310
60	314
60	318
60	322
60	326
60	330
60	335
60	339
60	344
60	349
60	354
60	359
60	365
60	371
60	377
60	384
60	391
60	398
60	405
60	412
60	419
60	425
60	431
60	436
60	441
60	446
60	451
60	456
60	461
60	467
60	473
60	479
60	486
60	494
60	503
60	515
61	223
61	232
61	239
61	244
61	249
61	253
61	257
61	261
61	264
61	268
61	271
61	274
61	278
61	281
61	284
61	287
61	290
61	293
61	296
61	299
61	302
61	305
61	308
61	311
61	314
61	317
61	320
61	323
61	326
61	329
61	332
61	335
61	338
61	342
61	345
61	348
61	352
61	355
61	359
61	362
61	366
61	369
61	373
61	377
61	381
61	385
61	389
61	393
61	397
61	401
61	405
61	409
61	413
61	417
61	421
61	424
61	428
61	431
61	435
61	438
61	442
61	445
61	448
61	452
61	455
61	459
61	462
61	466
61	470
61	475
61	479
61	485
61	490
61	496
61	503
61	511
61	521
62	277
62	288
62	297
62	305
62	313
62	320
62	327
62	333
62	339
62	344
62	350
62	355
62	360
62	365
62	370
62	375
62	380
62	384
62	389
62	393
62	398
62	402
62	407
62	411
62	416
62	420
62	425
62	429
62	434
62	438
62	443
62	448
62	453
62	458
62	464
62	471
62	478
62	487
62	497
64	216
64	226
64	235
64	244
64	253
64	262
64	271
64	280
64	290
64	300
64	312
65	207
65	215
65	222
65	228
65	233
65	238
65	243
65	248
65	252
65	257
65	261
65	266
65	270
65	275
65	280
65	285
65	290
65	295
65	300
65	306
65	312
65	318
65	324
65	331
65	338
65	346
65	354
65	363
65	372
65	382
65	393
65	404
65	415
65	426
65	437
65	447
65	456
65	465
65	474
65	484
65	495
66	204
66	212
66	217
66	222
66	225
66	230
66	232
66	236
66	239
66	242
66	245
66	248
66	251
66	253
66	257
66	259
66	262
66	265
66	267
66	270
66	273
66	275
66	278
66	281
66	283
66	286
66	289
66	291
66	294
66	297
66	300
66	303
66	306
66	309
66	312
66	315
66	318
66	321
66	325
66	328
66	331
66	335
66	338
66	342
66	346
66	350
66	354
66	358
66	363
66	367
66	372
66	377
66	382
66	387
66	392
66	398
66	403
66	409
66	415
66	421
66	427
66	432
66	438
66	443
66	448
66	453
66	458
66	463
66	468
66	473
66	478
66	484
66	490
66	497
66	505
66	514
67	209
67	217
67	223
67	228
67	232
67	236
67	240
67	243
67	246
67	250
67	252
67	255
67	258
67	261
67	263
67	266
67	269
67	271
67	274
67	276
67	279
67	281
67	284
67	286
67	289
67	291
67	294
67	296
67	299
67	301
67	304
67	306
67	309
67	311
67	314
67	316
67	319
67	321
67	324
67	326
67	329
67	331
67	334
67	337
67	339
67	342
67	345
67	347
67	350
67	353
67	356
67	359
67	362
67	365
67	368
67	371
67	374
67	377
67	380
67	384
67	387
67	390
67	394
67	397
67	401
67	404
67	408
67	411
67	415
67	418
67	422
67	425
67	429
67	432
67	436
67	439
67	443
67	446
67	450
67	454
67	457
67	461
67	465
67	469
67	474
67	478
67	484
67	489
67	496
67	503
67	511
67	522
68	248
68	259
68	268
68	277
68	285
68	292
68	299
68	306
68	312
68	318
68	324
68	330
68	336
68	341
68	347
68	352
68	357
68	362
68	367
68	372
68	377
68	382
68	387
68	392
68	397
68	402
68	407
68	412
68	417
68	423
68	428
68	434
68	440
68	446
68	453
68	460
68	468
68	478
71	226
71	237
71	247
71	257
71	267
71	277
71	287
71	297
71	308
71	319
71	334
72	208
72	217
72	224
72	231
72	236
72	242
72	247
72	252
72	257
72	262
72	267
72	272
72	277
72	282
72	287
72	292
72	297
72	302
72	307
72	312
72	317
72	323
72	328
72	334
72	340
72	346
72	352
72	358
72	365
72	372
72	379
72	386
72	394
72	402
72	410
72	418
72	426
72	434
72	442
72	450
72	458
72	465
72	472
72	480
72	488
72	497
72	508
73	206
73	214
73	221
73	226
73	231
73	235
73	240
73	243
73	247
73	251
73	254
73	258
73	261
73	265
73	268
73	272
73	275
73	278
73	282
73	285
73	288
73	292
73	295
73	298
73	302
73	305
73	308
73	312
73	315
73	319
73	322
73	326
73	329
73	333
73	336
73	340
73	344
73	347
73	351
73	355
73	359
73	363
73	367
73	371
73	375
73	379
73	384
73	388
73	393
73	397
73	402
73	406
73	411
73	415
73	420
73	425
73	429
73	434
73	439
73	444
73	449
73	454
73	459
73	464
73	469
73	474
73	479
73	485
73	491
73	497
73	505
73	514
73	525
74	217
74	226
74	234
74	241
74	247
74	253
74	259
74	264
74	270
74	275
74	280
74	285
74	290
74	295
74	300
74	305
74	310
74	314
74	319
74	324
74	328
74	333
74	338
74	342
74	347
74	352
74	357
74	362
74	367
74	372
74	377
74	382
74	387
74	392
74	397
74	402
74	407
74	412
74	417
74	422
74	427
74	432
74	438
74	443
74	449
74	455
74	461
74	467
74	474
74	482
74	491
74	501
-1	-1
