-1	-1
10	599
10	611
10	622
10	632
10	642
10	652
10	662
10	672
10	682
10	693
11	422
11	434
11	445
11	456
11	467
11	478
11	489
11	500
11	511
11	522
11	533
11	544
11	555
11	566
11	576
11	586
11	596
11	605
11	614
11	623
11	631
11	639
11	647
11	655
11	663
11	672
11	681
11	690
11	700
11	712
12	397
12	408
12	418
12	427
12	435
12	443
12	451
12	459
12	467
12	475
12	483
12	491
12	499
12	507
12	515
12	523
12	531
12	539
12	547
12	555
12	563
12	571
12	579
12	586
12	593
12	600
12	607
12	614
12	621
12	628
12	634
12	641
12	647
12	654
12	661
12	668
12	676
12	684
12	693
12	703
12	715
13	383
13	393
13	401
13	409
13	416
13	422
13	428
13	434
13	440
13	446
13	452
13	458
13	464
13	470
13	476
13	482
13	488
13	494
13	500
13	506
13	512
13	518
13	524
13	530
13	536
13	542
13	548
13	554
13	560
13	565
13	571
13	576
13	582
13	587
13	592
13	597
13	602
13	607
13	612
13	617
13	622
13	628
13	633
13	639
13	645
13	651
13	657
13	664
13	671
13	679
13	688
13	698
14	378
14	387
14	394
14	401
14	406
14	411
14	416
14	421
14	425
14	430
14	434
14	438
14	442
14	446
14	450
14	454
14	458
14	462
14	466
14	470
14	474
14	478
14	482
14	486
14	490
14	494
14	498
14	502
14	506
14	510
14	514
14	518
14	523
14	527
14	531
14	536
14	540
14	545
14	549
14	554
14	558
14	563
14	567
14	572
14	577
14	582
14	587
14	592
14	597
14	602
14	607
14	613
14	618
14	624
14	630
14	636
14	643
14	650
14	657
14	665
14	673
14	682
14	692
15	381
15	390
15	397
15	403
15	408
15	412
15	417
15	421
15	424
15	428
15	431
15	435
15	438
15	441
15	444
15	447
15	450
15	453
15	456
15	459
15	462
15	465
15	468
15	471
15	475
15	477
15	481
15	484
15	487
15	491
15	494
15	497
15	501
15	504
15	507
15	511
15	514
15	518
15	521
15	525
15	528
15	532
15	535
15	539
15	543
15	547
15	551
15	555
15	559
15	563
15	567
15	572
15	576
15	581
15	585
15	590
15	595
15	600
15	605
15	610
15	616
15	621
15	627
15	633
15	639
15	646
15	653
15	660
15	668
15	676
15	685
15	695
15	707
16	388
16	397
16	404
16	410
16	415
16	420
16	424
16	429
16	432
16	437
16	440
16	444
16	448
16	451
16	455
16	459
16	462
16	466
16	469
16	473
16	476
16	480
16	484
16	487
16	491
16	495
16	498
16	502
16	506
16	509
16	513
16	517
16	521
16	525
16	529
16	533
16	537
16	542
16	546
16	551
16	555
16	560
16	565
16	569
16	574
16	579
16	584
16	589
16	594
16	599
16	605
16	610
16	616
16	622
16	628
16	634
16	641
16	648
16	655
16	662
16	670
16	678
16	687
16	697
16	708
16	719
17	393
17	403
17	411
17	418
17	424
17	430
17	435
17	441
17	445
17	450
17	455
17	460
17	464
17	469
17	474
17	478
17	483
17	487
17	492
17	496
17	501
17	505
17	510
17	514
17	519
17	523
17	528
17	533
17	538
17	543
17	548
17	553
17	558
17	563
17	568
17	573
17	578
17	584
17	589
17	595
17	601
17	607
17	613
17	619
17	625
17	632
17	639
17	646
17	653
17	661
17	669
17	677
17	686
17	695
17	704
17	714
17	724
17	735
18	400
18	410
18	418
18	425
18	432
18	438
18	444
18	450
18	455
18	461
18	466
18	471
18	476
18	481
18	486
18	491
18	496
18	501
18	506
18	511
18	516
18	521
18	526
18	531
18	536
18	541
18	546
18	551
18	556
18	561
18	566
18	571
18	576
18	581
18	586
18	592
18	597
18	603
18	608
18	614
18	620
18	626
18	632
18	638
18	645
18	652
18	659
18	666
18	674
18	682
18	690
18	698
18	707
18	716
18	725
18	734
18	744
18	755
19	399
19	409
19	418
19	426
19	433
19	440
19	446
19	452
19	458
19	464
19	470
19	475
19	481
19	486
19	492
19	498
19	504
19	510
19	516
19	522
19	528
19	534
19	540
19	545
19	551
19	556
19	562
19	567
19	572
19	577
19	582
19	587
19	592
19	597
19	603
19	608
19	614
19	620
19	626
19	632
19	638
19	644
19	650
19	656
19	663
19	669
19	676
19	682
19	689
19	696
19	703
19	710
19	717
19	724
19	731
19	738
19	745
19	753
19	762
19	773
20	397
20	407
20	415
20	423
20	430
20	437
20	443
20	449
20	455
20	461
20	466
20	472
20	477
20	482
20	487
20	492
20	497
20	502
20	507
20	512
20	517
20	522
20	527
20	532
20	537
20	542
20	547
20	552
20	557
20	562
20	567
20	572
20	577
20	582
20	587
20	592
20	597
20	602
20	607
20	612
20	617
20	622
20	627
20	632
20	637
20	642
20	647
20	652
20	658
20	663
20	669
20	674
20	679
20	684
20	689
20	695
20	700
20	706
20	711
20	717
20	722
20	728
20	734
20	740
20	747
20	754
20	762
20	771
21	389
21	398
21	406
21	413
21	419
21	425
21	430
21	436
21	441
21	446
21	451
21	456
21	461
21	466
21	471
21	476
21	480
21	485
21	489
21	494
21	498
21	502
21	507
21	511
21	515
21	519
21	523
21	527
21	531
21	535
21	539
21	543
21	547
21	551
21	555
21	559
21	563
21	567
21	571
21	575
21	579
21	583
21	587
21	591
21	595
21	599
21	603
21	607
21	611
21	615
21	619
21	623
21	627
21	631
21	635
21	639
21	643
21	647
21	651
21	655
21	659
21	663
21	667
21	671
21	675
21	679
21	683
21	687
21	691
21	695
21	699
21	704
21	708
21	713
21	717
21	722
21	727
21	732
21	737
21	743
21	749
21	756
21	764
21	774
22	387
22	395
22	402
22	408
22	413
22	418
22	422
22	427
22	431
22	435
22	439
22	443
22	447
22	451
22	455
22	459
22	463
22	467
22	471
22	474
22	478
22	482
22	485
22	489
22	493
22	496
22	500
22	503
22	507
22	510
22	514
22	517
22	521
22	524
22	528
22	531
22	535
22	538
22	542
22	545
22	549
22	552
22	556
22	559
22	563
22	566
22	570
22	573
22	576
22	580
22	583
22	586
22	590
22	593
22	596
22	600
22	603
22	606
22	610
22	613
22	616
22	620
22	623
22	626
22	630
22	632
22	636
22	639
22	642
22	645
22	648
22	651
22	654
22	657
22	660
22	664
22	666
22	670
22	673
22	677
22	680
22	684
22	687
22	691
22	695
22	699
22	703
22	707
22	712
22	717
22	722
22	727
22	733
22	739
22	746
22	753
22	761
22	771
23	389
23	398
23	405
23	411
23	417
23	422
23	427
23	431
23	436
23	440
23	444
23	448
23	452
23	455
23	459
23	462
23	466
23	469
23	473
23	476
23	480
23	483
23	486
23	490
23	492
23	496
23	499
23	502
23	505
23	508
23	511
23	514
23	517
23	520
23	523
23	526
23	529
23	532
23	535
23	538
23	541
23	544
23	547
23	550
23	553
23	556
23	559
23	562
23	565
23	568
23	571
23	574
23	577
23	580
23	584
23	587
23	590
23	594
23	597
23	600
23	604
23	607
23	610
23	614
23	617
23	621
23	624
23	628
23	631
23	635
23	638
23	642
23	645
23	649
23	652
23	656
23	659
23	663
23	666
23	670
23	674
23	677
23	681
23	685
23	689
23	694
23	698
23	703
23	708
23	714
23	720
23	726
23	733
23	741
23	750
23	760
24	398
24	408
24	416
24	423
24	429
24	434
24	440
24	444
24	449
24	453
24	458
24	462
24	466
24	470
24	474
24	478
24	482
24	486
24	490
24	494
24	498
24	502
24	505
24	509
24	513
24	516
24	520
24	524
24	527
24	531
24	534
24	538
24	541
24	545
24	548
24	552
24	555
24	559
24	562
24	566
24	569
24	573
24	577
24	580
24	584
24	588
24	592
24	596
24	600
24	604
24	608
24	612
24	616
24	620
24	624
24	628
24	632
24	636
24	640
24	644
24	648
24	653
24	657
24	662
24	666
24	671
24	676
24	681
24	686
24	692
24	698
24	705
24	712
24	720
24	728
24	737
24	747
25	410
25	420
25	429
25	437
25	444
25	451
25	458
25	464
25	470
25	476
25	482
25	487
25	493
25	498
25	503
25	508
25	514
25	519
25	525
25	530
25	536
25	541
25	547
25	552
25	558
25	564
25	570
25	576
25	582
25	588
25	594
25	600
25	606
25	612
25	618
25	624
25	630
25	636
25	642
25	648
25	655
25	662
25	669
25	676
25	683
25	691
25	699
25	708
25	718
25	729
25	741
26	433
26	444
26	453
26	462
26	470
26	478
26	485
26	492
26	499
26	506
26	513
26	520
26	527
26	534
26	541
26	548
26	555
26	562
26	569
26	576
26	583
26	590
26	597
26	604
26	611
26	619
26	627
26	635
26	643
26	651
26	659
26	667
26	675
26	684
26	693
26	703
26	715
27	449
27	460
27	471
27	481
27	491
27	501
27	511
27	520
27	529
27	538
27	547
27	556
27	565
27	574
27	583
27	592
27	601
27	610
27	619
27	628
27	638
27	648
27	658
27	668
27	678
27	689
27	703
28	470
28	482
28	493
28	504
28	514
28	524
28	534
28	544
28	554
28	564
28	574
28	584
28	593
28	603
28	613
28	623
28	633
28	643
28	654
28	665
28	676
29	466
29	477
29	488
29	498
29	508
29	518
29	528
29	538
29	547
29	556
29	565
29	574
29	583
29	592
29	601
29	610
29	619
29	628
29	637
29	647
29	657
29	667
29	677
29	688
29	699
29	711
29	723
29	735
30	460
30	471
30	482
30	492
30	502
30	511
30	520
30	529
30	538
30	547
30	555
30	563
30	571
30	579
30	587
30	595
30	603
30	611
30	619
30	627
30	636
30	645
30	654
30	663
30	672
30	681
30	691
30	701
30	710
30	719
30	728
30	736
30	745
30	754
30	764
30	775
31	457
31	468
31	478
31	488
31	498
31	507
31	516
31	525
31	534
31	543
31	552
31	560
31	568
31	576
31	584
31	592
31	599
31	606
31	613
31	620
31	627
31	634
31	641
31	648
31	656
31	664
31	672
31	680
31	688
31	696
31	704
31	711
31	718
31	725
31	731
31	737
31	744
31	751
31	758
31	766
31	775
31	785
32	448
32	459
32	469
32	479
32	488
32	497
32	506
32	514
32	522
32	530
32	538
32	545
32	552
32	559
32	566
32	573
32	580
32	586
32	592
32	598
32	604
32	610
32	616
32	622
32	628
32	634
32	640
32	646
32	652
32	658
32	664
32	670
32	676
32	682
32	688
32	694
32	700
32	706
32	712
32	718
32	724
32	730
32	736
32	742
32	748
32	755
32	762
32	770
32	779
32	790
33	446
33	457
33	467
33	476
33	485
33	493
33	501
33	509
33	517
33	524
33	531
33	538
33	545
33	552
33	559
33	566
33	573
33	580
33	586
33	593
33	599
33	605
33	611
33	617
33	623
33	629
33	635
33	641
33	647
33	653
33	659
33	665
33	670
33	676
33	681
33	686
33	691
33	696
33	701
33	706
33	711
33	716
33	722
33	727
33	733
33	739
33	745
33	752
33	759
33	767
33	777
34	440
34	451
34	461
34	470
34	478
34	486
34	493
34	500
34	508
34	516
34	524
34	532
34	540
34	548
34	556
34	564
34	572
34	580
34	588
34	596
34	603
34	610
34	617
34	623
34	629
34	635
34	641
34	646
34	651
34	656
34	661
34	665
34	670
34	674
34	678
34	682
34	686
34	690
34	694
34	698
34	702
34	706
34	711
34	715
34	720
34	725
34	730
34	736
34	742
34	748
34	755
34	763
34	772
34	784
35	436
35	447
35	456
35	464
35	472
35	479
35	486
35	493
35	500
35	507
35	514
35	521
35	529
35	537
35	545
35	553
35	560
35	567
35	574
35	581
35	588
35	594
35	600
35	606
35	611
35	616
35	621
35	626
35	631
35	635
35	640
35	644
35	648
35	652
35	656
35	660
35	664
35	668
35	671
35	675
35	679
35	682
35	686
35	690
35	694
35	698
35	702
35	706
35	711
35	716
35	721
35	726
35	732
35	738
35	745
35	753
35	763
36	430
36	441
36	451
36	460
36	468
36	476
36	483
36	490
36	497
36	504
36	511
36	518
36	525
36	532
36	539
36	545
36	552
36	558
36	564
36	570
36	576
36	582
36	588
36	594
36	600
36	605
36	611
36	616
36	621
36	626
36	631
36	636
36	641
36	645
36	650
36	654
36	658
36	662
36	666
36	670
36	674
36	678
36	682
36	686
36	690
36	694
36	698
36	702
36	707
36	711
36	716
36	721
36	727
36	733
36	740
36	748
36	757
36	768
37	441
37	452
37	462
37	470
37	478
37	485
37	491
37	497
37	503
37	509
37	514
37	520
37	525
37	530
37	535
37	540
37	545
37	550
37	555
37	560
37	566
37	571
37	577
37	583
37	589
37	595
37	601
37	606
37	612
37	617
37	622
37	627
37	632
37	636
37	641
37	645
37	649
37	653
37	657
37	661
37	664
37	668
37	671
37	674
37	678
37	681
37	684
37	688
37	691
37	695
37	698
37	702
37	706
37	710
37	714
37	718
37	723
37	728
37	734
37	740
37	747
37	755
37	764
37	775
38	441
38	452
38	461
38	469
38	476
38	483
38	489
38	495
38	501
38	506
38	511
38	516
38	521
38	526
38	531
38	536
38	541
38	545
38	550
38	555
38	559
38	564
38	569
38	574
38	579
38	584
38	589
38	594
38	599
38	604
38	609
38	613
38	617
38	621
38	625
38	629
38	633
38	637
38	641
38	644
38	648
38	651
38	654
38	658
38	661
38	664
38	667
38	670
38	673
38	676
38	679
38	682
38	685
38	688
38	691
38	695
38	698
38	702
38	706
38	709
38	714
38	718
38	723
38	728
38	734
38	740
38	747
38	755
38	764
38	775
39	439
39	450
39	459
39	468
39	476
39	483
39	490
39	497
39	504
39	510
39	517
39	523
39	529
39	535
39	541
39	547
39	553
39	559
39	565
39	571
39	577
39	583
39	589
39	595
39	600
39	606
39	611
39	616
39	621
39	625
39	630
39	634
39	639
39	643
39	648
39	652
39	657
39	661
39	666
39	670
39	675
39	679
39	684
39	689
39	694
39	699
39	705
39	711
39	717
39	724
39	731
39	739
39	748
39	759
40	431
40	442
40	452
40	461
40	469
40	477
40	484
40	491
40	497
40	503
40	509
40	514
40	520
40	525
40	530
40	535
40	540
40	545
40	550
40	555
40	560
40	564
40	569
40	573
40	578
40	582
40	587
40	591
40	596
40	600
40	605
40	609
40	614
40	618
40	623
40	627
40	632
40	636
40	641
40	645
40	650
40	654
40	659
40	663
40	668
40	673
40	678
40	683
40	688
40	694
40	699
40	705
40	711
40	718
40	726
40	734
40	744
41	422
41	433
41	443
41	452
41	460
41	468
41	475
41	482
41	488
41	494
41	500
41	505
41	510
41	515
41	520
41	524
41	529
41	533
41	537
41	541
41	545
41	549
41	552
41	556
41	560
41	563
41	567
41	570
41	573
41	577
41	580
41	583
41	587
41	590
41	593
41	596
41	600
41	602
41	606
41	609
41	612
41	615
41	618
41	621
41	624
41	627
41	630
41	634
41	636
41	640
41	643
41	646
41	650
41	653
41	657
41	660
41	664
41	668
41	672
41	676
41	680
41	685
41	689
41	694
41	699
41	705
41	711
41	718
41	726
41	735
41	746
42	420
42	431
42	440
42	449
42	457
42	464
42	471
42	478
42	484
42	490
42	496
42	502
42	507
42	513
42	518
42	523
42	528
42	533
42	538
42	542
42	547
42	551
42	556
42	560
42	564
42	568
42	572
42	576
42	580
42	584
42	588
42	592
42	596
42	600
42	603
42	607
42	611
42	614
42	618
42	622
42	625
42	629
42	633
42	637
42	641
42	645
42	649
42	654
42	658
42	663
42	668
42	673
42	678
42	684
42	690
42	697
42	705
42	714
42	725
43	417
43	427
43	435
43	442
43	449
43	455
43	461
43	466
43	471
43	476
43	481
43	485
43	490
43	494
43	499
43	503
43	507
43	511
43	515
43	519
43	524
43	528
43	533
43	537
43	542
43	546
43	551
43	556
43	561
43	566
43	571
43	576
43	581
43	586
43	591
43	597
43	602
43	608
43	614
43	620
43	626
43	632
43	638
43	644
43	651
43	658
43	665
43	672
43	680
43	688
43	697
43	707
44	407
44	416
44	423
44	430
44	435
44	440
44	444
44	449
44	452
44	456
44	460
44	463
44	467
44	470
44	473
44	476
44	479
44	482
44	484
44	487
44	490
44	492
44	495
44	497
44	500
44	502
44	505
44	507
44	510
44	512
44	515
44	517
44	520
44	522
44	525
44	527
44	530
44	533
44	535
44	538
44	541
44	543
44	546
44	549
44	552
44	555
44	558
44	561
44	564
44	567
44	570
44	574
44	577
44	580
44	584
44	587
44	591
44	594
44	598
44	602
44	606
44	610
44	614
44	618
44	622
44	626
44	631
44	635
44	640
44	645
44	650
44	655
44	660
44	665
44	671
44	677
44	683
44	689
44	696
44	704
44	713
44	723
45	399
45	408
45	415
45	421
45	425
45	430
45	433
45	437
45	441
45	443
45	447
45	450
45	452
45	455
45	458
45	461
45	462
45	465
45	468
45	470
45	472
45	475
45	477
45	479
45	481
45	484
45	485
45	488
45	490
45	492
45	494
45	496
45	498
45	500
45	502
45	504
45	506
45	508
45	510
45	512
45	514
45	516
45	518
45	520
45	523
45	524
45	527
45	529
45	531
45	534
45	536
45	538
45	540
45	543
45	545
45	547
45	550
45	552
45	555
45	557
45	560
45	563
45	565
45	568
45	571
45	574
45	577
45	580
45	583
45	586
45	589
45	593
45	596
45	599
45	603
45	606
45	610
45	614
45	618
45	622
45	626
45	630
45	634
45	638
45	643
45	647
45	652
45	657
45	662
45	667
45	673
45	679
45	685
45	692
45	700
45	709
45	719
46	400
46	409
46	416
46	422
46	428
46	433
46	438
46	442
46	446
46	450
46	454
46	458
46	462
46	466
46	470
46	474
46	478
46	482
46	486
46	490
46	494
46	498
46	503
46	507
46	512
46	516
46	521
46	526
46	531
46	536
46	541
46	546
46	551
46	557
46	562
46	568
46	574
46	580
46	586
46	592
46	598
46	604
46	610
46	617
46	623
46	630
46	637
46	644
46	651
46	658
46	666
46	674
46	683
46	693
46	705
47	408
47	418
47	427
47	436
47	444
47	452
47	460
47	467
47	474
47	481
47	487
47	493
47	499
47	505
47	511
47	516
47	522
47	527
47	532
47	537
47	542
47	547
47	552
47	557
47	562
47	566
47	571
47	575
47	580
47	584
47	589
47	593
47	598
47	602
47	607
47	611
47	616
47	620
47	625
47	629
47	634
47	638
47	643
47	648
47	653
47	658
47	664
47	670
47	676
47	683
47	690
47	698
47	707
47	717
48	399
48	409
48	417
48	424
48	431
48	437
48	443
48	448
48	453
48	458
48	463
48	468
48	472
48	477
48	481
48	485
48	489
48	493
48	496
48	500
48	503
48	507
48	510
48	513
48	516
48	519
48	522
48	525
48	528
48	531
48	533
48	537
48	539
48	542
48	545
48	547
48	550
48	553
48	555
48	558
48	560
48	563
48	565
48	568
48	570
48	573
48	575
48	578
48	580
48	582
48	585
48	587
48	590
48	592
48	594
48	597
48	599
48	601
48	604
48	606
48	609
48	611
48	613
48	616
48	618
48	621
48	623
48	626
48	628
48	631
48	633
48	636
48	638
48	641
48	644
48	646
48	649
48	652
48	655
48	658
48	661
48	665
48	668
48	672
48	676
48	679
48	684
48	688
48	693
48	698
48	704
48	710
48	717
48	725
48	735
49	392
49	401
49	409
49	415
49	421
49	426
49	431
49	435
49	440
49	444
49	449
49	453
49	457
49	461
49	465
49	469
49	473
49	477
49	481
49	485
49	489
49	492
49	496
49	499
49	503
49	506
49	510
49	512
49	516
49	519
49	521
49	524
49	527
49	530
49	532
49	535
49	537
49	540
49	542
49	544
49	547
49	549
49	551
49	553
49	556
49	558
49	560
49	562
49	564
49	566
49	569
49	570
49	572
49	574
49	576
49	578
49	580
49	582
49	584
49	586
49	588
49	590
49	592
49	593
49	596
49	597
49	599
49	601
49	603
49	605
49	607
49	608
49	611
49	612
49	615
49	616
49	618
49	620
49	622
49	624
49	626
49	628
49	630
49	632
49	634
49	636
49	638
49	640
49	643
49	645
49	647
49	650
49	652
49	655
49	657
49	660
49	663
49	666
49	668
49	672
49	675
49	678
49	682
49	685
49	689
49	693
49	697
49	702
49	707
49	712
49	718
49	725
49	733
49	742
49	754
50	396
50	405
50	413
50	421
50	428
50	435
50	442
50	448
50	455
50	462
50	469
50	476
50	483
50	490
50	497
50	504
50	511
50	518
50	525
50	532
50	539
50	545
50	551
50	557
50	563
50	568
50	573
50	578
50	583
50	588
50	593
50	598
50	603
50	608
50	613
50	618
50	623
50	628
50	633
50	638
50	643
50	648
50	653
50	658
50	663
50	668
50	673
50	678
50	683
50	688
50	693
50	698
50	704
50	710
50	716
50	723
50	730
50	738
50	747
51	392
51	403
51	412
51	421
51	429
51	437
51	444
51	451
51	458
51	464
51	470
51	476
51	482
51	487
51	493
51	498
51	503
51	508
51	513
51	518
51	523
51	528
51	534
51	539
51	545
51	550
51	556
51	561
51	567
51	572
51	578
51	584
51	590
51	596
51	602
51	608
51	614
51	620
51	625
51	631
51	636
51	641
51	646
51	651
51	656
51	661
51	665
51	670
51	674
51	678
51	682
51	686
51	690
51	694
51	698
51	702
51	706
51	710
51	714
51	718
51	723
51	727
51	732
51	737
51	743
51	749
51	756
51	764
51	774
52	382
52	392
52	400
52	407
52	413
52	419
52	424
52	429
52	434
52	438
52	442
52	446
52	450
52	453
52	457
52	461
52	464
52	467
52	471
52	473
52	477
52	480
52	483
52	486
52	489
52	492
52	494
52	497
52	500
52	502
52	505
52	508
52	510
52	513
52	516
52	518
52	521
52	524
52	526
52	529
52	532
52	534
52	537
52	540
52	542
52	545
52	548
52	550
52	553
52	556
52	558
52	561
52	564
52	567
52	569
52	573
52	575
52	578
52	581
52	584
52	587
52	590
52	593
52	596
52	599
52	602
52	605
52	608
52	611
52	614
52	617
52	620
52	623
52	626
52	629
52	632
52	635
52	638
52	641
52	643
52	647
52	649
52	652
52	655
52	657
52	660
52	663
52	665
52	668
52	670
52	673
52	675
52	678
52	680
52	682
52	685
52	687
52	689
52	692
52	694
52	696
52	699
52	701
52	704
52	706
52	709
52	711
52	714
52	717
52	719
52	723
52	726
52	729
52	733
52	736
52	740
52	745
52	749
52	755
52	760
52	767
52	775
52	784
53	379
53	388
53	394
53	400
53	404
53	409
53	413
53	417
53	421
53	424
53	428
53	431
53	433
53	437
53	439
53	442
53	444
53	447
53	449
53	452
53	453
53	456
53	458
53	461
53	462
53	464
53	467
53	469
53	471
53	473
53	475
53	477
53	479
53	481
53	483
53	485
53	487
53	489
53	491
53	493
53	494
53	497
53	498
53	500
53	502
53	504
53	506
53	507
53	510
53	511
53	513
53	515
53	517
53	518
53	520
53	522
53	524
53	526
53	527
53	529
53	531
53	533
53	535
53	536
53	538
53	540
53	542
53	544
53	545
53	547
53	549
53	551
53	553
53	554
53	556
53	558
53	560
53	562
53	563
53	565
53	567
53	569
53	571
53	572
53	575
53	576
53	578
53	580
53	582
53	584
53	586
53	587
53	590
53	591
53	593
53	595
53	597
53	599
53	601
53	602
53	605
53	606
53	608
53	610
53	612
53	614
53	616
53	617
53	620
53	621
53	623
53	625
53	627
53	629
53	631
53	633
53	634
53	637
53	638
53	640
53	642
53	644
53	646
53	648
53	649
53	652
53	653
53	655
53	657
53	659
53	661
53	662
53	665
53	666
53	668
53	670
53	672
53	674
53	676
53	677
53	680
53	681
53	684
53	685
53	687
53	689
53	692
53	694
53	696
53	698
53	700
53	703
53	705
53	708
53	710
53	714
53	716
53	719
53	723
53	726
53	730
53	734
53	738
53	743
53	748
53	754
53	761
53	769
53	779
54	380
54	389
54	397
54	403
54	409
54	414
54	419
54	423
54	428
54	431
54	435
54	439
54	442
54	446
54	449
54	452
54	455
54	459
54	461
54	465
54	468
54	471
54	475
54	478
54	482
54	485
54	489
54	493
54	496
54	500
54	504
54	508
54	512
54	516
54	520
54	524
54	528
54	532
54	536
54	540
54	544
54	548
54	552
54	556
54	560
54	564
54	568
54	572
54	576
54	580
54	584
54	588
54	591
54	595
54	599
54	602
54	606
54	610
54	613
54	617
54	621
54	625
54	628
54	632
54	636
54	639
54	643
54	647
54	651
54	655
54	659
54	663
54	667
54	672
54	676
54	681
54	686
54	691
54	697
54	703
54	710
54	717
54	725
54	735
55	388
55	399
55	409
55	418
55	427
55	436
55	445
55	454
55	464
55	474
55	484
55	493
55	502
55	512
55	522
55	532
55	542
55	552
55	562
55	572
55	582
55	593
55	604
55	615
55	625
55	635
55	645
55	654
55	663
55	671
55	679
55	687
55	695
55	703
55	712
55	721
55	731
56	371
56	381
56	390
56	398
56	405
56	411
56	417
56	423
56	429
56	434
56	440
56	445
56	451
56	456
56	461
56	466
56	471
56	476
56	481
56	486
56	491
56	496
56	501
56	506
56	511
56	516
56	521
56	526
56	531
56	536
56	541
56	546
56	551
56	556
56	561
56	566
56	571
56	576
56	581
56	586
56	591
56	596
56	601
56	607
56	612
56	618
56	623
56	629
56	634
56	640
56	645
56	650
56	655
56	660
56	665
56	670
56	675
56	680
56	684
56	689
56	693
56	698
56	703
56	708
56	713
56	718
56	724
56	730
56	737
56	745
56	754
56	765
57	361
57	370
57	377
57	383
57	389
57	393
57	398
57	402
57	405
57	410
57	412
57	416
57	419
57	422
57	425
57	428
57	431
57	434
57	437
57	440
57	442
57	445
57	448
57	451
57	453
57	456
57	459
57	461
57	464
57	467
57	469
57	472
57	474
57	477
57	479
57	482
57	484
57	487
57	489
57	492
57	494
57	497
57	499
57	501
57	504
57	506
57	509
57	511
57	513
57	516
57	518
57	520
57	523
57	525
57	528
57	530
57	532
57	535
57	537
57	540
57	542
57	545
57	547
57	550
57	552
57	555
57	557
57	560
57	562
57	565
57	567
57	570
57	572
57	575
57	577
57	580
57	582
57	585
57	588
57	590
57	593
57	596
57	598
57	601
57	604
57	606
57	609
57	612
57	614
57	617
57	620
57	622
57	625
57	628
57	630
57	633
57	636
57	638
57	641
57	644
57	646
57	649
57	652
57	654
57	657
57	660
57	662
57	665
57	668
57	670
57	673
57	675
57	678
57	681
57	683
57	686
57	688
57	691
57	694
57	696
57	699
57	702
57	705
57	708
57	711
57	715
57	718
57	722
57	726
57	730
57	735
57	739
57	745
57	751
57	758
57	766
57	776
58	359
58	367
58	373
58	378
58	382
58	387
58	391
58	393
58	397
58	400
58	402
58	405
58	408
58	410
58	412
58	415
58	417
58	419
58	422
58	423
58	426
58	428
58	430
58	432
58	434
58	436
58	438
58	440
58	442
58	443
58	446
58	447
58	449
58	451
58	453
58	454
58	456
58	458
58	460
58	462
58	463
58	465
58	467
58	469
58	471
58	472
58	474
58	476
58	478
58	480
58	481
58	484
58	485
58	487
58	489
58	491
58	493
58	495
58	497
58	498
58	501
58	503
58	504
58	507
58	508
58	510
58	512
58	514
58	516
58	518
58	520
58	522
58	524
58	526
58	528
58	530
58	532
58	534
58	536
58	538
58	540
58	542
58	544
58	546
58	548
58	550
58	552
58	554
58	556
58	558
58	560
58	562
58	564
58	566
58	568
58	570
58	572
58	574
58	576
58	578
58	580
58	582
58	584
58	586
58	588
58	590
58	592
58	594
58	596
58	598
58	600
58	603
58	604
58	607
58	609
58	611
58	613
58	615
58	618
58	619
58	622
58	624
58	626
58	628
58	631
58	633
58	635
58	637
58	640
58	642
58	644
58	646
58	649
58	651
58	653
58	656
58	658
58	660
58	663
58	665
58	667
58	670
58	672
58	675
58	677
58	680
58	683
58	685
58	688
58	691
58	694
58	697
58	700
58	704
58	707
58	711
58	715
58	719
58	724
58	729
58	735
58	742
58	750
58	760
59	359
59	368
59	375
59	382
59	388
59	393
59	398
59	402
59	406
59	410
59	413
59	417
59	420
59	423
59	427
59	430
59	433
59	436
59	439
59	442
59	445
59	448
59	451
59	455
59	457
59	461
59	464
59	468
59	471
59	475
59	479
59	483
59	487
59	492
59	497
59	502
59	508
59	514
59	520
59	526
59	532
59	538
59	545
59	551
59	558
59	565
59	572
59	579
59	586
59	593
59	600
59	607
59	614
59	621
59	628
59	635
59	642
59	650
59	658
59	667
59	677
59	688
61	379
61	389
61	398
61	407
61	416
61	425
61	434
61	444
61	454
61	465
61	476
61	487
61	499
61	512
61	526
62	369
62	378
62	384
62	390
62	395
62	400
62	405
62	410
62	414
62	419
62	424
62	429
62	434
62	439
62	444
62	449
62	454
62	460
62	465
62	471
62	477
62	483
62	489
62	495
62	501
62	508
62	514
62	521
62	528
62	535
62	542
62	549
62	556
62	563
62	570
62	577
62	584
62	591
62	598
62	606
62	614
62	622
62	630
62	638
62	646
62	654
62	662
62	670
62	678
62	686
62	694
62	703
62	712
62	723
63	367
63	374
63	381
63	385
63	390
63	393
63	397
63	401
63	404
63	408
63	411
63	415
63	418
63	422
63	425
63	429
63	432
63	436
63	439
63	443
63	447
63	451
63	455
63	459
63	464
63	468
63	473
63	478
63	483
63	488
63	494
63	500
63	506
63	512
63	519
63	526
63	533
63	540
63	547
63	554
63	561
63	568
63	575
63	582
63	589
63	596
63	603
63	610
63	618
63	626
63	634
63	642
63	650
63	658
63	666
63	675
63	684
63	694
63	706
64	376
64	385
64	393
64	400
64	407
64	414
64	421
64	428
64	435
64	443
64	451
64	460
64	470
64	484
66	367
66	377
66	387
66	396
66	405
66	414
66	423
66	433
66	443
66	453
66	463
66	473
66	483
66	493
66	503
66	513
66	523
66	533
66	543
66	554
66	565
66	577
66	589
66	605
67	356
67	364
67	371
67	377
67	383
67	388
67	393
67	398
67	403
67	408
67	413
67	418
67	423
67	428
67	433
67	438
67	443
67	448
67	453
67	458
67	463
67	468
67	473
67	478
67	483
67	488
67	493
67	498
67	503
67	508
67	513
67	518
67	523
67	528
67	533
67	538
67	543
67	548
67	554
67	559
67	565
67	570
67	576
67	582
67	588
67	594
67	600
67	606
67	612
67	618
67	624
67	630
67	636
67	643
67	649
67	656
67	662
67	669
67	675
67	682
67	688
67	695
67	702
67	709
67	717
67	726
67	737
68	351
68	360
68	365
68	371
68	374
68	379
68	382
68	386
68	389
68	392
68	395
68	398
68	401
68	404
68	407
68	410
68	413
68	416
68	419
68	422
68	424
68	428
68	430
68	433
68	436
68	439
68	442
68	444
68	448
68	450
68	453
68	456
68	459
68	462
68	465
68	468
68	471
68	474
68	477
68	480
68	483
68	486
68	489
68	492
68	495
68	498
68	501
68	504
68	507
68	510
68	514
68	516
68	520
68	523
68	526
68	530
68	533
68	537
68	540
68	544
68	547
68	551
68	554
68	558
68	561
68	565
68	569
68	572
68	576
68	580
68	584
68	588
68	592
68	596
68	600
68	604
68	608
68	612
68	616
68	620
68	624
68	628
68	632
68	636
68	640
68	645
68	649
68	654
68	658
68	663
68	667
68	672
68	677
68	682
68	687
68	692
68	697
68	703
68	709
68	716
68	724
68	733
68	744
69	351
69	360
69	365
69	371
69	374
69	379
69	382
69	385
69	389
69	392
69	395
69	398
69	401
69	404
69	407
69	410
69	413
69	416
69	419
69	422
69	425
69	428
69	431
69	434
69	437
69	440
69	444
69	447
69	450
69	454
69	457
69	461
69	465
69	468
69	473
69	477
69	481
69	486
69	490
69	495
69	500
69	505
69	511
69	517
69	523
69	529
69	535
69	542
69	549
69	556
69	563
69	570
69	577
69	585
69	593
69	601
69	609
69	617
69	625
69	633
69	641
69	650
69	659
69	669
69	680
70	370
70	381
70	392
70	403
72	399
72	412
72	424
72	436
72	448
72	460
72	472
72	483
72	494
72	505
72	516
72	528
72	540
72	554
72	681
72	693
72	704
72	715
72	725
72	736
73	352
73	362
73	370
73	378
73	385
73	392
73	398
73	404
73	410
73	416
73	422
73	428
73	434
73	440
73	446
73	452
73	458
73	464
73	470
73	476
73	482
73	488
73	494
73	499
73	505
73	511
73	517
73	523
73	529
73	535
73	541
73	547
73	553
73	559
73	565
73	571
73	577
73	583
73	589
73	596
73	602
73	609
73	615
73	622
73	629
73	636
73	643
73	650
73	657
73	664
73	671
73	677
73	684
73	690
73	696
73	702
73	708
73	714
73	720
73	726
73	732
73	738
73	745
73	752
73	760
73	769
74	350
74	359
74	366
74	372
74	378
74	383
74	388
74	393
74	397
74	402
74	406
74	410
74	414
74	418
74	422
74	426
74	430
74	434
74	438
74	442
74	446
74	450
74	454
74	458
74	462
74	466
74	470
74	474
74	478
74	482
74	486
74	490
74	495
74	499
74	504
74	508
74	513
74	517
74	522
74	526
74	531
74	535
74	540
74	545
74	549
74	554
74	559
74	564
74	569
74	574
74	579
74	584
74	589
74	594
74	599
74	604
74	609
74	614
74	619
74	624
74	629
74	634
74	639
74	644
74	649
74	654
74	659
74	664
74	669
74	674
74	679
74	684
74	689
74	694
74	699
74	704
74	709
74	715
74	720
74	726
74	732
74	738
74	744
74	751
74	759
74	768
74	780
75	361
75	371
75	379
75	386
75	393
75	400
75	406
75	412
75	418
75	424
75	430
75	437
75	443
75	450
75	457
75	464
75	471
75	478
75	486
75	494
75	502
75	511
75	520
75	529
75	538
75	548
75	558
75	568
75	578
75	588
75	598
75	608
75	618
75	628
75	639
75	650
75	661
75	673
75	686
-1	-1
