-1	-1
5	552
6	399
6	412
6	425
6	438
6	450
6	462
6	473
6	484
6	494
6	504
6	514
6	524
6	534
6	545
6	556
6	567
6	580
7	356
7	367
7	378
7	388
7	398
7	408
7	417
7	426
7	436
7	446
7	456
7	465
7	474
7	483
7	492
7	501
7	510
7	519
7	529
7	539
7	549
7	560
7	571
8	327
8	338
8	349
8	359
8	369
8	378
8	387
8	396
8	405
8	413
8	421
8	429
8	437
8	445
8	453
8	461
8	469
8	477
8	485
8	493
8	501
8	509
8	517
8	526
8	535
8	544
8	553
8	562
8	572
8	582
8	594
9	332
9	344
9	355
9	365
9	375
9	385
9	395
9	404
9	413
9	422
9	431
9	440
9	449
9	458
9	466
9	474
9	482
9	490
9	498
9	505
9	512
9	519
9	526
9	533
9	540
9	547
9	554
9	561
9	568
9	576
9	584
9	593
9	603
9	614
10	327
10	338
10	348
10	357
10	365
10	372
10	379
10	385
10	392
10	398
10	405
10	412
10	419
10	426
10	433
10	440
10	447
10	454
10	461
10	468
10	474
10	480
10	486
10	492
10	498
10	504
10	510
10	516
10	522
10	528
10	534
10	540
10	546
10	552
10	558
10	564
10	570
10	576
10	583
10	590
10	597
10	605
10	614
10	624
11	312
11	323
11	333
11	341
11	349
11	356
11	362
11	368
11	373
11	378
11	383
11	388
11	393
11	398
11	403
11	408
11	413
11	418
11	423
11	428
11	433
11	438
11	443
11	448
11	453
11	458
11	463
11	468
11	473
11	478
11	482
11	487
11	491
11	496
11	500
11	505
11	509
11	514
11	518
11	523
11	527
11	532
11	537
11	542
11	547
11	552
11	557
11	563
11	568
11	574
11	580
11	587
11	594
11	602
11	611
11	621
12	307
12	317
12	325
12	332
12	339
12	344
12	350
12	354
12	359
12	363
12	367
12	371
12	374
12	378
12	381
12	385
12	388
12	392
12	395
12	399
12	402
12	406
12	409
12	413
12	416
12	420
12	423
12	427
12	430
12	434
12	437
12	441
12	445
12	449
12	453
12	457
12	461
12	465
12	469
12	473
12	477
12	481
12	485
12	489
12	494
12	498
12	503
12	507
12	512
12	517
12	522
12	527
12	533
12	538
12	544
12	550
12	557
12	564
12	572
12	580
12	589
12	599
13	297
13	307
13	315
13	322
13	327
13	332
13	337
13	341
13	345
13	349
13	353
13	356
13	360
13	363
13	367
13	370
13	373
13	377
13	380
13	383
13	386
13	390
13	393
13	396
13	400
13	403
13	407
13	410
13	414
13	417
13	421
13	425
13	428
13	432
13	436
13	440
13	444
13	448
13	453
13	457
13	462
13	467
13	472
13	477
13	483
13	488
13	494
13	500
13	507
13	514
13	522
13	530
13	539
13	549
13	560
14	290
14	300
14	308
14	314
14	320
14	324
14	329
14	333
14	337
14	341
14	344
14	348
14	351
14	355
14	358
14	362
14	365
14	369
14	373
14	376
14	380
14	384
14	388
14	392
14	397
14	401
14	406
14	411
14	416
14	421
14	427
14	433
14	439
14	445
14	452
14	459
14	467
14	475
14	484
14	494
14	505
15	132
15	143
15	155
15	293
15	302
15	310
15	316
15	322
15	327
15	332
15	337
15	342
15	346
15	351
15	356
15	361
15	366
15	371
15	377
15	382
15	388
15	394
15	401
15	408
15	416
15	424
15	432
15	441
15	451
15	461
15	473
16	131
16	142
16	153
16	300
16	310
16	318
16	325
16	332
16	338
16	344
16	350
16	356
16	363
16	370
16	377
16	384
16	392
16	400
16	409
16	418
16	428
16	438
16	449
16	462
17	140
17	155
17	306
17	316
17	325
17	333
17	341
17	349
17	357
17	365
17	373
17	382
17	391
17	400
17	410
17	420
17	431
17	442
17	454
18	311
18	322
18	332
18	342
18	352
18	362
18	372
18	382
18	392
18	402
18	413
18	424
18	435
18	446
18	457
18	469
18	484
18	521
18	533
18	545
18	556
18	567
18	577
18	587
18	596
18	606
18	617
19	360
19	372
19	383
19	394
19	406
19	419
19	432
19	444
19	455
19	467
19	479
19	491
19	503
19	515
19	526
19	536
19	545
19	554
19	562
19	570
19	577
19	584
19	591
19	598
19	605
19	612
19	620
19	629
19	639
20	359
20	370
20	381
20	392
20	403
20	414
20	425
20	435
20	445
20	455
20	465
20	475
20	485
20	495
20	505
20	514
20	523
20	532
20	540
20	547
20	553
20	559
20	565
20	571
20	576
20	581
20	586
20	591
20	596
20	601
20	606
20	611
20	616
20	622
20	628
20	635
20	642
20	650
20	659
21	351
21	362
21	373
21	383
21	393
21	403
21	413
21	423
21	433
21	443
21	452
21	461
21	470
21	479
21	488
21	497
21	505
21	513
21	521
21	528
21	535
21	541
21	547
21	552
21	557
21	562
21	567
21	571
21	576
21	580
21	585
21	589
21	594
21	598
21	603
21	607
21	612
21	616
21	621
21	626
21	631
21	637
21	643
21	650
21	658
21	667
22	337
22	348
22	358
22	367
22	376
22	385
22	394
22	403
22	412
22	421
22	429
22	437
22	445
22	453
22	460
22	467
22	474
22	481
22	488
22	494
22	500
22	506
22	512
22	518
22	523
22	528
22	533
22	538
22	543
22	548
22	552
22	557
22	561
22	566
22	570
22	575
22	579
22	584
22	588
22	593
22	597
22	602
22	606
22	611
22	616
22	621
22	626
22	632
22	638
22	645
22	653
22	662
22	674
23	298
23	309
23	319
23	329
23	338
23	347
23	355
23	363
23	370
23	377
23	384
23	391
23	398
23	405
23	411
23	417
23	423
23	429
23	435
23	441
23	446
23	451
23	456
23	461
23	466
23	471
23	475
23	480
23	484
23	489
23	493
23	497
23	501
23	505
23	509
23	513
23	517
23	521
23	525
23	529
23	533
23	537
23	541
23	545
23	549
23	553
23	557
23	561
23	565
23	569
23	574
23	578
23	583
23	588
23	593
23	598
23	603
23	608
23	614
23	620
23	626
23	633
23	641
23	650
24	280
24	290
24	299
24	307
24	314
24	321
24	328
24	335
24	342
24	348
24	354
24	360
24	365
24	371
24	376
24	382
24	387
24	392
24	397
24	402
24	407
24	412
24	417
24	421
24	426
24	430
24	435
24	439
24	443
24	447
24	451
24	455
24	459
24	462
24	466
24	469
24	473
24	476
24	479
24	482
24	485
24	488
24	491
24	494
24	497
24	500
24	503
24	506
24	509
24	512
24	515
24	518
24	521
24	525
24	528
24	531
24	535
24	538
24	542
24	545
24	549
24	553
24	557
24	561
24	566
24	570
24	575
24	580
24	585
24	590
24	595
24	600
24	606
24	612
24	618
24	625
24	632
24	640
24	650
25	277
25	287
25	296
25	304
25	312
25	319
25	326
25	333
25	339
25	345
25	351
25	357
25	362
25	368
25	373
25	379
25	384
25	390
25	395
25	401
25	406
25	411
25	416
25	421
25	426
25	430
25	435
25	439
25	443
25	447
25	451
25	455
25	459
25	462
25	466
25	469
25	472
25	475
25	478
25	481
25	484
25	487
25	490
25	492
25	495
25	498
25	501
25	503
25	506
25	509
25	512
25	515
25	518
25	521
25	524
25	527
25	530
25	534
25	537
25	541
25	544
25	548
25	552
25	556
25	560
25	564
25	568
25	573
25	577
25	582
25	587
25	592
25	597
25	602
25	607
25	612
25	617
25	623
25	629
25	636
25	644
25	653
25	664
26	282
26	293
26	302
26	310
26	318
26	325
26	332
26	338
26	344
26	350
26	355
26	360
26	365
26	370
26	375
26	381
26	386
26	392
26	398
26	404
26	410
26	416
26	422
26	427
26	432
26	437
26	442
26	446
26	451
26	454
26	459
26	462
26	466
26	470
26	473
26	477
26	480
26	484
26	487
26	491
26	494
26	498
26	501
26	505
26	508
26	512
26	516
26	519
26	524
26	527
26	532
26	536
26	540
26	544
26	548
26	553
26	557
26	561
26	566
26	570
26	574
26	579
26	583
26	587
26	591
26	595
26	599
26	604
26	608
26	613
26	617
26	622
26	627
26	633
26	639
26	646
26	654
26	663
27	299
27	310
27	320
27	329
27	337
27	344
27	351
27	358
27	365
27	372
27	379
27	386
27	393
27	400
27	407
27	414
27	421
27	428
27	435
27	441
27	447
27	453
27	458
27	463
27	468
27	473
27	478
27	483
27	487
27	492
27	496
27	501
27	506
27	511
27	516
27	521
27	526
27	531
27	536
27	541
27	546
27	551
27	556
27	560
27	565
27	569
27	574
27	578
27	583
27	587
27	592
27	596
27	601
27	605
27	610
27	615
27	620
27	626
27	632
27	638
27	645
27	653
27	663
28	379
28	391
28	402
28	412
28	422
28	431
28	440
28	449
28	457
28	465
28	473
28	481
28	488
28	495
28	502
28	509
28	516
28	523
28	530
28	536
28	542
28	548
28	553
28	558
28	563
28	568
28	572
28	577
28	582
28	586
28	591
28	596
28	601
28	606
28	611
28	617
28	623
28	629
28	636
28	644
28	653
28	664
29	398
29	410
29	421
29	432
29	443
29	453
29	463
29	472
29	481
29	490
29	499
29	507
29	515
29	523
29	530
29	536
29	542
29	547
29	552
29	557
29	561
29	566
29	570
29	575
29	579
29	584
29	589
29	594
29	600
29	606
29	612
29	618
29	625
29	633
29	642
29	653
30	436
30	449
30	461
30	472
30	483
30	493
30	503
30	513
30	522
30	530
30	536
30	542
30	547
30	552
30	557
30	562
30	567
30	572
30	577
30	582
30	587
30	593
30	599
30	606
30	613
30	621
30	630
30	642
31	462
31	474
31	485
31	496
31	506
31	515
31	523
31	530
31	537
31	543
31	549
31	554
31	560
31	566
31	572
31	578
31	584
31	591
31	598
31	606
31	615
31	625
32	467
32	479
32	490
32	500
32	509
32	517
32	523
32	529
32	534
32	540
32	545
32	550
32	555
32	560
32	566
32	572
32	578
32	585
32	592
32	600
32	609
33	441
33	453
33	464
33	475
33	486
33	496
33	505
33	513
33	520
33	527
33	533
33	539
33	545
33	551
33	557
33	564
33	571
33	579
33	588
33	598
34	412
34	424
34	436
34	447
34	458
34	468
34	478
34	487
34	495
34	502
34	509
34	514
34	520
34	525
34	530
34	535
34	541
34	546
34	552
34	558
34	565
34	572
34	580
34	589
34	600
35	391
35	403
35	414
35	425
35	436
35	446
35	456
35	466
35	475
35	483
35	491
35	498
35	503
35	508
35	512
35	517
35	521
35	525
35	529
35	533
35	537
35	541
35	545
35	549
35	554
35	558
35	564
35	569
35	575
35	582
35	589
35	598
35	608
36	372
36	383
36	393
36	403
36	412
36	421
36	429
36	437
36	445
36	453
36	461
36	469
36	476
36	482
36	488
36	494
36	499
36	504
36	509
36	513
36	518
36	522
36	527
36	531
36	536
36	541
36	546
36	551
36	557
36	563
36	569
36	576
36	584
36	593
36	605
37	351
37	362
37	372
37	381
37	389
37	396
37	403
37	410
37	416
37	422
37	428
37	434
37	440
37	446
37	452
37	458
37	464
37	469
37	474
37	479
37	483
37	488
37	492
37	496
37	500
37	504
37	508
37	512
37	516
37	520
37	524
37	528
37	533
37	537
37	542
37	547
37	553
37	559
37	566
37	573
37	581
37	590
38	347
38	358
38	367
38	375
38	383
38	390
38	397
38	403
38	409
38	414
38	419
38	424
38	429
38	434
38	439
38	444
38	449
38	454
38	459
38	464
38	469
38	473
38	477
38	481
38	484
38	488
38	492
38	495
38	499
38	502
38	505
38	509
38	512
38	516
38	519
38	523
38	526
38	530
38	534
38	538
38	542
38	546
38	551
38	556
38	561
38	567
38	573
38	580
38	588
38	597
39	368
39	379
39	389
39	398
39	407
39	415
39	422
39	429
39	435
39	441
39	446
39	451
39	456
39	461
39	465
39	470
39	474
39	479
39	483
39	487
39	492
39	496
39	501
39	505
39	510
39	515
39	520
39	525
39	530
39	536
39	542
39	548
39	555
39	562
39	570
39	579
40	377
40	388
40	398
40	407
40	415
40	423
40	430
40	437
40	443
40	449
40	454
40	459
40	463
40	467
40	471
40	475
40	479
40	483
40	487
40	491
40	495
40	499
40	503
40	507
40	511
40	516
40	520
40	525
40	530
40	536
40	542
40	548
40	555
40	563
40	572
40	583
41	357
41	368
41	378
41	387
41	395
41	402
41	409
41	414
41	420
41	425
41	430
41	435
41	440
41	445
41	450
41	454
41	459
41	463
41	467
41	471
41	475
41	479
41	482
41	486
41	489
41	493
41	496
41	500
41	504
41	507
41	511
41	515
41	519
41	524
41	528
41	533
41	538
41	544
41	550
41	557
41	565
41	574
41	585
42	349
42	360
42	370
42	379
42	387
42	394
42	401
42	407
42	412
42	417
42	422
42	426
42	431
42	434
42	438
42	442
42	445
42	449
42	453
42	456
42	460
42	464
42	468
42	472
42	476
42	480
42	484
42	488
42	493
42	497
42	502
42	507
42	512
42	517
42	523
42	529
42	536
42	543
42	551
42	561
43	346
43	356
43	365
43	373
43	381
43	388
43	395
43	402
43	409
43	415
43	421
43	426
43	431
43	435
43	440
43	443
43	447
43	451
43	454
43	458
43	461
43	465
43	468
43	472
43	476
43	479
43	484
43	487
43	492
43	496
43	501
43	506
43	512
43	518
43	525
43	532
43	540
43	550
44	337
44	346
44	353
44	360
44	366
44	372
44	377
44	382
44	387
44	392
44	396
44	401
44	405
44	410
44	414
44	419
44	424
44	429
44	434
44	439
44	443
44	448
44	452
44	456
44	460
44	464
44	468
44	472
44	476
44	480
44	484
44	488
44	492
44	497
44	501
44	506
44	511
44	516
44	522
44	528
44	535
44	543
44	552
44	562
45	330
45	339
45	346
45	352
45	357
45	362
45	365
45	370
45	372
45	376
45	379
45	382
45	385
45	388
45	391
45	394
45	397
45	400
45	402
45	405
45	408
45	411
45	413
45	416
45	419
45	422
45	425
45	428
45	431
45	434
45	437
45	440
45	444
45	447
45	451
45	455
45	458
45	463
45	466
45	471
45	475
45	479
45	484
45	488
45	493
45	498
45	503
45	508
45	514
45	520
45	527
45	534
45	542
45	551
45	561
46	330
46	340
46	348
46	353
46	359
46	363
46	368
46	371
46	375
46	378
46	382
46	384
46	388
46	391
46	393
46	396
46	399
46	401
46	404
46	407
46	409
46	412
46	414
46	417
46	419
46	422
46	424
46	427
46	429
46	432
46	434
46	437
46	439
46	442
46	445
46	447
46	450
46	453
46	456
46	459
46	462
46	466
46	468
46	473
46	476
46	480
46	484
46	488
46	493
46	498
46	503
46	509
46	515
46	522
46	530
46	539
46	549
47	323
47	334
47	343
47	352
47	360
47	368
47	376
47	383
47	390
47	397
47	404
47	410
47	416
47	422
47	427
47	432
47	437
47	441
47	445
47	450
47	453
47	458
47	462
47	466
47	470
47	474
47	478
47	483
47	487
47	492
47	497
47	502
47	508
47	514
47	520
47	527
47	535
47	544
47	554
48	312
48	322
48	330
48	337
48	343
48	349
48	355
48	361
48	367
48	373
48	379
48	385
48	391
48	397
48	403
48	409
48	415
48	422
48	429
48	436
48	442
48	448
48	454
48	460
48	466
48	471
48	477
48	482
48	487
48	492
48	497
48	502
48	508
48	513
48	519
48	525
48	531
48	538
48	545
48	553
48	562
48	573
49	307
49	315
49	322
49	327
49	332
49	336
49	341
49	344
49	348
49	352
49	355
49	359
49	362
49	366
49	369
49	372
49	376
49	379
49	382
49	386
49	389
49	392
49	396
49	399
49	402
49	406
49	409
49	413
49	416
49	420
49	423
49	427
49	431
49	435
49	439
49	443
49	448
49	452
49	457
49	462
49	467
49	472
49	478
49	483
49	489
49	495
49	501
49	507
49	513
49	519
49	526
49	533
49	540
49	548
49	557
49	567
50	306
50	314
50	321
50	324
50	330
50	332
50	336
50	340
50	342
50	345
50	348
50	351
50	353
50	356
50	359
50	361
50	363
50	366
50	368
50	371
50	373
50	375
50	378
50	380
50	382
50	384
50	387
50	389
50	391
50	393
50	396
50	397
50	400
50	402
50	404
50	406
50	409
50	410
50	413
50	415
50	417
50	419
50	422
50	424
50	426
50	428
50	431
50	433
50	435
50	438
50	440
50	443
50	445
50	448
50	450
50	454
50	456
50	459
50	462
50	465
50	468
50	472
50	475
50	479
50	483
50	487
50	491
50	496
50	501
50	506
50	512
50	518
50	525
50	533
50	542
50	553
51	310
51	320
51	328
51	334
51	340
51	345
51	350
51	354
51	359
51	363
51	367
51	371
51	375
51	379
51	383
51	387
51	391
51	394
51	398
51	401
51	405
51	408
51	412
51	414
51	418
51	421
51	423
51	427
51	429
51	432
51	435
51	438
51	440
51	443
51	446
51	448
51	451
51	454
51	456
51	459
51	462
51	465
51	467
51	471
51	473
51	477
51	479
51	483
51	486
51	489
51	493
51	496
51	500
51	504
51	508
51	513
51	517
51	523
51	528
51	535
51	542
51	550
51	559
52	312
52	324
52	335
52	346
52	357
52	368
52	379
52	390
52	401
52	412
52	422
52	431
52	439
52	445
52	451
52	456
52	461
52	465
52	469
52	473
52	477
52	481
52	484
52	488
52	492
52	495
52	499
52	503
52	507
52	511
52	515
52	519
52	524
52	528
52	534
52	539
52	545
52	552
52	559
52	568
52	579
53	298
53	307
53	315
53	323
53	330
53	337
53	344
53	351
53	358
53	365
53	372
53	379
53	386
53	393
53	400
53	407
53	415
53	423
53	431
53	439
53	447
53	455
53	463
53	470
53	476
53	482
53	488
53	493
53	498
53	503
53	508
53	513
53	518
53	524
53	530
53	536
53	543
53	550
53	558
53	567
54	288
54	297
54	303
54	309
54	314
54	319
54	323
54	328
54	332
54	336
54	340
54	344
54	348
54	352
54	356
54	360
54	364
54	368
54	372
54	376
54	380
54	384
54	388
54	392
54	396
54	400
54	404
54	408
54	412
54	416
54	420
54	424
54	428
54	432
54	437
54	441
54	446
54	451
54	456
54	461
54	467
54	473
54	479
54	486
54	493
54	500
54	508
54	516
54	525
54	535
55	283
55	292
55	299
55	304
55	310
55	313
55	318
55	322
55	326
55	330
55	333
55	337
55	340
55	343
55	347
55	350
55	353
55	356
55	359
55	362
55	365
55	368
55	371
55	373
55	377
55	379
55	382
55	385
55	387
55	390
55	393
55	395
55	398
55	401
55	403
55	406
55	408
55	411
55	413
55	416
55	418
55	421
55	423
55	426
55	428
55	431
55	434
55	436
55	439
55	442
55	444
55	447
55	450
55	453
55	456
55	459
55	462
55	465
55	468
55	472
55	475
55	479
55	483
55	487
55	491
55	495
55	499
55	504
55	509
55	514
55	520
55	526
55	533
55	541
55	550
55	561
56	290
56	300
56	309
56	318
56	326
56	334
56	342
56	349
56	356
56	363
56	370
56	376
56	382
56	388
56	394
56	399
56	404
56	409
56	413
56	418
56	422
56	426
56	430
56	433
56	437
56	440
56	443
56	446
56	450
56	452
56	455
56	458
56	461
56	464
56	467
56	470
56	473
56	476
56	479
56	482
56	485
56	488
56	491
56	494
56	497
56	500
56	504
56	507
56	510
56	514
56	517
56	521
56	525
56	529
56	534
56	538
56	544
56	549
56	555
56	562
56	570
56	579
57	430
57	440
57	448
57	453
57	459
57	463
57	467
57	471
57	474
57	478
57	481
57	484
57	487
57	490
57	493
57	496
57	499
57	502
57	504
57	508
57	510
57	513
57	516
57	519
57	522
57	525
57	528
57	531
57	535
57	538
57	542
57	546
57	550
57	555
57	559
57	565
57	570
57	577
57	584
57	593
57	604
58	312
58	323
58	333
58	342
58	351
58	359
58	367
58	375
58	383
58	391
58	399
58	408
58	417
58	427
58	437
58	448
58	458
58	467
58	474
58	481
58	486
58	491
58	496
58	501
58	505
58	509
58	513
58	517
58	521
58	525
58	529
58	534
58	538
58	543
58	548
58	554
58	560
58	567
58	575
58	584
59	297
59	306
59	313
59	320
59	326
59	331
59	336
59	341
59	346
59	350
59	355
59	359
59	363
59	368
59	372
59	376
59	380
59	384
59	388
59	392
59	396
59	401
59	405
59	410
59	414
59	419
59	424
59	429
59	434
59	439
59	445
59	451
59	458
59	466
59	474
59	483
59	493
59	504
59	517
60	287
60	296
60	303
60	309
60	313
60	318
60	322
60	325
60	329
60	332
60	335
60	338
60	341
60	343
60	347
60	349
60	352
60	354
60	357
60	360
60	362
60	364
60	367
60	369
60	372
60	374
60	376
60	379
60	381
60	383
60	386
60	388
60	390
60	393
60	395
60	397
60	400
60	402
60	404
60	407
60	409
60	411
60	414
60	416
60	419
60	421
60	424
60	426
60	429
60	431
60	434
60	437
60	439
60	443
60	445
60	449
60	452
60	456
60	459
60	463
60	467
60	471
60	476
60	480
60	486
60	491
60	497
60	503
60	510
60	517
60	525
60	533
60	541
60	550
60	559
60	569
60	580
61	287
61	297
61	305
61	312
61	318
61	323
61	327
61	331
61	334
61	338
61	341
61	344
61	347
61	350
61	352
61	355
61	358
61	360
61	363
61	365
61	368
61	370
61	372
61	375
61	377
61	379
61	382
61	383
61	386
61	388
61	390
61	392
61	395
61	396
61	399
61	401
61	403
61	405
61	407
61	409
61	411
61	413
61	415
61	417
61	419
61	421
61	423
61	425
61	427
61	429
61	432
61	433
61	436
61	438
61	440
61	443
61	445
61	447
61	450
61	452
61	455
61	457
61	460
61	462
61	465
61	468
61	470
61	474
61	476
61	480
61	483
61	486
61	490
61	493
61	497
61	501
61	505
61	509
61	514
61	518
61	523
61	527
61	532
61	537
61	542
61	547
61	552
61	557
61	562
61	568
61	574
61	580
61	587
61	594
61	602
61	611
61	622
62	349
62	360
62	371
62	381
62	390
62	399
62	407
62	414
62	421
62	427
62	433
62	439
62	444
62	449
62	453
62	458
62	462
62	466
62	470
62	474
62	478
62	482
62	486
62	490
62	494
62	498
62	502
62	506
62	510
62	514
62	518
62	521
62	525
62	528
62	532
62	535
62	539
62	542
62	545
62	549
62	552
62	555
62	559
62	562
62	565
62	569
62	572
62	576
62	579
62	584
62	587
62	592
62	596
62	601
62	606
62	612
62	618
62	626
62	635
63	466
63	476
63	484
63	492
63	499
63	505
63	511
63	516
63	521
63	525
63	530
63	533
63	537
63	541
63	544
63	548
63	551
63	554
63	558
63	561
63	565
63	568
63	572
63	575
63	579
63	583
63	587
63	591
63	596
63	600
63	606
63	611
63	617
63	624
63	632
63	642
64	291
64	301
64	310
64	319
64	327
64	335
64	343
64	352
64	361
64	370
64	380
64	390
64	401
64	413
64	542
64	554
64	577
64	589
65	280
65	289
65	296
65	302
65	307
65	312
65	317
65	322
65	326
65	331
65	335
65	340
65	344
65	349
65	353
65	358
65	362
65	367
65	372
65	377
65	382
65	387
65	392
65	397
65	403
65	408
65	414
65	420
65	426
65	433
65	440
65	448
65	457
65	467
65	479
66	277
66	284
66	291
66	294
66	299
66	302
66	305
66	309
66	312
66	314
66	318
66	320
66	323
66	326
66	328
66	331
66	333
66	336
66	338
66	341
66	343
66	346
66	348
66	351
66	353
66	356
66	358
66	361
66	363
66	366
66	368
66	371
66	374
66	376
66	379
66	382
66	384
66	387
66	390
66	392
66	395
66	398
66	401
66	404
66	407
66	410
66	413
66	416
66	419
66	422
66	426
66	429
66	433
66	436
66	440
66	444
66	448
66	452
66	457
66	461
66	466
66	471
66	477
66	483
66	490
66	497
66	505
66	514
66	524
66	535
66	547
66	581
66	593
66	605
67	276
67	283
67	289
67	293
67	297
67	301
67	303
67	307
67	310
67	312
67	315
67	318
67	320
67	323
67	325
67	328
67	330
67	332
67	335
67	337
67	339
67	342
67	344
67	346
67	349
67	351
67	353
67	356
67	358
67	360
67	363
67	365
67	367
67	370
67	372
67	374
67	377
67	379
67	382
67	384
67	387
67	389
67	392
67	394
67	397
67	399
67	402
67	405
67	407
67	410
67	413
67	415
67	418
67	421
67	424
67	426
67	429
67	432
67	435
67	438
67	441
67	444
67	447
67	450
67	454
67	457
67	461
67	465
67	468
67	473
67	476
67	481
67	485
67	490
67	495
67	500
67	505
67	511
67	517
67	523
67	529
67	536
67	543
67	550
67	557
67	564
67	571
67	578
67	586
67	594
67	602
67	610
67	619
67	629
68	286
68	296
68	304
68	312
68	319
68	326
68	333
68	340
68	347
68	355
68	363
68	371
68	380
68	389
68	398
68	407
68	416
68	425
68	434
68	443
68	451
68	459
68	467
68	474
68	481
68	488
68	495
68	502
68	509
68	516
68	523
68	530
68	537
68	543
68	550
68	556
68	562
68	568
68	574
68	580
68	587
68	594
68	601
68	609
68	618
68	629
71	263
71	273
71	282
71	291
71	299
71	307
71	315
71	323
71	331
71	339
71	347
71	355
71	363
71	371
71	379
71	387
71	396
71	405
71	414
71	424
71	434
71	445
72	249
72	258
72	265
72	271
72	276
72	281
72	286
72	290
72	294
72	299
72	302
72	307
72	310
72	314
72	318
72	322
72	326
72	330
72	333
72	337
72	341
72	344
72	348
72	352
72	356
72	360
72	364
72	368
72	372
72	376
72	380
72	384
72	388
72	392
72	396
72	400
72	405
72	409
72	414
72	418
72	423
72	428
72	433
72	438
72	443
72	448
72	454
72	460
72	466
72	472
72	479
72	486
72	494
72	502
72	510
72	519
72	528
72	537
72	547
72	557
72	567
72	577
72	587
72	596
72	605
72	614
72	623
72	633
73	248
73	256
73	262
73	267
73	272
73	275
73	280
73	282
73	286
73	289
73	292
73	295
73	298
73	301
73	303
73	307
73	309
73	312
73	315
73	317
73	320
73	323
73	325
73	328
73	330
73	333
73	335
73	338
73	340
73	343
73	345
73	348
73	350
73	353
73	355
73	358
73	360
73	363
73	365
73	368
73	370
73	373
73	376
73	378
73	381
73	384
73	386
73	389
73	392
73	395
73	397
73	400
73	403
73	406
73	409
73	412
73	415
73	418
73	421
73	424
73	427
73	430
73	433
73	436
73	439
73	443
73	446
73	449
73	453
73	456
73	460
73	464
73	467
73	471
73	475
73	479
73	483
73	487
73	491
73	496
73	500
73	505
73	509
73	514
73	519
73	524
73	529
73	534
73	539
73	544
73	549
73	554
73	559
73	565
73	570
73	576
73	581
73	586
73	591
73	596
73	601
73	606
73	611
73	616
73	621
73	626
73	632
73	638
73	645
73	653
73	662
74	257
74	265
74	272
74	278
74	283
74	288
74	292
74	297
74	301
74	305
74	309
74	313
74	317
74	321
74	324
74	328
74	332
74	335
74	339
74	343
74	346
74	350
74	354
74	357
74	361
74	365
74	369
74	373
74	377
74	381
74	385
74	389
74	393
74	397
74	401
74	405
74	409
74	414
74	418
74	423
74	427
74	432
74	436
74	441
74	445
74	450
74	454
74	459
74	463
74	468
74	472
74	477
74	481
74	486
74	491
74	495
74	500
74	505
74	509
74	514
74	519
74	523
74	528
74	533
74	537
74	542
74	547
74	551
74	556
74	560
74	565
74	569
74	574
74	578
74	583
74	587
74	592
74	596
74	601
74	605
74	610
74	614
74	619
74	624
74	629
74	635
74	641
74	648
74	656
74	665
75	530
75	542
75	553
75	564
75	575
75	586
75	597
75	609
-1	-1
