-1	-1
8	336
8	349
8	361
8	373
8	385
8	397
8	409
8	422
8	435
8	448
8	460
8	472
8	483
8	494
8	506
9	377
9	389
9	400
9	411
9	422
9	432
9	442
9	452
9	462
9	472
9	482
9	492
9	502
9	512
9	523
9	534
9	547
10	312
10	324
10	335
10	345
10	355
10	365
10	375
10	385
10	395
10	406
10	416
10	426
10	435
10	443
10	451
10	459
10	467
10	475
10	483
10	491
10	499
10	507
10	515
10	524
10	533
10	542
10	551
10	560
10	570
10	580
10	591
11	290
11	301
11	310
11	319
11	328
11	336
11	344
11	352
11	360
11	368
11	376
11	384
11	392
11	400
11	408
11	416
11	423
11	430
11	437
11	443
11	449
11	455
11	461
11	467
11	473
11	479
11	484
11	490
11	495
11	501
11	506
11	512
11	517
11	523
11	529
11	535
11	541
11	547
11	554
11	561
11	568
11	575
11	583
11	591
11	600
11	610
12	279
12	289
12	297
12	304
12	311
12	317
12	323
12	329
12	335
12	340
12	346
12	351
12	356
12	361
12	366
12	371
12	377
12	382
12	388
12	394
12	400
12	405
12	411
12	416
12	422
12	428
12	433
12	439
12	444
12	450
12	455
12	461
12	466
12	471
12	476
12	481
12	486
12	491
12	495
12	500
12	505
12	509
12	514
12	519
12	524
12	529
12	535
12	540
12	546
12	552
12	558
12	564
12	570
12	577
12	584
12	592
12	600
12	609
12	620
13	279
13	289
13	297
13	304
13	310
13	315
13	321
13	325
13	330
13	335
13	340
13	345
13	350
13	354
13	359
13	364
13	369
13	374
13	379
13	384
13	389
13	394
13	399
13	405
13	410
13	416
13	421
13	427
13	432
13	438
13	444
13	450
13	456
13	462
13	468
13	474
13	480
13	486
13	492
13	498
13	504
13	510
13	516
13	522
13	529
13	536
13	543
13	551
13	559
13	567
13	576
13	586
13	597
14	290
14	300
14	309
14	317
14	324
14	330
14	336
14	342
14	348
14	354
14	360
14	366
14	372
14	378
14	385
14	392
14	399
14	406
14	413
14	420
14	428
14	436
14	444
14	453
14	462
14	471
14	480
14	489
14	498
14	507
14	517
14	527
14	538
14	549
14	562
15	309
15	320
15	330
15	340
15	349
15	358
15	367
15	376
15	385
15	394
15	404
15	414
15	424
15	435
15	447
15	481
15	494
15	506
15	518
15	531
16	342
16	354
16	365
16	376
16	388
16	403
16	448
16	462
16	476
16	488
16	500
16	512
16	523
16	534
16	546
16	558
16	570
17	446
17	458
17	470
17	481
17	492
17	503
17	514
17	524
17	534
17	544
17	554
17	564
17	574
17	584
17	594
17	606
18	469
18	481
18	492
18	502
18	511
18	520
18	528
18	536
18	543
18	550
18	557
18	564
18	571
18	578
18	585
18	593
18	601
18	610
18	620
19	446
19	458
19	470
19	481
19	491
19	500
19	509
19	517
19	524
19	531
19	537
19	543
19	549
19	554
19	559
19	564
19	569
19	574
19	579
19	584
19	589
19	594
19	599
19	605
19	611
19	618
19	626
19	635
19	645
20	407
20	420
20	433
20	445
20	456
20	467
20	478
20	488
20	497
20	505
20	512
20	518
20	523
20	529
20	533
20	538
20	542
20	546
20	550
20	554
20	558
20	562
20	565
20	569
20	573
20	576
20	580
20	584
20	587
20	591
20	595
20	599
20	603
20	607
20	612
20	617
20	622
20	628
20	635
20	642
20	651
20	662
21	366
21	378
21	389
21	400
21	411
21	422
21	433
21	443
21	453
21	463
21	472
21	481
21	489
21	496
21	503
21	509
21	514
21	520
21	524
21	529
21	533
21	537
21	541
21	545
21	549
21	553
21	557
21	561
21	565
21	569
21	572
21	576
21	580
21	583
21	587
21	591
21	595
21	599
21	603
21	607
21	612
21	616
21	621
21	626
21	632
21	638
21	645
21	653
21	663
22	349
22	360
22	370
22	380
22	389
22	398
22	407
22	416
22	425
22	433
22	441
22	449
22	457
22	464
22	471
22	478
22	485
22	491
22	497
22	502
22	507
22	512
22	517
22	521
22	526
22	530
22	534
22	539
22	543
22	547
22	551
22	555
22	559
22	563
22	567
22	571
22	575
22	579
22	583
22	587
22	592
22	596
22	601
22	606
22	611
22	616
22	621
22	627
22	633
22	640
22	648
22	657
22	669
23	308
23	319
23	330
23	340
23	349
23	357
23	365
23	372
23	379
23	385
23	391
23	397
23	403
23	409
23	415
23	421
23	427
23	433
23	439
23	444
23	450
23	455
23	460
23	465
23	470
23	475
23	480
23	485
23	490
23	494
23	499
23	503
23	508
23	512
23	517
23	521
23	526
23	530
23	535
23	539
23	544
23	548
23	553
23	558
23	563
23	568
23	573
23	578
23	583
23	588
23	594
23	599
23	605
23	611
23	618
23	625
23	633
23	642
23	652
24	281
24	292
24	301
24	309
24	317
24	324
24	331
24	338
24	345
24	351
24	357
24	362
24	367
24	372
24	377
24	381
24	385
24	390
24	393
24	398
24	401
24	406
24	409
24	414
24	417
24	422
24	425
24	430
24	433
24	437
24	441
24	444
24	448
24	451
24	455
24	458
24	462
24	465
24	469
24	472
24	475
24	479
24	482
24	485
24	489
24	492
24	496
24	499
24	503
24	506
24	510
24	514
24	518
24	522
24	526
24	530
24	535
24	539
24	544
24	548
24	553
24	558
24	563
24	568
24	573
24	578
24	583
24	588
24	594
24	599
24	605
24	611
24	618
24	625
24	633
24	642
24	653
25	272
25	282
25	291
25	299
25	305
25	311
25	317
25	322
25	327
25	332
25	337
25	342
25	347
25	352
25	357
25	362
25	367
25	371
25	376
25	380
25	384
25	388
25	392
25	395
25	399
25	402
25	406
25	409
25	413
25	416
25	420
25	423
25	427
25	430
25	434
25	437
25	441
25	443
25	447
25	450
25	453
25	456
25	459
25	462
25	465
25	468
25	471
25	473
25	477
25	479
25	482
25	485
25	488
25	491
25	494
25	497
25	500
25	504
25	507
25	510
25	514
25	517
25	521
25	525
25	529
25	533
25	537
25	541
25	545
25	549
25	554
25	558
25	563
25	567
25	572
25	576
25	581
25	586
25	591
25	596
25	601
25	607
25	613
25	619
25	626
25	634
25	643
25	653
26	286
26	296
26	304
26	311
26	317
26	323
26	329
26	334
26	339
26	344
26	349
26	354
26	359
26	364
26	369
26	374
26	379
26	384
26	389
26	393
26	398
26	402
26	407
26	411
26	415
26	419
26	423
26	427
26	431
26	435
26	439
26	442
26	446
26	449
26	453
26	456
26	460
26	463
26	466
26	470
26	473
26	476
26	480
26	483
26	486
26	490
26	493
26	497
26	500
26	504
26	507
26	511
26	515
26	519
26	523
26	527
26	531
26	535
26	539
26	543
26	547
26	551
26	555
26	559
26	563
26	567
26	571
26	575
26	579
26	583
26	587
26	591
26	595
26	599
26	604
26	608
26	614
26	619
26	625
26	631
26	638
26	646
26	656
27	307
27	317
27	326
27	334
27	342
27	350
27	358
27	365
27	372
27	379
27	386
27	393
27	400
27	407
27	414
27	420
27	426
27	432
27	438
27	443
27	448
27	453
27	458
27	463
27	468
27	473
27	478
27	483
27	488
27	493
27	498
27	503
27	508
27	513
27	518
27	523
27	528
27	533
27	538
27	543
27	547
27	552
27	556
27	560
27	564
27	568
27	572
27	576
27	580
27	583
27	587
27	590
27	594
27	597
27	601
27	605
27	609
27	613
27	618
27	623
27	628
27	634
27	640
27	647
27	655
27	665
28	319
28	330
28	340
28	350
28	360
28	370
28	379
28	388
28	397
28	406
28	415
28	424
28	432
28	440
28	447
28	454
28	461
28	468
28	475
28	482
28	488
28	494
28	500
28	506
28	512
28	517
28	522
28	527
28	532
28	536
28	541
28	545
28	550
28	554
28	558
28	562
28	566
28	570
28	574
28	578
28	582
28	585
28	589
28	593
28	596
28	600
28	604
28	608
28	612
28	617
28	621
28	627
28	632
28	638
28	645
28	653
28	663
29	349
29	362
29	377
29	410
29	422
29	433
29	443
29	452
29	461
29	469
29	477
29	485
29	493
29	500
29	507
29	513
29	519
29	524
29	530
29	535
29	540
29	545
29	550
29	555
29	560
29	565
29	570
29	575
29	580
29	585
29	590
29	596
29	601
29	607
29	613
29	619
29	626
29	634
29	643
29	654
30	440
30	451
30	462
30	472
30	481
30	489
30	496
30	503
30	509
30	515
30	520
30	526
30	531
30	536
30	541
30	546
30	552
30	557
30	563
30	569
30	575
30	582
30	589
30	596
30	604
30	612
30	621
30	631
31	436
31	447
31	457
31	467
31	476
31	484
31	492
31	499
31	505
31	511
31	516
31	521
31	526
31	531
31	537
31	542
31	548
31	554
31	560
31	567
31	575
31	583
31	592
31	602
31	615
32	438
32	449
32	459
32	468
32	476
32	484
32	491
32	498
32	504
32	510
32	516
32	522
32	528
32	535
32	542
32	550
32	559
32	569
32	581
33	440
33	452
33	463
33	472
33	480
33	487
33	493
33	499
33	505
33	511
33	517
33	523
33	529
33	536
33	543
33	551
33	559
33	569
33	583
34	402
34	414
34	425
34	436
34	447
34	457
34	465
34	472
34	479
34	485
34	491
34	497
34	503
34	509
34	515
34	521
34	527
34	534
34	541
34	549
34	558
34	568
35	391
35	402
35	413
35	423
35	433
35	442
35	451
35	459
35	466
35	472
35	477
35	482
35	486
35	491
35	495
35	499
35	504
35	508
35	513
35	517
35	522
35	527
35	533
35	539
35	546
35	553
35	561
35	570
35	583
36	357
36	369
36	380
36	390
36	400
36	409
36	418
36	426
36	434
36	442
36	449
36	456
36	462
36	468
36	473
36	477
36	482
36	485
36	490
36	493
36	497
36	501
36	504
36	508
36	512
36	516
36	520
36	524
36	528
36	533
36	538
36	543
36	549
36	556
36	563
36	571
36	581
37	336
37	347
37	357
37	366
37	375
37	383
37	391
37	399
37	406
37	413
37	420
37	427
37	434
37	440
37	446
37	452
37	457
37	462
37	466
37	471
37	475
37	480
37	484
37	489
37	493
37	498
37	502
37	507
37	512
37	517
37	523
37	529
37	536
37	543
37	551
37	561
38	332
38	343
38	353
38	362
38	370
38	378
38	385
38	392
38	398
38	404
38	410
38	416
38	422
38	427
38	433
38	438
38	443
38	448
38	452
38	457
38	461
38	464
38	468
38	472
38	475
38	479
38	482
38	486
38	489
38	493
38	497
38	501
38	505
38	509
38	514
38	518
38	523
38	528
38	534
38	540
38	547
38	555
38	564
38	575
39	348
39	359
39	369
39	378
39	386
39	393
39	400
39	405
39	411
39	416
39	421
39	425
39	430
39	434
39	438
39	442
39	446
39	450
39	454
39	458
39	462
39	466
39	470
39	474
39	478
39	482
39	485
39	489
39	493
39	497
39	501
39	505
39	509
39	513
39	517
39	522
39	526
39	531
39	536
39	542
39	548
39	555
39	563
39	572
39	584
40	346
40	357
40	367
40	376
40	384
40	391
40	398
40	404
40	410
40	415
40	420
40	424
40	429
40	432
40	437
40	440
40	444
40	447
40	451
40	454
40	458
40	461
40	465
40	468
40	472
40	476
40	479
40	484
40	487
40	492
40	496
40	501
40	506
40	511
40	516
40	522
40	528
40	535
40	543
40	552
40	563
41	341
41	352
41	361
41	369
41	376
41	382
41	388
41	393
41	399
41	404
41	410
41	415
41	420
41	425
41	430
41	434
41	439
41	443
41	447
41	451
41	454
41	458
41	461
41	465
41	468
41	472
41	475
41	479
41	483
41	487
41	491
41	495
41	499
41	504
41	509
41	514
41	520
41	526
41	533
41	541
41	550
41	564
42	338
42	349
42	358
42	365
42	372
42	377
42	382
42	387
42	391
42	396
42	400
42	404
42	408
42	412
42	416
42	420
42	424
42	428
42	432
42	437
42	441
42	446
42	450
42	455
42	459
42	464
42	468
42	473
42	477
42	482
42	487
42	492
42	497
42	503
42	509
42	515
42	522
42	529
42	537
42	546
43	329
43	340
43	349
43	358
43	366
43	373
43	380
43	386
43	392
43	397
43	402
43	406
43	411
43	415
43	419
43	423
43	427
43	431
43	435
43	439
43	443
43	447
43	452
43	456
43	461
43	466
43	471
43	477
43	483
43	489
43	496
43	503
43	511
43	520
43	530
44	321
44	331
44	339
44	346
44	352
44	358
44	364
44	370
44	376
44	382
44	388
44	394
44	400
44	406
44	411
44	417
44	422
44	427
44	432
44	437
44	442
44	447
44	452
44	457
44	462
44	467
44	473
44	479
44	486
44	493
44	501
44	510
44	520
45	318
45	328
45	335
45	341
45	346
45	351
45	355
45	360
45	363
45	368
45	371
45	375
45	379
45	383
45	387
45	391
45	395
45	399
45	403
45	407
45	411
45	416
45	420
45	425
45	430
45	435
45	440
45	445
45	451
45	457
45	463
45	469
45	476
45	483
45	490
45	498
45	506
45	515
45	525
46	311
46	322
46	331
46	339
46	345
46	351
46	356
46	361
46	365
46	370
46	373
46	378
46	381
46	385
46	389
46	392
46	396
46	399
46	403
46	406
46	410
46	413
46	417
46	421
46	425
46	429
46	433
46	437
46	441
46	446
46	450
46	455
46	460
46	466
46	472
46	478
46	485
46	492
46	500
46	509
46	518
46	529
47	302
47	312
47	321
47	330
47	338
47	346
47	354
47	361
47	368
47	375
47	382
47	388
47	394
47	400
47	405
47	410
47	415
47	420
47	424
47	429
47	433
47	438
47	442
47	447
47	451
47	456
47	461
47	466
47	472
47	478
47	484
47	491
47	498
47	506
47	516
48	298
48	307
48	314
48	321
48	327
48	333
48	338
48	344
48	349
48	355
48	360
48	366
48	371
48	377
48	383
48	389
48	395
48	401
48	407
48	413
48	419
48	425
48	431
48	437
48	443
48	449
48	455
48	461
48	467
48	473
48	479
48	486
48	493
48	501
48	509
48	518
48	529
49	293
49	302
49	309
49	314
49	320
49	323
49	328
49	332
49	335
49	339
49	343
49	346
49	350
49	353
49	357
49	360
49	364
49	367
49	371
49	374
49	378
49	381
49	385
49	389
49	393
49	397
49	401
49	405
49	409
49	414
49	418
49	423
49	428
49	433
49	438
49	444
49	450
49	456
49	462
49	468
49	475
49	482
49	489
49	496
49	504
49	513
49	523
49	534
50	293
50	303
50	311
50	318
50	323
50	328
50	332
50	337
50	341
50	344
50	348
50	352
50	355
50	359
50	362
50	365
50	368
50	371
50	374
50	377
50	380
50	383
50	386
50	389
50	392
50	395
50	398
50	401
50	404
50	407
50	410
50	413
50	416
50	419
50	422
50	426
50	428
50	432
50	435
50	439
50	442
50	446
50	450
50	454
50	458
50	463
50	467
50	472
50	477
50	483
50	489
50	495
50	502
50	509
50	517
50	526
50	537
51	290
51	301
51	311
51	321
51	330
51	339
51	347
51	354
51	361
51	367
51	373
51	379
51	383
51	388
51	392
51	396
51	400
51	403
51	407
51	410
51	413
51	416
51	419
51	422
51	425
51	428
51	431
51	434
51	437
51	440
51	443
51	446
51	449
51	452
51	455
51	458
51	461
51	465
51	467
51	471
51	475
51	478
51	482
51	486
51	490
51	495
51	500
51	505
51	511
51	517
51	524
51	532
51	542
52	283
52	293
52	302
52	310
52	318
52	325
52	332
52	339
52	346
52	354
52	362
52	370
52	378
52	386
52	393
52	400
52	406
52	412
52	417
52	422
52	425
52	430
52	433
52	437
52	440
52	443
52	446
52	449
52	452
52	455
52	458
52	461
52	464
52	467
52	470
52	473
52	476
52	479
52	482
52	485
52	488
52	492
52	495
52	499
52	503
52	507
52	511
52	516
52	521
52	527
52	533
52	540
52	548
52	557
53	277
53	285
53	292
53	298
53	303
53	308
53	313
53	317
53	322
53	326
53	331
53	335
53	339
53	344
53	348
53	353
53	357
53	362
53	366
53	371
53	376
53	381
53	386
53	391
53	397
53	403
53	409
53	415
53	421
53	428
53	434
53	440
53	445
53	451
53	455
53	460
53	464
53	468
53	472
53	476
53	480
53	484
53	488
53	492
53	496
53	500
53	504
53	508
53	513
53	518
53	523
53	528
53	534
53	541
53	548
53	557
53	568
54	269
54	279
54	286
54	292
54	296
54	301
54	304
54	308
54	312
54	314
54	318
54	321
54	323
54	327
54	329
54	332
54	335
54	337
54	340
54	343
54	345
54	348
54	351
54	353
54	356
54	358
54	361
54	364
54	366
54	369
54	372
54	374
54	377
54	380
54	382
54	385
54	388
54	391
54	394
54	397
54	400
54	403
54	406
54	409
54	413
54	416
54	420
54	424
54	428
54	432
54	437
54	441
54	446
54	451
54	456
54	462
54	468
54	474
54	480
54	486
54	492
54	498
54	505
54	512
54	520
54	528
54	537
54	548
55	268
55	278
55	287
55	294
55	301
55	307
55	312
55	317
55	321
55	325
55	329
55	332
55	335
55	339
55	341
55	344
55	347
55	349
55	352
55	354
55	357
55	359
55	361
55	363
55	366
55	368
55	370
55	372
55	374
55	376
55	378
55	380
55	382
55	384
55	386
55	388
55	390
55	392
55	394
55	396
55	398
55	400
55	402
55	404
55	406
55	408
55	410
55	413
55	415
55	417
55	419
55	422
55	424
55	426
55	429
55	431
55	434
55	436
55	439
55	442
55	445
55	447
55	451
55	454
55	457
55	460
55	464
55	467
55	471
55	475
55	479
55	484
55	488
55	493
55	498
55	504
55	510
55	517
55	525
55	534
55	545
56	321
56	332
56	341
56	349
56	355
56	361
56	365
56	370
56	373
56	377
56	381
56	383
56	387
56	390
56	392
56	395
56	398
56	400
56	402
56	405
56	407
56	409
56	412
56	413
56	416
56	418
56	420
56	422
56	424
56	426
56	429
56	430
56	433
56	435
56	437
56	439
56	441
56	444
56	445
56	448
56	450
56	452
56	455
56	456
56	459
56	461
56	464
56	466
56	468
56	471
56	474
56	476
56	479
56	482
56	485
56	487
56	491
56	494
56	497
56	500
56	504
56	507
56	511
56	515
56	519
56	524
56	529
56	535
56	541
56	548
56	556
56	565
56	576
57	311
57	323
57	336
57	379
57	389
57	398
57	404
57	410
57	414
57	419
57	422
57	426
57	430
57	432
57	436
57	439
57	442
57	444
57	447
57	450
57	452
57	454
57	457
57	459
57	462
57	463
57	466
57	468
57	471
57	472
57	475
57	477
57	479
57	482
57	484
57	486
57	489
57	491
57	493
57	496
57	498
57	500
57	503
57	506
57	508
57	511
57	514
57	517
57	520
57	523
57	527
57	530
57	534
57	538
57	542
57	547
57	552
57	557
57	563
57	570
57	578
57	587
58	290
58	300
58	308
58	315
58	322
58	329
58	336
58	343
58	350
58	357
58	365
58	373
58	381
58	390
58	400
58	411
58	422
58	432
58	440
58	447
58	453
58	458
58	462
58	466
58	470
58	473
58	477
58	480
58	483
58	486
58	489
58	492
58	494
58	497
58	500
58	502
58	505
58	508
58	510
58	514
58	516
58	519
58	523
58	525
58	529
58	532
58	536
58	539
58	544
58	548
58	553
58	558
58	564
58	570
58	577
58	586
59	281
59	290
59	297
59	302
59	307
59	312
59	316
59	320
59	324
59	328
59	331
59	335
59	338
59	342
59	345
59	349
59	352
59	356
59	359
59	363
59	367
59	371
59	375
59	379
59	384
59	388
59	393
59	398
59	403
59	408
59	414
59	420
59	427
59	435
59	443
59	452
59	462
59	471
59	479
59	487
59	494
59	501
59	507
59	514
59	521
59	528
59	536
59	545
59	555
59	566
60	281
60	290
60	297
60	302
60	306
60	311
60	313
60	317
60	320
60	322
60	325
60	328
60	331
60	333
60	335
60	338
60	341
60	342
60	345
60	347
60	350
60	352
60	354
60	357
60	359
60	361
60	364
60	366
60	368
60	371
60	373
60	375
60	378
60	380
60	383
60	385
60	388
60	390
60	393
60	396
60	398
60	401
60	404
60	407
60	410
60	413
60	416
60	419
60	423
60	426
60	430
60	434
60	438
60	443
60	447
60	452
60	457
60	463
60	469
60	476
60	484
60	492
60	501
60	511
60	521
60	532
60	544
61	291
61	301
61	309
61	315
61	321
61	325
61	330
61	333
61	337
61	341
61	343
61	347
61	350
61	352
61	355
61	358
61	361
61	363
61	366
61	368
61	371
61	373
61	376
61	378
61	381
61	383
61	385
61	388
61	390
61	392
61	395
61	397
61	399
61	402
61	404
61	406
61	409
61	411
61	414
61	416
61	419
61	421
61	424
61	426
61	429
61	432
61	435
61	437
61	440
61	444
61	446
61	450
61	453
61	457
61	460
61	464
61	468
61	472
61	476
61	481
61	486
61	491
61	496
61	501
61	507
61	513
61	519
61	525
61	531
61	537
61	544
61	551
61	558
61	565
61	573
61	582
61	592
62	352
62	363
62	372
62	380
62	387
62	393
62	399
62	404
62	409
62	413
62	418
62	422
62	426
62	430
62	434
62	438
62	441
62	445
62	449
62	452
62	456
62	460
62	463
62	467
62	471
62	474
62	478
62	482
62	486
62	490
62	494
62	498
62	502
62	506
62	510
62	514
62	518
62	522
62	526
62	530
62	533
62	537
62	541
62	545
62	549
62	553
62	557
62	561
62	565
62	569
62	574
62	579
62	584
62	590
62	596
62	603
62	611
62	621
63	279
63	290
63	300
63	310
63	321
63	436
63	446
63	455
63	463
63	470
63	476
63	482
63	487
63	492
63	496
63	501
63	504
63	509
63	512
63	516
63	519
63	522
63	525
63	528
63	531
63	534
63	537
63	540
63	543
63	546
63	549
63	552
63	555
63	558
63	561
63	565
63	568
63	572
63	576
63	580
63	585
63	589
63	595
63	600
63	607
63	614
63	623
63	634
64	267
64	276
64	283
64	290
64	296
64	302
64	308
64	314
64	320
64	326
64	333
64	340
64	347
64	355
64	364
64	374
64	385
64	490
64	500
64	509
64	516
64	522
64	527
64	532
64	537
64	542
64	547
64	552
64	557
64	563
64	569
64	576
64	583
64	591
64	601
65	257
65	265
65	272
65	276
65	281
65	284
65	289
65	292
65	295
65	299
65	302
65	305
65	309
65	311
65	315
65	318
65	321
65	325
65	328
65	331
65	335
65	338
65	342
65	346
65	349
65	354
65	357
65	362
65	366
65	371
65	376
65	381
65	386
65	392
65	398
65	405
65	412
65	420
65	429
65	439
65	450
66	247
66	255
66	262
66	266
66	271
66	273
66	278
66	281
66	282
66	286
66	289
66	291
66	293
66	296
66	298
66	300
66	302
66	304
66	307
66	308
66	311
66	313
66	315
66	317
66	319
66	321
66	323
66	325
66	327
66	329
66	331
66	334
66	335
66	338
66	340
66	342
66	345
66	346
66	349
66	351
66	354
66	356
66	358
66	361
66	363
66	366
66	368
66	371
66	374
66	376
66	379
66	382
66	385
66	388
66	391
66	394
66	397
66	401
66	404
66	408
66	412
66	416
66	420
66	425
66	429
66	434
66	439
66	444
66	450
66	456
66	462
66	469
66	476
66	484
66	493
66	503
66	515
67	242
67	251
67	259
67	264
67	270
67	273
67	278
67	281
67	284
67	288
67	291
67	293
67	297
67	299
67	302
67	305
67	307
67	310
67	313
67	315
67	318
67	321
67	323
67	326
67	329
67	331
67	334
67	337
67	339
67	342
67	345
67	347
67	350
67	353
67	355
67	358
67	361
67	363
67	366
67	369
67	371
67	375
67	377
67	380
67	383
67	386
67	389
67	392
67	395
67	398
67	401
67	404
67	407
67	410
67	414
67	417
67	420
67	424
67	427
67	431
67	434
67	438
67	441
67	445
67	449
67	453
67	457
67	461
67	465
67	469
67	474
67	478
67	483
67	488
67	494
67	500
67	506
67	513
67	520
67	527
67	535
67	543
67	551
67	559
67	567
67	575
67	583
67	591
67	599
67	608
67	619
68	262
68	273
68	284
68	295
68	368
68	379
68	389
68	399
68	408
68	416
68	423
68	430
68	436
68	442
68	448
68	454
68	459
68	464
68	469
68	474
68	479
68	484
68	489
68	494
68	499
68	504
68	509
68	515
68	520
68	526
68	532
68	538
68	544
68	550
68	556
68	561
68	567
68	572
68	578
68	584
68	590
68	597
68	604
68	612
68	621
69	487
69	498
69	508
69	518
69	527
69	536
69	545
69	554
69	563
69	572
69	582
69	593
71	236
71	247
71	256
71	265
71	273
71	281
71	288
71	295
71	302
71	309
71	316
71	324
71	332
71	340
71	348
71	357
71	366
71	375
71	385
71	395
71	406
72	217
72	226
72	233
72	240
72	246
72	252
72	257
72	262
72	266
72	271
72	274
72	279
72	282
72	286
72	290
72	293
72	297
72	301
72	304
72	308
72	312
72	315
72	319
72	323
72	326
72	330
72	334
72	338
72	342
72	346
72	350
72	354
72	358
72	362
72	367
72	371
72	376
72	380
72	385
72	390
72	395
72	400
72	406
72	411
72	417
72	423
72	429
72	436
72	443
72	450
72	458
72	466
72	475
72	485
72	495
72	507
73	216
73	224
73	231
73	236
73	241
73	245
73	250
73	253
73	257
73	261
73	263
73	267
73	270
73	273
73	276
73	279
73	282
73	284
73	287
73	290
73	292
73	295
73	298
73	300
73	303
73	306
73	308
73	311
73	314
73	316
73	319
73	322
73	324
73	327
73	330
73	333
73	335
73	338
73	341
73	344
73	347
73	350
73	353
73	356
73	359
73	362
73	365
73	368
73	371
73	374
73	377
73	380
73	384
73	387
73	390
73	394
73	397
73	401
73	404
73	408
73	411
73	415
73	419
73	423
73	427
73	431
73	435
73	439
73	443
73	447
73	452
73	456
73	461
73	466
73	471
73	476
73	481
73	486
73	492
73	498
73	504
73	510
73	517
73	524
73	531
73	538
73	545
73	552
73	559
73	566
73	573
73	580
73	587
73	594
73	601
73	609
73	618
73	629
74	227
74	235
74	242
74	248
74	253
74	258
74	263
74	267
74	272
74	276
74	280
74	284
74	288
74	292
74	296
74	300
74	305
74	309
74	314
74	318
74	323
74	327
74	332
74	337
74	342
74	347
74	352
74	357
74	362
74	367
74	372
74	377
74	382
74	387
74	392
74	397
74	402
74	407
74	412
74	417
74	422
74	427
74	432
74	437
74	442
74	447
74	452
74	457
74	462
74	467
74	472
74	477
74	482
74	487
74	492
74	497
74	502
74	508
74	513
74	519
74	525
74	531
74	537
74	543
74	549
74	555
74	561
74	567
74	573
74	578
74	584
74	590
74	596
74	602
74	609
74	616
74	625
74	635
75	512
75	525
75	537
75	548
75	559
75	570
75	582
-1	-1
