-1	-1
7	253
7	264
7	274
7	284
7	294
7	305
7	316
7	328
7	343
7	377
7	390
7	402
7	414
7	425
7	437
7	449
7	461
7	473
7	484
7	495
7	507
8	247
8	258
8	268
8	277
8	286
8	295
8	304
8	313
8	323
8	333
8	343
8	354
8	365
8	376
8	386
8	396
8	406
8	416
8	425
8	434
8	443
8	452
8	461
8	470
8	479
8	488
8	498
8	508
8	519
8	531
9	246
9	257
9	267
9	277
9	287
9	298
9	310
9	322
9	334
9	345
9	356
9	367
9	377
9	387
9	396
9	405
9	413
9	421
9	429
9	436
9	443
9	450
9	457
9	464
9	472
9	480
9	488
9	497
9	506
9	516
9	526
9	537
10	241
10	251
10	260
10	269
10	277
10	285
10	293
10	301
10	309
10	317
10	325
10	333
10	341
10	349
10	357
10	364
10	371
10	378
10	385
10	391
10	397
10	403
10	409
10	415
10	421
10	426
10	432
10	437
10	443
10	449
10	455
10	461
10	468
10	475
10	482
10	490
10	498
10	507
10	517
10	528
11	238
11	248
11	256
11	264
11	271
11	278
11	285
11	292
11	298
11	305
11	311
11	318
11	324
11	330
11	336
11	342
11	348
11	354
11	360
11	365
11	371
11	376
11	381
11	386
11	391
11	395
11	400
11	404
11	409
11	413
11	418
11	422
11	427
11	432
11	437
11	442
11	447
11	452
11	458
11	464
11	470
11	476
11	483
11	490
11	497
11	505
11	514
11	524
12	233
12	243
12	251
12	258
12	264
12	270
12	276
12	281
12	286
12	291
12	296
12	301
12	305
12	310
12	314
12	319
12	323
12	328
12	332
12	337
12	341
12	346
12	350
12	354
12	358
12	362
12	366
12	370
12	374
12	378
12	382
12	386
12	390
12	393
12	397
12	401
12	405
12	409
12	413
12	417
12	421
12	425
12	429
12	434
12	438
12	443
12	448
12	453
12	458
12	463
12	468
12	474
12	480
12	487
12	494
12	502
12	511
12	522
13	241
13	251
13	260
13	268
13	275
13	281
13	287
13	292
13	297
13	302
13	306
13	311
13	315
13	319
13	323
13	327
13	331
13	335
13	339
13	343
13	347
13	351
13	355
13	359
13	363
13	367
13	371
13	375
13	379
13	384
13	388
13	393
13	398
13	403
13	408
13	413
13	418
13	423
13	428
13	433
13	438
13	443
13	448
13	453
13	459
13	465
13	471
13	477
13	484
13	492
13	501
13	511
14	243
14	254
14	264
14	273
14	281
14	289
14	296
14	303
14	310
14	316
14	322
14	328
14	334
14	340
14	346
14	352
14	358
14	364
14	370
14	376
14	383
14	390
14	397
14	404
14	411
14	418
14	425
14	432
14	439
14	446
14	453
14	460
14	468
14	476
14	485
14	495
15	223
15	233
15	242
15	250
15	258
15	266
15	274
15	282
15	290
15	298
15	306
15	314
15	322
15	330
15	338
15	346
15	354
15	362
15	370
15	378
15	386
15	394
15	402
15	410
15	418
15	426
15	434
15	442
15	451
15	460
15	470
15	481
16	217
16	227
16	235
16	242
16	249
16	256
16	262
16	269
16	275
16	281
16	287
16	293
16	299
16	305
16	311
16	317
16	323
16	329
16	335
16	341
16	347
16	353
16	359
16	365
16	371
16	378
16	384
16	391
16	398
16	405
16	412
16	419
16	426
16	433
16	441
16	449
16	457
16	465
16	474
16	483
16	493
16	504
17	226
17	236
17	245
17	254
17	262
17	270
17	277
17	284
17	291
17	297
17	303
17	309
17	315
17	321
17	327
17	333
17	339
17	345
17	351
17	357
17	363
17	369
17	375
17	381
17	387
17	393
17	400
17	407
17	414
17	421
17	428
17	435
17	443
17	451
17	459
17	468
17	477
17	486
17	496
17	507
18	229
18	240
18	249
18	258
18	266
18	274
18	281
18	288
18	295
18	302
18	309
18	315
18	321
18	327
18	333
18	339
18	345
18	351
18	357
18	363
18	369
18	375
18	381
18	387
18	393
18	399
18	406
18	413
18	420
18	427
18	434
18	441
18	448
18	456
18	464
18	472
18	480
18	488
18	497
18	506
18	516
18	526
18	538
19	221
19	232
19	241
19	249
19	256
19	263
19	269
19	274
19	280
19	285
19	290
19	295
19	300
19	304
19	309
19	313
19	318
19	322
19	327
19	331
19	335
19	340
19	344
19	348
19	352
19	356
19	360
19	364
19	368
19	372
19	376
19	380
19	384
19	388
19	393
19	397
19	402
19	406
19	411
19	415
19	420
19	425
19	430
19	435
19	440
19	446
19	451
19	457
19	463
19	469
19	475
19	482
19	489
19	496
19	503
19	511
19	519
19	527
19	536
19	546
20	198
20	208
20	216
20	223
20	230
20	236
20	241
20	246
20	251
20	255
20	260
20	263
20	267
20	271
20	274
20	278
20	281
20	284
20	288
20	290
20	294
20	297
20	300
20	303
20	306
20	309
20	312
20	315
20	318
20	321
20	324
20	327
20	330
20	333
20	336
20	339
20	342
20	345
20	348
20	351
20	354
20	357
20	360
20	363
20	366
20	369
20	372
20	375
20	378
20	381
20	384
20	387
20	390
20	393
20	396
20	399
20	402
20	405
20	408
20	411
20	414
20	417
20	420
20	423
20	426
20	429
20	433
20	436
20	439
20	443
20	446
20	450
20	453
20	457
20	461
20	465
20	469
20	473
20	477
20	481
20	485
20	489
20	494
20	498
20	503
20	508
20	513
20	518
20	524
20	530
20	537
20	544
20	552
20	561
20	571
21	188
21	198
21	206
21	213
21	219
21	224
21	229
21	233
21	237
21	241
21	244
21	248
21	251
21	253
21	257
21	259
21	262
21	265
21	267
21	270
21	272
21	275
21	277
21	280
21	282
21	284
21	287
21	289
21	291
21	294
21	296
21	298
21	301
21	302
21	305
21	307
21	309
21	311
21	314
21	315
21	318
21	320
21	322
21	324
21	327
21	329
21	331
21	333
21	336
21	338
21	340
21	342
21	345
21	347
21	349
21	351
21	354
21	356
21	358
21	360
21	363
21	365
21	367
21	369
21	372
21	373
21	376
21	378
21	380
21	382
21	384
21	387
21	388
21	391
21	393
21	395
21	397
21	399
21	401
21	403
21	405
21	407
21	409
21	412
21	413
21	416
21	418
21	420
21	422
21	425
21	427
21	429
21	431
21	434
21	436
21	438
21	441
21	443
21	446
21	448
21	450
21	453
21	456
21	458
21	461
21	464
21	466
21	469
21	472
21	474
21	477
21	480
21	483
21	486
21	489
21	492
21	495
21	498
21	502
21	505
21	509
21	512
21	516
21	520
21	524
21	528
21	533
21	538
21	543
21	548
21	554
21	560
21	567
21	575
21	584
21	594
22	199
22	209
22	217
22	223
22	229
22	233
22	238
22	241
22	245
22	249
22	252
22	255
22	259
22	262
22	265
22	268
22	272
22	274
22	278
22	281
22	284
22	288
22	291
22	294
22	298
22	301
22	305
22	308
22	312
22	315
22	319
22	322
22	326
22	329
22	333
22	336
22	340
22	343
22	347
22	350
22	353
22	357
22	360
22	363
22	367
22	370
22	373
22	376
22	379
22	382
22	385
22	388
22	391
22	394
22	397
22	400
22	403
22	406
22	409
22	412
22	415
22	418
22	421
22	424
22	427
22	430
22	433
22	436
22	439
22	442
22	445
22	448
22	451
22	454
22	457
22	460
22	463
22	465
22	469
22	471
22	474
22	477
22	480
22	483
22	486
22	489
22	492
22	495
22	498
22	502
22	505
22	509
22	512
22	516
22	520
22	524
22	528
22	533
22	537
22	542
22	547
22	553
22	559
22	566
22	574
22	583
22	593
23	220
23	230
23	238
23	245
23	252
23	259
23	265
23	271
23	277
23	284
23	290
23	297
23	304
23	311
23	318
23	325
23	332
23	339
23	346
23	353
23	360
23	367
23	374
23	380
23	386
23	392
23	398
23	403
23	408
23	413
23	418
23	422
23	427
23	431
23	435
23	439
23	443
23	446
23	450
23	453
23	457
23	460
23	464
23	467
23	471
23	474
23	478
23	481
23	485
23	488
23	492
23	496
23	500
23	504
23	508
23	512
23	517
23	521
23	526
23	531
23	536
23	542
23	548
23	555
23	563
23	571
23	581
23	593
24	258
24	270
24	282
24	294
24	306
24	318
24	330
24	341
24	352
24	363
24	373
24	382
24	390
24	398
24	405
24	412
24	418
24	424
24	430
24	435
24	440
24	445
24	450
24	455
24	460
24	464
24	469
24	473
24	478
24	482
24	487
24	492
24	497
24	502
24	507
24	512
24	517
24	523
24	528
24	534
24	540
24	547
24	555
24	563
24	573
24	584
25	411
25	422
25	432
25	441
25	449
25	456
25	463
25	470
25	476
25	482
25	488
25	495
25	501
25	507
25	513
25	519
25	525
25	531
25	538
25	545
25	553
25	561
25	570
25	580
26	421
26	432
26	442
26	451
26	459
26	467
26	474
26	481
26	488
26	495
26	502
26	509
26	515
26	521
26	527
26	533
26	539
26	545
26	552
26	559
26	567
26	576
26	586
27	450
27	461
27	471
27	480
27	488
27	496
27	503
27	510
27	517
27	523
27	530
27	536
27	543
27	550
27	557
27	565
27	574
27	584
27	596
28	462
28	472
28	481
28	489
28	496
28	503
28	510
28	517
28	524
28	530
28	537
28	544
28	551
28	558
28	566
28	575
28	585
28	597
29	456
29	466
29	474
29	481
29	487
29	493
29	499
29	504
29	510
29	515
29	521
29	527
29	533
29	539
29	546
29	553
29	561
29	569
29	578
29	589
30	437
30	448
30	457
30	465
30	472
30	478
30	484
30	490
30	496
30	502
30	508
30	514
30	520
30	527
30	534
30	542
30	550
30	559
30	569
30	580
31	422
31	433
31	443
31	452
31	460
31	468
31	475
31	482
31	488
31	494
31	500
31	507
31	514
31	521
31	529
31	538
31	548
31	558
31	569
32	438
32	448
32	457
32	464
32	471
32	477
32	483
32	488
32	494
32	499
32	505
32	511
32	518
32	525
32	533
32	542
32	551
32	561
32	572
32	585
33	426
33	437
33	445
33	452
33	458
33	463
33	468
33	472
33	477
33	481
33	486
33	490
33	495
33	500
33	505
33	511
33	517
33	524
33	531
33	539
33	549
33	560
33	574
34	407
34	418
34	428
34	437
34	444
34	451
34	457
34	463
34	468
34	474
34	479
34	485
34	491
34	497
34	504
34	511
34	519
34	528
34	539
35	401
35	412
35	421
35	429
35	437
35	444
35	451
35	458
35	464
35	471
35	478
35	485
35	492
35	499
35	507
35	516
35	527
36	391
36	402
36	411
36	419
36	425
36	431
36	436
36	441
36	446
36	451
36	455
36	460
36	464
36	468
36	473
36	477
36	482
36	486
36	491
36	496
36	502
36	508
36	515
36	523
36	532
36	543
37	378
37	389
37	398
37	406
37	412
37	418
37	422
37	427
37	431
37	434
37	438
37	441
37	444
37	448
37	451
37	453
37	457
37	460
37	463
37	466
37	469
37	472
37	476
37	479
37	483
37	486
37	490
37	494
37	498
37	503
37	508
37	514
37	520
37	527
37	535
37	545
38	378
38	389
38	398
38	406
38	413
38	419
38	424
38	429
38	433
38	437
38	441
38	445
38	449
38	453
38	457
38	461
38	465
38	469
38	474
38	478
38	483
38	488
38	493
38	499
38	505
38	512
38	520
38	529
38	540
39	369
39	380
39	389
39	397
39	404
39	411
39	418
39	425
39	432
39	439
39	446
39	453
39	460
39	467
39	475
39	483
39	491
39	500
39	509
39	520
40	357
40	367
40	376
40	383
40	390
40	395
40	401
40	405
40	410
40	414
40	419
40	423
40	428
40	432
40	437
40	441
40	446
40	450
40	455
40	459
40	464
40	469
40	474
40	479
40	485
40	491
40	497
40	504
40	512
40	521
40	532
41	339
41	350
41	360
41	368
41	375
41	381
41	386
41	391
41	395
41	400
41	403
41	407
41	411
41	413
41	417
41	420
41	423
41	426
41	429
41	432
41	435
41	438
41	441
41	445
41	447
41	451
41	454
41	458
41	461
41	465
41	469
41	473
41	477
41	482
41	487
41	492
41	498
41	505
41	513
41	522
42	310
42	321
42	331
42	341
42	350
42	358
42	366
42	373
42	380
42	386
42	392
42	398
42	403
42	408
42	413
42	418
42	422
42	427
42	431
42	436
42	441
42	446
42	451
42	457
42	463
42	469
42	476
42	484
42	493
42	504
43	290
43	301
43	310
43	319
43	327
43	334
43	341
43	348
43	354
43	360
43	366
43	372
43	378
43	384
43	390
43	396
43	402
43	408
43	414
43	421
43	428
43	435
43	443
43	451
43	459
43	468
43	478
44	277
44	287
44	295
44	302
44	309
44	315
44	321
44	326
44	331
44	336
44	341
44	345
44	350
44	353
44	358
44	361
44	365
44	369
44	372
44	376
44	379
44	383
44	386
44	390
44	393
44	397
44	400
44	404
44	407
44	411
44	415
44	419
44	423
44	427
44	431
44	435
44	439
44	444
44	448
44	453
44	458
44	463
44	469
44	475
44	482
44	489
44	497
44	507
45	270
45	280
45	289
45	297
45	303
45	309
45	314
45	320
45	324
45	329
45	332
45	337
45	340
45	343
45	347
45	350
45	353
45	356
45	359
45	362
45	364
45	367
45	370
45	372
45	375
45	377
45	380
45	382
45	385
45	387
45	390
45	392
45	395
45	397
45	400
45	402
45	405
45	407
45	410
45	412
45	415
45	418
45	420
45	423
45	426
45	428
45	432
45	434
45	438
45	440
45	444
45	447
45	450
45	454
45	457
45	461
45	465
45	469
45	474
45	479
45	485
45	491
45	498
45	506
45	516
46	262
46	273
46	283
46	292
46	301
46	309
46	317
46	324
46	331
46	337
46	343
46	349
46	354
46	359
46	364
46	369
46	373
46	378
46	382
46	387
46	391
46	396
46	400
46	405
46	409
46	414
46	418
46	423
46	428
46	433
46	438
46	443
46	449
46	455
46	461
46	468
46	476
46	484
46	494
47	251
47	261
47	270
47	278
47	285
47	292
47	298
47	304
47	310
47	316
47	322
47	328
47	334
47	340
47	346
47	352
47	358
47	364
47	371
47	377
47	384
47	391
47	398
47	405
47	412
47	420
47	428
47	436
47	444
47	452
47	460
47	468
47	477
47	486
47	497
48	240
48	250
48	258
48	264
48	270
48	274
48	279
48	283
48	287
48	291
48	295
48	299
48	302
48	306
48	309
48	313
48	316
48	320
48	323
48	326
48	330
48	333
48	336
48	340
48	343
48	346
48	350
48	353
48	357
48	360
48	364
48	367
48	371
48	374
48	378
48	381
48	385
48	388
48	392
48	396
48	400
48	404
48	408
48	412
48	416
48	420
48	424
48	428
48	432
48	436
48	440
48	445
48	449
48	454
48	458
48	463
48	467
48	472
48	477
48	482
48	487
48	493
48	499
48	506
48	514
48	523
48	535
49	237
49	245
49	252
49	257
49	262
49	265
49	270
49	272
49	276
49	279
49	282
49	284
49	287
49	290
49	292
49	294
49	297
49	299
49	301
49	303
49	305
49	307
49	310
49	311
49	313
49	315
49	317
49	319
49	321
49	323
49	325
49	327
49	329
49	331
49	332
49	335
49	336
49	338
49	340
49	342
49	344
49	345
49	348
49	349
49	351
49	353
49	355
49	357
49	358
49	361
49	362
49	364
49	366
49	368
49	370
49	372
49	374
49	376
49	378
49	380
49	382
49	384
49	386
49	388
49	390
49	392
49	394
49	396
49	398
49	400
49	402
49	404
49	406
49	408
49	410
49	412
49	415
49	416
49	419
49	421
49	423
49	425
49	428
49	429
49	432
49	434
49	436
49	439
49	441
49	443
49	446
49	448
49	450
49	453
49	455
49	458
49	460
49	463
49	466
49	468
49	471
49	475
49	477
49	481
49	485
49	488
49	492
49	496
49	501
49	506
49	512
49	518
49	525
49	534
49	545
50	232
50	241
50	249
50	254
50	260
50	263
50	268
50	271
50	274
50	277
50	280
50	282
50	285
50	288
50	290
50	292
50	294
50	297
50	299
50	301
50	303
50	305
50	307
50	309
50	311
50	312
50	314
50	316
50	318
50	320
50	321
50	323
50	325
50	326
50	328
50	330
50	332
50	333
50	334
50	337
50	338
50	340
50	341
50	343
50	344
50	346
50	348
50	349
50	351
50	352
50	354
50	355
50	357
50	359
50	360
50	361
50	363
50	365
50	366
50	368
50	369
50	371
50	372
50	374
50	375
50	377
50	379
50	380
50	381
50	383
50	385
50	386
50	388
50	389
50	391
50	393
50	394
50	396
50	397
50	399
50	401
50	402
50	404
50	405
50	407
50	409
50	410
50	412
50	414
50	415
50	417
50	419
50	420
50	422
50	424
50	426
50	427
50	429
50	431
50	433
50	435
50	436
50	438
50	440
50	442
50	444
50	446
50	448
50	450
50	452
50	455
50	456
50	459
50	461
50	464
50	466
50	469
50	472
50	475
50	478
50	481
50	485
50	488
50	492
50	496
50	501
50	506
50	512
50	518
50	526
50	535
51	242
51	253
51	263
51	273
51	283
51	292
51	301
51	309
51	317
51	324
51	330
51	336
51	342
51	348
51	353
51	359
51	364
51	369
51	374
51	379
51	384
51	389
51	394
51	399
51	404
51	409
51	415
51	420
51	426
51	432
51	438
51	445
51	452
51	459
51	467
51	475
51	484
51	493
51	504
52	233
52	244
52	254
52	263
52	272
52	281
52	290
52	299
52	308
52	317
52	327
52	337
52	347
52	358
52	369
52	380
52	392
52	404
52	416
52	428
52	439
52	449
52	459
52	468
52	477
52	485
52	494
52	503
52	513
52	525
53	223
53	233
53	241
53	248
53	254
53	260
53	265
53	271
53	276
53	281
53	286
53	291
53	296
53	301
53	306
53	311
53	316
53	321
53	326
53	331
53	336
53	341
53	346
53	352
53	357
53	363
53	368
53	374
53	380
53	386
53	392
53	398
53	404
53	410
53	416
53	422
53	428
53	434
53	440
53	445
53	451
53	456
53	461
53	466
53	471
53	475
53	480
53	484
53	489
53	494
53	499
53	504
53	510
53	516
53	523
53	530
53	539
53	549
54	217
54	226
54	232
54	238
54	242
54	247
54	251
54	254
54	258
54	261
54	264
54	267
54	270
54	273
54	276
54	279
54	281
54	284
54	287
54	289
54	292
54	295
54	297
54	300
54	302
54	305
54	308
54	310
54	313
54	315
54	318
54	320
54	323
54	326
54	328
54	331
54	334
54	336
54	339
54	342
54	344
54	347
54	350
54	352
54	355
54	358
54	361
54	363
54	367
54	369
54	372
54	375
54	378
54	381
54	384
54	387
54	390
54	393
54	396
54	399
54	402
54	405
54	408
54	411
54	414
54	417
54	420
54	423
54	426
54	429
54	432
54	435
54	438
54	441
54	444
54	447
54	450
54	453
54	455
54	459
54	461
54	464
54	467
54	470
54	473
54	476
54	479
54	482
54	485
54	488
54	492
54	495
54	499
54	503
54	507
54	512
54	517
54	523
54	529
54	536
54	545
54	555
55	207
55	217
55	224
55	230
55	234
55	239
55	242
55	246
55	249
55	252
55	254
55	258
55	260
55	262
55	265
55	268
55	270
55	272
55	275
55	277
55	279
55	282
55	284
55	286
55	289
55	291
55	293
55	295
55	298
55	300
55	302
55	304
55	307
55	309
55	311
55	313
55	316
55	317
55	320
55	322
55	324
55	326
55	329
55	330
55	333
55	335
55	337
55	339
55	342
55	344
55	346
55	348
55	351
55	353
55	355
55	357
55	360
55	362
55	364
55	366
55	369
55	371
55	373
55	376
55	378
55	380
55	383
55	385
55	387
55	390
55	392
55	394
55	397
55	399
55	401
55	404
55	406
55	408
55	411
55	413
55	415
55	418
55	420
55	422
55	425
55	427
55	429
55	432
55	434
55	436
55	439
55	441
55	444
55	446
55	448
55	451
55	454
55	456
55	459
55	461
55	465
55	467
55	470
55	474
55	476
55	480
55	484
55	487
55	491
55	495
55	499
55	505
55	510
55	516
55	523
55	531
55	541
56	190
56	201
56	211
56	220
56	228
56	235
56	242
56	248
56	254
56	260
56	266
56	273
56	280
56	287
56	295
56	303
56	311
56	319
56	327
56	335
56	343
56	351
56	359
56	367
56	375
56	383
56	391
56	399
56	407
56	415
56	423
56	431
56	440
56	449
56	459
56	469
56	480
56	491
57	222
57	235
57	476
57	487
57	497
57	508
58	213
58	224
58	234
58	243
58	251
58	259
58	267
58	275
58	283
58	291
58	299
58	307
58	315
58	324
58	333
58	342
58	351
58	361
58	371
58	381
58	391
58	402
58	413
58	424
58	435
58	445
58	454
58	462
58	470
58	476
58	482
58	488
58	493
58	499
58	504
58	510
58	516
58	523
58	530
58	538
58	548
59	188
59	199
59	209
59	217
59	224
59	230
59	235
59	241
59	245
59	250
59	254
59	259
59	263
59	267
59	271
59	275
59	279
59	283
59	287
59	291
59	295
59	299
59	303
59	307
59	311
59	315
59	319
59	323
59	327
59	332
59	336
59	341
59	345
59	350
59	355
59	359
59	364
59	369
59	374
59	379
59	384
59	389
59	394
59	399
59	405
59	410
59	416
59	421
59	427
59	432
59	437
59	442
59	447
59	452
59	456
59	461
59	464
59	469
59	472
59	476
59	479
59	482
59	486
59	489
59	492
59	495
59	498
59	502
59	505
59	508
59	512
59	516
59	519
59	524
59	528
59	533
59	538
59	544
59	551
59	559
59	568
60	168
60	178
60	187
60	195
60	202
60	209
60	214
60	220
60	223
60	228
60	231
60	234
60	238
60	241
60	243
60	247
60	249
60	252
60	254
60	257
60	260
60	262
60	265
60	267
60	270
60	272
60	274
60	277
60	279
60	282
60	284
60	286
60	289
60	291
60	293
60	296
60	298
60	300
60	303
60	305
60	307
60	310
60	312
60	315
60	317
60	319
60	322
60	324
60	327
60	329
60	332
60	334
60	337
60	339
60	342
60	345
60	347
60	350
60	353
60	355
60	358
60	361
60	364
60	366
60	369
60	372
60	375
60	378
60	381
60	384
60	387
60	390
60	393
60	396
60	399
60	402
60	405
60	408
60	411
60	414
60	417
60	420
60	423
60	426
60	429
60	432
60	435
60	438
60	441
60	444
60	447
60	450
60	453
60	456
60	459
60	462
60	464
60	468
60	470
60	473
60	476
60	478
60	481
60	484
60	486
60	489
60	492
60	495
60	498
60	501
60	505
60	508
60	512
60	516
60	520
60	525
60	529
60	535
60	541
60	548
60	556
60	566
61	164
61	173
61	181
61	188
61	195
61	201
61	207
61	212
61	216
61	221
61	223
61	228
61	231
61	233
61	237
61	239
61	242
61	244
61	247
61	250
61	252
61	254
61	257
61	259
61	262
61	264
61	267
61	269
61	272
61	274
61	277
61	279
61	282
61	285
61	287
61	290
61	293
61	295
61	298
61	301
61	304
61	307
61	310
61	313
61	316
61	319
61	322
61	325
61	328
61	331
61	335
61	338
61	341
61	345
61	348
61	352
61	355
61	359
61	363
61	366
61	370
61	374
61	378
61	382
61	386
61	390
61	394
61	398
61	402
61	406
61	410
61	415
61	419
61	424
61	428
61	433
61	437
61	442
61	446
61	451
61	455
61	460
61	465
61	470
61	475
61	481
61	487
61	494
61	501
61	509
61	519
62	176
62	186
62	196
62	205
62	213
62	220
62	227
62	234
62	241
62	249
62	257
62	266
62	276
64	186
64	196
64	205
64	214
64	223
64	232
64	241
64	250
64	259
64	268
64	277
64	286
64	295
64	304
64	313
64	322
64	331
64	341
64	351
64	361
64	371
64	381
64	391
64	401
64	411
64	421
64	431
64	441
64	451
64	460
64	469
64	477
64	485
64	492
64	499
64	505
64	511
64	517
64	524
64	531
64	539
64	548
65	166
65	175
65	183
65	190
65	196
65	202
65	207
65	212
65	217
65	222
65	227
65	232
65	237
65	242
65	247
65	252
65	257
65	261
65	266
65	270
65	275
65	279
65	284
65	288
65	293
65	297
65	302
65	306
65	311
65	315
65	320
65	324
65	329
65	333
65	338
65	342
65	347
65	351
65	356
65	361
65	365
65	370
65	375
65	380
65	385
65	390
65	395
65	400
65	405
65	410
65	415
65	420
65	425
65	430
65	435
65	440
65	445
65	450
65	454
65	459
65	463
65	468
65	472
65	476
65	480
65	484
65	488
65	492
65	495
65	499
65	502
65	506
65	509
65	513
65	516
65	520
65	524
65	528
65	532
65	537
65	541
65	547
65	552
65	558
65	566
65	575
66	159
66	168
66	174
66	180
66	184
66	189
66	192
66	196
66	200
66	203
66	206
66	210
66	212
66	215
66	218
66	221
66	223
66	226
66	229
66	231
66	234
66	237
66	239
66	242
66	244
66	247
66	249
66	252
66	254
66	257
66	259
66	262
66	264
66	267
66	269
66	272
66	274
66	277
66	279
66	282
66	284
66	287
66	289
66	292
66	294
66	297
66	299
66	302
66	304
66	307
66	309
66	312
66	314
66	317
66	319
66	322
66	325
66	327
66	330
66	332
66	335
66	338
66	340
66	343
66	346
66	348
66	351
66	354
66	356
66	359
66	362
66	364
66	367
66	370
66	372
66	375
66	378
66	380
66	383
66	386
66	388
66	391
66	394
66	396
66	399
66	402
66	404
66	407
66	410
66	412
66	415
66	418
66	420
66	423
66	426
66	429
66	431
66	434
66	437
66	440
66	442
66	445
66	448
66	451
66	453
66	456
66	459
66	462
66	464
66	467
66	470
66	472
66	475
66	478
66	480
66	483
66	486
66	488
66	491
66	494
66	496
66	499
66	502
66	505
66	507
66	510
66	514
66	516
66	519
66	523
66	526
66	529
66	534
66	537
66	542
66	547
66	552
66	558
66	565
66	573
66	583
67	159
67	167
67	172
67	177
67	181
67	184
67	188
67	191
67	193
67	197
67	199
67	202
67	203
67	206
67	209
67	211
67	212
67	215
67	217
67	219
67	221
67	223
67	225
67	227
67	229
67	231
67	233
67	235
67	237
67	239
67	241
67	243
67	245
67	247
67	249
67	251
67	253
67	255
67	257
67	259
67	261
67	263
67	265
67	267
67	269
67	271
67	274
67	276
67	278
67	280
67	283
67	285
67	287
67	290
67	292
67	295
67	297
67	300
67	302
67	305
67	308
67	310
67	313
67	316
67	318
67	321
67	324
67	327
67	329
67	333
67	335
67	338
67	341
67	344
67	347
67	350
67	353
67	356
67	359
67	362
67	365
67	368
67	371
67	374
67	377
67	380
67	383
67	386
67	389
67	392
67	395
67	398
67	401
67	404
67	407
67	410
67	413
67	416
67	419
67	423
67	425
67	429
67	432
67	435
67	439
67	442
67	445
67	449
67	452
67	456
67	459
67	463
67	466
67	470
67	474
67	478
67	482
67	486
67	491
67	496
67	501
67	507
67	513
67	520
67	528
67	537
68	162
68	171
68	178
68	183
68	188
68	192
68	196
68	200
68	203
68	207
68	210
68	213
68	216
68	219
68	222
68	225
68	228
68	231
68	234
68	237
68	240
68	244
68	247
68	251
68	255
68	258
68	263
68	267
68	272
68	277
68	283
68	289
68	296
68	304
68	313
68	323
68	334
71	228
71	240
71	251
71	262
71	272
71	282
71	292
71	302
71	312
71	322
71	332
71	342
71	352
71	362
71	372
71	382
71	392
71	402
71	412
71	422
71	432
71	442
71	452
71	461
71	470
71	479
71	487
71	495
71	502
71	509
71	516
71	523
71	530
71	537
71	545
71	554
71	565
72	170
72	180
72	188
72	196
72	203
72	210
72	217
72	223
72	229
72	235
72	241
72	247
72	252
72	258
72	263
72	268
72	273
72	278
72	283
72	288
72	293
72	298
72	303
72	308
72	313
72	318
72	323
72	328
72	333
72	338
72	343
72	348
72	353
72	358
72	363
72	368
72	373
72	378
72	383
72	388
72	393
72	398
72	403
72	408
72	413
72	418
72	423
72	428
72	433
72	438
72	443
72	448
72	453
72	458
72	463
72	467
72	472
72	476
72	481
72	485
72	490
72	494
72	498
72	502
72	506
72	510
72	514
72	518
72	522
72	526
72	530
72	534
72	538
72	543
72	547
72	553
72	558
72	565
72	572
72	580
72	590
73	162
73	171
73	178
73	184
73	190
73	194
73	199
73	203
73	207
73	211
73	215
73	219
73	223
73	227
73	231
73	234
73	238
73	241
73	245
73	248
73	252
73	255
73	259
73	262
73	265
73	269
73	272
73	275
73	279
73	282
73	285
73	289
73	292
73	295
73	299
73	302
73	305
73	309
73	312
73	315
73	319
73	322
73	325
73	329
73	332
73	336
73	339
73	343
73	346
73	350
73	353
73	357
73	360
73	364
73	367
73	371
73	374
73	378
73	381
73	385
73	388
73	392
73	395
73	399
73	402
73	406
73	409
73	413
73	416
73	420
73	423
73	427
73	430
73	434
73	437
73	441
73	444
73	448
73	451
73	455
73	458
73	462
73	465
73	469
73	472
73	476
73	479
73	483
73	486
73	490
73	493
73	497
73	500
73	504
73	507
73	511
73	514
73	518
73	521
73	525
73	529
73	533
73	537
73	541
73	546
73	551
73	556
73	562
73	569
73	577
73	587
74	169
74	178
74	185
74	191
74	197
74	202
74	207
74	212
74	216
74	221
74	225
74	230
74	234
74	239
74	243
74	248
74	252
74	257
74	261
74	266
74	270
74	275
74	280
74	285
74	290
74	295
74	300
74	305
74	310
74	316
74	321
74	327
74	333
74	339
74	345
74	351
74	357
74	363
74	369
74	375
74	381
74	387
74	393
74	399
74	405
74	411
74	417
74	423
74	429
74	435
74	441
74	447
74	453
74	460
74	467
74	474
74	481
74	488
74	496
74	504
74	513
74	523
74	535
-1	-1
