-1	-1
7	247
7	258
7	268
7	278
7	288
7	299
7	310
7	323
8	238
8	249
8	259
8	268
8	277
8	286
8	295
8	304
8	314
8	324
8	335
9	242
9	253
9	263
9	273
9	283
9	293
9	303
9	314
9	325
9	336
10	226
10	237
10	247
10	256
10	265
10	274
10	283
10	292
10	302
10	312
10	322
10	333
10	344
10	356
11	227
11	237
11	246
11	254
11	262
11	269
11	276
11	283
11	290
11	297
11	305
11	313
11	321
11	329
11	338
11	347
11	357
11	367
11	378
11	390
12	216
12	225
12	233
12	240
12	246
12	252
12	257
12	262
12	267
12	272
12	277
12	282
12	286
12	291
12	296
12	301
12	306
12	311
12	316
12	322
12	327
12	333
12	339
12	346
12	353
12	361
12	369
12	378
12	387
12	397
12	408
13	202
13	211
13	219
13	224
13	230
13	234
13	239
13	243
13	247
13	251
13	254
13	258
13	261
13	265
13	268
13	271
13	275
13	278
13	281
13	285
13	288
13	291
13	295
13	298
13	302
13	305
13	309
13	312
13	316
13	320
13	324
13	328
13	333
13	337
13	342
13	347
13	353
13	359
13	365
13	372
13	379
13	387
13	396
13	406
13	417
14	199
14	208
14	215
14	221
14	227
14	232
14	237
14	242
14	246
14	251
14	255
14	259
14	263
14	267
14	271
14	275
14	279
14	283
14	287
14	291
14	295
14	299
14	303
14	307
14	311
14	316
14	320
14	325
14	330
14	335
14	340
14	346
14	352
14	359
14	366
14	374
14	383
14	393
14	405
15	201
15	211
15	219
15	226
15	233
15	240
15	246
15	252
15	258
15	264
15	270
15	276
15	282
15	288
15	294
15	301
15	308
15	315
15	322
15	330
15	338
15	347
15	356
15	366
15	378
16	221
16	232
16	242
16	252
16	261
16	270
16	279
16	288
16	297
16	306
16	316
16	326
16	337
16	349
17	268
17	281
17	294
22	281
22	293
22	304
22	315
22	326
22	337
22	348
22	360
22	373
22	385
22	396
22	407
22	417
22	427
22	437
22	448
23	259
23	270
23	280
23	289
23	298
23	307
23	315
23	323
23	331
23	339
23	347
23	356
23	365
23	374
23	383
23	391
23	399
23	407
23	415
23	423
23	431
23	439
23	447
23	456
23	465
23	475
24	232
24	243
24	252
24	260
24	268
24	275
24	281
24	287
24	293
24	299
24	304
24	310
24	315
24	320
24	325
24	330
24	335
24	340
24	346
24	351
24	357
24	363
24	369
24	375
24	381
24	387
24	393
24	399
24	405
24	411
24	417
24	423
24	429
24	435
24	442
24	449
24	456
24	464
24	472
24	482
24	495
25	218
25	228
25	236
25	243
25	250
25	256
25	262
25	267
25	272
25	277
25	281
25	285
25	290
25	293
25	298
25	301
25	305
25	309
25	312
25	316
25	319
25	323
25	326
25	329
25	333
25	336
25	339
25	343
25	346
25	350
25	353
25	357
25	360
25	364
25	368
25	372
25	376
25	380
25	384
25	388
25	392
25	397
25	401
25	406
25	411
25	416
25	421
25	426
25	432
25	438
25	444
25	450
25	457
25	464
25	472
25	481
25	491
26	206
26	215
26	222
26	229
26	234
26	240
26	244
26	249
26	253
26	257
26	261
26	265
26	269
26	273
26	276
26	280
26	283
26	287
26	290
26	293
26	296
26	299
26	302
26	305
26	308
26	311
26	314
26	317
26	320
26	322
26	325
26	328
26	331
26	333
26	336
26	339
26	341
26	344
26	347
26	349
26	353
26	355
26	358
26	361
26	364
26	367
26	370
26	373
26	376
26	379
26	383
26	386
26	389
26	393
26	396
26	400
26	404
26	408
26	412
26	417
26	421
26	426
26	431
26	436
26	442
26	448
26	454
26	460
26	467
26	475
26	484
26	494
27	198
27	207
27	214
27	220
27	224
27	229
27	232
27	236
27	240
27	243
27	246
27	250
27	252
27	256
27	258
27	262
27	264
27	268
27	270
27	274
27	276
27	280
27	282
27	286
27	288
27	292
27	294
27	298
27	300
27	304
27	306
27	310
27	313
27	316
27	319
27	322
27	325
27	328
27	331
27	334
27	337
27	340
27	344
27	346
27	350
27	353
27	356
27	360
27	363
27	367
27	370
27	374
27	377
27	381
27	385
27	389
27	393
27	397
27	402
27	406
27	411
27	416
27	421
27	427
27	433
27	439
27	446
27	453
27	460
27	468
27	477
27	488
28	200
28	210
28	218
28	224
28	230
28	235
28	240
28	245
28	250
28	254
28	259
28	263
28	268
28	272
28	277
28	282
28	287
28	292
28	297
28	302
28	307
28	312
28	317
28	322
28	328
28	333
28	339
28	344
28	350
28	355
28	361
28	367
28	373
28	379
28	385
28	391
28	397
28	404
28	411
28	418
28	425
28	432
28	440
28	448
28	457
28	467
29	247
29	259
29	270
29	281
29	292
29	303
29	314
29	325
29	336
29	347
29	357
29	367
29	377
29	386
29	395
29	404
29	412
29	420
29	428
29	436
29	444
29	453
29	462
29	472
30	367
30	378
30	388
30	397
30	405
30	413
30	421
30	428
30	436
30	444
30	452
30	460
30	469
30	479
31	346
31	357
31	367
31	376
31	384
31	392
31	399
31	406
31	413
31	420
31	427
31	435
31	444
31	454
31	465
32	279
32	319
32	332
32	343
32	354
32	364
32	372
32	380
32	387
32	393
32	400
32	406
32	413
32	420
32	427
32	435
32	444
32	454
33	301
33	314
33	326
33	337
33	347
33	357
33	366
33	374
33	381
33	387
33	393
33	399
33	405
33	412
33	419
33	427
33	436
33	446
34	307
34	319
34	330
34	341
34	351
34	360
34	368
34	374
34	380
34	386
34	392
34	398
34	404
34	410
34	417
34	424
34	432
34	441
34	454
35	269
35	281
35	292
35	303
35	314
35	325
35	335
35	345
35	354
35	362
35	369
35	375
35	381
35	387
35	393
35	399
35	405
35	411
35	418
35	426
35	435
35	445
36	280
36	291
36	302
36	313
36	323
36	333
36	342
36	351
36	359
36	365
36	371
36	377
36	383
36	388
36	394
36	400
36	406
36	413
36	421
36	430
36	441
37	312
37	324
37	335
37	344
37	352
37	359
37	365
37	371
37	376
37	382
37	387
37	393
37	399
37	405
37	412
37	419
37	427
37	437
38	326
38	337
38	345
38	352
38	359
38	365
38	371
38	376
38	382
38	387
38	393
38	399
38	406
38	413
38	421
38	430
39	306
39	317
39	327
39	336
39	344
39	351
39	357
39	363
39	369
39	374
39	380
39	386
39	392
39	398
39	405
39	413
39	422
39	433
40	299
40	310
40	319
40	327
40	334
40	341
40	347
40	353
40	359
40	364
40	370
40	376
40	382
40	388
40	395
40	402
40	410
40	419
41	287
41	298
41	308
41	317
41	324
41	331
41	336
41	341
41	346
41	350
41	355
41	359
41	364
41	368
41	373
41	377
41	382
41	387
41	393
41	399
41	406
41	414
41	423
41	434
42	272
42	283
42	293
42	302
42	310
42	317
42	323
42	329
42	333
42	338
42	342
42	346
42	350
42	353
42	357
42	361
42	364
42	368
42	372
42	376
42	380
42	385
42	389
42	394
42	399
42	405
42	411
42	418
42	426
42	436
43	258
43	269
43	279
43	288
43	295
43	302
43	308
43	313
43	319
43	324
43	329
43	334
43	339
43	343
43	348
43	353
43	358
43	363
43	368
43	373
43	379
43	385
43	392
43	399
43	407
43	417
44	246
44	256
44	265
44	273
44	280
44	287
44	293
44	299
44	303
44	308
44	312
44	316
44	320
44	324
44	328
44	331
44	335
44	339
44	342
44	346
44	350
44	354
44	358
44	362
44	367
44	371
44	376
44	381
44	387
44	394
44	401
44	410
44	421
45	237
45	247
45	255
45	262
45	268
45	273
45	278
45	283
45	288
45	293
45	298
45	302
45	307
45	311
45	314
45	318
45	321
45	324
45	328
45	330
45	334
45	336
45	340
45	342
45	346
45	348
45	352
45	355
45	358
45	361
45	365
45	368
45	372
45	376
45	380
45	385
45	389
45	395
45	400
45	406
45	413
45	421
45	431
46	230
46	240
46	248
46	254
46	260
46	264
46	269
46	273
46	277
46	281
46	284
46	288
46	291
46	295
46	298
46	302
46	305
46	309
46	312
46	316
46	319
46	323
46	326
46	330
46	333
46	336
46	340
46	343
46	347
46	350
46	354
46	357
46	361
46	365
46	369
46	374
46	378
46	383
46	388
46	394
46	400
46	407
46	416
46	426
47	228
47	239
47	248
47	256
47	263
47	270
47	275
47	280
47	284
47	288
47	292
47	295
47	299
47	302
47	306
47	309
47	313
47	316
47	320
47	324
47	327
47	331
47	335
47	339
47	344
47	348
47	353
47	358
47	363
47	369
47	375
47	381
47	388
47	396
47	405
47	416
48	226
48	236
48	245
48	253
48	261
48	269
48	277
48	284
48	290
48	295
48	301
48	305
48	310
48	314
48	319
48	323
48	327
48	331
48	335
48	339
48	343
48	347
48	352
48	356
48	361
48	366
48	371
48	376
48	382
48	388
48	395
48	403
48	412
48	423
49	218
49	228
49	236
49	243
49	249
49	255
49	260
49	265
49	270
49	275
49	280
49	285
49	290
49	295
49	300
49	305
49	310
49	315
49	320
49	324
49	328
49	332
49	336
49	340
49	343
49	347
49	351
49	355
49	358
49	363
49	366
49	371
49	375
49	379
49	384
49	389
49	395
49	401
49	408
49	416
49	425
49	436
50	209
50	219
50	227
50	233
50	239
50	243
50	248
50	252
50	255
50	259
50	262
50	266
50	269
50	272
50	275
50	278
50	281
50	284
50	287
50	290
50	294
50	297
50	300
50	304
50	307
50	311
50	315
50	319
50	323
50	327
50	331
50	335
50	339
50	343
50	347
50	351
50	355
50	359
50	364
50	368
50	373
50	378
50	383
50	388
50	394
50	400
50	407
50	415
50	424
50	435
51	199
51	209
51	218
51	226
51	232
51	238
51	243
51	248
51	252
51	256
51	260
51	263
51	267
51	270
51	273
51	276
51	279
51	282
51	284
51	287
51	290
51	292
51	295
51	298
51	300
51	303
51	306
51	308
51	312
51	314
51	318
51	320
51	324
51	327
51	330
51	334
51	338
51	342
51	346
51	350
51	355
51	359
51	364
51	369
51	374
51	379
51	385
51	391
51	397
51	404
51	412
51	421
51	432
52	197
52	208
52	218
52	227
52	236
52	245
52	253
52	261
52	269
52	276
52	282
52	288
52	293
52	298
52	302
52	306
52	310
52	314
52	318
52	322
52	326
52	330
52	334
52	338
52	342
52	346
52	350
52	355
52	359
52	364
52	368
52	373
52	378
52	383
52	389
52	395
52	402
52	409
52	417
52	427
53	189
53	199
53	208
53	216
53	223
53	230
53	237
53	244
53	251
53	258
53	265
53	272
53	279
53	287
53	294
53	301
53	307
53	313
53	318
53	323
53	328
53	332
53	337
53	341
53	345
53	349
53	353
53	357
53	361
53	366
53	370
53	375
53	380
53	385
53	390
53	396
53	402
53	409
53	417
53	426
53	437
54	177
54	187
54	195
54	202
54	208
54	213
54	219
54	223
54	228
54	232
54	237
54	241
54	245
54	249
54	253
54	257
54	261
54	265
54	269
54	273
54	277
54	281
54	285
54	289
54	294
54	298
54	303
54	308
54	313
54	318
54	323
54	329
54	334
54	339
54	344
54	349
54	355
54	360
54	366
54	372
54	378
54	384
54	390
54	397
54	404
54	412
54	421
54	432
55	177
55	186
55	193
55	200
55	204
55	210
55	213
55	218
55	221
55	224
55	228
55	231
55	233
55	237
55	239
55	242
55	244
55	247
55	250
55	252
55	254
55	257
55	259
55	262
55	263
55	266
55	268
55	271
55	273
55	275
55	278
55	280
55	282
55	285
55	287
55	289
55	292
55	294
55	297
55	299
55	302
55	305
55	307
55	310
55	314
55	316
55	320
55	323
55	327
55	330
55	335
55	338
55	343
55	347
55	352
55	357
55	362
55	368
55	373
55	379
55	385
55	391
55	397
55	404
55	411
55	419
55	428
55	438
56	178
56	187
56	194
56	201
56	206
56	211
56	214
56	219
56	222
56	225
56	229
56	231
56	234
56	237
56	240
56	242
56	245
56	247
56	250
56	252
56	254
56	257
56	259
56	261
56	263
56	266
56	268
56	270
56	272
56	274
56	276
56	278
56	280
56	282
56	284
56	286
56	288
56	290
56	292
56	294
56	296
56	298
56	300
56	302
56	304
56	306
56	308
56	310
56	313
56	314
56	317
56	319
56	321
56	324
56	326
56	328
56	331
56	334
56	336
56	339
56	342
56	345
56	348
56	351
56	355
56	357
56	361
56	365
56	368
56	372
56	376
56	380
56	384
56	388
56	393
56	397
56	402
56	407
56	412
56	418
56	424
56	431
56	439
56	448
57	180
57	190
57	199
57	208
57	216
57	224
57	232
57	240
57	248
57	257
57	266
57	274
57	281
57	286
57	291
57	295
57	300
57	302
57	306
57	309
57	312
57	315
57	318
57	321
57	323
57	326
57	329
57	331
57	334
57	337
57	339
57	342
57	345
57	347
57	350
57	353
57	355
57	358
57	361
57	364
57	366
57	370
57	372
57	375
57	378
57	381
57	384
57	387
57	390
57	394
57	397
57	400
57	404
57	407
57	411
57	415
57	419
57	424
57	428
57	434
57	439
57	446
57	454
57	463
57	475
58	198
58	209
58	219
58	229
58	239
58	249
58	259
58	270
58	281
58	291
58	300
58	307
58	312
58	317
58	321
58	325
58	329
58	332
58	335
58	339
58	341
58	344
58	347
58	350
58	352
58	355
58	358
58	360
58	363
58	366
58	368
58	371
58	374
58	376
58	379
58	382
58	384
58	387
58	390
58	392
58	395
58	398
58	401
58	404
58	407
58	410
58	414
58	417
58	420
58	425
58	428
58	433
58	437
58	443
58	448
58	455
58	463
58	472
59	190
59	200
59	208
59	215
59	222
59	228
59	234
59	240
59	246
59	251
59	257
59	262
59	268
59	274
59	280
59	286
59	293
59	300
59	308
59	316
59	323
59	330
59	336
59	342
59	347
59	352
59	357
59	362
59	367
59	372
59	377
59	382
59	387
59	392
59	397
59	402
59	407
59	413
59	419
59	426
59	434
59	443
59	455
60	188
60	197
60	203
60	209
60	213
60	218
60	222
60	226
60	230
60	233
60	237
60	240
60	243
60	246
60	249
60	252
60	255
60	258
60	261
60	264
60	267
60	270
60	273
60	276
60	279
60	282
60	285
60	288
60	292
60	295
60	299
60	303
60	307
60	311
60	316
60	321
60	326
60	332
60	338
60	345
60	353
60	361
60	369
60	377
60	385
60	393
60	401
60	409
60	418
60	428
61	188
61	196
61	202
61	207
61	212
61	214
61	219
61	222
61	224
61	228
61	230
61	232
61	235
61	237
61	240
61	242
61	243
61	246
61	248
61	250
61	252
61	254
61	256
61	258
61	260
61	262
61	264
61	266
61	268
61	270
61	272
61	274
61	276
61	278
61	280
61	282
61	284
61	286
61	288
61	290
61	292
61	295
61	296
61	299
61	301
61	304
61	306
61	308
61	311
61	314
61	316
61	319
61	323
61	326
61	329
61	333
61	337
61	341
61	346
61	351
61	357
61	363
61	369
61	376
61	383
61	390
61	397
61	405
61	413
61	422
61	434
62	198
62	207
62	213
62	219
62	223
62	228
62	232
62	236
62	240
62	243
62	247
62	250
62	253
62	257
62	260
62	263
62	266
62	270
62	272
62	276
62	279
62	282
62	285
62	288
62	291
62	294
62	297
62	300
62	303
62	306
62	309
62	313
62	316
62	319
62	323
62	326
62	330
62	334
62	338
62	343
62	347
62	352
62	357
62	363
62	369
62	376
62	384
62	392
62	401
62	412
63	307
63	317
63	326
63	335
63	343
63	351
63	360
63	369
63	378
63	388
63	398
63	410
64	200
64	212
64	224
65	183
65	193
65	201
65	208
65	215
65	222
65	229
65	236
65	243
65	250
65	257
65	265
65	273
65	282
65	291
65	301
66	178
66	186
66	192
66	197
66	202
66	206
66	211
66	214
66	219
66	222
66	226
66	230
66	233
66	237
66	241
66	244
66	248
66	252
66	256
66	259
66	263
66	267
66	271
66	275
66	279
66	284
66	288
66	293
66	298
66	303
66	309
66	315
66	322
66	329
66	337
66	346
66	357
66	369
66	381
66	393
67	172
67	181
67	187
67	192
67	196
67	201
67	203
67	207
67	210
67	213
67	216
67	219
67	222
67	224
67	227
67	230
67	232
67	235
67	238
67	240
67	243
67	246
67	248
67	251
67	254
67	256
67	259
67	262
67	264
67	267
67	270
67	273
67	275
67	278
67	281
67	284
67	287
67	290
67	293
67	296
67	299
67	303
67	306
67	310
67	314
67	318
67	322
67	327
67	331
67	336
67	341
67	347
67	353
67	359
67	366
67	374
67	383
67	392
67	402
68	178
68	187
68	194
68	201
68	206
68	212
68	217
68	222
68	227
68	232
68	237
68	242
68	247
68	252
68	257
68	262
68	268
68	273
68	279
68	285
68	291
68	297
68	303
68	309
68	315
68	321
68	327
68	333
68	339
68	346
68	353
68	360
68	367
68	375
68	384
68	393
68	403
71	186
71	197
71	208
71	219
71	230
71	241
71	252
71	263
71	275
71	388
71	399
71	410
72	160
72	170
72	178
72	185
72	191
72	197
72	203
72	209
72	214
72	220
72	225
72	230
72	235
72	240
72	245
72	250
72	255
72	260
72	265
72	270
72	276
72	281
72	287
72	293
72	299
72	306
72	313
72	320
72	328
72	336
72	345
72	354
72	364
72	374
72	384
72	395
72	406
72	417
73	157
73	165
73	172
73	177
73	182
73	186
73	191
73	194
73	199
73	202
73	206
73	209
73	213
73	216
73	220
73	223
73	226
73	230
73	233
73	236
73	240
73	242
73	246
73	249
73	252
73	255
73	259
73	262
73	265
73	269
73	272
73	275
73	279
73	282
73	286
73	289
73	293
73	296
73	300
73	304
73	308
73	312
73	316
73	320
73	325
73	329
73	334
73	338
73	343
73	348
73	353
73	358
73	363
73	368
73	374
73	380
73	386
73	392
73	398
73	404
73	410
73	416
73	423
73	430
73	438
73	447
74	161
74	170
74	177
74	183
74	189
74	193
74	198
74	202
74	206
74	210
74	214
74	218
74	222
74	226
74	230
74	234
74	238
74	242
74	246
74	250
74	254
74	258
74	262
74	266
74	270
74	274
74	278
74	282
74	286
74	290
74	294
74	298
74	303
74	307
74	312
74	316
74	321
74	325
74	330
74	334
74	339
74	343
74	348
74	352
74	357
74	362
74	366
74	371
74	376
74	381
74	386
74	391
74	396
74	401
74	406
74	411
74	416
74	421
74	426
74	432
74	438
74	445
74	453
74	462
75	346
75	358
75	369
75	380
75	391
75	401
75	411
75	421
75	432
-1	-1
