-1	-1
11	259
11	270
11	281
11	291
11	301
11	311
11	321
11	331
11	341
11	351
11	361
11	371
11	382
11	393
11	405
12	236
12	246
12	255
12	263
12	271
12	279
12	286
12	293
12	300
12	307
12	313
12	320
12	326
12	332
12	338
12	344
12	350
12	357
12	364
12	371
12	378
12	385
12	393
12	401
12	409
12	418
12	428
12	438
13	227
13	237
13	245
13	252
13	259
13	265
13	271
13	277
13	282
13	288
13	293
13	298
13	303
13	308
13	313
13	318
13	322
13	327
13	331
13	336
13	340
13	345
13	349
13	354
13	358
13	363
13	367
13	372
13	377
13	382
13	387
13	392
13	397
13	403
13	409
13	415
13	422
13	429
13	437
13	446
13	456
14	227
14	237
14	245
14	252
14	259
14	265
14	271
14	277
14	282
14	287
14	292
14	297
14	301
14	305
14	310
14	313
14	318
14	321
14	325
14	329
14	332
14	336
14	340
14	343
14	347
14	350
14	354
14	357
14	361
14	364
14	368
14	372
14	375
14	379
14	383
14	387
14	391
14	395
14	399
14	404
14	408
14	413
14	418
14	424
14	430
14	436
14	443
14	451
14	460
14	470
15	238
15	248
15	256
15	263
15	270
15	276
15	282
15	287
15	292
15	297
15	302
15	306
15	311
15	314
15	318
15	322
15	325
15	329
15	332
15	335
15	339
15	341
15	345
15	348
15	351
15	354
15	357
15	360
15	363
15	366
15	369
15	372
15	375
15	378
15	381
15	385
15	387
15	391
15	394
15	398
15	401
15	405
15	409
15	413
15	417
15	422
15	427
15	432
15	437
15	443
15	449
15	456
15	464
15	473
15	483
15	495
16	250
16	260
16	268
16	275
16	281
16	287
16	292
16	297
16	301
16	305
16	309
16	313
16	317
16	320
16	324
16	327
16	331
16	333
16	337
16	340
16	343
16	346
16	349
16	352
16	355
16	358
16	361
16	364
16	367
16	370
16	373
16	376
16	379
16	382
16	385
16	388
16	391
16	395
16	397
16	401
16	405
16	408
16	412
16	416
16	420
16	425
16	429
16	434
16	439
16	444
16	450
16	456
16	463
16	470
16	478
16	487
16	498
17	260
17	270
17	279
17	286
17	292
17	298
17	303
17	309
17	313
17	318
17	322
17	327
17	331
17	335
17	339
17	343
17	347
17	351
17	355
17	359
17	363
17	367
17	371
17	375
17	379
17	383
17	387
17	391
17	395
17	399
17	403
17	407
17	412
17	416
17	421
17	426
17	431
17	436
17	442
17	448
17	454
17	461
17	468
17	476
17	486
17	497
18	269
18	279
18	288
18	295
18	302
18	309
18	315
18	321
18	327
18	332
18	338
18	343
18	348
18	353
18	358
18	363
18	368
18	373
18	378
18	383
18	388
18	393
18	398
18	404
18	409
18	415
18	421
18	427
18	433
18	439
18	446
18	453
18	461
18	470
18	480
19	273
19	284
19	293
19	301
19	309
19	316
19	323
19	330
19	337
19	344
19	351
19	358
19	365
19	372
19	379
19	386
19	393
19	400
19	407
19	414
19	421
19	429
19	437
19	445
19	454
19	464
20	272
20	283
20	292
20	300
20	308
20	315
20	322
20	329
20	336
20	343
20	350
20	357
20	364
20	371
20	379
20	387
20	395
20	403
20	412
20	421
20	430
20	440
20	453
21	260
21	270
21	279
21	287
21	294
21	301
21	307
21	313
21	319
21	325
21	331
21	337
21	344
21	350
21	357
21	364
21	371
21	378
21	386
21	394
21	403
21	412
21	422
21	433
22	241
22	252
22	261
22	269
22	276
22	283
22	289
22	294
22	300
22	305
22	310
22	315
22	320
22	325
22	330
22	335
22	340
22	345
22	350
22	356
22	361
22	367
22	373
22	379
22	386
22	393
22	401
22	409
22	418
22	428
22	439
23	220
23	230
23	239
23	247
23	254
23	261
23	267
23	272
23	277
23	282
23	287
23	292
23	296
23	301
23	305
23	310
23	314
23	319
23	323
23	328
23	332
23	337
23	341
23	346
23	350
23	355
23	359
23	364
23	368
23	373
23	378
23	383
23	388
23	394
23	400
23	406
23	413
23	420
23	428
23	437
23	447
23	458
24	209
24	219
24	227
24	234
24	240
24	245
24	251
24	255
24	260
24	264
24	269
24	273
24	278
24	282
24	287
24	291
24	296
24	300
24	305
24	310
24	315
24	320
24	325
24	330
24	334
24	339
24	343
24	348
24	352
24	356
24	361
24	365
24	369
24	374
24	378
24	383
24	387
24	392
24	397
24	402
24	408
24	414
24	420
24	427
24	435
24	443
24	452
24	462
24	474
25	207
25	216
25	223
25	230
25	236
25	242
25	247
25	252
25	257
25	262
25	267
25	272
25	277
25	282
25	288
25	294
25	300
25	307
25	314
25	321
25	328
25	335
25	342
25	349
25	355
25	361
25	367
25	373
25	379
25	385
25	391
25	397
25	403
25	410
25	417
25	424
25	432
25	440
25	448
25	456
25	465
25	475
25	486
26	201
26	210
26	218
26	224
26	230
26	235
26	241
26	246
26	251
26	256
26	261
26	266
26	272
26	278
26	285
26	292
26	300
26	308
26	317
26	327
26	338
26	351
26	363
26	374
26	384
26	394
26	404
26	413
26	422
26	431
26	440
26	448
26	456
26	464
26	473
26	482
26	492
26	503
27	196
27	204
27	211
27	217
27	222
27	226
27	231
27	234
27	239
27	242
27	246
27	250
27	254
27	258
27	262
27	266
27	270
27	275
27	279
27	285
27	290
27	296
27	302
27	308
27	315
27	322
27	330
27	338
27	347
27	357
27	367
27	377
27	387
27	396
27	405
27	413
27	421
27	429
27	436
27	443
27	450
27	457
27	464
27	471
27	479
27	487
27	496
27	506
27	516
28	186
28	195
28	202
28	208
28	213
28	218
28	222
28	226
28	230
28	234
28	238
28	241
28	245
28	249
28	252
28	256
28	260
28	264
28	268
28	273
28	277
28	282
28	287
28	292
28	298
28	304
28	310
28	316
28	322
28	328
28	335
28	342
28	349
28	356
28	363
28	370
28	377
28	384
28	391
28	397
28	403
28	409
28	415
28	421
28	426
28	432
28	437
28	442
28	447
28	452
28	458
28	463
28	469
28	475
28	482
28	489
28	497
28	505
28	514
28	523
28	533
29	176
29	185
29	192
29	199
29	204
29	209
29	213
29	218
29	222
29	226
29	230
29	234
29	238
29	242
29	246
29	250
29	255
29	259
29	264
29	269
29	274
29	279
29	285
29	291
29	297
29	303
29	309
29	315
29	321
29	327
29	333
29	339
29	345
29	351
29	357
29	363
29	369
29	375
29	381
29	387
29	392
29	397
29	402
29	407
29	412
29	416
29	421
29	425
29	430
29	434
29	438
29	443
29	447
29	452
29	456
29	461
29	466
29	471
29	477
29	483
29	489
29	496
29	503
29	511
29	519
29	528
29	538
30	168
30	178
30	187
30	194
30	201
30	207
30	213
30	219
30	225
30	231
30	237
30	243
30	249
30	255
30	261
30	267
30	273
30	279
30	286
30	293
30	300
30	307
30	314
30	321
30	328
30	335
30	342
30	348
30	354
30	360
30	366
30	372
30	378
30	384
30	390
30	395
30	400
30	405
30	410
30	414
30	419
30	423
30	428
30	432
30	437
30	441
30	446
30	450
30	455
30	460
30	465
30	470
30	476
30	482
30	489
30	496
30	504
30	512
30	521
30	530
30	540
31	190
31	201
31	211
31	221
31	231
31	241
31	250
31	259
31	268
31	277
31	286
31	295
31	304
31	313
31	322
31	331
31	340
31	349
31	357
31	365
31	373
31	381
31	388
31	395
31	402
31	408
31	414
31	420
31	426
31	432
31	438
31	444
31	450
31	456
31	463
31	470
31	477
31	485
31	494
31	503
31	512
31	522
31	532
31	545
32	316
32	327
32	337
32	347
32	357
32	367
32	377
32	386
32	395
32	404
32	413
32	422
32	431
32	440
32	449
32	458
32	467
32	477
32	488
32	500
32	514
33	330
33	341
33	352
33	362
33	372
33	382
33	391
33	400
33	409
33	418
33	428
33	437
33	447
33	457
33	467
33	477
33	487
33	498
34	362
34	374
34	385
34	396
34	406
34	416
34	426
34	436
34	445
34	454
34	463
34	472
34	480
34	488
34	496
34	505
34	514
34	524
35	376
35	388
35	399
35	410
35	420
35	430
35	439
35	448
35	456
35	464
35	471
35	478
35	485
35	492
35	499
35	506
35	514
35	522
35	531
35	541
36	356
36	367
36	378
36	388
36	398
36	408
36	418
36	427
36	435
36	442
36	449
36	455
36	461
36	467
36	474
36	481
36	488
36	495
36	503
36	511
36	519
36	528
36	538
37	370
37	382
37	393
37	403
37	413
37	422
37	430
37	436
37	442
37	448
37	454
37	460
37	466
37	472
37	479
37	486
37	494
37	503
37	513
37	524
38	370
38	381
38	391
38	401
38	410
38	418
38	425
38	431
38	437
38	443
38	448
38	454
38	459
38	465
38	471
38	478
38	485
38	493
38	502
38	513
39	338
39	349
39	360
39	370
39	379
39	388
39	396
39	403
39	410
39	417
39	423
39	429
39	435
39	441
39	447
39	454
39	461
39	469
39	478
39	488
40	341
40	352
40	362
40	371
40	380
40	388
40	395
40	402
40	409
40	415
40	421
40	427
40	433
40	439
40	445
40	451
40	458
40	465
40	473
40	482
40	494
41	342
41	353
41	363
41	372
41	380
41	388
41	395
41	401
41	407
41	413
41	418
41	423
41	428
41	433
41	438
41	444
41	450
41	456
41	463
41	471
41	480
41	491
42	326
42	337
42	346
42	354
42	362
42	369
42	375
42	381
42	386
42	391
42	396
42	400
42	404
42	408
42	412
42	416
42	420
42	424
42	428
42	432
42	436
42	440
42	445
42	450
42	455
42	461
42	467
42	474
42	482
42	492
43	316
43	326
43	335
43	343
43	350
43	356
43	361
43	366
43	371
43	374
43	379
43	382
43	386
43	389
43	392
43	395
43	398
43	401
43	403
43	407
43	409
43	412
43	415
43	418
43	421
43	424
43	427
43	430
43	434
43	437
43	441
43	445
43	449
43	454
43	458
43	464
43	469
43	476
43	483
43	492
43	504
44	300
44	311
44	321
44	331
44	339
44	347
44	353
44	359
44	363
44	368
44	372
44	375
44	379
44	382
44	385
44	388
44	391
44	394
44	397
44	400
44	402
44	405
44	408
44	411
44	414
44	417
44	420
44	423
44	426
44	429
44	433
44	436
44	440
44	445
44	449
44	454
44	459
44	465
44	472
44	480
44	490
45	282
45	293
45	303
45	312
45	321
45	329
45	337
45	344
45	351
45	357
45	363
45	368
45	373
45	378
45	382
45	387
45	391
45	395
45	400
45	404
45	409
45	413
45	418
45	423
45	428
45	434
45	440
45	447
45	455
45	464
46	276
46	287
46	296
46	305
46	313
46	320
46	327
46	333
46	339
46	344
46	350
46	355
46	360
46	365
46	370
46	375
46	380
46	385
46	390
46	395
46	401
46	406
46	412
46	418
46	425
46	432
46	440
46	449
47	261
47	272
47	281
47	289
47	296
47	303
47	310
47	315
47	321
47	325
47	330
47	334
47	338
47	342
47	345
47	349
47	352
47	356
47	359
47	363
47	366
47	370
47	374
47	377
47	381
47	385
47	389
47	393
47	397
47	402
47	406
47	411
47	416
47	422
47	428
47	435
47	442
47	450
47	460
48	249
48	259
48	268
48	275
48	282
48	288
48	294
48	300
48	305
48	310
48	314
48	319
48	323
48	327
48	331
48	334
48	338
48	341
48	344
48	348
48	351
48	354
48	357
48	360
48	363
48	366
48	369
48	372
48	375
48	378
48	381
48	385
48	387
48	391
48	394
48	398
48	401
48	405
48	409
48	413
48	417
48	422
48	427
48	432
48	438
48	444
48	451
48	459
48	468
49	239
49	249
49	257
49	263
49	269
49	274
49	279
49	284
49	288
49	293
49	297
49	301
49	305
49	309
49	313
49	317
49	321
49	324
49	328
49	332
49	335
49	339
49	342
49	346
49	349
49	353
49	356
49	360
49	364
49	367
49	371
49	375
49	379
49	383
49	387
49	391
49	395
49	399
49	404
49	408
49	414
49	419
49	425
49	431
49	437
49	444
49	452
49	461
49	473
50	237
50	247
50	255
50	262
50	268
50	273
50	278
50	282
50	285
50	290
50	292
50	296
50	299
50	302
50	305
50	308
50	311
50	314
50	317
50	320
50	323
50	326
50	329
50	332
50	335
50	338
50	341
50	344
50	347
50	350
50	354
50	357
50	360
50	364
50	367
50	371
50	374
50	378
50	382
50	386
50	390
50	394
50	398
50	403
50	407
50	412
50	417
50	423
50	429
50	436
50	443
50	451
50	460
50	473
51	230
51	240
51	249
51	256
51	263
51	269
51	274
51	279
51	283
51	288
51	291
51	295
51	299
51	302
51	305
51	308
51	311
51	314
51	317
51	320
51	323
51	326
51	329
51	332
51	335
51	338
51	342
51	345
51	349
51	352
51	356
51	360
51	364
51	368
51	373
51	377
51	382
51	387
51	393
51	398
51	404
51	410
51	417
51	424
51	432
51	441
51	451
52	220
52	230
52	239
52	246
52	252
52	257
52	262
52	266
52	271
52	275
52	280
52	284
52	289
52	293
52	298
52	302
52	306
52	310
52	314
52	318
52	322
52	326
52	330
52	334
52	338
52	342
52	346
52	350
52	355
52	359
52	364
52	368
52	373
52	378
52	383
52	388
52	394
52	400
52	406
52	413
52	420
52	428
52	436
52	445
52	455
53	210
53	220
53	229
53	236
53	242
53	248
53	253
53	258
53	263
53	267
53	272
53	276
53	281
53	285
53	290
53	294
53	299
53	303
53	308
53	312
53	317
53	321
53	326
53	330
53	335
53	339
53	344
53	348
53	353
53	358
53	362
53	367
53	372
53	377
53	382
53	387
53	392
53	397
53	402
53	408
53	414
53	420
53	426
53	433
53	440
53	448
53	457
53	467
54	203
54	212
54	220
54	227
54	233
54	239
54	244
54	250
54	255
54	261
54	266
54	272
54	277
54	282
54	287
54	292
54	297
54	302
54	307
54	312
54	316
54	321
54	325
54	329
54	333
54	337
54	341
54	344
54	348
54	352
54	355
54	359
54	362
54	366
54	369
54	373
54	376
54	380
54	383
54	387
54	390
54	394
54	397
54	401
54	405
54	409
54	413
54	417
54	422
54	426
54	431
54	436
54	441
54	447
54	453
54	460
54	467
54	476
54	486
55	197
55	207
55	214
55	221
55	225
55	231
55	234
55	239
55	243
55	247
55	251
55	255
55	259
55	263
55	267
55	271
55	275
55	279
55	282
55	286
55	289
55	293
55	296
55	300
55	303
55	307
55	310
55	314
55	317
55	321
55	324
55	328
55	331
55	334
55	338
55	341
55	344
55	347
55	350
55	353
55	356
55	359
55	362
55	364
55	367
55	370
55	372
55	375
55	378
55	380
55	383
55	386
55	388
55	391
55	394
55	396
55	399
55	402
55	405
55	407
55	411
55	413
55	417
55	419
55	423
55	426
55	429
55	433
55	436
55	440
55	444
55	448
55	453
55	458
55	463
55	469
55	476
55	484
55	493
55	504
56	181
56	191
56	200
56	208
56	215
56	221
56	226
56	231
56	236
56	241
56	245
56	250
56	255
56	259
56	264
56	269
56	273
56	278
56	281
56	285
56	289
56	292
56	295
56	299
56	301
56	304
56	307
56	310
56	313
56	316
56	319
56	322
56	325
56	328
56	331
56	334
56	337
56	340
56	343
56	346
56	349
56	352
56	356
56	358
56	362
56	365
56	368
56	372
56	375
56	378
56	382
56	385
56	389
56	392
56	396
56	399
56	403
56	406
56	410
56	413
56	416
56	420
56	423
56	427
56	430
56	434
56	438
56	442
56	446
56	450
56	455
56	460
56	466
56	472
56	479
56	487
56	496
57	181
57	191
57	200
57	208
57	215
57	222
57	229
57	235
57	241
57	247
57	252
57	258
57	263
57	268
57	273
57	278
57	282
57	287
57	291
57	295
57	299
57	303
57	306
57	310
57	313
57	316
57	320
57	322
57	325
57	328
57	331
57	333
57	337
57	339
57	342
57	345
57	347
57	350
57	353
57	355
57	358
57	361
57	364
57	366
57	369
57	372
57	375
57	378
57	380
57	384
57	386
57	389
57	392
57	395
57	397
57	401
57	403
57	406
57	409
57	411
57	414
57	417
57	419
57	423
57	425
57	428
57	431
57	434
57	437
57	440
57	444
57	447
57	451
57	455
57	459
57	464
57	468
57	474
57	479
57	486
57	493
57	502
57	514
58	191
58	201
58	210
58	218
58	225
58	232
58	238
58	243
58	248
58	252
58	256
58	260
58	263
58	267
58	271
58	273
58	277
58	280
58	283
58	286
58	289
58	293
58	295
58	299
58	302
58	305
58	309
58	312
58	315
58	319
58	321
58	325
58	328
58	331
58	334
58	337
58	340
58	342
58	345
58	348
58	350
58	353
58	356
58	358
58	361
58	363
58	366
58	368
58	371
58	373
58	376
58	378
58	381
58	383
58	385
58	388
58	390
58	392
58	395
58	397
58	399
58	402
58	404
58	406
58	409
58	411
58	414
58	416
58	419
58	421
58	424
58	427
58	429
58	432
58	435
58	438
58	441
58	444
58	447
58	450
58	454
58	457
58	461
58	465
58	469
58	474
58	479
58	485
58	492
58	500
58	509
59	186
59	196
59	205
59	213
59	220
59	227
59	233
59	239
59	245
59	250
59	255
59	260
59	264
59	268
59	272
59	275
59	279
59	282
59	285
59	289
59	291
59	295
59	297
59	301
59	303
59	307
59	309
59	313
59	316
59	319
59	323
59	326
59	329
59	333
59	336
59	340
59	344
59	348
59	352
59	356
59	360
59	364
59	368
59	373
59	377
59	382
59	386
59	391
59	395
59	400
59	404
59	409
59	413
59	417
59	421
59	425
59	429
59	433
59	437
59	441
59	445
59	449
59	454
59	458
59	463
59	468
59	474
59	480
59	487
59	495
59	505
60	190
60	200
60	209
60	216
60	222
60	228
60	233
60	238
60	243
60	248
60	252
60	257
60	261
60	266
60	270
60	275
60	279
60	284
60	289
60	293
60	298
60	302
60	307
60	311
60	316
60	320
60	325
60	329
60	334
60	339
60	344
60	349
60	354
60	360
60	366
60	372
60	378
60	384
60	390
60	396
60	402
60	407
60	412
60	417
60	422
60	427
60	432
60	437
60	442
60	447
60	452
60	457
60	463
60	468
60	475
60	482
60	490
60	500
61	187
61	197
61	204
61	211
61	216
61	221
61	225
61	230
61	232
61	237
61	240
61	243
61	246
61	249
61	252
61	254
61	257
61	260
61	262
61	265
61	268
61	270
61	273
61	276
61	278
61	281
61	284
61	287
61	290
61	293
61	296
61	299
61	303
61	306
61	310
61	314
61	318
61	322
61	327
61	331
61	336
61	341
61	347
61	353
61	359
61	365
61	372
61	379
61	386
61	393
61	400
61	407
61	414
61	421
61	428
61	434
61	440
61	446
61	453
61	460
61	467
61	475
61	485
62	179
62	189
62	197
62	204
62	210
62	215
62	220
62	223
62	228
62	231
62	234
62	237
62	241
62	242
62	245
62	248
62	251
62	252
62	255
62	257
62	260
62	262
62	263
62	266
62	268
62	270
62	272
62	274
62	276
62	278
62	281
62	282
62	285
62	287
62	289
62	292
62	294
62	296
62	299
62	301
62	304
62	306
62	309
62	312
62	315
62	317
62	321
62	324
62	327
62	331
62	335
62	338
62	343
62	347
62	352
62	357
62	363
62	369
62	376
62	383
62	391
62	399
62	408
62	417
62	425
62	433
62	441
62	449
62	458
62	467
62	478
63	182
63	192
63	201
63	208
63	214
63	220
63	226
63	231
63	236
63	241
63	246
63	251
63	256
63	261
63	265
63	270
63	274
63	279
63	283
63	288
63	292
63	297
63	302
63	307
63	312
63	317
63	322
63	327
63	333
63	339
63	345
63	352
63	359
63	367
63	375
63	384
63	393
63	402
63	411
63	421
63	431
63	441
63	451
63	462
64	190
64	200
64	207
64	213
64	218
64	223
64	228
64	232
64	237
64	241
64	246
64	250
64	255
64	259
64	264
64	269
64	274
64	280
64	286
64	292
64	299
64	306
64	314
64	322
64	331
64	340
64	350
64	360
64	371
64	383
64	396
65	187
65	197
65	204
65	210
65	214
65	219
65	223
65	227
65	231
65	234
65	238
65	241
65	244
65	248
65	251
65	254
65	258
65	261
65	265
65	268
65	272
65	276
65	280
65	284
65	288
65	293
65	298
65	303
65	308
65	314
65	320
65	326
65	333
65	340
65	348
65	356
65	365
65	375
65	385
65	396
65	407
65	418
65	433
66	189
66	199
66	208
66	216
66	223
66	229
66	235
66	241
66	247
66	253
66	259
66	265
66	271
66	278
66	285
66	293
66	301
66	309
66	318
66	327
66	336
66	345
66	354
66	363
66	372
66	382
66	392
66	402
66	412
66	422
66	433
67	180
67	190
67	198
67	205
67	211
67	217
67	223
67	229
67	236
67	243
67	250
67	258
67	266
67	275
67	285
67	296
68	167
68	176
68	183
68	189
68	193
68	198
68	202
68	206
68	210
68	213
68	217
68	221
68	224
68	228
68	232
68	236
68	240
68	244
68	248
68	253
68	257
68	262
68	267
68	272
68	277
68	283
68	289
68	295
68	301
68	308
68	315
68	322
68	329
68	336
68	344
68	352
68	360
68	368
68	377
68	386
68	395
68	405
68	415
68	426
68	438
69	161
69	170
69	177
69	182
69	187
69	191
69	194
69	198
69	201
69	204
69	208
69	211
69	214
69	217
69	220
69	224
69	227
69	230
69	234
69	237
69	241
69	245
69	248
69	253
69	257
69	261
69	266
69	270
69	275
69	280
69	285
69	290
69	296
69	301
69	307
69	312
69	318
69	323
69	329
69	334
69	339
69	344
69	349
69	354
69	359
69	364
69	369
69	374
69	379
69	384
69	389
69	394
69	399
69	404
69	409
69	415
69	421
69	427
69	434
69	441
69	448
69	456
69	465
69	474
69	484
69	496
70	169
70	179
70	187
70	194
70	201
70	207
70	214
70	220
70	227
70	234
70	241
70	249
70	257
70	265
70	274
70	283
70	292
70	301
70	310
70	319
70	327
70	334
70	341
70	347
70	353
70	359
70	365
70	370
70	376
70	381
70	386
70	391
70	396
70	401
70	406
70	411
70	417
70	423
70	429
70	435
70	442
70	449
70	456
70	463
70	471
70	479
70	487
70	496
70	506
71	166
71	176
71	184
71	192
71	199
71	206
71	212
71	218
71	224
71	230
71	236
71	242
71	248
71	254
71	260
71	266
71	272
71	278
71	285
71	291
71	298
71	305
71	312
71	319
71	327
71	335
71	343
71	351
71	359
71	368
71	377
71	386
71	395
71	404
71	413
71	422
71	430
71	438
71	445
71	452
71	459
71	466
71	474
71	482
71	490
71	499
72	157
72	165
72	172
72	178
72	183
72	188
72	193
72	197
72	202
72	206
72	210
72	214
72	218
72	222
72	226
72	230
72	233
72	237
72	241
72	244
72	248
72	252
72	255
72	259
72	263
72	267
72	271
72	275
72	279
72	283
72	287
72	291
72	295
72	299
72	303
72	307
72	311
72	315
72	319
72	324
72	328
72	333
72	338
72	343
72	348
72	353
72	358
72	364
72	369
72	375
72	381
72	387
72	393
72	399
72	405
72	411
72	417
72	423
72	429
72	434
72	440
72	445
72	451
72	457
72	463
72	470
72	477
72	485
72	495
73	154
73	163
73	170
73	176
73	182
73	187
73	192
73	197
73	202
73	207
73	212
73	217
73	222
73	227
73	232
73	237
73	242
73	247
73	253
73	258
73	264
73	270
73	276
73	282
73	288
73	294
73	300
73	306
73	312
73	318
73	323
73	329
73	334
73	339
73	344
73	349
73	354
73	359
73	364
73	369
73	374
73	379
73	384
73	389
73	394
73	399
73	404
73	409
73	414
73	419
73	424
73	429
73	435
73	441
73	448
73	455
73	463
73	471
73	480
73	490
74	470
74	482
74	494
75	200
75	211
75	221
75	230
75	239
75	248
75	256
75	264
75	272
75	280
75	289
75	298
75	307
75	317
75	327
75	339
75	448
75	458
75	467
75	475
75	483
75	491
75	499
75	508
75	518
76	181
76	192
76	201
76	209
76	216
76	223
76	230
76	236
76	242
76	248
76	254
76	260
76	266
76	272
76	278
76	284
76	290
76	296
76	302
76	308
76	315
76	321
76	328
76	335
76	342
76	350
76	358
76	366
76	375
76	384
76	393
76	403
76	413
76	423
76	432
76	441
76	450
76	459
76	468
76	477
76	486
76	496
76	507
77	217
77	228
77	239
77	249
77	259
77	269
77	279
77	289
77	299
77	309
77	320
77	331
77	342
77	354
77	366
77	379
-1	-1
