-1	-1
7	257
7	268
7	279
7	289
7	300
7	311
8	250
8	261
8	272
8	282
8	292
8	303
9	247
9	258
9	268
9	278
9	288
9	298
9	308
10	249
10	261
10	272
10	284
15	203
15	214
15	224
15	233
15	242
15	252
15	262
15	272
15	282
15	292
15	302
15	312
15	322
15	332
15	343
16	186
16	196
16	204
16	211
16	218
16	224
16	230
16	236
16	242
16	248
16	254
16	260
16	267
16	273
16	280
16	287
16	294
16	301
16	308
16	316
16	324
16	333
16	343
16	354
17	178
17	187
17	194
17	201
17	206
17	212
17	216
17	221
17	225
17	229
17	233
17	237
17	241
17	245
17	249
17	254
17	258
17	263
17	267
17	272
17	277
17	282
17	287
17	293
17	299
17	305
17	312
17	319
17	326
17	334
17	343
17	353
17	365
18	177
18	186
18	193
18	200
18	205
18	211
18	215
18	220
18	224
18	229
18	233
18	237
18	242
18	246
18	251
18	255
18	260
18	265
18	269
18	274
18	279
18	284
18	289
18	295
18	301
18	307
18	314
18	321
18	329
18	337
18	346
18	357
19	178
19	188
19	197
19	204
19	211
19	218
19	224
19	231
19	237
19	244
19	251
19	258
19	265
19	272
19	279
19	287
19	295
19	303
19	312
19	322
19	333
23	321
23	333
23	344
23	356
24	302
24	313
24	324
24	334
24	344
24	354
24	365
25	239
25	252
25	264
25	275
25	286
25	296
25	305
25	313
25	321
25	328
25	335
25	342
25	350
25	358
25	367
25	377
26	200
26	211
26	221
26	230
26	239
26	247
26	255
26	263
26	271
26	278
26	285
26	292
26	299
26	305
26	311
26	317
26	323
26	329
26	335
26	341
26	347
26	353
26	360
26	367
26	375
26	384
26	395
27	186
27	196
27	204
27	211
27	218
27	224
27	230
27	236
27	242
27	247
27	253
27	258
27	263
27	268
27	273
27	278
27	283
27	288
27	292
27	297
27	301
27	306
27	310
27	315
27	319
27	324
27	328
27	333
27	337
27	342
27	347
27	352
27	358
27	364
27	370
27	377
27	385
27	394
27	405
28	177
28	185
28	192
28	198
28	203
28	208
28	212
28	217
28	221
28	224
28	228
28	232
28	235
28	239
28	242
28	246
28	249
28	253
28	256
28	260
28	263
28	266
28	270
28	273
28	276
28	280
28	283
28	286
28	290
28	293
28	296
28	300
28	303
28	306
28	310
28	313
28	317
28	320
28	324
28	327
28	331
28	335
28	339
28	343
28	347
28	352
28	356
28	361
28	366
28	372
28	378
28	385
28	393
28	402
29	167
29	176
29	182
29	188
29	192
29	197
29	201
29	204
29	208
29	211
29	214
29	217
29	220
29	223
29	225
29	228
29	231
29	233
29	236
29	238
29	241
29	243
29	246
29	248
29	251
29	254
29	256
29	259
29	262
29	264
29	267
29	270
29	272
29	275
29	278
29	281
29	284
29	287
29	290
29	293
29	296
29	299
29	302
29	305
29	308
29	311
29	315
29	318
29	322
29	325
29	329
29	333
29	337
29	341
29	345
29	349
29	354
29	358
29	363
29	368
29	373
29	379
29	385
29	392
29	400
29	409
30	158
30	167
30	174
30	180
30	185
30	190
30	193
30	198
30	201
30	205
30	208
30	212
30	215
30	218
30	222
30	224
30	228
30	231
30	234
30	237
30	240
30	243
30	246
30	249
30	252
30	256
30	259
30	263
30	266
30	270
30	273
30	277
30	280
30	284
30	288
30	292
30	296
30	300
30	304
30	308
30	312
30	316
30	320
30	325
30	329
30	334
30	338
30	343
30	348
30	353
30	358
30	363
30	369
30	375
30	381
30	388
30	396
30	405
30	416
31	158
31	168
31	176
31	183
31	189
31	195
31	201
31	206
31	211
31	216
31	221
31	226
31	231
31	236
31	241
31	247
31	252
31	258
31	264
31	270
31	276
31	282
31	288
31	294
31	300
31	306
31	312
31	318
31	324
31	330
31	336
31	342
31	348
31	354
31	361
31	368
31	375
31	383
31	391
31	401
32	182
32	193
32	203
32	213
32	222
32	231
32	240
32	249
32	258
32	268
32	278
32	287
32	296
32	305
32	314
32	323
32	331
32	339
32	347
32	355
32	363
32	371
32	380
32	390
32	404
33	299
33	310
33	320
33	330
33	339
33	347
33	356
33	365
33	375
33	386
34	302
34	313
34	322
34	331
34	340
34	349
34	359
34	370
35	300
35	310
35	319
35	328
35	337
35	346
35	356
36	291
36	301
36	309
36	316
36	323
36	330
36	337
36	345
36	353
36	362
36	374
37	282
37	292
37	301
37	308
37	315
37	322
37	329
37	336
37	344
37	353
37	364
38	278
38	288
38	296
38	303
38	309
38	315
38	321
38	328
38	335
38	343
38	352
38	363
39	269
39	279
39	287
39	293
39	299
39	304
39	310
39	315
39	321
39	327
39	334
39	341
39	349
39	358
40	267
40	277
40	285
40	292
40	299
40	305
40	311
40	317
40	324
40	331
40	339
40	348
41	261
41	272
41	282
41	292
41	301
41	310
41	320
41	331
42	221
42	232
42	243
42	253
42	262
42	271
42	280
42	288
42	296
42	304
42	313
42	322
42	332
43	211
43	222
43	232
43	241
43	249
43	257
43	264
43	271
43	277
43	283
43	289
43	295
43	301
43	308
43	315
43	323
43	332
43	342
44	212
44	223
44	233
44	242
44	250
44	257
44	263
44	269
44	274
44	279
44	284
44	289
44	294
44	299
44	304
44	310
44	316
44	322
44	329
44	337
44	346
45	220
45	231
45	240
45	248
45	255
45	261
45	267
45	273
45	278
45	283
45	288
45	294
45	299
45	305
45	311
45	318
45	325
45	333
45	343
46	216
46	226
46	234
46	241
46	247
46	253
46	258
46	263
46	267
46	272
46	276
46	281
46	285
46	290
46	295
46	300
46	305
46	311
46	317
46	324
46	332
46	341
46	353
47	201
47	211
47	219
47	226
47	232
47	238
47	243
47	248
47	252
47	257
47	261
47	265
47	269
47	272
47	276
47	280
47	283
47	287
47	291
47	295
47	299
47	304
47	308
47	314
47	319
47	326
47	333
47	341
47	351
48	189
48	199
48	207
48	213
48	219
48	224
48	229
48	233
48	238
48	242
48	246
48	250
48	254
48	258
48	262
48	266
48	270
48	274
48	278
48	283
48	287
48	292
48	297
48	303
48	309
48	316
48	324
48	333
48	345
49	180
49	190
49	198
49	205
49	211
49	216
49	221
49	225
49	230
49	233
49	237
49	241
49	244
49	248
49	251
49	254
49	258
49	261
49	265
49	268
49	272
49	275
49	279
49	283
49	287
49	291
49	296
49	301
49	306
49	312
49	318
49	326
49	335
49	346
50	177
50	186
50	193
50	199
50	204
50	209
50	214
50	218
50	223
50	227
50	231
50	235
50	239
50	243
50	247
50	251
50	255
50	259
50	263
50	267
50	271
50	276
50	280
50	285
50	290
50	296
50	302
50	308
50	315
50	323
50	332
51	173
51	182
51	190
51	196
51	202
51	207
51	212
51	216
51	221
51	225
51	230
51	234
51	238
51	242
51	246
51	250
51	255
51	259
51	264
51	268
51	273
51	278
51	283
51	289
51	295
51	301
51	308
51	315
51	323
51	332
51	344
52	172
52	182
52	190
52	197
52	203
52	209
52	214
52	220
52	225
52	230
52	235
52	240
52	245
52	250
52	254
52	259
52	263
52	268
52	272
52	277
52	282
52	287
52	292
52	297
52	303
52	308
52	315
52	322
52	330
52	339
53	177
53	186
53	193
53	199
53	204
53	209
53	214
53	218
53	223
53	227
53	231
53	235
53	239
53	243
53	247
53	251
53	255
53	259
53	263
53	267
53	271
53	275
53	279
53	284
53	288
53	293
53	297
53	302
53	307
53	312
53	318
53	324
53	331
53	339
53	349
54	181
54	190
54	197
54	202
54	207
54	212
54	215
54	220
54	222
54	226
54	229
54	232
54	235
54	238
54	241
54	244
54	247
54	250
54	253
54	256
54	259
54	262
54	264
54	268
54	270
54	273
54	276
54	279
54	282
54	285
54	288
54	291
54	294
54	297
54	301
54	304
54	308
54	311
54	316
54	319
54	324
54	328
54	334
54	340
54	347
54	355
54	365
55	183
55	193
55	201
55	208
55	213
55	219
55	222
55	227
55	231
55	233
55	237
55	240
55	243
55	246
55	249
55	251
55	254
55	256
55	259
55	261
55	263
55	266
55	268
55	271
55	272
55	275
55	277
55	280
55	282
55	284
55	287
55	289
55	292
55	294
55	297
55	299
55	302
55	305
55	308
55	311
55	315
55	317
55	321
55	325
55	329
55	334
55	338
55	344
55	350
55	357
55	365
55	375
56	180
56	189
56	196
56	202
56	208
56	214
56	219
56	224
56	229
56	234
56	239
56	243
56	248
56	252
56	256
56	260
56	264
56	268
56	272
56	276
56	280
56	284
56	288
56	292
56	296
56	300
56	305
56	309
56	314
56	319
56	325
56	331
56	337
56	345
56	354
56	364
57	178
57	186
57	192
57	198
57	202
57	207
57	211
57	215
57	219
57	223
57	226
57	230
57	233
57	237
57	240
57	244
57	247
57	251
57	255
57	258
57	262
57	266
57	270
57	274
57	278
57	282
57	286
57	290
57	294
57	298
57	303
57	307
57	312
57	317
57	322
57	328
57	334
57	341
57	349
57	358
58	171
58	180
58	188
58	195
58	201
58	207
58	212
58	217
58	222
58	226
58	231
58	234
58	238
58	242
58	245
58	249
58	252
58	255
58	259
58	262
58	265
58	268
58	271
58	274
58	277
58	280
58	284
58	286
58	290
58	293
58	297
58	300
58	304
58	307
58	311
58	315
58	319
58	324
58	328
58	334
58	339
58	346
58	353
58	362
58	373
59	168
59	176
59	182
59	188
59	193
59	198
59	203
59	208
59	213
59	218
59	223
59	228
59	233
59	238
59	243
59	248
59	253
59	258
59	263
59	268
59	273
59	278
59	283
59	288
59	293
59	298
59	303
59	308
59	313
59	318
59	323
59	328
59	334
59	340
59	347
59	355
59	365
60	168
60	176
60	182
60	187
60	192
60	196
60	200
60	203
60	207
60	211
60	214
60	218
60	221
60	225
60	228
60	232
60	235
60	239
60	242
60	246
60	249
60	253
60	257
60	261
60	265
60	269
60	273
60	277
60	281
60	286
60	290
60	294
60	298
60	302
60	306
60	310
60	314
60	318
60	322
60	326
60	330
60	335
60	339
60	345
60	350
60	356
60	363
60	371
60	381
61	167
61	176
61	183
61	190
61	195
61	200
61	204
61	209
61	212
61	216
61	220
61	223
61	226
61	230
61	232
61	236
61	239
61	242
61	245
61	248
61	251
61	254
61	257
61	260
61	263
61	266
61	269
61	272
61	275
61	278
61	281
61	284
61	287
61	290
61	293
61	296
61	299
61	301
61	304
61	307
61	310
61	313
61	316
61	319
61	322
61	326
61	328
61	333
61	336
61	340
61	345
61	349
61	355
61	361
61	368
61	376
61	386
62	162
62	171
62	179
62	185
62	191
62	197
62	203
62	209
62	215
62	221
62	226
62	231
62	236
62	241
62	245
62	250
62	254
62	258
62	262
62	266
62	270
62	274
62	278
62	282
62	286
62	290
62	294
62	298
62	302
62	306
62	310
62	315
62	319
62	324
62	329
62	335
62	341
62	348
62	356
62	366
63	168
63	176
63	182
63	188
63	193
63	198
63	202
63	207
63	211
63	216
63	220
63	225
63	229
63	234
63	239
63	244
63	249
63	255
63	261
63	267
63	274
63	281
63	288
63	295
63	302
63	309
63	315
63	321
63	327
63	334
63	341
63	349
63	358
64	168
64	177
64	183
64	188
64	192
64	196
64	200
64	203
64	207
64	210
64	214
64	217
64	221
64	224
64	227
64	231
64	234
64	238
64	241
64	245
64	248
64	252
64	256
64	260
64	264
64	268
64	273
64	277
64	282
64	287
64	292
64	297
64	301
64	306
64	310
64	314
64	318
64	322
64	326
64	331
64	335
64	340
64	345
64	351
64	357
64	364
64	372
64	382
65	170
65	180
65	188
65	195
65	201
65	207
65	212
65	217
65	222
65	227
65	231
65	236
65	240
65	245
65	249
65	254
65	258
65	263
65	267
65	272
65	277
65	282
65	287
65	292
65	297
65	302
65	307
65	312
65	317
65	322
65	327
65	333
65	339
65	346
65	353
65	361
65	371
66	162
66	172
66	181
66	189
66	197
66	205
66	213
66	222
66	231
66	240
66	249
66	259
66	269
66	279
66	290
66	302
67	169
67	179
67	187
67	195
67	202
67	209
67	216
67	223
67	230
67	237
67	245
67	253
67	261
67	270
67	279
67	289
67	300
67	311
67	325
68	188
68	198
68	206
68	214
68	221
68	228
68	234
68	241
68	247
68	253
68	259
68	265
68	272
68	279
68	286
68	293
68	301
68	309
68	318
68	327
68	338
69	228
69	239
69	250
69	260
69	270
69	280
69	291
69	303
71	206
71	217
71	228
71	239
71	250
71	262
72	246
72	259
72	272
74	177
74	188
74	198
74	208
74	218
74	229
74	241
75	167
75	176
75	183
75	190
75	196
75	202
75	208
75	214
75	220
75	226
75	232
75	238
75	244
75	250
75	256
75	263
75	270
75	277
75	284
75	291
75	298
75	305
75	312
75	319
75	326
75	333
75	340
75	347
75	355
75	364
75	375
76	170
76	180
76	188
76	195
76	201
76	207
76	213
76	219
76	224
76	230
76	235
76	241
76	246
76	252
76	257
76	263
76	269
76	275
76	281
76	287
76	293
76	299
76	305
76	311
76	317
76	323
76	329
76	335
76	341
76	348
76	355
76	363
76	372
-1	-1
