-1	-1
11	290
11	304
12	278
12	290
12	301
12	312
12	323
12	335
13	259
13	271
13	282
13	293
13	303
13	313
13	323
13	334
13	347
14	238
14	249
14	259
14	268
14	277
14	285
14	293
14	301
14	309
14	317
14	326
14	335
14	345
14	356
15	227
15	237
15	246
15	254
15	262
15	269
15	276
15	283
15	289
15	295
15	301
15	307
15	313
15	319
15	326
15	333
15	340
15	347
15	355
15	363
15	372
15	382
15	393
15	404
15	415
16	230
16	240
16	249
16	257
16	264
16	271
16	277
16	283
16	289
16	294
16	300
16	305
16	310
16	315
16	320
16	325
16	330
16	335
16	340
16	345
16	351
16	357
16	363
16	369
16	376
16	383
16	391
16	399
16	408
16	418
16	429
17	228
17	238
17	247
17	254
17	261
17	266
17	272
17	277
17	282
17	286
17	291
17	294
17	299
17	302
17	307
17	310
17	314
17	318
17	322
17	326
17	330
17	333
17	337
17	341
17	345
17	349
17	353
17	357
17	361
17	366
17	370
17	375
17	380
17	386
17	392
17	398
17	405
17	413
17	422
17	433
18	218
18	228
18	236
18	243
18	250
18	255
18	261
18	265
18	270
18	273
18	278
18	281
18	285
18	288
18	292
18	295
18	298
18	302
18	304
18	308
18	311
18	314
18	317
18	320
18	323
18	326
18	329
18	332
18	335
18	338
18	341
18	345
18	348
18	351
18	355
18	358
18	362
18	366
18	370
18	374
18	378
18	383
18	388
18	393
18	399
18	405
18	412
18	420
18	430
19	211
19	221
19	229
19	236
19	242
19	248
19	253
19	259
19	263
19	268
19	272
19	277
19	281
19	285
19	289
19	293
19	297
19	300
19	304
19	307
19	311
19	314
19	318
19	322
19	325
19	329
19	333
19	337
19	341
19	345
19	349
19	354
19	358
19	363
19	368
19	373
19	378
19	384
19	390
19	397
19	405
19	414
19	424
20	218
20	228
20	236
20	243
20	250
20	256
20	262
20	268
20	274
20	280
20	286
20	292
20	298
20	304
20	310
20	316
20	322
20	328
20	334
20	341
20	348
20	355
20	363
20	371
20	380
20	390
21	238
21	249
21	259
21	268
21	277
21	285
21	293
21	301
21	309
21	317
21	325
21	333
21	342
21	351
21	361
21	373
22	270
22	282
22	293
22	303
22	313
22	323
22	333
22	343
22	354
23	311
23	323
23	335
25	278
25	289
25	299
25	309
25	319
25	329
25	339
25	350
25	363
26	270
26	281
26	290
26	299
26	307
26	315
26	322
26	330
26	338
26	346
26	354
26	363
26	372
26	381
26	390
26	399
26	409
26	419
26	429
26	439
26	450
26	463
27	257
27	268
27	277
27	285
27	292
27	299
27	305
27	311
27	316
27	322
27	327
27	333
27	339
27	345
27	351
27	357
27	364
27	371
27	378
27	385
27	392
27	399
27	406
27	413
27	420
27	427
27	435
27	443
27	451
27	459
27	468
27	478
28	241
28	251
28	260
28	268
28	275
28	281
28	287
28	292
28	297
28	302
28	307
28	311
28	316
28	320
28	325
28	329
28	334
28	338
28	343
28	347
28	352
28	357
28	362
28	367
28	372
28	377
28	382
28	387
28	392
28	397
28	402
28	407
28	412
28	417
28	422
28	427
28	433
28	438
28	444
28	450
28	456
28	463
28	471
28	479
28	489
29	228
29	238
29	246
29	253
29	259
29	264
29	270
29	275
29	280
29	285
29	290
29	294
29	299
29	303
29	308
29	312
29	317
29	321
29	325
29	330
29	334
29	338
29	343
29	347
29	352
29	356
29	361
29	365
29	370
29	374
29	379
29	383
29	388
29	392
29	397
29	401
29	405
29	409
29	413
29	417
29	422
29	426
29	431
29	436
29	441
29	447
29	453
29	459
29	466
29	474
29	482
29	492
30	218
30	227
30	234
30	241
30	246
30	251
30	256
30	260
30	265
30	269
30	273
30	277
30	281
30	285
30	289
30	293
30	297
30	301
30	305
30	309
30	313
30	317
30	321
30	325
30	329
30	333
30	337
30	341
30	345
30	349
30	353
30	357
30	361
30	365
30	369
30	373
30	377
30	382
30	386
30	391
30	395
30	400
30	404
30	409
30	413
30	418
30	423
30	428
30	434
30	439
30	445
30	452
30	459
30	467
30	476
30	486
31	211
31	220
31	228
31	234
31	240
31	245
31	250
31	254
31	259
31	263
31	267
31	272
31	276
31	280
31	284
31	288
31	292
31	296
31	300
31	304
31	308
31	312
31	316
31	320
31	324
31	328
31	332
31	336
31	340
31	344
31	348
31	353
31	357
31	362
31	366
31	371
31	376
31	381
31	386
31	391
31	396
31	402
31	407
31	413
31	419
31	425
31	431
31	438
31	445
31	453
31	461
31	470
31	480
32	209
32	218
32	225
32	232
32	239
32	245
32	251
32	257
32	263
32	269
32	275
32	281
32	287
32	293
32	299
32	305
32	311
32	317
32	323
32	329
32	335
32	341
32	347
32	353
32	359
32	365
32	371
32	378
32	385
32	392
32	399
32	406
32	413
32	420
32	428
32	436
32	444
32	452
32	461
32	470
32	480
33	212
33	222
33	231
33	240
33	248
33	256
33	264
33	272
33	281
33	289
33	297
33	305
33	313
33	321
33	329
33	337
33	345
33	353
33	361
33	369
33	377
33	385
33	393
33	400
33	407
33	414
33	421
33	428
33	435
33	442
33	449
33	456
33	463
33	471
33	479
33	488
33	499
34	276
34	288
34	299
34	309
34	319
34	329
34	339
34	349
34	359
34	368
34	377
34	386
34	394
34	401
34	408
34	414
34	420
34	426
34	432
34	438
34	444
34	450
34	456
34	462
34	468
34	475
34	482
34	490
34	499
34	510
35	331
35	343
35	355
35	366
35	376
35	385
35	393
35	400
35	407
35	413
35	419
35	425
35	431
35	437
35	443
35	449
35	455
35	462
35	469
35	476
35	484
35	493
35	504
36	316
36	328
36	339
36	349
36	359
36	368
36	376
36	383
36	390
36	396
36	402
36	408
36	414
36	420
36	426
36	432
36	439
36	446
36	454
36	463
36	473
37	319
37	330
37	341
37	351
37	360
37	369
37	376
37	382
37	388
37	393
37	399
37	404
37	409
37	415
37	421
37	427
37	434
37	441
37	449
37	458
37	470
38	321
38	332
38	342
38	352
38	360
38	367
38	373
38	379
38	384
38	389
38	394
38	399
38	404
38	409
38	415
38	420
38	426
38	433
38	440
38	448
38	457
39	328
39	339
39	349
39	358
39	365
39	372
39	378
39	384
39	389
39	395
39	401
39	407
39	413
39	419
39	426
39	434
39	443
39	454
40	327
40	338
40	348
40	357
40	365
40	372
40	379
40	386
40	393
40	400
40	408
40	416
40	425
40	435
41	317
41	328
41	337
41	345
41	352
41	359
41	365
41	371
41	377
41	383
41	389
41	396
41	403
41	411
41	419
41	428
41	439
42	310
42	321
42	330
42	338
42	345
42	351
42	356
42	361
42	366
42	371
42	376
42	381
42	386
42	391
42	397
42	403
42	409
42	416
42	424
42	432
42	442
43	308
43	319
43	328
43	336
43	343
43	349
43	354
43	359
43	364
43	369
43	374
43	379
43	384
43	389
43	395
43	401
43	407
43	414
43	422
43	430
43	440
44	297
44	308
44	317
44	325
44	332
44	339
44	345
44	351
44	357
44	363
44	369
44	375
44	381
44	387
44	394
44	402
44	411
44	421
45	281
45	292
45	301
45	309
45	315
45	321
45	326
45	331
45	336
45	341
45	345
45	350
45	355
45	359
45	364
45	369
45	375
45	381
45	387
45	394
45	402
45	411
46	270
46	280
46	289
46	296
46	302
46	308
46	312
46	317
46	321
46	325
46	329
46	333
46	336
46	340
46	344
46	347
46	351
46	355
46	359
46	363
46	367
46	372
46	376
46	381
46	386
46	392
46	398
46	405
46	413
46	423
47	260
47	270
47	278
47	284
47	290
47	294
47	299
47	302
47	306
47	310
47	313
47	317
47	320
47	324
47	327
47	331
47	334
47	337
47	341
47	344
47	348
47	351
47	355
47	359
47	363
47	367
47	371
47	376
47	381
47	386
47	392
47	398
47	405
47	413
47	422
48	251
48	260
48	268
48	273
48	279
48	283
48	287
48	291
48	294
48	298
48	301
48	303
48	307
48	309
48	312
48	315
48	318
48	321
48	323
48	326
48	329
48	332
48	335
48	338
48	341
48	344
48	347
48	350
48	354
48	357
48	361
48	365
48	368
48	373
48	377
48	382
48	387
48	392
48	398
48	405
48	413
48	422
48	434
49	241
49	251
49	259
49	265
49	271
49	275
49	280
49	284
49	288
49	292
49	296
49	300
49	303
49	307
49	310
49	314
49	317
49	321
49	324
49	328
49	332
49	336
49	339
49	344
49	347
49	352
49	356
49	361
49	366
49	371
49	377
49	383
49	389
49	396
49	404
49	413
49	425
50	236
50	244
50	251
50	257
50	262
50	266
50	271
50	274
50	279
50	282
50	286
50	290
50	293
50	297
50	300
50	304
50	307
50	311
50	314
50	318
50	321
50	325
50	328
50	332
50	336
50	339
50	344
50	347
50	352
50	356
50	361
50	366
50	371
50	376
50	382
50	388
50	395
50	403
50	412
50	423
51	229
51	238
51	244
51	250
51	254
51	259
51	263
51	267
51	271
51	274
51	278
51	282
51	285
51	289
51	292
51	296
51	299
51	303
51	306
51	310
51	314
51	317
51	321
51	325
51	329
51	333
51	337
51	342
51	346
51	351
51	356
51	361
51	366
51	372
51	378
51	384
51	391
51	398
51	406
51	416
52	223
52	232
52	239
52	244
52	250
52	254
52	259
52	263
52	267
52	271
52	275
52	279
52	283
52	287
52	291
52	295
52	299
52	303
52	307
52	312
52	316
52	321
52	325
52	330
52	335
52	340
52	345
52	350
52	356
52	361
52	367
52	373
52	379
52	386
52	393
52	401
52	410
52	422
53	221
53	230
53	237
53	243
53	249
53	253
53	258
53	262
53	267
53	271
53	276
53	280
53	285
53	289
53	294
53	298
53	303
53	307
53	312
53	316
53	321
53	325
53	330
53	335
53	340
53	345
53	350
53	356
53	361
53	367
53	373
53	379
53	386
53	393
53	401
53	410
53	422
54	219
54	229
54	237
54	243
54	249
54	255
54	261
54	266
54	272
54	277
54	283
54	288
54	294
54	299
54	305
54	311
54	317
54	323
54	329
54	336
54	343
54	350
54	357
54	364
54	371
54	379
54	387
54	396
54	406
54	417
55	212
55	221
55	228
55	234
55	240
55	245
55	250
55	255
55	260
55	265
55	270
55	275
55	280
55	286
55	291
55	297
55	303
55	309
55	315
55	321
55	328
55	335
55	342
55	349
55	356
55	363
55	370
55	377
55	384
55	392
55	400
55	409
55	419
56	209
56	218
56	224
56	230
56	235
56	240
56	245
56	250
56	254
56	259
56	263
56	268
56	272
56	277
56	282
56	287
56	292
56	297
56	302
56	307
56	312
56	317
56	322
56	327
56	332
56	337
56	342
56	347
56	352
56	357
56	362
56	367
56	373
56	378
56	384
56	390
56	396
56	403
56	410
56	418
56	427
56	437
57	209
57	218
57	226
57	233
57	240
57	246
57	252
57	258
57	263
57	268
57	273
57	278
57	282
57	287
57	291
57	295
57	299
57	303
57	306
57	310
57	313
57	317
57	320
57	323
57	327
57	330
57	333
57	336
57	339
57	343
57	345
57	349
57	352
57	355
57	359
57	362
57	366
57	369
57	373
57	377
57	380
57	385
57	388
57	393
57	397
57	402
57	407
57	412
57	418
57	424
57	431
57	439
57	448
57	459
58	207
58	216
58	223
58	230
58	237
58	243
58	249
58	254
58	259
58	263
58	268
58	271
58	275
58	279
58	282
58	285
58	289
58	292
58	295
58	298
58	301
58	303
58	306
58	309
58	311
58	314
58	317
58	319
58	322
58	324
58	327
58	329
58	332
58	334
58	337
58	339
58	341
58	344
58	346
58	349
58	351
58	354
58	356
58	359
58	361
58	364
58	366
58	369
58	372
58	375
58	377
58	380
58	384
58	386
58	390
58	393
58	397
58	400
58	404
58	408
58	412
58	417
58	422
58	427
58	433
58	440
58	448
58	457
58	468
59	203
59	212
59	220
59	227
59	233
59	239
59	244
59	250
59	254
59	259
59	263
59	267
59	271
59	275
59	279
59	282
59	286
59	289
59	293
59	296
59	300
59	303
59	307
59	310
59	314
59	317
59	321
59	324
59	328
59	332
59	335
59	339
59	343
59	346
59	350
59	354
59	357
59	361
59	365
59	368
59	372
59	376
59	379
59	383
59	387
59	391
59	395
59	399
59	404
59	408
59	413
59	418
59	424
59	430
59	437
59	445
59	455
60	208
60	218
60	226
60	233
60	240
60	246
60	251
60	256
60	261
60	266
60	270
60	275
60	279
60	283
60	287
60	291
60	295
60	299
60	302
60	306
60	309
60	313
60	316
60	320
60	323
60	327
60	330
60	334
60	337
60	341
60	345
60	348
60	352
60	356
60	360
60	364
60	368
60	372
60	376
60	380
60	384
60	388
60	392
60	397
60	401
60	406
60	411
60	417
60	423
60	430
60	438
60	448
61	217
61	226
61	233
61	240
61	245
61	251
61	254
61	259
61	262
61	266
61	270
61	273
61	277
61	280
61	283
61	286
61	289
61	292
61	295
61	298
61	301
61	304
61	307
61	310
61	313
61	315
61	319
61	321
61	324
61	327
61	330
61	333
61	336
61	339
61	342
61	345
61	348
61	351
61	355
61	358
61	361
61	365
61	368
61	372
61	376
61	380
61	384
61	388
61	393
61	397
61	402
61	407
61	413
61	419
61	426
61	435
61	446
62	218
62	227
62	234
62	240
62	245
62	250
62	254
62	258
62	262
62	265
62	269
62	272
62	275
62	279
62	282
62	285
62	289
62	292
62	296
62	299
62	303
62	306
62	310
62	314
62	318
62	322
62	326
62	330
62	335
62	339
62	344
62	349
62	354
62	359
62	364
62	369
62	374
62	379
62	384
62	389
62	395
62	400
62	406
62	412
62	419
62	427
62	436
62	447
63	218
63	228
63	235
63	242
63	247
63	253
63	258
63	263
63	268
63	273
63	277
63	282
63	286
63	291
63	295
63	300
63	304
63	309
63	313
63	318
63	322
63	327
63	331
63	336
63	340
63	345
63	350
63	355
63	360
63	365
63	370
63	375
63	380
63	385
63	390
63	395
63	400
63	405
63	411
63	417
63	424
63	431
63	440
63	450
64	209
64	218
64	225
64	231
64	237
64	242
64	246
64	251
64	255
64	259
64	263
64	267
64	271
64	275
64	279
64	283
64	287
64	291
64	295
64	299
64	303
64	307
64	311
64	315
64	319
64	323
64	327
64	331
64	335
64	339
64	344
64	348
64	353
64	358
64	363
64	368
64	373
64	378
64	383
64	388
64	394
64	399
64	405
64	411
64	418
64	426
64	435
64	446
65	206
65	213
65	220
65	224
65	229
65	233
65	237
65	241
65	244
65	248
65	252
65	255
65	259
65	263
65	266
65	270
65	274
65	278
65	282
65	286
65	290
65	295
65	299
65	304
65	309
65	314
65	320
65	326
65	332
65	339
65	346
65	354
65	362
65	370
65	379
65	388
65	397
65	407
65	418
66	201
66	210
66	215
66	221
66	224
66	229
66	232
66	236
66	239
66	243
66	246
66	250
66	253
66	257
66	260
66	264
66	267
66	271
66	275
66	279
66	283
66	287
66	291
66	296
66	300
66	305
66	310
66	315
66	320
66	326
66	332
66	338
66	344
66	351
66	358
66	365
66	373
66	381
66	390
66	399
66	409
66	423
67	203
67	212
67	219
67	226
67	232
67	238
67	244
67	249
67	255
67	260
67	266
67	272
67	278
67	284
67	290
67	296
67	302
67	308
67	314
67	320
67	327
67	334
67	341
67	348
67	356
67	364
67	372
67	381
67	390
67	400
67	413
68	200
68	209
68	217
68	224
68	231
68	237
68	243
68	249
68	255
68	262
68	269
68	276
68	283
68	291
68	299
68	308
68	318
68	328
68	340
69	202
69	212
69	220
69	227
69	234
69	241
69	248
69	255
69	262
69	269
69	276
69	284
69	292
69	300
69	309
69	318
69	327
69	337
69	348
69	360
70	210
70	221
70	231
70	240
70	249
70	258
70	267
70	276
70	285
70	294
70	303
70	313
70	323
70	333
70	343
70	354
70	365
70	376
70	388
71	211
71	222
71	232
71	241
71	250
71	259
71	268
71	277
71	287
71	297
71	308
71	320
71	361
71	372
71	382
71	392
71	402
71	412
71	423
72	209
72	219
72	227
72	234
72	241
72	248
72	254
72	260
72	266
72	272
72	278
72	285
72	291
72	298
72	305
72	312
72	320
72	328
72	336
72	345
72	354
72	363
72	371
72	379
72	387
72	394
72	401
72	408
72	416
72	424
72	433
72	444
73	212
73	222
73	231
73	239
73	246
73	253
73	259
73	265
73	271
73	277
73	283
73	289
73	295
73	301
73	307
73	313
73	319
73	325
73	331
73	337
73	343
73	350
73	357
73	364
73	371
73	379
73	387
73	395
73	404
73	413
73	423
73	435
74	270
74	282
74	293
74	304
74	315
74	326
74	337
74	348
74	360
74	372
74	384
74	396
-1	-1
