-1	-1
10	242
10	253
10	264
10	275
10	286
10	297
10	309
11	218
11	229
11	239
11	248
11	257
11	265
11	273
11	281
11	289
11	297
11	306
11	315
11	325
11	336
12	198
12	208
12	217
12	225
12	233
12	240
12	247
12	253
12	259
12	265
12	271
12	277
12	283
12	289
12	295
12	301
12	308
12	315
12	322
12	330
12	339
12	349
13	183
13	193
13	202
13	210
13	217
13	223
13	229
13	235
13	241
13	246
13	251
13	256
13	261
13	265
13	270
13	275
13	279
13	284
13	289
13	294
13	299
13	304
13	309
13	315
13	321
13	327
13	334
13	341
13	349
13	359
14	170
14	180
14	189
14	197
14	204
14	210
14	216
14	221
14	226
14	231
14	236
14	241
14	245
14	250
14	254
14	259
14	263
14	267
14	272
14	276
14	281
14	285
14	290
14	295
14	300
14	305
14	310
14	316
14	322
14	328
14	335
14	343
14	352
14	363
15	162
15	172
15	180
15	187
15	194
15	200
15	206
15	212
15	217
15	223
15	228
15	233
15	238
15	243
15	248
15	253
15	258
15	263
15	268
15	273
15	279
15	284
15	290
15	296
15	302
15	309
15	316
15	324
15	332
15	342
15	355
16	166
16	175
16	184
16	192
16	200
16	207
16	214
16	221
16	228
16	235
16	242
16	249
16	256
16	263
16	271
16	279
16	287
16	296
16	306
16	317
17	170
17	181
17	191
17	201
17	210
17	219
17	228
17	237
17	246
17	255
17	264
17	273
17	283
17	293
17	305
18	181
18	193
18	204
18	215
18	226
18	237
18	248
18	258
18	269
18	281
19	189
19	201
19	213
19	225
19	237
19	248
19	259
19	270
19	281
20	180
20	192
20	203
20	214
20	225
20	236
20	247
20	258
20	269
20	280
21	180
21	192
21	203
21	214
21	225
21	235
21	245
21	254
21	263
21	272
21	281
21	291
21	303
22	187
22	199
22	210
22	220
22	230
22	239
22	248
22	256
22	263
22	270
22	277
22	285
22	293
22	302
22	312
23	171
23	182
23	192
23	201
23	210
23	219
23	227
23	234
23	241
23	247
23	253
23	259
23	264
23	269
23	274
23	279
23	285
23	291
23	297
23	304
23	311
23	319
23	328
24	167
24	176
24	184
24	192
24	200
24	207
24	214
24	221
24	228
24	234
24	240
24	245
24	250
24	254
24	259
24	263
24	268
24	272
24	276
24	281
24	285
24	290
24	295
24	300
24	305
24	311
24	317
24	324
24	332
24	341
24	354
25	161
25	170
25	178
25	185
25	192
25	199
25	206
25	213
25	220
25	227
25	233
25	240
25	245
25	251
25	256
25	261
25	265
25	270
25	274
25	278
25	282
25	286
25	290
25	295
25	299
25	304
25	309
25	314
25	320
25	326
25	333
25	341
25	350
26	167
26	177
26	186
26	195
26	204
26	213
26	222
26	231
26	240
26	248
26	256
26	263
26	269
26	274
26	280
26	285
26	290
26	295
26	300
26	305
26	311
26	317
26	324
26	331
26	339
26	348
27	180
27	192
27	204
27	216
27	228
27	239
27	249
27	258
27	267
27	275
27	282
27	289
27	296
27	303
27	310
27	317
27	325
27	334
27	344
28	261
28	273
28	284
28	294
28	303
28	312
28	322
28	332
29	281
29	292
29	302
29	312
29	322
29	332
29	344
30	296
30	307
30	317
30	327
30	338
30	442
30	455
31	300
31	311
31	321
31	331
31	341
31	352
31	436
31	447
31	458
32	301
32	312
32	322
32	331
32	340
32	349
32	359
32	370
32	412
32	424
32	435
32	445
32	455
32	466
33	308
33	319
33	329
33	338
33	347
33	356
33	365
33	375
33	385
33	396
33	406
33	415
33	424
33	433
33	441
33	449
33	458
33	467
33	477
33	488
34	317
34	328
34	338
34	347
34	356
34	365
34	374
34	383
34	392
34	400
34	408
34	416
34	424
34	432
34	440
34	448
34	456
34	464
34	472
34	481
34	491
34	503
35	307
35	319
35	330
35	340
35	349
35	357
35	365
35	373
35	380
35	387
35	394
35	401
35	408
35	415
35	422
35	429
35	436
35	443
35	450
35	457
35	464
35	472
35	480
35	489
35	499
36	268
36	280
36	292
36	303
36	313
36	323
36	332
36	341
36	349
36	357
36	364
36	371
36	377
36	383
36	389
36	395
36	401
36	407
36	412
36	418
36	423
36	429
36	435
36	441
36	447
36	453
36	460
36	467
36	474
36	482
36	490
36	499
36	510
37	231
37	243
37	255
37	266
37	277
37	287
37	297
37	307
37	316
37	325
37	334
37	342
37	350
37	357
37	364
37	371
37	377
37	383
37	389
37	394
37	400
37	405
37	410
37	415
37	420
37	425
37	430
37	435
37	440
37	446
37	451
37	457
37	463
37	470
37	477
37	485
37	494
37	504
38	221
38	233
38	245
38	256
38	267
38	277
38	287
38	296
38	305
38	314
38	322
38	330
38	338
38	346
38	353
38	360
38	367
38	373
38	379
38	385
38	391
38	396
38	402
38	407
38	412
38	417
38	422
38	427
38	432
38	437
38	443
38	448
38	454
38	460
38	467
38	474
38	482
38	491
38	501
39	192
39	204
39	215
39	226
39	237
39	247
39	257
39	266
39	275
39	284
39	292
39	300
39	308
39	316
39	323
39	330
39	337
39	343
39	349
39	355
39	361
39	366
39	371
39	376
39	381
39	385
39	390
39	394
39	399
39	403
39	408
39	412
39	417
39	421
39	426
39	430
39	435
39	440
39	445
39	451
39	457
39	464
39	471
39	479
39	488
39	498
40	179
40	190
40	200
40	210
40	219
40	228
40	237
40	246
40	254
40	262
40	270
40	277
40	284
40	290
40	296
40	302
40	308
40	313
40	318
40	323
40	328
40	333
40	338
40	342
40	347
40	351
40	355
40	360
40	363
40	368
40	371
40	375
40	379
40	382
40	386
40	389
40	393
40	396
40	400
40	403
40	407
40	410
40	414
40	417
40	421
40	425
40	428
40	433
40	437
40	442
40	447
40	452
40	457
40	463
40	469
40	476
40	484
40	493
40	504
41	177
41	188
41	198
41	207
41	216
41	224
41	232
41	240
41	248
41	256
41	263
41	270
41	277
41	283
41	289
41	294
41	300
41	304
41	309
41	313
41	318
41	322
41	326
41	330
41	334
41	338
41	342
41	346
41	350
41	353
41	357
41	360
41	363
41	367
41	370
41	373
41	376
41	380
41	382
41	386
41	389
41	392
41	395
41	398
41	401
41	404
41	407
41	410
41	413
41	416
41	419
41	423
41	426
41	430
41	434
41	438
41	442
41	447
41	451
41	456
41	461
41	467
41	473
41	480
41	488
41	497
42	176
42	187
42	197
42	206
42	214
42	222
42	230
42	238
42	246
42	254
42	262
42	270
42	277
42	284
42	291
42	297
42	303
42	308
42	313
42	318
42	323
42	328
42	332
42	337
42	341
42	345
42	349
42	352
42	356
42	360
42	363
42	367
42	370
42	374
42	377
42	381
42	384
42	387
42	391
42	394
42	397
42	401
42	404
42	408
42	411
42	415
42	419
42	423
42	427
42	432
42	436
42	441
42	446
42	452
42	458
42	465
42	473
42	482
42	494
43	173
43	184
43	193
43	202
43	210
43	217
43	224
43	231
43	238
43	244
43	251
43	257
43	263
43	269
43	275
43	281
43	287
43	292
43	297
43	302
43	307
43	311
43	316
43	320
43	324
43	328
43	332
43	336
43	340
43	343
43	347
43	351
43	354
43	358
43	361
43	365
43	368
43	372
43	375
43	379
43	382
43	386
43	389
43	393
43	397
43	401
43	405
43	409
43	414
43	418
43	423
43	428
43	433
43	439
43	445
43	452
43	460
43	469
44	167
44	177
44	185
44	193
44	200
44	207
44	213
44	219
44	224
44	229
44	234
44	239
44	243
44	248
44	252
44	257
44	261
44	266
44	270
44	275
44	279
44	283
44	287
44	291
44	295
44	299
44	303
44	307
44	311
44	314
44	318
44	321
44	325
44	328
44	332
44	335
44	338
44	342
44	345
44	348
44	352
44	355
44	358
44	362
44	365
44	368
44	372
44	375
44	379
44	382
44	386
44	389
44	393
44	397
44	401
44	405
44	409
44	414
44	418
44	424
44	429
44	435
44	442
44	450
44	459
45	158
45	167
45	174
45	181
45	186
45	192
45	197
45	202
45	207
45	212
45	216
45	221
45	224
45	229
45	232
45	236
45	240
45	243
45	246
45	250
45	252
45	256
45	259
45	262
45	265
45	268
45	271
45	274
45	277
45	280
45	283
45	286
45	289
45	293
45	296
45	299
45	303
45	306
45	310
45	313
45	317
45	320
45	324
45	327
45	331
45	334
45	338
45	341
45	345
45	348
45	352
45	355
45	359
45	362
45	366
45	369
45	373
45	377
45	380
45	384
45	388
45	392
45	396
45	400
45	405
45	409
45	414
45	419
45	425
45	431
45	438
45	446
45	456
46	153
46	162
46	169
46	175
46	181
46	185
46	190
46	194
46	198
46	202
46	206
46	210
46	213
46	217
46	221
46	224
46	228
46	231
46	235
46	238
46	241
46	244
46	247
46	250
46	253
46	255
46	258
46	261
46	263
46	266
46	268
46	271
46	273
46	276
46	278
46	281
46	283
46	286
46	288
46	291
46	293
46	296
46	298
46	301
46	304
46	306
46	309
46	312
46	315
46	317
46	320
46	323
46	326
46	329
46	332
46	335
46	338
46	341
46	344
46	347
46	350
46	354
46	357
46	360
46	364
46	367
46	371
46	375
46	378
46	382
46	386
46	390
46	394
46	398
46	403
46	408
46	413
46	418
46	424
46	431
46	439
46	448
46	459
47	156
47	165
47	172
47	178
47	183
47	188
47	192
47	195
47	200
47	202
47	206
47	209
47	212
47	215
47	218
47	221
47	224
47	227
47	230
47	233
47	236
47	239
47	242
47	245
47	248
47	251
47	254
47	257
47	260
47	263
47	266
47	269
47	272
47	274
47	277
47	280
47	282
47	285
47	288
47	290
47	293
47	295
47	298
47	300
47	303
47	305
47	308
47	310
47	313
47	315
47	318
47	320
47	323
47	326
47	328
47	331
47	334
47	337
47	339
47	343
47	346
47	349
47	352
47	356
47	359
47	363
47	366
47	370
47	374
47	377
47	382
47	386
47	390
47	395
47	399
47	405
47	410
47	416
47	422
47	429
47	437
47	446
47	457
48	157
48	165
48	172
48	178
48	183
48	188
48	192
48	196
48	200
48	203
48	207
48	211
48	213
48	217
48	220
48	223
48	226
48	229
48	232
48	235
48	238
48	241
48	244
48	247
48	250
48	253
48	256
48	259
48	262
48	265
48	268
48	272
48	275
48	278
48	282
48	285
48	289
48	293
48	296
48	300
48	304
48	308
48	312
48	316
48	320
48	324
48	328
48	333
48	337
48	342
48	346
48	351
48	355
48	360
48	365
48	370
48	375
48	380
48	386
48	391
48	397
48	403
48	410
48	417
48	425
48	434
48	445
49	158
49	167
49	174
49	180
49	186
49	191
49	197
49	202
49	207
49	212
49	216
49	221
49	224
49	229
49	232
49	236
49	240
49	243
49	247
49	250
49	254
49	257
49	261
49	264
49	268
49	271
49	275
49	279
49	283
49	287
49	292
49	296
49	301
49	306
49	311
49	317
49	322
49	328
49	333
49	339
49	344
49	350
49	356
49	362
49	368
49	374
49	381
49	388
49	395
49	402
49	410
49	419
49	429
50	161
50	171
50	179
50	185
50	191
50	196
50	201
50	206
50	211
50	215
50	220
50	224
50	229
50	233
50	238
50	242
50	247
50	252
50	257
50	262
50	267
50	272
50	277
50	283
50	289
50	295
50	301
50	308
50	315
50	322
50	328
50	335
50	341
50	348
50	355
50	362
50	369
50	376
50	384
50	392
50	400
50	409
50	419
51	162
51	171
51	179
51	185
51	191
51	195
51	200
51	203
51	208
51	211
51	215
51	218
51	222
51	225
51	229
51	232
51	236
51	239
51	243
51	246
51	250
51	253
51	257
51	261
51	265
51	269
51	273
51	277
51	281
51	286
51	290
51	295
51	300
51	305
51	310
51	316
51	321
51	327
51	333
51	339
51	346
51	353
51	360
51	367
51	374
51	382
51	390
51	399
51	408
51	418
52	162
52	171
52	179
52	185
52	191
52	197
52	202
52	207
52	212
52	216
52	221
52	224
52	228
52	232
52	235
52	239
52	242
52	245
52	248
52	251
52	254
52	257
52	260
52	263
52	266
52	269
52	271
52	275
52	277
52	280
52	283
52	286
52	289
52	292
52	295
52	298
52	301
52	304
52	307
52	310
52	314
52	317
52	320
52	324
52	327
52	331
52	334
52	338
52	342
52	346
52	350
52	355
52	359
52	364
52	369
52	374
52	379
52	385
52	391
52	397
52	404
52	411
52	419
52	428
52	437
52	448
53	162
53	171
53	179
53	185
53	191
53	197
53	203
53	209
53	214
53	220
53	225
53	230
53	234
53	239
53	242
53	246
53	250
53	252
53	256
53	259
53	261
53	264
53	267
53	269
53	272
53	274
53	276
53	279
53	281
53	283
53	285
53	288
53	290
53	292
53	294
53	296
53	298
53	301
53	302
53	304
53	307
53	309
53	310
53	313
53	315
53	317
53	319
53	321
53	324
53	325
53	328
53	330
53	332
53	335
53	337
53	339
53	342
53	345
53	347
53	350
53	353
53	356
53	358
53	362
53	365
53	368
53	372
53	375
53	379
53	383
53	387
53	391
53	396
53	400
53	405
53	410
53	416
53	422
53	428
53	435
53	443
53	452
53	462
54	162
54	171
54	179
54	185
54	191
54	195
54	200
54	204
54	208
54	212
54	216
54	220
54	224
54	228
54	232
54	236
54	241
54	245
54	250
54	254
54	259
54	262
54	266
54	270
54	272
54	276
54	279
54	282
54	284
54	287
54	290
54	292
54	294
54	297
54	299
54	301
54	303
54	305
54	307
54	309
54	311
54	313
54	315
54	317
54	319
54	321
54	323
54	325
54	327
54	329
54	331
54	334
54	335
54	338
54	340
54	342
54	345
54	347
54	349
54	352
54	355
54	357
54	360
54	363
54	365
54	368
54	371
54	374
54	377
54	380
54	383
54	387
54	390
54	394
54	397
54	402
54	406
54	410
54	415
54	420
54	426
54	432
54	438
54	445
54	453
54	462
54	473
55	162
55	171
55	178
55	183
55	188
55	192
55	195
55	199
55	202
55	204
55	208
55	210
55	213
55	216
55	218
55	221
55	223
55	226
55	229
55	231
55	234
55	237
55	239
55	242
55	245
55	247
55	250
55	253
55	256
55	259
55	262
55	265
55	268
55	272
55	275
55	279
55	282
55	286
55	290
55	293
55	297
55	301
55	305
55	309
55	313
55	317
55	321
55	325
55	329
55	333
55	337
55	341
55	345
55	349
55	353
55	356
55	360
55	363
55	367
55	370
55	374
55	377
55	381
55	385
55	388
55	393
55	397
55	401
55	406
55	410
55	415
55	420
55	426
55	432
55	438
55	445
55	453
55	462
55	474
56	163
56	171
56	178
56	183
56	188
56	192
56	197
56	201
56	204
56	208
56	211
56	214
56	217
56	220
56	222
56	225
56	228
56	230
56	233
56	235
56	238
56	240
56	242
56	245
56	247
56	249
56	252
56	254
56	256
56	259
56	261
56	264
56	266
56	268
56	271
56	274
56	276
56	279
56	281
56	284
56	287
56	289
56	293
56	295
56	299
56	302
56	305
56	309
56	312
56	316
56	319
56	323
56	326
56	330
56	333
56	337
56	340
56	343
56	346
56	349
56	352
56	355
56	358
56	361
56	364
56	367
56	370
56	373
56	376
56	379
56	383
56	386
56	389
56	393
56	397
56	400
56	405
56	408
56	413
56	417
56	422
56	426
56	431
56	437
56	443
56	450
56	457
56	466
56	477
57	170
57	179
57	187
57	194
57	201
57	208
57	215
57	221
57	226
57	231
57	235
57	240
57	242
57	247
57	250
57	253
57	256
57	259
57	262
57	264
57	268
57	270
57	273
57	275
57	278
57	281
57	283
57	286
57	288
57	291
57	293
57	296
57	298
57	301
57	303
57	306
57	308
57	311
57	313
57	316
57	318
57	321
57	323
57	326
57	328
57	331
57	333
57	335
57	338
57	340
57	342
57	345
57	347
57	350
57	352
57	355
57	357
57	360
57	363
57	366
57	368
57	372
57	375
57	378
57	381
57	384
57	387
57	390
57	394
57	397
57	400
57	404
57	407
57	411
57	415
57	418
57	423
57	427
57	432
57	437
57	442
57	448
57	455
57	463
57	472
57	485
58	176
58	185
58	193
58	200
58	207
58	214
58	221
58	228
58	235
58	242
58	249
58	256
58	263
58	269
58	274
58	280
58	284
58	289
58	293
58	297
58	301
58	304
58	308
58	311
58	314
58	317
58	320
58	323
58	326
58	329
58	332
58	335
58	338
58	341
58	344
58	347
58	350
58	354
58	357
58	361
58	364
58	368
58	371
58	375
58	378
58	382
58	385
58	389
58	392
58	395
58	399
58	402
58	406
58	409
58	413
58	417
58	421
58	425
58	430
58	435
58	440
58	446
58	453
58	461
58	470
58	484
59	172
59	181
59	189
59	194
59	200
59	204
59	209
59	213
59	217
59	221
59	225
59	229
59	233
59	237
59	242
59	246
59	251
59	256
59	261
59	266
59	272
59	278
59	284
59	291
59	298
59	305
59	312
59	320
59	328
59	336
59	344
59	351
59	358
59	363
59	369
59	373
59	378
59	382
59	386
59	390
59	394
59	398
59	402
59	406
59	411
59	415
59	420
59	425
59	431
59	437
59	444
59	452
59	461
59	473
60	178
60	187
60	193
60	199
60	203
60	208
60	212
60	216
60	220
60	223
60	227
60	230
60	234
60	237
60	241
60	244
60	248
60	251
60	255
60	258
60	262
60	265
60	269
60	273
60	277
60	281
60	285
60	289
60	294
60	298
60	303
60	308
60	314
60	319
60	325
60	331
60	337
60	342
60	347
60	352
60	356
60	361
60	364
60	369
60	372
60	376
60	380
60	384
60	388
60	392
60	396
60	401
60	406
60	411
60	417
60	423
60	429
60	436
60	444
60	453
60	465
61	179
61	190
61	200
61	209
61	217
61	224
61	231
61	236
61	242
61	246
61	251
61	255
61	260
61	264
61	268
61	272
61	276
61	280
61	284
61	288
61	292
61	296
61	300
61	304
61	308
61	312
61	316
61	320
61	324
61	328
61	332
61	336
61	340
61	344
61	348
61	352
61	356
61	360
61	364
61	368
61	373
61	377
61	382
61	387
61	393
61	398
61	405
61	412
61	419
61	427
61	436
61	447
62	189
62	201
62	213
62	226
62	238
62	249
62	259
62	268
62	276
62	283
62	290
62	296
62	302
62	307
62	312
62	317
62	322
62	327
62	332
62	337
62	343
62	348
62	354
62	360
62	367
62	374
62	381
62	389
62	396
62	404
62	412
62	420
62	429
62	439
63	197
63	208
63	219
63	230
63	241
63	254
63	369
63	380
63	389
63	397
63	405
63	413
63	422
63	432
64	196
64	206
64	215
64	223
64	231
64	239
64	247
64	255
64	263
64	272
64	281
64	291
64	302
64	338
64	349
64	359
64	368
64	376
64	384
64	392
64	400
64	409
64	419
65	218
65	228
65	237
65	245
65	253
65	261
65	269
65	277
65	285
65	293
65	301
65	309
65	317
65	325
65	333
65	341
65	349
65	357
65	365
65	373
65	382
65	391
65	402
66	281
66	293
66	304
66	314
66	324
66	334
66	344
66	355
68	196
68	206
68	215
68	224
68	233
68	242
68	251
68	260
68	270
68	280
68	291
68	376
68	387
68	398
68	410
69	188
69	197
69	204
69	211
69	217
69	223
69	229
69	234
69	239
69	244
69	249
69	254
69	259
69	265
69	270
69	276
69	282
69	288
69	294
69	300
69	307
69	314
69	321
69	328
69	336
69	344
69	352
69	359
69	366
69	373
69	380
69	387
69	395
69	403
69	412
69	422
70	198
70	208
70	217
70	225
70	232
70	239
70	245
70	251
70	256
70	262
70	267
70	272
70	277
70	282
70	287
70	292
70	297
70	302
70	307
70	312
70	317
70	322
70	327
70	332
70	337
70	343
70	348
70	354
70	360
70	366
70	372
70	378
70	385
70	393
70	402
70	412
71	269
71	280
71	290
71	299
71	308
71	317
71	326
71	335
71	344
71	354
71	365
73	191
73	202
73	212
73	222
73	232
73	242
73	253
73	265
73	391
73	402
73	411
73	420
73	428
73	437
73	447
74	181
74	191
74	199
74	206
74	213
74	219
74	225
74	231
74	237
74	243
74	249
74	255
74	261
74	268
74	275
74	282
74	290
74	298
74	306
74	315
74	324
74	333
74	342
74	351
74	360
74	369
74	377
74	385
74	392
74	399
74	406
74	412
74	418
74	424
74	431
74	438
74	446
74	455
74	465
75	190
75	200
75	209
75	217
75	224
75	231
75	237
75	243
75	249
75	255
75	261
75	267
75	274
75	280
75	287
75	294
75	301
75	308
75	315
75	322
75	329
75	337
75	345
75	353
75	361
75	369
75	377
75	385
75	393
75	401
75	409
75	418
75	428
-1	-1
