-1	-1
6	310
6	322
6	333
6	344
6	355
6	366
6	377
7	263
7	274
7	284
7	293
7	302
7	311
7	320
7	328
7	336
7	344
7	352
7	359
7	366
7	373
7	381
7	389
7	398
7	407
7	417
7	429
8	268
8	279
8	289
8	299
8	309
8	318
8	327
8	335
8	343
8	351
8	358
8	365
8	372
8	379
8	386
8	393
8	401
8	409
8	418
8	428
8	438
8	449
8	460
9	278
9	289
9	299
9	309
9	318
9	327
9	335
9	343
9	350
9	357
9	364
9	371
9	378
9	385
9	392
9	399
9	407
9	415
9	423
9	432
9	441
9	450
9	459
9	468
9	477
9	487
9	498
10	262
10	273
10	282
10	291
10	299
10	307
10	314
10	321
10	328
10	334
10	340
10	346
10	352
10	358
10	364
10	369
10	375
10	380
10	386
10	391
10	397
10	403
10	409
10	415
10	421
10	428
10	435
10	442
10	448
10	455
10	461
10	468
10	475
10	482
10	489
10	497
10	505
10	514
10	524
11	257
11	267
11	275
11	282
11	289
11	295
11	301
11	307
11	312
11	318
11	323
11	328
11	333
11	338
11	343
11	347
11	352
11	356
11	361
11	365
11	370
11	374
11	379
11	384
11	388
11	393
11	398
11	403
11	408
11	413
11	419
11	424
11	430
11	435
11	440
11	444
11	449
11	453
11	458
11	462
11	467
11	472
11	477
11	482
11	488
11	494
11	500
11	507
11	515
11	524
11	534
12	250
12	260
12	268
12	275
12	281
12	287
12	292
12	297
12	302
12	307
12	312
12	317
12	322
12	327
12	332
12	337
12	342
12	347
12	353
12	358
12	364
12	370
12	376
12	382
12	388
12	394
12	400
12	406
12	412
12	418
12	424
12	430
12	435
12	441
12	446
12	451
12	456
12	461
12	467
12	473
12	479
12	486
12	493
12	501
12	510
12	520
12	534
13	256
13	266
13	274
13	281
13	288
13	294
13	300
13	306
13	311
13	317
13	322
13	328
13	333
13	338
13	343
13	348
13	353
13	358
13	363
13	368
13	373
13	378
13	383
13	388
13	393
13	398
13	403
13	408
13	414
13	419
13	425
13	431
13	437
13	444
13	451
13	459
13	468
13	478
14	261
14	271
14	280
14	287
14	293
14	299
14	304
14	310
14	314
14	319
14	323
14	328
14	332
14	337
14	341
14	345
14	349
14	353
14	357
14	361
14	365
14	369
14	373
14	377
14	381
14	385
14	389
14	393
14	397
14	401
14	406
14	410
14	415
14	420
14	425
14	431
14	437
14	444
14	451
14	460
14	470
15	260
15	270
15	278
15	285
15	292
15	298
15	303
15	309
15	314
15	319
15	324
15	329
15	334
15	339
15	344
15	349
15	354
15	359
15	364
15	369
15	374
15	379
15	384
15	389
15	395
15	401
15	407
15	414
15	421
15	429
15	438
15	448
16	271
16	282
16	292
16	301
16	310
16	319
16	328
16	336
16	344
16	352
16	361
16	370
16	379
16	389
16	400
17	316
17	330
21	282
21	294
21	305
21	315
21	325
21	335
21	345
21	356
21	368
22	260
22	270
22	279
22	287
22	295
22	302
22	309
22	316
22	323
22	330
22	337
22	344
22	351
22	358
22	366
22	375
22	385
22	396
23	250
23	260
23	268
23	275
23	282
23	288
23	293
23	299
23	303
23	308
23	312
23	317
23	321
23	325
23	329
23	333
23	337
23	341
23	346
23	350
23	355
23	360
23	365
23	370
23	376
23	382
23	389
23	397
23	406
23	417
24	246
24	255
24	262
24	269
24	274
24	280
24	284
24	289
24	293
24	297
24	301
24	304
24	308
24	311
24	314
24	318
24	321
24	324
24	327
24	330
24	333
24	336
24	339
24	342
24	345
24	348
24	351
24	355
24	357
24	361
24	365
24	368
24	372
24	376
24	380
24	385
24	389
24	395
24	400
24	407
24	414
24	422
24	432
25	247
25	256
25	263
25	270
25	275
25	281
25	285
25	290
25	294
25	299
25	303
25	307
25	311
25	314
25	318
25	321
25	325
25	328
25	331
25	335
25	338
25	341
25	345
25	348
25	351
25	355
25	358
25	362
25	365
25	369
25	373
25	377
25	381
25	386
25	390
25	396
25	401
25	407
25	414
25	422
25	431
25	443
26	259
26	269
26	278
26	286
26	294
26	301
26	308
26	315
26	322
26	329
26	335
26	341
26	347
26	352
26	358
26	363
26	368
26	373
26	377
26	382
26	387
26	392
26	397
26	403
26	409
26	416
26	424
26	433
26	444
27	292
27	303
27	313
27	323
27	332
27	340
27	348
27	354
27	360
27	365
27	370
27	375
27	380
27	385
27	390
27	395
27	400
27	406
27	412
27	419
27	426
27	434
27	444
28	357
28	367
28	376
28	385
28	393
28	401
28	410
28	419
28	429
29	388
29	399
29	409
29	419
29	430
29	443
30	396
30	407
30	417
30	427
30	437
30	448
31	396
31	406
31	414
31	422
31	430
31	438
31	447
31	456
31	466
31	477
32	397
32	407
32	415
32	423
32	430
32	437
32	444
32	451
32	459
32	467
32	476
32	485
32	495
32	505
32	516
32	528
33	409
33	419
33	428
33	436
33	443
33	450
33	457
33	464
33	471
33	478
33	485
33	492
33	500
33	508
33	516
33	524
33	533
33	542
33	552
33	562
33	574
34	407
34	417
34	424
34	431
34	437
34	443
34	448
34	453
34	458
34	463
34	468
34	473
34	478
34	483
34	488
34	494
34	499
34	505
34	511
34	517
34	523
34	529
34	536
34	543
34	550
34	558
34	567
34	577
35	402
35	412
35	421
35	429
35	435
35	441
35	447
35	453
35	459
35	464
35	470
35	475
35	480
35	485
35	490
35	495
35	500
35	505
35	511
35	516
35	522
35	528
35	534
35	540
35	547
35	554
35	562
35	571
35	581
36	430
36	441
36	450
36	458
36	465
36	471
36	477
36	483
36	489
36	494
36	500
36	506
36	512
36	518
36	524
36	530
36	536
36	543
36	550
36	557
36	565
36	574
36	584
37	428
37	438
37	447
37	454
37	461
37	467
37	473
37	479
37	484
37	489
37	494
37	499
37	504
37	509
37	514
37	519
37	525
37	530
37	536
37	541
37	547
37	553
37	559
37	566
37	574
37	583
37	593
38	420
38	431
38	441
38	450
38	458
38	465
38	472
38	478
38	483
38	488
38	492
38	497
38	501
38	506
38	510
38	514
38	518
38	522
38	526
38	530
38	534
38	538
38	542
38	546
38	551
38	555
38	560
38	565
38	570
38	576
38	582
38	589
38	597
38	606
39	438
39	449
39	458
39	465
39	471
39	476
39	481
39	485
39	490
39	493
39	498
39	501
39	505
39	509
39	513
39	517
39	521
39	525
39	529
39	533
39	537
39	541
39	545
39	549
39	553
39	557
39	562
39	567
39	572
39	578
39	584
39	591
39	599
39	608
39	619
40	437
40	447
40	455
40	462
40	468
40	473
40	478
40	483
40	488
40	492
40	497
40	501
40	506
40	510
40	514
40	518
40	522
40	527
40	531
40	536
40	540
40	545
40	550
40	555
40	560
40	566
40	572
40	579
40	586
40	594
40	604
41	418
41	429
41	439
41	448
41	455
41	462
41	469
41	475
41	481
41	487
41	493
41	499
41	504
41	510
41	515
41	520
41	525
41	530
41	536
41	541
41	547
41	553
41	559
41	565
41	571
41	578
41	585
41	593
41	602
41	613
42	346
42	358
42	369
42	380
42	390
42	400
42	409
42	418
42	427
42	435
42	443
42	451
42	459
42	467
42	474
42	481
42	487
42	493
42	499
42	505
42	511
42	517
42	523
42	530
42	537
42	544
42	552
42	560
42	568
42	576
42	585
42	595
42	606
43	290
43	301
43	311
43	321
43	330
43	339
43	347
43	355
43	363
43	371
43	379
43	386
43	393
43	400
43	407
43	413
43	419
43	425
43	431
43	437
43	443
43	449
43	454
43	460
43	465
43	470
43	475
43	480
43	484
43	489
43	493
43	498
43	502
43	507
43	511
43	516
43	521
43	527
43	533
43	540
43	547
43	555
43	564
43	574
43	585
44	273
44	284
44	293
44	301
44	309
44	316
44	323
44	330
44	336
44	342
44	348
44	354
44	360
44	365
44	371
44	376
44	381
44	386
44	391
44	395
44	400
44	404
44	409
44	413
44	417
44	421
44	425
44	429
44	432
44	436
44	439
44	443
44	446
44	450
44	453
44	456
44	460
44	463
44	466
44	470
44	473
44	477
44	480
44	484
44	487
44	491
44	495
44	499
44	504
44	508
44	513
44	518
44	524
44	530
44	537
44	545
44	554
44	565
45	268
45	278
45	286
45	293
45	300
45	306
45	312
45	318
45	323
45	328
45	333
45	338
45	342
45	347
45	351
45	355
45	359
45	363
45	367
45	371
45	374
45	378
45	381
45	385
45	388
45	391
45	394
45	397
45	401
45	403
45	406
45	409
45	412
45	414
45	417
45	420
45	422
45	425
45	427
45	430
45	432
45	435
45	437
45	440
45	442
45	444
45	447
45	449
45	452
45	454
45	457
45	459
45	462
45	465
45	467
45	470
45	473
45	476
45	479
45	482
45	486
45	489
45	493
45	497
45	501
45	506
45	511
45	516
45	522
45	529
45	537
45	546
45	557
46	263
46	273
46	281
46	289
46	295
46	301
46	307
46	312
46	317
46	322
46	326
46	331
46	335
46	339
46	343
46	347
46	351
46	354
46	358
46	361
46	365
46	368
46	372
46	375
46	378
46	382
46	384
46	388
46	391
46	394
46	397
46	400
46	403
46	406
46	409
46	412
46	415
46	418
46	421
46	424
46	427
46	430
46	433
46	436
46	439
46	442
46	445
46	448
46	451
46	455
46	458
46	462
46	466
46	470
46	474
46	478
46	483
46	488
46	494
46	500
46	507
46	514
46	522
46	532
47	260
47	270
47	279
47	287
47	294
47	301
47	308
47	315
47	322
47	328
47	334
47	340
47	346
47	352
47	358
47	364
47	370
47	376
47	382
47	388
47	394
47	400
47	406
47	413
47	420
47	427
47	434
47	442
47	450
47	458
47	466
47	474
47	482
47	491
47	500
47	510
47	521
48	258
48	268
48	276
48	284
48	291
48	298
48	304
48	311
48	317
48	323
48	329
48	335
48	341
48	347
48	353
48	359
48	365
48	371
48	377
48	383
48	389
48	395
48	401
48	407
48	413
48	419
48	425
48	431
48	437
48	443
48	449
48	455
48	461
48	467
48	473
48	479
48	485
48	491
48	498
48	505
48	513
48	522
48	532
48	545
49	257
49	266
49	273
49	280
49	286
49	292
49	297
49	302
49	307
49	311
49	316
49	320
49	324
49	328
49	332
49	336
49	340
49	344
49	348
49	352
49	356
49	360
49	363
49	367
49	371
49	374
49	378
49	381
49	385
49	388
49	392
49	395
49	399
49	402
49	406
49	409
49	412
49	416
49	419
49	422
49	426
49	429
49	432
49	436
49	439
49	442
49	446
49	449
49	453
49	456
49	460
49	463
49	467
49	471
49	475
49	479
49	484
49	488
49	493
49	498
49	504
49	510
49	517
49	525
49	534
49	544
49	555
50	257
50	265
50	272
50	278
50	283
50	288
50	292
50	296
50	300
50	303
50	307
50	310
50	313
50	317
50	320
50	323
50	326
50	329
50	332
50	335
50	338
50	341
50	343
50	346
50	349
50	351
50	354
50	357
50	359
50	362
50	364
50	367
50	369
50	372
50	374
50	377
50	379
50	382
50	384
50	387
50	389
50	392
50	394
50	397
50	399
50	402
50	404
50	407
50	409
50	412
50	414
50	417
50	419
50	422
50	424
50	427
50	429
50	432
50	435
50	437
50	440
50	443
50	446
50	448
50	452
50	455
50	458
50	462
50	465
50	469
50	473
50	477
50	481
50	486
50	491
50	496
50	502
50	508
50	515
50	523
50	532
50	542
50	553
50	565
51	252
51	261
51	268
51	273
51	279
51	283
51	288
51	292
51	297
51	301
51	305
51	309
51	313
51	317
51	321
51	325
51	329
51	333
51	336
51	340
51	344
51	347
51	351
51	355
51	358
51	362
51	366
51	369
51	373
51	377
51	380
51	384
51	388
51	392
51	396
51	400
51	404
51	408
51	413
51	417
51	422
51	427
51	432
51	437
51	443
51	449
51	455
51	462
51	469
51	476
51	483
51	491
51	499
51	508
51	517
51	527
51	538
52	253
52	262
52	270
52	277
52	284
52	291
52	298
52	305
52	312
52	319
52	326
52	333
52	341
52	349
52	357
52	365
52	373
52	381
52	390
52	399
52	408
52	417
52	426
52	435
52	444
52	452
52	460
52	468
52	475
52	482
52	488
52	494
52	501
52	508
52	515
52	522
52	530
52	539
52	549
53	257
53	266
53	274
53	281
53	288
53	294
53	300
53	306
53	312
53	318
53	324
53	330
53	336
53	342
53	347
53	353
53	358
53	364
53	369
53	375
53	380
53	386
53	391
53	396
53	401
53	406
53	411
53	416
53	421
53	426
53	431
53	436
53	441
53	446
53	450
53	455
53	459
53	463
53	467
53	471
53	475
53	479
53	483
53	487
53	491
53	495
53	499
53	504
53	508
53	513
53	518
53	524
53	530
53	537
53	545
53	554
53	564
54	258
54	268
54	275
54	282
54	287
54	292
54	297
54	301
54	305
54	309
54	313
54	316
54	320
54	323
54	327
54	330
54	333
54	337
54	340
54	343
54	346
54	349
54	352
54	355
54	358
54	361
54	364
54	367
54	370
54	373
54	376
54	379
54	382
54	385
54	388
54	391
54	393
54	397
54	399
54	402
54	405
54	407
54	410
54	413
54	415
54	418
54	421
54	423
54	426
54	429
54	431
54	434
54	436
54	439
54	441
54	444
54	446
54	449
54	451
54	454
54	456
54	459
54	461
54	464
54	466
54	469
54	471
54	474
54	477
54	479
54	483
54	485
54	489
54	492
54	496
54	499
54	503
54	507
54	511
54	516
54	521
54	527
54	533
54	540
54	548
54	557
55	258
55	267
55	273
55	279
55	283
55	287
55	291
55	293
55	297
55	300
55	302
55	305
55	308
55	310
55	312
55	315
55	317
55	320
55	322
55	323
55	326
55	328
55	330
55	332
55	334
55	336
55	338
55	340
55	342
55	344
55	346
55	348
55	350
55	352
55	353
55	356
55	357
55	359
55	361
55	363
55	364
55	366
55	368
55	370
55	371
55	373
55	375
55	377
55	378
55	380
55	382
55	384
55	385
55	387
55	389
55	391
55	392
55	394
55	396
55	397
55	399
55	401
55	402
55	404
55	406
55	407
55	409
55	411
55	412
55	414
55	416
55	417
55	419
55	421
55	422
55	424
55	426
55	427
55	429
55	431
55	433
55	434
55	436
55	438
55	440
55	441
55	443
55	445
55	447
55	449
55	450
55	453
55	455
55	456
55	459
55	461
55	463
55	465
55	468
55	470
55	473
55	475
55	478
55	480
55	484
55	486
55	490
55	493
55	497
55	501
55	505
55	510
55	515
55	521
55	527
55	534
55	543
55	554
56	257
56	264
56	271
56	274
56	280
56	282
56	287
56	290
56	293
56	296
56	299
56	302
56	304
56	307
56	310
56	312
56	315
56	317
56	320
56	322
56	324
56	327
56	329
56	331
56	333
56	336
56	338
56	340
56	342
56	344
56	347
56	348
56	351
56	353
56	355
56	357
56	359
56	361
56	363
56	365
56	367
56	369
56	371
56	373
56	375
56	377
56	379
56	381
56	384
56	385
56	388
56	390
56	392
56	394
56	397
56	399
56	401
56	404
56	406
56	408
56	411
56	414
56	416
56	419
56	422
56	425
56	427
56	431
56	434
56	437
56	440
56	444
56	447
56	451
56	455
56	459
56	464
56	469
56	474
56	480
56	486
56	493
56	500
56	508
56	517
56	528
57	251
57	260
57	268
57	275
57	282
57	289
57	296
57	303
57	311
57	319
57	327
57	336
57	346
57	357
57	369
57	452
57	463
57	473
57	482
57	490
57	498
57	507
57	516
57	527
58	251
58	260
58	268
58	275
58	282
58	289
58	296
58	303
58	310
58	317
58	325
58	333
58	341
58	349
58	358
58	367
58	376
58	385
58	394
58	403
58	412
58	420
58	428
58	436
58	443
58	450
58	457
58	463
58	469
58	474
58	479
58	483
58	488
58	492
58	497
58	501
58	506
58	511
58	516
58	522
58	528
58	535
58	543
58	552
58	564
59	260
59	270
59	278
59	285
59	292
59	298
59	304
59	310
59	315
59	321
59	326
59	331
59	336
59	341
59	346
59	351
59	356
59	361
59	366
59	371
59	376
59	381
59	385
59	390
59	394
59	399
59	403
59	408
59	412
59	416
59	420
59	424
59	428
59	432
59	435
59	439
59	442
59	446
59	449
59	452
59	455
59	459
59	461
59	464
59	467
59	470
59	472
59	475
59	478
59	480
59	483
59	486
59	488
59	491
59	494
59	497
59	499
59	503
59	506
59	509
59	513
59	516
59	520
59	524
59	528
59	533
59	538
59	544
59	551
59	559
59	568
60	262
60	271
60	278
60	283
60	289
60	293
60	297
60	301
60	304
60	308
60	311
60	314
60	318
60	320
60	323
60	326
60	329
60	332
60	334
60	337
60	340
60	342
60	345
60	348
60	350
60	353
60	355
60	358
60	360
60	363
60	365
60	368
60	370
60	373
60	375
60	377
60	380
60	382
60	384
60	387
60	389
60	391
60	394
60	396
60	398
60	401
60	402
60	405
60	407
60	409
60	411
60	413
60	416
60	417
60	420
60	422
60	424
60	426
60	428
60	430
60	432
60	434
60	436
60	438
60	440
60	442
60	444
60	446
60	448
60	450
60	451
60	453
60	455
60	457
60	459
60	460
60	462
60	464
60	466
60	468
60	469
60	471
60	473
60	475
60	477
60	479
60	480
60	483
60	485
60	487
60	489
60	491
60	494
60	496
60	498
60	501
60	504
60	507
60	509
60	514
60	516
60	520
60	525
60	528
60	534
60	539
60	546
60	553
60	562
61	258
61	266
61	272
61	276
61	281
61	283
61	288
61	291
61	293
61	297
61	299
61	302
61	304
61	307
61	309
61	312
61	313
61	316
61	318
61	320
61	322
61	324
61	326
61	328
61	330
61	332
61	334
61	336
61	338
61	340
61	342
61	343
61	346
61	347
61	349
61	351
61	353
61	355
61	356
61	358
61	360
61	362
61	363
61	365
61	367
61	369
61	370
61	372
61	374
61	376
61	377
61	379
61	381
61	383
61	384
61	386
61	388
61	390
61	391
61	393
61	395
61	396
61	398
61	400
61	402
61	403
61	405
61	407
61	408
61	410
61	412
61	414
61	415
61	417
61	419
61	420
61	422
61	424
61	426
61	427
61	429
61	431
61	433
61	434
61	436
61	438
61	440
61	441
61	443
61	445
61	447
61	448
61	450
61	452
61	454
61	456
61	458
61	459
61	462
61	464
61	466
61	468
61	470
61	473
61	475
61	477
61	480
61	483
61	486
61	488
61	492
61	495
61	498
61	502
61	506
61	510
61	515
61	520
61	526
61	533
61	542
61	555
62	259
62	268
62	274
62	280
62	284
62	289
62	293
62	298
62	302
62	307
62	311
62	315
62	319
62	323
62	327
62	331
62	335
62	339
62	343
62	347
62	351
62	355
62	359
62	363
62	367
62	371
62	375
62	379
62	383
62	387
62	392
62	396
62	401
62	406
62	411
62	416
62	422
62	428
62	435
62	442
62	450
62	459
62	469
62	481
64	280
64	292
64	305
64	459
64	470
64	479
64	487
64	494
64	501
64	508
64	516
64	525
64	535
65	282
65	293
65	303
65	312
65	321
65	329
65	337
65	345
65	353
65	361
65	369
65	377
65	385
65	393
65	401
65	408
65	415
65	422
65	429
65	436
65	443
65	450
65	456
65	462
65	468
65	473
65	478
65	482
65	487
65	491
65	495
65	499
65	503
65	507
65	511
65	516
65	520
65	526
65	531
65	537
65	544
65	552
65	562
66	267
66	276
66	283
66	290
66	296
66	301
66	306
66	311
66	315
66	320
66	324
66	329
66	333
66	337
66	341
66	345
66	349
66	353
66	357
66	361
66	365
66	369
66	373
66	377
66	381
66	385
66	389
66	393
66	397
66	401
66	404
66	408
66	412
66	415
66	419
66	423
66	426
66	430
66	433
66	437
66	440
66	444
66	447
66	451
66	454
66	458
66	461
66	464
66	468
66	471
66	474
66	477
66	481
66	483
66	487
66	490
66	493
66	497
66	500
66	504
66	507
66	511
66	515
66	519
66	524
66	529
66	535
66	541
66	548
66	556
66	567
67	262
67	271
67	278
67	283
67	289
67	293
67	298
67	302
67	306
67	310
67	313
67	317
67	320
67	323
67	327
67	330
67	333
67	336
67	340
67	342
67	346
67	349
67	352
67	355
67	358
67	361
67	364
67	367
67	370
67	373
67	376
67	379
67	382
67	385
67	388
67	391
67	394
67	397
67	400
67	403
67	406
67	409
67	412
67	415
67	418
67	421
67	425
67	427
67	431
67	434
67	437
67	441
67	444
67	447
67	451
67	454
67	458
67	461
67	465
67	469
67	473
67	477
67	481
67	486
67	491
67	496
67	502
67	508
67	516
67	525
67	536
68	272
68	282
68	291
68	299
68	307
68	315
68	322
68	329
68	336
68	343
68	350
68	357
68	365
68	373
68	381
68	389
68	397
68	406
68	415
68	425
68	436
71	460
71	472
71	482
71	492
71	501
71	510
71	519
71	529
71	541
72	278
72	288
72	297
72	305
72	313
72	320
72	327
72	334
72	341
72	348
72	355
72	362
72	369
72	376
72	382
72	389
72	395
72	402
72	408
72	415
72	421
72	428
72	434
72	440
72	446
72	452
72	458
72	464
72	470
72	476
72	481
72	487
72	492
72	497
72	502
72	507
72	512
72	517
72	522
72	527
72	533
72	539
72	546
72	554
72	563
73	268
73	277
73	284
73	291
73	297
73	302
73	307
73	312
73	317
73	322
73	326
73	331
73	335
73	340
73	344
73	348
73	353
73	357
73	361
73	365
73	369
73	373
73	377
73	381
73	385
73	389
73	393
73	397
73	401
73	406
73	410
73	414
73	419
73	423
73	427
73	432
73	436
73	441
73	445
73	450
73	454
73	459
73	463
73	468
73	472
73	477
73	481
73	486
73	490
73	495
73	499
73	504
73	508
73	513
73	518
73	523
73	528
73	534
73	540
73	547
73	555
73	565
74	272
74	282
74	290
74	298
74	305
74	312
74	318
74	324
74	330
74	336
74	342
74	348
74	354
74	360
74	366
74	372
74	378
74	384
74	390
74	396
74	402
74	408
74	414
74	420
74	427
74	434
74	441
74	448
74	455
74	463
74	471
74	479
74	488
74	498
-1	-1
