-1	-1
6	186
6	197
6	207
6	217
6	226
6	235
6	244
6	253
6	262
6	271
6	281
6	291
6	303
7	162
7	173
7	182
7	191
7	199
7	207
7	214
7	221
7	228
7	235
7	241
7	248
7	254
7	261
7	267
7	274
7	281
7	288
7	296
7	304
7	313
7	323
7	333
7	344
7	356
8	169
8	180
8	189
8	198
8	206
8	214
8	221
8	228
8	235
8	242
8	249
8	255
8	262
8	268
8	274
8	280
8	287
8	294
8	301
8	309
8	317
8	326
8	335
8	344
8	354
8	364
8	374
8	385
8	397
9	179
9	190
9	200
9	209
9	217
9	225
9	233
9	241
9	248
9	255
9	262
9	269
9	276
9	283
9	290
9	297
9	305
9	313
9	321
9	329
9	337
9	345
9	353
9	361
9	369
9	377
9	386
9	395
9	404
9	413
9	423
9	433
9	443
9	455
10	169
10	179
10	188
10	196
10	203
10	210
10	216
10	222
10	228
10	233
10	239
10	244
10	249
10	254
10	259
10	264
10	269
10	274
10	279
10	285
10	290
10	296
10	302
10	308
10	314
10	320
10	326
10	332
10	337
10	343
10	348
10	353
10	358
10	363
10	368
10	373
10	378
10	383
10	388
10	393
10	398
10	403
10	408
10	414
10	419
10	425
10	431
10	437
10	444
10	451
10	459
10	468
10	478
11	162
11	172
11	180
11	187
11	193
11	199
11	204
11	209
11	214
11	219
11	224
11	229
11	233
11	238
11	242
11	247
11	251
11	255
11	259
11	263
11	267
11	271
11	275
11	279
11	283
11	287
11	291
11	295
11	299
11	304
11	308
11	313
11	317
11	322
11	327
11	331
11	336
11	340
11	345
11	349
11	354
11	358
11	363
11	367
11	372
11	377
11	382
11	387
11	392
11	397
11	402
11	408
11	413
11	419
11	425
11	431
11	437
11	444
11	451
11	458
11	466
11	475
11	485
12	159
12	168
12	176
12	183
12	189
12	195
12	200
12	205
12	210
12	215
12	220
12	224
12	229
12	233
12	238
12	242
12	247
12	251
12	256
12	260
12	265
12	269
12	274
12	278
12	283
12	287
12	291
12	295
12	299
12	303
12	307
12	311
12	316
12	320
12	325
12	329
12	334
12	338
12	343
12	348
12	353
12	358
12	363
12	368
12	373
12	378
12	383
12	388
12	393
12	398
12	404
12	410
12	416
12	422
12	428
12	434
12	440
12	447
12	454
12	461
12	469
12	478
12	488
13	167
13	177
13	186
13	194
13	201
13	208
13	214
13	220
13	226
13	232
13	238
13	244
13	250
13	256
13	262
13	268
13	274
13	280
13	286
13	292
13	298
13	303
13	308
13	313
13	318
13	323
13	328
13	334
13	340
13	346
13	352
13	358
13	365
13	372
13	379
13	387
13	395
13	404
13	414
13	424
13	435
13	447
14	172
14	182
14	191
14	199
14	206
14	213
14	219
14	225
14	231
14	237
14	243
14	249
14	255
14	261
14	267
14	273
14	279
14	286
14	292
14	299
14	306
14	313
14	320
14	328
14	337
14	347
15	171
15	181
15	190
15	198
15	205
15	212
15	218
15	224
15	230
15	236
15	242
15	248
15	254
15	260
15	266
15	272
15	278
15	285
15	292
15	299
15	307
15	315
15	324
15	334
15	345
16	180
16	191
16	201
16	210
16	219
16	228
16	237
16	246
16	255
16	264
16	274
16	284
16	294
16	305
17	197
17	208
17	219
17	229
17	239
17	249
17	260
17	271
17	283
18	218
18	231
18	243
18	256
18	270
19	192
19	203
19	214
19	224
19	234
19	244
19	254
19	264
19	275
20	182
20	193
20	203
20	212
20	220
20	228
20	236
20	244
20	252
20	260
20	269
20	278
20	288
21	169
21	179
21	187
21	194
21	201
21	207
21	213
21	219
21	224
21	229
21	234
21	239
21	244
21	249
21	255
21	260
21	266
21	272
21	278
21	285
21	293
21	302
21	312
21	324
22	158
22	168
22	175
22	181
22	186
22	191
22	195
22	200
22	203
22	207
22	211
22	214
22	218
22	221
22	224
22	227
22	230
22	233
22	236
22	239
22	242
22	245
22	248
22	251
22	254
22	257
22	260
22	264
22	267
22	270
22	274
22	278
22	282
22	286
22	290
22	295
22	300
22	306
22	312
22	319
22	327
22	336
22	347
23	150
23	159
23	166
23	172
23	177
23	182
23	185
23	190
23	193
23	197
23	201
23	203
23	207
23	210
23	213
23	216
23	219
23	222
23	224
23	227
23	230
23	232
23	235
23	238
23	240
23	243
23	245
23	248
23	250
23	253
23	256
23	258
23	261
23	264
23	267
23	269
23	273
23	275
23	279
23	282
23	286
23	289
23	293
23	297
23	301
23	306
23	310
23	316
23	321
23	327
23	334
23	342
23	352
24	148
24	156
24	163
24	169
24	174
24	179
24	184
24	189
24	193
24	198
24	202
24	207
24	211
24	215
24	220
24	224
24	228
24	232
24	236
24	240
24	244
24	248
24	252
24	256
24	260
24	264
24	268
24	272
24	276
24	280
24	284
24	288
24	293
24	297
24	302
24	307
24	313
24	319
24	326
24	334
24	343
24	354
25	151
25	160
25	168
25	174
25	180
25	186
25	191
25	196
25	201
25	206
25	211
25	216
25	221
25	226
25	231
25	235
25	240
25	244
25	249
25	253
25	257
25	261
25	265
25	269
25	272
25	276
25	279
25	283
25	286
25	290
25	293
25	297
25	301
25	305
25	309
25	314
25	318
25	324
25	329
25	335
25	342
25	350
25	359
26	167
26	177
26	186
26	195
26	203
26	211
26	219
26	226
26	233
26	240
26	247
26	253
26	259
26	264
26	269
26	273
26	277
26	281
26	285
26	289
26	293
26	297
26	301
26	306
26	310
26	315
26	320
26	326
26	332
26	339
26	347
26	356
26	367
27	191
27	202
27	213
27	224
27	235
27	246
27	256
27	266
27	275
27	283
27	291
27	298
27	305
27	312
27	320
27	328
27	337
27	347
28	276
28	286
28	294
28	301
28	308
28	315
28	322
28	329
28	337
28	346
28	356
28	367
29	289
29	299
29	308
29	316
29	324
29	332
29	340
29	348
29	357
29	367
30	292
30	302
30	310
30	317
30	323
30	329
30	335
30	342
30	349
30	356
30	364
30	372
30	381
30	391
31	292
31	302
31	310
31	317
31	323
31	329
31	335
31	341
31	347
31	353
31	360
31	367
31	375
31	383
31	392
31	402
31	414
32	311
32	321
32	330
32	338
32	345
32	352
32	359
32	366
32	373
32	380
32	387
32	395
32	403
32	412
32	421
32	431
32	444
33	311
33	321
33	329
33	336
33	342
33	348
33	353
33	359
33	364
33	370
33	375
33	381
33	386
33	392
33	398
33	404
33	410
33	416
33	423
33	430
33	438
33	447
33	456
33	466
33	477
33	489
34	311
34	321
34	330
34	337
34	344
34	350
34	356
34	362
34	368
34	374
34	380
34	385
34	391
34	396
34	402
34	407
34	413
34	419
34	425
34	431
34	438
34	445
34	453
34	461
34	469
34	478
34	487
34	497
35	332
35	343
35	352
35	360
35	367
35	373
35	379
35	384
35	389
35	394
35	399
35	404
35	409
35	414
35	419
35	425
35	430
35	436
35	442
35	449
35	456
35	463
35	471
35	479
35	488
35	498
36	323
36	333
36	342
36	350
36	356
36	362
36	367
36	372
36	377
36	381
36	386
36	390
36	394
36	399
36	403
36	407
36	412
36	416
36	421
36	426
36	431
36	436
36	442
36	448
36	454
36	460
36	467
36	475
36	483
36	492
36	502
37	316
37	327
37	336
37	344
37	352
37	359
37	365
37	371
37	377
37	383
37	389
37	394
37	399
37	404
37	409
37	414
37	419
37	424
37	429
37	434
37	439
37	445
37	450
37	456
37	462
37	468
37	475
37	482
37	490
37	498
37	507
37	517
38	346
38	357
38	367
38	376
38	383
38	390
38	396
38	402
38	407
38	412
38	417
38	422
38	427
38	432
38	437
38	442
38	447
38	452
38	457
38	462
38	468
38	474
38	480
38	486
38	492
38	499
38	506
38	514
38	522
38	531
38	541
39	347
39	358
39	367
39	374
39	381
39	387
39	392
39	397
39	402
39	407
39	412
39	417
39	422
39	427
39	432
39	437
39	442
39	447
39	452
39	457
39	462
39	467
39	472
39	477
39	482
39	488
39	493
39	499
39	505
39	512
39	519
39	527
39	535
39	544
39	555
40	330
40	341
40	351
40	360
40	368
40	375
40	381
40	387
40	393
40	399
40	405
40	410
40	416
40	421
40	427
40	432
40	438
40	443
40	449
40	454
40	460
40	465
40	471
40	477
40	483
40	489
40	495
40	502
40	509
40	516
40	524
40	533
40	543
40	555
41	302
41	313
41	324
41	334
41	343
41	352
41	360
41	368
41	376
41	384
41	391
41	398
41	404
41	410
41	416
41	421
41	426
41	431
41	436
41	441
41	446
41	451
41	456
41	461
41	466
41	471
41	477
41	483
41	489
41	496
41	503
41	510
41	518
41	526
41	535
41	545
42	181
42	192
42	203
42	213
42	223
42	233
42	243
42	253
42	263
42	273
42	283
42	292
42	301
42	309
42	317
42	325
42	332
42	339
42	346
42	353
42	359
42	365
42	371
42	377
42	383
42	388
42	393
42	398
42	403
42	407
42	412
42	416
42	420
42	424
42	428
42	432
42	435
42	439
42	443
42	447
42	451
42	455
42	459
42	464
42	468
42	473
42	478
42	484
42	489
42	496
42	503
42	510
42	518
42	526
42	535
42	545
43	167
43	177
43	186
43	194
43	201
43	208
43	215
43	222
43	229
43	236
43	243
43	250
43	257
43	264
43	271
43	278
43	285
43	291
43	297
43	303
43	309
43	314
43	320
43	324
43	329
43	334
43	338
43	343
43	347
43	351
43	355
43	359
43	363
43	366
43	370
43	373
43	377
43	380
43	384
43	387
43	391
43	394
43	397
43	401
43	404
43	407
43	411
43	414
43	418
43	421
43	425
43	428
43	432
43	436
43	440
43	445
43	449
43	454
43	459
43	464
43	470
43	476
43	483
43	490
43	498
43	507
43	516
43	526
43	537
44	159
44	169
44	177
44	184
44	190
44	196
44	202
44	207
44	213
44	218
44	223
44	228
44	233
44	238
44	243
44	248
44	253
44	258
44	263
44	268
44	273
44	278
44	283
44	287
44	292
44	296
44	301
44	304
44	309
44	312
44	316
44	320
44	323
44	327
44	330
44	333
44	337
44	339
44	343
44	345
44	349
44	351
44	354
44	357
44	360
44	362
44	365
44	368
44	370
44	373
44	376
44	378
44	381
44	384
44	386
44	389
44	392
44	395
44	398
44	401
44	404
44	407
44	410
44	414
44	417
44	421
44	425
44	429
44	434
44	438
44	443
44	448
44	454
44	460
44	467
44	474
44	482
44	491
44	501
44	513
45	160
45	170
45	178
45	185
45	192
45	198
45	204
45	210
45	216
45	221
45	227
45	232
45	238
45	243
45	248
45	253
45	258
45	263
45	268
45	273
45	278
45	282
45	287
45	291
45	295
45	299
45	303
45	307
45	311
45	314
45	318
45	322
45	325
45	329
45	332
45	336
45	339
45	343
45	346
45	350
45	353
45	357
45	360
45	364
45	367
45	371
45	375
45	378
45	383
45	387
45	391
45	396
45	401
45	406
45	412
45	418
45	425
45	432
45	440
45	449
45	459
45	471
46	161
46	171
46	180
46	188
46	196
46	204
46	212
46	219
46	226
46	233
46	240
46	247
46	254
46	261
46	268
46	275
46	282
46	289
46	296
46	303
46	310
46	317
46	324
46	332
46	340
46	348
46	356
46	364
46	373
46	382
46	391
46	400
46	410
46	421
47	157
47	166
47	174
47	181
47	188
47	194
47	200
47	206
47	212
47	217
47	223
47	228
47	234
47	239
47	245
47	250
47	256
47	261
47	267
47	272
47	278
47	284
47	290
47	296
47	302
47	308
47	314
47	320
47	326
47	332
47	338
47	344
47	350
47	356
47	362
47	368
47	374
47	380
47	386
47	392
47	398
47	405
47	412
47	419
47	427
47	436
47	446
47	457
48	153
48	162
48	170
48	176
48	182
48	187
48	192
48	196
48	201
48	204
48	209
48	212
48	216
48	220
48	223
48	227
48	230
48	234
48	237
48	241
48	244
48	248
48	251
48	255
48	258
48	262
48	265
48	269
48	272
48	276
48	279
48	283
48	286
48	290
48	293
48	297
48	300
48	304
48	307
48	311
48	314
48	318
48	321
48	325
48	328
48	332
48	335
48	339
48	342
48	346
48	349
48	353
48	356
48	360
48	363
48	367
48	370
48	374
48	377
48	381
48	385
48	388
48	393
48	396
48	401
48	405
48	410
48	415
48	420
48	426
48	432
48	439
48	447
48	456
48	466
48	478
49	158
49	167
49	173
49	179
49	184
49	189
49	193
49	197
49	201
49	204
49	208
49	211
49	214
49	218
49	221
49	224
49	227
49	230
49	233
49	236
49	239
49	241
49	244
49	247
49	250
49	252
49	255
49	258
49	260
49	263
49	266
49	268
49	271
49	274
49	276
49	279
49	282
49	284
49	287
49	290
49	292
49	295
49	298
49	300
49	303
49	306
49	308
49	311
49	314
49	316
49	319
49	322
49	324
49	327
49	330
49	333
49	335
49	339
49	341
49	344
49	347
49	350
49	353
49	356
49	359
49	362
49	366
49	368
49	372
49	375
49	379
49	383
49	387
49	391
49	395
49	400
49	405
49	410
49	416
49	422
49	428
49	435
49	443
49	452
49	463
49	475
50	157
50	166
50	173
50	180
50	186
50	192
50	197
50	203
50	208
50	213
50	218
50	223
50	228
50	233
50	238
50	243
50	247
50	252
50	256
50	261
50	265
50	270
50	274
50	278
50	282
50	286
50	290
50	294
50	298
50	302
50	306
50	311
50	315
50	320
50	324
50	329
50	334
50	339
50	344
50	349
50	355
50	361
50	367
50	374
50	381
50	388
50	396
50	404
50	412
50	421
50	431
50	442
51	158
51	168
51	177
51	185
51	193
51	201
51	209
51	217
51	225
51	233
51	241
51	249
51	258
51	267
51	276
51	285
51	294
51	303
51	312
51	321
51	330
51	339
51	348
51	357
51	366
51	375
51	384
51	392
51	400
51	408
51	415
51	423
51	431
51	439
51	448
51	458
51	469
52	158
52	168
52	176
52	183
52	190
52	196
52	202
52	208
52	214
52	220
52	226
52	232
52	238
52	244
52	250
52	256
52	262
52	268
52	274
52	280
52	286
52	292
52	298
52	304
52	310
52	316
52	322
52	328
52	334
52	340
52	345
52	351
52	356
52	362
52	367
52	372
52	377
52	382
52	387
52	392
52	397
52	402
52	407
52	412
52	417
52	422
52	427
52	433
52	439
52	445
52	452
52	459
52	467
52	476
52	487
53	157
53	166
53	173
53	180
53	185
53	191
53	195
53	200
53	204
53	208
53	212
53	216
53	220
53	223
53	227
53	230
53	234
53	237
53	241
53	244
53	247
53	251
53	254
53	257
53	261
53	264
53	267
53	271
53	274
53	277
53	281
53	284
53	287
53	291
53	294
53	297
53	301
53	304
53	307
53	311
53	313
53	317
53	320
53	323
53	326
53	329
53	332
53	335
53	338
53	341
53	344
53	347
53	350
53	353
53	356
53	359
53	362
53	365
53	368
53	371
53	374
53	377
53	380
53	383
53	386
53	389
53	392
53	395
53	398
53	401
53	405
53	408
53	412
53	416
53	419
53	424
53	428
53	433
53	438
53	444
53	450
53	457
53	465
53	474
53	484
54	158
54	167
54	173
54	179
54	183
54	188
54	192
54	195
54	199
54	202
54	205
54	208
54	211
54	213
54	216
54	219
54	221
54	224
54	226
54	229
54	231
54	233
54	236
54	238
54	240
54	243
54	245
54	247
54	249
54	252
54	253
54	256
54	258
54	260
54	262
54	264
54	266
54	269
54	270
54	273
54	274
54	277
54	279
54	281
54	283
54	285
54	287
54	289
54	291
54	293
54	295
54	297
54	299
54	301
54	303
54	305
54	307
54	309
54	311
54	313
54	315
54	317
54	319
54	321
54	323
54	325
54	327
54	329
54	331
54	333
54	335
54	337
54	339
54	341
54	344
54	345
54	348
54	350
54	352
54	354
54	357
54	358
54	361
54	363
54	365
54	368
54	370
54	372
54	375
54	377
54	379
54	382
54	385
54	387
54	390
54	393
54	396
54	399
54	402
54	406
54	409
54	413
54	417
54	421
54	426
54	431
54	437
54	443
54	450
54	458
54	468
55	158
55	166
55	173
55	179
55	184
55	189
55	193
55	198
55	202
55	206
55	210
55	214
55	218
55	222
55	226
55	230
55	233
55	237
55	240
55	244
55	247
55	251
55	254
55	257
55	261
55	263
55	267
55	270
55	273
55	276
55	279
55	282
55	285
55	288
55	291
55	294
55	297
55	300
55	303
55	306
55	309
55	312
55	315
55	318
55	321
55	325
55	327
55	331
55	334
55	338
55	341
55	345
55	349
55	353
55	357
55	362
55	366
55	371
55	376
55	382
55	388
55	395
55	402
55	409
55	417
55	426
55	436
56	160
56	170
56	179
56	188
56	197
56	207
56	217
56	228
56	240
56	362
56	374
56	385
56	395
56	404
56	413
56	422
56	431
56	441
56	454
57	152
57	161
57	169
57	176
57	183
57	190
57	196
57	203
57	210
57	217
57	224
57	231
57	238
57	245
57	253
57	261
57	269
57	277
57	285
57	293
57	301
57	309
57	317
57	325
57	333
57	341
57	348
57	355
57	362
57	369
57	375
57	381
57	387
57	393
57	398
57	403
57	408
57	413
57	418
57	423
57	428
57	433
57	438
57	444
57	450
57	457
57	465
57	474
57	485
58	151
58	160
58	166
58	172
58	177
58	182
58	187
58	192
58	196
58	201
58	205
58	209
58	213
58	217
58	221
58	225
58	229
58	233
58	237
58	241
58	245
58	249
58	253
58	257
58	261
58	265
58	269
58	273
58	277
58	282
58	286
58	290
58	295
58	299
58	303
58	308
58	312
58	316
58	320
58	324
58	328
58	332
58	336
58	340
58	344
58	348
58	351
58	355
58	358
58	362
58	365
58	369
58	372
58	375
58	379
58	381
58	385
58	387
58	391
58	393
58	396
58	399
58	402
58	404
58	407
58	410
58	412
58	415
58	418
58	420
58	423
58	426
58	429
58	432
58	435
58	438
58	442
58	445
58	449
58	453
58	457
58	462
58	467
58	473
58	479
58	486
58	495
58	506
59	159
59	168
59	175
59	181
59	185
59	190
59	193
59	198
59	201
59	204
59	208
59	211
59	213
59	217
59	219
59	222
59	225
59	227
59	230
59	232
59	235
59	237
59	240
59	242
59	245
59	247
59	250
59	252
59	254
59	257
59	259
59	261
59	264
59	266
59	268
59	271
59	273
59	275
59	278
59	280
59	282
59	285
59	287
59	289
59	292
59	294
59	296
59	299
59	301
59	303
59	305
59	308
59	310
59	312
59	314
59	317
59	318
59	321
59	323
59	325
59	327
59	329
59	331
59	333
59	335
59	337
59	339
59	341
59	343
59	345
59	347
59	349
59	351
59	353
59	354
59	357
59	358
59	360
59	362
59	364
59	365
59	368
59	369
59	371
59	373
59	374
59	376
59	378
59	380
59	381
59	383
59	385
59	386
59	388
59	390
59	391
59	393
59	395
59	396
59	398
59	400
59	402
59	403
59	405
59	407
59	409
59	410
59	413
59	415
59	416
59	419
59	421
59	423
59	426
59	428
59	430
59	433
59	436
59	438
59	441
59	445
59	447
59	451
59	455
59	458
59	463
59	467
59	473
59	479
59	486
59	494
59	504
60	159
60	168
60	173
60	178
60	182
60	185
60	189
60	192
60	194
60	198
60	200
60	202
60	205
60	207
60	210
60	212
60	213
60	216
60	218
60	220
60	222
60	223
60	226
60	228
60	229
60	232
60	233
60	235
60	237
60	239
60	240
60	242
60	244
60	245
60	247
60	249
60	251
60	252
60	254
60	255
60	257
60	259
60	260
60	262
60	263
60	265
60	267
60	268
60	270
60	271
60	273
60	274
60	276
60	278
60	279
60	281
60	282
60	284
60	285
60	287
60	288
60	290
60	291
60	293
60	294
60	296
60	297
60	299
60	300
60	302
60	303
60	305
60	306
60	308
60	309
60	311
60	312
60	314
60	315
60	317
60	318
60	320
60	321
60	323
60	324
60	326
60	327
60	329
60	330
60	332
60	333
60	334
60	336
60	337
60	339
60	340
60	342
60	343
60	344
60	346
60	347
60	349
60	350
60	352
60	353
60	354
60	356
60	357
60	359
60	360
60	361
60	363
60	364
60	366
60	367
60	368
60	370
60	371
60	373
60	374
60	376
60	377
60	378
60	380
60	382
60	383
60	384
60	386
60	388
60	389
60	390
60	393
60	394
60	396
60	397
60	399
60	401
60	403
60	405
60	407
60	408
60	411
60	414
60	415
60	418
60	420
60	424
60	426
60	429
60	432
60	436
60	439
60	444
60	447
60	453
60	458
60	464
60	471
60	479
60	489
61	158
61	166
61	172
61	177
61	182
61	186
61	190
61	194
61	198
61	202
61	205
61	209
61	212
61	216
61	219
61	223
61	226
61	230
61	233
61	236
61	240
61	242
61	246
61	249
61	252
61	255
61	258
61	261
61	264
61	267
61	270
61	272
61	275
61	278
61	281
61	283
61	286
61	289
61	291
61	294
61	297
61	299
61	302
61	304
61	307
61	310
61	312
61	315
61	318
61	320
61	323
61	326
61	328
61	331
61	334
61	337
61	339
61	343
61	345
61	349
61	351
61	355
61	358
61	361
61	365
61	368
61	372
61	376
61	380
61	385
61	390
61	396
61	402
61	409
61	417
61	426
61	437
62	172
62	185
63	172
63	184
63	196
63	210
63	399
63	410
63	420
63	431
64	176
64	187
64	197
64	206
64	215
64	224
64	233
64	242
64	251
64	260
64	269
64	278
64	287
64	296
64	305
64	314
64	323
64	332
64	341
64	350
64	358
64	366
64	374
64	382
64	389
64	395
64	401
64	407
64	412
64	417
64	422
64	427
64	433
64	438
64	445
64	452
64	460
64	469
65	170
65	180
65	188
65	195
65	201
65	207
65	212
65	217
65	222
65	227
65	232
65	236
65	241
65	245
65	250
65	254
65	259
65	263
65	268
65	272
65	277
65	281
65	286
65	290
65	295
65	299
65	304
65	308
65	313
65	317
65	322
65	326
65	330
65	334
65	338
65	342
65	346
65	350
65	354
65	358
65	362
65	366
65	370
65	374
65	378
65	381
65	385
65	388
65	392
65	395
65	399
65	402
65	405
65	408
65	412
65	414
65	418
65	421
65	424
65	427
65	431
65	434
65	438
65	442
65	446
65	450
65	455
65	460
65	466
65	473
65	481
65	490
66	160
66	169
66	176
66	182
66	187
66	192
66	195
66	200
66	203
66	207
66	210
66	213
66	217
66	220
66	223
66	226
66	229
66	232
66	235
66	238
66	241
66	243
66	247
66	249
66	252
66	255
66	257
66	260
66	263
66	265
66	268
66	271
66	273
66	276
66	279
66	281
66	284
66	287
66	289
66	292
66	295
66	297
66	300
66	303
66	305
66	308
66	311
66	313
66	316
66	319
66	321
66	324
66	327
66	329
66	332
66	335
66	337
66	340
66	343
66	345
66	348
66	351
66	353
66	356
66	359
66	361
66	364
66	367
66	369
66	372
66	375
66	377
66	380
66	383
66	385
66	388
66	391
66	393
66	396
66	399
66	401
66	405
66	407
66	410
66	414
66	416
66	420
66	424
66	427
66	431
66	435
66	439
66	444
66	449
66	455
66	462
66	470
66	480
67	161
67	170
67	177
67	183
67	189
67	194
67	199
67	204
67	209
67	213
67	218
67	222
67	227
67	231
67	235
67	239
67	243
67	247
67	251
67	255
67	259
67	263
67	267
67	271
67	275
67	279
67	283
67	287
67	291
67	295
67	299
67	303
67	307
67	311
67	315
67	319
67	323
67	327
67	331
67	335
67	339
67	343
67	347
67	352
67	356
67	361
67	365
67	370
67	375
67	380
67	385
67	391
67	397
67	404
67	411
67	419
67	429
71	190
71	201
71	211
71	221
71	230
71	239
71	248
71	257
71	266
71	275
71	284
71	293
71	302
71	311
71	320
71	329
71	338
71	347
71	356
71	365
71	374
71	383
71	391
71	399
71	407
71	414
71	421
71	428
71	435
71	443
71	451
71	460
72	169
72	179
72	187
72	194
72	200
72	206
72	211
72	216
72	221
72	226
72	231
72	236
72	241
72	245
72	250
72	254
72	259
72	263
72	268
72	272
72	277
72	281
72	286
72	290
72	295
72	299
72	304
72	308
72	313
72	317
72	322
72	326
72	331
72	335
72	340
72	344
72	349
72	353
72	358
72	362
72	367
72	371
72	376
72	380
72	385
72	389
72	394
72	398
72	402
72	407
72	411
72	415
72	419
72	423
72	427
72	431
72	435
72	439
72	444
72	448
72	454
72	459
72	466
72	473
72	481
72	491
73	163
73	172
73	180
73	186
73	192
73	197
73	202
73	206
73	211
73	214
73	219
73	222
73	226
73	230
73	234
73	238
73	241
73	245
73	249
73	252
73	256
73	259
73	263
73	266
73	270
73	273
73	277
73	280
73	284
73	287
73	291
73	294
73	298
73	301
73	305
73	308
73	312
73	315
73	319
73	322
73	326
73	330
73	333
73	337
73	341
73	344
73	348
73	352
73	355
73	359
73	363
73	367
73	371
73	375
73	379
73	383
73	387
73	391
73	395
73	399
73	403
73	407
73	411
73	415
73	419
73	424
73	428
73	433
73	438
73	443
73	448
73	454
73	461
73	469
73	478
74	177
74	187
74	196
74	204
74	212
74	220
74	228
74	236
74	243
74	250
74	257
74	264
74	271
74	278
74	285
74	292
74	299
74	306
74	313
74	321
74	329
74	337
74	345
74	353
74	361
74	370
74	379
74	389
74	400
-1	-1
