-1	-1
6	306
6	320
7	249
7	260
7	270
7	279
7	288
7	297
7	306
7	315
7	324
7	333
7	342
7	351
7	360
7	369
7	379
7	389
7	400
7	413
8	241
8	251
8	260
8	268
8	276
8	283
8	290
8	297
8	304
8	311
8	318
8	325
8	332
8	339
8	346
8	353
8	360
8	367
8	374
8	382
8	390
8	398
8	406
8	415
8	425
8	435
8	446
8	457
8	469
9	251
9	262
9	272
9	281
9	289
9	297
9	305
9	312
9	319
9	326
9	333
9	340
9	347
9	354
9	362
9	370
9	378
9	386
9	394
9	403
9	412
9	421
9	431
9	441
9	451
9	461
9	471
9	481
9	491
9	501
9	512
10	249
10	259
10	268
10	276
10	283
10	290
10	296
10	302
10	308
10	314
10	320
10	326
10	332
10	338
10	344
10	350
10	356
10	362
10	368
10	374
10	380
10	386
10	392
10	398
10	404
10	410
10	417
10	424
10	431
10	438
10	445
10	452
10	459
10	466
10	472
10	479
10	485
10	492
10	499
10	506
10	513
10	520
10	528
10	536
10	545
10	555
10	566
11	242
11	252
11	260
11	268
11	274
11	280
11	286
11	291
11	296
11	301
11	305
11	310
11	314
11	318
11	322
11	326
11	330
11	334
11	338
11	342
11	346
11	350
11	354
11	358
11	362
11	366
11	370
11	374
11	378
11	382
11	386
11	390
11	395
11	399
11	404
11	408
11	413
11	417
11	422
11	427
11	432
11	437
11	442
11	447
11	452
11	457
11	462
11	467
11	472
11	477
11	482
11	487
11	492
11	497
11	502
11	507
11	513
11	518
11	524
11	530
11	537
11	544
11	552
11	561
11	571
12	233
12	242
12	250
12	256
12	262
12	267
12	272
12	276
12	281
12	284
12	288
12	292
12	295
12	299
12	302
12	305
12	308
12	311
12	314
12	317
12	320
12	322
12	325
12	328
12	330
12	333
12	336
12	338
12	341
12	343
12	346
12	348
12	351
12	353
12	356
12	358
12	361
12	363
12	366
12	368
12	371
12	373
12	376
12	378
12	381
12	383
12	386
12	388
12	391
12	393
12	396
12	398
12	401
12	404
12	406
12	409
12	412
12	414
12	417
12	420
12	423
12	425
12	429
12	431
12	434
12	437
12	440
12	443
12	446
12	449
12	453
12	456
12	460
12	463
12	467
12	471
12	475
12	479
12	483
12	488
12	492
12	497
12	502
12	507
12	512
12	518
12	524
12	530
12	537
12	544
12	552
12	560
12	569
12	579
13	231
13	241
13	249
13	255
13	261
13	266
13	271
13	275
13	280
13	283
13	287
13	291
13	293
13	297
13	300
13	303
13	306
13	309
13	311
13	314
13	317
13	319
13	322
13	324
13	327
13	329
13	332
13	334
13	336
13	339
13	341
13	343
13	346
13	348
13	350
13	352
13	355
13	357
13	359
13	361
13	363
13	366
13	367
13	370
13	372
13	374
13	376
13	378
13	380
13	383
13	384
13	387
13	389
13	391
13	393
13	395
13	398
13	399
13	402
13	404
13	406
13	408
13	411
13	413
13	415
13	417
13	420
13	422
13	424
13	427
13	429
13	431
13	434
13	436
13	438
13	441
13	444
13	446
13	449
13	452
13	455
13	457
13	461
13	464
13	467
13	471
13	474
13	478
13	482
13	486
13	490
13	495
13	500
13	506
13	512
13	518
13	525
13	533
13	541
13	550
13	559
13	569
13	584
14	242
14	252
14	261
14	269
14	277
14	284
14	291
14	297
14	303
14	309
14	315
14	320
14	326
14	331
14	336
14	341
14	346
14	351
14	355
14	360
14	364
14	369
14	373
14	377
14	381
14	385
14	389
14	393
14	397
14	401
14	405
14	409
14	413
14	417
14	421
14	425
14	429
14	434
14	438
14	443
14	448
14	453
14	458
14	464
14	470
14	477
14	485
14	494
14	504
15	249
15	259
15	268
15	276
15	283
15	290
15	297
15	304
15	311
15	318
15	325
15	332
15	339
15	346
15	353
15	360
15	367
15	375
15	383
15	391
15	399
15	408
15	417
15	426
15	436
15	447
16	252
16	263
16	273
16	282
16	290
16	298
16	306
16	314
16	322
16	330
16	338
16	346
16	354
16	362
16	371
16	380
16	390
16	400
16	412
17	263
17	274
17	284
17	294
17	304
17	314
17	324
17	334
17	344
17	354
17	365
17	376
18	277
18	289
18	300
18	311
18	322
18	333
18	345
19	286
19	298
19	310
19	323
20	267
20	278
20	288
20	298
20	308
20	318
20	328
20	339
20	350
20	363
21	252
21	263
21	272
21	281
21	289
21	297
21	305
21	313
21	321
21	329
21	337
21	346
21	355
21	364
21	374
21	385
22	238
22	248
22	256
22	263
22	270
22	276
22	282
22	287
22	293
22	298
22	303
22	308
22	313
22	318
22	323
22	328
22	334
22	339
22	345
22	351
22	357
22	363
22	370
22	377
22	385
22	393
22	402
22	412
23	230
23	240
23	248
23	254
23	260
23	265
23	270
23	274
23	279
23	283
23	287
23	291
23	295
23	299
23	303
23	307
23	311
23	315
23	319
23	323
23	327
23	331
23	335
23	339
23	343
23	347
23	351
23	355
23	359
23	364
23	368
23	373
23	378
23	384
23	390
23	396
23	403
23	411
23	420
23	430
23	445
24	228
24	237
24	244
24	250
24	255
24	260
24	264
24	269
24	273
24	277
24	281
24	284
24	288
24	291
24	295
24	298
24	302
24	305
24	309
24	312
24	315
24	319
24	321
24	325
24	328
24	331
24	334
24	337
24	340
24	343
24	346
24	349
24	352
24	355
24	358
24	361
24	365
24	368
24	372
24	375
24	379
24	383
24	387
24	391
24	396
24	400
24	406
24	411
24	417
24	424
24	431
24	440
24	450
25	237
25	247
25	255
25	262
25	269
25	274
25	280
25	285
25	290
25	294
25	299
25	303
25	308
25	312
25	316
25	320
25	324
25	328
25	332
25	336
25	340
25	343
25	347
25	351
25	354
25	358
25	362
25	366
25	370
25	374
25	378
25	382
25	386
25	390
25	395
25	399
25	404
25	409
25	415
25	421
25	427
25	434
25	442
25	451
25	462
26	252
26	263
26	273
26	282
26	290
26	298
26	306
26	314
26	322
26	329
26	336
26	343
26	350
26	357
26	364
26	370
26	376
26	382
26	387
26	393
26	398
26	403
26	408
26	414
26	420
26	426
26	433
26	440
26	448
26	457
26	467
27	271
27	282
27	293
27	303
27	313
27	322
27	331
27	340
27	348
27	356
27	364
27	371
27	378
27	384
27	389
27	394
27	399
27	404
27	409
27	414
27	419
27	424
27	429
27	435
27	441
27	447
27	454
27	461
27	469
27	478
27	489
28	367
28	378
28	387
28	395
28	402
28	409
28	415
28	421
28	427
28	433
28	439
28	446
28	453
28	461
28	469
28	478
28	489
29	398
29	408
29	416
29	423
29	430
29	436
29	442
29	448
29	455
29	462
29	469
29	477
29	486
29	496
30	410
30	420
30	428
30	435
30	442
30	449
30	456
30	463
30	470
30	477
30	485
30	493
30	502
30	512
31	430
31	440
31	449
31	457
31	464
31	471
31	478
31	485
31	493
31	501
31	510
31	520
32	428
32	438
32	446
32	452
32	458
32	464
32	469
32	474
32	479
32	485
32	490
32	496
32	502
32	508
32	515
32	523
32	531
32	540
32	550
32	562
33	439
33	449
33	457
33	464
33	471
33	478
33	484
33	490
33	496
33	502
33	509
33	516
33	523
33	531
33	539
33	548
33	557
33	567
33	577
33	587
33	598
34	447
34	457
34	466
34	473
34	480
34	486
34	492
34	498
34	504
34	510
34	516
34	523
34	530
34	537
34	544
34	551
34	559
34	567
34	575
34	583
34	591
34	600
34	610
34	621
35	432
35	443
35	453
35	462
35	470
35	476
35	482
35	487
35	492
35	497
35	502
35	507
35	512
35	517
35	522
35	528
35	533
35	539
35	545
35	551
35	557
35	563
35	569
35	576
35	583
35	590
35	598
35	607
35	617
36	459
36	469
36	478
36	485
36	492
36	498
36	504
36	510
36	515
36	521
36	526
36	532
36	537
36	543
36	549
36	555
36	561
36	568
36	575
36	582
36	590
36	598
36	607
36	618
37	461
37	472
37	481
37	489
37	496
37	503
37	509
37	515
37	521
37	527
37	533
37	539
37	545
37	551
37	558
37	565
37	572
37	580
37	588
37	597
37	606
37	617
38	448
38	459
38	468
38	476
38	483
38	490
38	496
38	502
38	508
38	514
38	520
38	526
38	532
38	538
38	544
38	550
38	556
38	562
38	568
38	574
38	581
38	588
38	595
38	603
38	612
38	622
38	633
39	466
39	476
39	485
39	493
39	500
39	506
39	512
39	517
39	522
39	527
39	532
39	537
39	542
39	546
39	551
39	556
39	561
39	566
39	571
39	576
39	581
39	587
39	593
39	599
39	606
39	613
39	621
39	630
39	640
40	476
40	486
40	494
40	501
40	507
40	512
40	517
40	521
40	525
40	529
40	533
40	537
40	541
40	545
40	549
40	553
40	557
40	561
40	565
40	569
40	574
40	578
40	583
40	588
40	593
40	598
40	604
40	610
40	617
40	625
40	634
40	644
41	429
41	440
41	450
41	460
41	469
41	477
41	484
41	491
41	498
41	504
41	510
41	515
41	520
41	524
41	529
41	533
41	538
41	542
41	547
41	551
41	556
41	560
41	565
41	569
41	574
41	579
41	584
41	590
41	596
41	602
41	609
41	616
41	624
41	633
41	644
42	271
42	282
42	293
42	304
42	314
42	324
42	334
42	344
42	354
42	364
42	374
42	384
42	394
42	404
42	413
42	422
42	431
42	439
42	447
42	454
42	461
42	468
42	474
42	480
42	486
42	492
42	498
42	504
42	510
42	516
42	522
42	528
42	535
42	542
42	549
42	556
42	562
42	569
42	575
42	582
42	589
42	596
42	604
42	612
42	621
42	631
43	257
43	268
43	278
43	287
43	296
43	305
43	313
43	321
43	329
43	337
43	345
43	353
43	361
43	369
43	377
43	385
43	392
43	399
43	406
43	413
43	420
43	427
43	434
43	441
43	448
43	455
43	462
43	469
43	476
43	483
43	490
43	496
43	502
43	508
43	514
43	520
43	527
43	534
43	541
43	548
43	555
43	563
43	571
43	579
43	587
43	595
43	604
43	614
43	625
44	250
44	260
44	269
44	278
44	286
44	293
44	300
44	307
44	314
44	320
44	326
44	332
44	338
44	344
44	350
44	356
44	362
44	368
44	374
44	380
44	385
44	391
44	396
44	402
44	407
44	413
44	418
44	423
44	428
44	433
44	438
44	443
44	448
44	453
44	458
44	463
44	468
44	474
44	479
44	485
44	490
44	495
44	500
44	505
44	511
44	516
44	522
44	528
44	534
44	540
44	546
44	553
44	561
44	569
44	578
44	588
44	599
45	247
45	257
45	265
45	272
45	279
45	285
45	291
45	296
45	302
45	307
45	312
45	317
45	322
45	326
45	331
45	335
45	340
45	344
45	348
45	352
45	356
45	360
45	364
45	368
45	372
45	376
45	380
45	384
45	388
45	392
45	395
45	399
45	403
45	406
45	410
45	413
45	417
45	420
45	424
45	427
45	431
45	434
45	437
45	441
45	444
45	447
45	451
45	453
45	457
45	460
45	463
45	467
45	470
45	473
45	477
45	480
45	484
45	487
45	491
45	494
45	498
45	502
45	506
45	510
45	514
45	518
45	523
45	527
45	532
45	537
45	543
45	548
45	555
45	562
45	570
45	579
45	589
46	241
46	251
46	260
46	268
46	275
46	281
46	287
46	292
46	298
46	303
46	308
46	313
46	318
46	322
46	327
46	331
46	335
46	339
46	343
46	347
46	351
46	355
46	359
46	362
46	366
46	369
46	373
46	376
46	380
46	383
46	386
46	390
46	392
46	396
46	399
46	402
46	405
46	408
46	411
46	414
46	417
46	420
46	423
46	425
46	429
46	431
46	434
46	437
46	439
46	442
46	445
46	447
46	450
46	453
46	455
46	458
46	461
46	463
46	466
46	469
46	471
46	474
46	477
46	479
46	483
46	485
46	488
46	491
46	495
46	497
46	501
46	505
46	508
46	513
46	517
46	522
46	527
46	533
46	539
46	546
46	554
46	562
46	572
46	583
47	237
47	246
47	254
47	261
47	268
47	275
47	281
47	287
47	293
47	299
47	305
47	311
47	317
47	323
47	329
47	335
47	341
47	347
47	353
47	359
47	365
47	371
47	376
47	382
47	387
47	392
47	397
47	402
47	407
47	412
47	417
47	422
47	427
47	432
47	436
47	441
47	445
47	450
47	454
47	459
47	463
47	468
47	473
47	478
47	483
47	488
47	494
47	499
47	505
47	511
47	518
47	525
47	533
47	542
47	552
47	563
48	230
48	239
48	247
48	253
48	259
48	265
48	271
48	276
48	282
48	287
48	293
48	298
48	304
48	309
48	315
48	320
48	326
48	331
48	337
48	342
48	348
48	354
48	360
48	366
48	372
48	378
48	384
48	390
48	396
48	402
48	409
48	416
48	423
48	430
48	437
48	444
48	452
48	460
48	468
48	476
48	484
48	492
48	500
48	508
48	516
48	524
48	533
48	542
48	552
48	563
49	227
49	236
49	243
49	250
49	255
49	261
49	265
49	270
49	274
49	279
49	283
49	288
49	292
49	296
49	300
49	304
49	308
49	312
49	316
49	320
49	323
49	327
49	331
49	334
49	338
49	342
49	345
49	349
49	353
49	356
49	360
49	364
49	367
49	371
49	375
49	378
49	382
49	386
49	389
49	393
49	397
49	401
49	405
49	409
49	413
49	417
49	421
49	425
49	429
49	433
49	437
49	441
49	446
49	450
49	455
49	459
49	464
49	468
49	473
49	477
49	482
49	487
49	492
49	497
49	502
49	507
49	513
49	518
49	524
49	530
49	536
49	543
49	550
49	558
49	567
49	577
50	228
50	237
50	244
50	251
50	257
50	263
50	268
50	273
50	277
50	282
50	285
50	290
50	293
50	297
50	300
50	303
50	307
50	310
50	313
50	316
50	319
50	322
50	325
50	328
50	331
50	333
50	336
50	339
50	341
50	344
50	347
50	349
50	352
50	354
50	357
50	359
50	362
50	364
50	367
50	369
50	372
50	374
50	377
50	379
50	382
50	384
50	387
50	389
50	392
50	394
50	397
50	399
50	402
50	404
50	407
50	409
50	412
50	414
50	417
50	419
50	422
50	424
50	427
50	429
50	432
50	434
50	437
50	439
50	442
50	445
50	447
50	450
50	453
50	455
50	458
50	461
50	464
50	466
50	469
50	472
50	475
50	478
50	481
50	484
50	487
50	490
50	494
50	497
50	501
50	505
50	508
50	513
50	517
50	522
50	527
50	532
50	538
50	544
50	551
50	559
50	568
50	578
51	233
51	243
51	251
51	259
51	265
51	271
51	277
51	282
51	287
51	292
51	297
51	301
51	306
51	310
51	314
51	318
51	322
51	326
51	330
51	334
51	338
51	342
51	345
51	349
51	352
51	356
51	359
51	363
51	366
51	369
51	373
51	375
51	379
51	382
51	385
51	388
51	391
51	394
51	397
51	400
51	403
51	406
51	409
51	412
51	415
51	418
51	421
51	424
51	427
51	430
51	434
51	437
51	440
51	444
51	447
51	451
51	454
51	458
51	461
51	465
51	469
51	473
51	477
51	481
51	486
51	490
51	495
51	500
51	506
51	512
51	518
51	525
51	533
51	542
51	552
51	563
52	238
52	247
52	255
52	262
52	269
52	276
52	283
52	290
52	297
52	304
52	311
52	318
52	326
52	334
52	342
52	350
52	358
52	366
52	374
52	382
52	391
52	400
52	409
52	418
52	427
52	436
52	445
52	454
52	463
52	472
52	481
52	490
52	499
52	508
52	517
52	526
52	536
52	547
53	239
53	248
53	255
53	262
53	268
53	274
53	280
53	285
53	291
53	296
53	301
53	306
53	311
53	316
53	321
53	326
53	331
53	336
53	342
53	347
53	353
53	358
53	364
53	370
53	376
53	382
53	388
53	394
53	400
53	406
53	412
53	418
53	424
53	430
53	436
53	442
53	448
53	454
53	460
53	466
53	472
53	478
53	484
53	490
53	496
53	502
53	507
53	513
53	518
53	524
53	529
53	535
53	541
53	547
53	554
53	562
53	571
53	581
54	237
54	246
54	253
54	260
54	265
54	271
54	275
54	280
54	284
54	289
54	292
54	296
54	300
54	303
54	307
54	310
54	314
54	317
54	321
54	324
54	327
54	331
54	333
54	337
54	340
54	343
54	346
54	349
54	352
54	355
54	358
54	361
54	364
54	367
54	370
54	373
54	376
54	379
54	382
54	385
54	388
54	391
54	395
54	397
54	401
54	404
54	407
54	410
54	414
54	416
54	420
54	423
54	426
54	429
54	433
54	435
54	439
54	442
54	445
54	448
54	452
54	454
54	458
54	461
54	464
54	468
54	470
54	474
54	477
54	480
54	484
54	487
54	490
54	494
54	497
54	500
54	504
54	507
54	510
54	514
54	517
54	520
54	524
54	527
54	531
54	535
54	538
54	543
54	547
54	552
54	557
54	562
54	568
54	575
54	582
54	590
54	600
55	232
55	241
55	249
55	255
55	261
55	265
55	270
55	273
55	277
55	281
55	283
55	287
55	290
55	292
55	295
55	298
55	300
55	302
55	305
55	307
55	309
55	312
55	313
55	316
55	318
55	320
55	322
55	324
55	326
55	328
55	330
55	332
55	334
55	336
55	338
55	340
55	342
55	343
55	346
55	347
55	349
55	351
55	353
55	355
55	356
55	359
55	360
55	362
55	364
55	366
55	368
55	369
55	371
55	373
55	375
55	377
55	378
55	380
55	382
55	384
55	386
55	387
55	389
55	391
55	393
55	395
55	396
55	398
55	400
55	402
55	404
55	405
55	407
55	409
55	411
55	413
55	414
55	416
55	418
55	420
55	421
55	423
55	425
55	427
55	428
55	430
55	432
55	434
55	435
55	437
55	439
55	441
55	443
55	444
55	446
55	448
55	450
55	452
55	453
55	455
55	457
55	459
55	461
55	462
55	464
55	466
55	468
55	470
55	471
55	474
55	475
55	477
55	479
55	481
55	483
55	485
55	487
55	489
55	491
55	493
55	495
55	497
55	499
55	502
55	504
55	506
55	509
55	511
55	514
55	517
55	519
55	523
55	526
55	529
55	533
55	536
55	540
55	545
55	549
55	554
55	559
55	565
55	572
55	580
55	589
56	231
56	240
56	248
56	254
56	260
56	264
56	269
56	272
56	276
56	279
56	282
56	285
56	288
56	291
56	293
56	296
56	299
56	301
56	303
56	306
56	308
56	311
56	313
56	315
56	318
56	320
56	322
56	324
56	327
56	329
56	331
56	333
56	335
56	338
56	339
56	342
56	344
56	346
56	348
56	350
56	352
56	354
56	356
56	358
56	360
56	362
56	364
56	366
56	368
56	370
56	372
56	374
56	376
56	378
56	380
56	381
56	383
56	385
56	387
56	389
56	390
56	392
56	394
56	396
56	398
56	399
56	401
56	403
56	405
56	406
56	408
56	410
56	412
56	413
56	415
56	417
56	419
56	420
56	422
56	424
56	426
56	427
56	429
56	431
56	433
56	434
56	436
56	438
56	440
56	441
56	443
56	445
56	447
56	449
56	450
56	452
56	454
56	456
56	458
56	459
56	462
56	463
56	465
56	467
56	469
56	471
56	473
56	475
56	477
56	479
56	481
56	484
56	486
56	488
56	491
56	494
56	496
56	499
56	502
56	505
56	508
56	511
56	515
56	518
56	523
56	527
56	532
56	537
56	543
56	549
56	557
56	566
56	577
57	227
57	235
57	242
57	248
57	253
57	258
57	263
57	268
57	273
57	278
57	284
57	290
57	296
57	303
57	310
57	317
57	325
57	334
57	343
57	353
57	363
57	374
57	384
57	394
57	404
57	415
57	426
57	437
57	448
57	460
57	473
57	485
57	496
57	507
57	518
58	222
58	231
58	238
58	243
58	248
58	252
58	256
58	260
58	264
58	268
58	272
58	276
58	280
58	285
58	289
58	294
58	298
58	303
58	308
58	314
58	319
58	325
58	331
58	338
58	345
58	352
58	360
58	368
58	377
58	386
58	395
58	405
58	415
58	425
58	435
58	445
58	455
58	465
58	475
58	484
58	492
58	500
58	507
58	514
58	521
58	528
58	536
58	544
58	553
58	564
59	229
59	238
59	244
59	250
59	254
59	259
59	263
59	268
59	272
59	276
59	280
59	284
59	288
59	292
59	296
59	300
59	304
59	308
59	312
59	316
59	320
59	324
59	328
59	332
59	336
59	340
59	345
59	349
59	354
59	358
59	363
59	367
59	372
59	376
59	381
59	386
59	391
59	396
59	401
59	406
59	411
59	416
59	421
59	426
59	431
59	436
59	441
59	446
59	451
59	456
59	461
59	466
59	471
59	475
59	480
59	484
59	489
59	492
59	497
59	500
59	504
59	508
59	511
59	515
59	518
59	522
59	525
59	529
59	533
59	537
59	541
59	546
59	550
59	556
59	561
59	567
59	574
59	582
59	591
60	238
60	248
60	256
60	262
60	268
60	272
60	277
60	281
60	284
60	288
60	292
60	294
60	298
60	301
60	304
60	307
60	310
60	312
60	315
60	318
60	321
60	323
60	326
60	328
60	331
60	333
60	336
60	338
60	341
60	343
60	346
60	348
60	351
60	353
60	355
60	358
60	360
60	363
60	365
60	367
60	370
60	372
60	375
60	377
60	379
60	382
60	384
60	387
60	389
60	391
60	394
60	396
60	399
60	401
60	404
60	406
60	409
60	411
60	414
60	416
60	419
60	421
60	424
60	426
60	429
60	431
60	433
60	436
60	438
60	441
60	443
60	445
60	448
60	450
60	453
60	455
60	457
60	460
60	462
60	464
60	467
60	469
60	471
60	474
60	476
60	478
60	481
60	482
60	485
60	487
60	489
60	491
60	493
60	495
60	497
60	499
60	501
60	503
60	505
60	507
60	509
60	511
60	513
60	515
60	517
60	519
60	522
60	524
60	526
60	528
60	531
60	534
60	536
60	538
60	542
60	544
60	547
60	550
60	554
60	557
60	561
60	565
60	569
60	574
60	579
60	585
60	592
60	600
60	610
61	240
61	249
61	256
61	262
61	265
61	270
61	272
61	276
61	279
61	282
61	284
61	287
61	290
61	292
61	294
61	297
61	299
61	301
61	303
61	305
61	308
61	309
61	312
61	313
61	315
61	317
61	319
61	321
61	322
61	325
61	326
61	328
61	330
61	332
61	333
61	335
61	337
61	339
61	340
61	342
61	344
61	345
61	347
61	349
61	350
61	352
61	354
61	355
61	357
61	359
61	360
61	362
61	364
61	365
61	367
61	369
61	370
61	372
61	374
61	375
61	377
61	379
61	380
61	382
61	384
61	385
61	387
61	389
61	390
61	392
61	393
61	395
61	397
61	398
61	400
61	402
61	403
61	405
61	406
61	408
61	410
61	411
61	413
61	414
61	416
61	418
61	419
61	421
61	422
61	424
61	426
61	427
61	429
61	430
61	432
61	434
61	435
61	437
61	438
61	440
61	442
61	443
61	445
61	446
61	448
61	450
61	451
61	453
61	454
61	456
61	458
61	459
61	461
61	462
61	464
61	466
61	467
61	469
61	470
61	472
61	474
61	475
61	477
61	478
61	480
61	482
61	483
61	485
61	486
61	488
61	490
61	491
61	493
61	495
61	496
61	498
61	500
61	501
61	504
61	505
61	507
61	509
61	511
61	513
61	515
61	517
61	519
61	522
61	524
61	526
61	529
61	532
61	535
61	537
61	541
61	544
61	548
61	552
61	556
61	561
61	566
61	572
61	578
61	586
61	595
62	247
62	255
62	262
62	268
62	273
62	278
62	282
62	287
62	291
62	295
62	299
62	303
62	307
62	311
62	314
62	318
62	322
62	325
62	329
62	332
62	336
62	339
62	343
62	346
62	350
62	353
62	357
62	360
62	363
62	367
62	370
62	373
62	376
62	380
62	382
62	386
62	389
62	392
62	395
62	398
62	401
62	404
62	407
62	410
62	413
62	416
62	419
62	422
62	425
62	428
62	431
62	434
62	437
62	440
62	443
62	446
62	449
62	452
62	455
62	458
62	461
62	464
62	467
62	470
62	473
62	476
62	479
62	483
62	486
62	490
62	494
62	498
62	502
62	507
62	512
62	517
62	523
62	529
62	537
62	546
62	557
63	249
63	260
63	270
63	280
63	291
64	247
64	256
64	264
64	272
64	280
64	289
64	298
64	308
64	318
64	329
65	261
65	272
65	282
65	291
65	300
65	308
65	316
65	324
65	332
65	340
65	348
65	356
65	364
65	372
65	381
65	390
65	399
65	408
65	417
65	426
65	435
65	444
65	453
65	462
65	471
65	480
65	489
65	497
65	504
65	511
65	518
65	524
65	531
65	538
65	545
65	553
65	562
65	573
66	256
66	265
66	273
66	280
66	286
66	292
66	297
66	302
66	307
66	311
66	316
66	320
66	324
66	329
66	333
66	337
66	341
66	345
66	349
66	353
66	357
66	361
66	365
66	369
66	373
66	377
66	381
66	385
66	389
66	394
66	398
66	402
66	407
66	411
66	416
66	420
66	425
66	429
66	434
66	438
66	443
66	447
66	452
66	456
66	461
66	465
66	470
66	474
66	479
66	483
66	487
66	491
66	495
66	499
66	503
66	507
66	511
66	515
66	519
66	522
66	526
66	530
66	534
66	538
66	542
66	547
66	551
66	557
66	562
66	568
66	575
66	583
66	593
67	251
67	260
67	267
67	273
67	279
67	283
67	288
67	292
67	296
67	300
67	303
67	307
67	311
67	314
67	318
67	321
67	324
67	328
67	331
67	334
67	337
67	340
67	343
67	346
67	349
67	352
67	355
67	358
67	361
67	364
67	367
67	370
67	373
67	376
67	379
67	382
67	385
67	388
67	391
67	394
67	397
67	400
67	403
67	406
67	409
67	412
67	415
67	418
67	421
67	425
67	427
67	431
67	434
67	437
67	440
67	444
67	447
67	450
67	454
67	457
67	460
67	464
67	467
67	470
67	474
67	477
67	480
67	484
67	487
67	490
67	494
67	497
67	501
67	504
67	508
67	511
67	515
67	519
67	523
67	527
67	532
67	536
67	541
67	546
67	552
67	558
67	566
67	575
67	586
68	266
68	276
68	285
68	294
68	302
68	310
68	318
68	326
68	333
68	341
68	348
68	355
68	362
68	369
68	376
68	383
68	390
68	397
68	404
68	411
68	418
68	425
68	433
68	441
68	449
68	457
68	465
68	473
68	481
68	490
68	499
68	510
71	530
72	263
72	273
72	282
72	290
72	298
72	305
72	312
72	319
72	326
72	333
72	340
72	347
72	354
72	361
72	368
72	375
72	382
72	389
72	396
72	403
72	410
72	417
72	424
72	431
72	438
72	445
72	452
72	459
72	466
72	473
72	480
72	487
72	494
72	501
72	508
72	514
72	520
72	526
72	532
72	538
72	544
72	550
72	557
72	564
72	572
72	582
73	256
73	265
73	272
73	279
73	284
73	290
73	295
73	300
73	305
73	310
73	314
73	319
73	323
73	328
73	332
73	336
73	341
73	345
73	349
73	353
73	357
73	362
73	366
73	370
73	375
73	379
73	384
73	388
73	393
73	397
73	402
73	406
73	411
73	415
73	420
73	424
73	429
73	433
73	438
73	442
73	447
73	452
73	456
73	461
73	466
73	470
73	475
73	480
73	485
73	490
73	495
73	500
73	504
73	509
73	513
73	518
73	522
73	527
73	531
73	536
73	540
73	545
73	550
73	555
73	560
73	566
73	572
73	579
73	587
73	597
74	260
74	270
74	278
74	285
74	292
74	299
74	305
74	311
74	317
74	323
74	329
74	335
74	341
74	347
74	353
74	359
74	365
74	371
74	377
74	383
74	389
74	395
74	401
74	407
74	413
74	419
74	425
74	431
74	437
74	443
74	449
74	455
74	461
74	467
74	474
74	480
74	487
74	494
74	501
74	508
74	515
74	523
74	531
74	539
74	548
74	557
74	568
-1	-1
