-1	-1
3	341
3	353
3	364
3	375
3	386
3	398
3	410
3	422
3	434
4	329
4	340
4	351
4	362
4	373
4	384
4	395
4	406
4	417
4	427
4	437
4	448
4	459
4	472
7	337
7	349
7	361
7	373
8	332
8	344
8	356
8	368
8	380
8	393
8	406
9	321
9	332
9	343
9	353
9	363
9	373
9	383
9	393
9	403
9	414
9	425
9	437
9	449
9	461
9	474
9	486
9	498
9	509
9	520
9	531
9	542
9	555
10	291
10	302
10	311
10	319
10	327
10	334
10	341
10	348
10	355
10	362
10	369
10	376
10	383
10	390
10	397
10	404
10	411
10	418
10	425
10	432
10	440
10	447
10	454
10	461
10	469
10	477
10	485
10	493
10	501
10	509
10	517
10	525
10	533
10	541
10	549
10	558
10	568
11	281
11	291
11	299
11	306
11	313
11	319
11	325
11	330
11	335
11	340
11	345
11	350
11	355
11	360
11	365
11	370
11	375
11	380
11	385
11	390
11	395
11	400
11	405
11	410
11	415
11	420
11	426
11	431
11	437
11	442
11	447
11	452
11	457
11	462
11	468
11	473
11	479
11	484
11	490
11	496
11	502
11	508
11	514
11	520
11	526
11	532
11	539
11	546
11	554
11	562
11	571
11	583
12	272
12	281
12	289
12	295
12	301
12	306
12	311
12	315
12	320
12	323
12	327
12	331
12	334
12	338
12	342
12	345
12	349
12	352
12	356
12	359
12	363
12	366
12	370
12	373
12	377
12	380
12	384
12	387
12	391
12	395
12	398
12	402
12	406
12	409
12	413
12	417
12	421
12	425
12	429
12	433
12	437
12	441
12	445
12	449
12	453
12	457
12	461
12	466
12	470
12	475
12	479
12	484
12	489
12	494
12	499
12	505
12	511
12	517
12	524
12	531
12	539
12	548
12	558
13	271
13	280
13	288
13	294
13	300
13	304
13	309
13	313
13	317
13	321
13	325
13	329
13	333
13	337
13	341
13	345
13	349
13	353
13	357
13	361
13	365
13	369
13	373
13	377
13	381
13	385
13	389
13	393
13	397
13	402
13	406
13	411
13	415
13	420
13	425
13	430
13	435
13	440
13	446
13	451
13	457
13	463
13	469
13	475
13	481
13	488
13	495
13	503
13	511
13	520
13	530
14	277
14	286
14	293
14	300
14	306
14	312
14	318
14	323
14	329
14	334
14	340
14	345
14	351
14	356
14	362
14	368
14	374
14	380
14	386
14	392
14	398
14	405
14	412
14	419
14	427
14	435
14	444
14	453
14	463
14	473
14	484
15	278
15	287
15	294
15	301
15	307
15	312
15	318
15	323
15	328
15	334
15	339
15	345
15	351
15	357
15	363
15	369
15	376
15	383
15	390
15	397
15	405
15	413
15	422
15	431
15	441
15	452
15	464
16	279
16	289
16	296
16	302
16	308
16	313
16	318
16	323
16	328
16	333
16	338
16	343
16	348
16	353
16	358
16	364
16	370
16	376
16	382
16	388
16	395
16	402
16	409
16	417
16	426
16	435
16	445
16	456
17	280
17	289
17	296
17	302
17	307
17	312
17	317
17	321
17	326
17	330
17	335
17	339
17	344
17	348
17	353
17	358
17	363
17	368
17	373
17	378
17	384
17	390
17	396
17	402
17	409
17	416
17	424
17	432
17	441
17	451
17	462
17	475
18	286
18	294
18	301
18	306
18	312
18	316
18	321
18	325
18	330
18	334
18	339
18	343
18	348
18	352
18	357
18	362
18	367
18	372
18	377
18	382
18	388
18	394
18	400
18	406
18	413
18	420
18	427
18	435
18	444
18	453
18	463
18	473
18	484
19	288
19	297
19	304
19	310
19	315
19	321
19	325
19	330
19	334
19	338
19	342
19	346
19	350
19	354
19	358
19	362
19	366
19	370
19	374
19	378
19	382
19	386
19	391
19	395
19	400
19	405
19	410
19	415
19	420
19	426
19	432
19	438
19	445
19	452
19	460
19	468
19	477
19	486
19	496
19	506
19	517
20	291
20	301
20	309
20	315
20	321
20	326
20	331
20	335
20	340
20	343
20	347
20	351
20	354
20	358
20	361
20	365
20	368
20	372
20	375
20	379
20	382
20	386
20	390
20	394
20	398
20	402
20	406
20	410
20	415
20	419
20	424
20	428
20	433
20	438
20	443
20	448
20	454
20	460
20	466
20	472
20	479
20	486
20	493
20	501
20	509
20	518
20	527
20	537
20	547
20	559
21	289
21	299
21	307
21	314
21	320
21	325
21	331
21	334
21	339
21	342
21	346
21	350
21	353
21	357
21	360
21	363
21	366
21	369
21	372
21	375
21	378
21	381
21	384
21	387
21	390
21	393
21	396
21	399
21	402
21	405
21	408
21	411
21	415
21	418
21	421
21	425
21	428
21	432
21	435
21	439
21	442
21	446
21	449
21	454
21	457
21	462
21	466
21	471
21	475
21	480
21	485
21	490
21	496
21	501
21	507
21	513
21	519
21	526
21	533
21	540
21	547
21	554
21	562
21	570
21	579
21	590
22	281
22	291
22	299
22	305
22	311
22	316
22	321
22	325
22	330
22	334
22	338
22	342
22	346
22	350
22	353
22	357
22	360
22	363
22	367
22	370
22	373
22	376
22	379
22	382
22	385
22	388
22	391
22	393
22	397
22	399
22	402
22	405
22	407
22	410
22	413
22	415
22	418
22	421
22	423
22	426
22	429
22	431
22	434
22	436
22	439
22	442
22	444
22	447
22	450
22	452
22	456
22	458
22	461
22	464
22	467
22	470
22	474
22	476
22	480
22	483
22	487
22	490
22	494
22	497
22	501
22	505
22	509
22	513
22	517
22	521
22	525
22	529
22	534
22	538
22	543
22	547
22	552
22	557
22	562
22	567
22	573
22	579
22	586
22	594
22	604
23	277
23	286
23	293
23	299
23	303
23	308
23	312
23	315
23	319
23	322
23	325
23	328
23	331
23	334
23	337
23	340
23	342
23	345
23	348
23	351
23	353
23	356
23	359
23	361
23	364
23	367
23	369
23	372
23	375
23	377
23	380
23	383
23	385
23	388
23	391
23	393
23	396
23	399
23	401
23	404
23	406
23	409
23	411
23	414
23	416
23	419
23	421
23	424
23	426
23	429
23	431
23	434
23	436
23	439
23	441
23	444
23	447
23	449
23	452
23	455
23	457
23	460
23	463
23	466
23	468
23	472
23	474
23	477
23	480
23	483
23	486
23	489
23	492
23	495
23	498
23	501
23	504
23	507
23	510
23	513
23	516
23	519
23	522
23	525
23	528
23	532
23	535
23	538
23	542
23	545
23	549
23	553
23	557
23	561
23	566
23	571
23	577
23	583
23	590
23	598
23	608
24	282
24	291
24	298
24	303
24	308
24	312
24	315
24	319
24	322
24	324
24	328
24	330
24	333
24	335
24	338
24	341
24	343
24	345
24	348
24	350
24	353
24	355
24	357
24	360
24	362
24	365
24	367
24	370
24	372
24	375
24	377
24	380
24	382
24	385
24	387
24	390
24	393
24	395
24	398
24	401
24	403
24	406
24	409
24	411
24	414
24	417
24	420
24	422
24	426
24	428
24	431
24	434
24	437
24	440
24	443
24	446
24	449
24	452
24	455
24	458
24	461
24	465
24	467
24	471
24	474
24	477
24	481
24	484
24	487
24	491
24	494
24	497
24	501
24	504
24	507
24	511
24	514
24	518
24	521
24	525
24	529
24	533
24	537
24	542
24	546
24	551
24	557
24	563
24	570
24	578
24	588
25	289
25	299
25	306
25	312
25	316
25	321
25	324
25	328
25	332
25	334
25	338
25	341
25	343
25	346
25	349
25	351
25	353
25	356
25	358
25	360
25	362
25	365
25	367
25	369
25	371
25	373
25	376
25	377
25	380
25	382
25	384
25	387
25	389
25	391
25	394
25	396
25	398
25	401
25	403
25	406
25	408
25	411
25	414
25	416
25	419
25	422
25	425
25	427
25	431
25	434
25	437
25	440
25	444
25	447
25	450
25	454
25	457
25	461
25	465
25	469
25	473
25	477
25	482
25	486
25	491
25	496
25	501
25	507
25	513
25	519
25	526
25	534
25	542
25	552
25	565
26	300
26	310
26	318
26	323
26	329
26	333
26	337
26	341
26	343
26	347
26	350
26	352
26	355
26	358
26	361
26	363
26	366
26	368
26	371
26	373
26	376
26	378
26	381
26	383
26	385
26	388
26	390
26	393
26	395
26	398
26	400
26	403
26	405
26	408
26	410
26	414
26	416
26	419
26	422
26	425
26	428
26	431
26	435
26	438
26	442
26	446
26	449
26	454
26	458
26	463
26	467
26	472
26	477
26	483
26	489
26	496
26	503
26	511
26	520
26	530
27	317
27	327
27	335
27	342
27	349
27	354
27	360
27	363
27	368
27	372
27	375
27	379
27	382
27	384
27	388
27	390
27	393
27	395
27	398
27	401
27	403
27	406
27	408
27	411
27	413
27	416
27	418
27	421
27	424
27	426
27	429
27	432
27	435
27	438
27	441
27	445
27	448
27	452
27	456
27	460
27	465
27	469
27	474
27	479
27	485
27	491
27	498
27	506
27	515
27	525
28	331
28	341
28	350
28	357
28	363
28	369
28	373
28	378
28	382
28	386
28	390
28	393
28	397
28	400
28	404
28	407
28	411
28	413
28	417
28	420
28	423
28	427
28	430
28	434
28	437
28	441
28	445
28	449
28	453
28	457
28	462
28	466
28	471
28	476
28	482
28	488
28	495
28	502
28	510
28	519
28	531
29	347
29	358
29	367
29	375
29	382
29	388
29	393
29	398
29	402
29	406
29	411
29	413
29	418
29	421
29	424
29	428
29	431
29	434
29	438
29	441
29	444
29	448
29	451
29	455
29	458
29	462
29	466
29	470
29	475
29	479
29	485
29	490
29	496
29	503
29	510
29	518
29	528
30	351
30	362
30	371
30	380
30	388
30	394
30	400
30	404
30	409
30	413
30	417
30	421
30	424
30	428
30	431
30	435
30	438
30	442
30	445
30	449
30	452
30	456
30	459
30	463
30	467
30	471
30	475
30	479
30	484
30	489
30	495
30	501
30	507
30	514
30	522
30	531
30	544
31	362
31	373
31	383
31	392
31	401
31	409
31	416
31	422
31	427
31	432
31	436
31	441
31	444
31	448
31	452
31	455
31	459
31	462
31	466
31	469
31	473
31	477
31	481
31	485
31	489
31	494
31	498
31	504
31	509
31	515
31	522
31	529
31	537
31	547
32	346
32	357
32	367
32	376
32	384
32	392
32	399
32	406
32	412
32	418
32	422
32	427
32	431
32	434
32	438
32	441
32	444
32	447
32	450
32	453
32	456
32	459
32	462
32	465
32	468
32	471
32	474
32	477
32	480
32	483
32	486
32	489
32	493
32	496
32	500
32	504
32	508
32	512
32	517
32	522
32	527
32	533
32	539
32	546
32	554
32	564
33	346
33	357
33	368
33	378
33	388
33	398
33	407
33	416
33	424
33	431
33	437
33	443
33	449
33	454
33	459
33	463
33	467
33	471
33	474
33	478
33	481
33	485
33	488
33	492
33	495
33	499
33	503
33	507
33	511
33	515
33	519
33	524
33	529
33	535
33	541
33	548
33	556
33	565
33	576
34	379
34	390
34	401
34	411
34	421
34	430
34	439
34	446
34	452
34	458
34	462
34	466
34	470
34	473
34	477
34	480
34	483
34	486
34	490
34	492
34	496
34	499
34	503
34	506
34	510
34	514
34	518
34	522
34	527
34	531
34	536
34	541
34	547
34	554
34	561
34	570
34	580
35	382
35	394
35	405
35	415
35	425
35	434
35	443
35	451
35	458
35	464
35	470
35	475
35	481
35	486
35	491
35	496
35	501
35	506
35	511
35	516
35	521
35	526
35	532
35	538
35	545
35	552
35	560
35	569
35	580
36	447
36	458
36	468
36	477
36	484
36	491
36	496
36	501
36	505
36	510
36	514
36	519
36	523
36	528
36	533
36	538
36	543
36	549
36	555
36	562
36	570
36	579
37	387
37	398
37	409
37	419
37	429
37	438
37	447
37	456
37	464
37	472
37	479
37	485
37	491
37	495
37	500
37	504
37	508
37	512
37	516
37	520
37	524
37	528
37	533
37	537
37	542
37	547
37	553
37	559
37	566
37	574
37	583
37	594
38	386
38	398
38	409
38	420
38	430
38	440
38	450
38	460
38	471
38	481
38	491
38	501
38	510
38	519
38	527
38	535
38	543
38	551
38	560
38	570
39	507
39	517
39	525
39	532
39	539
39	546
39	553
39	561
39	569
39	578
39	589
40	506
40	516
40	525
40	533
40	541
40	549
40	557
40	566
40	576
41	551
41	563
41	575
42	538
42	548
42	556
42	564
42	572
42	580
42	589
42	599
43	531
43	542
43	551
43	560
43	569
43	578
43	588
64	368
64	379
64	390
64	400
64	410
64	420
64	430
64	440
64	449
64	458
64	467
64	476
64	485
64	494
64	503
64	512
64	521
64	530
64	539
64	548
64	557
64	567
64	577
64	588
65	336
65	346
65	355
65	363
65	371
65	378
65	385
65	392
65	398
65	404
65	410
65	416
65	422
65	428
65	434
65	440
65	446
65	452
65	458
65	463
65	469
65	474
65	480
65	485
65	491
65	496
65	501
65	506
65	511
65	516
65	521
65	526
65	531
65	536
65	541
65	546
65	551
65	556
65	561
65	567
65	572
65	578
65	584
65	590
65	596
65	603
65	611
65	620
65	631
66	318
66	328
66	335
66	342
66	348
66	353
66	358
66	363
66	367
66	372
66	375
66	380
66	383
66	387
66	391
66	394
66	398
66	401
66	405
66	408
66	412
66	415
66	418
66	422
66	425
66	428
66	431
66	434
66	437
66	440
66	443
66	446
66	449
66	452
66	455
66	458
66	461
66	464
66	467
66	470
66	473
66	476
66	479
66	482
66	485
66	488
66	491
66	493
66	497
66	499
66	502
66	505
66	508
66	510
66	513
66	516
66	519
66	521
66	524
66	527
66	530
66	532
66	535
66	538
66	541
66	543
66	546
66	549
66	552
66	554
66	557
66	560
66	563
66	566
66	569
66	572
66	575
66	578
66	581
66	584
66	587
66	591
66	594
66	598
66	602
66	606
66	610
66	615
66	620
66	626
66	632
66	639
66	648
67	303
67	312
67	320
67	325
67	331
67	334
67	339
67	342
67	346
67	349
67	352
67	355
67	358
67	361
67	363
67	366
67	369
67	371
67	373
67	376
67	378
67	380
67	382
67	384
67	387
67	388
67	391
67	392
67	395
67	396
67	399
67	400
67	402
67	404
67	406
67	408
67	410
67	412
67	413
67	415
67	417
67	419
67	421
67	422
67	424
67	426
67	428
67	429
67	431
67	433
67	435
67	436
67	438
67	440
67	442
67	443
67	445
67	447
67	448
67	450
67	452
67	453
67	455
67	457
67	458
67	460
67	462
67	463
67	465
67	467
67	468
67	470
67	472
67	473
67	475
67	477
67	478
67	480
67	482
67	483
67	485
67	487
67	488
67	490
67	491
67	493
67	495
67	496
67	498
67	499
67	501
67	503
67	504
67	506
67	507
67	509
67	511
67	512
67	514
67	516
67	517
67	519
67	520
67	522
67	524
67	525
67	527
67	529
67	530
67	532
67	534
67	535
67	537
67	539
67	540
67	542
67	544
67	546
67	547
67	549
67	551
67	553
67	555
67	556
67	558
67	560
67	562
67	564
67	566
67	568
67	570
67	572
67	574
67	576
67	578
67	580
67	583
67	585
67	587
67	590
67	593
67	595
67	598
67	601
67	605
67	607
67	612
67	615
67	619
67	624
67	629
67	635
67	642
67	650
67	661
68	292
68	301
68	309
68	314
68	319
68	322
68	326
68	330
68	332
68	335
68	339
68	341
68	343
68	346
68	348
68	351
68	352
68	354
68	357
68	359
68	361
68	362
68	364
68	366
68	368
68	370
68	372
68	373
68	375
68	377
68	378
68	380
68	382
68	383
68	385
68	386
68	388
68	390
68	391
68	392
68	394
68	395
68	397
68	398
68	400
68	401
68	402
68	404
68	405
68	407
68	408
68	410
68	411
68	412
68	414
68	415
68	417
68	418
68	419
68	421
68	422
68	423
68	425
68	426
68	427
68	429
68	430
68	432
68	433
68	434
68	435
68	437
68	438
68	440
68	441
68	442
68	443
68	445
68	446
68	448
68	449
68	450
68	451
68	453
68	454
68	456
68	457
68	458
68	459
68	461
68	462
68	464
68	465
68	466
68	468
68	469
68	470
68	472
68	473
68	475
68	476
68	477
68	479
68	480
68	481
68	483
68	484
68	486
68	487
68	488
68	490
68	491
68	493
68	494
68	496
68	497
68	498
68	500
68	502
68	503
68	504
68	506
68	508
68	509
68	510
68	512
68	514
68	515
68	517
68	518
68	520
68	522
68	523
68	525
68	527
68	528
68	530
68	532
68	534
68	536
68	537
68	539
68	542
68	544
68	545
68	548
68	550
68	552
68	555
68	557
68	559
68	562
68	565
68	567
68	570
68	574
68	576
68	580
68	584
68	588
68	592
68	597
68	602
68	608
68	615
68	624
68	635
69	288
69	297
69	303
69	309
69	313
69	318
69	322
69	326
69	330
69	333
69	337
69	340
69	343
69	346
69	349
69	352
69	354
69	358
69	360
69	363
69	365
69	368
69	371
69	373
69	376
69	378
69	381
69	383
69	386
69	388
69	391
69	393
69	396
69	398
69	401
69	403
69	406
69	408
69	411
69	413
69	416
69	418
69	421
69	423
69	426
69	428
69	431
69	433
69	436
69	438
69	441
69	444
69	446
69	449
69	452
69	455
69	457
69	460
69	464
69	466
69	469
69	473
69	476
69	479
69	483
69	487
69	490
69	495
69	499
69	504
69	509
69	514
69	520
69	526
69	533
69	541
69	550
69	560
70	292
70	302
70	311
70	320
70	329
70	338
70	347
70	356
70	366
70	377
71	557
71	569
71	580
71	590
71	601
72	309
72	320
72	329
72	338
72	346
72	354
72	362
72	370
72	377
72	385
72	393
72	401
72	409
72	417
72	425
72	433
72	441
72	449
72	457
72	465
72	473
72	481
72	489
72	496
72	503
72	510
72	517
72	524
72	531
72	537
72	543
72	549
72	555
72	561
72	567
72	572
72	578
72	583
72	588
72	593
72	598
72	604
72	609
72	615
72	622
72	629
72	638
72	649
73	288
73	298
73	306
73	313
73	319
73	324
73	329
73	333
73	338
73	342
73	346
73	350
73	354
73	358
73	362
73	365
73	369
73	373
73	376
73	380
73	384
73	387
73	391
73	395
73	398
73	402
73	406
73	409
73	413
73	417
73	421
73	425
73	429
73	433
73	437
73	441
73	445
73	449
73	453
73	457
73	461
73	465
73	469
73	473
73	477
73	481
73	485
73	489
73	493
73	496
73	500
73	504
73	507
73	511
73	514
73	518
73	521
73	525
73	528
73	532
73	535
73	539
73	542
73	546
73	549
73	553
73	556
73	560
73	563
73	566
73	570
73	573
73	576
73	580
73	583
73	586
73	590
73	593
73	596
73	600
73	603
73	607
73	611
73	615
73	619
73	624
73	629
73	635
73	641
73	648
73	657
74	279
74	288
74	295
74	301
74	306
74	311
74	314
74	319
74	322
74	326
74	329
74	332
74	335
74	338
74	341
74	344
74	347
74	350
74	353
74	355
74	359
74	361
74	364
74	367
74	370
74	372
74	375
74	378
74	381
74	383
74	386
74	389
74	392
74	395
74	398
74	401
74	404
74	407
74	410
74	413
74	416
74	419
74	422
74	425
74	428
74	431
74	434
74	437
74	440
74	444
74	447
74	450
74	454
74	457
74	460
74	464
74	467
74	471
74	474
74	478
74	481
74	485
74	488
74	492
74	495
74	499
74	502
74	506
74	509
74	513
74	516
74	520
74	523
74	527
74	530
74	534
74	537
74	541
74	545
74	548
74	552
74	556
74	560
74	564
74	568
74	572
74	576
74	580
74	585
74	589
74	594
74	598
74	604
74	609
74	615
74	621
74	628
74	636
74	646
75	281
75	290
75	298
75	304
75	310
75	315
75	320
75	324
75	329
75	333
75	338
75	342
75	347
75	351
75	356
75	360
75	365
75	369
75	374
75	379
75	384
75	389
75	395
75	400
75	406
75	412
75	418
75	425
75	432
75	439
75	446
75	454
75	462
75	470
75	479
75	488
75	498
75	508
75	519
-1	-1
