-1	-1
5	210
5	221
5	232
5	242
5	252
5	263
5	274
5	285
5	296
5	308
6	180
6	191
6	201
6	210
6	218
6	225
6	232
6	239
6	246
6	253
6	260
6	267
6	275
6	283
6	291
6	299
6	307
6	316
6	325
6	335
6	345
6	355
6	366
6	377
6	388
6	400
7	169
7	179
7	187
7	194
7	201
7	207
7	213
7	219
7	224
7	229
7	234
7	239
7	244
7	249
7	254
7	259
7	265
7	270
7	276
7	282
7	288
7	294
7	300
7	306
7	312
7	319
7	326
7	333
7	340
7	347
7	354
7	361
7	369
7	377
7	385
7	393
7	401
7	409
7	417
7	426
7	435
7	445
7	456
8	167
8	176
8	183
8	190
8	195
8	201
8	205
8	210
8	214
8	219
8	223
8	227
8	231
8	235
8	239
8	243
8	247
8	251
8	255
8	259
8	263
8	267
8	271
8	275
8	279
8	283
8	287
8	291
8	295
8	299
8	304
8	308
8	313
8	317
8	322
8	327
8	332
8	337
8	342
8	347
8	352
8	357
8	362
8	367
8	372
8	377
8	382
8	387
8	392
8	397
8	402
8	407
8	412
8	418
8	423
8	429
8	435
8	441
8	448
8	455
8	463
8	472
8	481
8	491
8	505
9	166
9	174
9	181
9	186
9	191
9	195
9	200
9	204
9	208
9	212
9	215
9	219
9	222
9	225
9	229
9	232
9	235
9	238
9	241
9	244
9	247
9	250
9	253
9	256
9	259
9	262
9	265
9	268
9	271
9	274
9	277
9	280
9	283
9	286
9	289
9	292
9	295
9	298
9	301
9	304
9	307
9	310
9	313
9	316
9	319
9	323
9	326
9	329
9	333
9	336
9	340
9	343
9	347
9	350
9	354
9	358
9	361
9	365
9	369
9	373
9	377
9	381
9	385
9	389
9	393
9	397
9	401
9	405
9	409
9	413
9	417
9	421
9	426
9	430
9	435
9	440
9	445
9	450
9	456
9	462
9	469
9	476
9	484
9	492
9	501
9	511
10	162
10	171
10	178
10	183
10	188
10	192
10	196
10	200
10	204
10	208
10	211
10	215
10	218
10	222
10	225
10	228
10	231
10	234
10	237
10	240
10	243
10	246
10	249
10	252
10	255
10	258
10	261
10	263
10	266
10	269
10	271
10	274
10	277
10	279
10	282
10	285
10	287
10	290
10	292
10	295
10	298
10	300
10	303
10	306
10	308
10	311
10	314
10	316
10	319
10	322
10	324
10	327
10	330
10	333
10	336
10	338
10	342
10	344
10	348
10	350
10	354
10	357
10	360
10	364
10	367
10	371
10	374
10	378
10	382
10	386
10	389
10	394
10	397
10	402
10	406
10	410
10	415
10	419
10	424
10	429
10	434
10	440
10	446
10	452
10	459
10	466
10	474
10	483
10	492
10	502
11	176
11	184
11	191
11	197
11	202
11	207
11	212
11	217
11	222
11	226
11	231
11	235
11	240
11	244
11	248
11	252
11	256
11	260
11	264
11	268
11	272
11	276
11	280
11	283
11	287
11	291
11	294
11	298
11	302
11	306
11	309
11	313
11	317
11	321
11	325
11	329
11	333
11	337
11	341
11	346
11	350
11	355
11	360
11	365
11	370
11	376
11	381
11	387
11	393
11	399
11	406
11	413
11	421
11	429
11	438
11	448
11	460
12	186
12	195
12	203
12	211
12	218
12	225
12	232
12	239
12	246
12	253
12	260
12	267
12	273
12	280
12	286
12	292
12	298
12	304
12	310
12	316
12	323
12	330
12	337
12	345
12	353
12	361
12	370
12	380
12	390
12	401
13	201
13	211
13	220
13	229
13	238
13	247
13	256
13	265
13	274
13	283
13	292
13	301
13	310
13	320
13	330
13	342
14	197
14	207
14	215
14	223
14	230
14	237
14	244
14	251
14	259
14	267
14	275
14	284
14	293
14	303
14	314
15	189
15	198
15	206
15	213
15	219
15	225
15	231
15	236
15	242
15	247
15	253
15	259
15	265
15	272
15	279
15	287
15	295
15	304
15	314
15	326
16	187
16	196
16	203
16	210
16	215
16	220
16	225
16	230
16	234
16	239
16	243
16	248
16	252
16	257
16	262
16	267
16	273
16	279
16	285
16	292
16	299
16	307
16	316
16	326
17	187
17	197
17	204
17	211
17	216
17	221
17	225
17	230
17	234
17	238
17	242
17	246
17	250
17	254
17	258
17	263
17	267
17	272
17	277
17	282
17	288
17	294
17	300
17	307
17	315
17	324
17	334
17	346
18	187
18	197
18	205
18	212
18	218
18	223
18	228
18	232
18	237
18	241
18	245
18	249
18	253
18	257
18	261
18	265
18	269
18	274
18	278
18	284
18	289
18	295
18	301
18	308
18	316
18	324
18	333
18	344
19	188
19	198
19	207
19	214
19	221
19	226
19	231
19	235
19	240
19	243
19	248
19	251
19	255
19	259
19	263
19	267
19	271
19	276
19	280
19	285
19	290
19	296
19	302
19	308
19	315
19	323
19	332
19	342
19	353
20	191
20	202
20	211
20	219
20	225
20	231
20	236
20	241
20	245
20	250
20	254
20	258
20	262
20	266
20	270
20	275
20	279
20	284
20	289
20	294
20	299
20	305
20	311
20	318
20	325
20	333
20	342
20	351
20	361
20	372
20	383
20	394
20	406
21	199
21	209
21	218
21	225
21	232
21	238
21	243
21	248
21	253
21	257
21	262
21	266
21	271
21	275
21	280
21	284
21	289
21	294
21	299
21	304
21	309
21	315
21	321
21	327
21	334
21	341
21	348
21	356
21	364
21	372
21	380
21	388
21	396
21	404
21	412
21	420
21	429
21	438
21	449
22	201
22	211
22	220
22	227
22	233
22	239
22	244
22	250
22	254
22	259
22	263
22	268
22	272
22	276
22	281
22	285
22	290
22	295
22	300
22	305
22	310
22	316
22	321
22	327
22	333
22	339
22	345
22	351
22	357
22	363
22	369
22	375
22	381
22	387
22	393
22	399
22	405
22	411
22	418
22	425
22	433
22	441
22	450
22	463
23	199
23	209
23	218
23	225
23	232
23	239
23	245
23	251
23	256
23	261
23	265
23	270
23	274
23	278
23	282
23	286
23	290
23	295
23	299
23	304
23	308
23	313
23	317
23	322
23	327
23	332
23	337
23	342
23	347
23	352
23	357
23	362
23	367
23	372
23	377
23	383
23	388
23	394
23	400
23	406
23	413
23	420
23	428
23	437
24	187
24	197
24	206
24	213
24	220
24	225
24	231
24	235
24	240
24	244
24	249
24	252
24	257
24	260
24	264
24	267
24	271
24	274
24	277
24	281
24	284
24	287
24	291
24	294
24	298
24	301
24	305
24	308
24	312
24	316
24	319
24	323
24	327
24	331
24	335
24	339
24	343
24	347
24	352
24	356
24	361
24	366
24	371
24	376
24	382
24	388
24	395
24	402
24	410
24	419
25	177
25	186
25	194
25	201
25	208
25	213
25	219
25	223
25	228
25	232
25	236
25	240
25	243
25	247
25	250
25	253
25	256
25	259
25	262
25	264
25	268
25	270
25	273
25	276
25	278
25	281
25	284
25	287
25	289
25	293
25	295
25	298
25	301
25	304
25	307
25	310
25	314
25	317
25	320
25	324
25	327
25	331
25	335
25	338
25	343
25	347
25	351
25	356
25	360
25	365
25	370
25	376
25	382
25	388
25	395
25	403
25	412
25	423
26	178
26	188
26	196
26	203
26	210
26	216
26	222
26	227
26	232
26	236
26	241
26	244
26	248
26	252
26	254
26	258
26	261
26	264
26	267
26	270
26	273
26	276
26	279
26	282
26	285
26	288
26	291
26	294
26	297
26	300
26	303
26	306
26	309
26	313
26	316
26	319
26	323
26	326
26	330
26	334
26	338
26	342
26	347
26	351
26	356
26	361
26	367
26	373
26	379
26	386
26	394
26	403
26	413
27	202
27	213
27	222
27	230
27	237
27	243
27	249
27	254
27	260
27	264
27	269
27	273
27	277
27	281
27	285
27	289
27	293
27	297
27	301
27	305
27	309
27	313
27	317
27	321
27	326
27	330
27	335
27	340
27	345
27	350
27	356
27	362
27	369
27	376
27	384
27	393
27	403
28	229
28	239
28	248
28	256
28	263
28	270
28	275
28	281
28	286
28	291
28	296
28	301
28	306
28	311
28	317
28	323
28	329
28	335
28	342
28	349
28	357
28	365
28	374
28	384
29	240
29	251
29	261
29	269
29	275
29	281
29	285
29	290
29	295
29	300
29	305
29	310
29	315
29	320
29	326
29	331
29	337
29	344
29	351
29	359
29	367
29	376
29	387
30	241
30	252
30	261
30	269
30	275
30	281
30	285
30	290
30	294
30	298
30	303
30	307
30	312
30	316
30	321
30	326
30	331
30	337
30	343
30	349
30	356
30	364
30	373
30	383
30	395
31	241
31	253
31	264
31	273
31	281
31	288
31	294
31	300
31	306
31	312
31	318
31	324
31	330
31	337
31	344
31	352
31	361
31	371
31	384
32	267
32	277
32	285
32	291
32	296
32	301
32	305
32	310
32	314
32	319
32	323
32	328
32	333
32	338
32	344
32	350
32	356
32	363
32	371
32	380
32	390
33	262
33	273
33	281
33	288
33	293
33	298
33	302
33	307
33	311
33	315
33	319
33	324
33	328
33	333
33	337
33	342
33	347
33	353
33	359
33	366
33	374
33	383
33	393
34	282
34	293
34	302
34	310
34	318
34	326
34	334
34	342
34	351
34	360
34	370
35	290
35	300
35	308
35	315
35	321
35	327
35	333
35	339
35	346
35	353
35	360
35	368
35	377
35	387
36	289
36	299
36	307
36	313
36	318
36	323
36	328
36	332
36	337
36	342
36	347
36	352
36	357
36	363
36	369
36	376
36	383
36	391
36	400
37	299
37	309
37	317
37	323
37	329
37	335
37	341
37	347
37	353
37	359
37	366
37	373
37	381
37	390
37	400
38	288
38	299
38	309
38	318
38	326
38	334
38	341
38	348
38	356
38	364
38	372
38	381
38	390
38	400
39	272
39	282
39	291
39	299
39	306
39	312
39	318
39	323
39	328
39	333
39	337
39	342
39	346
39	351
39	356
39	361
39	366
39	372
39	378
39	384
39	391
39	398
39	406
39	415
39	425
40	273
40	283
40	292
40	300
40	307
40	313
40	319
40	323
40	328
40	332
40	335
40	339
40	342
40	346
40	349
40	353
40	356
40	360
40	363
40	367
40	371
40	375
40	379
40	384
40	388
40	394
40	399
40	405
40	412
40	419
40	427
40	437
41	318
41	327
41	333
41	339
41	343
41	348
41	352
41	356
41	360
41	364
41	368
41	372
41	376
41	381
41	386
41	391
41	396
41	402
41	408
41	415
41	423
41	432
41	443
42	333
42	343
42	351
42	358
42	365
42	372
42	379
42	386
42	393
42	401
42	409
42	418
42	429
43	301
43	313
43	324
43	335
43	345
43	355
43	365
43	374
43	383
43	393
43	403
43	414
44	296
44	308
44	319
44	329
44	339
44	348
44	356
44	364
44	372
44	380
44	388
44	396
44	404
44	413
44	423
44	434
45	341
45	351
45	359
45	366
45	373
45	379
45	385
45	391
45	397
45	403
45	410
45	417
45	425
45	434
45	444
46	349
46	359
46	366
46	372
46	377
46	382
46	386
46	391
46	395
46	400
46	404
46	409
46	414
46	419
46	425
46	431
46	437
46	444
46	452
46	461
46	474
47	322
47	335
47	347
47	358
47	366
47	372
47	377
47	382
47	385
47	390
47	393
47	397
47	401
47	404
47	408
47	412
47	415
47	419
47	423
47	427
47	432
47	437
47	442
47	448
47	454
47	461
47	469
47	478
47	489
48	296
48	306
48	315
48	324
48	332
48	340
48	348
48	357
48	366
48	373
48	380
48	385
48	391
48	394
48	399
48	403
48	407
48	411
48	415
48	419
48	423
48	427
48	432
48	436
48	441
48	446
48	452
48	458
48	465
48	473
48	482
48	492
48	502
48	513
49	321
49	332
49	342
49	351
49	360
49	370
49	380
49	389
49	398
49	406
49	414
49	421
49	428
49	436
49	444
49	453
49	463
49	473
49	484
49	495
49	506
51	408
51	419
51	430
51	441
51	452
51	462
51	473
51	485
52	407
52	417
52	426
52	434
52	442
52	449
52	456
52	463
52	470
52	477
52	484
52	492
52	500
52	509
52	520
53	417
53	426
53	434
53	441
53	447
53	453
53	458
53	463
53	468
53	473
53	478
53	483
53	488
53	493
53	499
53	505
53	512
53	519
53	527
53	537
54	428
54	438
54	446
54	453
54	459
54	464
54	470
54	475
54	481
54	486
54	492
54	498
54	505
54	513
54	522
54	532
61	268
61	281
61	293
61	305
61	317
61	331
62	270
62	281
62	291
62	301
62	311
62	320
62	329
62	338
62	348
62	358
62	368
62	379
62	392
63	261
63	271
63	280
63	288
63	295
63	302
63	309
63	315
63	321
63	327
63	333
63	339
63	345
63	351
63	357
63	364
63	371
63	378
63	386
63	394
63	403
63	412
63	422
63	432
63	442
63	453
63	464
63	475
63	486
64	248
64	258
64	266
64	273
64	279
64	284
64	289
64	293
64	298
64	302
64	306
64	310
64	313
64	317
64	320
64	324
64	327
64	331
64	334
64	338
64	341
64	345
64	348
64	352
64	355
64	359
64	363
64	367
64	371
64	375
64	379
64	384
64	388
64	393
64	398
64	404
64	410
64	416
64	423
64	430
64	438
64	446
64	455
64	465
64	475
64	487
65	232
65	242
65	250
65	256
65	262
65	266
65	271
65	274
65	278
65	281
65	284
65	287
65	290
65	292
65	295
65	298
65	300
65	302
65	305
65	307
65	310
65	312
65	313
65	316
65	318
65	320
65	322
65	324
65	326
65	328
65	330
65	332
65	334
65	336
65	338
65	340
65	342
65	344
65	346
65	348
65	350
65	352
65	354
65	356
65	358
65	360
65	363
65	364
65	367
65	369
65	371
65	374
65	376
65	378
65	381
65	384
65	386
65	389
65	392
65	395
65	397
65	401
65	404
65	407
65	410
65	414
65	417
65	421
65	425
65	429
65	434
65	438
65	443
65	448
65	454
65	460
65	466
65	473
65	480
65	488
65	497
65	507
66	216
66	226
66	234
66	241
66	246
66	251
66	255
66	260
66	263
66	267
66	271
66	273
66	277
66	280
66	282
66	285
66	288
66	290
66	292
66	295
66	297
66	299
66	302
66	303
66	306
66	308
66	310
66	312
66	314
66	316
66	318
66	320
66	322
66	323
66	325
66	327
66	329
66	331
66	332
66	334
66	336
66	337
66	339
66	341
66	342
66	344
66	346
66	347
66	349
66	351
66	352
66	354
66	355
66	357
66	359
66	360
66	362
66	363
66	365
66	367
66	368
66	370
66	372
66	373
66	375
66	377
66	378
66	380
66	382
66	384
66	385
66	387
66	389
66	391
66	393
66	394
66	397
66	398
66	400
66	403
66	404
66	406
66	408
66	410
66	413
66	415
66	417
66	419
66	422
66	424
66	427
66	429
66	432
66	435
66	437
66	440
66	444
66	446
66	450
66	453
66	457
66	460
66	464
66	468
66	472
66	476
66	480
66	485
66	489
66	494
66	499
66	505
66	511
66	518
66	526
66	536
67	206
67	216
67	224
67	231
67	238
67	244
67	250
67	255
67	260
67	265
67	270
67	275
67	280
67	285
67	290
67	295
67	300
67	305
67	310
67	315
67	320
67	325
67	330
67	334
67	339
67	342
67	346
67	350
67	352
67	356
67	359
67	362
67	364
67	367
67	370
67	372
67	374
67	377
67	379
67	381
67	383
67	385
67	387
67	390
67	391
67	393
67	395
67	397
67	399
67	401
67	403
67	405
67	407
67	409
67	411
67	413
67	415
67	417
67	419
67	421
67	423
67	425
67	427
67	429
67	431
67	433
67	435
67	437
67	439
67	441
67	444
67	445
67	448
67	450
67	452
67	455
67	457
67	459
67	462
67	464
67	467
67	469
67	472
67	474
67	477
67	479
67	482
67	485
67	487
67	490
67	493
67	496
67	499
67	502
67	506
67	509
67	513
67	517
67	521
67	526
67	531
67	537
67	544
67	552
67	562
68	219
68	230
68	240
68	250
68	260
68	270
68	281
68	295
68	356
68	365
68	372
68	379
68	383
68	388
68	392
68	395
68	399
68	402
68	404
68	408
68	410
68	412
68	415
68	418
68	420
68	422
68	424
68	427
68	429
68	431
68	433
68	435
68	437
68	439
68	441
68	443
68	445
68	447
68	449
68	451
68	453
68	455
68	457
68	459
68	461
68	463
68	465
68	467
68	469
68	471
68	473
68	475
68	477
68	479
68	481
68	483
68	485
68	487
68	489
68	491
68	493
68	495
68	497
68	499
68	502
68	504
68	506
68	509
68	511
68	515
68	517
68	520
68	524
68	527
68	531
68	535
68	539
68	544
68	549
68	555
68	562
68	571
69	397
69	407
69	414
69	421
69	426
69	431
69	435
69	440
69	443
69	447
69	450
69	453
69	456
69	459
69	462
69	464
69	468
69	470
69	473
69	475
69	478
69	481
69	483
69	486
69	489
69	491
69	495
69	497
69	500
69	504
69	506
69	510
69	514
69	517
69	522
69	526
69	531
69	537
69	543
69	550
69	559
70	236
70	247
70	257
70	266
70	274
70	282
70	290
70	298
70	306
70	314
70	322
70	330
70	338
70	347
70	356
70	366
70	377
71	193
71	204
71	213
71	222
71	230
71	237
71	243
71	249
71	254
71	260
71	264
71	269
71	273
71	278
71	282
71	286
71	290
71	294
71	298
71	302
71	305
71	309
71	313
71	316
71	320
71	324
71	328
71	332
71	336
71	340
71	344
71	348
71	352
71	357
71	361
71	366
71	371
71	376
71	382
71	388
71	394
71	401
71	408
71	416
71	425
71	435
71	447
72	179
72	188
72	195
72	202
72	208
72	213
72	218
72	222
72	227
72	231
72	235
72	239
72	242
72	245
72	249
72	251
72	254
72	257
72	260
72	262
72	265
72	268
72	270
72	272
72	275
72	277
72	280
72	282
72	284
72	286
72	289
72	291
72	293
72	295
72	297
72	300
72	301
72	303
72	306
72	307
72	310
72	311
72	314
72	316
72	318
72	320
72	322
72	324
72	326
72	328
72	330
72	332
72	334
72	336
72	338
72	340
72	343
72	344
72	347
72	349
72	351
72	354
72	356
72	358
72	360
72	363
72	365
72	368
72	370
72	373
72	376
72	378
72	381
72	384
72	387
72	390
72	393
72	396
72	399
72	403
72	406
72	410
72	414
72	418
72	423
72	427
72	432
72	437
72	443
72	449
72	456
72	463
72	471
72	479
72	488
72	497
72	507
73	178
73	186
73	192
73	197
73	202
73	205
73	210
73	213
73	217
73	220
73	223
73	226
73	229
73	232
73	234
73	237
73	239
73	242
73	243
73	246
73	248
73	251
73	252
73	254
73	257
73	259
73	260
73	262
73	264
73	266
73	268
73	270
73	272
73	273
73	275
73	277
73	279
73	281
73	282
73	284
73	286
73	288
73	289
73	291
73	293
73	295
73	296
73	298
73	300
73	302
73	303
73	305
73	307
73	309
73	310
73	312
73	314
73	316
73	317
73	319
73	321
73	323
73	324
73	326
73	328
73	330
73	331
73	333
73	335
73	337
73	338
73	340
73	342
73	344
73	346
73	347
73	349
73	351
73	353
73	355
73	357
73	358
73	361
73	362
73	365
73	366
73	368
73	370
73	372
73	374
73	376
73	378
73	380
73	382
73	385
73	386
73	389
73	391
73	393
73	396
73	398
73	400
73	403
73	405
73	408
73	410
73	413
73	416
73	418
73	421
73	424
73	427
73	430
73	433
73	436
73	439
73	443
73	446
73	450
73	454
73	458
73	462
73	466
73	471
73	475
73	480
73	485
73	490
73	495
73	500
73	505
73	511
73	517
73	524
73	532
73	541
73	554
74	184
74	192
74	199
74	204
74	210
74	213
74	218
74	221
74	225
74	228
74	232
74	234
74	238
74	241
74	243
74	247
74	249
74	252
74	255
74	257
74	260
74	263
74	265
74	268
74	271
74	274
74	277
74	279
74	283
74	285
74	289
74	292
74	295
74	298
74	302
74	305
74	309
74	312
74	316
74	320
74	324
74	328
74	332
74	336
74	340
74	344
74	348
74	352
74	356
74	360
74	364
74	368
74	372
74	376
74	380
74	383
74	387
74	391
74	394
74	398
74	401
74	405
74	408
74	412
74	415
74	419
74	422
74	426
74	429
74	433
74	436
74	440
74	444
74	447
74	451
74	455
74	459
74	463
74	467
74	471
74	475
74	479
74	483
74	487
74	491
74	495
74	499
74	503
74	507
74	512
74	517
74	522
74	528
74	534
74	541
74	549
74	559
75	232
75	245
75	426
75	437
75	447
75	456
75	465
75	474
75	482
75	490
75	498
75	507
75	516
75	527
-1	-1
