-1	-1
7	216
7	227
7	237
7	247
7	257
7	267
7	277
7	288
7	299
7	310
7	321
7	333
7	345
8	168
8	179
8	190
8	200
8	209
8	217
8	225
8	232
8	239
8	246
8	253
8	260
8	267
8	274
8	282
8	290
8	298
8	306
8	314
8	322
8	330
8	338
8	346
8	354
8	362
8	371
8	380
8	390
8	401
8	413
9	151
9	162
9	172
9	181
9	189
9	197
9	204
9	210
9	216
9	222
9	227
9	232
9	237
9	242
9	247
9	252
9	257
9	262
9	267
9	272
9	277
9	282
9	287
9	292
9	297
9	302
9	307
9	312
9	318
9	323
9	329
9	334
9	340
9	345
9	351
9	357
9	363
9	369
9	375
9	381
9	388
9	395
9	402
9	410
9	418
9	426
9	435
9	445
9	456
10	158
10	168
10	177
10	185
10	192
10	199
10	204
10	210
10	214
10	219
10	223
10	227
10	231
10	234
10	238
10	241
10	245
10	248
10	252
10	255
10	259
10	262
10	266
10	269
10	273
10	276
10	280
10	283
10	287
10	290
10	294
10	297
10	301
10	304
10	308
10	311
10	315
10	318
10	322
10	326
10	329
10	333
10	337
10	341
10	345
10	349
10	353
10	357
10	361
10	365
10	369
10	374
10	378
10	383
10	388
10	393
10	398
10	403
10	408
10	414
10	419
10	425
10	431
10	437
10	444
10	451
10	459
10	468
10	478
11	162
11	173
11	182
11	190
11	197
11	203
11	209
11	214
11	219
11	223
11	228
11	231
11	235
11	239
11	242
11	246
11	249
11	253
11	256
11	260
11	263
11	267
11	270
11	274
11	277
11	281
11	284
11	287
11	291
11	294
11	297
11	301
11	304
11	307
11	311
11	314
11	317
11	321
11	324
11	327
11	331
11	334
11	337
11	341
11	344
11	348
11	351
11	355
11	358
11	362
11	366
11	370
11	374
11	378
11	383
11	387
11	392
11	397
11	402
11	408
11	414
11	420
11	426
11	432
11	439
11	446
11	454
11	463
11	473
12	171
12	182
12	192
12	201
12	209
12	216
12	222
12	228
12	233
12	238
12	243
12	248
12	253
12	258
12	263
12	268
12	273
12	278
12	283
12	288
12	293
12	298
12	303
12	308
12	313
12	318
12	323
12	328
12	333
12	338
12	343
12	348
12	354
12	359
12	365
12	371
12	378
12	385
12	393
12	401
12	410
12	419
12	429
12	439
13	190
13	201
13	211
13	220
13	228
13	236
13	244
13	252
13	260
13	268
13	276
13	284
13	293
13	302
13	311
13	320
13	329
13	339
13	349
13	359
13	370
14	199
14	210
14	220
14	229
14	238
14	247
14	257
14	268
14	280
15	192
15	203
15	212
15	221
15	229
15	237
15	246
15	255
15	265
15	276
16	180
16	190
16	199
16	206
16	212
16	218
16	224
16	230
16	236
16	242
16	249
16	256
16	264
16	272
16	281
16	291
16	303
17	169
17	179
17	188
17	195
17	201
17	206
17	211
17	215
17	220
17	224
17	229
17	233
17	238
17	242
17	247
17	252
17	257
17	263
17	269
17	276
17	283
17	291
17	299
17	308
17	318
18	167
18	177
18	185
18	192
18	197
18	202
18	207
18	211
18	215
18	219
18	222
18	226
18	229
18	233
18	236
18	240
18	244
18	248
18	252
18	256
18	260
18	265
18	270
18	275
18	281
18	287
18	293
18	300
18	307
18	315
18	324
18	334
18	345
19	177
19	187
19	195
19	202
19	209
19	214
19	220
19	224
19	229
19	233
19	237
19	242
19	246
19	251
19	255
19	260
19	265
19	270
19	276
19	281
19	287
19	293
19	300
19	307
19	315
19	324
19	334
19	345
20	189
20	199
20	208
20	215
20	221
20	226
20	231
20	236
20	240
20	245
20	249
20	254
20	258
20	263
20	268
20	273
20	278
20	284
20	289
20	295
20	301
20	308
20	315
20	323
20	331
20	340
20	350
20	360
20	371
20	385
21	200
21	211
21	220
21	228
21	235
21	241
21	247
21	253
21	258
21	264
21	269
21	275
21	280
21	286
21	292
21	298
21	304
21	310
21	316
21	323
21	330
21	337
21	344
21	351
21	358
21	366
21	374
21	382
21	391
21	400
21	410
21	420
21	431
22	208
22	219
22	228
22	236
22	243
22	250
22	256
22	262
22	267
22	272
22	277
22	282
22	287
22	292
22	297
22	302
22	307
22	312
22	318
22	323
22	329
22	334
22	340
22	346
22	352
22	358
22	364
22	370
22	377
22	384
22	391
22	398
22	406
22	414
22	423
22	432
22	442
22	455
23	191
23	202
23	211
23	219
23	226
23	233
23	240
23	246
23	252
23	257
23	262
23	267
23	272
23	276
23	281
23	285
23	290
23	294
23	298
23	302
23	306
23	310
23	314
23	318
23	323
23	327
23	332
23	336
23	341
23	346
23	351
23	356
23	361
23	367
23	373
23	379
23	386
23	393
23	400
23	408
23	417
23	427
23	439
24	177
24	187
24	195
24	202
24	209
24	214
24	220
24	224
24	229
24	233
24	237
24	241
24	245
24	249
24	253
24	256
24	260
24	263
24	267
24	270
24	274
24	277
24	281
24	284
24	287
24	291
24	293
24	297
24	300
24	303
24	306
24	309
24	312
24	315
24	318
24	321
24	325
24	327
24	331
24	334
24	338
24	341
24	345
24	349
24	353
24	357
24	362
24	367
24	372
24	378
24	384
24	390
24	397
24	405
24	414
24	424
25	168
25	178
25	186
25	193
25	199
25	204
25	210
25	213
25	218
25	221
25	225
25	228
25	232
25	234
25	238
25	241
25	243
25	246
25	249
25	252
25	254
25	257
25	260
25	262
25	265
25	268
25	270
25	273
25	276
25	278
25	281
25	284
25	287
25	289
25	293
25	295
25	299
25	301
25	305
25	308
25	311
25	314
25	317
25	320
25	324
25	327
25	330
25	334
25	337
25	341
25	345
25	349
25	354
25	358
25	363
25	368
25	374
25	380
25	387
25	394
25	402
25	411
25	422
26	178
26	188
26	197
26	205
26	211
26	216
26	221
26	225
26	230
26	232
26	236
26	239
26	242
26	244
26	247
26	250
26	252
26	254
26	257
26	259
26	262
26	264
26	267
26	269
26	272
26	274
26	277
26	279
26	282
26	285
26	287
26	290
26	293
26	296
26	299
26	302
26	305
26	308
26	312
26	315
26	319
26	323
26	327
26	331
26	336
26	340
26	345
26	350
26	356
26	362
26	368
26	375
26	383
26	392
26	402
27	199
27	209
27	218
27	225
27	231
27	235
27	240
27	243
27	247
27	251
27	253
27	257
27	260
27	263
27	266
27	269
27	272
27	275
27	278
27	281
27	284
27	287
27	290
27	293
27	296
27	299
27	303
27	306
27	309
27	313
27	316
27	320
27	324
27	328
27	333
27	337
27	343
27	348
27	354
27	360
27	367
27	375
27	384
27	395
28	213
28	223
28	232
28	240
28	246
28	252
28	256
28	261
28	264
28	268
28	272
28	275
28	279
28	283
28	286
28	290
28	294
28	298
28	302
28	307
28	311
28	316
28	321
28	327
28	333
28	339
28	346
28	354
28	363
28	374
29	232
29	241
29	249
29	254
29	260
29	264
29	269
29	273
29	277
29	281
29	285
29	289
29	294
29	298
29	303
29	308
29	313
29	319
29	325
29	332
29	339
29	347
29	357
30	250
30	260
30	268
30	274
30	280
30	285
30	291
30	296
30	302
30	308
30	314
30	320
30	327
30	334
30	342
30	351
30	362
31	250
31	260
31	266
31	272
31	277
31	282
31	286
31	291
31	295
31	300
31	305
31	310
31	315
31	321
31	327
31	334
31	341
31	349
31	358
32	249
32	259
32	267
32	274
32	280
32	286
32	291
32	297
32	302
32	308
32	313
32	319
32	325
32	332
32	339
32	347
32	356
32	367
33	261
33	271
33	279
33	285
33	291
33	295
33	300
33	305
33	309
33	314
33	318
33	323
33	328
33	333
33	339
33	345
33	352
33	360
33	369
33	380
34	257
34	267
34	274
34	280
34	284
34	289
34	292
34	296
34	300
34	304
34	307
34	311
34	315
34	319
34	323
34	327
34	331
34	336
34	340
34	346
34	351
34	357
34	364
34	372
34	381
35	250
35	260
35	269
35	277
35	283
35	289
35	295
35	301
35	307
35	313
35	319
35	326
35	333
35	341
35	349
35	359
36	270
36	281
36	291
36	300
36	308
36	316
36	325
36	334
36	344
36	355
37	269
37	279
37	288
37	295
37	301
37	307
37	313
37	318
37	324
37	330
37	336
37	343
37	350
37	358
37	367
37	378
38	256
38	265
38	273
38	281
38	288
38	294
38	300
38	305
38	310
38	315
38	320
38	325
38	330
38	336
38	342
38	348
38	355
38	363
38	372
38	383
39	248
39	258
39	268
39	277
39	286
39	295
39	304
39	313
39	322
39	331
39	341
39	351
39	364
40	300
40	311
40	321
40	330
40	339
40	348
40	358
40	369
41	297
41	307
41	314
41	321
41	327
41	333
41	339
41	345
41	351
41	357
41	364
41	371
41	379
41	389
42	297
42	307
42	314
42	321
42	326
42	331
42	335
42	340
42	344
42	349
42	353
42	358
42	363
42	368
42	374
42	380
42	387
42	395
42	404
42	415
43	318
43	327
43	333
43	339
43	344
43	350
43	355
43	360
43	366
43	371
43	377
43	384
43	391
43	399
43	408
44	330
44	340
44	349
44	358
44	367
44	376
44	386
44	398
45	309
45	320
45	331
45	342
45	353
45	364
45	375
46	279
46	290
46	299
46	307
46	315
46	322
46	329
46	336
46	343
46	350
46	357
46	364
46	372
46	380
46	389
46	399
47	269
47	280
47	291
47	301
47	311
47	320
47	328
47	335
47	342
47	348
47	354
47	360
47	366
47	372
47	378
47	385
47	392
47	400
47	409
47	419
47	431
48	339
48	349
48	357
48	364
48	371
48	377
48	383
48	389
48	396
48	403
48	410
48	418
48	427
48	436
48	447
49	357
49	366
49	373
49	380
49	386
49	392
49	398
49	404
49	410
49	417
49	424
49	431
49	439
49	448
49	458
49	511
49	523
50	366
50	375
50	383
50	390
50	396
50	402
50	408
50	414
50	420
50	426
50	432
50	438
50	445
50	452
50	460
50	469
50	479
50	490
50	501
50	512
50	522
50	533
51	379
51	389
51	398
51	405
51	412
51	418
51	424
51	430
51	435
51	441
51	447
51	453
51	459
51	466
51	473
51	481
51	490
51	499
51	508
51	518
51	529
52	403
52	413
52	421
52	428
52	434
52	440
52	445
52	451
52	456
52	462
52	468
52	475
52	482
52	489
52	497
52	505
52	514
52	524
52	535
53	428
53	438
53	446
53	453
53	460
53	467
53	475
53	483
53	491
53	499
53	508
53	518
53	529
57	296
57	307
57	317
57	327
57	337
57	347
57	358
61	279
61	290
61	300
61	310
61	319
61	328
61	337
61	347
61	357
61	368
62	261
62	271
62	280
62	288
62	295
62	302
62	308
62	314
62	320
62	326
62	332
62	338
62	344
62	350
62	356
62	363
62	370
62	377
62	385
62	394
62	404
62	415
63	248
63	258
63	265
63	272
63	277
63	282
63	287
63	291
63	295
63	299
63	302
63	306
63	309
63	313
63	316
63	319
63	323
63	325
63	329
63	332
63	335
63	338
63	342
63	345
63	348
63	352
63	355
63	359
63	363
63	367
63	371
63	375
63	379
63	384
63	389
63	394
63	400
63	406
63	413
63	420
63	428
63	437
63	446
63	457
64	237
64	246
64	253
64	259
64	263
64	268
64	272
64	275
64	279
64	282
64	284
64	288
64	290
64	292
64	295
64	297
64	300
64	302
64	303
64	306
64	308
64	310
64	312
64	314
64	316
64	318
64	320
64	322
64	323
64	326
64	327
64	329
64	331
64	333
64	335
64	336
64	339
64	340
64	342
64	344
64	346
64	348
64	350
64	352
64	354
64	356
64	358
64	360
64	362
64	364
64	366
64	368
64	370
64	373
64	375
64	377
64	380
64	383
64	385
64	388
64	391
64	394
64	397
64	400
64	404
64	407
64	411
64	415
64	419
64	424
64	428
64	434
64	439
64	445
64	451
64	458
64	466
64	475
64	485
64	496
65	230
65	239
65	245
65	251
65	254
65	259
65	262
65	265
65	269
65	272
65	274
65	277
65	280
65	282
65	284
65	287
65	289
65	291
65	293
65	295
65	298
65	299
65	302
65	303
65	305
65	307
65	309
65	311
65	312
65	314
65	316
65	318
65	320
65	321
65	323
65	325
65	326
65	328
65	330
65	331
65	333
65	334
65	336
65	338
65	339
65	341
65	342
65	344
65	345
65	347
65	349
65	350
65	352
65	353
65	355
65	356
65	358
65	360
65	361
65	363
65	364
65	366
65	368
65	369
65	371
65	373
65	374
65	376
65	378
65	379
65	381
65	383
65	385
65	387
65	388
65	390
65	393
65	394
65	396
65	398
65	400
65	403
65	405
65	407
65	409
65	412
65	415
65	417
65	420
65	423
65	426
65	428
65	432
65	435
65	438
65	442
65	446
65	449
65	454
65	458
65	463
65	468
65	473
65	479
65	485
65	491
65	498
65	506
65	515
65	525
66	230
66	240
66	248
66	254
66	260
66	265
66	270
66	275
66	280
66	285
66	290
66	295
66	300
66	306
66	311
66	317
66	322
66	327
66	332
66	336
66	340
66	343
66	347
66	350
66	353
66	356
66	359
66	362
66	363
66	367
66	369
66	371
66	373
66	376
66	378
66	380
66	382
66	384
66	387
66	388
66	391
66	393
66	395
66	397
66	399
66	402
66	403
66	406
66	408
66	410
66	412
66	415
66	417
66	419
66	421
66	424
66	426
66	428
66	431
66	433
66	436
66	438
66	441
66	444
66	446
66	449
66	452
66	455
66	458
66	461
66	465
66	468
66	472
66	475
66	479
66	483
66	486
66	490
66	494
66	498
66	503
66	508
66	513
66	519
66	526
66	534
66	543
66	555
67	357
67	366
67	372
67	378
67	382
67	386
67	391
67	393
67	397
67	400
67	403
67	406
67	409
67	411
67	414
67	416
67	419
67	421
67	423
67	426
67	428
67	431
67	432
67	435
67	437
67	440
67	442
67	444
67	447
67	449
67	451
67	454
67	456
67	458
67	461
67	463
67	466
67	468
67	471
67	473
67	476
67	478
67	481
67	484
67	486
67	489
67	492
67	495
67	498
67	501
67	505
67	508
67	512
67	516
67	520
67	525
67	529
67	535
67	541
67	548
67	556
67	567
68	387
68	397
68	404
68	411
68	415
68	421
68	423
68	428
68	431
68	434
68	438
68	441
68	443
68	447
68	449
68	452
68	455
68	457
68	460
68	463
68	465
68	468
68	470
68	473
68	476
68	478
68	481
68	484
68	487
68	490
68	493
68	496
68	499
68	503
68	507
68	511
68	516
68	520
68	526
68	532
68	539
68	547
68	557
69	249
69	261
69	272
69	283
69	294
69	305
69	316
69	327
69	339
69	428
69	438
69	446
69	453
69	460
69	467
69	474
69	481
69	489
69	497
69	507
70	207
70	218
70	227
70	235
70	243
70	250
70	257
70	263
70	269
70	275
70	281
70	287
70	292
70	298
70	303
70	309
70	314
70	320
70	325
70	331
70	337
70	343
70	349
70	355
70	362
70	369
70	377
70	385
70	394
70	403
70	413
70	425
71	172
71	182
71	191
71	199
71	206
71	212
71	218
71	223
71	228
71	233
71	237
71	241
71	245
71	249
71	252
71	256
71	259
71	263
71	266
71	269
71	272
71	275
71	278
71	281
71	284
71	287
71	290
71	292
71	295
71	298
71	301
71	303
71	306
71	309
71	311
71	314
71	317
71	319
71	322
71	325
71	327
71	330
71	333
71	335
71	338
71	341
71	344
71	347
71	350
71	353
71	356
71	359
71	362
71	366
71	369
71	373
71	376
71	380
71	384
71	388
71	392
71	396
71	401
71	406
71	411
71	416
71	422
71	428
71	435
71	442
71	450
71	459
71	469
71	479
71	491
72	162
72	171
72	178
72	183
72	189
72	193
72	198
72	202
72	206
72	210
72	213
72	217
72	220
72	223
72	226
72	229
72	232
72	233
72	237
72	239
72	241
72	243
72	246
72	248
72	250
72	252
72	254
72	256
72	259
72	260
72	262
72	264
72	266
72	268
72	270
72	272
72	273
72	276
72	277
72	279
72	281
72	283
72	284
72	286
72	288
72	290
72	292
72	293
72	295
72	297
72	299
72	300
72	302
72	304
72	306
72	307
72	309
72	311
72	313
72	314
72	316
72	318
72	320
72	321
72	323
72	325
72	327
72	328
72	330
72	332
72	334
72	336
72	337
72	339
72	341
72	343
72	345
72	346
72	349
72	350
72	352
72	354
72	356
72	358
72	360
72	362
72	364
72	366
72	368
72	370
72	372
72	374
72	376
72	378
72	380
72	383
72	385
72	387
72	389
72	392
72	394
72	397
72	399
72	402
72	404
72	407
72	409
72	413
72	415
72	418
72	421
72	424
72	427
72	430
72	434
72	437
72	441
72	445
72	449
72	454
72	458
72	463
72	468
72	473
72	478
72	484
72	490
72	496
72	503
72	511
72	520
72	531
73	161
73	170
73	175
73	181
73	184
73	189
73	192
73	195
73	199
73	202
73	204
73	208
73	210
73	212
73	215
73	217
73	220
73	222
73	224
73	226
73	229
73	231
73	232
73	235
73	237
73	239
73	241
73	242
73	245
73	246
73	248
73	250
73	252
73	254
73	255
73	258
73	259
73	261
73	263
73	265
73	267
73	268
73	271
73	272
73	274
73	276
73	278
73	280
73	282
73	284
73	286
73	288
73	290
73	292
73	294
73	296
73	298
73	300
73	303
73	304
73	307
73	309
73	311
73	314
73	316
73	318
73	321
73	323
73	325
73	328
73	330
73	333
73	335
73	337
73	340
73	342
73	345
73	347
73	350
73	352
73	355
73	357
73	360
73	362
73	364
73	367
73	369
73	371
73	374
73	376
73	378
73	381
73	383
73	385
73	388
73	390
73	392
73	395
73	397
73	399
73	402
73	404
73	406
73	409
73	411
73	413
73	416
73	418
73	420
73	423
73	425
73	428
73	430
73	433
73	435
73	438
73	440
73	444
73	446
73	449
73	452
73	455
73	458
73	461
73	464
73	467
73	471
73	474
73	477
73	481
73	484
73	488
73	491
73	495
73	499
73	503
73	507
73	512
73	517
73	523
73	529
73	536
73	544
73	554
74	170
74	179
74	185
74	191
74	195
74	200
74	203
74	208
74	211
74	215
74	218
74	222
74	225
74	228
74	232
74	235
74	238
74	242
74	245
74	249
74	252
74	256
74	260
74	264
74	268
74	273
74	278
74	283
74	289
74	295
74	302
74	310
74	319
74	329
74	340
74	350
74	360
74	369
74	377
74	383
74	389
74	394
74	400
74	404
74	409
74	413
74	417
74	421
74	425
74	429
74	432
74	436
74	440
74	443
74	447
74	450
74	454
74	457
74	461
74	464
74	468
74	472
74	475
74	479
74	483
74	487
74	491
74	495
74	499
74	504
74	508
74	514
74	519
74	525
74	532
74	540
74	550
75	452
75	464
75	475
-1	-1
