-1	-1
6	398
6	410
6	422
6	434
6	447
7	372
7	383
7	393
7	402
7	411
7	420
7	429
7	438
7	447
7	457
7	467
7	477
7	487
7	497
7	507
7	517
7	527
7	538
8	361
8	371
8	380
8	388
8	395
8	402
8	409
8	416
8	423
8	430
8	437
8	444
8	451
8	458
8	466
8	474
8	482
8	490
8	498
8	506
8	514
8	523
8	532
8	542
8	553
9	358
9	367
9	374
9	381
9	387
9	393
9	399
9	404
9	410
9	415
9	421
9	426
9	431
9	437
9	442
9	448
9	454
9	460
9	466
9	472
9	479
9	486
9	493
9	500
9	507
9	514
9	521
9	529
9	537
9	546
9	556
10	349
10	358
10	365
10	371
10	377
10	382
10	387
10	392
10	397
10	402
10	407
10	412
10	417
10	422
10	426
10	431
10	436
10	441
10	446
10	451
10	456
10	461
10	466
10	471
10	476
10	481
10	486
10	491
10	496
10	500
10	505
10	510
10	515
10	520
10	525
10	530
10	536
10	542
10	549
10	556
10	564
10	574
11	347
11	355
11	362
11	367
11	372
11	376
11	381
11	383
11	388
11	391
11	394
11	398
11	401
11	404
11	407
11	411
11	413
11	417
11	420
11	423
11	426
11	429
11	433
11	436
11	439
11	443
11	446
11	450
11	454
11	457
11	461
11	465
11	469
11	473
11	477
11	481
11	485
11	489
11	493
11	497
11	501
11	505
11	509
11	514
11	518
11	523
11	528
11	533
11	539
11	545
11	552
11	560
11	569
11	580
12	348
12	357
12	363
12	369
12	373
12	378
12	382
12	385
12	389
12	392
12	396
12	399
12	402
12	405
12	408
12	411
12	414
12	417
12	420
12	423
12	426
12	429
12	432
12	436
12	438
12	442
12	446
12	449
12	453
12	457
12	461
12	465
12	469
12	473
12	477
12	481
12	485
12	489
12	493
12	497
12	501
12	506
12	510
12	515
12	520
12	525
12	531
12	537
12	544
12	552
12	561
12	573
13	357
13	366
13	373
13	379
13	384
13	389
13	393
13	398
13	402
13	406
13	410
13	414
13	418
13	422
13	426
13	430
13	435
13	439
13	444
13	449
13	454
13	459
13	465
13	471
13	477
13	483
13	489
13	496
13	503
13	510
13	518
13	527
13	537
14	363
14	373
14	381
14	388
14	395
14	401
14	407
14	413
14	419
14	426
14	433
14	440
14	448
14	457
14	467
14	478
14	490
15	367
15	377
15	386
15	394
15	402
15	410
15	418
15	427
15	437
15	448
16	361
16	371
16	379
16	386
16	393
16	400
16	407
16	414
16	422
16	430
16	439
16	449
17	360
17	369
17	376
17	382
17	388
17	394
17	400
17	406
17	412
17	418
17	425
17	432
17	440
17	449
17	459
17	473
18	361
18	370
18	378
18	384
18	390
18	395
18	401
18	406
18	412
18	418
18	425
18	432
18	440
18	448
18	457
18	468
19	370
19	380
19	387
19	393
19	399
19	405
19	411
19	417
19	423
19	429
19	436
19	443
19	451
19	460
19	470
19	483
20	377
20	386
20	393
20	399
20	404
20	410
20	415
20	420
20	426
20	431
20	437
20	443
20	450
20	457
20	465
20	474
20	484
21	380
21	389
21	396
21	402
21	408
21	413
21	419
21	424
21	430
21	436
21	442
21	448
21	455
21	462
21	470
21	478
21	487
21	498
22	388
22	397
22	404
22	411
22	417
22	423
22	429
22	435
22	441
22	447
22	454
22	461
22	469
22	477
22	486
22	496
23	392
23	402
23	410
23	417
23	424
23	431
23	437
23	444
23	451
23	458
23	465
23	473
23	481
23	489
23	498
23	508
24	403
24	413
24	421
24	429
24	436
24	443
24	449
24	456
24	463
24	470
24	477
24	484
24	491
24	498
24	506
24	514
24	523
24	533
25	406
25	415
25	422
25	429
25	434
25	440
25	445
25	450
25	455
25	460
25	465
25	470
25	475
25	480
25	485
25	490
25	495
25	500
25	505
25	510
25	516
25	522
25	528
25	535
25	543
25	552
25	562
26	398
26	408
26	416
26	423
26	429
26	434
26	440
26	444
26	449
26	453
26	458
26	462
26	466
26	470
26	474
26	478
26	482
26	486
26	490
26	494
26	498
26	502
26	506
26	510
26	515
26	519
26	524
26	529
26	534
26	540
26	546
26	553
26	561
26	570
27	390
27	400
27	409
27	416
27	422
27	428
27	433
27	437
27	442
27	444
27	449
27	452
27	455
27	459
27	462
27	465
27	469
27	471
27	475
27	478
27	481
27	484
27	487
27	490
27	493
27	496
27	499
27	503
27	506
27	509
27	513
27	517
27	521
27	525
27	529
27	534
27	539
27	545
27	551
27	558
27	566
27	576
28	377
28	387
28	395
28	402
28	408
28	413
28	418
28	423
28	427
28	432
28	435
28	440
28	443
28	447
28	450
28	453
28	456
28	459
28	462
28	465
28	468
28	471
28	474
28	477
28	480
28	483
28	486
28	489
28	492
28	495
28	498
28	502
28	505
28	509
28	513
28	517
28	521
28	526
28	530
28	536
28	541
28	547
28	554
28	562
28	572
29	368
29	378
29	385
29	391
29	396
29	401
29	406
29	410
29	414
29	418
29	422
29	426
29	430
29	433
29	437
29	440
29	444
29	447
29	451
29	454
29	458
29	461
29	464
29	468
29	471
29	474
29	478
29	481
29	485
29	488
29	492
29	496
29	499
29	504
29	507
29	512
29	517
29	522
29	528
29	534
29	541
29	549
29	559
30	367
30	376
30	383
30	390
30	394
30	400
30	403
30	408
30	412
30	416
30	420
30	423
30	427
30	430
30	433
30	436
30	439
30	442
30	444
30	447
30	450
30	452
30	455
30	458
30	460
30	463
30	466
30	468
30	471
30	474
30	477
30	479
30	483
30	485
30	489
30	492
30	495
30	499
30	502
30	506
30	510
30	515
30	519
30	525
30	530
30	537
30	544
30	553
30	564
31	360
31	370
31	378
31	384
31	390
31	394
31	399
31	403
31	408
31	411
31	415
31	419
31	422
31	425
31	429
31	431
31	433
31	437
31	439
31	441
31	444
31	446
31	448
31	451
31	452
31	455
31	457
31	459
31	461
31	464
31	465
31	468
31	470
31	472
31	475
31	477
31	479
31	482
31	484
31	487
31	489
31	492
31	495
31	497
31	500
31	504
31	506
31	510
31	514
31	518
31	522
31	527
31	532
31	538
31	545
31	553
31	562
32	366
32	375
32	382
32	389
32	395
32	401
32	406
32	411
32	416
32	421
32	425
32	430
32	434
32	439
32	443
32	447
32	451
32	455
32	459
32	462
32	466
32	469
32	473
32	476
32	480
32	483
32	487
32	490
32	494
32	498
32	502
32	506
32	511
32	516
32	521
32	527
32	534
32	541
32	550
32	561
33	388
33	398
33	407
33	416
33	424
33	431
33	438
33	444
33	450
33	456
33	462
33	467
33	472
33	477
33	482
33	487
33	492
33	497
33	503
33	509
33	516
33	523
33	531
33	540
33	554
34	407
34	417
34	425
34	432
34	438
34	443
34	449
34	453
34	458
34	463
34	468
34	473
34	477
34	482
34	487
34	492
34	497
34	503
34	509
34	515
34	522
34	530
34	539
34	550
35	413
35	423
35	432
35	440
35	447
35	454
35	460
35	466
35	472
35	477
35	483
35	488
35	494
35	499
35	505
35	511
35	518
35	526
35	535
35	545
36	461
36	471
36	479
36	486
36	493
36	500
36	507
36	515
36	523
36	532
36	544
37	460
37	470
37	479
37	486
37	493
37	499
37	506
37	513
37	520
37	528
37	537
37	547
38	451
38	462
38	472
38	480
38	487
38	493
38	499
38	505
38	511
38	517
38	523
38	530
38	537
38	546
38	556
39	477
39	485
39	492
39	497
39	502
39	507
39	512
39	517
39	522
39	528
39	534
39	540
39	547
39	555
39	564
40	480
40	489
40	495
40	501
40	505
40	510
40	514
40	519
40	524
40	529
40	534
40	539
40	545
40	551
40	558
40	566
40	576
41	488
41	497
41	503
41	509
41	514
41	519
41	524
41	529
41	535
41	540
41	546
41	553
41	560
41	568
41	578
42	497
42	507
42	515
42	523
42	531
42	539
42	548
42	558
43	518
44	521
44	533
44	545
45	521
45	532
45	542
45	552
45	563
46	528
46	539
46	549
46	559
46	570
47	533
47	544
47	554
47	564
47	575
48	542
48	553
48	564
48	576
57	432
57	442
57	451
57	460
57	468
57	477
57	486
57	496
57	506
57	517
58	439
58	450
58	460
58	469
58	478
58	487
58	497
58	509
61	461
62	421
62	432
62	441
62	450
62	458
62	466
62	474
62	482
62	490
62	499
62	509
62	520
63	407
63	417
63	425
63	432
63	438
63	443
63	448
63	453
63	458
63	462
63	467
63	471
63	476
63	480
63	485
63	490
63	495
63	501
63	507
63	514
63	521
63	529
63	537
63	546
63	556
63	567
64	391
64	401
64	409
64	415
64	421
64	425
64	430
64	433
64	437
64	441
64	443
64	447
64	450
64	452
64	455
64	458
64	461
64	463
64	466
64	469
64	471
64	474
64	477
64	479
64	482
64	485
64	487
64	490
64	494
64	496
64	499
64	503
64	506
64	510
64	514
64	518
64	522
64	527
64	531
64	536
64	541
64	547
64	553
64	559
64	566
64	574
64	583
64	594
65	380
65	390
65	397
65	403
65	408
65	412
65	416
65	420
65	423
65	426
65	430
65	432
65	435
65	438
65	441
65	442
65	445
65	448
65	450
65	452
65	454
65	457
65	459
65	461
65	463
65	465
65	467
65	469
65	471
65	473
65	475
65	477
65	479
65	481
65	483
65	485
65	487
65	489
65	491
65	493
65	495
65	497
65	499
65	502
65	504
65	506
65	509
65	511
65	514
65	517
65	519
65	523
65	525
65	529
65	532
65	536
65	539
65	543
65	547
65	551
65	556
65	560
65	565
65	570
65	576
65	582
65	589
65	597
65	607
66	371
66	380
66	388
66	394
66	400
66	404
66	409
66	413
66	417
66	421
66	425
66	429
66	433
66	437
66	441
66	445
66	449
66	453
66	457
66	461
66	465
66	469
66	472
66	475
66	479
66	481
66	484
66	487
66	490
66	492
66	495
66	498
66	500
66	503
66	506
66	508
66	511
66	514
66	517
66	519
66	523
66	526
66	529
66	532
66	536
66	539
66	543
66	546
66	550
66	554
66	558
66	563
66	567
66	572
66	577
66	583
66	589
66	596
66	605
66	616
67	372
67	382
67	390
67	397
67	404
67	411
67	418
67	426
67	434
67	443
67	453
67	464
67	474
67	482
67	488
67	493
67	497
67	502
67	504
67	509
67	512
67	515
67	519
67	522
67	525
67	529
67	532
67	536
67	539
67	543
67	546
67	550
67	554
67	558
67	562
67	566
67	570
67	575
67	579
67	585
67	590
67	597
67	604
67	613
67	624
68	487
68	496
68	503
68	509
68	513
68	518
68	522
68	526
68	530
68	533
68	537
68	541
68	544
68	548
68	552
68	555
68	559
68	563
68	566
68	570
68	574
68	578
68	583
68	587
68	593
68	598
68	605
68	612
68	621
68	633
69	418
69	429
69	440
69	450
69	460
69	471
69	482
69	494
69	505
69	515
69	523
69	531
69	538
69	545
69	551
69	557
69	563
69	569
69	575
69	582
69	589
69	597
69	606
70	380
70	391
70	400
70	409
70	417
70	424
70	431
70	437
70	443
70	449
70	455
70	461
70	467
70	473
70	479
70	485
70	492
70	499
70	507
70	516
70	525
70	533
70	541
70	549
70	557
70	566
70	576
70	587
71	356
71	366
71	374
71	381
71	388
71	394
71	400
71	404
71	409
71	413
71	417
71	421
71	424
71	428
71	431
71	434
71	438
71	441
71	443
71	447
71	449
71	452
71	455
71	458
71	461
71	463
71	467
71	469
71	472
71	475
71	478
71	481
71	484
71	487
71	490
71	494
71	497
71	501
71	505
71	509
71	514
71	518
71	523
71	528
71	533
71	538
71	544
71	549
71	555
71	561
71	568
71	575
71	583
71	592
71	604
72	344
72	352
72	359
72	364
72	370
72	374
72	379
72	382
72	386
72	390
72	392
72	396
72	399
72	402
72	404
72	407
72	410
72	412
72	414
72	417
72	419
72	422
72	423
72	426
72	428
72	430
72	432
72	434
72	436
72	438
72	440
72	442
72	443
72	446
72	447
72	449
72	451
72	453
72	454
72	456
72	458
72	460
72	461
72	463
72	465
72	467
72	468
72	470
72	472
72	474
72	475
72	477
72	479
72	481
72	483
72	484
72	487
72	488
72	490
72	492
72	494
72	496
72	498
72	500
72	503
72	505
72	507
72	509
72	512
72	515
72	517
72	520
72	523
72	526
72	529
72	532
72	536
72	539
72	543
72	547
72	551
72	556
72	560
72	565
72	570
72	576
72	582
72	588
72	595
72	603
72	613
73	342
73	351
73	356
73	362
73	365
73	370
73	372
73	376
73	379
73	382
73	384
73	387
73	390
73	392
73	394
73	397
73	399
73	401
73	403
73	405
73	408
73	409
73	412
73	413
73	416
73	417
73	420
73	421
73	423
73	425
73	427
73	429
73	431
73	433
73	435
73	437
73	439
73	441
73	443
73	445
73	447
73	449
73	451
73	453
73	455
73	457
73	459
73	461
73	463
73	465
73	467
73	469
73	471
73	473
73	475
73	477
73	479
73	481
73	483
73	485
73	487
73	489
73	491
73	493
73	495
73	497
73	499
73	501
73	504
73	505
73	508
73	510
73	512
73	515
73	517
73	519
73	522
73	524
73	527
73	529
73	532
73	535
73	537
73	540
73	544
73	546
73	549
73	553
73	556
73	559
73	563
73	566
73	570
73	574
73	578
73	582
73	586
73	591
73	596
73	601
73	607
73	613
73	620
73	628
73	638
74	349
74	358
74	364
74	370
74	374
74	379
74	383
74	387
74	391
74	394
74	398
74	401
74	405
74	408
74	412
74	416
74	419
74	424
74	427
74	432
74	436
74	441
74	446
74	452
74	458
74	464
74	470
74	477
74	483
74	489
74	494
74	500
74	504
74	509
74	513
74	518
74	522
74	526
74	530
74	534
74	538
74	542
74	546
74	550
74	554
74	558
74	562
74	566
74	570
74	574
74	578
74	582
74	586
74	590
74	594
74	598
74	603
74	607
74	613
74	618
74	624
74	631
74	639
74	649
75	532
75	543
75	553
75	562
75	570
75	578
75	586
75	594
75	602
75	611
75	621
-1	-1
