-1	-1
6	216
6	227
6	237
6	247
6	257
6	268
7	197
7	208
7	217
7	225
7	233
7	241
7	249
7	257
7	266
7	275
7	285
7	296
7	308
8	179
8	189
8	198
8	206
8	213
8	220
8	226
8	232
8	238
8	244
8	250
8	257
8	264
8	272
8	280
8	289
8	299
8	309
8	320
8	331
8	342
8	354
8	367
9	169
9	179
9	187
9	194
9	201
9	207
9	213
9	218
9	223
9	228
9	233
9	238
9	243
9	248
9	253
9	258
9	264
9	270
9	276
9	283
9	290
9	297
9	305
9	313
9	321
9	330
9	339
9	348
9	357
9	367
9	378
10	162
10	172
10	180
10	187
10	193
10	199
10	204
10	209
10	213
10	218
10	222
10	226
10	230
10	234
10	238
10	242
10	246
10	250
10	254
10	258
10	263
10	267
10	272
10	277
10	282
10	287
10	292
10	298
10	303
10	309
10	315
10	321
10	327
10	334
10	341
10	348
10	355
10	363
10	371
10	380
10	390
11	166
11	175
11	182
11	189
11	194
11	200
11	204
11	209
11	213
11	217
11	221
11	225
11	229
11	233
11	237
11	241
11	245
11	249
11	253
11	257
11	261
11	266
11	270
11	275
11	279
11	284
11	289
11	294
11	299
11	304
11	309
11	314
11	319
11	324
11	329
11	335
11	340
11	346
11	352
11	358
11	365
11	372
11	379
11	387
11	396
12	178
12	188
12	195
12	201
12	206
12	211
12	215
12	220
12	224
12	228
12	232
12	236
12	240
12	244
12	248
12	253
12	257
12	262
12	267
12	272
12	277
12	283
12	288
12	294
12	300
12	305
12	311
12	316
12	322
12	327
12	333
12	338
12	344
12	350
12	356
12	362
12	369
12	376
12	384
12	393
12	405
13	189
13	199
13	207
13	214
13	220
13	226
13	232
13	238
13	244
13	251
13	258
13	265
13	273
13	281
13	290
13	299
13	308
13	317
13	326
13	335
13	344
13	354
13	365
14	208
14	219
14	229
14	239
14	249
14	260
15	222
16	199
16	210
16	221
16	234
17	192
17	203
17	213
17	223
17	234
17	246
18	190
18	200
18	209
18	218
18	227
18	236
18	246
18	257
19	190
19	199
19	207
19	215
19	222
19	230
19	238
19	246
19	254
19	263
19	273
19	284
20	192
20	202
20	210
20	218
20	225
20	232
20	239
20	247
20	255
20	263
20	272
20	282
20	293
21	199
21	209
21	217
21	225
21	233
21	241
21	249
21	257
21	266
21	275
21	285
21	296
22	202
22	212
22	220
22	227
22	234
22	240
22	247
22	253
22	260
22	267
22	274
22	282
22	290
22	299
22	309
23	209
23	218
23	225
23	232
23	238
23	244
23	250
23	255
23	261
23	266
23	272
23	278
23	284
23	290
23	297
23	304
23	312
23	321
23	331
23	344
24	211
24	221
24	229
24	235
24	241
24	246
24	251
24	256
24	261
24	266
24	271
24	276
24	281
24	286
24	291
24	296
24	302
24	308
24	314
24	321
24	328
24	336
24	345
24	355
24	366
25	216
25	225
25	232
25	238
25	243
25	248
25	252
25	256
25	260
25	263
25	267
25	270
25	274
25	277
25	281
25	284
25	288
25	292
25	296
25	299
25	304
25	307
25	312
25	316
25	321
25	326
25	331
25	336
25	342
25	348
25	355
25	362
25	370
25	379
25	390
26	217
26	226
26	233
26	240
26	245
26	251
26	255
26	260
26	264
26	268
26	272
26	276
26	280
26	283
26	287
26	291
26	294
26	298
26	302
26	305
26	309
26	313
26	317
26	321
26	325
26	329
26	333
26	337
26	342
26	346
26	351
26	356
26	361
26	367
26	373
26	380
26	388
26	397
26	409
27	209
27	219
27	228
27	235
27	242
27	248
27	254
27	260
27	265
27	271
27	275
27	280
27	284
27	289
27	293
27	297
27	301
27	305
27	309
27	313
27	317
27	321
27	325
27	329
27	333
27	337
27	341
27	345
27	349
27	354
27	358
27	363
27	368
27	374
27	380
27	387
27	395
27	404
27	415
28	201
28	210
28	218
28	224
28	230
28	234
28	239
28	243
28	248
28	252
28	256
28	260
28	264
28	268
28	272
28	276
28	280
28	284
28	288
28	292
28	296
28	300
28	304
28	308
28	312
28	316
28	320
28	324
28	328
28	332
28	336
28	341
28	345
28	350
28	355
28	360
28	366
28	372
28	379
28	387
28	396
28	407
29	197
29	206
29	212
29	218
29	222
29	227
29	231
29	235
29	239
29	243
29	246
29	250
29	254
29	257
29	261
29	265
29	268
29	272
29	276
29	280
29	284
29	288
29	292
29	296
29	301
29	305
29	310
29	315
29	320
29	325
29	330
29	336
29	342
29	348
29	355
29	362
29	370
29	379
30	186
30	196
30	203
30	210
30	214
30	219
30	223
30	227
30	231
30	234
30	238
30	241
30	244
30	248
30	251
30	254
30	257
30	260
30	263
30	266
30	269
30	272
30	275
30	278
30	281
30	285
30	288
30	291
30	295
30	298
30	302
30	306
30	310
30	315
30	319
30	324
30	329
30	335
30	341
30	347
30	354
30	362
30	371
30	384
31	196
31	204
31	211
31	217
31	222
31	226
31	231
31	233
31	237
31	241
31	242
31	246
31	248
31	251
31	252
31	255
31	258
31	259
31	262
31	263
31	266
31	268
31	270
31	272
31	274
31	276
31	278
31	280
31	282
31	285
31	286
31	289
31	291
31	294
31	296
31	298
31	301
31	304
31	306
31	309
31	312
31	315
31	318
31	321
31	325
31	328
31	332
31	336
31	340
31	345
31	350
31	356
31	362
31	369
31	377
31	386
32	209
32	218
32	223
32	229
32	232
32	236
32	240
32	242
32	245
32	248
32	251
32	252
32	254
32	257
32	259
32	261
32	262
32	264
32	267
32	268
32	270
32	272
32	273
32	275
32	277
32	279
32	280
32	282
32	284
32	285
32	287
32	289
32	290
32	293
32	294
32	296
32	298
32	300
32	302
32	304
32	306
32	308
32	310
32	313
32	315
32	317
32	319
32	322
32	325
32	327
32	330
32	333
32	336
32	339
32	343
32	346
32	350
32	355
32	359
32	365
32	370
32	377
32	384
32	393
32	405
33	214
33	223
33	231
33	238
33	244
33	250
33	256
33	261
33	265
33	270
33	272
33	276
33	279
33	282
33	284
33	287
33	290
33	292
33	295
33	297
33	300
33	302
33	305
33	307
33	310
33	313
33	315
33	318
33	321
33	324
33	327
33	330
33	334
33	337
33	341
33	345
33	349
33	354
33	359
33	365
33	371
33	378
33	386
33	396
34	230
34	240
34	249
34	256
34	263
34	270
34	275
34	281
34	283
34	288
34	291
34	294
34	298
34	301
34	304
34	307
34	310
34	313
34	316
34	319
34	323
34	326
34	330
34	334
34	338
34	342
34	347
34	351
34	357
34	362
34	368
34	375
34	383
34	393
35	229
35	238
35	245
35	251
35	257
35	262
35	267
35	272
35	277
35	281
35	286
35	290
35	293
35	297
35	300
35	303
35	307
35	310
35	313
35	317
35	320
35	324
35	327
35	331
35	335
35	339
35	344
35	348
35	354
35	359
35	365
35	372
35	380
35	389
36	239
36	250
36	259
36	267
36	274
36	281
36	287
36	293
36	298
36	302
36	307
36	311
36	315
36	319
36	323
36	327
36	332
36	336
36	341
36	346
36	352
36	358
36	365
36	373
36	382
36	393
37	288
37	298
37	305
37	312
37	318
37	324
37	330
37	336
37	342
37	348
37	355
37	362
37	370
37	379
38	300
38	310
38	318
38	324
38	331
38	337
38	343
38	350
38	357
38	365
38	374
38	384
39	309
39	319
39	326
39	333
39	340
39	347
39	354
39	361
39	369
39	378
39	388
40	317
40	326
40	333
40	340
40	346
40	353
40	360
40	367
40	375
40	384
40	394
41	318
41	328
41	336
41	343
41	350
41	357
41	364
41	372
41	380
41	389
41	400
42	311
42	322
42	332
42	341
42	349
42	357
42	366
42	375
42	385
43	320
43	331
43	341
43	350
43	359
43	368
43	377
43	387
44	338
44	348
44	356
44	364
44	372
44	380
44	388
44	397
44	407
45	347
45	356
45	363
45	370
45	377
45	384
45	391
45	398
45	406
45	415
45	425
45	436
46	351
46	360
46	368
46	374
46	381
46	387
46	394
46	401
46	408
46	416
46	424
46	433
46	444
47	361
47	371
47	380
47	389
47	398
47	407
47	417
47	428
62	238
62	249
62	258
62	267
62	275
62	283
62	291
62	300
62	309
62	318
62	327
62	335
62	344
62	353
62	362
62	372
62	383
63	221
63	231
63	239
63	246
63	252
63	258
63	263
63	268
63	273
63	278
63	283
63	288
63	293
63	298
63	304
63	309
63	315
63	321
63	327
63	333
63	339
63	345
63	351
63	357
63	363
63	369
63	376
63	383
63	391
63	399
63	409
64	210
64	219
64	226
64	232
64	237
64	241
64	245
64	249
64	252
64	256
64	259
64	262
64	265
64	268
64	271
64	273
64	277
64	279
64	282
64	285
64	287
64	290
64	293
64	296
64	299
64	302
64	305
64	308
64	311
64	315
64	318
64	322
64	326
64	330
64	334
64	338
64	342
64	346
64	350
64	354
64	358
64	363
64	367
64	372
64	376
64	381
64	386
64	391
64	397
64	403
64	410
64	418
64	427
65	200
65	209
65	215
65	221
65	225
65	230
65	232
65	236
65	239
65	242
65	244
65	247
65	250
65	252
65	254
65	257
65	259
65	261
65	263
65	265
65	267
65	269
65	271
65	273
65	275
65	277
65	279
65	281
65	282
65	284
65	286
65	288
65	290
65	291
65	293
65	295
65	297
65	298
65	300
65	303
65	304
65	306
65	308
65	310
65	312
65	314
65	316
65	318
65	320
65	323
65	325
65	327
65	330
65	333
65	335
65	338
65	341
65	344
65	347
65	350
65	354
65	357
65	361
65	364
65	368
65	371
65	375
65	379
65	383
65	387
65	391
65	396
65	400
65	406
65	411
65	417
65	424
65	432
65	442
66	189
66	199
66	206
66	212
66	216
66	221
66	224
66	229
66	232
66	235
66	239
66	242
66	245
66	248
66	251
66	254
66	257
66	260
66	262
66	265
66	268
66	270
66	272
66	275
66	277
66	279
66	282
66	283
66	285
66	288
66	290
66	291
66	293
66	295
66	297
66	299
66	301
66	302
66	304
66	306
66	308
66	310
66	312
66	314
66	315
66	318
66	319
66	322
66	324
66	326
66	328
66	330
66	333
66	335
66	337
66	340
66	343
66	345
66	348
66	351
66	354
66	357
66	360
66	364
66	367
66	371
66	375
66	379
66	384
66	388
66	393
66	398
66	404
66	410
66	417
66	426
66	436
67	187
67	197
67	204
67	211
67	217
67	223
67	229
67	236
67	243
67	250
67	258
67	266
67	274
67	281
67	288
67	293
67	298
67	302
67	305
67	309
67	312
67	314
67	318
67	321
67	323
67	326
67	329
67	332
67	335
67	338
67	341
67	344
67	347
67	350
67	354
67	357
67	361
67	365
67	369
67	373
67	378
67	382
67	387
67	392
67	398
67	404
67	411
67	419
67	428
68	297
68	306
68	312
68	317
68	322
68	325
68	330
68	333
68	337
68	340
68	343
68	347
68	350
68	353
68	357
68	360
68	364
68	367
68	371
68	375
68	379
68	383
68	387
68	392
68	396
68	401
68	406
68	412
68	418
68	425
68	433
68	443
69	309
69	319
69	326
69	332
69	336
69	341
69	344
69	348
69	352
69	355
69	359
69	362
69	365
69	369
69	372
69	375
69	379
69	382
69	386
69	389
69	393
69	397
69	401
69	406
69	410
69	416
69	421
69	427
69	435
69	444
70	211
70	222
70	231
70	240
70	248
70	256
70	264
70	272
70	280
70	288
70	296
70	305
70	315
70	325
70	333
70	341
70	347
70	353
70	358
70	363
70	367
70	372
70	376
70	380
70	384
70	388
70	393
70	397
70	402
70	407
70	413
70	419
70	426
70	434
70	444
71	176
71	187
71	196
71	204
71	211
71	217
71	223
71	228
71	233
71	238
71	242
71	246
71	250
71	254
71	258
71	262
71	265
71	269
71	273
71	276
71	280
71	284
71	288
71	292
71	296
71	300
71	305
71	309
71	315
71	320
71	326
71	333
71	340
71	348
71	356
71	364
71	372
71	380
71	389
71	398
71	408
72	158
72	167
72	174
72	181
72	186
72	192
72	196
72	201
72	205
72	209
72	212
72	216
72	219
72	222
72	225
72	228
72	231
72	233
72	236
72	239
72	241
72	243
72	246
72	248
72	251
72	252
72	255
72	257
72	259
72	262
72	263
72	266
72	268
72	270
72	272
72	274
72	276
72	279
72	280
72	283
72	285
72	287
72	289
72	292
72	294
72	296
72	298
72	301
72	303
72	306
72	308
72	311
72	314
72	316
72	319
72	323
72	325
72	329
72	333
72	336
72	340
72	345
72	349
72	355
72	360
72	367
72	374
72	382
72	391
72	401
72	411
73	154
73	162
73	169
73	174
73	179
73	183
73	187
73	191
73	194
73	198
73	201
73	203
73	207
73	209
73	212
73	214
73	217
73	219
73	222
73	224
73	226
73	229
73	231
73	233
73	235
73	238
73	240
73	242
73	244
73	246
73	249
73	250
73	253
73	255
73	257
73	259
73	261
73	263
73	265
73	268
73	269
73	272
73	274
73	276
73	278
73	280
73	283
73	284
73	287
73	289
73	291
73	293
73	296
73	297
73	300
73	302
73	304
73	307
73	309
73	311
73	314
73	316
73	319
73	321
73	324
73	327
73	329
73	333
73	335
73	339
73	342
73	346
73	349
73	354
73	357
73	362
73	367
73	372
73	378
73	384
73	390
73	397
73	404
73	411
73	418
73	426
73	434
73	444
74	160
74	169
74	175
74	181
74	186
74	191
74	194
74	199
74	202
74	206
74	210
74	213
74	217
74	220
74	224
74	227
74	231
74	235
74	239
74	243
74	247
74	252
74	256
74	261
74	266
74	272
74	277
74	283
74	289
74	295
74	301
74	307
74	312
74	318
74	323
74	328
74	333
74	338
74	343
74	348
74	353
74	359
74	365
74	371
74	377
74	383
74	389
74	395
74	401
74	407
74	413
74	419
74	425
74	432
74	439
74	447
74	457
75	347
75	358
75	368
75	377
75	386
75	395
75	404
75	413
75	423
75	434
-1	-1
