-1	-1
7	28
7	40
7	52
7	62
7	72
7	82
7	92
7	102
7	112
7	122
7	134
7	148
8	20
8	30
8	40
8	48
8	56
8	64
8	72
8	80
8	88
8	96
8	106
8	114
8	124
8	132
8	142
8	152
8	164
8	176
9	12
9	24
9	34
9	42
9	50
9	56
9	64
9	70
9	78
9	84
9	92
9	100
9	108
9	118
9	126
9	136
9	146
9	158
9	226
9	240
9	328
9	342
10	2
10	10
10	18
10	26
10	32
10	38
10	44
10	50
10	54
10	60
10	66
10	70
10	76
10	80
10	86
10	90
10	96
10	100
10	106
10	110
10	116
10	120
10	126
10	130
10	136
10	142
10	148
10	154
10	160
10	166
10	172
10	180
10	186
10	194
10	202
10	210
10	220
10	228
10	238
10	246
10	256
10	264
10	272
10	280
10	290
10	298
10	308
10	316
10	326
10	334
10	344
10	354
10	366
10	376
10	388
10	398
10	410
10	420
10	432
10	442
10	454
10	466
11	2
11	10
11	16
11	22
11	26
11	32
11	36
11	42
11	46
11	50
11	54
11	58
11	62
11	66
11	70
11	74
11	78
11	82
11	86
11	90
11	94
11	98
11	104
11	108
11	112
11	116
11	122
11	126
11	132
11	136
11	142
11	146
11	152
11	158
11	164
11	170
11	176
11	184
11	190
11	198
11	206
11	212
11	220
11	226
11	234
11	240
11	246
11	252
11	258
11	264
11	270
11	276
11	282
11	288
11	294
11	300
11	308
11	314
11	322
11	328
11	336
11	344
11	352
11	360
11	368
11	376
11	384
11	394
11	402
11	412
11	420
11	430
11	438
11	448
11	458
11	468
11	478
12	2
12	8
12	14
12	18
12	22
12	28
12	32
12	36
12	40
12	42
12	46
12	50
12	52
12	56
12	60
12	62
12	66
12	68
12	72
12	74
12	78
12	80
12	84
12	86
12	90
12	92
12	96
12	98
12	102
12	104
12	108
12	110
12	114
12	116
12	120
12	122
12	126
12	128
12	132
12	136
12	138
12	142
12	144
12	148
12	152
12	156
12	158
12	162
12	166
12	170
12	174
12	178
12	184
12	188
12	192
12	198
12	202
12	208
12	212
12	218
12	222
12	228
12	232
12	238
12	242
12	248
12	252
12	258
12	262
12	268
12	272
12	278
12	282
12	288
12	294
12	300
12	306
12	312
12	318
12	324
12	332
12	340
12	348
12	356
12	364
12	372
12	380
12	388
12	396
12	402
12	410
12	416
12	424
12	430
12	438
12	444
12	452
12	458
12	466
12	474
12	482
12	490
12	500
12	514
13	2
13	6
13	12
13	16
13	22
13	24
13	30
13	32
13	36
13	40
13	42
13	46
13	48
13	52
13	54
13	58
13	60
13	62
13	64
13	68
13	70
13	72
13	76
13	78
13	80
13	82
13	86
13	88
13	90
13	92
13	96
13	98
13	100
13	104
13	106
13	108
13	112
13	114
13	116
13	120
13	122
13	126
13	128
13	130
13	134
13	136
13	140
13	142
13	146
13	148
13	152
13	156
13	158
13	162
13	166
13	170
13	174
13	178
13	182
13	186
13	190
13	196
13	200
13	206
13	210
13	216
13	222
13	228
13	232
13	238
13	244
13	250
13	254
13	260
13	266
13	272
13	276
13	282
13	288
13	294
13	302
13	308
13	316
13	324
13	334
13	342
13	352
13	362
13	374
13	384
13	394
13	402
13	412
13	420
13	430
13	438
13	446
13	456
13	464
13	474
13	484
13	494
14	2
14	8
14	12
14	18
14	22
14	26
14	32
14	34
14	40
14	42
14	46
14	50
14	54
14	58
14	60
14	64
14	68
14	70
14	74
14	76
14	80
14	82
14	86
14	88
14	92
14	96
14	98
14	102
14	106
14	108
14	112
14	116
14	120
14	124
14	126
14	130
14	134
14	138
14	142
14	148
14	152
14	156
14	162
14	166
14	172
14	178
14	184
14	192
14	198
14	206
14	214
14	222
14	232
14	240
14	250
14	258
14	268
14	276
14	286
14	296
14	306
15	2
15	8
15	14
15	20
15	24
15	28
15	32
15	38
15	42
15	46
15	50
15	54
15	58
15	62
15	66
15	70
15	74
15	78
15	82
15	86
15	90
15	94
15	98
15	102
15	106
15	112
15	116
15	122
15	126
15	132
15	138
15	142
15	148
15	154
15	162
15	168
15	176
15	186
15	196
15	206
15	220
16	2
16	10
16	16
16	22
16	26
16	32
16	36
16	42
16	46
16	50
16	54
16	60
16	64
16	68
16	72
16	78
16	82
16	86
16	92
16	96
16	102
16	108
16	114
16	120
16	126
16	132
16	140
16	146
16	154
16	162
16	172
16	182
16	194
17	2
17	10
17	16
17	22
17	28
17	34
17	40
17	44
17	50
17	54
17	60
17	64
17	70
17	74
17	80
17	86
17	92
17	98
17	104
17	110
17	118
17	124
17	132
17	140
17	150
17	160
17	170
17	184
18	2
18	10
18	16
18	22
18	28
18	34
18	40
18	44
18	50
18	54
18	60
18	64
18	70
18	74
18	80
18	84
18	90
18	96
18	100
18	106
18	112
18	118
18	126
18	132
18	140
18	148
18	158
18	168
18	178
18	190
19	2
19	12
19	20
19	26
19	32
19	38
19	44
19	50
19	54
19	60
19	64
19	70
19	74
19	80
19	84
19	90
19	94
19	100
19	104
19	110
19	116
19	120
19	126
19	132
19	138
19	146
19	152
19	160
19	168
19	178
19	188
19	198
19	208
19	220
19	232
20	2
20	12
20	22
20	30
20	36
20	42
20	48
20	54
20	58
20	64
20	68
20	74
20	78
20	82
20	86
20	92
20	96
20	102
20	106
20	112
20	116
20	122
20	126
20	132
20	138
20	144
20	150
20	156
20	164
20	170
20	178
20	186
20	194
20	202
20	210
20	220
20	228
20	238
20	246
20	256
20	266
20	276
20	286
20	296
20	308
20	320
21	12
21	24
21	32
21	40
21	48
21	56
21	62
21	68
21	74
21	78
21	84
21	90
21	94
21	100
21	104
21	110
21	116
21	120
21	126
21	130
21	136
21	140
21	146
21	152
21	156
21	162
21	168
21	174
21	180
21	186
21	192
21	198
21	204
21	210
21	216
21	222
21	228
21	234
21	240
21	246
21	252
21	258
21	264
21	270
21	276
21	282
21	290
21	296
21	304
21	310
21	318
21	324
21	332
21	340
21	348
21	358
21	366
21	376
21	388
22	12
22	22
22	32
22	40
22	46
22	54
22	60
22	66
22	72
22	78
22	84
22	88
22	94
22	100
22	104
22	110
22	114
22	120
22	124
22	130
22	134
22	138
22	142
22	146
22	150
22	154
22	158
22	162
22	166
22	170
22	176
22	180
22	184
22	188
22	192
22	196
22	200
22	204
22	208
22	212
22	216
22	220
22	224
22	228
22	232
22	236
22	240
22	244
22	248
22	252
22	256
22	260
22	264
22	268
22	272
22	276
22	280
22	284
22	288
22	294
22	298
22	302
22	306
22	312
22	316
22	320
22	326
22	330
22	336
22	340
22	346
22	352
22	358
22	364
22	370
22	376
22	384
22	390
22	398
22	406
22	416
22	424
22	434
22	446
22	456
22	468
22	480
22	492
22	504
23	2
23	12
23	22
23	30
23	36
23	42
23	48
23	54
23	60
23	64
23	70
23	74
23	80
23	84
23	88
23	94
23	98
23	102
23	106
23	110
23	114
23	118
23	122
23	126
23	130
23	132
23	136
23	140
23	142
23	146
23	148
23	152
23	154
23	156
23	160
23	162
23	164
23	168
23	170
23	174
23	176
23	180
23	182
23	184
23	188
23	190
23	192
23	196
23	198
23	202
23	204
23	208
23	210
23	212
23	216
23	218
23	222
23	224
23	228
23	230
23	234
23	236
23	238
23	242
23	244
23	246
23	250
23	252
23	256
23	258
23	262
23	264
23	268
23	270
23	274
23	276
23	280
23	282
23	286
23	288
23	292
23	296
23	298
23	302
23	304
23	308
23	312
23	316
23	318
23	322
23	326
23	330
23	334
23	338
23	344
23	348
23	352
23	356
23	362
23	366
23	372
23	376
23	382
23	388
23	394
23	400
23	408
23	414
23	422
23	430
23	440
23	448
23	458
23	468
23	480
23	490
23	502
24	2
24	10
24	16
24	22
24	28
24	32
24	38
24	42
24	46
24	50
24	54
24	56
24	60
24	64
24	66
24	70
24	72
24	76
24	80
24	82
24	86
24	88
24	92
24	94
24	96
24	100
24	102
24	104
24	106
24	110
24	112
24	114
24	116
24	120
24	122
24	124
24	126
24	130
24	132
24	134
24	136
24	140
24	142
24	144
24	146
24	148
24	152
24	154
24	156
24	158
24	160
24	164
24	166
24	168
24	170
24	172
24	176
24	178
24	180
24	182
24	186
24	188
24	190
24	192
24	196
24	198
24	200
24	204
24	206
24	208
24	210
24	214
24	216
24	218
24	222
24	224
24	226
24	230
24	232
24	234
24	236
24	240
24	242
24	244
24	246
24	250
24	252
24	254
24	256
24	260
24	262
24	264
24	266
24	270
24	272
24	274
24	276
24	280
24	282
24	284
24	288
24	290
24	294
24	296
24	298
24	302
24	304
24	308
24	310
24	314
24	318
24	322
24	326
24	328
24	334
24	336
24	342
24	346
24	350
24	354
24	358
24	364
24	368
24	374
24	378
24	384
24	390
24	396
24	404
24	410
24	418
24	428
24	438
25	2
25	8
25	14
25	20
25	24
25	28
25	32
25	34
25	38
25	42
25	44
25	48
25	50
25	52
25	54
25	58
25	60
25	62
25	64
25	66
25	68
25	70
25	72
25	74
25	76
25	78
25	80
25	82
25	84
25	86
25	88
25	90
25	92
25	94
25	96
25	98
25	100
25	102
25	104
25	106
25	108
25	110
25	112
25	114
25	116
25	118
25	120
25	122
25	124
25	126
25	128
25	130
25	132
25	134
25	136
25	138
25	140
25	142
25	144
25	146
25	148
25	150
25	152
25	154
25	156
25	158
25	160
25	162
25	164
25	166
25	168
25	170
25	172
25	174
25	176
25	178
25	180
25	182
25	184
25	186
25	188
25	190
25	194
25	196
25	198
25	200
25	202
25	206
25	208
25	210
25	212
25	216
25	218
25	220
25	224
25	226
25	228
25	232
25	234
25	236
25	240
25	242
25	246
25	248
25	252
25	254
25	258
25	260
25	264
25	266
25	270
25	272
25	276
25	278
25	282
25	286
25	290
25	292
25	296
25	300
25	304
25	308
25	312
25	316
25	320
25	326
25	330
25	334
25	340
25	344
25	350
25	356
25	362
25	368
25	374
25	382
25	390
25	398
25	408
26	2
26	8
26	12
26	16
26	22
26	24
26	28
26	30
26	32
26	36
26	38
26	42
26	46
26	48
26	50
26	52
26	54
26	56
26	58
26	60
26	62
26	64
26	66
26	68
26	70
26	72
26	74
26	76
26	78
26	80
26	82
26	84
26	86
26	88
26	90
26	92
26	94
26	96
26	98
26	100
26	102
26	104
26	106
26	108
26	110
26	112
26	114
26	116
26	118
26	120
26	122
26	124
26	126
26	128
26	130
26	132
26	134
26	136
26	138
26	140
26	142
26	144
26	146
26	148
26	150
26	152
26	154
26	156
26	158
26	160
26	162
26	164
26	166
26	168
26	170
26	174
26	176
26	178
26	180
26	182
26	184
26	186
26	188
26	190
26	192
26	194
26	196
26	198
26	200
26	204
26	206
26	208
26	210
26	212
26	216
26	218
26	220
26	224
26	226
26	228
26	232
26	234
26	236
26	240
26	242
26	246
26	248
26	252
26	256
26	258
26	262
26	266
26	270
26	272
26	276
26	280
26	284
26	288
26	292
26	296
26	300
26	306
26	310
26	314
26	320
26	324
26	330
26	336
26	340
26	346
26	352
26	360
26	366
26	374
26	384
26	394
26	406
27	2
27	10
27	14
27	20
27	24
27	28
27	32
27	34
27	38
27	40
27	42
27	46
27	48
27	52
27	54
27	56
27	58
27	62
27	64
27	66
27	68
27	70
27	72
27	76
27	78
27	80
27	82
27	84
27	86
27	88
27	90
27	92
27	94
27	96
27	100
27	104
27	108
27	110
27	112
27	114
27	116
27	118
27	120
27	122
27	124
27	126
27	128
27	130
27	132
27	134
27	136
27	138
27	140
27	142
27	144
27	146
27	148
27	150
27	152
27	154
27	156
27	158
27	160
27	162
27	164
27	166
27	168
27	170
27	172
27	174
27	176
27	178
27	180
27	182
27	184
27	186
27	188
27	190
27	192
27	194
27	196
27	198
27	200
27	202
27	206
27	208
27	210
27	212
27	216
27	218
27	220
27	224
27	226
27	228
27	232
27	234
27	238
27	240
27	244
27	246
27	250
27	254
27	256
27	260
27	264
27	268
27	272
27	276
27	280
27	284
27	288
27	292
27	298
27	302
27	308
27	314
27	320
27	326
27	332
27	340
27	348
27	356
27	366
27	378
28	2
28	10
28	18
28	24
28	30
28	34
28	40
28	44
28	48
28	52
28	54
28	58
28	62
28	64
28	68
28	70
28	74
28	76
28	80
28	82
28	84
28	88
28	90
28	94
28	96
28	98
28	102
28	104
28	106
28	110
28	112
28	114
28	118
28	120
28	122
28	126
28	128
28	130
28	134
28	136
28	138
28	140
28	142
28	146
28	148
28	150
28	152
28	154
28	156
28	158
28	160
28	162
28	164
28	166
28	168
28	170
28	172
28	174
28	176
28	178
28	180
28	182
28	186
28	188
28	190
28	192
28	194
28	196
28	198
28	200
28	202
28	204
28	206
28	208
28	210
28	212
28	214
28	216
28	218
28	220
28	222
28	224
28	226
28	228
28	230
28	234
28	236
28	238
28	240
28	244
28	246
28	248
28	252
28	256
28	258
28	262
28	264
28	268
28	272
28	276
28	278
28	284
28	288
28	292
28	296
28	302
28	306
28	312
28	318
28	326
28	332
28	340
28	350
28	360
29	10
29	20
29	28
29	34
29	40
29	46
29	52
29	56
29	62
29	66
29	70
29	74
29	78
29	82
29	86
29	90
29	94
29	98
29	102
29	106
29	110
29	114
29	116
29	120
29	124
29	128
29	130
29	134
29	138
29	142
29	144
29	148
29	152
29	154
29	158
29	160
29	164
29	166
29	170
29	172
29	174
29	178
29	180
29	182
29	184
29	188
29	190
29	192
29	194
29	196
29	198
29	200
29	202
29	204
29	206
29	208
29	210
29	212
29	214
29	216
29	218
29	220
29	222
29	224
29	226
29	228
29	230
29	232
29	234
29	236
29	238
29	240
29	244
29	246
29	248
29	250
29	252
29	256
29	258
29	260
29	264
29	266
29	270
29	272
29	276
29	280
29	284
29	288
29	292
29	296
29	302
29	306
29	312
29	318
29	326
29	332
29	340
29	350
29	360
30	28
30	38
30	46
30	52
30	60
30	66
30	72
30	76
30	82
30	86
30	92
30	96
30	100
30	104
30	108
30	112
30	116
30	120
30	124
30	128
30	132
30	136
30	140
30	142
30	146
30	150
30	154
30	156
30	160
30	164
30	168
30	170
30	174
30	178
30	182
30	184
30	188
30	192
30	194
30	196
30	200
30	202
30	204
30	206
30	210
30	212
30	216
30	218
30	220
30	222
30	224
30	226
30	228
30	230
30	232
30	234
30	236
30	238
30	240
30	242
30	244
30	246
30	248
30	250
30	254
30	256
30	258
30	260
30	264
30	266
30	268
30	272
30	274
30	278
30	280
30	284
30	288
30	292
30	296
30	300
30	304
30	308
30	314
30	320
30	326
30	332
30	338
30	346
30	356
30	366
31	50
31	60
31	70
31	78
31	86
31	94
31	102
31	110
31	118
31	124
31	132
31	138
31	146
31	152
31	158
31	164
31	170
31	176
31	180
31	186
31	190
31	194
31	200
31	204
31	208
31	212
31	216
31	220
31	222
31	226
31	230
31	234
31	236
31	240
31	244
31	246
31	250
31	254
31	256
31	260
31	264
31	266
31	270
31	274
31	278
31	282
31	286
31	290
31	294
31	298
31	304
31	310
31	316
31	322
31	328
31	336
31	346
31	356
32	100
32	110
32	120
32	130
32	138
32	146
32	154
32	162
32	170
32	178
32	186
32	192
32	200
32	206
32	212
32	218
32	224
32	228
32	232
32	236
32	240
32	244
32	246
32	250
32	252
32	256
32	258
32	262
32	264
32	268
32	270
32	274
32	276
32	280
32	282
32	286
32	290
32	294
32	296
32	300
32	304
32	308
32	314
32	318
32	324
32	330
32	336
32	344
32	352
32	362
33	162
33	172
33	182
33	192
33	202
33	210
33	218
33	226
33	232
33	236
33	242
33	244
33	250
33	252
33	256
33	260
33	264
33	266
33	270
33	274
33	276
33	280
33	284
33	286
33	290
33	294
33	298
33	302
33	306
33	310
33	316
33	320
33	326
33	330
33	336
33	344
33	350
33	358
33	368
34	198
34	208
34	218
34	228
34	236
34	242
34	250
34	254
34	260
34	264
34	270
34	274
34	278
34	282
34	286
34	290
34	294
34	298
34	302
34	306
34	310
34	314
34	318
34	322
34	326
34	332
34	336
34	342
34	348
34	356
34	362
34	370
34	380
35	206
35	218
35	228
35	238
35	246
35	254
35	260
35	266
35	272
35	274
35	280
35	282
35	286
35	290
35	294
35	298
35	300
35	304
35	308
35	312
35	314
35	318
35	322
35	326
35	330
35	334
35	338
35	342
35	346
35	352
35	356
35	362
35	368
35	376
35	384
35	392
35	404
36	208
36	220
36	230
36	238
36	246
36	254
36	262
36	268
36	274
36	280
36	286
36	290
36	294
36	300
36	302
36	308
36	310
36	314
36	318
36	322
36	324
36	328
36	332
36	336
36	340
36	344
36	348
36	352
36	356
36	360
36	366
36	370
36	376
36	382
36	390
36	398
36	406
37	220
37	230
37	238
37	246
37	254
37	260
37	266
37	272
37	278
37	282
37	286
37	292
37	294
37	300
37	302
37	306
37	310
37	312
37	314
37	318
37	320
37	322
37	326
37	328
37	330
37	334
37	336
37	340
37	342
37	346
37	348
37	352
37	356
37	358
37	362
37	366
37	370
37	374
37	378
37	384
37	388
37	394
37	400
37	408
37	416
37	426
38	248
38	260
38	270
38	278
38	286
38	294
38	300
38	304
38	310
38	314
38	318
38	322
38	326
38	330
38	334
38	338
38	342
38	346
38	350
38	354
38	358
38	362
38	366
38	370
38	374
38	378
38	384
38	388
38	394
38	400
38	408
38	416
38	424
38	434
39	306
39	316
39	324
39	332
39	338
39	342
39	348
39	352
39	356
39	362
39	364
39	370
39	374
39	378
39	382
39	386
39	392
39	396
39	402
39	408
39	414
39	420
39	428
39	436
39	446
39	630
39	640
39	650
39	660
39	672
40	110
40	122
40	134
40	144
40	156
40	168
40	298
40	310
40	320
40	328
40	336
40	342
40	346
40	352
40	356
40	360
40	364
40	368
40	372
40	376
40	380
40	384
40	388
40	392
40	396
40	402
40	406
40	412
40	418
40	424
40	430
40	438
40	448
40	458
40	608
40	620
40	628
40	638
40	646
40	654
40	664
41	308
41	320
41	332
41	342
41	350
41	358
41	366
41	372
41	378
41	384
41	390
41	396
41	402
41	408
41	414
41	420
41	426
41	434
41	442
41	450
41	460
41	598
41	608
41	616
41	624
41	632
41	640
41	648
41	658
41	668
42	276
42	288
42	300
42	310
42	320
42	328
42	338
42	346
42	354
42	360
42	366
42	372
42	378
42	382
42	388
42	392
42	396
42	400
42	406
42	410
42	414
42	418
42	424
42	428
42	434
42	440
42	446
42	452
42	460
42	468
42	476
42	486
42	602
42	612
42	622
42	632
42	642
42	654
43	312
43	324
43	336
43	346
43	358
43	368
43	376
43	382
43	390
43	396
43	402
43	408
43	412
43	418
43	424
43	430
43	436
43	442
43	448
43	454
43	462
43	470
43	480
43	490
43	600
43	610
43	622
43	636
44	372
44	384
44	392
44	400
44	408
44	414
44	422
44	428
44	436
44	444
44	452
44	460
44	470
44	484
44	580
44	590
44	600
44	610
44	620
45	356
45	368
45	378
45	386
45	394
45	402
45	410
45	418
45	426
45	436
45	444
45	454
45	464
45	476
45	568
45	578
45	588
45	596
45	604
45	614
45	624
46	460
46	472
46	484
46	560
46	572
46	580
46	590
46	598
46	608
46	618
47	552
47	564
47	574
47	584
47	594
48	536
48	548
48	558
48	566
48	576
48	586
48	596
49	506
49	518
49	528
49	538
49	548
49	558
49	568
49	578
49	590
63	178
63	190
63	200
63	208
63	218
63	226
63	234
63	242
63	248
63	256
63	262
63	270
63	276
63	284
63	290
63	298
63	304
63	312
63	318
63	326
63	334
63	342
63	350
63	358
63	366
63	374
63	384
63	394
63	404
63	414
64	118
64	130
64	142
64	152
64	162
64	172
64	182
64	192
64	200
64	208
64	214
64	222
64	228
64	234
64	240
64	246
64	252
64	258
64	264
64	270
64	274
64	280
64	284
64	290
64	294
64	300
64	304
64	310
64	314
64	320
64	324
64	330
64	334
64	340
64	346
64	350
64	356
64	362
64	368
64	374
64	380
64	386
64	392
64	398
64	406
64	412
64	420
64	428
64	438
64	448
64	458
64	470
65	60
65	72
65	82
65	92
65	100
65	110
65	118
65	128
65	136
65	144
65	152
65	160
65	168
65	178
65	186
65	196
65	204
65	214
65	222
65	230
65	238
65	246
65	252
65	260
65	266
65	272
65	278
65	284
65	290
65	296
65	302
65	308
65	312
65	318
65	324
65	330
65	336
65	342
65	348
65	354
65	360
65	366
65	372
65	378
65	386
65	392
65	400
65	408
65	416
65	424
65	432
65	442
65	450
65	460
65	470
65	480
65	490
65	502
65	512
65	524
66	38
66	48
66	58
66	66
66	74
66	80
66	88
66	94
66	100
66	106
66	112
66	118
66	124
66	130
66	136
66	142
66	146
66	152
66	158
66	164
66	168
66	174
66	180
66	186
66	192
66	198
66	204
66	210
66	218
66	224
66	232
66	240
66	248
66	256
66	264
66	274
66	282
66	292
66	302
66	312
66	322
66	332
66	342
66	352
66	362
66	372
66	382
66	392
66	402
66	412
66	420
66	430
66	438
66	446
66	452
66	460
66	466
66	474
66	480
66	488
66	494
66	502
66	508
66	516
66	522
66	530
66	536
66	544
66	554
66	564
66	574
66	586
67	28
67	36
67	44
67	52
67	58
67	64
67	68
67	74
67	78
67	82
67	88
67	92
67	96
67	100
67	104
67	106
67	110
67	114
67	118
67	120
67	124
67	128
67	130
67	134
67	136
67	140
67	142
67	146
67	148
67	152
67	154
67	158
67	160
67	164
67	166
67	170
67	172
67	176
67	178
67	182
67	186
67	188
67	192
67	194
67	198
67	202
67	204
67	208
67	212
67	216
67	220
67	224
67	228
67	232
67	236
67	240
67	244
67	248
67	254
67	258
67	264
67	268
67	274
67	278
67	284
67	290
67	296
67	302
67	308
67	314
67	320
67	326
67	332
67	338
67	344
67	350
67	356
67	362
67	368
67	374
67	380
67	386
67	392
67	398
67	404
67	410
67	414
67	420
67	424
67	430
67	434
67	438
67	442
67	446
67	450
67	454
67	458
67	462
67	466
67	470
67	474
67	478
67	482
67	486
67	488
67	492
67	496
67	500
67	502
67	506
67	510
67	514
67	516
67	520
67	524
67	528
67	532
67	536
67	540
67	544
67	548
67	554
67	558
67	564
67	570
67	578
67	584
67	592
67	602
67	612
68	20
68	30
68	36
68	42
68	48
68	52
68	56
68	60
68	64
68	68
68	70
68	74
68	76
68	80
68	82
68	84
68	88
68	90
68	92
68	96
68	98
68	100
68	102
68	104
68	108
68	110
68	112
68	114
68	116
68	118
68	120
68	122
68	124
68	126
68	128
68	130
68	132
68	134
68	136
68	138
68	140
68	142
68	144
68	146
68	148
68	150
68	152
68	154
68	156
68	160
68	162
68	164
68	166
68	168
68	170
68	172
68	174
68	176
68	178
68	180
68	182
68	184
68	186
68	188
68	190
68	192
68	194
68	196
68	200
68	202
68	204
68	206
68	208
68	210
68	212
68	214
68	216
68	218
68	220
68	222
68	226
68	230
68	232
68	234
68	236
68	238
68	240
68	244
68	246
68	248
68	250
68	252
68	256
68	258
68	260
68	262
68	266
68	268
68	270
68	274
68	276
68	278
68	282
68	284
68	288
68	290
68	294
68	296
68	300
68	302
68	306
68	308
68	312
68	314
68	318
68	320
68	324
68	326
68	330
68	332
68	336
68	338
68	342
68	346
68	348
68	352
68	354
68	358
68	362
68	364
68	368
68	370
68	374
68	376
68	380
68	382
68	386
68	390
68	392
68	396
68	398
68	402
68	404
68	408
68	410
68	414
68	416
68	420
68	422
68	424
68	428
68	430
68	432
68	434
68	438
68	440
68	442
68	444
68	446
68	450
68	452
68	454
68	456
68	458
68	460
68	462
68	466
68	470
68	472
68	474
68	476
68	478
68	480
68	482
68	484
68	486
68	488
68	490
68	492
68	494
68	496
68	498
68	500
68	502
68	504
68	506
68	508
68	510
68	512
68	514
68	516
68	518
68	520
68	522
68	524
68	526
68	528
68	530
68	532
68	534
68	536
68	538
68	540
68	544
68	546
68	548
68	550
68	554
68	556
68	558
68	562
68	566
68	568
68	572
68	576
68	578
68	584
68	588
68	592
68	598
68	604
68	610
68	618
68	628
69	20
69	30
69	36
69	42
69	48
69	52
69	56
69	60
69	62
69	66
69	70
69	72
69	74
69	78
69	80
69	82
69	84
69	88
69	90
69	92
69	94
69	96
69	98
69	100
69	102
69	104
69	106
69	108
69	110
69	112
69	114
69	116
69	118
69	120
69	122
69	124
69	126
69	128
69	130
69	132
69	134
69	136
69	138
69	140
69	142
69	144
69	146
69	148
69	150
69	152
69	154
69	156
69	158
69	160
69	162
69	164
69	166
69	168
69	170
69	172
69	174
69	176
69	178
69	180
69	182
69	184
69	186
69	188
69	190
69	192
69	194
69	196
69	198
69	200
69	202
69	204
69	206
69	208
69	210
69	212
69	214
69	216
69	218
69	220
69	222
69	224
69	226
69	228
69	230
69	232
69	234
69	236
69	238
69	240
69	242
69	244
69	246
69	248
69	250
69	252
69	254
69	256
69	258
69	260
69	262
69	264
69	266
69	268
69	270
69	272
69	274
69	276
69	278
69	280
69	282
69	284
69	286
69	288
69	290
69	292
69	294
69	296
69	298
69	300
69	302
69	304
69	306
69	308
69	310
69	312
69	314
69	316
69	318
69	320
69	322
69	324
69	326
69	328
69	330
69	332
69	334
69	336
69	338
69	340
69	342
69	344
69	346
69	348
69	350
69	352
69	354
69	356
69	358
69	360
69	362
69	364
69	366
69	368
69	370
69	372
69	374
69	376
69	378
69	380
69	382
69	384
69	386
69	388
69	390
69	392
69	394
69	396
69	398
69	400
69	402
69	404
69	406
69	408
69	410
69	412
69	414
69	416
69	418
69	420
69	422
69	424
69	426
69	428
69	430
69	432
69	434
69	436
69	438
69	440
69	442
69	444
69	446
69	448
69	450
69	452
69	454
69	456
69	458
69	460
69	462
69	464
69	466
69	468
69	470
69	472
69	474
69	476
69	478
69	480
69	482
69	484
69	486
69	488
69	490
69	492
69	494
69	496
69	498
69	500
69	502
69	504
69	506
69	508
69	510
69	512
69	516
69	518
69	520
69	522
69	524
69	526
69	528
69	530
69	532
69	534
69	536
69	538
69	540
69	542
69	546
69	550
69	552
69	554
69	556
69	558
69	562
69	564
69	568
69	570
69	574
69	576
69	580
69	584
69	588
69	592
69	596
69	602
69	608
69	614
69	622
69	632
70	10
70	20
70	28
70	34
70	42
70	48
70	54
70	58
70	64
70	68
70	74
70	78
70	82
70	88
70	92
70	96
70	100
70	106
70	110
70	114
70	118
70	124
70	128
70	132
70	136
70	142
70	146
70	150
70	154
70	158
70	162
70	166
70	170
70	174
70	178
70	182
70	184
70	188
70	192
70	194
70	198
70	200
70	202
70	206
70	208
70	210
70	212
70	216
70	218
70	220
70	222
70	224
70	226
70	230
70	232
70	236
70	238
70	240
70	242
70	244
70	246
70	248
70	250
70	252
70	254
70	256
70	258
70	260
70	262
70	264
70	266
70	268
70	270
70	272
70	274
70	276
70	278
70	280
70	282
70	284
70	286
70	288
70	290
70	292
70	294
70	296
70	298
70	300
70	302
70	304
70	306
70	308
70	310
70	312
70	314
70	316
70	318
70	320
70	322
70	324
70	326
70	328
70	330
70	332
70	334
70	336
70	338
70	340
70	342
70	344
70	346
70	348
70	350
70	352
70	354
70	356
70	358
70	360
70	362
70	364
70	366
70	368
70	370
70	372
70	374
70	376
70	378
70	380
70	382
70	384
70	386
70	388
70	390
70	392
70	394
70	396
70	398
70	400
70	402
70	404
70	406
70	408
70	410
70	412
70	414
70	416
70	418
70	420
70	422
70	424
70	426
70	428
70	430
70	432
70	436
70	440
70	442
70	444
70	446
70	448
70	452
70	454
70	456
70	460
70	464
70	466
70	470
70	472
70	476
70	480
70	484
70	488
70	494
70	498
70	504
70	510
70	516
70	524
70	530
70	538
70	546
70	554
70	564
70	574
70	584
70	594
71	2
71	10
71	16
71	22
71	28
71	32
71	38
71	42
71	46
71	50
71	56
71	60
71	64
71	70
71	74
71	80
71	86
71	92
71	98
71	104
71	112
71	118
71	126
71	134
71	144
71	152
71	162
71	172
71	182
71	194
71	204
71	214
71	222
71	232
71	240
71	246
71	254
71	260
71	266
71	272
71	276
71	282
71	286
71	292
71	296
71	302
71	306
71	312
71	316
71	320
71	324
71	330
71	334
71	338
71	342
71	348
71	352
71	356
71	360
71	366
71	370
71	374
71	380
71	384
71	390
71	394
71	400
71	406
71	410
71	416
71	424
71	430
71	438
71	446
71	456
71	466
71	476
72	2
72	8
72	12
72	18
72	22
72	26
72	30
72	34
72	38
72	42
72	46
72	50
72	54
72	58
72	62
72	66
72	70
72	74
72	78
72	84
72	88
72	92
72	98
72	102
72	108
72	112
72	118
72	124
72	128
72	134
72	140
72	146
72	152
72	158
72	166
72	172
72	180
72	188
72	196
72	204
72	214
72	224
72	234
72	246
72	422
72	434
72	444
72	456
72	466
72	476
72	486
72	496
72	506
72	516
72	526
72	536
72	546
73	2
73	8
73	12
73	18
73	22
73	26
73	32
73	34
73	38
73	42
73	46
73	50
73	54
73	56
73	60
73	64
73	68
73	70
73	74
73	78
73	82
73	84
73	88
73	92
73	94
73	98
73	102
73	104
73	108
73	110
73	114
73	116
73	120
73	122
73	126
73	128
73	132
73	134
73	138
73	140
73	144
73	146
73	150
73	154
73	156
73	160
73	164
73	168
73	170
73	174
73	178
73	182
73	186
73	188
73	194
73	196
73	202
73	206
73	210
73	214
73	218
73	224
73	228
73	234
73	238
73	244
73	250
73	256
73	262
73	268
73	274
73	282
73	288
73	296
73	302
73	310
73	316
73	324
73	330
73	338
73	346
73	354
73	362
73	370
73	378
73	386
73	394
73	400
73	408
73	414
73	422
73	428
73	434
73	440
73	446
73	450
73	456
73	462
73	466
73	472
73	476
73	482
73	486
73	492
73	496
73	502
73	506
73	512
73	516
73	522
73	526
73	532
73	536
73	542
73	546
73	552
73	558
73	564
73	572
73	578
73	586
73	596
73	606
74	2
74	10
74	16
74	22
74	28
74	32
74	36
74	42
74	44
74	48
74	52
74	54
74	58
74	62
74	64
74	68
74	70
74	72
74	76
74	78
74	80
74	82
74	86
74	88
74	90
74	92
74	94
74	98
74	100
74	102
74	104
74	106
74	108
74	112
74	116
74	118
74	120
74	122
74	124
74	126
74	128
74	130
74	132
74	134
74	136
74	140
74	144
74	146
74	148
74	150
74	152
74	154
74	156
74	158
74	160
74	162
74	164
74	168
74	172
74	174
74	176
74	178
74	180
74	182
74	184
74	186
74	190
74	192
74	194
74	196
74	198
74	200
74	204
74	206
74	208
74	210
74	214
74	216
74	218
74	220
74	224
74	226
74	228
74	232
74	234
74	238
74	240
74	244
74	246
74	248
74	252
74	254
74	258
74	260
74	264
74	266
74	270
74	274
74	276
74	280
74	284
74	286
74	290
74	294
74	298
74	300
74	304
74	308
74	312
74	314
74	318
74	322
74	326
74	330
74	332
74	336
74	340
74	344
74	348
74	352
74	354
74	358
74	362
74	366
74	370
74	374
74	378
74	382
74	386
74	390
74	394
74	398
74	402
74	404
74	408
74	412
74	416
74	420
74	422
74	426
74	430
74	434
74	436
74	440
74	444
74	446
74	450
74	454
74	456
74	460
74	462
74	466
74	470
74	472
74	476
74	478
74	482
74	484
74	488
74	490
74	494
74	496
74	500
74	502
74	506
74	508
74	512
74	514
74	518
74	520
74	524
74	526
74	530
74	532
74	536
74	538
74	542
74	546
74	548
74	552
74	556
74	558
74	562
74	566
74	570
74	574
74	578
74	584
74	588
74	594
74	600
74	606
74	614
74	624
75	10
75	20
75	28
75	34
75	40
75	44
75	50
75	54
75	58
75	62
75	66
75	70
75	72
75	76
75	80
75	82
75	86
75	90
75	92
75	96
75	98
75	102
75	104
75	108
75	110
75	114
75	116
75	120
75	122
75	126
75	128
75	132
75	134
75	138
75	140
75	142
75	146
75	148
75	150
75	154
75	156
75	160
75	162
75	166
75	168
75	172
75	174
75	178
75	180
75	184
75	186
75	190
75	192
75	196
75	198
75	202
75	204
75	208
75	210
75	214
75	216
75	220
75	222
75	226
75	228
75	232
75	234
75	238
75	240
75	244
75	246
75	250
75	252
75	256
75	258
75	262
75	264
75	268
75	270
75	274
75	276
75	280
75	282
75	286
75	288
75	292
75	294
75	298
75	300
75	304
75	306
75	310
75	314
75	316
75	320
75	324
75	326
75	330
75	334
75	336
75	340
75	344
75	346
75	350
75	354
75	356
75	360
75	364
75	368
75	370
75	374
75	378
75	382
75	384
75	388
75	392
75	396
75	398
75	402
75	406
75	410
75	412
75	416
75	420
75	424
75	428
75	430
75	434
75	438
75	442
75	446
75	450
75	454
75	458
75	462
75	466
75	470
75	474
75	478
75	482
75	486
75	490
75	494
75	498
75	504
75	508
75	512
75	516
75	522
75	526
75	530
75	534
75	540
75	544
75	548
75	554
75	558
75	564
75	568
75	574
75	580
75	586
75	592
75	598
75	606
75	616
75	626
76	216
76	228
76	238
76	248
76	258
76	268
76	276
76	286
76	294
76	304
76	312
76	322
76	330
76	340
76	348
76	358
76	366
76	376
76	386
76	396
76	406
76	417
-1	-1
