-1	-1
16	201
16	213
16	224
16	234
16	244
16	254
16	264
16	274
16	285
17	168
17	178
17	187
17	195
17	203
17	211
17	218
17	225
17	232
17	239
17	246
17	253
17	260
17	267
17	275
17	283
17	292
17	302
17	313
18	162
18	172
18	180
18	187
18	194
18	201
18	207
18	213
18	219
18	225
18	231
18	237
18	242
18	248
18	253
18	259
18	265
18	271
18	277
18	284
18	291
18	299
18	307
18	316
18	326
18	337
19	159
19	168
19	175
19	182
19	188
19	194
19	200
19	205
19	211
19	216
19	221
19	226
19	231
19	236
19	241
19	246
19	251
19	256
19	261
19	266
19	272
19	277
19	283
19	289
19	296
19	304
19	312
19	320
19	329
19	339
20	158
20	167
20	174
20	180
20	186
20	191
20	196
20	201
20	206
20	211
20	216
20	221
20	226
20	231
20	235
20	240
20	244
20	249
20	253
20	258
20	263
20	268
20	273
20	278
20	284
20	290
20	296
20	303
20	310
20	317
20	324
20	331
20	339
20	347
20	356
20	367
21	159
21	168
21	174
21	180
21	185
21	190
21	194
21	199
21	203
21	207
21	211
21	215
21	219
21	223
21	227
21	231
21	235
21	239
21	242
21	246
21	250
21	253
21	257
21	260
21	264
21	267
21	271
21	275
21	279
21	283
21	287
21	291
21	296
21	300
21	305
21	310
21	315
21	320
21	325
21	330
21	335
21	340
21	346
21	352
21	359
21	367
21	376
21	387
22	158
22	167
22	173
22	179
22	184
22	189
22	193
22	197
22	201
22	205
22	209
22	212
22	216
22	219
22	223
22	226
22	230
22	233
22	237
22	240
22	244
22	247
22	251
22	254
22	257
22	261
22	264
22	267
22	271
22	274
22	277
22	281
22	284
22	288
22	291
22	295
22	299
22	303
22	307
22	311
22	315
22	319
22	323
22	327
22	332
22	336
22	341
22	346
22	352
22	358
22	365
22	373
22	383
23	158
23	166
23	172
23	178
23	183
23	188
23	192
23	196
23	200
23	204
23	208
23	211
23	215
23	218
23	222
23	225
23	229
23	232
23	236
23	239
23	243
23	246
23	250
23	253
23	257
23	260
23	264
23	267
23	271
23	274
23	278
23	282
23	286
23	290
23	294
23	298
23	303
23	307
23	312
23	317
23	322
23	327
23	333
23	339
23	346
23	353
23	362
23	372
24	157
24	164
24	171
24	175
24	180
24	183
24	188
24	191
24	195
24	199
24	202
24	206
24	209
24	213
24	216
24	220
24	223
24	227
24	230
24	234
24	237
24	241
24	245
24	249
24	253
24	257
24	261
24	265
24	269
24	274
24	278
24	283
24	288
24	293
24	299
24	305
24	311
24	318
24	325
24	333
24	342
24	352
25	159
25	168
25	174
25	180
25	183
25	188
25	191
25	195
25	199
25	202
25	206
25	210
25	213
25	217
25	221
25	225
25	229
25	233
25	237
25	242
25	246
25	251
25	256
25	261
25	267
25	273
25	279
25	286
25	293
25	301
25	309
25	318
25	327
25	337
25	348
26	166
26	174
26	181
26	187
26	192
26	197
26	202
26	206
26	211
26	215
26	220
26	225
26	230
26	235
26	240
26	245
26	250
26	256
26	262
26	268
26	274
26	281
26	288
26	296
26	304
26	312
26	320
26	328
26	337
26	346
26	356
27	177
27	187
27	194
27	201
27	207
27	213
27	219
27	225
27	230
27	236
27	241
27	247
27	252
27	258
27	263
27	269
27	275
27	281
27	287
27	294
27	301
27	308
27	316
27	324
27	332
27	340
27	349
27	359
28	188
28	198
28	206
28	213
28	219
28	225
28	231
28	236
28	241
28	246
28	251
28	255
28	260
28	264
28	268
28	273
28	277
28	282
28	286
28	291
28	296
28	301
28	307
28	313
28	319
28	326
28	333
28	341
28	350
28	363
29	197
29	207
29	214
29	221
29	226
29	231
29	236
29	240
29	244
29	248
29	251
29	255
29	258
29	261
29	264
29	267
29	270
29	273
29	276
29	279
29	283
29	286
29	289
29	293
29	297
29	300
29	305
29	309
29	314
29	319
29	325
29	331
29	338
29	346
29	356
30	198
30	208
30	215
30	221
30	226
30	231
30	234
30	239
30	242
30	245
30	249
30	252
30	254
30	258
30	260
30	263
30	266
30	269
30	271
30	275
30	277
30	280
30	284
30	286
30	290
30	293
30	297
30	300
30	305
30	308
30	313
30	318
30	324
30	330
30	337
30	345
30	355
31	187
31	197
31	206
31	213
31	220
31	225
31	231
31	234
31	239
31	243
31	247
31	251
31	254
31	258
31	261
31	265
31	268
31	272
31	276
31	280
31	284
31	288
31	293
31	298
31	304
31	310
31	317
31	325
31	335
32	171
32	181
32	189
32	196
32	203
32	209
32	215
32	221
32	226
32	231
32	236
32	241
32	246
32	251
32	256
32	262
32	267
32	273
32	279
32	286
32	294
32	303
32	315
33	161
33	170
33	177
33	183
33	188
33	192
33	197
33	201
33	205
33	209
33	213
33	216
33	220
33	224
33	228
33	232
33	236
33	240
33	245
33	249
33	254
33	259
33	265
33	271
33	277
33	284
33	292
33	302
34	158
34	166
34	172
34	177
34	181
34	184
34	188
34	191
34	194
34	197
34	200
34	202
34	205
34	208
34	210
34	213
34	215
34	218
34	221
34	223
34	226
34	229
34	232
34	235
34	238
34	241
34	245
34	248
34	252
34	256
34	260
34	265
34	269
34	275
34	280
34	286
34	293
34	301
34	311
35	159
35	167
35	172
35	177
35	181
35	184
35	188
35	191
35	193
35	197
35	199
35	202
35	204
35	207
35	209
35	212
35	214
35	216
35	219
35	221
35	224
35	226
35	229
35	231
35	234
35	237
35	239
35	243
35	245
35	249
35	252
35	256
35	259
35	264
35	267
35	272
35	277
35	282
35	288
35	295
35	303
35	313
36	160
36	169
36	175
36	181
36	186
36	191
36	194
36	199
36	202
36	205
36	209
36	211
36	214
36	217
36	220
36	223
36	226
36	229
36	232
36	235
36	238
36	241
36	245
36	248
36	252
36	256
36	260
36	265
36	269
36	275
36	280
36	287
36	294
36	303
36	314
37	170
37	180
37	188
37	195
37	201
37	206
37	211
37	215
37	220
37	223
37	228
37	231
37	236
37	239
37	244
37	248
37	253
37	258
37	263
37	269
37	275
37	282
37	290
37	299
38	197
38	207
38	214
38	220
38	225
38	230
38	235
38	240
38	245
38	250
38	256
38	262
38	268
38	275
38	283
38	292
38	304
39	206
39	215
39	222
39	228
39	234
39	240
39	246
39	252
39	258
39	265
39	272
39	280
39	289
39	300
40	212
40	221
40	229
40	235
40	241
40	247
40	253
40	259
40	266
40	273
40	281
40	290
40	301
41	219
41	228
41	235
41	242
41	249
41	256
41	263
41	270
41	278
41	287
41	297
42	221
42	230
42	238
42	244
42	250
42	256
42	262
42	268
42	275
42	282
42	290
42	299
42	310
43	228
43	237
43	244
43	251
43	258
43	265
43	272
43	280
43	288
43	297
43	308
44	237
44	246
44	254
44	262
44	270
44	278
44	286
44	295
44	306
45	238
45	247
45	255
45	262
45	269
45	276
45	284
45	292
45	301
45	311
46	239
46	249
46	257
46	264
46	271
46	278
46	285
46	293
46	301
46	310
46	320
47	242
47	252
47	260
47	267
47	274
47	281
47	288
47	296
47	304
47	313
47	323
48	249
48	259
48	267
48	275
48	283
48	291
48	299
48	308
48	318
48	329
49	256
49	265
49	273
49	281
49	289
49	297
49	305
49	314
49	323
49	334
50	258
50	268
50	276
50	283
50	290
50	297
50	304
50	311
50	318
50	326
50	335
50	345
51	261
51	271
51	279
51	286
51	293
51	300
51	307
51	314
51	321
51	329
51	337
51	346
51	357
52	277
52	287
52	296
52	304
52	312
52	319
52	327
52	335
52	343
52	352
52	363
53	287
53	297
53	305
53	313
53	320
53	327
53	334
53	342
53	350
53	359
53	369
54	289
54	299
54	308
54	316
54	323
54	330
54	337
54	345
54	353
54	362
54	372
55	300
55	311
55	320
55	329
55	338
55	347
55	356
55	367
56	327
56	338
56	349
56	362
57	342
64	221
64	232
64	242
64	252
64	262
64	272
64	282
64	292
64	302
64	312
64	322
64	332
64	343
65	206
65	217
65	227
65	236
65	244
65	252
65	259
65	266
65	273
65	280
65	287
65	294
65	301
65	308
65	315
65	322
65	329
65	336
65	343
65	350
65	358
65	367
65	379
66	202
66	213
66	222
66	230
66	236
66	242
66	247
66	252
66	256
66	261
66	265
66	269
66	273
66	277
66	281
66	285
66	289
66	293
66	297
66	301
66	305
66	309
66	313
66	317
66	321
66	325
66	329
66	333
66	337
66	342
66	346
66	351
66	356
66	362
66	368
66	376
66	385
67	197
67	207
67	216
67	223
67	229
67	233
67	238
67	242
67	245
67	249
67	252
67	254
67	258
67	261
67	263
67	266
67	269
67	271
67	273
67	276
67	278
67	281
67	283
67	285
67	288
67	290
67	292
67	295
67	297
67	299
67	302
67	304
67	306
67	309
67	311
67	313
67	316
67	318
67	320
67	323
67	326
67	328
67	331
67	334
67	337
67	339
67	343
67	346
67	349
67	354
67	357
67	362
67	367
67	372
67	378
67	385
67	393
67	404
68	173
68	183
68	191
68	198
68	204
68	210
68	215
68	220
68	225
68	230
68	234
68	238
68	242
68	244
68	248
68	251
68	253
68	256
68	259
68	261
68	263
68	266
68	268
68	271
68	272
68	275
68	277
68	279
68	281
68	283
68	285
68	287
68	289
68	291
68	293
68	295
68	297
68	299
68	301
68	303
68	305
68	307
68	309
68	311
68	313
68	315
68	317
68	319
68	321
68	324
68	326
68	328
68	330
68	333
68	335
68	338
68	340
68	344
68	346
68	349
68	353
68	356
68	359
68	364
68	367
68	372
68	377
68	383
68	389
68	397
68	407
69	169
69	178
69	184
69	190
69	194
69	199
69	202
69	206
69	210
69	213
69	216
69	220
69	222
69	226
69	229
69	232
69	235
69	238
69	241
69	245
69	247
69	251
69	254
69	257
69	261
69	264
69	267
69	271
69	274
69	278
69	281
69	285
69	288
69	292
69	295
69	299
69	302
69	305
69	309
69	311
69	315
69	318
69	321
69	325
69	328
69	332
69	335
69	339
69	343
69	347
69	351
69	356
69	360
69	366
69	371
69	377
69	385
69	394
69	405
70	170
70	180
70	187
70	192
70	197
70	202
70	205
70	210
70	212
70	216
70	219
70	222
70	224
70	228
70	230
70	233
70	235
70	238
70	241
70	243
70	246
70	249
70	251
70	254
70	257
70	259
70	262
70	265
70	268
70	271
70	274
70	277
70	280
70	283
70	286
70	289
70	292
70	295
70	298
70	301
70	305
70	307
70	311
70	314
70	318
70	321
70	325
70	328
70	332
70	336
70	339
70	344
70	347
70	352
70	356
70	361
70	366
70	372
70	378
70	386
70	395
71	168
71	178
71	186
71	193
71	200
71	206
71	211
71	216
71	221
71	226
71	231
71	235
71	240
71	244
71	249
71	253
71	257
71	261
71	265
71	269
71	273
71	277
71	281
71	285
71	289
71	293
71	297
71	302
71	306
71	310
71	315
71	319
71	323
71	328
71	332
71	337
71	342
71	347
71	352
71	358
71	364
71	371
71	379
71	389
72	163
72	172
72	179
72	184
72	190
72	194
72	199
72	203
72	208
72	212
72	216
72	221
72	225
72	229
72	234
72	238
72	243
72	248
72	253
72	258
72	264
72	270
72	276
72	283
72	290
72	297
72	303
72	309
72	315
72	321
72	327
72	333
72	339
72	346
72	354
72	362
72	372
73	169
73	178
73	184
73	190
73	194
73	199
73	202
73	206
73	210
73	213
73	217
73	220
73	224
73	227
73	231
73	234
73	237
73	241
73	244
73	248
73	251
73	255
73	258
73	262
73	266
73	269
73	274
73	277
73	282
73	286
73	290
73	295
73	299
73	304
73	308
73	313
73	318
73	323
73	329
73	335
73	341
73	348
73	355
73	363
73	372
73	382
74	197
74	206
74	214
74	221
74	227
74	233
74	239
74	244
74	249
74	254
74	259
74	264
74	269
74	274
74	279
74	284
74	289
74	294
74	299
74	305
74	311
74	317
74	324
74	331
74	338
74	345
74	352
74	359
74	366
74	373
74	381
74	390
74	401
75	329
75	339
75	348
75	356
75	364
75	372
75	380
75	389
75	399
76	188
76	199
76	209
76	218
76	227
76	236
76	245
76	255
76	265
76	276
76	288
76	300
76	311
76	322
76	332
76	342
76	352
76	363
77	221
77	233
77	244
77	255
77	267
77	280
-1	-1
