-1	-1
10	187
10	198
10	208
10	218
10	227
10	236
10	245
10	254
10	263
10	273
10	283
10	294
11	170
11	181
11	190
11	199
11	207
11	214
11	221
11	228
11	234
11	240
11	246
11	252
11	258
11	264
11	270
11	277
11	284
11	291
11	299
11	307
11	316
11	326
11	337
12	170
12	180
12	189
12	197
12	205
12	212
12	219
12	226
12	233
12	239
12	246
12	252
12	259
12	265
12	271
12	277
12	283
12	289
12	295
12	302
12	309
12	316
12	323
12	331
12	339
12	348
12	358
12	369
13	171
13	182
13	191
13	200
13	208
13	216
13	224
13	232
13	240
13	248
13	256
13	264
13	272
13	280
13	287
13	294
13	301
13	307
13	313
13	319
13	326
13	332
13	339
13	346
13	353
13	361
13	370
13	380
13	391
14	166
14	176
14	185
14	193
14	201
14	209
14	217
14	225
14	233
14	241
14	249
14	257
14	266
14	275
14	283
14	291
14	299
14	306
14	313
14	320
14	327
14	334
14	341
14	348
14	355
14	362
14	370
14	378
14	387
14	397
14	408
15	158
15	168
15	176
15	183
15	190
15	196
15	202
15	208
15	214
15	220
15	226
15	232
15	238
15	245
15	252
15	259
15	266
15	274
15	282
15	291
15	300
15	309
15	318
15	327
15	336
15	345
15	354
15	364
15	374
15	384
15	395
15	407
16	152
16	161
16	168
16	173
16	179
16	183
16	188
16	192
16	197
16	201
16	205
16	209
16	213
16	217
16	221
16	225
16	229
16	234
16	238
16	243
16	247
16	252
16	257
16	262
16	267
16	273
16	279
16	285
16	291
16	298
16	305
16	312
16	320
16	328
16	337
16	346
16	355
16	365
16	375
16	385
16	396
17	151
17	160
17	166
17	172
17	176
17	181
17	184
17	188
17	192
17	194
17	198
17	201
17	204
17	207
17	210
17	213
17	216
17	219
17	222
17	225
17	228
17	231
17	234
17	237
17	240
17	243
17	246
17	249
17	252
17	256
17	258
17	262
17	265
17	269
17	272
17	276
17	280
17	284
17	288
17	292
17	297
17	301
17	306
17	311
17	316
17	321
17	327
17	333
17	339
17	345
17	351
17	358
17	365
17	372
17	379
17	387
17	395
17	404
17	413
17	423
17	435
18	157
18	165
18	172
18	177
18	182
18	185
18	190
18	192
18	196
18	199
18	202
18	205
18	208
18	211
18	213
18	216
18	219
18	221
18	224
18	226
18	229
18	231
18	234
18	236
18	239
18	241
18	244
18	246
18	249
18	251
18	254
18	256
18	259
18	261
18	264
18	266
18	269
18	272
18	274
18	277
18	280
18	283
18	286
18	289
18	292
18	295
18	298
18	302
18	305
18	308
18	312
18	315
18	319
18	323
18	326
18	330
18	334
18	338
18	342
18	346
18	350
18	355
18	359
18	364
18	368
18	373
18	378
18	383
18	388
18	393
18	398
18	404
18	410
18	416
18	422
18	429
18	436
18	444
18	453
18	463
19	160
19	170
19	178
19	184
19	190
19	194
19	199
19	203
19	207
19	211
19	214
19	218
19	221
19	224
19	227
19	231
19	233
19	236
19	239
19	242
19	244
19	247
19	250
19	252
19	255
19	258
19	260
19	263
19	266
19	268
19	271
19	274
19	276
19	279
19	282
19	285
19	288
19	290
19	294
19	296
19	299
19	302
19	305
19	308
19	311
19	314
19	317
19	320
19	323
19	326
19	329
19	332
19	335
19	338
19	341
19	345
19	348
19	351
19	355
19	358
19	361
19	365
19	368
19	372
19	375
19	379
19	382
19	386
19	389
19	393
19	397
19	401
19	405
19	409
19	413
19	418
19	422
19	427
19	432
19	437
19	443
19	449
19	456
19	463
19	471
19	481
20	153
20	162
20	169
20	174
20	180
20	184
20	189
20	193
20	198
20	202
20	206
20	210
20	214
20	218
20	222
20	226
20	230
20	234
20	238
20	242
20	246
20	250
20	254
20	258
20	262
20	266
20	270
20	274
20	278
20	282
20	286
20	290
20	294
20	298
20	302
20	305
20	309
20	313
20	316
20	320
20	323
20	327
20	330
20	334
20	338
20	341
20	345
20	349
20	352
20	356
20	359
20	363
20	367
20	370
20	374
20	378
20	382
20	386
20	390
20	394
20	398
20	403
20	407
20	412
20	417
20	422
20	427
20	433
20	439
20	446
20	453
20	461
20	470
21	151
21	160
21	166
21	172
21	176
21	181
21	184
21	189
21	192
21	196
21	200
21	203
21	207
21	210
21	214
21	217
21	221
21	225
21	229
21	233
21	237
21	241
21	246
21	250
21	255
21	260
21	265
21	271
21	277
21	283
21	289
21	296
21	303
21	310
21	317
21	325
21	333
21	341
21	349
21	357
21	366
21	375
21	384
21	394
21	404
21	415
22	157
22	165
22	171
22	176
22	181
22	185
22	189
22	193
22	196
22	200
22	203
22	207
22	210
22	213
22	217
22	220
22	223
22	227
22	230
22	234
22	237
22	241
22	245
22	249
22	254
22	258
22	263
22	268
22	274
22	280
22	287
22	294
22	302
22	310
22	319
22	329
22	340
23	166
23	174
23	181
23	187
23	192
23	196
23	201
23	204
23	208
23	211
23	215
23	218
23	222
23	225
23	228
23	232
23	235
23	239
23	243
23	247
23	251
23	255
23	259
23	264
23	269
23	275
23	281
23	288
23	295
23	303
23	312
23	322
24	178
24	188
24	196
24	202
24	208
24	213
24	218
24	222
24	227
24	231
24	236
24	240
24	245
24	249
24	254
24	259
24	264
24	270
24	276
24	283
24	290
24	298
24	307
24	317
25	191
25	201
25	210
25	217
25	223
25	229
25	234
25	239
25	244
25	249
25	254
25	259
25	265
25	271
25	277
25	284
25	291
25	299
25	308
25	318
25	329
26	201
26	211
26	220
26	227
26	233
26	239
26	244
26	249
26	254
26	259
26	264
26	269
26	275
26	280
26	286
26	292
26	299
26	306
26	314
26	323
26	333
26	345
27	210
27	220
27	229
27	236
27	242
27	247
27	252
27	257
27	262
27	267
27	272
27	277
27	282
27	287
27	293
27	298
27	304
27	310
27	317
27	325
27	333
27	342
27	352
27	365
28	219
28	230
28	239
28	246
28	252
28	258
28	263
28	268
28	273
28	278
28	283
28	288
28	293
28	298
28	303
28	308
28	314
28	320
28	326
28	333
28	340
28	348
28	356
28	365
28	375
28	386
29	212
29	223
29	233
29	242
29	250
29	256
29	262
29	267
29	272
29	276
29	281
29	285
29	289
29	293
29	297
29	301
29	305
29	309
29	314
29	318
29	323
29	328
29	333
29	338
29	344
29	349
29	355
29	361
29	368
29	375
29	382
29	390
29	399
29	408
29	418
30	199
30	210
30	219
30	228
30	236
30	243
30	250
30	256
30	262
30	267
30	272
30	276
30	281
30	284
30	289
30	292
30	296
30	300
30	303
30	307
30	311
30	315
30	318
30	323
30	326
30	331
30	335
30	339
30	343
30	348
30	352
30	357
30	361
30	366
30	371
30	376
30	381
30	386
30	392
30	398
30	404
30	411
30	418
30	426
30	434
30	443
30	453
31	179
31	189
31	198
31	206
31	213
31	219
31	225
31	231
31	236
31	241
31	246
31	251
31	255
31	260
31	264
31	268
31	272
31	276
31	280
31	283
31	287
31	290
31	293
31	297
31	300
31	303
31	307
31	310
31	313
31	316
31	320
31	323
31	326
31	330
31	333
31	336
31	340
31	343
31	346
31	350
31	353
31	356
31	360
31	363
31	366
31	370
31	373
31	377
31	380
31	384
31	388
31	392
31	396
31	400
31	405
31	409
31	414
31	419
31	425
31	430
31	436
31	443
31	450
31	458
31	467
32	168
32	177
32	184
32	191
32	196
32	202
32	206
32	211
32	214
32	219
32	222
32	226
32	229
32	233
32	236
32	239
32	242
32	245
32	248
32	251
32	253
32	256
32	259
32	261
32	264
32	267
32	269
32	272
32	275
32	277
32	280
32	283
32	285
32	288
32	291
32	293
32	296
32	299
32	301
32	304
32	307
32	309
32	312
32	315
32	317
32	320
32	323
32	326
32	328
32	331
32	334
32	336
32	339
32	342
32	344
32	347
32	350
32	352
32	355
32	358
32	360
32	364
32	366
32	369
32	372
32	375
32	378
32	381
32	384
32	387
32	391
32	394
32	398
32	402
32	406
32	410
32	415
32	419
32	425
32	430
32	436
32	443
32	450
32	458
32	468
33	160
33	169
33	175
33	181
33	184
33	189
33	192
33	196
33	199
33	202
33	205
33	208
33	211
33	213
33	216
33	219
33	221
33	224
33	226
33	229
33	231
33	233
33	236
33	238
33	240
33	242
33	244
33	246
33	248
33	250
33	252
33	254
33	256
33	258
33	260
33	261
33	263
33	265
33	267
33	269
33	270
33	272
33	274
33	276
33	277
33	279
33	281
33	283
33	285
33	286
33	288
33	290
33	292
33	294
33	296
33	297
33	300
33	301
33	303
33	305
33	307
33	309
33	311
33	313
33	315
33	317
33	319
33	321
33	324
33	325
33	328
33	330
33	332
33	335
33	337
33	339
33	342
33	344
33	347
33	349
33	352
33	355
33	357
33	360
33	363
33	366
33	369
33	372
33	376
33	378
33	383
33	386
33	390
33	394
33	398
33	403
33	408
33	413
33	419
33	425
33	432
33	440
33	449
33	460
34	159
34	168
34	174
34	180
34	183
34	188
34	191
34	193
34	197
34	200
34	202
34	205
34	208
34	210
34	213
34	215
34	218
34	220
34	222
34	225
34	227
34	229
34	232
34	234
34	236
34	239
34	241
34	243
34	245
34	248
34	249
34	252
34	254
34	256
34	258
34	260
34	262
34	264
34	266
34	268
34	270
34	272
34	274
34	276
34	278
34	280
34	282
34	284
34	286
34	288
34	290
34	293
34	294
34	297
34	299
34	301
34	304
34	306
34	308
34	311
34	313
34	316
34	318
34	321
34	324
34	326
34	329
34	332
34	335
34	338
34	342
34	345
34	349
34	353
34	357
34	361
34	366
34	370
34	375
34	380
34	386
34	392
34	398
34	405
34	413
34	422
34	433
35	167
35	176
35	183
35	189
35	194
35	199
35	203
35	207
35	211
35	215
35	219
35	222
35	226
35	229
35	232
35	235
35	238
35	241
35	244
35	247
35	250
35	252
35	255
35	258
35	261
35	263
35	266
35	268
35	271
35	273
35	276
35	278
35	281
35	283
35	285
35	288
35	290
35	292
35	295
35	297
35	299
35	302
35	305
35	307
35	310
35	313
35	316
35	318
35	322
35	325
35	328
35	332
35	335
35	339
35	343
35	347
35	352
35	357
35	362
35	368
35	374
35	381
35	389
35	398
35	408
36	171
36	181
36	189
36	196
36	202
36	208
36	214
36	219
36	224
36	229
36	234
36	239
36	244
36	249
36	253
36	258
36	262
36	267
36	271
36	275
36	279
36	283
36	287
36	291
36	295
36	299
36	303
36	307
36	311
36	315
36	319
36	324
36	328
36	333
36	338
36	343
36	349
36	355
36	362
36	369
36	377
36	386
36	397
37	196
37	206
37	215
37	224
37	232
37	240
37	248
37	255
37	261
37	267
37	273
37	278
37	283
37	288
37	292
37	297
37	301
37	306
37	310
37	315
37	319
37	324
37	329
37	334
37	339
37	345
37	351
37	357
37	364
37	371
37	379
37	388
37	399
38	222
38	234
38	245
38	255
38	265
38	274
38	282
38	290
38	297
38	304
38	311
38	318
38	325
38	333
38	341
38	349
38	358
38	367
38	377
39	246
39	258
39	269
39	280
39	290
39	299
39	308
39	316
39	324
39	332
39	340
39	348
39	357
39	367
39	378
40	271
40	283
40	293
40	302
40	310
40	317
40	324
40	331
40	338
40	345
40	353
40	361
40	370
40	379
40	390
41	278
41	289
41	298
41	305
41	312
41	318
41	324
41	330
41	336
41	342
41	348
41	354
41	361
41	368
41	376
41	384
41	393
41	404
42	298
42	308
42	316
42	323
42	330
42	336
42	342
42	348
42	355
42	362
42	369
42	376
42	384
42	393
42	403
42	415
43	300
43	310
43	318
43	324
43	330
43	336
43	342
43	347
43	353
43	359
43	365
43	372
43	379
43	387
43	396
43	406
44	309
44	319
44	327
44	334
44	341
44	348
44	355
44	362
44	369
44	376
44	384
44	393
44	403
44	415
45	318
45	328
45	336
45	343
45	350
45	357
45	364
45	371
45	378
45	386
45	394
45	403
45	413
45	425
46	322
46	332
46	340
46	348
46	355
46	361
46	367
46	374
46	380
46	387
46	394
46	402
46	410
46	419
46	429
47	328
47	338
47	345
47	352
47	358
47	363
47	369
47	374
47	379
47	385
47	390
47	396
47	402
47	409
47	416
47	424
47	433
47	443
48	319
48	329
48	338
48	345
48	351
48	357
48	362
48	367
48	372
48	377
48	382
48	387
48	392
48	397
48	402
48	407
48	413
48	419
48	426
48	433
48	441
48	450
48	460
49	340
49	350
49	359
49	366
49	372
49	378
49	383
49	388
49	393
49	398
49	403
49	408
49	414
49	419
49	425
49	431
49	438
49	445
49	453
49	462
49	472
49	484
50	348
50	358
50	365
50	372
50	377
50	383
50	388
50	393
50	398
50	403
50	408
50	413
50	418
50	424
50	429
50	435
50	441
50	448
50	455
50	463
50	472
50	482
50	495
51	358
51	369
51	379
51	387
51	394
51	401
51	407
51	413
51	419
51	425
51	432
51	438
51	445
51	451
51	458
51	465
51	473
51	482
51	492
52	376
52	386
52	395
52	403
52	410
52	417
52	424
52	431
52	437
52	443
52	448
52	454
52	459
52	465
52	471
52	477
52	484
52	492
52	501
52	513
53	360
53	372
53	383
53	393
53	402
53	411
53	419
53	427
53	433
53	439
53	444
53	449
53	454
53	458
53	463
53	468
53	473
53	478
53	484
53	490
53	497
53	505
53	515
54	359
54	371
54	382
54	393
54	404
54	414
54	423
54	431
54	437
54	443
54	449
54	455
54	461
54	467
54	474
54	481
54	489
54	499
55	369
55	380
55	391
55	402
55	412
55	422
55	431
55	440
55	450
55	461
56	367
56	379
56	390
56	401
56	413
63	228
63	239
63	250
63	260
63	270
63	280
63	290
63	300
63	309
63	318
63	327
63	336
63	345
63	354
63	363
63	372
63	382
63	392
63	403
64	222
64	233
64	243
64	252
64	261
64	269
64	277
64	285
64	293
64	301
64	309
64	316
64	324
64	332
64	340
64	348
64	356
64	364
64	373
64	382
64	392
64	402
64	413
64	424
65	296
65	308
65	319
65	330
65	341
65	352
65	363
65	374
65	385
65	396
65	406
65	416
65	426
65	436
65	446
65	457
66	288
66	299
66	309
66	318
66	327
66	335
66	343
66	351
66	359
66	367
66	374
66	381
66	388
66	395
66	402
66	409
66	416
66	423
66	430
66	437
66	444
66	451
66	458
66	465
66	473
66	482
66	492
67	202
67	213
67	223
67	233
67	243
67	252
67	261
67	269
67	277
67	284
67	291
67	298
67	304
67	310
67	315
67	321
67	326
67	331
67	336
67	341
67	346
67	351
67	355
67	360
67	365
67	370
67	375
67	380
67	385
67	390
67	396
67	401
67	407
67	412
67	418
67	423
67	428
67	433
67	438
67	442
67	447
67	451
67	455
67	460
67	464
67	469
67	474
67	479
67	485
67	491
67	497
67	505
67	514
67	525
68	190
68	201
68	211
68	221
68	230
68	239
68	248
68	256
68	264
68	272
68	279
68	286
68	293
68	299
68	305
68	311
68	317
68	322
68	328
68	333
68	338
68	343
68	348
68	354
68	359
68	365
68	371
68	377
68	383
68	389
68	395
68	401
68	406
68	411
68	416
68	420
68	424
68	428
68	432
68	435
68	439
68	442
68	445
68	448
68	451
68	454
68	457
68	460
68	463
68	466
68	469
68	473
68	476
68	479
68	483
68	487
68	491
68	496
68	500
68	506
68	512
68	519
68	527
68	537
69	178
69	188
69	196
69	204
69	211
69	218
69	224
69	231
69	237
69	243
69	249
69	255
69	261
69	267
69	273
69	279
69	285
69	291
69	297
69	303
69	309
69	315
69	321
69	327
69	333
69	339
69	345
69	351
69	357
69	363
69	369
69	375
69	380
69	385
69	390
69	394
69	399
69	402
69	406
69	410
69	413
69	416
69	420
69	422
69	425
69	428
69	431
69	433
69	436
69	439
69	441
69	444
69	447
69	449
69	452
69	455
69	458
69	460
69	464
69	467
69	470
69	474
69	477
69	481
69	485
69	489
69	494
69	499
69	505
69	511
69	519
69	528
70	169
70	178
70	184
70	190
70	195
70	200
70	204
70	208
70	212
70	216
70	220
70	223
70	227
70	230
70	234
70	237
70	241
70	244
70	248
70	251
70	254
70	258
70	261
70	264
70	268
70	271
70	274
70	278
70	281
70	284
70	288
70	291
70	295
70	298
70	302
70	305
70	309
70	312
70	316
70	319
70	323
70	326
70	330
70	333
70	337
70	340
70	343
70	347
70	350
70	353
70	357
70	360
70	363
70	366
70	369
70	372
70	375
70	378
70	381
70	383
70	387
70	389
70	392
70	394
70	397
70	400
70	402
70	404
70	407
70	409
70	411
70	414
70	416
70	418
70	421
70	423
70	425
70	428
70	430
70	433
70	435
70	438
70	441
70	444
70	447
70	450
70	454
70	457
70	461
70	465
70	469
70	474
70	479
70	485
70	492
70	500
70	510
71	167
71	174
71	180
71	183
71	188
71	192
71	194
71	198
71	201
71	203
71	206
71	209
71	211
71	213
71	216
71	218
71	221
71	222
71	225
71	227
71	229
71	231
71	233
71	235
71	237
71	239
71	241
71	243
71	245
71	247
71	249
71	251
71	253
71	255
71	257
71	259
71	261
71	263
71	265
71	267
71	269
71	271
71	273
71	274
71	277
71	278
71	280
71	282
71	284
71	286
71	288
71	290
71	291
71	294
71	295
71	297
71	299
71	301
71	303
71	305
71	307
71	308
71	311
71	312
71	314
71	316
71	318
71	320
71	322
71	324
71	326
71	328
71	330
71	332
71	333
71	336
71	337
71	339
71	341
71	343
71	345
71	347
71	348
71	351
71	352
71	354
71	356
71	358
71	360
71	361
71	363
71	365
71	367
71	369
71	370
71	372
71	374
71	376
71	377
71	379
71	381
71	383
71	384
71	386
71	388
71	390
71	391
71	393
71	395
71	397
71	398
71	400
71	402
71	404
71	406
71	408
71	409
71	412
71	414
71	416
71	418
71	420
71	423
71	425
71	428
71	430
71	434
71	436
71	439
71	443
71	446
71	449
71	454
71	457
71	462
71	466
71	471
71	477
71	483
71	490
71	499
72	167
72	174
72	181
72	185
72	190
72	193
72	197
72	201
72	203
72	206
72	209
72	212
72	213
72	217
72	219
72	221
72	223
72	226
72	228
72	230
72	232
72	234
72	236
72	238
72	240
72	242
72	243
72	246
72	247
72	249
72	251
72	253
72	254
72	256
72	258
72	260
72	261
72	263
72	265
72	266
72	268
72	270
72	271
72	273
72	275
72	276
72	278
72	280
72	281
72	283
72	284
72	286
72	288
72	289
72	291
72	292
72	294
72	296
72	297
72	299
72	300
72	302
72	304
72	305
72	307
72	308
72	310
72	312
72	313
72	315
72	316
72	318
72	320
72	321
72	323
72	324
72	326
72	328
72	329
72	331
72	332
72	334
72	336
72	337
72	339
72	340
72	342
72	344
72	345
72	347
72	348
72	350
72	352
72	353
72	355
72	357
72	358
72	360
72	362
72	363
72	365
72	367
72	368
72	370
72	372
72	374
72	375
72	377
72	379
72	381
72	383
72	384
72	387
72	388
72	390
72	393
72	395
72	396
72	399
72	401
72	404
72	406
72	408
72	411
72	414
72	417
72	419
72	423
72	426
72	429
72	433
72	437
72	441
72	445
72	449
72	454
72	458
72	464
72	469
72	475
72	481
72	488
72	496
72	506
73	172
73	183
73	192
73	201
73	209
73	216
73	223
73	229
73	235
73	241
73	246
73	251
73	256
73	261
73	266
73	270
73	275
73	279
73	284
73	288
73	292
73	297
73	301
73	305
73	309
73	313
73	317
73	322
73	326
73	331
73	335
73	340
73	345
73	350
73	355
73	361
73	367
73	373
73	380
73	387
73	395
73	403
73	412
73	420
73	428
73	436
73	443
73	450
73	455
73	461
73	466
73	471
73	476
73	482
73	488
73	494
73	501
73	509
73	518
74	182
74	193
74	204
74	215
74	227
74	399
74	409
74	418
74	425
74	432
74	438
74	443
74	448
74	453
74	457
74	461
74	465
74	469
74	473
74	477
74	481
74	485
74	489
74	494
74	499
74	505
74	511
74	518
74	526
74	536
75	173
75	183
75	191
75	199
75	206
75	213
75	219
75	225
75	231
75	237
75	243
75	250
75	256
75	263
75	270
75	277
75	284
75	291
75	298
75	305
75	312
75	320
75	328
75	336
75	344
75	352
75	359
75	366
75	373
75	380
75	387
75	394
75	400
75	406
75	412
75	418
75	423
75	429
75	434
75	440
75	445
75	451
75	456
75	462
75	467
75	473
75	479
75	485
75	492
75	500
75	509
76	181
76	191
76	200
76	208
76	215
76	222
76	228
76	234
76	240
76	246
76	252
76	258
76	264
76	270
76	276
76	282
76	288
76	294
76	300
76	307
76	313
76	320
76	327
76	334
76	341
76	348
76	355
76	362
76	369
76	376
76	383
76	390
76	397
76	405
76	413
76	422
76	432
76	444
-1	-1
