-1	-1
0	228
0	239
0	250
0	262
8	226
8	238
8	249
8	260
8	271
8	282
8	292
8	302
8	311
8	321
8	331
8	343
9	197
9	208
9	218
9	227
9	235
9	243
9	250
9	257
9	264
9	271
9	278
9	285
9	292
9	299
9	306
9	313
9	320
9	328
9	336
9	345
9	355
9	367
10	176
10	186
10	194
10	201
10	208
10	214
10	220
10	226
10	232
10	238
10	243
10	249
10	254
10	260
10	265
10	271
10	277
10	283
10	289
10	295
10	301
10	307
10	313
10	319
10	325
10	332
10	339
10	346
10	354
10	362
10	371
10	382
11	167
11	176
11	183
11	190
11	196
11	201
11	206
11	211
11	215
11	220
11	223
11	228
11	231
11	235
11	239
11	242
11	246
11	249
11	253
11	256
11	260
11	263
11	266
11	270
11	273
11	277
11	280
11	284
11	288
11	292
11	296
11	300
11	305
11	309
11	314
11	319
11	324
11	329
11	335
11	341
11	347
11	354
11	361
11	369
11	378
11	389
12	159
12	168
12	175
12	181
12	186
12	191
12	196
12	200
12	204
12	208
12	212
12	215
12	219
12	222
12	226
12	229
12	232
12	236
12	239
12	242
12	245
12	248
12	251
12	254
12	257
12	260
12	263
12	266
12	269
12	273
12	276
12	279
12	283
12	286
12	290
12	294
12	298
12	302
12	306
12	311
12	315
12	320
12	325
12	330
12	336
12	342
12	348
12	355
12	362
12	370
12	379
12	390
13	158
13	166
13	172
13	178
13	183
13	188
13	192
13	196
13	200
13	203
13	207
13	210
13	214
13	217
13	221
13	224
13	227
13	231
13	234
13	237
13	241
13	244
13	247
13	251
13	254
13	257
13	261
13	264
13	267
13	271
13	274
13	278
13	281
13	285
13	289
13	293
13	297
13	301
13	306
13	310
13	315
13	320
13	325
13	330
13	336
13	342
13	348
13	355
13	363
13	371
13	381
14	159
14	168
14	174
14	180
14	184
14	189
14	193
14	197
14	201
14	204
14	208
14	211
14	215
14	218
14	222
14	225
14	229
14	232
14	236
14	239
14	243
14	246
14	250
14	253
14	257
14	260
14	264
14	268
14	272
14	276
14	280
14	284
14	288
14	293
14	297
14	302
14	307
14	312
14	317
14	323
14	328
14	334
14	340
14	347
14	355
14	363
14	372
14	383
15	161
15	170
15	177
15	182
15	187
15	192
15	196
15	201
15	204
15	209
15	212
15	216
15	220
15	224
15	228
15	232
15	236
15	240
15	244
15	248
15	253
15	257
15	262
15	267
15	272
15	277
15	282
15	288
15	294
15	300
15	306
15	313
15	320
15	327
15	335
15	343
15	352
15	362
15	373
16	166
16	174
16	181
16	187
16	192
16	197
16	202
16	207
16	212
16	217
16	222
16	227
16	232
16	237
16	242
16	247
16	253
16	258
16	264
16	270
16	276
16	282
16	288
16	295
16	302
16	309
16	317
16	325
16	334
16	344
16	354
16	365
17	173
17	183
17	191
17	199
17	206
17	213
17	220
17	226
17	233
17	239
17	245
17	251
17	257
17	263
17	269
17	276
17	282
17	289
17	296
17	303
17	311
17	319
17	328
17	337
17	347
17	358
17	369
18	187
18	197
18	207
18	216
18	225
18	234
18	242
18	250
18	258
18	267
18	276
18	285
18	294
18	303
18	313
18	323
18	334
18	345
18	356
18	367
18	379
19	190
19	201
19	211
19	221
19	231
19	241
19	251
19	261
19	272
19	283
19	296
20	182
20	192
20	201
20	210
20	219
20	228
20	237
20	246
20	256
20	266
20	277
21	180
21	190
21	199
21	207
21	215
21	223
21	231
21	239
21	248
21	257
21	267
21	278
22	182
22	192
22	201
22	209
22	217
22	225
22	233
22	241
22	249
22	258
22	267
22	277
22	288
23	181
23	191
23	199
23	206
23	213
23	219
23	225
23	231
23	238
23	245
23	252
23	260
23	268
23	277
23	286
23	296
23	308
24	181
24	191
24	199
24	206
24	212
24	218
24	224
24	229
24	235
24	240
24	246
24	252
24	258
24	265
24	272
24	279
24	287
24	295
24	304
24	314
25	188
25	198
25	206
25	213
25	219
25	225
25	230
25	235
25	240
25	245
25	250
25	256
25	261
25	267
25	273
25	279
25	286
25	293
25	301
25	309
25	318
25	328
26	190
26	200
26	208
26	214
26	220
26	225
26	230
26	234
26	239
26	243
26	248
26	252
26	257
26	261
26	266
26	270
26	275
26	280
26	285
26	290
26	296
26	302
26	308
26	315
26	322
26	330
26	338
26	347
26	356
26	366
26	376
26	387
27	192
27	202
27	211
27	218
27	223
27	229
27	233
27	238
27	242
27	246
27	250
27	254
27	257
27	261
27	265
27	269
27	273
27	277
27	281
27	285
27	289
27	293
27	297
27	301
27	306
27	310
27	315
27	320
27	325
27	331
27	337
27	343
27	349
27	355
27	361
27	368
27	375
27	382
27	390
27	399
27	409
28	188
28	198
28	206
28	213
28	220
28	225
28	231
28	235
28	240
28	244
28	249
28	252
28	257
28	260
28	264
28	268
28	272
28	275
28	279
28	283
28	286
28	290
28	294
28	297
28	301
28	305
28	309
28	313
28	317
28	321
28	325
28	329
28	334
28	338
28	343
28	347
28	352
28	356
28	361
28	365
28	370
28	375
28	380
28	385
28	391
28	397
28	404
28	412
28	421
29	180
29	190
29	198
29	204
29	210
29	215
29	221
29	225
29	230
29	234
29	239
29	243
29	248
29	252
29	256
29	260
29	264
29	268
29	272
29	275
29	279
29	282
29	286
29	289
29	293
29	296
29	300
29	303
29	306
29	310
29	313
29	316
29	320
29	323
29	327
29	330
29	334
29	337
29	341
29	344
29	348
29	351
29	355
29	358
29	362
29	365
29	369
29	373
29	377
29	381
29	386
29	390
29	396
29	401
29	407
29	414
29	422
29	432
30	177
30	185
30	192
30	199
30	204
30	209
30	213
30	218
30	222
30	226
30	230
30	234
30	238
30	242
30	246
30	250
30	254
30	258
30	262
30	266
30	270
30	274
30	278
30	282
30	286
30	290
30	293
30	297
30	300
30	304
30	307
30	311
30	314
30	318
30	321
30	325
30	328
30	332
30	335
30	339
30	342
30	346
30	349
30	353
30	357
30	361
30	365
30	369
30	374
30	378
30	383
30	388
30	394
30	400
30	407
30	416
30	427
31	178
31	187
31	194
31	200
31	205
31	210
31	213
31	218
31	221
31	225
31	229
31	232
31	236
31	239
31	243
31	246
31	250
31	253
31	257
31	260
31	264
31	267
31	271
31	275
31	279
31	283
31	287
31	291
31	295
31	299
31	303
31	307
31	311
31	315
31	319
31	323
31	327
31	331
31	336
31	340
31	345
31	349
31	354
31	359
31	364
31	370
31	376
31	383
31	390
31	399
31	410
32	187
32	196
32	203
32	209
32	213
32	218
32	222
32	225
32	229
32	232
32	235
32	239
32	241
32	244
32	247
32	250
32	253
32	255
32	258
32	261
32	264
32	267
32	270
32	273
32	276
32	279
32	283
32	286
32	290
32	293
32	297
32	301
32	305
32	309
32	314
32	318
32	323
32	328
32	333
32	338
32	344
32	350
32	356
32	363
32	371
32	380
32	390
33	201
33	210
33	218
33	224
33	230
33	233
33	238
33	241
33	244
33	247
33	251
33	253
33	256
33	259
33	262
33	264
33	267
33	270
33	273
33	275
33	279
33	281
33	285
33	287
33	291
33	294
33	297
33	301
33	305
33	308
33	313
33	317
33	321
33	326
33	331
33	336
33	342
33	348
33	355
33	363
33	372
33	383
34	218
34	228
34	235
34	241
34	245
34	250
34	253
34	257
34	261
34	263
34	267
34	270
34	273
34	276
34	279
34	282
34	285
34	288
34	292
34	295
34	299
34	302
34	306
34	310
34	314
34	318
34	323
34	328
34	333
34	339
34	345
34	352
34	360
34	369
34	381
35	221
35	231
35	240
35	247
35	253
35	259
35	263
35	268
35	272
35	276
35	280
35	284
35	288
35	292
35	296
35	300
35	304
35	308
35	313
35	317
35	322
35	327
35	333
35	339
35	346
35	354
35	363
35	374
36	229
36	239
36	248
36	255
36	262
36	267
36	272
36	277
36	282
36	286
36	291
36	295
36	299
36	304
36	308
36	313
36	318
36	323
36	328
36	334
36	340
36	347
36	355
36	364
36	375
37	238
37	248
37	257
37	265
37	272
37	277
37	282
37	287
37	291
37	295
37	299
37	303
37	307
37	312
37	316
37	321
37	326
37	331
37	337
37	343
37	350
37	357
37	366
37	376
38	247
38	258
38	268
38	276
38	282
38	288
38	293
38	298
38	302
38	307
38	311
38	316
38	320
38	325
38	330
38	336
38	342
38	348
38	355
38	363
38	372
38	384
39	260
39	271
39	280
39	288
39	294
39	300
39	305
39	310
39	315
39	320
39	325
39	331
39	337
39	343
39	350
39	357
39	366
39	376
40	260
40	271
40	281
40	290
40	298
40	304
40	310
40	315
40	320
40	325
40	330
40	336
40	342
40	348
40	355
40	363
40	372
40	382
41	269
41	280
41	290
41	299
41	306
41	313
41	319
41	325
41	331
41	337
41	344
41	351
41	359
41	367
41	376
41	388
42	282
42	293
42	302
42	310
42	317
42	324
42	331
42	338
42	345
42	353
42	361
42	370
42	380
43	290
43	301
43	311
43	319
43	327
43	334
43	341
43	348
43	356
43	365
43	374
43	385
44	290
44	302
44	313
44	322
44	330
44	337
44	344
44	351
44	358
44	366
44	375
44	385
45	317
45	327
45	334
45	341
45	347
45	354
45	361
45	368
45	376
45	385
45	395
46	323
46	332
46	340
46	347
46	354
46	361
46	368
46	376
46	385
46	396
47	347
47	358
47	369
48	356
48	367
48	378
49	358
49	369
49	379
49	391
50	358
50	369
50	379
50	389
51	361
51	372
51	383
51	395
60	368
60	383
61	316
61	327
61	338
61	350
61	362
61	375
62	279
62	290
62	300
62	309
62	318
62	328
62	338
62	349
62	360
62	371
63	267
63	278
63	288
63	297
63	306
63	315
63	325
63	335
63	345
63	355
63	364
63	373
63	382
63	392
64	267
64	278
64	288
64	298
64	308
64	317
64	326
64	335
64	344
64	353
64	361
64	369
64	377
64	386
64	396
65	257
65	267
65	276
65	284
65	291
65	298
65	305
65	311
65	317
65	323
65	329
65	335
65	341
65	347
65	353
65	359
65	365
65	372
65	379
65	387
65	396
65	407
66	241
66	251
66	260
66	267
66	273
66	279
66	284
66	290
66	295
66	300
66	305
66	310
66	315
66	320
66	324
66	329
66	333
66	338
66	342
66	346
66	350
66	354
66	358
66	362
66	366
66	370
66	375
66	379
66	384
66	389
66	395
66	401
66	408
66	416
66	426
67	222
67	233
67	242
67	250
67	257
67	263
67	269
67	275
67	280
67	285
67	290
67	295
67	300
67	305
67	310
67	314
67	319
67	322
67	326
67	330
67	333
67	336
67	340
67	342
67	345
67	348
67	351
67	353
67	356
67	359
67	361
67	364
67	366
67	369
67	372
67	374
67	377
67	380
67	383
67	386
67	389
67	393
67	396
67	400
67	404
67	408
67	413
67	418
67	424
67	430
67	437
67	446
68	201
68	211
68	220
68	228
68	234
68	240
68	246
68	251
68	256
68	261
68	266
68	271
68	275
68	280
68	283
68	288
68	291
68	295
68	299
68	302
68	306
68	309
68	312
68	315
68	318
68	321
68	323
68	326
68	329
68	331
68	333
68	336
68	338
68	340
68	342
68	344
68	347
68	348
68	351
68	352
68	355
68	357
68	359
68	361
68	363
68	365
68	367
68	369
68	371
68	374
68	376
68	378
68	380
68	383
68	385
68	388
68	390
68	394
68	396
68	399
68	403
68	406
68	409
68	414
68	417
68	422
68	427
68	433
68	439
68	447
68	457
69	190
69	199
69	206
69	212
69	217
69	222
69	226
69	231
69	234
69	238
69	241
69	245
69	248
69	251
69	254
69	257
69	260
69	263
69	266
69	269
69	271
69	274
69	277
69	279
69	282
69	284
69	287
69	289
69	291
69	294
69	296
69	298
69	301
69	302
69	305
69	307
69	309
69	311
69	313
69	315
69	317
69	319
69	321
69	323
69	325
69	327
69	329
69	331
69	334
69	335
69	338
69	340
69	342
69	345
69	347
69	349
69	352
69	355
69	357
69	360
69	363
69	366
69	369
69	372
69	376
69	379
69	384
69	387
69	392
69	397
69	403
69	409
69	416
69	425
69	436
70	188
70	196
70	202
70	207
70	212
70	215
70	220
70	222
70	226
70	229
70	232
70	234
70	237
70	240
70	242
70	244
70	247
70	249
70	252
70	253
70	256
70	258
70	260
70	262
70	264
70	267
70	268
70	271
70	272
70	275
70	277
70	279
70	281
70	283
70	285
70	287
70	289
70	291
70	293
70	295
70	297
70	299
70	301
70	303
70	305
70	307
70	309
70	311
70	314
70	316
70	318
70	320
70	323
70	325
70	328
70	330
70	333
70	336
70	338
70	342
70	345
70	348
70	352
70	355
70	359
70	363
70	367
70	372
70	377
70	382
70	388
70	395
70	403
70	413
71	190
71	199
71	206
71	212
71	218
71	223
71	228
71	233
71	237
71	242
71	246
71	250
71	254
71	258
71	262
71	266
71	270
71	274
71	278
71	282
71	286
71	290
71	294
71	298
71	303
71	307
71	312
71	316
71	321
71	325
71	330
71	334
71	339
71	343
71	348
71	353
71	358
71	363
71	368
71	373
71	379
71	385
71	392
71	399
71	408
71	419
72	191
72	201
72	209
72	216
72	222
72	228
72	233
72	239
72	244
72	249
72	254
72	259
72	264
72	268
72	273
72	277
72	282
72	286
72	291
72	295
72	300
72	304
72	308
72	312
72	316
72	320
72	324
72	328
72	332
72	336
72	340
72	344
72	348
72	352
72	356
72	361
72	365
72	370
72	375
72	380
72	386
72	392
72	399
72	407
72	416
73	190
73	199
73	205
73	211
73	216
73	221
73	224
73	229
73	232
73	236
73	239
73	243
73	246
73	249
73	252
73	255
73	258
73	261
73	264
73	267
73	270
73	273
73	276
73	279
73	282
73	285
73	288
73	291
73	294
73	297
73	300
73	303
73	306
73	309
73	313
73	316
73	319
73	323
73	327
73	330
73	335
73	339
73	344
73	348
73	354
73	359
73	365
73	371
73	378
73	386
73	395
73	405
74	197
74	205
74	212
74	218
74	223
74	228
74	233
74	237
74	242
74	246
74	250
74	254
74	258
74	262
74	266
74	270
74	275
74	279
74	284
74	288
74	294
74	299
74	305
74	311
74	318
74	325
74	333
74	341
74	349
74	357
74	365
74	373
74	381
74	390
74	400
74	413
75	309
75	320
75	330
75	339
75	347
75	354
75	361
75	367
75	373
75	378
75	384
75	389
75	395
75	401
75	407
75	414
75	422
75	431
75	443
76	211
76	222
76	232
76	241
76	250
76	258
76	266
76	274
76	281
76	288
76	295
76	302
76	309
76	315
76	321
76	327
76	333
76	339
76	344
76	350
76	355
76	360
76	365
76	370
76	375
76	380
76	384
76	389
76	394
76	399
76	404
76	410
76	416
76	423
76	431
76	440
77	217
77	228
77	238
77	247
77	256
77	264
77	272
77	280
77	288
77	296
77	304
77	312
77	320
77	328
77	337
77	346
77	356
77	366
77	377
77	388
-1	-1
