-1	-1
6	198
6	209
6	220
6	231
6	242
6	254
6	267
7	167
7	178
7	188
7	197
7	206
7	215
7	223
7	232
7	241
7	251
7	261
7	272
7	284
8	151
8	161
8	170
8	178
8	186
8	193
8	200
8	207
8	214
8	221
8	228
8	235
8	243
8	251
8	260
8	269
8	278
8	288
8	299
9	143
9	153
9	161
9	169
9	176
9	183
9	190
9	196
9	202
9	208
9	214
9	220
9	227
9	234
9	241
9	249
9	257
9	266
9	275
9	284
9	294
9	304
9	316
10	139
10	149
10	158
10	165
10	172
10	179
10	185
10	191
10	197
10	203
10	209
10	215
10	222
10	229
10	236
10	244
10	252
10	261
10	270
10	280
10	290
10	300
10	310
10	322
11	136
11	146
11	154
11	162
11	169
11	176
11	183
11	190
11	197
11	204
11	211
11	218
11	225
11	232
11	240
11	248
11	256
11	265
11	275
11	285
11	295
11	305
11	315
11	325
11	337
12	149
12	159
12	168
12	177
12	186
12	194
12	202
12	210
12	218
12	226
12	234
12	242
12	250
12	258
12	267
12	276
12	286
12	296
12	306
12	316
12	326
12	337
13	171
13	182
13	193
13	203
13	213
13	223
13	232
13	242
13	252
13	262
13	273
13	285
13	297
13	308
13	318
13	329
13	341
14	167
14	178
14	188
14	197
14	206
14	215
14	223
14	232
14	241
14	250
14	260
14	270
14	281
14	294
14	306
14	316
14	326
14	337
15	152
15	162
15	170
15	177
15	184
15	190
15	196
15	202
15	208
15	213
15	219
15	224
15	230
15	235
15	241
15	247
15	253
15	259
15	266
15	273
15	281
15	289
15	298
15	307
15	316
15	326
15	337
16	150
16	160
16	168
16	174
16	180
16	185
16	190
16	195
16	200
16	204
16	209
16	213
16	217
16	221
16	225
16	229
16	233
16	237
16	241
16	245
16	249
16	254
16	258
16	263
16	268
16	273
16	278
16	284
16	290
16	296
16	303
16	310
16	318
16	327
16	337
17	156
17	165
17	173
17	180
17	186
17	192
17	198
17	203
17	208
17	213
17	218
17	222
17	227
17	231
17	236
17	240
17	245
17	249
17	254
17	259
17	264
17	269
17	275
17	280
17	286
17	292
17	298
17	305
17	312
17	320
17	329
17	339
18	161
18	172
18	182
18	191
18	200
18	208
18	216
18	224
18	232
18	240
18	248
18	256
18	265
18	274
18	283
18	293
18	303
18	313
18	324
19	152
19	163
19	173
19	182
19	191
19	200
19	209
19	219
19	229
19	240
20	150
20	160
20	169
20	178
20	186
20	194
20	203
20	212
20	222
20	233
20	246
21	151
21	161
21	170
21	178
21	186
21	194
21	202
21	210
21	218
21	227
21	237
21	248
22	158
22	168
22	176
22	184
22	191
22	198
22	205
22	213
22	221
22	229
22	238
22	248
22	259
23	160
23	170
23	178
23	185
23	192
23	199
23	206
23	213
23	220
23	227
23	235
23	243
23	252
23	262
23	272
23	284
24	167
24	176
24	183
24	190
24	196
24	202
24	208
24	214
24	220
24	226
24	232
24	239
24	246
24	253
24	261
24	269
24	278
24	288
24	299
25	170
25	180
25	188
25	195
25	201
25	207
25	213
25	218
25	224
25	229
25	235
25	241
25	247
25	253
25	259
25	265
25	271
25	278
25	285
25	292
25	300
25	309
25	319
26	171
26	181
26	189
26	196
26	202
26	208
26	213
26	218
26	223
26	228
26	233
26	237
26	242
26	247
26	252
26	257
26	262
26	267
26	272
26	277
26	282
26	287
26	292
26	298
26	304
26	310
26	317
26	324
26	332
26	341
26	352
27	163
27	173
27	181
27	189
27	195
27	201
27	205
27	210
27	214
27	218
27	222
27	226
27	230
27	233
27	237
27	240
27	244
27	247
27	251
27	254
27	258
27	261
27	264
27	268
27	271
27	274
27	278
27	281
27	284
27	288
27	291
27	295
27	298
27	302
27	306
27	310
27	315
27	319
27	324
27	329
27	335
27	341
27	348
27	356
27	365
27	376
28	157
28	166
28	173
28	180
28	185
28	190
28	194
28	199
28	203
28	207
28	211
28	215
28	219
28	222
28	226
28	229
28	232
28	235
28	239
28	241
28	245
28	247
28	251
28	253
28	256
28	259
28	262
28	265
28	268
28	271
28	273
28	276
28	279
28	282
28	284
28	287
28	290
28	293
28	296
28	299
28	302
28	305
28	308
28	312
28	315
28	319
28	323
28	327
28	331
28	336
28	341
28	347
28	353
28	360
28	368
28	377
29	150
29	159
29	165
29	171
29	175
29	180
29	183
29	187
29	191
29	193
29	197
29	200
29	203
29	206
29	209
29	212
29	215
29	218
29	221
29	224
29	227
29	230
29	233
29	236
29	239
29	242
29	245
29	248
29	251
29	254
29	257
29	260
29	263
29	266
29	269
29	272
29	275
29	278
29	281
29	284
29	287
29	290
29	294
29	297
29	301
29	305
29	308
29	313
29	317
29	322
29	327
29	332
29	338
29	345
29	352
29	360
29	370
30	151
30	160
30	166
30	172
30	176
30	181
30	183
30	188
30	191
30	193
30	197
30	199
30	202
30	204
30	207
30	210
30	212
30	215
30	217
30	220
30	223
30	225
30	228
30	231
30	234
30	236
30	240
30	242
30	246
30	249
30	252
30	256
30	259
30	263
30	267
30	271
30	275
30	279
30	284
30	288
30	294
30	299
30	305
30	311
30	318
30	326
30	335
30	346
31	161
31	170
31	178
31	183
31	188
31	192
31	196
31	200
31	202
31	206
31	209
31	212
31	214
31	217
31	220
31	223
31	225
31	228
31	231
31	234
31	237
31	240
31	243
31	246
31	249
31	253
31	256
31	260
31	264
31	268
31	273
31	277
31	282
31	287
31	293
31	299
31	306
31	314
31	323
31	334
32	178
32	187
32	193
32	199
32	203
32	208
32	211
32	214
32	218
32	221
32	224
32	227
32	230
32	233
32	236
32	239
32	242
32	246
32	249
32	253
32	256
32	260
32	264
32	268
32	273
32	277
32	283
32	288
32	294
32	301
32	309
32	318
32	329
33	191
33	200
33	208
33	213
33	218
33	222
33	226
33	230
33	233
33	237
33	241
33	244
33	248
33	252
33	256
33	260
33	265
33	269
33	274
33	279
33	285
33	291
33	298
33	306
33	315
33	325
34	207
34	216
34	223
34	229
34	234
34	239
34	243
34	248
34	252
34	257
34	262
34	267
34	272
34	278
34	284
34	291
34	298
34	306
34	315
34	326
35	209
35	219
35	226
35	232
35	238
35	243
35	248
35	253
35	257
35	262
35	267
35	272
35	277
35	283
35	289
35	296
35	303
35	311
35	321
36	221
36	231
36	239
36	245
36	251
36	257
36	262
36	268
36	274
36	280
36	287
36	294
36	302
36	311
36	321
37	230
37	240
37	249
37	257
37	264
37	271
37	278
37	286
37	294
37	303
37	313
37	325
38	238
38	249
38	258
38	266
38	274
38	282
38	290
38	299
38	309
38	320
39	250
39	260
39	269
39	277
39	285
39	293
39	301
39	310
39	320
40	262
40	273
40	282
40	291
40	300
40	309
40	319
41	271
41	282
41	291
41	300
41	309
41	319
42	286
42	297
42	307
42	318
43	297
43	309
44	301
44	313
45	299
45	310
45	321
45	333
46	301
46	312
46	322
46	333
47	310
47	322
47	334
65	258
65	270
65	281
65	292
65	302
65	312
65	322
65	333
65	345
66	219
66	229
66	238
66	246
66	253
66	260
66	267
66	274
66	281
66	287
66	293
66	299
66	305
66	311
66	317
66	323
66	329
66	336
66	343
66	351
66	360
67	207
67	217
67	224
67	231
67	236
67	242
67	247
67	252
67	257
67	262
67	266
67	271
67	275
67	280
67	284
67	288
67	292
67	296
67	300
67	303
67	307
67	311
67	315
67	319
67	323
67	327
67	331
67	336
67	340
67	346
67	351
67	357
67	364
67	372
67	382
68	197
68	207
68	215
68	222
68	228
68	233
68	239
68	244
68	249
68	253
68	258
68	262
68	266
68	270
68	274
68	278
68	281
68	284
68	288
68	291
68	293
68	297
68	299
68	302
68	305
68	308
68	311
68	314
68	317
68	320
68	324
68	327
68	331
68	334
68	338
68	342
68	346
68	350
68	355
68	360
68	366
68	372
68	379
68	388
69	176
69	185
69	193
69	200
69	206
69	212
69	217
69	222
69	227
69	232
69	236
69	241
69	245
69	249
69	253
69	257
69	261
69	264
69	268
69	271
69	273
69	277
69	279
69	282
69	284
69	287
69	290
69	292
69	295
69	297
69	300
69	303
69	305
69	308
69	311
69	314
69	316
69	320
69	322
69	326
69	328
69	332
69	335
69	338
69	341
69	345
69	348
69	352
69	356
69	360
69	365
69	369
69	375
69	381
69	388
69	396
69	406
70	166
70	174
70	181
70	187
70	192
70	197
70	201
70	205
70	209
70	212
70	216
70	219
70	222
70	225
70	229
70	231
70	234
70	237
70	240
70	242
70	245
70	248
70	251
70	253
70	256
70	258
70	261
70	263
70	265
70	268
70	270
70	272
70	275
70	277
70	279
70	282
70	284
70	286
70	289
70	291
70	294
70	296
70	299
70	301
70	304
70	307
70	309
70	312
70	315
70	318
70	321
70	324
70	327
70	330
70	333
70	336
70	339
70	342
70	345
70	348
70	352
70	355
70	359
70	363
70	367
70	372
70	377
70	383
70	389
70	396
70	405
71	167
71	176
71	183
71	190
71	195
71	201
71	205
71	210
71	213
71	217
71	221
71	224
71	228
71	231
71	234
71	237
71	240
71	243
71	246
71	249
71	252
71	255
71	258
71	261
71	264
71	267
71	270
71	273
71	276
71	279
71	282
71	285
71	288
71	292
71	295
71	298
71	302
71	305
71	308
71	312
71	315
71	318
71	322
71	325
71	329
71	332
71	336
71	339
71	344
71	347
71	352
71	357
71	362
71	368
71	375
71	383
71	392
72	169
72	179
72	187
72	194
72	201
72	207
72	213
72	219
72	224
72	230
72	235
72	240
72	245
72	250
72	255
72	260
72	265
72	270
72	275
72	280
72	284
72	289
72	293
72	297
72	301
72	305
72	309
72	313
72	317
72	322
72	326
72	331
72	336
72	341
72	347
72	354
72	361
72	370
73	168
73	177
73	183
73	189
73	194
73	199
73	203
73	208
73	212
73	216
73	220
73	224
73	228
73	232
73	236
73	240
73	243
73	247
73	251
73	254
73	258
73	262
73	265
73	269
73	272
73	276
73	279
73	283
73	287
73	290
73	294
73	298
73	302
73	306
73	310
73	315
73	319
73	324
73	329
73	335
73	340
73	346
73	353
73	360
73	369
73	380
74	169
74	178
74	184
74	190
74	194
74	199
74	203
74	207
74	211
74	214
74	218
74	222
74	225
74	229
74	232
74	236
74	239
74	243
74	246
74	250
74	253
74	257
74	260
74	264
74	268
74	272
74	276
74	280
74	285
74	289
74	295
74	300
74	306
74	311
74	317
74	322
74	328
74	333
74	339
74	344
74	350
74	356
74	363
74	370
74	378
74	388
75	211
75	223
75	235
75	288
75	299
75	308
75	315
75	322
75	328
75	333
75	338
75	343
75	348
75	353
75	358
75	364
75	370
75	377
75	385
75	394
76	259
76	270
76	280
76	289
76	298
76	305
76	312
76	319
76	325
76	331
76	337
76	344
76	351
76	358
76	366
76	376
77	240
77	252
77	263
77	274
77	285
77	296
77	308
-1	-1
