-1	-1
7	191
7	202
7	212
7	222
7	232
7	242
7	252
7	262
7	272
7	282
7	292
7	303
7	314
8	177
8	188
8	198
8	207
8	216
8	225
8	233
8	241
8	249
8	257
8	265
8	273
8	281
8	289
8	297
8	305
8	314
8	323
8	333
8	345
9	159
9	169
9	178
9	186
9	193
9	200
9	206
9	212
9	218
9	223
9	229
9	234
9	240
9	245
9	251
9	256
9	262
9	268
9	273
9	279
9	285
9	291
9	297
9	303
9	309
9	316
9	323
9	330
9	338
9	346
9	355
9	366
10	152
10	162
10	170
10	177
10	183
10	188
10	193
10	197
10	201
10	205
10	209
10	212
10	216
10	219
10	223
10	226
10	230
10	233
10	237
10	240
10	244
10	247
10	251
10	254
10	258
10	261
10	265
10	268
10	272
10	276
10	280
10	284
10	288
10	292
10	296
10	300
10	305
10	309
10	314
10	318
10	323
10	328
10	333
10	338
10	344
10	350
10	357
10	364
10	372
10	381
10	391
11	152
11	162
11	170
11	177
11	183
11	189
11	193
11	198
11	202
11	206
11	210
11	213
11	217
11	220
11	224
11	227
11	231
11	234
11	237
11	241
11	244
11	247
11	251
11	253
11	257
11	260
11	263
11	266
11	270
11	272
11	276
11	279
11	282
11	285
11	288
11	291
11	294
11	297
11	300
11	303
11	306
11	309
11	313
11	316
11	319
11	323
11	326
11	330
11	334
11	338
11	342
11	346
11	351
11	356
11	361
11	366
11	372
11	378
11	385
11	392
11	400
11	409
11	419
12	148
12	158
12	167
12	175
12	182
12	188
12	193
12	199
12	203
12	208
12	212
12	216
12	220
12	223
12	227
12	231
12	234
12	238
12	241
12	245
12	248
12	252
12	255
12	259
12	262
12	266
12	269
12	272
12	276
12	279
12	282
12	285
12	289
12	291
12	295
12	298
12	301
12	304
12	307
12	310
12	314
12	317
12	320
12	324
12	327
12	331
12	334
12	338
12	341
12	345
12	349
12	353
12	357
12	361
12	366
12	370
12	375
12	380
12	385
12	391
12	397
12	403
12	410
12	418
12	427
12	439
13	150
13	160
13	169
13	177
13	185
13	192
13	199
13	206
13	212
13	218
13	223
13	229
13	234
13	239
13	244
13	249
13	254
13	259
13	264
13	269
13	274
13	279
13	283
13	288
13	292
13	297
13	301
13	305
13	310
13	314
13	318
13	323
13	327
13	332
13	336
13	341
13	345
13	350
13	354
13	359
13	364
13	369
13	374
13	379
13	384
13	389
13	395
13	401
13	407
13	414
13	422
13	431
13	444
14	171
14	182
14	192
14	201
14	210
14	219
14	228
14	237
14	246
14	255
14	263
14	271
14	279
14	287
14	295
14	303
14	311
14	319
14	327
14	335
14	342
14	349
14	356
14	363
14	371
14	379
14	387
14	395
14	404
14	414
15	167
15	177
15	186
15	194
15	202
15	210
15	218
15	226
15	234
15	242
15	250
15	258
15	266
15	275
15	284
15	294
15	305
15	316
15	328
15	341
16	157
16	167
16	175
16	182
16	189
16	195
16	201
16	207
16	213
16	218
16	224
16	229
16	235
16	240
16	246
16	251
16	257
16	263
16	269
16	276
16	283
16	290
16	298
16	306
16	314
16	323
16	332
16	342
16	353
16	365
17	161
17	171
17	180
17	188
17	195
17	202
17	209
17	215
17	221
17	227
17	233
17	239
17	245
17	251
17	257
17	263
17	270
17	277
17	284
17	291
17	298
17	306
17	314
17	322
17	330
17	338
17	347
17	356
17	366
17	376
17	387
17	398
18	181
18	192
18	202
18	212
18	222
18	232
18	242
18	252
18	263
18	274
18	286
19	182
19	194
19	205
19	216
19	227
19	240
20	169
20	180
20	191
20	202
20	213
20	224
20	237
21	159
21	170
21	180
21	190
21	199
21	208
21	218
21	228
21	239
22	161
22	172
22	182
22	191
22	200
22	209
22	218
22	228
22	239
22	251
23	161
23	171
23	180
23	188
23	196
23	204
23	212
23	220
23	229
23	238
23	248
23	258
23	270
24	162
24	172
24	181
24	189
24	197
24	204
24	211
24	218
24	226
24	234
24	242
24	251
24	260
24	270
24	280
24	293
25	170
25	180
25	188
25	195
25	202
25	209
25	215
25	222
25	228
25	235
25	242
25	249
25	256
25	264
25	272
25	281
25	290
25	300
25	312
26	172
26	182
26	190
26	198
26	204
26	210
26	216
26	222
26	228
26	234
26	239
26	245
26	251
26	257
26	263
26	269
26	275
26	282
26	289
26	296
26	304
26	312
26	321
26	331
26	343
27	169
27	179
27	187
27	194
27	200
27	206
27	212
27	217
27	222
27	227
27	232
27	237
27	242
27	246
27	251
27	255
27	260
27	265
27	269
27	274
27	279
27	284
27	289
27	294
27	300
27	306
27	312
27	319
27	326
27	334
27	342
27	351
27	361
27	374
28	163
28	172
28	180
28	186
28	192
28	197
28	202
28	207
28	211
28	216
28	220
28	224
28	228
28	232
28	236
28	240
28	243
28	247
28	250
28	254
28	257
28	261
28	264
28	268
28	271
28	275
28	278
28	282
28	285
28	289
28	292
28	296
28	300
28	304
28	308
28	312
28	317
28	321
28	326
28	331
28	336
28	341
28	347
28	353
28	359
28	366
28	373
28	381
28	390
28	400
28	410
28	422
29	158
29	167
29	173
29	179
29	183
29	188
29	192
29	196
29	200
29	203
29	207
29	211
29	214
29	218
29	221
29	224
29	228
29	231
29	233
29	237
29	239
29	242
29	245
29	248
29	251
29	253
29	256
29	259
29	261
29	264
29	267
29	269
29	272
29	275
29	277
29	280
29	283
29	285
29	288
29	291
29	293
29	296
29	299
29	301
29	305
29	307
29	310
29	313
29	316
29	319
29	322
29	326
29	329
29	333
29	336
29	340
29	344
29	347
29	351
29	355
29	359
29	364
29	368
29	373
29	378
29	384
29	390
29	396
29	403
29	411
29	419
29	428
30	156
30	164
30	171
30	176
30	181
30	185
30	189
30	192
30	196
30	199
30	202
30	205
30	208
30	211
30	213
30	217
30	219
30	222
30	225
30	227
30	230
30	233
30	235
30	238
30	241
30	243
30	246
30	249
30	251
30	254
30	257
30	259
30	262
30	265
30	267
30	270
30	273
30	275
30	278
30	280
30	283
30	285
30	288
30	290
30	293
30	295
30	298
30	300
30	303
30	305
30	308
30	310
30	313
30	316
30	318
30	321
30	324
30	327
30	329
30	333
30	335
30	338
30	341
30	344
30	347
30	350
30	354
30	357
30	360
30	364
30	367
30	371
30	375
30	379
30	384
30	388
30	394
30	399
30	405
30	412
30	420
30	429
30	440
31	160
31	170
31	178
31	184
31	190
31	193
31	198
31	201
31	204
31	208
31	211
31	213
31	217
31	219
31	222
31	224
31	227
31	229
31	232
31	234
31	236
31	239
31	241
31	243
31	246
31	248
31	250
31	253
31	255
31	257
31	260
31	262
31	265
31	267
31	270
31	272
31	275
31	277
31	280
31	283
31	285
31	288
31	291
31	294
31	297
31	299
31	303
31	305
31	309
31	312
31	315
31	318
31	322
31	325
31	329
31	332
31	336
31	339
31	343
31	347
31	351
31	355
31	359
31	364
31	368
31	374
31	379
31	385
31	392
31	399
31	407
31	417
32	177
32	187
32	194
32	201
32	205
32	210
32	213
32	218
32	221
32	224
32	228
32	231
32	233
32	236
32	239
32	241
32	244
32	246
32	249
32	251
32	254
32	256
32	259
32	261
32	264
32	266
32	269
32	271
32	274
32	277
32	279
32	282
32	285
32	288
32	291
32	294
32	297
32	300
32	304
32	307
32	311
32	315
32	319
32	323
32	328
32	332
32	337
32	342
32	347
32	353
32	359
32	366
32	374
32	383
32	394
33	189
33	199
33	206
33	212
33	218
33	222
33	227
33	231
33	235
33	239
33	242
33	246
33	249
33	252
33	255
33	258
33	261
33	264
33	267
33	270
33	273
33	276
33	279
33	282
33	286
33	288
33	292
33	296
33	299
33	304
33	307
33	312
33	316
33	321
33	326
33	332
33	338
33	345
33	353
33	362
33	373
34	201
34	211
34	220
34	228
34	234
34	240
34	245
34	250
34	254
34	258
34	262
34	266
34	270
34	273
34	277
34	281
34	285
34	289
34	293
34	297
34	301
34	306
34	310
34	315
34	320
34	326
34	332
34	338
34	345
34	353
34	362
34	374
35	221
35	231
35	240
35	247
35	253
35	258
35	262
35	267
35	271
35	274
35	278
35	282
35	285
35	289
35	292
35	296
35	299
35	304
35	307
35	312
35	316
35	321
35	326
35	331
35	337
35	343
35	350
35	358
35	367
35	378
36	237
36	247
36	255
36	262
36	267
36	272
36	276
36	281
36	284
36	289
36	292
36	296
36	300
36	304
36	308
36	312
36	317
36	321
36	326
36	331
36	337
36	343
36	350
36	358
36	367
36	379
37	261
37	271
37	279
37	286
37	292
37	298
37	303
37	309
37	314
37	320
37	326
37	332
37	339
37	346
37	354
37	363
37	374
38	273
38	283
38	291
38	298
38	304
38	310
38	316
38	322
38	328
38	335
38	342
38	349
38	357
38	366
38	377
39	279
39	289
39	297
39	303
39	309
39	314
39	319
39	324
39	330
39	336
39	342
39	348
39	355
39	363
39	372
39	382
40	289
40	299
40	307
40	314
40	320
40	326
40	332
40	338
40	344
40	351
40	358
40	366
40	375
40	385
41	298
41	308
41	316
41	323
41	329
41	335
41	341
41	347
41	354
41	361
41	368
41	376
41	386
41	398
42	311
42	321
42	330
42	338
42	346
42	354
42	362
42	371
42	381
42	394
43	321
43	332
43	342
43	352
43	362
43	373
44	352
44	364
45	349
45	360
45	371
45	382
46	351
46	362
46	373
46	385
48	377
48	388
48	399
48	413
49	382
49	393
49	404
64	281
64	293
64	305
64	317
64	329
64	341
64	353
64	365
64	377
64	389
64	400
64	411
64	422
65	258
65	269
65	279
65	288
65	296
65	304
65	312
65	320
65	327
65	334
65	341
65	349
65	357
65	365
65	373
65	382
65	391
65	399
65	407
65	415
65	423
65	432
65	442
66	237
66	247
66	255
66	262
66	269
66	275
66	281
66	286
66	291
66	295
66	300
66	304
66	309
66	313
66	317
66	321
66	325
66	329
66	333
66	337
66	341
66	345
66	349
66	354
66	358
66	363
66	367
66	372
66	377
66	382
66	387
66	393
66	399
66	405
66	412
66	419
66	427
66	436
66	446
67	208
67	219
67	229
67	238
67	245
67	252
67	258
67	263
67	268
67	272
67	276
67	280
67	283
67	287
67	290
67	293
67	296
67	299
67	302
67	304
67	308
67	310
67	313
67	315
67	318
67	321
67	323
67	326
67	328
67	331
67	333
67	336
67	338
67	341
67	343
67	346
67	348
67	351
67	354
67	356
67	359
67	362
67	365
67	368
67	371
67	374
67	377
67	380
67	384
67	387
67	391
67	395
67	399
67	403
67	407
67	412
67	417
67	422
67	428
67	435
67	442
67	451
67	463
68	187
68	197
68	205
68	212
68	219
68	225
68	231
68	237
68	242
68	247
68	252
68	257
68	262
68	267
68	271
68	276
68	280
68	284
68	288
68	292
68	295
68	299
68	302
68	305
68	308
68	311
68	314
68	317
68	320
68	322
68	325
68	328
68	330
68	333
68	336
68	338
68	341
68	344
68	346
68	349
68	352
68	355
68	357
68	360
68	363
68	366
68	369
68	372
68	375
68	378
68	381
68	385
68	387
68	391
68	394
68	397
68	401
68	404
68	408
68	411
68	415
68	419
68	423
68	427
68	432
68	437
68	443
68	449
68	456
68	465
68	476
69	172
69	181
69	189
69	195
69	201
69	205
69	210
69	214
69	218
69	222
69	225
69	229
69	232
69	235
69	239
69	241
69	245
69	248
69	251
69	254
69	257
69	260
69	263
69	266
69	269
69	273
69	276
69	279
69	283
69	286
69	290
69	293
69	297
69	301
69	305
69	309
69	313
69	317
69	321
69	325
69	329
69	334
69	338
69	342
69	347
69	351
69	355
69	360
69	363
69	368
69	371
69	375
69	379
69	382
69	386
69	389
69	392
69	395
69	399
69	401
69	405
69	408
69	411
69	415
69	418
69	422
69	426
69	430
69	435
69	439
69	445
69	450
69	457
69	465
69	474
70	170
70	179
70	185
70	191
70	195
70	200
70	203
70	207
70	211
70	213
70	217
70	220
70	222
70	225
70	228
70	230
70	233
70	235
70	238
70	240
70	242
70	245
70	247
70	249
70	252
70	253
70	256
70	258
70	260
70	263
70	265
70	267
70	269
70	272
70	274
70	276
70	279
70	281
70	284
70	286
70	288
70	291
70	294
70	296
70	299
70	301
70	304
70	307
70	309
70	313
70	315
70	318
70	321
70	324
70	327
70	330
70	333
70	336
70	339
70	342
70	345
70	348
70	351
70	354
70	357
70	360
70	363
70	366
70	369
70	372
70	375
70	378
70	381
70	384
70	387
70	390
70	393
70	396
70	399
70	402
70	406
70	409
70	413
70	417
70	421
70	426
70	430
70	436
70	441
70	448
70	456
70	465
71	177
71	186
71	194
71	201
71	207
71	213
71	218
71	223
71	228
71	233
71	237
71	242
71	246
71	250
71	254
71	258
71	262
71	266
71	270
71	274
71	278
71	282
71	286
71	290
71	294
71	298
71	303
71	307
71	312
71	316
71	321
71	325
71	330
71	334
71	339
71	343
71	348
71	352
71	356
71	360
71	364
71	368
71	373
71	377
71	382
71	386
71	391
71	396
71	402
71	408
71	415
71	422
71	430
71	439
72	176
72	185
72	193
72	200
72	206
72	212
72	217
72	222
72	227
72	232
72	236
72	241
72	245
72	250
72	254
72	259
72	263
72	268
72	272
72	277
72	282
72	287
72	292
72	297
72	302
72	307
72	312
72	317
72	322
72	328
72	333
72	339
72	344
72	350
72	355
72	361
72	366
72	372
72	377
72	383
72	389
72	395
72	401
72	407
72	414
72	421
72	429
72	438
73	171
73	180
73	187
73	192
73	197
73	201
73	205
73	209
73	212
73	216
73	219
73	222
73	225
73	229
73	231
73	235
73	237
73	241
73	243
73	246
73	249
73	252
73	255
73	258
73	261
73	264
73	267
73	270
73	273
73	276
73	279
73	282
73	285
73	288
73	291
73	294
73	297
73	300
73	303
73	306
73	309
73	312
73	315
73	318
73	321
73	325
73	328
73	331
73	335
73	338
73	341
73	345
73	348
73	352
73	355
73	359
73	362
73	366
73	369
73	373
73	377
73	380
73	384
73	388
73	392
73	396
73	401
73	406
73	411
73	416
73	422
73	428
73	435
73	443
73	453
74	177
74	185
74	192
74	198
74	203
74	208
74	212
74	217
74	221
74	225
74	229
74	233
74	237
74	241
74	244
74	248
74	252
74	255
74	259
74	262
74	266
74	269
74	273
74	276
74	280
74	283
74	287
74	290
74	294
74	297
74	301
74	304
74	307
74	311
74	314
74	317
74	321
74	324
74	327
74	331
74	334
74	338
74	341
74	345
74	348
74	352
74	355
74	359
74	363
74	367
74	371
74	375
74	379
74	384
74	389
74	394
74	400
74	406
74	413
74	420
74	428
74	437
75	408
75	419
75	430
75	442
76	208
76	219
76	229
76	239
76	249
76	258
76	267
76	276
76	286
76	296
76	306
76	316
76	326
76	336
76	346
76	356
76	366
76	376
76	385
76	394
76	402
76	410
76	417
76	424
76	431
76	438
76	446
76	455
76	465
77	216
77	227
77	238
77	248
77	258
77	268
77	278
77	288
77	298
77	308
77	318
77	328
77	338
77	348
77	358
77	368
77	378
77	388
77	398
77	408
77	418
77	428
77	439
-1	-1
