-1	-1
13	192
13	204
13	216
13	229
14	166
14	177
14	187
14	196
14	205
14	214
14	223
14	232
14	241
14	251
14	261
14	271
14	282
15	152
15	162
15	170
15	178
15	185
15	192
15	199
15	206
15	213
15	220
15	227
15	234
15	241
15	248
15	255
15	262
15	269
15	277
15	285
15	293
15	302
15	312
15	323
16	149
16	158
16	165
16	171
16	177
16	182
16	187
16	192
16	197
16	202
16	207
16	212
16	217
16	222
16	227
16	232
16	237
16	242
16	247
16	252
16	257
16	262
16	267
16	273
16	278
16	284
16	290
16	296
16	302
16	309
16	316
16	324
16	332
16	341
16	351
17	150
17	159
17	165
17	171
17	175
17	180
17	184
17	188
17	192
17	196
17	200
17	203
17	207
17	210
17	214
17	217
17	221
17	224
17	227
17	231
17	234
17	237
17	241
17	244
17	247
17	251
17	254
17	258
17	261
17	265
17	268
17	272
17	275
17	279
17	283
17	286
17	290
17	294
17	298
17	302
17	306
17	310
17	315
17	319
17	324
17	329
17	335
17	341
17	347
17	354
17	361
17	369
17	378
17	389
18	149
18	158
18	164
18	170
18	174
18	179
18	182
18	186
18	190
18	192
18	196
18	199
18	202
18	204
18	207
18	210
18	212
18	215
18	217
18	220
18	222
18	224
18	227
18	229
18	232
18	234
18	236
18	239
18	241
18	243
18	246
18	248
18	250
18	253
18	255
18	257
18	260
18	262
18	264
18	267
18	269
18	271
18	274
18	276
18	278
18	281
18	283
18	286
18	288
18	291
18	293
18	296
18	298
18	301
18	304
18	306
18	309
18	312
18	315
18	318
18	321
18	324
18	327
18	331
18	334
18	338
18	342
18	346
18	350
18	355
18	359
18	365
18	370
18	376
18	383
18	390
18	398
18	407
18	417
19	143
19	152
19	159
19	164
19	169
19	173
19	177
19	181
19	183
19	187
19	190
19	193
19	196
19	199
19	202
19	204
19	207
19	210
19	212
19	214
19	217
19	219
19	222
19	224
19	226
19	229
19	231
19	233
19	235
19	238
19	240
19	242
19	244
19	247
19	249
19	251
19	253
19	255
19	258
19	259
19	262
19	264
19	266
19	268
19	270
19	273
19	274
19	277
19	279
19	281
19	283
19	286
19	288
19	290
19	292
19	295
19	297
19	299
19	302
19	304
19	306
19	309
19	311
19	314
19	316
19	319
19	322
19	325
19	327
19	331
19	334
19	337
19	340
19	344
19	347
19	351
19	355
19	359
19	364
19	368
19	374
19	379
19	386
19	393
19	401
19	410
19	421
20	140
20	149
20	154
20	160
20	163
20	167
20	171
20	173
20	177
20	180
20	182
20	186
20	188
20	191
20	194
20	196
20	199
20	202
20	204
20	207
20	210
20	212
20	215
20	218
20	221
20	224
20	227
20	230
20	233
20	236
20	239
20	242
20	245
20	248
20	251
20	254
20	257
20	260
20	264
20	267
20	270
20	274
20	277
20	281
20	285
20	288
20	292
20	296
20	300
20	304
20	308
20	313
20	317
20	322
20	327
20	333
20	339
20	346
20	353
20	361
20	370
20	380
21	141
21	150
21	156
21	162
21	165
21	170
21	173
21	177
21	180
21	183
21	186
21	189
21	192
21	195
21	198
21	201
21	204
21	207
21	210
21	214
21	217
21	220
21	224
21	227
21	231
21	235
21	239
21	244
21	248
21	253
21	258
21	264
21	270
21	277
21	284
21	292
21	301
21	311
21	323
22	152
22	161
22	169
22	175
22	181
22	185
22	190
22	193
22	198
22	201
22	205
22	209
22	213
22	217
22	221
22	226
22	230
22	235
22	240
22	245
22	251
22	257
22	264
22	271
22	279
22	288
22	299
23	166
23	175
23	182
23	188
23	193
23	198
23	202
23	207
23	211
23	216
23	220
23	225
23	230
23	235
23	240
23	246
23	252
23	258
23	265
23	273
23	282
23	292
24	180
24	190
24	198
24	204
24	210
24	216
24	222
24	227
24	233
24	239
24	245
24	252
24	259
24	267
24	276
24	286
24	297
25	189
25	199
25	207
25	214
25	220
25	226
25	232
25	238
25	244
25	250
25	257
25	264
25	272
25	280
25	289
25	299
26	199
26	209
26	218
26	225
26	232
26	239
26	245
26	252
26	259
26	266
26	273
26	281
26	289
26	298
26	308
27	201
27	212
27	221
27	229
27	235
27	241
27	247
27	253
27	258
27	264
27	270
27	276
27	282
27	289
27	296
27	304
27	313
27	323
27	335
28	196
28	206
28	215
28	223
28	230
28	235
28	241
28	245
28	250
28	254
28	259
28	263
28	268
28	272
28	277
28	282
28	287
28	292
28	297
28	303
28	309
28	316
28	323
28	331
28	340
28	350
29	178
29	188
29	197
29	204
29	211
29	217
29	223
29	229
29	234
29	239
29	244
29	249
29	253
29	258
29	262
29	266
29	270
29	274
29	278
29	282
29	286
29	290
29	294
29	298
29	303
29	307
29	312
29	317
29	322
29	327
29	333
29	339
29	346
29	354
29	362
29	372
30	167
30	176
30	183
30	189
30	194
30	199
30	203
30	208
30	212
30	215
30	220
30	222
30	226
30	230
30	233
30	236
30	240
30	242
30	246
30	249
30	252
30	255
30	258
30	261
30	263
30	266
30	269
30	271
30	274
30	277
30	279
30	282
30	285
30	287
30	290
30	293
30	295
30	298
30	301
30	304
30	307
30	310
30	313
30	316
30	319
30	323
30	326
30	329
30	333
30	337
30	341
30	345
30	349
30	354
30	359
30	365
30	371
30	377
30	385
30	393
30	402
30	412
30	422
30	432
30	442
30	452
30	464
31	159
31	168
31	174
31	180
31	184
31	189
31	192
31	196
31	200
31	202
31	205
31	208
31	211
31	212
31	215
31	218
31	220
31	222
31	224
31	227
31	229
31	231
31	233
31	235
31	237
31	239
31	241
31	243
31	245
31	247
31	249
31	251
31	253
31	255
31	257
31	259
31	261
31	263
31	265
31	267
31	269
31	271
31	273
31	275
31	277
31	279
31	281
31	283
31	285
31	287
31	289
31	291
31	293
31	295
31	297
31	299
31	301
31	304
31	305
31	308
31	310
31	312
31	315
31	317
31	319
31	322
31	324
31	327
31	329
31	332
31	335
31	337
31	340
31	344
31	346
31	350
31	353
31	357
31	360
31	365
31	368
31	373
31	377
31	382
31	387
31	393
31	399
31	406
31	413
31	421
31	429
31	437
31	446
31	456
32	159
32	168
32	174
32	180
32	184
32	189
32	192
32	196
32	200
32	202
32	204
32	208
32	210
32	212
32	214
32	217
32	219
32	221
32	222
32	225
32	226
32	228
32	230
32	232
32	233
32	235
32	237
32	239
32	241
32	242
32	244
32	246
32	248
32	249
32	251
32	253
32	255
32	256
32	258
32	260
32	262
32	264
32	265
32	267
32	269
32	271
32	273
32	275
32	276
32	279
32	280
32	283
32	284
32	286
32	288
32	290
32	292
32	294
32	296
32	298
32	300
32	303
32	304
32	307
32	309
32	311
32	314
32	316
32	318
32	321
32	323
32	326
32	328
32	331
32	334
32	336
32	339
32	342
32	345
32	348
32	352
32	355
32	359
32	363
32	367
32	371
32	376
32	380
32	385
32	390
32	396
32	402
32	408
32	415
32	422
32	430
32	438
32	447
32	458
33	169
33	178
33	185
33	191
33	196
33	201
33	205
33	210
33	213
33	217
33	221
33	223
33	227
33	230
33	232
33	235
33	238
33	240
33	242
33	244
33	247
33	249
33	251
33	253
33	255
33	257
33	259
33	261
33	263
33	265
33	267
33	269
33	271
33	274
33	275
33	278
33	280
33	282
33	285
33	287
33	289
33	292
33	294
33	297
33	299
33	302
33	305
33	307
33	310
33	313
33	316
33	319
33	322
33	325
33	328
33	332
33	335
33	339
33	343
33	347
33	351
33	356
33	361
33	366
33	372
33	378
33	385
33	393
33	401
33	410
33	420
34	182
34	192
34	200
34	208
34	214
34	220
34	225
34	230
34	234
34	239
34	242
34	246
34	250
34	252
34	256
34	259
34	262
34	265
34	268
34	271
34	274
34	277
34	280
34	283
34	286
34	289
34	293
34	296
34	299
34	303
34	307
34	310
34	315
34	318
34	323
34	328
34	333
34	338
34	344
34	350
34	357
34	365
34	374
34	385
35	208
35	218
35	227
35	234
35	241
35	246
35	252
35	256
35	261
35	264
35	269
35	272
35	276
35	280
35	283
35	287
35	290
35	294
35	298
35	302
35	306
35	310
35	315
35	319
35	325
35	330
35	336
35	343
35	350
35	359
35	369
36	238
36	248
36	256
36	262
36	268
36	272
36	277
36	281
36	285
36	289
36	293
36	297
36	301
36	305
36	309
36	314
36	318
36	323
36	328
36	334
36	340
36	347
36	355
36	364
36	375
37	252
37	262
37	271
37	278
37	284
37	290
37	295
37	301
37	306
37	312
37	317
37	323
37	329
37	336
37	344
37	353
37	363
38	247
38	258
38	268
38	276
38	283
38	289
38	294
38	299
38	303
38	308
38	312
38	317
38	322
38	327
38	332
38	338
38	344
38	351
38	359
38	368
38	379
39	256
39	267
39	277
39	284
39	291
39	295
39	301
39	304
39	309
39	313
39	317
39	321
39	325
39	329
39	334
39	338
39	344
39	349
39	355
39	362
39	369
39	378
39	389
40	286
40	295
40	302
40	309
40	315
40	321
40	327
40	333
40	339
40	346
40	353
40	361
40	370
40	384
41	298
41	308
41	317
41	325
41	333
41	341
41	350
41	360
42	292
42	303
42	313
42	322
42	330
42	338
42	346
42	355
42	365
42	377
43	307
43	317
43	326
43	334
43	342
43	350
43	358
43	367
43	378
44	320
44	330
44	338
44	345
44	352
44	359
44	367
44	376
44	386
45	330
45	340
45	349
45	358
45	367
45	376
45	387
46	350
46	362
46	374
47	351
47	362
47	373
48	361
48	373
49	368
49	380
49	393
53	446
53	459
54	432
54	443
54	454
54	465
54	477
63	242
63	253
63	264
63	275
63	286
63	298
64	216
64	226
64	235
64	243
64	250
64	257
64	264
64	271
64	278
64	285
64	292
64	299
64	306
64	314
64	323
64	333
64	344
65	203
65	213
65	222
65	230
65	238
65	245
65	252
65	258
65	264
65	270
65	276
65	282
65	288
65	294
65	300
65	306
65	312
65	318
65	325
65	332
65	340
65	348
65	357
65	368
66	250
66	262
66	273
66	283
66	292
66	301
66	309
66	317
66	325
66	333
66	341
66	350
66	359
66	369
66	379
66	390
66	403
66	415
66	426
66	437
66	447
66	458
67	229
67	240
67	250
67	259
67	267
67	275
67	283
67	291
67	299
67	307
67	315
67	324
67	333
67	342
67	351
67	361
67	371
67	381
67	392
67	404
67	415
67	426
67	436
67	447
68	203
68	214
68	223
68	231
68	239
68	246
68	253
68	259
68	265
68	271
68	276
68	281
68	286
68	291
68	296
68	301
68	306
68	311
68	316
68	321
68	326
68	331
68	337
68	342
68	348
68	354
68	360
68	367
68	374
68	381
68	389
68	397
68	405
68	413
68	421
68	430
68	439
68	449
69	191
69	202
69	212
69	221
69	230
69	238
69	246
69	254
69	262
69	269
69	276
69	282
69	288
69	293
69	299
69	303
69	308
69	312
69	317
69	321
69	325
69	329
69	333
69	337
69	341
69	345
69	349
69	354
69	358
69	363
69	367
69	372
69	377
69	382
69	387
69	392
69	397
69	402
69	407
69	412
69	417
69	422
69	428
69	434
69	440
69	447
69	455
69	464
69	475
70	177
70	187
70	196
70	204
70	211
70	218
70	224
70	230
70	236
70	242
70	248
70	254
70	260
70	266
70	272
70	278
70	284
70	290
70	296
70	302
70	308
70	313
70	319
70	324
70	329
70	334
70	339
70	343
70	348
70	352
70	357
70	361
70	366
70	370
70	375
70	379
70	384
70	388
70	393
70	397
70	401
70	405
70	409
70	414
70	418
70	423
70	427
70	432
70	437
70	442
70	448
70	455
70	462
70	471
70	482
71	160
71	170
71	178
71	184
71	190
71	194
71	199
71	203
71	207
71	211
71	215
71	219
71	222
71	226
71	229
71	232
71	235
71	239
71	241
71	245
71	247
71	251
71	253
71	256
71	259
71	262
71	265
71	268
71	271
71	274
71	277
71	280
71	283
71	286
71	289
71	293
71	296
71	299
71	303
71	306
71	310
71	314
71	317
71	322
71	325
71	330
71	334
71	339
71	343
71	348
71	353
71	358
71	363
71	368
71	373
71	379
71	384
71	390
71	396
71	402
71	408
71	414
71	420
71	427
71	434
71	442
71	451
71	462
72	158
72	166
72	172
72	177
72	182
72	185
72	190
72	192
72	196
72	199
72	202
72	204
72	208
72	210
72	212
72	215
72	217
72	220
72	222
72	224
72	226
72	229
72	231
72	232
72	235
72	237
72	239
72	241
72	243
72	245
72	247
72	249
72	251
72	253
72	255
72	257
72	259
72	261
72	263
72	264
72	267
72	268
72	270
72	272
72	274
72	276
72	278
72	280
72	282
72	284
72	286
72	288
72	290
72	292
72	294
72	296
72	298
72	300
72	302
72	304
72	306
72	308
72	310
72	313
72	315
72	317
72	319
72	322
72	324
72	326
72	329
72	331
72	334
72	336
72	339
72	342
72	345
72	347
72	350
72	354
72	356
72	360
72	363
72	366
72	370
72	373
72	377
72	381
72	385
72	389
72	393
72	398
72	402
72	407
72	412
72	417
72	422
72	428
72	434
72	441
72	448
72	456
72	466
73	162
73	171
73	178
73	183
73	188
73	192
73	196
73	200
73	203
73	207
73	210
73	213
73	217
73	220
73	223
73	226
73	229
73	232
73	235
73	238
73	241
73	244
73	247
73	250
73	252
73	255
73	258
73	261
73	263
73	266
73	269
73	271
73	274
73	277
73	279
73	282
73	284
73	287
73	289
73	292
73	294
73	297
73	299
73	302
73	304
73	307
73	309
73	311
73	314
73	316
73	319
73	321
73	323
73	326
73	328
73	331
73	333
73	336
73	338
73	341
73	343
73	346
73	348
73	351
73	353
73	356
73	358
73	361
73	364
73	366
73	369
73	372
73	375
73	377
73	380
73	383
73	386
73	389
73	392
73	395
73	398
73	401
73	405
73	407
73	411
73	414
73	418
73	421
73	425
73	429
73	433
73	437
73	442
73	447
73	452
73	458
73	465
73	473
73	483
74	318
74	328
74	337
74	344
74	351
74	357
74	363
74	369
74	374
74	380
74	385
74	390
74	395
74	400
74	405
74	410
74	415
74	421
74	427
74	433
74	440
74	447
74	456
74	466
75	186
75	197
75	207
75	216
75	225
75	233
75	241
75	249
75	257
75	265
75	273
75	281
75	289
75	298
75	307
75	317
75	328
76	170
76	180
76	189
76	197
76	204
76	211
76	217
76	223
76	229
76	235
76	240
76	246
76	251
76	257
76	262
76	268
76	273
76	279
76	284
76	290
76	296
76	302
76	308
76	314
76	320
76	327
76	334
76	341
76	349
76	357
76	365
76	374
76	383
76	393
76	403
76	413
76	423
76	433
76	443
76	453
76	465
77	199
77	210
77	221
77	231
77	241
77	251
77	261
77	271
77	281
77	291
77	301
77	311
77	321
77	331
77	341
77	352
77	363
77	375
77	387
77	400
77	413
77	425
77	437
-1	-1
