-1	-1
5	209
5	221
5	233
5	245
5	258
6	189
6	200
6	210
6	220
6	229
6	238
6	247
6	256
6	265
6	274
6	283
6	293
6	303
6	313
6	324
6	335
6	347
6	360
7	178
7	189
7	199
7	208
7	216
7	224
7	232
7	240
7	248
7	256
7	263
7	270
7	277
7	284
7	291
7	298
7	305
7	312
7	320
7	328
7	336
7	344
7	352
7	360
7	368
7	376
7	385
7	394
7	404
7	415
8	173
8	183
8	192
8	201
8	209
8	217
8	225
8	232
8	239
8	246
8	252
8	258
8	264
8	270
8	275
8	280
8	285
8	290
8	295
8	300
8	305
8	310
8	315
8	320
8	325
8	330
8	335
8	340
8	346
8	351
8	357
8	363
8	369
8	375
8	381
8	387
8	394
8	401
8	409
8	418
8	428
8	439
9	162
9	172
9	180
9	188
9	195
9	202
9	208
9	214
9	220
9	226
9	232
9	238
9	243
9	248
9	253
9	258
9	262
9	267
9	271
9	275
9	279
9	283
9	287
9	291
9	295
9	299
9	303
9	307
9	311
9	315
9	319
9	323
9	327
9	331
9	335
9	339
9	344
9	348
9	353
9	357
9	362
9	367
9	372
9	377
9	383
9	389
9	395
9	402
9	409
9	417
9	426
9	436
9	446
9	457
10	166
10	175
10	183
10	191
10	198
10	205
10	212
10	219
10	225
10	231
10	237
10	243
10	248
10	253
10	258
10	263
10	268
10	272
10	277
10	281
10	286
10	290
10	295
10	299
10	304
10	308
10	313
10	317
10	322
10	327
10	332
10	337
10	342
10	347
10	353
10	359
10	365
10	371
10	378
10	385
10	393
10	402
10	412
10	423
11	170
11	181
11	190
11	199
11	207
11	215
11	223
11	230
11	237
11	244
11	251
11	257
11	263
11	269
11	275
11	281
11	287
11	293
11	299
11	305
11	311
11	317
11	323
11	329
11	336
11	343
11	350
11	357
11	365
11	373
11	382
11	391
11	401
12	189
12	200
12	210
12	219
12	228
12	236
12	244
12	252
12	259
12	266
12	273
12	280
12	287
12	294
12	301
12	308
12	315
12	323
12	331
12	339
12	347
12	356
12	365
12	375
12	386
13	190
13	201
13	211
13	220
13	229
13	237
13	245
13	253
13	261
13	269
13	277
13	284
13	292
13	300
13	308
13	316
13	324
13	332
13	340
13	349
13	358
13	368
13	378
13	389
14	187
14	198
14	207
14	216
14	224
14	232
14	240
14	247
14	254
14	261
14	268
14	275
14	282
14	289
14	296
14	304
14	312
14	320
14	328
14	337
14	346
14	355
14	364
14	373
14	382
14	392
14	403
14	415
15	181
15	192
15	201
15	209
15	217
15	224
15	231
15	237
15	243
15	249
15	255
15	261
15	266
15	272
15	277
15	283
15	288
15	294
15	300
15	306
15	312
15	318
15	325
15	332
15	339
15	347
15	355
15	362
15	369
15	377
15	385
15	393
15	401
15	410
15	419
15	429
16	172
16	182
16	191
16	199
16	206
16	212
16	218
16	223
16	229
16	234
16	239
16	244
16	249
16	254
16	259
16	264
16	269
16	274
16	279
16	284
16	289
16	294
16	299
16	304
16	309
16	315
16	320
16	326
16	332
16	338
16	345
16	351
16	358
16	364
16	370
16	376
16	382
16	388
16	395
16	402
16	409
16	416
16	423
16	431
16	439
16	448
16	458
17	166
17	175
17	183
17	190
17	196
17	202
17	207
17	212
17	217
17	221
17	226
17	230
17	234
17	238
17	242
17	246
17	250
17	254
17	258
17	262
17	266
17	270
17	274
17	278
17	282
17	286
17	290
17	294
17	298
17	303
17	307
17	312
17	317
17	322
17	327
17	333
17	338
17	344
17	350
17	356
17	362
17	368
17	374
17	380
17	386
17	392
17	398
17	404
17	410
17	416
17	422
17	428
17	435
17	442
17	449
17	457
17	466
17	477
18	159
18	168
18	175
18	182
18	188
18	193
18	198
18	203
18	207
18	212
18	215
18	220
18	223
18	227
18	231
18	234
18	238
18	242
18	245
18	249
18	253
18	256
18	260
18	264
18	268
18	272
18	276
18	280
18	284
18	288
18	292
18	297
18	301
18	306
18	311
18	316
18	321
18	326
18	332
18	337
18	343
18	349
18	355
18	361
18	368
18	374
18	380
18	386
18	392
18	398
18	403
18	409
18	414
18	419
18	424
18	429
18	435
18	441
18	447
18	454
18	461
18	469
18	478
18	488
18	500
19	158
19	167
19	174
19	181
19	186
19	192
19	197
19	202
19	206
19	211
19	214
19	219
19	222
19	226
19	230
19	234
19	238
19	242
19	246
19	250
19	254
19	258
19	262
19	266
19	270
19	274
19	278
19	282
19	286
19	290
19	295
19	299
19	304
19	308
19	313
19	318
19	323
19	328
19	334
19	339
19	345
19	351
19	357
19	363
19	369
19	375
19	381
19	387
19	393
19	399
19	404
19	410
19	415
19	420
19	425
19	430
19	435
19	440
19	445
19	450
19	456
19	462
19	468
19	475
19	482
19	490
19	499
19	509
20	160
20	170
20	178
20	185
20	192
20	198
20	204
20	209
20	214
20	219
20	224
20	229
20	233
20	238
20	242
20	247
20	251
20	255
20	260
20	264
20	268
20	272
20	276
20	280
20	284
20	288
20	292
20	296
20	300
20	304
20	308
20	312
20	316
20	320
20	325
20	329
20	334
20	338
20	343
20	347
20	352
20	356
20	361
20	366
20	370
20	375
20	380
20	385
20	390
20	395
20	400
20	405
20	410
20	414
20	419
20	423
20	427
20	432
20	436
20	440
20	445
20	449
20	454
20	458
20	463
20	468
20	474
20	480
20	487
20	494
20	502
20	512
21	161
21	171
21	179
21	185
21	191
21	196
21	201
21	206
21	211
21	214
21	219
21	222
21	226
21	230
21	233
21	237
21	240
21	243
21	247
21	250
21	253
21	256
21	259
21	262
21	265
21	268
21	271
21	273
21	276
21	279
21	281
21	284
21	287
21	289
21	292
21	295
21	297
21	300
21	302
21	305
21	308
21	310
21	313
21	316
21	318
21	321
21	324
21	326
21	329
21	332
21	334
21	337
21	340
21	342
21	345
21	348
21	350
21	354
21	356
21	359
21	362
21	365
21	368
21	371
21	374
21	377
21	380
21	384
21	386
21	390
21	393
21	396
21	400
21	403
21	407
21	410
21	414
21	417
21	421
21	425
21	428
21	432
21	436
21	440
21	444
21	448
21	453
21	457
21	462
21	467
21	473
21	479
21	486
21	493
21	501
21	511
22	160
22	169
22	176
22	182
22	187
22	192
22	196
22	201
22	204
22	208
22	212
22	215
22	219
22	222
22	225
22	229
22	231
22	235
22	238
22	241
22	244
22	247
22	250
22	253
22	255
22	259
22	261
22	264
22	267
22	269
22	272
22	274
22	277
22	279
22	282
22	283
22	286
22	288
22	291
22	292
22	294
22	297
22	299
22	301
22	302
22	305
22	307
22	308
22	311
22	312
22	314
22	316
22	318
22	320
22	322
22	323
22	326
22	327
22	329
22	331
22	333
22	334
22	336
22	338
22	340
22	342
22	343
22	345
22	347
22	349
22	351
22	353
22	355
22	356
22	359
22	360
22	363
22	365
22	367
22	369
22	371
22	374
22	376
22	378
22	380
22	383
22	385
22	387
22	390
22	392
22	395
22	397
22	400
22	403
22	405
22	408
22	411
22	414
22	417
22	420
22	423
22	426
22	429
22	433
22	436
22	440
22	444
22	448
22	452
22	457
22	462
22	467
22	473
22	479
22	486
22	494
22	504
23	158
23	166
23	172
23	177
23	182
23	185
23	190
23	192
23	195
23	199
23	201
23	203
23	206
23	209
23	211
23	213
23	216
23	218
23	221
23	222
23	225
23	227
23	229
23	232
23	233
23	236
23	238
23	240
23	242
23	245
23	246
23	249
23	251
23	253
23	255
23	257
23	260
23	261
23	264
23	266
23	268
23	270
23	273
23	275
23	277
23	279
23	282
23	283
23	286
23	288
23	290
23	292
23	294
23	296
23	298
23	300
23	302
23	304
23	306
23	308
23	310
23	312
23	313
23	315
23	317
23	319
23	321
23	322
23	324
23	326
23	328
23	329
23	331
23	333
23	335
23	336
23	338
23	340
23	342
23	344
23	345
23	347
23	349
23	351
23	353
23	355
23	357
23	359
23	361
23	363
23	365
23	367
23	369
23	372
23	374
23	376
23	379
23	381
23	384
23	386
23	389
23	391
23	395
23	397
23	400
23	403
23	406
23	409
23	412
23	415
23	418
23	421
23	424
23	427
23	430
23	434
23	437
23	441
23	445
23	448
23	453
23	457
23	462
23	467
23	472
23	478
23	484
23	491
23	499
23	509
24	156
24	163
24	170
24	174
24	179
24	182
24	186
24	190
24	193
24	196
24	200
24	202
24	205
24	208
24	211
24	213
24	216
24	219
24	221
24	224
24	227
24	229
24	232
24	234
24	237
24	239
24	242
24	244
24	247
24	249
24	252
24	254
24	257
24	259
24	261
24	264
24	266
24	268
24	271
24	273
24	275
24	278
24	280
24	282
24	285
24	287
24	289
24	292
24	294
24	297
24	299
24	302
24	304
24	307
24	309
24	312
24	315
24	317
24	320
24	323
24	326
24	328
24	332
24	334
24	337
24	340
24	343
24	346
24	349
24	352
24	355
24	358
24	362
24	365
24	369
24	372
24	376
24	380
24	384
24	388
24	393
24	397
24	402
24	407
24	412
24	416
24	421
24	425
24	430
24	434
24	439
24	444
24	449
24	454
24	459
24	465
24	471
24	478
24	486
24	495
24	505
25	152
25	161
25	167
25	172
25	177
25	181
25	185
25	189
25	192
25	196
25	199
25	203
25	206
25	210
25	213
25	216
25	220
25	223
25	226
25	230
25	233
25	236
25	240
25	243
25	247
25	250
25	254
25	257
25	261
25	264
25	268
25	272
25	275
25	279
25	282
25	286
25	289
25	293
25	296
25	300
25	303
25	307
25	310
25	314
25	317
25	321
25	324
25	328
25	331
25	335
25	338
25	342
25	346
25	350
25	354
25	358
25	362
25	367
25	371
25	376
25	381
25	387
25	393
25	399
25	406
25	413
25	420
25	426
25	432
25	438
25	444
25	451
25	458
25	466
25	474
25	484
26	156
26	164
26	171
26	175
26	181
26	184
26	189
26	192
26	196
26	200
26	203
26	207
26	210
26	213
26	217
26	220
26	223
26	227
26	230
26	233
26	236
26	240
26	243
26	246
26	250
26	253
26	257
26	260
26	264
26	267
26	271
26	275
26	279
26	283
26	287
26	292
26	296
26	301
26	306
26	311
26	316
26	322
26	328
26	334
26	340
26	347
26	354
26	362
26	370
26	379
26	389
26	400
26	411
26	421
26	430
26	438
26	446
26	455
26	465
26	476
27	157
27	165
27	172
27	178
27	184
27	190
27	195
27	201
27	206
27	212
27	217
27	223
27	229
27	235
27	241
27	247
27	253
27	259
27	266
27	273
27	280
27	287
27	294
27	302
27	310
27	318
27	327
27	336
27	346
27	358
27	432
27	444
27	456
28	162
28	172
28	180
28	188
28	195
28	201
28	207
28	213
28	219
28	225
28	231
28	237
28	244
28	251
28	258
28	266
28	275
28	284
28	294
28	305
29	169
29	179
29	188
29	196
29	204
29	212
29	219
29	227
29	235
29	243
29	251
29	260
29	269
29	279
29	291
30	172
30	183
30	193
30	203
30	213
30	223
30	233
30	244
30	256
31	171
31	182
31	191
31	200
31	209
31	218
31	227
31	236
31	245
31	255
31	266
32	181
32	193
32	204
32	215
32	227
32	240
34	202
34	214
34	226
34	238
34	251
34	471
34	482
34	493
34	505
35	469
35	479
35	488
35	497
35	506
35	516
35	527
36	469
36	479
36	488
36	497
36	506
36	515
36	525
36	536
37	188
37	200
37	211
37	222
37	233
37	243
37	253
37	263
37	274
37	286
37	473
37	484
37	494
37	504
37	514
37	524
37	535
38	192
38	205
38	240
38	253
38	266
38	279
38	480
38	491
38	502
38	512
38	523
38	535
49	198
49	209
49	219
49	229
49	239
49	250
50	201
50	212
50	223
50	234
50	245
60	190
60	201
60	212
60	222
60	233
60	244
62	189
62	201
62	212
62	223
62	234
62	245
62	256
62	267
62	279
62	294
63	177
63	187
63	196
63	205
63	213
63	221
63	229
63	237
63	245
63	253
63	261
63	269
63	277
63	285
63	293
63	302
63	311
63	321
63	331
63	342
63	354
64	169
64	178
64	186
64	193
64	199
64	205
64	210
64	215
64	220
64	225
64	230
64	235
64	240
64	244
64	249
64	253
64	258
64	262
64	267
64	272
64	277
64	282
64	287
64	292
64	297
64	302
64	308
64	314
64	320
64	326
64	332
64	339
64	346
64	353
64	360
64	367
64	375
64	383
64	392
64	402
64	413
64	424
64	435
64	447
65	163
65	171
65	178
65	183
65	188
65	192
65	196
65	200
65	203
65	207
65	210
65	213
65	216
65	219
65	222
65	224
65	228
65	230
65	233
65	235
65	238
65	241
65	243
65	246
65	248
65	251
65	253
65	256
65	258
65	261
65	263
65	266
65	268
65	271
65	273
65	276
65	278
65	281
65	284
65	286
65	289
65	292
65	294
65	297
65	300
65	303
65	306
65	309
65	312
65	315
65	318
65	321
65	325
65	328
65	332
65	335
65	339
65	342
65	346
65	350
65	354
65	358
65	362
65	366
65	370
65	374
65	378
65	383
65	387
65	392
65	397
65	403
65	409
65	416
65	423
65	430
65	438
65	447
65	458
66	162
66	171
66	176
66	181
66	183
66	188
66	191
66	193
66	196
66	199
66	202
66	203
66	206
66	208
66	211
66	212
66	214
66	217
66	218
66	221
66	222
66	224
66	226
66	228
66	230
66	231
66	233
66	235
66	236
66	238
66	240
66	242
66	243
66	244
66	247
66	248
66	250
66	251
66	253
66	254
66	256
66	258
66	259
66	261
66	262
66	264
66	265
66	267
66	269
66	270
66	271
66	273
66	275
66	276
66	278
66	279
66	281
66	283
66	284
66	286
66	287
66	289
66	291
66	292
66	294
66	295
66	297
66	299
66	300
66	302
66	304
66	305
66	307
66	309
66	310
66	312
66	314
66	316
66	317
66	319
66	321
66	323
66	325
66	326
66	329
66	330
66	332
66	334
66	336
66	338
66	340
66	342
66	344
66	346
66	348
66	350
66	353
66	354
66	357
66	359
66	361
66	364
66	366
66	368
66	371
66	373
66	376
66	378
66	381
66	384
66	386
66	389
66	392
66	395
66	398
66	402
66	405
66	409
66	414
66	418
66	423
66	428
66	434
66	441
66	449
66	459
67	167
67	173
67	179
67	182
67	187
67	191
67	193
67	197
67	200
67	202
67	204
67	207
67	210
67	212
67	213
67	216
67	218
67	220
67	222
67	224
67	226
67	228
67	230
67	232
67	233
67	235
67	237
67	239
67	241
67	242
67	244
67	246
67	247
67	249
67	251
67	252
67	254
67	256
67	257
67	259
67	261
67	262
67	264
67	265
67	267
67	269
67	270
67	272
67	273
67	275
67	276
67	278
67	279
67	281
67	282
67	284
67	285
67	287
67	288
67	290
67	291
67	293
67	294
67	296
67	297
67	299
67	300
67	302
67	303
67	305
67	306
67	308
67	309
67	311
67	312
67	314
67	315
67	317
67	318
67	320
67	321
67	323
67	325
67	326
67	328
67	329
67	331
67	333
67	334
67	336
67	337
67	339
67	341
67	342
67	344
67	346
67	347
67	349
67	351
67	353
67	354
67	356
67	358
67	360
67	362
67	364
67	366
67	368
67	370
67	372
67	375
67	377
67	379
67	382
67	385
67	387
67	390
67	393
67	396
67	399
67	403
67	406
67	410
67	415
67	419
67	425
67	431
67	438
67	447
68	172
68	182
68	191
68	200
68	208
68	216
68	224
68	232
68	240
68	247
68	254
68	261
68	268
68	275
68	281
68	287
68	293
68	298
68	303
68	308
68	312
68	317
68	321
68	325
68	329
68	333
68	337
68	341
68	346
68	350
68	355
68	360
68	365
68	371
68	377
68	384
68	392
68	401
68	411
70	388
70	400
70	411
70	422
70	434
71	183
71	193
71	202
71	211
71	219
71	227
71	234
71	241
71	248
71	255
71	262
71	269
71	276
71	283
71	290
71	298
71	306
71	314
71	322
71	330
71	338
71	346
71	354
71	362
71	369
71	376
71	383
71	389
71	395
71	401
71	407
71	413
71	418
71	424
71	430
71	436
71	442
71	449
71	457
71	466
71	477
72	170
72	179
72	186
72	192
72	197
72	202
72	206
72	211
72	214
72	219
72	222
72	226
72	230
72	233
72	237
72	240
72	244
72	247
72	251
72	254
72	258
72	261
72	265
72	268
72	272
72	275
72	279
72	282
72	286
72	289
72	293
72	296
72	300
72	303
72	307
72	310
72	314
72	317
72	321
72	325
72	328
72	332
72	336
72	339
72	343
72	347
72	350
72	354
72	358
72	361
72	365
72	368
72	372
72	375
72	379
72	382
72	385
72	389
72	392
72	395
72	398
72	401
72	404
72	407
72	410
72	413
72	416
72	419
72	422
72	425
72	428
72	432
72	435
72	439
72	443
72	447
72	451
72	456
72	461
72	467
72	473
72	480
72	489
73	169
73	177
73	183
73	189
73	193
73	197
73	201
73	204
73	208
73	211
73	214
73	217
73	220
73	223
73	226
73	229
73	231
73	234
73	237
73	239
73	242
73	244
73	247
73	249
73	252
73	254
73	257
73	259
73	262
73	264
73	267
73	269
73	271
73	274
73	276
73	278
73	281
73	283
73	285
73	288
73	290
73	292
73	295
73	297
73	299
73	302
73	304
73	306
73	309
73	311
73	313
73	316
73	318
73	320
73	323
73	325
73	327
73	330
73	332
73	335
73	337
73	339
73	342
73	344
73	346
73	349
73	351
73	353
73	356
73	358
73	360
73	363
73	365
73	367
73	370
73	372
73	374
73	377
73	379
73	381
73	384
73	386
73	388
73	391
73	393
73	395
73	398
73	400
73	403
73	405
73	408
73	410
73	413
73	415
73	418
73	421
73	424
73	426
73	430
73	433
73	436
73	439
73	444
73	447
73	452
73	456
73	461
73	467
73	474
73	482
73	492
74	177
74	186
74	193
74	200
74	206
74	212
74	217
74	222
74	227
74	232
74	236
74	241
74	245
74	250
74	254
74	258
74	262
74	266
74	270
74	274
74	278
74	282
74	286
74	290
74	293
74	297
74	300
74	304
74	307
74	311
74	314
74	318
74	321
74	324
74	328
74	331
74	334
74	338
74	341
74	344
74	347
74	351
74	353
74	357
74	360
74	363
74	367
74	370
74	374
74	377
74	381
74	384
74	388
74	392
74	396
74	400
74	405
74	409
74	415
74	420
74	426
74	433
74	441
74	451
-1	-1
