-1	-1
8	238
8	250
8	261
8	272
8	283
8	294
8	304
8	315
8	326
8	337
8	348
8	360
8	373
8	387
8	399
8	411
9	197
9	208
9	218
9	227
9	236
9	245
9	253
9	261
9	269
9	277
9	285
9	293
9	300
9	307
9	314
9	321
9	329
9	337
9	345
9	353
9	361
9	369
9	377
9	386
9	395
9	404
9	413
9	423
9	434
10	176
10	186
10	195
10	203
10	211
10	219
10	226
10	233
10	240
10	246
10	252
10	258
10	264
10	270
10	276
10	282
10	288
10	294
10	300
10	306
10	312
10	318
10	324
10	330
10	336
10	342
10	348
10	354
10	360
10	366
10	373
10	380
10	387
10	394
10	401
10	409
10	417
10	426
10	436
10	447
11	172
11	182
11	191
11	199
11	207
11	214
11	221
11	228
11	234
11	240
11	246
11	252
11	258
11	264
11	269
11	275
11	281
11	287
11	293
11	299
11	305
11	311
11	317
11	323
11	329
11	335
11	341
11	347
11	353
11	359
11	365
11	372
11	379
11	386
11	393
11	400
11	408
11	416
11	425
11	434
11	444
12	177
12	188
12	197
12	205
12	213
12	221
12	228
12	235
12	242
12	249
12	256
12	264
12	272
12	280
12	288
12	296
12	304
12	312
12	321
12	330
12	339
12	348
12	357
12	366
12	375
12	384
12	393
12	402
12	410
12	419
12	428
12	438
12	450
13	186
13	197
13	207
13	216
13	225
13	234
13	243
13	252
13	261
13	271
13	281
13	291
13	302
13	313
13	324
13	335
13	346
13	357
13	368
13	378
13	388
13	397
13	405
13	413
13	422
13	431
13	441
14	191
14	202
14	213
14	223
14	233
14	243
14	254
14	265
14	276
14	287
14	298
14	309
14	319
14	329
14	339
14	349
14	359
14	369
14	379
14	388
14	396
14	403
14	410
14	417
14	424
14	432
14	440
14	449
14	459
15	180
15	191
15	201
15	210
15	219
15	228
15	237
15	246
15	255
15	264
15	273
15	282
15	290
15	298
15	306
15	314
15	322
15	330
15	337
15	345
15	353
15	361
15	369
15	377
15	384
15	391
15	397
15	403
15	409
15	415
15	421
15	427
15	433
15	440
15	447
15	455
15	464
15	475
16	171
16	181
16	190
16	198
16	206
16	213
16	220
16	227
16	234
16	241
16	248
16	255
16	262
16	269
16	275
16	282
16	288
16	294
16	300
16	306
16	312
16	318
16	324
16	330
16	336
16	342
16	348
16	354
16	360
16	366
16	372
16	378
16	384
16	390
16	396
16	401
16	407
16	412
16	418
16	423
16	429
16	435
16	442
16	449
16	457
16	466
16	476
17	169
17	179
17	188
17	196
17	203
17	210
17	216
17	222
17	228
17	234
17	240
17	246
17	252
17	258
17	263
17	269
17	274
17	279
17	284
17	289
17	294
17	299
17	303
17	308
17	312
17	317
17	321
17	325
17	329
17	333
17	337
17	341
17	345
17	349
17	354
17	358
17	363
17	367
17	372
17	377
17	382
17	387
17	392
17	397
17	402
17	407
17	412
17	417
17	422
17	427
17	433
17	438
17	444
17	450
17	457
17	465
17	474
17	484
18	161
18	171
18	179
18	186
18	192
18	198
18	203
18	208
18	213
18	218
18	223
18	227
18	232
18	236
18	241
18	245
18	250
18	254
18	259
18	263
18	267
18	271
18	275
18	279
18	283
18	287
18	291
18	294
18	298
18	301
18	305
18	308
18	312
18	315
18	318
18	322
18	325
18	328
18	332
18	335
18	338
18	342
18	345
18	348
18	352
18	355
18	359
18	363
18	367
18	371
18	375
18	379
18	384
18	388
18	393
18	397
18	402
18	406
18	411
18	415
18	419
18	424
18	428
18	433
18	437
18	442
18	447
18	452
18	457
18	463
18	469
18	476
18	484
18	493
18	503
19	159
19	168
19	175
19	181
19	187
19	192
19	197
19	202
19	206
19	211
19	214
19	219
19	222
19	227
19	230
19	235
19	238
19	243
19	246
19	251
19	254
19	259
19	262
19	267
19	270
19	275
19	278
19	283
19	286
19	290
19	294
19	298
19	302
19	306
19	310
19	314
19	318
19	322
19	326
19	330
19	334
19	338
19	342
19	347
19	351
19	356
19	361
19	366
19	371
19	376
19	381
19	386
19	392
19	397
19	402
19	407
19	412
19	416
19	421
19	425
19	429
19	433
19	437
19	442
19	446
19	451
19	456
19	461
19	466
19	472
19	478
19	485
19	492
19	500
19	510
20	157
20	166
20	173
20	179
20	184
20	189
20	193
20	198
20	202
20	206
20	210
20	214
20	218
20	221
20	225
20	228
20	232
20	235
20	239
20	242
20	246
20	249
20	253
20	257
20	260
20	264
20	267
20	271
20	274
20	278
20	281
20	285
20	288
20	292
20	295
20	299
20	302
20	306
20	309
20	313
20	316
20	320
20	323
20	327
20	330
20	334
20	337
20	341
20	345
20	348
20	352
20	356
20	360
20	364
20	368
20	372
20	377
20	381
20	386
20	390
20	395
20	400
20	405
20	410
20	415
20	420
20	424
20	429
20	433
20	438
20	442
20	447
20	451
20	456
20	461
20	466
20	471
20	477
20	483
20	490
20	497
20	506
20	516
21	157
21	165
21	172
21	179
21	184
21	190
21	195
21	200
21	204
21	209
21	213
21	217
21	221
21	225
21	229
21	232
21	236
21	239
21	243
21	246
21	250
21	253
21	256
21	259
21	262
21	265
21	268
21	271
21	274
21	277
21	280
21	283
21	286
21	289
21	292
21	295
21	298
21	301
21	304
21	307
21	310
21	313
21	316
21	319
21	322
21	325
21	328
21	331
21	334
21	337
21	340
21	343
21	346
21	349
21	352
21	355
21	358
21	361
21	364
21	367
21	370
21	373
21	376
21	379
21	382
21	385
21	388
21	391
21	395
21	398
21	401
21	405
21	408
21	412
21	415
21	419
21	423
21	426
21	430
21	434
21	438
21	442
21	446
21	450
21	454
21	458
21	463
21	467
21	472
21	477
21	483
21	489
21	496
21	504
21	513
21	524
22	157
22	165
22	172
22	178
22	183
22	188
22	193
22	197
22	201
22	205
22	209
22	212
22	215
22	219
22	221
22	224
22	227
22	230
22	232
22	235
22	238
22	240
22	242
22	245
22	247
22	249
22	252
22	253
22	256
22	258
22	260
22	262
22	264
22	266
22	268
22	270
22	272
22	274
22	276
22	278
22	280
22	282
22	284
22	286
22	288
22	290
22	292
22	294
22	296
22	298
22	300
22	302
22	303
22	306
22	307
22	309
22	311
22	313
22	315
22	317
22	318
22	321
22	322
22	324
22	326
22	328
22	330
22	332
22	333
22	336
22	337
22	339
22	341
22	343
22	345
22	346
22	349
22	350
22	352
22	354
22	356
22	358
22	359
22	362
22	363
22	365
22	367
22	369
22	371
22	373
22	375
22	377
22	379
22	381
22	383
22	385
22	387
22	389
22	392
22	394
22	396
22	398
22	401
22	403
22	406
22	408
22	411
22	414
22	416
22	419
22	422
22	425
22	428
22	431
22	434
22	437
22	440
22	444
22	447
22	451
22	455
22	459
22	463
22	468
22	472
22	477
22	483
22	489
22	496
22	504
22	513
22	524
23	153
23	162
23	169
23	174
23	180
23	184
23	189
23	193
23	197
23	201
23	204
23	208
23	211
23	214
23	218
23	220
23	223
23	226
23	229
23	231
23	234
23	236
23	239
23	241
23	243
23	245
23	248
23	250
23	252
23	253
23	256
23	258
23	259
23	262
23	263
23	264
23	267
23	268
23	270
23	272
23	273
23	275
23	276
23	278
23	280
23	281
23	282
23	284
23	286
23	287
23	289
23	290
23	292
23	293
23	295
23	296
23	298
23	299
23	301
23	302
23	304
23	305
23	307
23	308
23	310
23	311
23	312
23	314
23	316
23	317
23	318
23	320
23	321
23	323
23	324
23	326
23	327
23	329
23	330
23	332
23	333
23	335
23	336
23	338
23	339
23	341
23	342
23	344
23	345
23	347
23	348
23	350
23	351
23	353
23	355
23	356
23	358
23	359
23	361
23	363
23	365
23	366
23	368
23	370
23	372
23	374
23	376
23	377
23	380
23	382
23	384
23	386
23	388
23	390
23	393
23	395
23	397
23	400
23	403
23	405
23	408
23	411
23	414
23	416
23	420
23	422
23	426
23	428
23	432
23	435
23	438
23	442
23	445
23	449
23	453
23	457
23	461
23	466
23	470
23	476
23	481
23	487
23	494
23	502
23	511
23	523
24	152
24	161
24	167
24	172
24	176
24	181
24	183
24	188
24	191
24	194
24	197
24	201
24	203
24	206
24	209
24	212
24	214
24	217
24	220
24	222
24	225
24	228
24	230
24	233
24	236
24	238
24	241
24	244
24	246
24	249
24	252
24	254
24	257
24	260
24	262
24	265
24	268
24	270
24	273
24	276
24	278
24	281
24	283
24	286
24	289
24	291
24	294
24	296
24	299
24	302
24	304
24	307
24	310
24	312
24	315
24	318
24	320
24	324
24	326
24	329
24	332
24	335
24	338
24	341
24	345
24	348
24	352
24	355
24	359
24	363
24	367
24	371
24	375
24	379
24	384
24	389
24	394
24	399
24	405
24	410
24	416
24	421
24	426
24	430
24	435
24	439
24	444
24	448
24	453
24	458
24	463
24	468
24	474
24	480
24	486
24	493
24	501
24	510
24	521
25	153
25	161
25	167
25	172
25	176
25	181
25	183
25	187
25	190
25	193
25	196
25	199
25	201
25	204
25	206
25	209
25	211
25	213
25	216
25	218
25	221
25	223
25	225
25	228
25	230
25	232
25	234
25	237
25	239
25	241
25	244
25	246
25	248
25	251
25	253
25	255
25	258
25	260
25	263
25	265
25	268
25	270
25	273
25	276
25	278
25	281
25	284
25	287
25	290
25	293
25	296
25	299
25	302
25	306
25	309
25	313
25	316
25	320
25	324
25	328
25	332
25	336
25	340
25	345
25	349
25	354
25	359
25	364
25	369
25	375
25	381
25	387
25	394
25	401
25	409
25	417
25	424
25	430
25	436
25	442
25	448
25	454
25	460
25	466
25	473
25	480
25	487
25	495
25	504
25	515
26	152
26	161
26	168
26	174
26	180
26	184
26	189
26	193
26	198
26	202
26	206
26	210
26	214
26	218
26	222
26	226
26	230
26	234
26	238
26	242
26	246
26	250
26	254
26	258
26	262
26	266
26	270
26	274
26	278
26	283
26	287
26	292
26	296
26	301
26	306
26	311
26	316
26	321
26	326
26	332
26	338
26	344
26	351
26	358
26	366
26	375
26	385
26	397
26	409
26	420
26	430
26	439
26	448
26	457
26	467
26	477
26	488
27	151
27	160
27	166
27	172
27	177
27	182
27	186
27	191
27	194
27	199
27	202
27	206
27	210
27	214
27	218
27	222
27	226
27	230
27	234
27	238
27	243
27	247
27	252
27	257
27	263
27	269
27	275
27	282
27	290
27	299
27	309
27	432
27	443
27	454
27	465
27	476
28	153
28	162
28	170
28	176
28	182
28	187
28	192
28	197
28	202
28	206
28	211
28	215
28	220
28	225
28	230
28	235
28	240
28	245
28	250
28	256
28	262
28	268
28	275
28	282
28	290
28	299
28	309
28	449
28	461
28	473
29	168
29	178
29	187
29	195
29	203
29	211
29	219
29	227
29	236
29	245
29	255
29	266
30	167
30	177
30	185
30	193
30	200
30	207
30	214
30	221
30	228
30	235
30	242
30	249
30	257
30	266
30	276
31	172
31	183
31	193
31	202
31	211
31	220
31	229
31	238
31	247
31	257
31	268
31	469
31	480
31	491
31	504
32	471
32	482
32	493
32	504
33	198
33	209
33	220
33	233
33	467
33	477
33	486
33	495
33	504
33	514
33	525
34	468
34	478
34	487
34	495
34	503
34	512
34	521
34	532
35	473
35	483
35	492
35	501
35	510
35	519
35	529
36	477
36	487
36	496
36	504
36	513
36	522
36	532
36	543
37	470
37	480
37	489
37	497
37	504
37	511
37	518
37	526
37	534
37	543
37	553
38	477
38	487
38	495
38	502
38	509
38	516
38	523
38	531
38	539
38	548
38	558
39	496
39	507
39	517
39	527
39	538
49	208
49	221
51	491
51	503
51	516
62	180
62	191
62	201
62	211
62	221
62	231
62	241
62	251
62	261
62	271
62	282
62	293
62	304
62	316
63	168
63	178
63	186
63	194
63	201
63	208
63	215
63	222
63	228
63	235
63	241
63	248
63	254
63	261
63	268
63	275
63	282
63	289
63	296
63	303
63	310
63	318
63	326
63	334
63	342
63	351
63	360
63	370
63	381
64	162
64	171
64	179
64	185
64	191
64	195
64	200
64	204
64	209
64	213
64	217
64	221
64	225
64	229
64	233
64	237
64	241
64	245
64	249
64	253
64	257
64	261
64	265
64	269
64	273
64	277
64	281
64	285
64	289
64	293
64	297
64	301
64	305
64	309
64	314
64	318
64	323
64	327
64	332
64	336
64	341
64	346
64	351
64	356
64	361
64	367
64	372
64	378
64	384
64	391
64	398
64	406
64	415
64	425
64	435
64	445
64	456
65	160
65	169
65	174
65	180
65	183
65	187
65	191
65	193
65	197
65	200
65	202
65	205
65	208
65	211
65	212
65	216
65	218
65	220
65	223
65	225
65	227
65	230
65	232
65	234
65	236
65	239
65	241
65	243
65	245
65	247
65	250
65	251
65	254
65	256
65	258
65	260
65	262
65	265
65	266
65	269
65	271
65	273
65	275
65	277
65	280
65	281
65	284
65	286
65	288
65	290
65	293
65	295
65	297
65	299
65	302
65	304
65	306
65	309
65	311
65	313
65	316
65	318
65	320
65	323
65	325
65	328
65	330
65	333
65	335
65	338
65	340
65	343
65	345
65	348
65	350
65	354
65	356
65	359
65	362
65	365
65	368
65	371
65	374
65	377
65	380
65	384
65	387
65	391
65	395
65	399
65	404
65	408
65	414
65	419
65	426
65	433
65	440
65	448
65	458
66	161
66	170
66	174
66	180
66	182
66	186
66	189
66	192
66	193
66	197
66	199
66	202
66	203
66	206
66	208
66	210
66	212
66	213
66	216
66	217
66	219
66	221
66	222
66	224
66	226
66	228
66	229
66	231
66	232
66	234
66	236
66	237
66	239
66	241
66	242
66	243
66	245
66	247
66	248
66	250
66	251
66	253
66	254
66	256
66	257
66	259
66	260
66	262
66	263
66	265
66	266
66	268
66	269
66	271
66	272
66	274
66	275
66	277
66	278
66	280
66	281
66	283
66	284
66	286
66	287
66	289
66	290
66	292
66	293
66	295
66	296
66	298
66	299
66	301
66	302
66	304
66	305
66	307
66	308
66	310
66	312
66	313
66	315
66	316
66	318
66	320
66	321
66	323
66	324
66	326
66	328
66	329
66	331
66	333
66	334
66	336
66	338
66	339
66	341
66	343
66	345
66	346
66	348
66	350
66	352
66	354
66	356
66	358
66	360
66	362
66	364
66	366
66	368
66	370
66	373
66	375
66	377
66	380
66	382
66	385
66	388
66	390
66	394
66	397
66	400
66	404
66	408
66	412
66	417
66	422
66	428
66	434
66	441
66	450
66	464
67	168
67	176
67	182
67	188
67	192
67	197
67	201
67	204
67	208
67	211
67	214
67	217
67	220
67	223
67	225
67	228
67	231
67	233
67	236
67	238
67	241
67	243
67	246
67	248
67	251
67	253
67	255
67	258
67	260
67	262
67	265
67	267
67	269
67	272
67	274
67	276
67	279
67	281
67	283
67	286
67	288
67	290
67	293
67	295
67	297
67	300
67	302
67	304
67	307
67	309
67	312
67	314
67	317
67	319
67	322
67	325
67	327
67	330
67	333
67	336
67	338
67	342
67	345
67	348
67	352
67	355
67	359
67	363
67	367
67	371
67	376
67	381
67	387
67	393
67	400
67	408
67	417
70	232
70	245
70	257
70	269
70	281
70	292
70	303
70	314
70	325
70	335
70	345
70	355
70	365
70	375
70	384
70	393
70	402
70	411
70	420
70	428
70	436
70	444
70	453
70	463
71	172
71	182
71	190
71	198
71	205
71	212
71	218
71	224
71	230
71	236
71	242
71	248
71	254
71	260
71	265
71	271
71	276
71	282
71	287
71	293
71	298
71	304
71	309
71	314
71	319
71	324
71	329
71	334
71	339
71	344
71	349
71	354
71	359
71	364
71	369
71	374
71	379
71	384
71	389
71	393
71	398
71	402
71	407
71	411
71	416
71	420
71	424
71	429
71	433
71	437
71	441
71	446
71	450
71	455
71	460
71	466
71	472
71	479
71	487
71	496
72	167
72	174
72	181
72	186
72	191
72	195
72	200
72	203
72	207
72	211
72	214
72	218
72	221
72	224
72	227
72	230
72	233
72	236
72	239
72	242
72	245
72	248
72	251
72	254
72	257
72	260
72	262
72	266
72	268
72	271
72	274
72	277
72	279
72	282
72	285
72	287
72	290
72	293
72	295
72	298
72	301
72	303
72	306
72	309
72	311
72	314
72	317
72	319
72	322
72	325
72	327
72	330
72	333
72	335
72	338
72	341
72	343
72	346
72	348
72	351
72	353
72	356
72	358
72	361
72	363
72	366
72	368
72	371
72	373
72	376
72	378
72	381
72	383
72	386
72	388
72	391
72	393
72	396
72	398
72	401
72	403
72	406
72	408
72	411
72	414
72	416
72	419
72	422
72	424
72	427
72	430
72	432
72	435
72	438
72	440
72	443
72	446
72	449
72	452
72	455
72	458
72	462
72	465
72	469
72	473
72	477
72	482
72	487
72	493
72	500
72	508
72	518
73	166
73	173
73	180
73	184
73	189
73	192
73	196
73	200
73	202
73	206
73	209
73	212
73	214
73	218
73	220
73	223
73	225
73	228
73	231
73	233
73	235
73	238
73	240
73	243
73	245
73	247
73	250
73	252
73	254
73	257
73	259
73	261
73	263
73	266
73	268
73	270
73	272
73	275
73	277
73	279
73	281
73	284
73	285
73	288
73	290
73	292
73	294
73	296
73	299
73	300
73	303
73	305
73	307
73	309
73	311
73	313
73	315
73	317
73	319
73	321
73	323
73	325
73	327
73	329
73	331
73	333
73	335
73	337
73	339
73	341
73	343
73	345
73	347
73	349
73	351
73	353
73	355
73	357
73	359
73	361
73	363
73	365
73	367
73	369
73	371
73	373
73	375
73	377
73	379
73	381
73	384
73	385
73	388
73	390
73	392
73	395
73	397
73	399
73	402
73	404
73	407
73	409
73	412
73	415
73	417
73	420
73	423
73	426
73	428
73	432
73	435
73	438
73	441
73	445
73	448
73	452
73	456
73	460
73	465
73	470
73	476
73	482
73	489
73	498
73	510
74	176
74	185
74	193
74	200
74	207
74	213
74	219
74	224
74	230
74	235
74	240
74	245
74	250
74	255
74	260
74	265
74	270
74	274
74	279
74	283
74	288
74	292
74	297
74	301
74	306
74	310
74	314
74	319
74	323
74	327
74	332
74	336
74	340
74	345
74	349
74	354
74	358
74	363
74	367
74	372
74	377
74	382
74	387
74	393
74	399
74	406
74	413
74	421
74	430
-1	-1
