-1	-1
10	182
10	193
10	204
10	214
10	225
10	236
10	247
10	258
10	270
10	284
11	178
11	189
11	199
11	208
11	217
11	226
11	235
11	244
11	253
11	262
11	271
11	280
11	289
11	299
11	309
11	319
11	330
11	344
12	169
12	179
12	188
12	196
12	203
12	210
12	217
12	224
12	231
12	238
12	244
12	250
12	256
12	262
12	268
12	274
12	280
12	287
12	294
12	301
12	308
12	315
12	323
12	331
12	339
12	348
12	358
12	369
13	167
13	176
13	184
13	191
13	197
13	203
13	208
13	213
13	218
13	223
13	228
13	233
13	238
13	242
13	247
13	251
13	255
13	260
13	264
13	268
13	273
13	277
13	282
13	286
13	291
13	296
13	301
13	306
13	311
13	316
13	321
13	327
13	332
13	338
13	344
13	351
13	358
13	366
13	374
13	383
13	393
13	405
14	159
14	168
14	175
14	181
14	187
14	192
14	197
14	201
14	205
14	209
14	213
14	217
14	221
14	224
14	228
14	231
14	235
14	238
14	242
14	245
14	248
14	252
14	255
14	258
14	262
14	265
14	268
14	272
14	275
14	279
14	282
14	286
14	290
14	294
14	298
14	302
14	306
14	310
14	314
14	318
14	323
14	327
14	332
14	337
14	342
14	347
14	353
14	359
14	365
14	372
14	379
14	387
14	396
14	406
15	157
15	165
15	172
15	178
15	183
15	188
15	192
15	196
15	200
15	204
15	208
15	211
15	215
15	218
15	222
15	225
15	229
15	232
15	236
15	239
15	243
15	246
15	250
15	253
15	257
15	260
15	264
15	267
15	271
15	275
15	278
15	282
15	286
15	290
15	294
15	298
15	302
15	306
15	311
15	315
15	320
15	325
15	330
15	335
15	340
15	346
15	352
15	358
15	365
15	373
15	382
15	392
15	403
16	160
16	169
16	176
16	182
16	188
16	193
16	198
16	203
16	207
16	212
16	216
16	220
16	224
16	228
16	233
16	237
16	242
16	246
16	251
16	255
16	260
16	264
16	269
16	273
16	278
16	282
16	287
16	291
16	296
16	300
16	305
16	310
16	315
16	320
16	326
16	332
16	338
16	345
16	352
16	360
16	369
16	379
17	162
17	171
17	179
17	185
17	191
17	196
17	201
17	206
17	211
17	215
17	220
17	224
17	229
17	233
17	238
17	242
17	247
17	251
17	256
17	260
17	265
17	270
17	275
17	280
17	285
17	290
17	295
17	300
17	305
17	310
17	315
17	320
17	326
17	332
17	338
17	345
17	352
17	360
17	369
17	379
18	166
18	175
18	182
18	188
18	193
18	198
18	203
18	207
18	212
18	215
18	220
18	223
18	227
18	231
18	234
18	238
18	242
18	245
18	249
18	253
18	257
18	261
18	265
18	269
18	273
18	277
18	281
18	285
18	289
18	294
18	298
18	303
18	307
18	312
18	316
18	321
18	326
18	331
18	336
18	341
18	347
18	353
18	360
18	367
18	375
18	384
18	394
18	407
19	160
19	169
19	175
19	181
19	185
19	190
19	193
19	198
19	201
19	205
19	208
19	212
19	214
19	218
19	221
19	224
19	227
19	230
19	233
19	236
19	239
19	242
19	245
19	248
19	251
19	254
19	257
19	260
19	264
19	267
19	271
19	274
19	278
19	281
19	285
19	289
19	292
19	296
19	300
19	304
19	308
19	312
19	316
19	320
19	324
19	328
19	332
19	337
19	341
19	346
19	351
19	357
19	363
19	369
19	376
19	384
19	392
19	401
19	411
19	425
20	159
20	168
20	174
20	180
20	184
20	189
20	193
20	197
20	201
20	205
20	209
20	212
20	216
20	219
20	223
20	226
20	230
20	234
20	237
20	241
20	245
20	248
20	252
20	256
20	259
20	263
20	267
20	271
20	275
20	279
20	283
20	287
20	291
20	295
20	299
20	304
20	308
20	312
20	317
20	321
20	325
20	330
20	334
20	339
20	344
20	349
20	355
20	360
20	366
20	372
20	379
20	386
20	394
20	402
20	411
20	421
20	432
21	169
21	179
21	187
21	194
21	201
21	208
21	214
21	220
21	226
21	232
21	238
21	244
21	250
21	255
21	261
21	266
21	272
21	277
21	283
21	289
21	295
21	301
21	307
21	313
21	319
21	325
21	331
21	337
21	343
21	349
21	356
21	363
21	370
21	377
21	385
21	393
21	401
21	410
21	419
21	429
21	440
22	186
22	197
22	207
22	217
22	227
22	236
22	245
22	253
22	261
22	269
22	277
22	285
22	294
22	303
22	312
22	321
22	330
22	339
22	348
22	357
22	366
22	376
22	386
22	396
22	406
22	416
22	426
22	437
23	201
23	213
23	225
23	236
23	247
23	258
23	269
23	280
23	291
23	302
23	313
23	324
23	335
23	346
23	357
23	368
23	379
23	392
24	211
24	223
24	235
24	247
24	259
24	270
24	281
24	292
24	302
24	312
24	322
24	332
24	341
24	350
24	359
24	369
24	379
24	390
24	402
25	188
25	199
25	209
25	218
25	227
25	236
25	245
25	254
25	263
25	272
25	281
25	289
25	297
25	305
25	313
25	321
25	329
25	337
25	345
25	353
25	361
25	369
25	378
25	387
25	397
25	408
26	172
26	182
26	190
26	197
26	203
26	209
26	215
26	221
26	227
26	233
26	239
26	245
26	251
26	257
26	264
26	270
26	277
26	283
26	289
26	295
26	301
26	307
26	313
26	319
26	325
26	331
26	337
26	343
26	349
26	356
26	363
26	370
26	377
26	385
26	394
26	403
26	413
27	161
27	170
27	177
27	183
27	188
27	192
27	196
27	200
27	203
27	207
27	210
27	213
27	216
27	220
27	222
27	226
27	229
27	232
27	236
27	239
27	243
27	246
27	250
27	254
27	258
27	262
27	266
27	270
27	274
27	278
27	282
27	286
27	290
27	294
27	298
27	302
27	306
27	310
27	313
27	317
27	321
27	325
27	329
27	333
27	337
27	341
27	345
27	349
27	354
27	359
27	364
27	369
27	375
27	381
27	388
27	395
27	403
27	412
27	422
27	434
28	157
28	164
28	171
28	174
28	179
28	182
28	185
28	189
28	191
28	193
28	197
28	199
28	201
28	203
28	206
28	208
28	210
28	212
28	214
28	217
28	218
28	221
28	223
28	225
28	227
28	229
28	232
28	234
28	236
28	239
28	241
28	244
28	246
28	249
28	251
28	254
28	257
28	259
28	263
28	265
28	269
28	271
28	275
28	278
28	281
28	284
28	287
28	290
28	293
28	296
28	299
28	302
28	305
28	308
28	311
28	314
28	317
28	320
28	324
28	326
28	330
28	333
28	337
28	340
28	344
28	348
28	352
28	356
28	361
28	366
28	371
28	377
28	383
28	389
28	396
28	404
28	412
28	421
28	430
28	441
29	150
29	159
29	164
29	170
29	173
29	178
29	181
29	184
29	188
29	191
29	194
29	197
29	200
29	203
29	206
29	209
29	211
29	214
29	217
29	220
29	222
29	226
29	228
29	231
29	235
29	237
29	241
29	244
29	248
29	251
29	255
29	259
29	263
29	267
29	271
29	275
29	279
29	283
29	287
29	292
29	296
29	301
29	305
29	310
29	315
29	320
29	325
29	330
29	336
29	342
29	348
29	355
29	363
29	372
29	382
29	394
30	151
30	160
30	167
30	173
30	178
30	183
30	187
30	192
30	195
30	200
30	203
30	207
30	211
30	214
30	218
30	222
30	226
30	230
30	234
30	238
30	243
30	248
30	253
30	258
30	264
30	270
30	276
30	282
30	288
30	294
30	300
30	307
30	314
30	321
30	329
30	337
30	346
30	357
31	161
31	170
31	178
31	184
31	190
31	196
31	202
31	207
31	213
31	218
31	224
31	230
31	236
31	243
31	250
31	258
31	267
31	277
31	288
32	177
32	187
32	195
32	203
32	211
32	219
32	227
32	235
32	244
32	254
32	266
33	188
33	199
33	210
33	221
33	234
64	237
64	248
64	259
64	269
64	279
64	289
64	299
64	309
64	319
64	329
64	339
64	350
65	208
65	219
65	229
65	238
65	246
65	254
65	262
65	269
65	276
65	283
65	290
65	297
65	304
65	311
65	318
65	325
65	332
65	339
65	346
65	353
65	361
65	370
65	381
66	198
66	209
66	219
66	229
66	238
66	247
66	256
66	264
66	272
66	280
66	288
66	295
66	302
66	309
66	316
66	323
66	330
66	337
66	344
66	351
66	359
66	368
66	378
67	179
67	189
67	198
67	206
67	213
67	220
67	227
67	234
67	241
67	248
67	255
67	262
67	269
67	276
67	283
67	290
67	298
67	306
67	314
67	322
67	330
67	339
67	348
67	358
68	168
68	177
68	184
68	190
68	195
68	200
68	204
68	209
68	213
68	217
68	221
68	225
68	229
68	233
68	237
68	241
68	244
68	248
68	252
68	256
68	259
68	263
68	267
68	271
68	275
68	279
68	283
68	287
68	291
68	296
68	300
68	305
68	309
68	314
68	319
68	324
68	329
68	334
68	339
68	345
68	351
68	357
68	364
68	372
68	381
68	393
69	162
69	171
69	176
69	182
69	185
69	190
69	192
69	196
69	199
69	202
69	204
69	208
69	210
69	212
69	215
69	217
69	220
69	222
69	224
69	227
69	229
69	231
69	233
69	236
69	238
69	240
69	242
69	244
69	247
69	248
69	251
69	253
69	255
69	257
69	259
69	262
69	263
69	266
69	268
69	270
69	272
69	275
69	277
69	279
69	281
69	284
69	286
69	288
69	291
69	293
69	295
69	298
69	300
69	303
69	305
69	308
69	310
69	313
69	315
69	318
69	320
69	323
69	326
69	328
69	331
69	334
69	336
69	339
69	342
69	345
69	348
69	351
69	355
69	357
69	361
69	365
69	368
69	373
69	377
69	382
69	387
69	393
69	400
69	408
69	418
70	162
70	171
70	175
70	181
70	183
70	188
70	191
70	193
70	196
70	199
70	202
70	203
70	206
70	209
70	211
70	212
70	215
70	217
70	219
70	221
70	223
70	225
70	227
70	229
70	231
70	233
70	234
70	237
70	238
70	240
70	242
70	244
70	245
70	247
70	249
70	251
70	252
70	254
70	256
70	258
70	259
70	261
70	263
70	265
70	266
70	268
70	270
70	272
70	273
70	275
70	277
70	279
70	280
70	282
70	284
70	286
70	287
70	289
70	291
70	293
70	294
70	296
70	298
70	300
70	301
70	303
70	305
70	307
70	308
70	310
70	312
70	314
70	315
70	317
70	319
70	321
70	323
70	324
70	326
70	328
70	330
70	332
70	334
70	336
70	337
70	340
70	342
70	344
70	346
70	348
70	350
70	352
70	355
70	356
70	359
70	361
70	364
70	366
70	368
70	371
70	374
70	377
70	379
70	384
70	386
70	390
70	395
70	398
70	404
70	409
70	415
70	422
70	430
70	441
71	169
71	178
71	185
71	191
71	197
71	202
71	208
71	213
71	218
71	223
71	228
71	233
71	238
71	242
71	247
71	251
71	255
71	259
71	263
71	267
71	271
71	274
71	278
71	281
71	285
71	288
71	292
71	295
71	298
71	302
71	304
71	308
71	311
71	314
71	317
71	320
71	323
71	326
71	329
71	332
71	335
71	338
71	341
71	345
71	348
71	351
71	355
71	358
71	362
71	366
71	370
71	375
71	379
71	385
71	390
71	396
71	403
71	411
71	421
72	232
72	244
72	256
72	267
72	278
72	289
72	300
72	311
72	322
72	333
72	345
73	190
73	200
73	209
73	217
73	225
73	232
73	239
73	246
73	253
73	260
73	267
73	274
73	281
73	288
73	295
73	303
73	311
73	319
73	327
73	335
73	343
73	351
73	360
73	370
73	383
74	177
74	186
74	193
74	199
74	204
74	209
74	213
74	218
74	222
74	226
74	230
74	234
74	238
74	242
74	245
74	249
74	252
74	256
74	259
74	263
74	266
74	270
74	273
74	277
74	280
74	284
74	287
74	291
74	295
74	298
74	302
74	306
74	310
74	314
74	318
74	322
74	326
74	330
74	334
74	338
74	342
74	346
74	350
74	354
74	358
74	363
74	367
74	372
74	377
74	383
74	389
74	396
74	404
74	414
75	177
75	185
75	192
75	198
75	203
75	208
75	212
75	216
75	220
75	224
75	227
75	231
75	234
75	238
75	241
75	244
75	248
75	251
75	254
75	257
75	260
75	263
75	266
75	269
75	272
75	275
75	278
75	281
75	284
75	287
75	290
75	293
75	296
75	299
75	302
75	305
75	308
75	311
75	314
75	317
75	320
75	323
75	326
75	329
75	332
75	335
75	338
75	341
75	344
75	347
75	350
75	353
75	356
75	359
75	363
75	366
75	369
75	373
75	377
75	381
75	386
75	390
75	396
75	401
75	407
75	414
75	422
75	432
76	201
76	212
76	222
76	231
76	239
76	247
76	255
76	262
76	269
76	276
76	283
76	289
76	295
76	301
76	307
76	313
76	319
76	325
76	331
76	337
76	343
76	349
76	355
76	361
76	367
76	374
76	381
76	389
76	398
76	410
-1	-1
