-1	-1
7	247
7	259
7	271
7	282
7	293
7	304
7	315
7	326
7	337
7	348
7	359
7	371
7	384
7	426
7	441
8	181
8	192
8	202
8	212
8	221
8	230
8	239
8	248
8	257
8	265
8	273
8	281
8	289
8	297
8	304
8	311
8	318
8	325
8	332
8	339
8	346
8	354
8	362
8	370
8	378
8	386
8	394
8	402
8	410
8	418
8	426
8	434
8	442
8	451
8	460
8	469
8	479
8	490
9	177
9	187
9	196
9	205
9	213
9	221
9	228
9	235
9	242
9	249
9	255
9	262
9	268
9	274
9	280
9	286
9	292
9	298
9	304
9	309
9	315
9	320
9	326
9	331
9	337
9	342
9	347
9	352
9	357
9	363
9	368
9	374
9	379
9	385
9	391
9	397
9	403
9	409
9	415
9	421
9	427
9	433
9	439
9	445
9	451
9	458
9	465
9	472
9	479
9	487
9	496
9	506
9	516
10	171
10	182
10	191
10	200
10	208
10	216
10	223
10	230
10	237
10	244
10	250
10	256
10	262
10	268
10	274
10	280
10	285
10	290
10	295
10	300
10	305
10	310
10	315
10	320
10	325
10	330
10	335
10	340
10	345
10	350
10	355
10	360
10	365
10	370
10	375
10	380
10	386
10	391
10	397
10	402
10	408
10	413
10	419
10	425
10	431
10	437
10	443
10	449
10	455
10	461
10	468
10	475
10	482
10	490
10	499
10	509
10	520
11	171
11	182
11	191
11	200
11	208
11	215
11	222
11	229
11	236
11	242
11	249
11	255
11	261
11	267
11	273
11	279
11	285
11	290
11	296
11	301
11	306
11	311
11	316
11	321
11	326
11	331
11	336
11	341
11	346
11	351
11	356
11	361
11	366
11	371
11	377
11	382
11	388
11	393
11	399
11	405
11	411
11	417
11	423
11	429
11	435
11	441
11	447
11	453
11	460
11	467
11	474
11	482
11	491
11	501
11	513
12	170
12	180
12	189
12	197
12	205
12	212
12	219
12	226
12	233
12	240
12	246
12	252
12	258
12	264
12	270
12	276
12	282
12	288
12	293
12	299
12	304
12	309
12	314
12	319
12	324
12	329
12	335
12	340
12	345
12	351
12	356
12	362
12	367
12	373
12	379
12	385
12	391
12	397
12	403
12	409
12	415
12	421
12	427
12	433
12	439
12	446
12	453
12	460
12	467
12	475
12	483
12	492
12	503
13	167
13	177
13	186
13	194
13	201
13	208
13	215
13	221
13	227
13	233
13	239
13	245
13	250
13	256
13	261
13	266
13	271
13	276
13	281
13	286
13	291
13	296
13	301
13	306
13	311
13	316
13	321
13	326
13	331
13	336
13	341
13	346
13	351
13	356
13	361
13	366
13	371
13	376
13	381
13	386
13	391
13	396
13	401
13	406
13	411
13	416
13	421
13	426
13	431
13	437
13	442
13	448
13	453
13	459
13	465
13	471
13	477
13	484
13	491
13	499
13	508
13	518
14	160
14	170
14	178
14	185
14	192
14	198
14	204
14	210
14	215
14	220
14	225
14	230
14	235
14	240
14	244
14	249
14	253
14	258
14	262
14	266
14	270
14	274
14	278
14	282
14	286
14	290
14	294
14	298
14	302
14	306
14	310
14	314
14	318
14	322
14	326
14	330
14	334
14	338
14	342
14	346
14	350
14	354
14	358
14	362
14	366
14	370
14	374
14	378
14	382
14	386
14	390
14	394
14	398
14	402
14	406
14	410
14	414
14	418
14	422
14	426
14	430
14	434
14	438
14	443
14	447
14	452
14	456
14	461
14	466
14	471
14	476
14	481
14	487
14	493
14	500
14	507
14	515
14	524
14	534
15	157
15	166
15	173
15	180
15	186
15	191
15	196
15	201
15	206
15	210
15	215
15	219
15	223
15	227
15	231
15	235
15	239
15	242
15	246
15	249
15	253
15	256
15	260
15	263
15	266
15	270
15	272
15	276
15	279
15	282
15	285
15	288
15	291
15	294
15	297
15	300
15	303
15	306
15	309
15	312
15	315
15	318
15	321
15	324
15	327
15	330
15	333
15	336
15	339
15	342
15	345
15	348
15	351
15	354
15	357
15	360
15	363
15	366
15	369
15	372
15	375
15	378
15	381
15	384
15	387
15	390
15	394
15	397
15	400
15	404
15	407
15	411
15	414
15	418
15	421
15	425
15	429
15	432
15	436
15	440
15	444
15	448
15	452
15	456
15	460
15	464
15	468
15	473
15	477
15	482
15	487
15	493
15	499
15	506
15	513
15	520
15	528
15	537
15	548
16	157
16	166
16	173
16	180
16	185
16	191
16	195
16	200
16	204
16	209
16	212
16	216
16	220
16	223
16	227
16	230
16	234
16	237
16	241
16	243
16	247
16	250
16	253
16	256
16	259
16	262
16	265
16	268
16	271
16	274
16	277
16	280
16	283
16	285
16	289
16	291
16	294
16	297
16	300
16	303
16	306
16	309
16	312
16	315
16	318
16	321
16	324
16	327
16	330
16	333
16	336
16	339
16	342
16	345
16	348
16	351
16	355
16	358
16	361
16	365
16	368
16	372
16	375
16	379
16	382
16	386
16	389
16	393
16	397
16	401
16	405
16	409
16	413
16	417
16	421
16	425
16	429
16	434
16	438
16	443
16	447
16	452
16	456
16	461
16	466
16	471
16	476
16	482
16	488
16	494
16	501
16	508
16	515
16	523
16	532
16	542
16	554
17	153
17	162
17	170
17	176
17	182
17	187
17	192
17	196
17	201
17	205
17	209
17	213
17	217
17	221
17	225
17	229
17	233
17	236
17	240
17	244
17	247
17	251
17	254
17	258
17	261
17	265
17	268
17	272
17	275
17	279
17	282
17	286
17	289
17	293
17	297
17	300
17	304
17	308
17	312
17	316
17	320
17	324
17	328
17	332
17	336
17	340
17	344
17	348
17	353
17	357
17	362
17	366
17	371
17	375
17	380
17	385
17	390
17	395
17	400
17	405
17	410
17	415
17	420
17	425
17	430
17	435
17	440
17	445
17	450
17	456
17	461
17	467
17	473
17	479
17	486
17	494
17	502
17	511
17	520
17	530
17	543
18	151
18	160
18	168
18	174
18	180
18	185
18	191
18	195
18	200
18	204
18	209
18	213
18	218
18	222
18	226
18	231
18	235
18	239
18	243
18	247
18	251
18	255
18	259
18	263
18	267
18	272
18	276
18	280
18	285
18	289
18	294
18	298
18	303
18	307
18	312
18	317
18	322
18	327
18	332
18	337
18	342
18	347
18	352
18	357
18	363
18	368
18	374
18	380
18	386
18	392
18	398
18	404
18	410
18	416
18	422
18	428
18	434
18	440
18	446
18	452
18	458
18	465
18	472
18	479
18	487
18	496
18	506
18	517
19	158
19	168
19	176
19	183
19	190
19	197
19	203
19	209
19	214
19	220
19	225
19	230
19	235
19	240
19	245
19	250
19	254
19	259
19	263
19	268
19	273
19	278
19	283
19	288
19	293
19	298
19	303
19	308
19	313
19	318
19	324
19	329
19	335
19	341
19	347
19	353
19	359
19	365
19	371
19	377
19	384
19	391
19	398
19	405
19	412
19	419
19	426
19	433
19	440
19	447
19	454
19	461
19	468
19	476
19	484
19	493
19	503
19	513
19	524
20	159
20	169
20	177
20	184
20	191
20	198
20	204
20	210
20	215
20	221
20	226
20	231
20	236
20	241
20	246
20	251
20	256
20	260
20	265
20	269
20	274
20	278
20	283
20	287
20	292
20	296
20	301
20	305
20	310
20	314
20	319
20	323
20	328
20	333
20	338
20	343
20	348
20	353
20	358
20	363
20	368
20	373
20	378
20	383
20	388
20	394
20	399
20	405
20	410
20	416
20	421
20	427
20	433
20	439
20	445
20	451
20	457
20	463
20	469
20	476
20	483
20	490
20	498
20	506
20	515
20	524
20	534
21	158
21	168
21	176
21	183
21	189
21	195
21	200
21	205
21	210
21	214
21	219
21	223
21	227
21	231
21	235
21	239
21	243
21	247
21	251
21	254
21	258
21	262
21	265
21	269
21	272
21	276
21	279
21	283
21	286
21	290
21	293
21	297
21	300
21	304
21	307
21	311
21	314
21	318
21	321
21	325
21	328
21	331
21	335
21	338
21	341
21	345
21	348
21	351
21	355
21	358
21	361
21	365
21	368
21	371
21	375
21	378
21	381
21	385
21	388
21	391
21	395
21	398
21	401
21	405
21	408
21	411
21	415
21	418
21	421
21	425
21	428
21	431
21	435
21	438
21	442
21	445
21	449
21	452
21	456
21	459
21	463
21	467
21	471
21	475
21	479
21	484
21	488
21	493
21	498
21	504
21	509
21	515
21	521
21	528
21	535
21	543
21	552
21	563
22	152
22	161
22	169
22	174
22	180
22	184
22	189
22	192
22	196
22	200
22	203
22	207
22	210
22	213
22	217
22	220
22	223
22	226
22	229
22	232
22	235
22	238
22	241
22	244
22	247
22	250
22	253
22	256
22	259
22	262
22	264
22	267
22	270
22	272
22	275
22	278
22	280
22	283
22	285
22	288
22	291
22	293
22	295
22	298
22	300
22	302
22	305
22	307
22	309
22	312
22	313
22	316
22	318
22	320
22	322
22	324
22	326
22	328
22	330
22	332
22	334
22	336
22	338
22	340
22	342
22	344
22	346
22	348
22	350
22	352
22	354
22	356
22	358
22	360
22	362
22	364
22	366
22	368
22	370
22	372
22	374
22	376
22	378
22	380
22	382
22	384
22	386
22	388
22	390
22	391
22	394
22	395
22	397
22	399
22	401
22	403
22	405
22	406
22	409
22	410
22	412
22	414
22	416
22	418
22	420
22	422
22	424
22	426
22	428
22	430
22	432
22	434
22	436
22	438
22	440
22	443
22	445
22	447
22	449
22	452
22	454
22	457
22	459
22	462
22	464
22	467
22	469
22	472
22	475
22	478
22	480
22	484
22	487
22	490
22	494
22	497
22	501
22	505
22	509
22	513
22	517
22	522
22	527
22	532
22	538
22	544
22	551
22	559
22	568
23	149
23	158
23	163
23	169
23	172
23	177
23	180
23	183
23	187
23	190
23	193
23	196
23	199
23	202
23	204
23	207
23	210
23	212
23	215
23	217
23	220
23	222
23	224
23	227
23	229
23	231
23	234
23	236
23	238
23	241
23	243
23	245
23	247
23	250
23	252
23	254
23	256
23	258
23	261
23	262
23	264
23	267
23	268
23	271
23	272
23	274
23	277
23	278
23	280
23	282
23	284
23	286
23	288
23	290
23	292
23	293
23	296
23	297
23	299
23	301
23	303
23	304
23	306
23	308
23	310
23	311
23	313
23	315
23	317
23	318
23	320
23	322
23	323
23	325
23	327
23	328
23	330
23	332
23	333
23	335
23	337
23	338
23	340
23	342
23	343
23	345
23	347
23	348
23	350
23	352
23	353
23	355
23	357
23	358
23	360
23	362
23	364
23	365
23	367
23	369
23	370
23	372
23	374
23	376
23	377
23	379
23	381
23	383
23	384
23	386
23	388
23	390
23	392
23	393
23	395
23	397
23	399
23	401
23	403
23	404
23	407
23	408
23	410
23	412
23	414
23	416
23	418
23	420
23	422
23	424
23	426
23	428
23	430
23	433
23	435
23	437
23	439
23	442
23	444
23	446
23	449
23	451
23	454
23	456
23	459
23	461
23	464
23	466
23	469
23	472
23	474
23	477
23	480
23	483
23	486
23	489
23	493
23	496
23	500
23	504
23	508
23	513
23	517
23	522
23	527
23	533
23	539
23	546
23	554
23	564
24	148
24	155
24	161
24	165
24	170
24	173
24	177
24	181
24	183
24	187
24	190
24	192
24	195
24	198
24	200
24	203
24	205
24	208
24	210
24	212
24	215
24	217
24	219
24	222
24	223
24	226
24	228
24	230
24	232
24	235
24	236
24	239
24	241
24	243
24	245
24	247
24	250
24	251
24	254
24	256
24	258
24	260
24	263
24	265
24	267
24	269
24	272
24	274
24	276
24	279
24	281
24	283
24	286
24	288
24	290
24	293
24	295
24	298
24	300
24	303
24	305
24	308
24	310
24	313
24	315
24	318
24	320
24	323
24	326
24	328
24	331
24	334
24	336
24	339
24	342
24	344
24	347
24	350
24	352
24	355
24	358
24	360
24	364
24	366
24	369
24	372
24	375
24	378
24	381
24	384
24	387
24	390
24	393
24	396
24	399
24	403
24	406
24	409
24	413
24	416
24	419
24	423
24	426
24	429
24	433
24	436
24	439
24	443
24	446
24	450
24	453
24	457
24	460
24	464
24	468
24	472
24	476
24	480
24	485
24	490
24	495
24	501
24	507
24	514
24	522
24	531
24	541
25	148
25	155
25	161
25	165
25	170
25	173
25	177
25	181
25	183
25	187
25	190
25	192
25	196
25	198
25	201
25	204
25	206
25	209
25	212
25	214
25	217
25	220
25	222
25	225
25	228
25	230
25	234
25	236
25	239
25	242
25	245
25	248
25	251
25	254
25	257
25	260
25	263
25	266
25	269
25	272
25	275
25	278
25	281
25	284
25	287
25	290
25	293
25	296
25	299
25	302
25	305
25	308
25	311
25	314
25	317
25	320
25	323
25	326
25	329
25	332
25	335
25	338
25	341
25	344
25	347
25	350
25	354
25	356
25	360
25	363
25	366
25	370
25	373
25	376
25	380
25	383
25	387
25	390
25	394
25	397
25	401
25	405
25	408
25	413
25	416
25	421
25	425
25	429
25	434
25	438
25	443
25	448
25	453
25	458
25	464
25	470
25	476
25	483
25	490
25	498
25	508
25	520
26	151
26	160
26	167
26	173
26	178
26	183
26	188
26	192
26	197
26	201
26	205
26	209
26	213
26	217
26	221
26	225
26	229
26	233
26	237
26	241
26	245
26	249
26	253
26	257
26	261
26	265
26	269
26	273
26	278
26	282
26	287
26	291
26	296
26	301
26	306
26	311
26	316
26	321
26	326
26	331
26	336
26	341
26	346
26	352
26	357
26	363
26	369
26	375
26	381
26	387
26	394
26	401
26	408
26	415
26	423
26	431
26	439
26	448
26	457
26	466
26	477
27	158
27	168
27	176
27	183
27	190
27	196
27	202
27	208
27	214
27	220
27	226
27	232
27	238
27	244
27	250
27	256
27	262
27	268
27	274
27	280
27	286
27	292
27	298
27	304
27	310
27	316
27	322
27	328
27	334
27	340
27	346
27	352
27	358
27	364
27	370
27	377
27	384
27	391
27	399
27	407
27	416
27	426
27	437
28	161
28	171
28	180
28	188
28	196
28	203
28	210
28	217
28	224
28	231
28	238
28	245
28	252
28	259
28	266
28	273
28	280
28	287
28	295
28	303
28	311
28	319
28	328
28	337
28	346
28	355
28	365
28	375
28	386
28	399
29	169
29	179
29	188
29	196
29	204
29	212
29	220
29	228
29	237
29	246
29	255
29	264
29	273
29	282
29	291
29	300
29	309
29	318
29	327
29	336
29	345
29	354
29	363
29	372
29	382
29	392
29	403
29	415
30	176
30	187
30	197
30	207
30	217
30	227
30	238
30	249
30	260
30	271
30	282
30	293
30	304
30	315
30	326
30	337
30	348
30	360
31	181
31	192
31	203
31	213
31	223
31	233
31	243
31	253
31	264
31	275
31	286
31	297
31	308
31	319
31	330
31	341
31	352
31	364
32	186
32	197
32	207
32	216
32	224
32	232
32	240
32	248
32	256
32	264
32	272
32	280
32	289
32	298
32	307
32	316
32	326
32	336
32	346
32	357
32	369
33	177
33	187
33	196
33	204
33	212
33	219
33	226
33	233
33	240
33	247
33	254
33	262
33	270
33	279
33	288
33	298
33	309
34	173
34	184
34	194
34	203
34	212
34	221
34	230
34	239
34	249
34	259
34	269
34	279
34	289
34	300
34	311
34	323
34	335
34	347
35	182
35	193
35	203
35	213
35	223
35	233
35	243
35	253
35	263
35	273
35	283
35	293
35	304
35	316
36	181
36	192
36	202
36	211
36	220
36	229
36	238
36	247
36	256
36	266
36	277
37	181
37	192
37	202
37	212
37	221
37	230
37	239
37	248
37	258
37	268
37	280
38	189
38	200
38	210
38	219
38	228
38	236
38	244
38	252
38	261
38	270
38	280
38	291
39	190
39	201
39	211
39	220
39	229
39	238
39	247
39	257
39	267
39	278
40	256
40	268
40	280
40	292
40	304
40	316
40	330
41	230
41	241
41	251
41	261
41	270
41	279
41	288
41	298
41	308
41	318
41	329
41	344
53	199
53	210
53	220
53	230
53	240
53	251
53	263
54	206
54	218
54	231
56	338
56	351
56	363
56	375
56	387
57	206
57	217
57	227
57	237
57	247
57	256
57	265
57	275
57	285
57	295
57	306
57	317
57	329
57	341
57	353
57	365
57	377
57	388
57	400
57	415
58	199
58	210
58	220
58	230
58	240
58	250
58	260
58	270
58	281
58	294
61	197
61	209
61	221
61	234
62	177
62	187
62	196
62	204
62	212
62	220
62	228
62	236
62	245
62	254
62	264
62	275
63	170
63	179
63	186
63	193
63	199
63	205
63	211
63	217
63	223
63	229
63	236
63	243
63	250
63	257
63	265
63	273
63	282
63	291
63	301
63	312
63	324
64	163
64	172
64	180
64	187
64	194
64	201
64	208
64	215
64	222
64	229
64	237
64	245
64	253
64	262
64	271
64	280
64	289
64	298
64	308
64	318
64	328
64	338
64	348
64	358
64	369
64	380
64	391
64	402
64	414
64	427
65	160
65	169
65	176
65	183
65	189
65	195
65	201
65	207
65	213
65	219
65	225
65	231
65	237
65	243
65	250
65	256
65	263
65	269
65	276
65	282
65	288
65	294
65	300
65	306
65	312
65	318
65	324
65	330
65	336
65	342
65	348
65	355
65	361
65	368
65	375
65	382
65	389
65	396
65	403
65	410
65	417
65	424
65	431
65	438
65	445
65	452
65	459
65	466
65	473
65	481
65	489
65	497
65	505
65	513
65	522
65	532
65	545
66	159
66	167
66	173
66	179
66	184
66	189
66	194
66	199
66	203
66	208
66	212
66	217
66	221
66	225
66	229
66	233
66	237
66	241
66	245
66	249
66	253
66	257
66	261
66	265
66	269
66	273
66	277
66	280
66	284
66	288
66	291
66	295
66	298
66	302
66	305
66	309
66	312
66	316
66	319
66	323
66	326
66	330
66	333
66	337
66	340
66	344
66	347
66	351
66	354
66	358
66	361
66	365
66	368
66	372
66	375
66	379
66	382
66	386
66	389
66	393
66	397
66	400
66	404
66	408
66	411
66	415
66	419
66	423
66	427
66	431
66	435
66	439
66	443
66	447
66	451
66	455
66	459
66	463
66	467
66	471
66	475
66	479
66	483
66	487
66	491
66	495
66	499
66	503
66	507
66	512
66	516
66	521
66	526
66	531
66	537
66	544
66	551
66	560
66	571
67	161
67	170
67	177
67	183
67	188
67	193
67	197
67	201
67	205
67	209
67	212
67	215
67	219
67	221
67	224
67	227
67	230
67	232
67	235
67	238
67	240
67	243
67	245
67	248
67	250
67	252
67	255
67	257
67	259
67	262
67	264
67	266
67	269
67	271
67	273
67	275
67	277
67	280
67	281
67	284
67	286
67	288
67	290
67	292
67	294
67	296
67	298
67	300
67	302
67	304
67	306
67	308
67	310
67	312
67	314
67	316
67	318
67	320
67	322
67	324
67	326
67	328
67	330
67	332
67	334
67	336
67	338
67	340
67	342
67	344
67	346
67	348
67	350
67	352
67	354
67	356
67	358
67	360
67	362
67	364
67	366
67	368
67	370
67	372
67	374
67	376
67	378
67	380
67	382
67	384
67	386
67	388
67	390
67	392
67	394
67	396
67	398
67	400
67	402
67	404
67	406
67	408
67	410
67	412
67	414
67	416
67	418
67	420
67	423
67	424
67	427
67	429
67	431
67	433
67	436
67	437
67	440
67	442
67	444
67	446
67	449
67	451
67	453
67	456
67	458
67	460
67	463
67	465
67	467
67	470
67	472
67	475
67	477
67	480
67	482
67	485
67	488
67	490
67	494
67	496
67	499
67	502
67	505
67	508
67	512
67	515
67	519
67	523
67	527
67	531
67	536
67	541
67	547
67	553
67	560
67	569
68	169
68	178
68	183
68	189
68	192
68	196
68	200
68	202
68	205
68	208
68	211
68	212
68	215
68	218
68	220
68	222
68	223
68	226
68	228
68	230
68	232
68	233
68	236
68	237
68	239
68	241
68	242
68	244
68	246
68	248
68	249
68	251
68	252
68	254
68	256
68	257
68	259
68	261
68	262
68	263
68	265
68	267
68	268
68	270
68	271
68	273
68	274
68	276
68	277
68	279
68	280
68	282
68	283
68	285
68	286
68	288
68	289
68	291
68	292
68	293
68	295
68	297
68	298
68	299
68	301
68	302
68	304
68	305
68	307
68	308
68	309
68	311
68	312
68	314
68	315
68	317
68	318
68	319
68	321
68	323
68	324
68	325
68	327
68	328
68	330
68	331
68	333
68	334
68	336
68	337
68	339
68	340
68	342
68	343
68	345
68	346
68	348
68	349
68	351
68	352
68	354
68	355
68	357
68	358
68	360
68	361
68	363
68	364
68	366
68	367
68	369
68	370
68	372
68	374
68	375
68	377
68	378
68	380
68	382
68	383
68	385
68	386
68	388
68	390
68	391
68	393
68	395
68	396
68	398
68	400
68	401
68	403
68	405
68	406
68	408
68	410
68	411
68	413
68	415
68	417
68	418
68	420
68	422
68	424
68	426
68	427
68	429
68	431
68	433
68	435
68	437
68	439
68	440
68	443
68	445
68	447
68	449
68	451
68	454
68	456
68	458
68	460
68	463
68	465
68	468
68	470
68	474
68	476
68	479
68	483
68	486
68	489
68	493
68	497
68	501
68	506
68	510
68	516
68	522
68	529
68	537
68	546
69	169
69	177
69	182
69	187
69	191
69	194
69	198
69	201
69	203
69	207
69	209
69	212
69	214
69	217
69	219
69	222
69	223
69	226
69	228
69	231
69	232
69	235
69	237
69	239
69	241
69	243
69	245
69	247
69	249
69	251
69	253
69	255
69	257
69	259
69	261
69	263
69	265
69	267
69	269
69	271
69	274
69	275
69	278
69	280
69	282
69	284
69	287
69	289
69	291
69	294
69	296
69	298
69	301
69	303
69	306
69	308
69	310
69	313
69	316
69	318
69	321
69	324
69	326
69	329
69	332
69	335
69	337
69	341
69	343
69	347
69	349
69	353
69	356
69	359
69	363
69	366
69	370
69	373
69	377
69	381
69	385
69	389
69	393
69	397
69	401
69	406
69	410
69	415
69	420
69	425
69	430
69	436
69	442
69	449
69	456
69	464
69	473
69	483
69	495
70	171
70	181
70	189
70	197
70	204
70	211
70	218
70	226
70	234
70	243
70	252
70	262
70	273
71	440
71	452
71	463
71	473
71	483
71	492
71	501
71	510
71	518
71	526
71	535
71	545
72	199
72	210
72	221
72	231
72	241
72	251
72	260
72	269
72	278
72	287
72	295
72	303
72	311
72	319
72	327
72	334
72	341
72	348
72	355
72	362
72	369
72	376
72	383
72	390
72	396
72	403
72	409
72	415
72	421
72	427
72	433
72	439
72	445
72	451
72	456
72	462
72	467
72	472
72	477
72	482
72	487
72	492
72	496
72	501
72	505
72	510
72	514
72	518
72	522
72	526
72	531
72	535
72	540
72	545
72	551
72	557
72	564
72	572
72	582
73	179
73	189
73	197
73	204
73	211
73	217
73	223
73	229
73	234
73	239
73	244
73	249
73	254
73	259
73	263
73	268
73	272
73	277
73	281
73	285
73	289
73	293
73	297
73	301
73	305
73	309
73	313
73	317
73	321
73	325
73	329
73	332
73	336
73	340
73	343
73	347
73	350
73	354
73	357
73	361
73	364
73	368
73	371
73	375
73	378
73	382
73	385
73	389
73	392
73	395
73	399
73	402
73	405
73	409
73	412
73	415
73	419
73	422
73	425
73	429
73	432
73	435
73	439
73	441
73	445
73	448
73	451
73	454
73	457
73	460
73	463
73	466
73	469
73	472
73	475
73	478
73	481
73	484
73	487
73	490
73	492
73	495
73	498
73	501
73	503
73	506
73	509
73	511
73	514
73	517
73	519
73	522
73	525
73	527
73	530
73	533
73	536
73	539
73	542
73	546
73	549
73	553
73	557
73	561
73	566
73	571
73	577
73	584
73	592
73	602
74	178
74	187
74	194
74	200
74	205
74	211
74	215
74	220
74	224
74	229
74	232
74	237
74	240
74	244
74	248
74	251
74	255
74	259
74	262
74	266
74	269
74	273
74	276
74	280
74	283
74	286
74	290
74	293
74	296
74	300
74	303
74	306
74	310
74	312
74	316
74	319
74	322
74	325
74	328
74	331
74	334
74	337
74	340
74	343
74	346
74	349
74	352
74	355
74	358
74	361
74	364
74	367
74	370
74	373
74	376
74	379
74	382
74	385
74	388
74	391
74	394
74	397
74	400
74	403
74	406
74	409
74	412
74	415
74	418
74	421
74	424
74	427
74	430
74	433
74	436
74	439
74	442
74	445
74	448
74	451
74	454
74	457
74	460
74	463
74	466
74	469
74	472
74	475
74	478
74	481
74	484
74	487
74	490
74	494
74	496
74	500
74	503
74	506
74	510
74	513
74	517
74	520
74	524
74	527
74	531
74	535
74	539
74	544
74	548
74	554
74	559
74	566
74	573
74	582
74	594
75	181
75	191
75	200
75	208
75	215
75	222
75	229
75	235
75	242
75	248
75	254
75	260
75	267
75	273
75	280
75	287
75	294
75	301
75	308
75	315
75	322
75	329
75	336
75	343
75	350
75	357
75	364
75	371
75	379
75	387
75	395
75	403
75	411
75	419
75	427
75	435
75	443
75	452
75	461
75	471
75	482
-1	-1
