-1	-1
7	220
7	231
7	242
7	252
7	262
7	272
7	282
7	292
7	303
7	314
7	325
7	337
8	207
8	218
8	228
8	237
8	246
8	255
8	263
8	271
8	279
8	287
8	295
8	303
8	311
8	319
8	327
8	335
8	343
8	351
8	360
8	369
8	378
8	387
8	396
8	405
8	415
8	425
8	435
8	445
8	455
8	465
8	476
8	489
9	188
9	199
9	208
9	217
9	225
9	233
9	240
9	247
9	254
9	260
9	266
9	272
9	278
9	284
9	290
9	296
9	302
9	308
9	314
9	320
9	326
9	332
9	338
9	344
9	350
9	357
9	364
9	371
9	378
9	385
9	393
9	401
9	409
9	417
9	425
9	433
9	441
9	449
9	458
9	467
9	476
9	486
9	497
9	510
10	180
10	190
10	199
10	207
10	214
10	221
10	227
10	233
10	239
10	244
10	250
10	255
10	260
10	265
10	270
10	275
10	280
10	285
10	290
10	295
10	300
10	305
10	310
10	315
10	320
10	325
10	330
10	335
10	340
10	345
10	350
10	356
10	361
10	367
10	373
10	379
10	385
10	391
10	397
10	403
10	409
10	415
10	421
10	427
10	433
10	439
10	445
10	452
10	459
10	466
10	473
10	481
10	489
10	498
10	508
10	520
11	180
11	190
11	199
11	207
11	214
11	221
11	227
11	233
11	239
11	245
11	250
11	255
11	260
11	265
11	270
11	275
11	280
11	284
11	289
11	293
11	298
11	302
11	307
11	311
11	316
11	320
11	325
11	329
11	334
11	338
11	343
11	347
11	352
11	357
11	362
11	367
11	372
11	377
11	382
11	387
11	393
11	398
11	404
11	409
11	415
11	421
11	427
11	433
11	439
11	445
11	451
11	457
11	464
11	471
11	478
11	486
11	495
11	505
11	516
12	179
12	189
12	198
12	206
12	213
12	220
12	226
12	232
12	238
12	243
12	249
12	254
12	259
12	264
12	269
12	274
12	279
12	284
12	289
12	294
12	299
12	304
12	309
12	314
12	319
12	324
12	329
12	334
12	339
12	344
12	349
12	354
12	359
12	365
12	370
12	376
12	382
12	388
12	394
12	401
12	408
12	415
12	422
12	429
12	436
12	443
12	450
12	457
12	465
12	473
12	482
12	492
12	503
13	181
13	191
13	200
13	208
13	215
13	222
13	228
13	234
13	240
13	245
13	251
13	256
13	261
13	266
13	271
13	276
13	281
13	286
13	291
13	296
13	301
13	306
13	311
13	316
13	321
13	326
13	331
13	336
13	341
13	346
13	351
13	357
13	362
13	368
13	374
13	380
13	386
13	392
13	398
13	404
13	410
13	416
13	422
13	428
13	435
13	442
13	449
13	456
13	463
13	471
13	479
13	488
13	497
13	508
14	179
14	189
14	198
14	205
14	212
14	218
14	223
14	229
14	234
14	239
14	244
14	249
14	253
14	258
14	262
14	267
14	271
14	276
14	280
14	284
14	289
14	293
14	297
14	301
14	305
14	309
14	313
14	317
14	321
14	325
14	329
14	333
14	337
14	341
14	346
14	350
14	355
14	359
14	364
14	368
14	373
14	377
14	382
14	387
14	392
14	397
14	402
14	407
14	412
14	417
14	422
14	427
14	432
14	437
14	443
14	448
14	454
14	460
14	466
14	472
14	478
14	485
14	492
14	500
14	508
14	517
14	527
15	171
15	181
15	189
15	195
15	201
15	207
15	212
15	217
15	222
15	227
15	231
15	236
15	240
15	244
15	249
15	252
15	257
15	260
15	264
15	268
15	272
15	275
15	279
15	282
15	286
15	289
15	293
15	296
15	300
15	303
15	306
15	310
15	313
15	316
15	320
15	323
15	326
15	330
15	333
15	336
15	340
15	343
15	346
15	350
15	353
15	357
15	360
15	364
15	367
15	371
15	374
15	378
15	381
15	385
15	388
15	392
15	396
15	399
15	403
15	407
15	411
15	415
15	419
15	423
15	427
15	431
15	435
15	439
15	443
15	447
15	451
15	455
15	459
15	464
15	468
15	473
15	478
15	483
15	488
15	494
15	500
15	506
15	513
15	520
15	528
15	537
15	548
16	169
16	178
16	185
16	191
16	196
16	201
16	206
16	211
16	215
16	220
16	223
16	228
16	231
16	235
16	239
16	243
16	246
16	250
16	253
16	257
16	260
16	263
16	267
16	270
16	273
16	276
16	279
16	282
16	285
16	288
16	291
16	293
16	297
16	299
16	302
16	305
16	307
16	310
16	313
16	315
16	318
16	321
16	323
16	326
16	329
16	332
16	335
16	337
16	341
16	343
16	346
16	349
16	352
16	355
16	358
16	361
16	364
16	367
16	370
16	373
16	376
16	379
16	383
16	386
16	389
16	393
16	396
16	400
16	403
16	407
16	411
16	415
16	419
16	423
16	427
16	431
16	435
16	439
16	443
16	447
16	451
16	455
16	459
16	464
16	468
16	473
16	477
16	482
16	487
16	492
16	497
16	503
16	509
16	515
16	522
16	529
16	537
16	546
16	556
17	168
17	177
17	183
17	189
17	194
17	199
17	203
17	208
17	212
17	216
17	220
17	223
17	227
17	230
17	234
17	237
17	241
17	244
17	248
17	251
17	255
17	258
17	262
17	265
17	268
17	272
17	275
17	278
17	282
17	285
17	289
17	292
17	296
17	299
17	303
17	306
17	310
17	313
17	317
17	320
17	324
17	327
17	331
17	334
17	338
17	341
17	345
17	348
17	352
17	356
17	359
17	364
17	367
17	371
17	375
17	379
17	383
17	387
17	391
17	396
17	400
17	405
17	409
17	414
17	418
17	423
17	428
17	433
17	438
17	443
17	448
17	453
17	458
17	463
17	468
17	473
17	478
17	484
17	489
17	495
17	501
17	507
17	514
17	521
17	528
17	535
17	543
17	552
17	562
17	574
18	168
18	177
18	184
18	191
18	197
18	202
18	207
18	212
18	216
18	221
18	225
18	230
18	234
18	238
18	243
18	247
18	252
18	256
18	260
18	265
18	269
18	273
18	277
18	281
18	286
18	290
18	294
18	299
18	303
18	308
18	312
18	317
18	321
18	326
18	330
18	335
18	339
18	344
18	348
18	353
18	358
18	363
18	368
18	373
18	378
18	384
18	389
18	395
18	401
18	407
18	413
18	419
18	426
18	433
18	440
18	446
18	453
18	459
18	466
18	473
18	480
18	487
18	494
18	501
18	508
18	516
18	523
18	531
18	539
18	547
18	556
18	566
18	578
19	178
19	188
19	197
19	205
19	212
19	219
19	226
19	233
19	240
19	247
19	254
19	261
19	268
19	275
19	282
19	289
19	296
19	303
19	310
19	317
19	324
19	331
19	338
19	346
19	354
19	362
19	370
19	378
19	386
19	394
19	402
19	410
19	418
19	426
19	434
19	442
19	450
19	458
19	466
19	474
19	482
19	490
19	498
19	507
19	516
19	524
19	533
19	542
19	551
19	561
19	574
20	181
20	192
20	201
20	210
20	218
20	226
20	234
20	242
20	250
20	258
20	266
20	274
20	282
20	290
20	298
20	306
20	314
20	322
20	330
20	338
20	346
20	354
20	362
20	370
20	378
20	386
20	393
20	400
20	407
20	414
20	421
20	428
20	435
20	442
20	449
20	456
20	463
20	470
20	477
20	484
20	491
20	498
20	505
20	513
20	521
20	529
20	538
20	548
20	559
21	181
21	191
21	200
21	208
21	215
21	222
21	229
21	236
21	243
21	250
21	257
21	263
21	270
21	276
21	282
21	288
21	294
21	300
21	305
21	311
21	316
21	322
21	327
21	332
21	337
21	342
21	347
21	352
21	357
21	362
21	367
21	372
21	377
21	382
21	387
21	392
21	397
21	401
21	406
21	410
21	415
21	419
21	424
21	428
21	432
21	436
21	440
21	444
21	448
21	452
21	456
21	460
21	465
21	469
21	474
21	478
21	483
21	488
21	493
21	498
21	503
21	508
21	513
21	519
21	525
21	531
21	538
21	545
21	553
21	563
22	179
22	189
22	197
22	204
22	210
22	216
22	222
22	227
22	232
22	237
22	242
22	247
22	252
22	256
22	261
22	265
22	270
22	273
22	278
22	281
22	285
22	289
22	292
22	296
22	299
22	303
22	306
22	309
22	313
22	315
22	319
22	322
22	325
22	328
22	331
22	334
22	337
22	340
22	343
22	346
22	349
22	352
22	355
22	358
22	361
22	364
22	367
22	370
22	372
22	375
22	378
22	381
22	383
22	386
22	389
22	391
22	394
22	396
22	399
22	401
22	404
22	406
22	409
22	411
22	414
22	416
22	419
22	421
22	423
22	426
22	428
22	431
22	433
22	435
22	438
22	440
22	442
22	445
22	447
22	449
22	452
22	454
22	457
22	459
22	462
22	464
22	467
22	469
22	472
22	475
22	478
22	480
22	484
22	487
22	490
22	494
22	497
22	500
22	504
22	507
22	511
22	515
22	519
22	523
22	528
22	533
22	538
22	544
22	550
22	557
22	565
22	574
23	173
23	182
23	190
23	196
23	202
23	206
23	211
23	215
23	220
23	223
23	227
23	231
23	234
23	238
23	241
23	244
23	248
23	251
23	253
23	257
23	259
23	262
23	265
23	267
23	270
23	272
23	275
23	277
23	280
23	282
23	283
23	286
23	288
23	290
23	292
23	294
23	296
23	298
23	300
23	302
23	304
23	306
23	308
23	310
23	312
23	313
23	315
23	317
23	319
23	321
23	322
23	324
23	326
23	328
23	329
23	331
23	333
23	335
23	336
23	338
23	340
23	342
23	343
23	345
23	347
23	349
23	350
23	352
23	354
23	355
23	357
23	359
23	361
23	362
23	364
23	366
23	367
23	369
23	371
23	372
23	374
23	376
23	377
23	379
23	381
23	382
23	384
23	386
23	387
23	389
23	391
23	392
23	394
23	396
23	397
23	399
23	401
23	402
23	404
23	406
23	407
23	409
23	411
23	412
23	414
23	416
23	417
23	419
23	421
23	423
23	424
23	426
23	428
23	430
23	431
23	433
23	435
23	437
23	438
23	440
23	443
23	444
23	446
23	448
23	450
23	452
23	454
23	456
23	458
23	460
23	463
23	465
23	467
23	469
23	472
23	474
23	477
23	479
23	482
23	485
23	487
23	490
23	494
23	496
23	499
23	503
23	506
23	509
23	513
23	517
23	520
23	525
23	528
23	533
23	538
23	543
23	549
23	555
23	562
23	570
23	580
24	169
24	178
24	184
24	190
24	194
24	199
24	202
24	206
24	210
24	212
24	216
24	219
24	222
24	225
24	228
24	231
24	233
24	236
24	239
24	241
24	243
24	246
24	248
24	250
24	252
24	255
24	256
24	259
24	261
24	263
24	265
24	267
24	269
24	271
24	273
24	275
24	277
24	279
24	281
24	282
24	285
24	286
24	288
24	290
24	292
24	293
24	295
24	297
24	299
24	300
24	302
24	304
24	306
24	307
24	309
24	311
24	312
24	314
24	316
24	318
24	319
24	321
24	323
24	325
24	326
24	328
24	330
24	332
24	333
24	335
24	337
24	339
24	340
24	342
24	344
24	346
24	347
24	349
24	351
24	353
24	355
24	356
24	358
24	360
24	362
24	364
24	366
24	367
24	370
24	371
24	374
24	375
24	378
24	379
24	382
24	384
24	386
24	388
24	390
24	393
24	395
24	397
24	399
24	402
24	404
24	406
24	409
24	411
24	414
24	416
24	419
24	421
24	424
24	427
24	429
24	432
24	435
24	437
24	440
24	443
24	445
24	448
24	451
24	454
24	456
24	460
24	462
24	466
24	468
24	472
24	475
24	478
24	482
24	485
24	489
24	492
24	496
24	500
24	504
24	508
24	513
24	517
24	522
24	527
24	532
24	538
24	544
24	551
24	558
24	567
24	577
25	163
25	171
25	177
25	182
25	186
25	191
25	193
25	197
25	200
25	203
25	206
25	209
25	212
25	214
25	218
25	220
25	223
25	225
25	228
25	231
25	233
25	236
25	238
25	241
25	243
25	246
25	248
25	251
25	253
25	256
25	258
25	261
25	263
25	266
25	268
25	271
25	274
25	276
25	279
25	282
25	284
25	287
25	290
25	292
25	295
25	298
25	301
25	303
25	307
25	309
25	312
25	315
25	318
25	320
25	324
25	326
25	329
25	332
25	335
25	338
25	341
25	344
25	347
25	350
25	354
25	356
25	360
25	363
25	366
25	370
25	373
25	377
25	380
25	384
25	387
25	391
25	394
25	398
25	401
25	405
25	408
25	412
25	415
25	419
25	422
25	426
25	429
25	433
25	436
25	440
25	443
25	447
25	450
25	454
25	458
25	462
25	466
25	470
25	475
25	479
25	484
25	489
25	495
25	501
25	507
25	514
25	521
25	528
25	535
25	543
25	551
25	560
25	571
26	163
26	171
26	177
26	182
26	186
26	191
26	193
26	198
26	201
26	204
26	208
26	211
26	214
26	217
26	221
26	223
26	227
26	230
26	233
26	236
26	239
26	242
26	245
26	248
26	251
26	255
26	257
26	261
26	264
26	267
26	271
26	274
26	278
26	281
26	285
26	288
26	292
26	295
26	299
26	302
26	306
26	309
26	313
26	316
26	320
26	323
26	327
26	330
26	334
26	338
26	342
26	346
26	350
26	354
26	358
26	362
26	367
26	371
26	376
26	380
26	385
26	390
26	395
26	400
26	405
26	411
26	416
26	422
26	428
26	434
26	440
26	446
26	453
26	460
26	467
26	474
26	482
26	491
26	500
26	510
26	521
26	533
27	168
27	177
27	184
27	190
27	195
27	201
27	205
27	210
27	214
27	219
27	222
27	227
27	230
27	234
27	238
27	242
27	246
27	250
27	254
27	258
27	262
27	266
27	270
27	275
27	279
27	284
27	288
27	293
27	298
27	303
27	308
27	313
27	318
27	324
27	330
27	336
27	342
27	349
27	356
27	363
27	370
27	377
27	385
27	393
27	401
27	409
27	417
27	425
27	433
27	442
27	451
27	460
27	470
27	481
28	178
28	188
28	196
28	203
28	210
28	216
28	222
28	228
28	234
28	240
28	246
28	252
28	258
28	264
28	270
28	276
28	282
28	288
28	294
28	300
28	306
28	312
28	318
28	324
28	331
28	338
28	345
28	353
28	361
28	370
28	379
28	389
28	400
28	413
29	182
29	192
29	201
29	209
29	217
29	225
29	232
29	239
29	246
29	253
29	260
29	267
29	274
29	281
29	288
29	296
29	304
29	312
29	321
29	330
29	340
30	207
30	218
30	228
30	237
30	246
30	254
30	262
30	269
30	276
30	283
30	290
30	297
30	304
30	312
30	320
30	329
30	339
30	350
31	212
31	223
31	232
31	241
31	249
31	257
31	265
31	273
31	281
31	289
31	297
31	305
31	314
31	324
31	334
31	345
31	356
31	368
31	380
31	392
32	202
32	213
32	224
32	234
32	244
32	255
32	266
32	277
32	288
32	299
32	310
32	321
32	331
32	341
32	350
32	359
32	368
32	377
32	386
32	395
32	405
32	416
33	209
33	220
33	231
33	242
33	253
33	264
33	276
33	287
33	298
33	309
33	320
33	330
33	340
33	350
33	360
33	370
33	380
33	392
34	211
34	222
34	232
34	242
34	253
34	264
34	275
34	286
34	297
34	307
34	317
34	328
34	339
34	354
35	202
35	213
35	224
35	235
35	246
35	257
35	268
35	278
35	288
35	297
35	306
35	315
35	324
35	334
35	344
35	355
36	216
36	228
36	240
36	252
36	265
36	277
36	289
36	300
36	311
36	322
36	335
37	301
37	312
37	322
37	332
37	342
37	352
37	362
37	373
37	385
38	286
38	296
38	305
38	313
38	320
38	327
38	334
38	341
38	348
38	355
38	362
38	369
38	377
38	385
38	394
38	404
39	291
39	302
39	312
39	321
39	330
39	339
39	348
39	357
39	367
41	320
41	331
41	341
41	351
41	361
41	372
58	222
58	233
58	244
58	255
58	266
59	221
59	233
59	245
61	202
61	213
61	224
61	235
62	191
62	201
62	210
62	218
62	226
62	234
62	242
62	250
62	259
62	269
62	280
63	187
63	196
63	203
63	209
63	214
63	220
63	225
63	230
63	235
63	240
63	246
63	251
63	257
63	263
63	270
63	277
63	285
63	293
63	302
63	311
63	321
63	332
63	343
63	356
64	180
64	189
64	195
64	201
64	205
64	210
64	214
64	219
64	223
64	228
64	233
64	238
64	243
64	248
64	254
64	260
64	266
64	273
64	280
64	287
64	295
64	303
64	312
64	321
64	331
64	341
64	352
64	363
64	375
64	387
64	401
65	177
65	185
65	192
65	198
65	204
65	209
65	215
65	220
65	226
65	232
65	238
65	244
65	250
65	256
65	262
65	268
65	274
65	281
65	287
65	294
65	301
65	308
65	315
65	322
65	329
65	336
65	343
65	350
65	357
65	365
65	373
65	381
65	389
65	397
65	405
65	413
65	421
65	429
65	437
65	445
65	453
65	461
65	469
65	478
65	487
65	496
65	505
65	515
65	525
65	535
66	177
66	186
66	194
66	202
66	209
66	216
66	222
66	228
66	234
66	240
66	245
66	251
66	256
66	261
66	266
66	271
66	275
66	280
66	284
66	289
66	293
66	298
66	302
66	306
66	310
66	314
66	318
66	322
66	326
66	330
66	334
66	338
66	342
66	346
66	350
66	354
66	358
66	362
66	366
66	370
66	374
66	378
66	382
66	386
66	390
66	394
66	398
66	402
66	406
66	410
66	415
66	419
66	423
66	428
66	432
66	437
66	441
66	446
66	450
66	455
66	459
66	464
66	468
66	473
66	477
66	482
66	487
66	492
66	497
66	502
66	507
66	512
66	517
66	522
66	528
66	534
66	540
66	547
66	555
66	564
66	575
67	189
67	199
67	207
67	213
67	219
67	224
67	229
67	233
67	238
67	241
67	245
67	249
67	252
67	255
67	259
67	261
67	264
67	267
67	270
67	272
67	275
67	278
67	280
67	283
67	285
67	288
67	290
67	293
67	295
67	298
67	300
67	302
67	305
67	307
67	309
67	312
67	314
67	316
67	319
67	321
67	323
67	326
67	328
67	330
67	333
67	335
67	337
67	340
67	342
67	344
67	346
67	349
67	351
67	353
67	356
67	358
67	360
67	363
67	365
67	367
67	370
67	372
67	374
67	377
67	379
67	381
67	384
67	386
67	388
67	391
67	393
67	395
67	398
67	400
67	402
67	405
67	407
67	409
67	412
67	414
67	416
67	419
67	421
67	423
67	426
67	428
67	430
67	433
67	435
67	437
67	440
67	442
67	444
67	447
67	449
67	452
67	454
67	457
67	459
67	462
67	464
67	467
67	469
67	472
67	474
67	477
67	479
67	482
67	485
67	487
67	490
67	493
67	496
67	498
67	502
67	504
67	508
67	510
67	514
67	517
67	520
67	524
67	527
67	531
67	535
67	539
67	544
67	548
67	554
67	559
67	566
67	574
67	583
68	189
68	198
68	204
68	210
68	214
68	219
68	222
68	225
68	229
68	232
68	234
68	237
68	240
68	242
68	244
68	247
68	249
68	251
68	253
68	255
68	257
68	259
68	261
68	263
68	264
68	267
68	268
68	270
68	272
68	273
68	275
68	277
68	279
68	280
68	282
68	283
68	285
68	287
68	288
68	290
68	292
68	293
68	294
68	296
68	298
68	299
68	301
68	302
68	304
68	305
68	307
68	308
68	310
68	311
68	313
68	314
68	316
68	317
68	319
68	320
68	322
68	323
68	325
68	326
68	328
68	329
68	331
68	332
68	334
68	335
68	337
68	338
68	340
68	341
68	343
68	344
68	346
68	347
68	349
68	350
68	352
68	353
68	355
68	356
68	358
68	359
68	361
68	362
68	364
68	365
68	367
68	368
68	370
68	371
68	373
68	375
68	376
68	377
68	379
68	381
68	382
68	384
68	385
68	387
68	389
68	390
68	392
68	393
68	395
68	397
68	398
68	400
68	401
68	403
68	405
68	406
68	408
68	410
68	411
68	413
68	415
68	416
68	418
68	420
68	421
68	423
68	425
68	427
68	428
68	430
68	432
68	434
68	435
68	437
68	439
68	441
68	443
68	444
68	446
68	448
68	450
68	452
68	454
68	456
68	458
68	460
68	462
68	464
68	466
68	468
68	470
68	473
68	475
68	477
68	479
68	482
68	484
68	487
68	489
68	492
68	495
68	497
68	500
68	504
68	506
68	510
68	513
68	517
68	521
68	525
68	529
68	534
68	539
68	545
68	552
68	560
68	570
69	184
69	192
69	199
69	203
69	208
69	212
69	214
69	219
69	221
69	224
69	227
69	230
69	232
69	234
69	237
69	239
69	241
69	243
69	245
69	248
69	249
69	252
69	253
69	255
69	257
69	259
69	261
69	262
69	265
69	266
69	268
69	270
69	272
69	273
69	275
69	277
69	279
69	281
69	282
69	284
69	286
69	288
69	290
69	291
69	293
69	295
69	297
69	299
69	300
69	303
69	304
69	306
69	308
69	310
69	312
69	314
69	316
69	318
69	319
69	322
69	324
69	325
69	328
69	329
69	332
69	334
69	335
69	338
69	340
69	342
69	344
69	346
69	348
69	350
69	353
69	354
69	357
69	359
69	361
69	364
69	366
69	368
69	370
69	373
69	375
69	377
69	380
69	382
69	385
69	387
69	390
69	393
69	395
69	398
69	401
69	404
69	407
69	410
69	413
69	416
69	419
69	423
69	426
69	430
69	433
69	437
69	441
69	445
69	449
69	454
69	458
69	464
69	469
69	475
69	482
69	489
69	497
69	507
70	187
70	195
70	202
70	209
70	215
70	221
70	226
70	232
70	237
70	242
70	247
70	252
70	258
70	263
70	269
70	275
70	282
70	289
70	297
70	305
70	314
70	324
70	335
70	347
71	506
71	518
71	530
72	247
72	259
72	270
72	280
72	290
72	300
72	310
72	319
72	328
72	337
72	346
72	355
72	364
72	372
72	380
72	388
72	396
72	404
72	412
72	420
72	427
72	434
72	441
72	448
72	455
72	462
72	469
72	476
72	483
72	490
72	496
72	502
72	508
72	514
72	520
72	526
72	532
72	538
72	544
72	551
72	558
72	566
72	575
73	202
73	212
73	220
73	227
73	234
73	240
73	246
73	252
73	257
73	262
73	267
73	272
73	277
73	282
73	287
73	291
73	296
73	300
73	305
73	309
73	314
73	318
73	323
73	327
73	331
73	335
73	339
73	343
73	347
73	351
73	355
73	359
73	363
73	367
73	371
73	375
73	379
73	383
73	387
73	391
73	395
73	399
73	403
73	407
73	411
73	415
73	419
73	422
73	426
73	430
73	433
73	437
73	441
73	444
73	448
73	452
73	455
73	459
73	462
73	466
73	469
73	473
73	476
73	480
73	483
73	487
73	490
73	494
73	497
73	501
73	504
73	508
73	511
73	515
73	518
73	522
73	525
73	528
73	532
73	535
73	539
73	542
73	546
73	549
73	554
73	557
73	562
73	567
73	572
73	578
73	585
73	593
73	603
74	191
74	200
74	208
74	214
74	220
74	224
74	229
74	233
74	237
74	241
74	245
74	249
74	252
74	256
74	260
74	263
74	267
74	270
74	274
74	277
74	281
74	284
74	287
74	291
74	294
74	297
74	301
74	304
74	307
74	311
74	314
74	317
74	321
74	323
74	327
74	330
74	333
74	336
74	339
74	342
74	345
74	348
74	351
74	354
74	357
74	360
74	363
74	366
74	369
74	372
74	375
74	378
74	381
74	384
74	387
74	390
74	393
74	396
74	399
74	402
74	405
74	408
74	411
74	414
74	417
74	420
74	423
74	426
74	429
74	432
74	435
74	438
74	441
74	444
74	447
74	450
74	453
74	456
74	459
74	462
74	465
74	468
74	472
74	475
74	478
74	482
74	485
74	488
74	492
74	495
74	498
74	502
74	505
74	509
74	512
74	516
74	519
74	523
74	526
74	530
74	534
74	537
74	541
74	545
74	549
74	554
74	558
74	564
74	569
74	576
74	583
74	591
74	602
75	192
75	201
75	209
75	215
75	221
75	227
75	232
75	238
75	243
75	248
75	253
75	258
75	263
75	268
75	273
75	278
75	283
75	288
75	294
75	299
75	305
75	311
75	317
75	323
75	329
75	335
75	341
75	347
75	353
75	359
75	365
75	371
75	377
75	384
75	391
75	398
75	405
75	412
75	419
75	426
75	433
75	440
75	448
75	456
75	464
75	473
75	482
75	492
75	502
75	514
-1	-1
