-1	-1
7	241
7	253
7	265
7	277
7	289
7	303
8	220
8	231
8	242
8	252
8	262
8	272
8	282
8	293
8	304
8	315
9	222
9	233
9	244
9	254
9	264
9	274
9	284
9	294
9	304
9	314
9	324
9	335
9	346
9	356
9	366
9	376
9	386
9	396
9	407
10	258
10	270
10	281
10	292
10	303
10	314
10	325
10	336
10	346
10	356
10	366
10	376
10	386
10	395
10	405
10	415
10	427
11	350
11	362
11	373
11	383
11	393
11	403
11	413
11	425
13	192
13	203
13	213
13	223
13	233
13	243
13	253
13	262
13	271
13	281
13	291
13	301
13	311
13	322
13	334
14	189
14	199
14	208
14	217
14	225
14	233
14	241
14	249
14	257
14	265
14	273
14	281
14	289
14	297
14	305
14	313
14	322
14	331
14	341
14	351
14	362
15	188
15	198
15	206
15	214
15	222
15	229
15	236
15	243
15	250
15	257
15	264
15	271
15	278
15	285
15	292
15	299
15	306
15	313
15	320
15	327
15	335
15	343
15	351
15	360
15	369
15	379
16	183
16	193
16	202
16	210
16	217
16	224
16	231
16	237
16	243
16	249
16	255
16	261
16	267
16	273
16	279
16	285
16	291
16	297
16	303
16	309
16	315
16	321
16	327
16	333
16	339
16	345
16	352
16	359
16	366
16	374
16	382
16	391
16	402
17	179
17	188
17	196
17	203
17	209
17	215
17	221
17	226
17	231
17	236
17	241
17	246
17	251
17	255
17	260
17	264
17	269
17	273
17	278
17	282
17	287
17	291
17	295
17	300
17	304
17	308
17	312
17	316
17	320
17	325
17	329
17	334
17	338
17	343
17	347
17	352
17	357
17	362
17	367
17	372
17	377
17	383
17	388
17	395
17	402
17	410
17	419
17	429
18	177
18	186
18	193
18	200
18	205
18	211
18	215
18	220
18	224
18	228
18	232
18	236
18	240
18	244
18	248
18	251
18	255
18	258
18	262
18	265
18	269
18	272
18	276
18	279
18	283
18	286
18	290
18	293
18	296
18	300
18	303
18	306
18	309
18	312
18	315
18	318
18	321
18	324
18	327
18	330
18	333
18	336
18	339
18	342
18	346
18	348
18	352
18	355
18	358
18	362
18	365
18	369
18	372
18	376
18	379
18	384
18	387
18	392
18	396
18	401
18	406
18	412
18	418
18	425
18	433
18	442
18	453
19	173
19	182
19	190
19	196
19	202
19	207
19	212
19	217
19	221
19	226
19	230
19	234
19	238
19	242
19	246
19	250
19	253
19	257
19	260
19	263
19	267
19	270
19	273
19	277
19	280
19	283
19	286
19	289
19	292
19	295
19	298
19	301
19	304
19	307
19	310
19	312
19	315
19	318
19	320
19	323
19	326
19	328
19	331
19	333
19	336
19	338
19	341
19	343
19	346
19	348
19	351
19	354
19	356
19	359
19	362
19	364
19	367
19	370
19	372
19	375
19	378
19	380
19	384
19	386
19	389
19	393
19	396
19	399
19	403
19	407
19	411
19	416
19	420
19	426
19	431
19	437
19	444
19	452
19	461
20	174
20	183
20	191
20	197
20	202
20	207
20	212
20	216
20	221
20	224
20	229
20	232
20	236
20	240
20	243
20	247
20	250
20	253
20	257
20	260
20	263
20	266
20	269
20	272
20	275
20	278
20	281
20	284
20	287
20	290
20	293
20	296
20	299
20	302
20	304
20	308
20	310
20	313
20	316
20	318
20	321
20	324
20	326
20	329
20	331
20	334
20	336
20	339
20	341
20	344
20	346
20	349
20	351
20	353
20	356
20	358
20	361
20	363
20	366
20	368
20	371
20	373
20	376
20	378
20	381
20	384
20	386
20	389
20	392
20	395
20	398
20	402
20	405
20	409
20	413
20	417
20	422
20	427
20	433
20	439
20	446
20	454
20	464
21	173
21	182
21	189
21	195
21	201
21	205
21	210
21	214
21	218
21	222
21	225
21	229
21	232
21	236
21	239
21	242
21	245
21	249
21	251
21	255
21	257
21	261
21	263
21	266
21	269
21	272
21	274
21	277
21	280
21	282
21	285
21	288
21	290
21	293
21	295
21	298
21	300
21	303
21	305
21	308
21	310
21	312
21	315
21	317
21	319
21	322
21	323
21	326
21	328
21	330
21	332
21	334
21	336
21	339
21	340
21	343
21	345
21	347
21	349
21	351
21	353
21	355
21	357
21	359
21	361
21	364
21	365
21	368
21	370
21	372
21	374
21	377
21	379
21	381
21	384
21	386
21	388
21	391
21	394
21	396
21	399
21	402
21	405
21	408
21	411
21	415
21	418
21	422
21	426
21	431
21	436
21	442
21	448
21	455
21	464
21	475
22	171
22	180
22	186
22	192
22	196
22	201
22	205
22	209
22	213
22	217
22	221
22	224
22	228
22	231
22	235
22	238
22	241
22	245
22	248
22	251
22	254
22	257
22	260
22	263
22	266
22	269
22	272
22	275
22	278
22	281
22	284
22	287
22	290
22	292
22	295
22	298
22	301
22	303
22	306
22	309
22	311
22	314
22	317
22	319
22	322
22	324
22	327
22	329
22	332
22	334
22	337
22	339
22	342
22	344
22	347
22	349
22	352
22	354
22	357
22	359
22	362
22	364
22	367
22	369
22	372
22	374
22	377
22	379
22	382
22	385
22	387
22	390
22	393
22	396
22	399
22	402
22	406
22	408
22	413
22	416
22	420
22	425
22	429
22	435
22	440
22	447
22	454
22	463
22	474
23	171
23	180
23	186
23	192
23	197
23	202
23	206
23	211
23	214
23	219
23	222
23	226
23	230
23	233
23	237
23	241
23	244
23	248
23	252
23	255
23	259
23	263
23	266
23	270
23	274
23	278
23	282
23	286
23	290
23	294
23	298
23	302
23	306
23	310
23	314
23	318
23	322
23	326
23	330
23	334
23	338
23	342
23	346
23	350
23	354
23	358
23	362
23	366
23	370
23	374
23	378
23	382
23	386
23	390
23	394
23	398
23	403
23	407
23	412
23	417
23	423
23	429
23	436
23	444
23	453
23	464
24	177
24	186
24	194
24	201
24	208
24	214
24	220
24	226
24	232
24	238
24	244
24	250
24	256
24	262
24	268
24	274
24	280
24	286
24	292
24	298
24	304
24	310
24	316
24	322
24	328
24	334
24	340
24	346
24	352
24	358
24	365
24	371
24	378
24	384
24	391
24	398
24	405
24	412
24	420
24	428
24	437
24	447
25	192
25	203
25	213
25	223
25	232
25	241
25	250
25	259
25	268
25	277
25	286
25	295
25	304
25	313
25	322
25	331
25	340
25	349
25	358
25	367
25	376
25	386
25	396
25	406
25	417
25	429
26	201
26	213
26	224
26	234
26	244
26	254
26	264
26	274
26	284
26	293
26	303
26	313
26	323
26	333
26	343
26	354
26	365
26	376
26	388
27	202
27	214
27	225
27	235
27	245
27	255
27	265
27	275
27	285
27	295
27	305
27	315
27	325
27	335
27	346
27	357
27	368
27	380
27	394
28	206
28	217
28	227
28	237
28	246
28	255
28	264
28	273
28	282
28	290
28	298
28	306
28	314
28	322
28	331
28	340
28	349
28	358
28	368
28	378
28	388
28	399
28	410
28	422
28	434
28	446
29	193
29	203
29	212
29	220
29	228
29	235
29	242
29	249
29	256
29	263
29	270
29	277
29	283
29	290
29	296
29	302
29	308
29	315
29	321
29	328
29	335
29	342
29	349
29	356
29	363
29	370
29	377
29	385
29	393
29	401
29	410
29	419
29	428
29	437
29	446
29	455
29	465
29	476
30	187
30	196
30	204
30	211
30	217
30	223
30	228
30	233
30	238
30	243
30	248
30	253
30	258
30	262
30	267
30	271
30	276
30	280
30	285
30	289
30	294
30	298
30	303
30	308
30	313
30	318
30	323
30	328
30	333
30	338
30	343
30	348
30	353
30	358
30	363
30	368
30	373
30	379
30	384
30	390
30	396
30	402
30	408
30	415
30	422
30	429
30	436
30	443
30	450
30	457
30	465
30	474
30	484
31	180
31	190
31	197
31	203
31	209
31	213
31	218
31	222
31	226
31	230
31	234
31	238
31	241
31	245
31	248
31	252
31	255
31	259
31	262
31	265
31	269
31	272
31	275
31	278
31	281
31	284
31	287
31	290
31	293
31	296
31	299
31	303
31	306
31	309
31	313
31	316
31	320
31	323
31	327
31	330
31	334
31	337
31	341
31	344
31	348
31	351
31	355
31	358
31	362
31	365
31	369
31	372
31	376
31	379
31	383
31	387
31	390
31	395
31	398
31	403
31	407
31	412
31	417
31	422
31	428
31	434
31	440
31	446
31	453
31	460
31	468
31	477
31	487
32	178
32	187
32	193
32	199
32	203
32	208
32	211
32	215
32	218
32	222
32	224
32	228
32	231
32	233
32	236
32	239
32	242
32	244
32	247
32	250
32	252
32	255
32	257
32	260
32	262
32	265
32	267
32	270
32	272
32	274
32	277
32	279
32	281
32	284
32	286
32	288
32	291
32	293
32	295
32	298
32	300
32	302
32	305
32	307
32	309
32	312
32	314
32	317
32	319
32	321
32	324
32	326
32	329
32	331
32	334
32	336
32	339
32	341
32	344
32	346
32	349
32	351
32	354
32	356
32	359
32	361
32	364
32	366
32	369
32	371
32	374
32	376
32	379
32	381
32	384
32	387
32	389
32	392
32	395
32	398
32	401
32	405
32	408
32	412
32	416
32	420
32	425
32	429
32	435
32	440
32	446
32	452
32	459
32	467
32	476
32	487
33	177
33	184
33	191
33	195
33	200
33	203
33	207
33	211
33	213
33	217
33	220
33	222
33	225
33	228
33	230
33	232
33	235
33	237
33	240
33	242
33	244
33	247
33	249
33	251
33	254
33	256
33	258
33	261
33	263
33	265
33	268
33	270
33	273
33	275
33	278
33	280
33	283
33	285
33	288
33	290
33	293
33	295
33	298
33	300
33	303
33	305
33	308
33	310
33	313
33	315
33	318
33	320
33	323
33	326
33	328
33	331
33	333
33	336
33	339
33	341
33	344
33	346
33	349
33	351
33	354
33	356
33	359
33	361
33	364
33	366
33	369
33	371
33	374
33	377
33	379
33	382
33	385
33	387
33	390
33	394
33	396
33	400
33	403
33	407
33	410
33	415
33	418
33	423
33	428
33	433
33	439
33	446
33	453
33	461
33	471
34	178
34	186
34	192
34	198
34	202
34	207
34	211
34	214
34	218
34	221
34	225
34	228
34	231
34	234
34	237
34	240
34	243
34	246
34	249
34	252
34	255
34	258
34	261
34	264
34	267
34	270
34	274
34	277
34	281
34	285
34	288
34	292
34	296
34	300
34	304
34	308
34	312
34	316
34	320
34	324
34	328
34	332
34	336
34	340
34	344
34	348
34	352
34	356
34	360
34	364
34	368
34	372
34	376
34	381
34	385
34	390
34	395
34	400
34	406
34	412
34	418
34	426
34	435
34	445
35	187
35	196
35	203
35	210
35	216
35	221
35	226
35	231
35	236
35	241
35	246
35	251
35	256
35	261
35	266
35	271
35	277
35	283
35	289
35	296
35	303
35	310
35	317
35	325
35	333
35	341
35	349
35	357
35	365
35	373
35	381
35	389
35	397
35	406
35	417
36	198
36	209
36	219
36	228
36	237
36	246
36	255
36	264
36	274
36	285
37	226
37	237
37	248
37	260
65	246
65	258
65	270
65	281
65	292
65	303
65	314
65	325
65	337
66	198
66	208
66	217
66	225
66	233
66	241
66	249
66	257
66	265
66	273
66	282
66	291
66	300
66	309
66	319
66	329
66	340
66	351
67	190
67	199
67	206
67	212
67	218
67	223
67	228
67	233
67	238
67	242
67	247
67	251
67	256
67	260
67	265
67	270
67	275
67	280
67	285
67	290
67	296
67	302
67	308
67	314
67	321
67	328
67	335
67	343
67	351
67	359
67	367
67	376
67	385
67	394
67	404
67	414
68	190
68	199
68	205
68	211
68	215
68	220
68	223
68	227
68	231
68	234
68	238
68	241
68	244
68	247
68	250
68	253
68	256
68	259
68	262
68	265
68	268
68	271
68	274
68	277
68	280
68	283
68	286
68	289
68	292
68	295
68	298
68	302
68	305
68	308
68	312
68	315
68	319
68	322
68	326
68	330
68	334
68	338
68	342
68	346
68	350
68	355
68	359
68	364
68	368
68	373
68	378
68	384
68	389
68	395
68	402
68	409
68	416
68	424
68	433
68	443
69	193
69	203
69	211
69	217
69	223
69	228
69	233
69	237
69	241
69	245
69	249
69	252
69	256
69	259
69	262
69	266
69	269
69	272
69	275
69	278
69	281
69	284
69	287
69	290
69	292
69	295
69	298
69	301
69	303
69	306
69	309
69	311
69	314
69	317
69	319
69	322
69	325
69	327
69	330
69	333
69	336
69	338
69	342
69	344
69	348
69	350
69	354
69	357
69	360
69	364
69	367
69	371
69	375
69	379
69	383
69	387
69	392
69	396
69	401
69	406
69	411
69	416
69	421
69	426
69	432
69	438
69	445
69	453
69	462
69	474
70	182
70	191
70	199
70	206
70	213
70	220
70	226
70	233
70	239
70	246
70	252
70	259
70	265
70	271
70	277
70	283
70	289
70	294
70	299
70	304
70	309
70	313
70	318
70	322
70	327
70	331
70	336
70	340
70	345
70	349
70	354
70	359
70	363
70	368
70	372
70	377
70	381
70	385
70	389
70	393
70	397
70	401
70	405
70	409
70	413
70	417
70	421
70	425
70	429
70	433
70	437
70	442
70	447
70	452
70	458
70	465
70	472
70	481
70	494
71	179
71	187
71	193
71	199
71	203
71	208
71	212
71	216
71	220
71	224
71	228
71	231
71	235
71	239
71	242
71	246
71	249
71	253
71	256
71	260
71	264
71	267
71	271
71	275
71	278
71	282
71	286
71	290
71	294
71	298
71	302
71	306
71	311
71	315
71	320
71	324
71	329
71	333
71	338
71	342
71	347
71	351
71	355
71	360
71	363
71	367
71	371
71	374
71	378
71	381
71	384
71	388
71	391
71	394
71	398
71	401
71	404
71	408
71	411
71	415
71	418
71	422
71	425
71	429
71	433
71	437
71	441
71	446
71	450
71	456
71	462
71	468
71	476
71	485
72	181
72	190
72	195
72	201
72	204
72	209
72	212
72	216
72	219
72	222
72	225
72	228
72	231
72	233
72	237
72	239
72	242
72	244
72	247
72	250
72	252
72	255
72	257
72	260
72	262
72	265
72	267
72	270
72	272
72	274
72	277
72	279
72	282
72	284
72	286
72	289
72	291
72	294
72	296
72	299
72	301
72	304
72	306
72	309
72	311
72	314
72	316
72	319
72	321
72	324
72	327
72	329
72	332
72	334
72	337
72	340
72	342
72	345
72	347
72	350
72	352
72	355
72	357
72	360
72	362
72	365
72	367
72	370
72	372
72	375
72	377
72	380
72	383
72	385
72	388
72	391
72	394
72	397
72	400
72	404
72	407
72	411
72	415
72	419
72	424
72	428
72	434
72	439
72	446
72	454
72	464
73	207
73	217
73	225
73	232
73	238
73	243
73	249
73	253
73	258
73	262
73	266
73	270
73	273
73	277
73	280
73	283
73	286
73	289
73	292
73	295
73	298
73	301
73	303
73	306
73	309
73	311
73	314
73	316
73	319
73	321
73	324
73	326
73	329
73	331
73	334
73	336
73	339
73	341
73	344
73	346
73	349
73	351
73	354
73	356
73	359
73	362
73	364
73	367
73	370
73	373
73	376
73	379
73	383
73	386
73	390
73	394
73	398
73	402
73	407
73	412
73	417
73	423
73	429
73	436
73	444
73	454
74	309
74	320
74	331
74	342
74	354
74	366
74	377
74	387
74	396
74	404
74	411
74	418
74	425
74	433
74	441
74	450
74	461
75	189
75	199
75	207
75	214
75	221
75	227
75	233
75	239
75	245
75	251
75	257
75	263
75	269
75	276
75	283
75	290
75	297
75	305
75	313
75	321
75	330
75	339
75	348
75	357
75	365
75	372
75	379
75	385
75	391
75	396
75	401
75	406
75	411
75	415
75	420
75	424
75	429
75	434
75	439
75	444
75	450
75	456
75	463
75	471
75	481
76	190
76	200
76	208
76	214
76	220
76	225
76	231
76	235
76	240
76	245
76	250
76	254
76	259
76	263
76	268
76	272
76	277
76	281
76	286
76	290
76	295
76	299
76	304
76	309
76	314
76	319
76	324
76	329
76	334
76	339
76	344
76	349
76	354
76	359
76	364
76	369
76	374
76	379
76	384
76	389
76	394
76	399
76	404
76	409
76	414
76	419
76	425
76	430
76	436
76	442
76	449
76	457
76	466
77	220
77	231
77	241
77	250
77	259
77	267
77	275
77	283
77	291
77	299
77	306
77	313
77	320
77	327
77	334
77	342
77	350
77	358
77	366
77	375
77	385
77	396
-1	-1
