-1	-1
6	172
6	184
6	195
6	206
6	217
6	227
6	237
6	247
6	257
6	267
6	277
6	288
6	299
6	310
6	324
7	159
7	170
7	179
7	188
7	197
7	205
7	213
7	221
7	229
7	237
7	244
7	251
7	258
7	265
7	273
7	281
7	289
7	297
7	305
7	313
7	322
7	331
7	341
8	169
8	180
8	190
8	199
8	207
8	215
8	223
8	230
8	237
8	244
8	251
8	258
8	265
8	272
8	279
8	286
8	293
8	300
8	307
8	314
8	321
8	328
8	336
8	345
8	355
9	161
9	172
9	182
9	191
9	199
9	207
9	214
9	221
9	228
9	234
9	240
9	246
9	252
9	258
9	264
9	270
9	276
9	282
9	288
9	294
9	300
9	306
9	313
9	320
9	327
9	335
9	343
9	352
9	364
10	147
10	155
10	162
10	168
10	174
10	180
10	185
10	190
10	195
10	200
10	205
10	210
10	215
10	220
10	225
10	230
10	235
10	240
10	245
10	250
10	255
10	260
10	265
10	270
10	276
10	282
10	288
10	294
10	300
10	306
10	313
10	320
10	327
10	335
10	344
10	354
11	149
11	159
11	167
11	174
11	180
11	186
11	192
11	198
11	203
11	209
11	214
11	220
11	225
11	231
11	237
11	243
11	249
11	255
11	261
11	268
11	275
11	282
11	290
11	298
11	307
11	316
11	326
11	337
12	147
12	156
12	163
12	170
12	175
12	181
12	186
12	191
12	196
12	201
12	206
12	211
12	216
12	221
12	226
12	231
12	236
12	242
12	247
12	253
12	259
12	266
12	273
12	281
12	290
12	299
12	309
12	320
13	148
13	157
13	164
13	170
13	175
13	180
13	185
13	190
13	194
13	199
13	203
13	208
13	212
13	217
13	221
13	226
13	231
13	236
13	241
13	247
13	253
13	259
13	266
13	274
13	282
13	291
13	301
13	313
14	152
14	161
14	168
14	174
14	180
14	184
14	189
14	193
14	198
14	202
14	206
14	211
14	215
14	220
14	224
14	229
14	234
14	239
14	244
14	249
14	255
14	260
14	266
14	272
14	279
14	286
14	294
14	302
14	312
14	324
15	158
15	167
15	174
15	180
15	186
15	191
15	196
15	201
15	206
15	211
15	216
15	221
15	226
15	231
15	237
15	242
15	248
15	254
15	260
15	266
15	273
15	280
15	287
15	295
15	304
15	314
16	182
16	193
16	203
16	213
16	222
16	231
16	239
16	247
16	255
16	263
16	271
16	280
16	289
16	299
16	310
17	218
17	229
17	240
17	250
17	260
17	270
17	281
17	292
18	200
18	211
18	221
18	231
18	240
18	249
18	258
18	267
18	276
18	286
18	296
18	307
18	320
19	188
19	199
19	209
19	219
19	228
19	237
19	245
19	253
19	261
19	269
19	277
19	285
19	293
19	302
19	311
19	321
19	332
20	166
20	177
20	187
20	196
20	204
20	212
20	219
20	226
20	233
20	239
20	245
20	251
20	257
20	263
20	269
20	275
20	281
20	287
20	293
20	299
20	305
20	312
20	319
20	327
20	335
20	344
20	355
21	157
21	167
21	175
21	183
21	190
21	197
21	203
21	209
21	214
21	220
21	225
21	230
21	234
21	239
21	243
21	248
21	252
21	257
21	261
21	266
21	270
21	275
21	279
21	284
21	288
21	293
21	298
21	303
21	308
21	314
21	320
21	326
21	333
21	340
21	348
21	357
22	150
22	160
22	168
22	174
22	180
22	186
22	191
22	196
22	201
22	205
22	210
22	214
22	218
22	222
22	226
22	230
22	234
22	238
22	242
22	246
22	250
22	254
22	258
22	262
22	266
22	270
22	275
22	279
22	284
22	289
22	294
22	299
22	305
22	311
22	317
22	324
22	331
22	339
22	347
22	357
23	147
23	156
23	163
23	170
23	175
23	181
23	185
23	190
23	194
23	199
23	203
23	207
23	211
23	215
23	219
23	223
23	227
23	231
23	235
23	239
23	243
23	247
23	251
23	255
23	259
23	264
23	268
23	273
23	278
23	283
23	288
23	294
23	300
23	306
23	313
23	320
23	328
23	336
23	345
23	355
24	148
24	157
24	164
24	171
24	177
24	183
24	188
24	193
24	198
24	203
24	207
24	212
24	216
24	221
24	225
24	229
24	234
24	238
24	242
24	247
24	251
24	256
24	260
24	265
24	270
24	275
24	280
24	286
24	292
24	298
24	305
24	312
24	320
24	328
24	337
24	346
24	357
25	148
25	157
25	164
25	171
25	177
25	182
25	187
25	192
25	197
25	201
25	206
25	210
25	214
25	218
25	222
25	226
25	230
25	234
25	238
25	241
25	245
25	249
25	252
25	256
25	260
25	264
25	268
25	272
25	276
25	280
25	284
25	288
25	293
25	297
25	302
25	307
25	313
25	318
25	324
25	330
25	337
25	344
25	352
25	361
25	373
26	148
26	157
26	164
26	170
26	175
26	180
26	183
26	188
26	191
26	195
26	198
26	202
26	205
26	208
26	211
26	214
26	217
26	220
26	223
26	226
26	229
26	231
26	234
26	237
26	239
26	242
26	245
26	247
26	250
26	253
26	255
26	258
26	260
26	263
26	266
26	268
26	271
26	274
26	276
26	279
26	282
26	285
26	288
26	291
26	294
26	297
26	300
26	304
26	307
26	311
26	315
26	318
26	323
26	327
26	331
26	336
26	341
26	346
26	352
26	358
26	365
26	373
26	383
27	143
27	151
27	158
27	163
27	168
27	172
27	175
27	179
27	182
27	184
27	187
27	190
27	192
27	194
27	197
27	199
27	202
27	203
27	206
27	208
27	210
27	212
27	214
27	216
27	218
27	220
27	222
27	224
27	226
27	228
27	230
27	231
27	233
27	235
27	237
27	239
27	240
27	242
27	244
27	246
27	247
27	249
27	251
27	253
27	254
27	256
27	258
27	260
27	261
27	263
27	265
27	267
27	268
27	270
27	272
27	274
27	276
27	277
27	279
27	281
27	283
27	285
27	287
27	288
27	291
27	293
27	295
27	297
27	299
27	301
27	304
27	306
27	308
27	310
27	313
27	316
27	318
27	321
27	324
27	327
27	329
27	333
27	336
27	339
27	343
27	347
27	351
27	356
27	361
27	367
27	373
27	380
27	389
28	140
28	148
28	153
28	158
28	162
28	164
28	168
28	171
28	172
28	176
28	178
28	181
28	182
28	185
28	187
28	189
28	191
28	192
28	195
28	196
28	198
28	200
28	202
28	203
28	205
28	207
28	209
28	210
28	212
28	213
28	215
28	217
28	218
28	220
28	222
28	223
28	225
28	226
28	228
28	230
28	231
28	233
28	234
28	236
28	238
28	239
28	241
28	242
28	244
28	246
28	247
28	249
28	250
28	252
28	254
28	255
28	257
28	258
28	260
28	262
28	263
28	265
28	267
28	268
28	270
28	272
28	273
28	275
28	277
28	278
28	280
28	282
28	284
28	285
28	287
28	289
28	291
28	293
28	295
28	297
28	299
28	301
28	304
28	306
28	308
28	310
28	314
28	315
28	318
28	321
28	324
28	327
28	330
28	334
28	337
28	341
28	345
28	349
28	354
28	359
28	365
28	372
28	380
28	390
29	140
29	148
29	153
29	158
29	162
29	164
29	169
29	171
29	174
29	177
29	180
29	182
29	185
29	188
29	190
29	193
29	195
29	198
29	200
29	202
29	205
29	207
29	209
29	212
29	214
29	216
29	219
29	221
29	223
29	226
29	228
29	230
29	233
29	235
29	238
29	240
29	243
29	245
29	248
29	250
29	253
29	256
29	258
29	261
29	264
29	267
29	269
29	273
29	275
29	279
29	282
29	285
29	289
29	292
29	296
29	299
29	304
29	308
29	313
29	318
29	323
29	329
29	335
29	342
29	350
29	360
30	147
30	155
30	162
30	167
30	172
30	177
30	181
30	186
30	190
30	195
30	199
30	203
30	207
30	211
30	215
30	219
30	224
30	228
30	233
30	237
30	242
30	247
30	252
30	257
30	262
30	268
30	274
30	280
30	287
30	294
30	302
30	311
30	322
31	158
31	168
31	177
31	185
31	192
31	199
31	206
31	213
31	220
31	227
31	234
31	242
31	250
31	258
31	267
31	276
31	286
32	166
32	176
32	185
32	193
32	201
32	209
32	217
32	225
32	233
32	242
32	251
32	261
32	273
33	167
33	177
33	186
33	195
33	204
33	213
33	222
33	231
33	241
33	252
34	189
34	201
34	214
35	206
36	182
36	194
36	205
36	216
36	228
59	182
59	194
59	206
65	178
65	189
65	199
65	209
65	219
65	229
65	240
65	253
66	181
66	192
66	202
66	212
66	222
66	232
66	242
66	252
66	262
66	273
67	162
67	172
67	181
67	189
67	197
67	204
67	211
67	218
67	225
67	233
67	241
67	249
67	257
67	265
67	274
67	284
67	294
67	305
68	153
68	162
68	169
68	175
68	181
68	185
68	190
68	194
68	199
68	203
68	207
68	211
68	215
68	219
68	223
68	227
68	231
68	235
68	239
68	244
68	248
68	253
68	258
68	263
68	269
68	275
68	281
68	288
68	295
68	303
68	311
68	320
68	331
69	154
69	162
69	169
69	174
69	180
69	184
69	189
69	192
69	196
69	200
69	203
69	207
69	210
69	213
69	216
69	219
69	222
69	225
69	228
69	231
69	234
69	237
69	240
69	243
69	246
69	249
69	252
69	255
69	258
69	262
69	265
69	269
69	273
69	277
69	281
69	285
69	289
69	294
69	299
69	304
69	310
69	316
69	323
69	331
69	340
70	160
70	170
70	179
70	187
70	194
70	201
70	207
70	213
70	218
70	223
70	228
70	232
70	236
70	240
70	244
70	248
70	251
70	255
70	258
70	262
70	265
70	269
70	272
70	276
70	279
70	283
70	286
70	290
70	294
70	298
70	302
70	306
70	311
70	316
70	321
70	327
70	334
70	342
70	352
71	156
71	164
71	171
71	178
71	184
71	190
71	195
71	200
71	205
71	210
71	215
71	220
71	225
71	230
71	235
71	240
71	245
71	250
71	254
71	259
71	263
71	268
71	272
71	276
71	280
71	284
71	288
71	292
71	296
71	300
71	305
71	309
71	314
71	319
71	325
71	331
71	338
71	346
71	356
72	154
72	162
72	169
72	173
72	178
72	182
72	185
72	189
72	192
72	195
72	199
72	201
72	205
72	207
72	211
72	213
72	216
72	219
72	222
72	225
72	227
72	231
72	233
72	236
72	239
72	242
72	245
72	248
72	251
72	254
72	257
72	260
72	264
72	267
72	271
72	274
72	278
72	282
72	286
72	290
72	294
72	298
72	303
72	308
72	314
72	320
72	327
72	335
72	345
73	158
73	166
73	172
73	177
73	182
73	185
73	190
73	192
73	196
73	199
73	202
73	205
73	208
73	211
73	213
73	216
73	219
73	221
73	223
73	226
73	228
73	231
73	233
73	235
73	238
73	240
73	242
73	245
73	247
73	249
73	252
73	254
73	256
73	259
73	261
73	264
73	266
73	269
73	271
73	274
73	276
73	279
73	282
73	285
73	287
73	290
73	294
73	296
73	300
73	303
73	307
73	310
73	315
73	319
73	324
73	329
73	335
73	342
73	350
73	360
74	192
74	203
74	212
74	220
74	227
74	233
74	239
74	244
74	249
74	253
74	258
74	262
74	266
74	270
74	273
74	277
74	280
74	284
74	287
74	291
74	294
74	298
74	302
74	306
74	310
74	314
74	318
74	323
74	328
74	334
74	340
74	347
74	356
74	367
75	187
75	198
75	209
75	220
75	232
75	247
75	260
75	271
75	282
75	292
75	302
75	312
75	325
76	167
76	177
76	185
76	192
76	199
76	206
76	212
76	218
76	224
76	230
76	236
76	243
76	250
76	257
76	265
76	273
76	282
76	292
76	303
76	315
77	187
77	198
77	208
77	217
77	226
77	235
77	244
77	253
77	262
77	271
77	281
77	291
77	301
77	312
77	324
-1	-1
