-1	-1
9	252
9	264
9	276
9	288
9	300
9	312
9	323
9	335
9	347
9	359
9	371
9	385
10	229
10	240
10	250
10	259
10	268
10	277
10	286
10	295
10	304
10	313
10	322
10	331
10	340
10	348
10	356
10	364
10	372
10	380
10	388
10	397
10	406
10	415
10	425
10	436
11	218
11	228
11	236
11	243
11	250
11	256
11	262
11	268
11	274
11	281
11	288
11	295
11	302
11	309
11	316
11	323
11	330
11	337
11	344
11	351
11	358
11	365
11	372
11	379
11	386
11	393
11	400
11	407
11	414
11	422
11	430
11	439
11	448
11	458
11	470
12	212
12	222
12	230
12	237
12	243
12	249
12	255
12	261
12	267
12	273
12	279
12	285
12	291
12	298
12	305
12	312
12	319
12	326
12	333
12	340
12	347
12	354
12	360
12	366
12	372
12	378
12	384
12	390
12	396
12	402
12	408
12	415
12	422
12	429
12	437
12	446
12	455
12	465
12	476
13	217
13	227
13	235
13	242
13	249
13	255
13	261
13	267
13	273
13	279
13	285
13	291
13	298
13	305
13	312
13	319
13	326
13	333
13	340
13	347
13	354
13	361
13	368
13	375
13	382
13	389
13	396
13	403
13	411
13	419
13	427
13	436
13	445
13	455
13	466
14	217
14	226
14	234
14	241
14	248
14	254
14	260
14	265
14	271
14	276
14	282
14	287
14	293
14	298
14	304
14	310
14	316
14	322
14	328
14	334
14	340
14	346
14	352
14	359
14	366
14	373
14	380
14	387
14	394
14	402
14	410
14	418
14	426
14	435
14	445
14	455
14	468
15	212
15	221
15	229
15	235
15	241
15	246
15	251
15	255
15	260
15	264
15	268
15	272
15	276
15	280
15	284
15	288
15	292
15	296
15	300
15	304
15	308
15	312
15	316
15	320
15	324
15	328
15	332
15	336
15	340
15	345
15	349
15	354
15	358
15	363
15	367
15	372
15	377
15	382
15	387
15	393
15	398
15	404
15	410
15	417
15	424
15	432
15	441
15	451
15	462
16	210
16	219
16	226
16	232
16	237
16	242
16	246
16	251
16	254
16	259
16	262
16	266
16	269
16	273
16	276
16	280
16	283
16	286
16	290
16	293
16	296
16	300
16	303
16	306
16	310
16	313
16	316
16	320
16	323
16	326
16	330
16	333
16	336
16	340
16	343
16	346
16	350
16	353
16	356
16	360
16	363
16	367
16	370
16	374
16	377
16	381
16	385
16	388
16	392
16	396
16	400
16	405
16	409
16	414
16	419
16	425
16	431
16	437
16	444
16	452
16	460
16	469
16	480
17	212
17	221
17	229
17	235
17	241
17	246
17	251
17	256
17	261
17	265
17	270
17	274
17	278
17	282
17	286
17	290
17	294
17	298
17	302
17	306
17	310
17	313
17	317
17	321
17	324
17	328
17	331
17	335
17	338
17	342
17	345
17	349
17	352
17	356
17	359
17	363
17	366
17	370
17	373
17	377
17	380
17	384
17	388
17	391
17	396
17	399
17	404
17	408
17	413
17	418
17	423
17	428
17	434
17	440
17	447
17	455
17	463
17	472
17	483
18	217
18	227
18	235
18	242
18	248
18	254
18	259
18	264
18	269
18	274
18	279
18	284
18	288
18	293
18	297
18	302
18	306
18	311
18	315
18	319
18	323
18	327
18	331
18	335
18	339
18	343
18	347
18	351
18	354
18	358
18	362
18	365
18	369
18	373
18	377
18	381
18	385
18	389
18	393
18	397
18	401
18	406
18	410
18	415
18	420
18	426
18	432
18	438
18	445
18	452
18	460
18	469
18	479
19	218
19	228
19	235
19	242
19	248
19	254
19	260
19	265
19	270
19	275
19	280
19	284
19	289
19	293
19	298
19	302
19	306
19	310
19	314
19	318
19	322
19	326
19	330
19	334
19	338
19	342
19	346
19	350
19	354
19	358
19	362
19	366
19	370
19	374
19	378
19	382
19	386
19	390
19	394
19	398
19	403
19	407
19	412
19	417
19	422
19	427
19	433
19	439
19	445
19	452
19	459
19	467
19	476
19	486
20	217
20	226
20	233
20	240
20	245
20	251
20	255
20	260
20	264
20	269
20	273
20	277
20	281
20	285
20	289
20	292
20	296
20	299
20	303
20	306
20	310
20	313
20	317
20	320
20	323
20	327
20	330
20	333
20	336
20	340
20	342
20	346
20	349
20	352
20	355
20	358
20	361
20	364
20	367
20	370
20	373
20	376
20	379
20	383
20	386
20	389
20	393
20	396
20	400
20	403
20	407
20	411
20	415
20	419
20	423
20	427
20	432
20	436
20	441
20	446
20	451
20	456
20	461
20	467
20	473
20	480
20	487
20	496
20	506
21	216
21	224
21	231
21	237
21	242
21	247
21	252
21	256
21	260
21	264
21	268
21	271
21	275
21	278
21	282
21	285
21	289
21	292
21	295
21	299
21	301
21	305
21	308
21	311
21	314
21	317
21	320
21	323
21	326
21	329
21	332
21	335
21	338
21	341
21	344
21	347
21	350
21	353
21	356
21	359
21	362
21	365
21	368
21	371
21	374
21	377
21	380
21	383
21	386
21	389
21	392
21	395
21	398
21	402
21	405
21	408
21	412
21	415
21	419
21	423
21	427
21	431
21	435
21	439
21	443
21	447
21	452
21	456
21	461
21	466
21	471
21	477
21	483
21	490
21	497
21	506
21	517
22	213
22	222
22	230
22	236
22	242
22	247
22	252
22	256
22	261
22	264
22	269
22	272
22	276
22	280
22	283
22	287
22	290
22	294
22	297
22	301
22	304
22	307
22	311
22	314
22	317
22	321
22	324
22	327
22	331
22	333
22	337
22	340
22	343
22	346
22	349
22	352
22	355
22	358
22	361
22	364
22	367
22	370
22	373
22	376
22	379
22	383
22	386
22	389
22	393
22	396
22	400
22	403
22	407
22	411
22	415
22	419
22	423
22	427
22	431
22	435
22	439
22	444
22	448
22	453
22	457
22	462
22	467
22	472
22	477
22	483
22	489
22	496
22	504
22	513
22	524
23	212
23	222
23	230
23	236
23	242
23	248
23	253
23	258
23	263
23	268
23	272
23	277
23	281
23	285
23	289
23	293
23	297
23	301
23	305
23	309
23	313
23	317
23	321
23	325
23	329
23	333
23	337
23	341
23	345
23	349
23	353
23	357
23	361
23	365
23	369
23	373
23	377
23	381
23	386
23	390
23	395
23	399
23	404
23	409
23	414
23	419
23	424
23	429
23	435
23	440
23	446
23	451
23	457
23	462
23	468
23	473
23	479
23	485
23	492
23	499
23	507
23	516
24	218
24	228
24	236
24	244
24	251
24	258
24	264
24	270
24	276
24	282
24	288
24	294
24	300
24	306
24	312
24	318
24	324
24	330
24	336
24	342
24	348
24	354
24	360
24	366
24	372
24	378
24	385
24	392
24	399
24	406
24	413
24	420
24	428
24	436
24	444
24	452
24	460
24	467
24	474
24	481
24	489
24	497
24	506
24	517
25	226
25	236
25	245
25	253
25	261
25	269
25	277
25	284
25	291
25	298
25	305
25	312
25	319
25	326
25	333
25	340
25	347
25	354
25	361
25	368
25	376
25	384
25	392
25	400
25	409
25	418
25	427
25	437
25	447
25	458
25	469
25	480
26	227
26	237
26	246
26	255
26	263
26	271
26	279
26	287
26	295
26	303
26	311
26	319
26	327
26	335
26	342
26	349
26	356
26	364
26	372
26	380
26	388
26	396
26	404
26	413
26	423
26	434
27	226
27	236
27	245
27	253
27	261
27	268
27	275
27	282
27	289
27	296
27	303
27	310
27	317
27	324
27	331
27	338
27	345
27	352
27	359
27	366
27	373
27	380
27	387
27	395
27	403
27	412
27	421
27	431
28	220
28	230
28	238
28	245
28	252
28	258
28	264
28	270
28	276
28	281
28	287
28	292
28	297
28	302
28	307
28	312
28	317
28	322
28	327
28	332
28	337
28	342
28	347
28	352
28	357
28	362
28	367
28	372
28	377
28	382
28	387
28	392
28	397
28	403
28	409
28	415
28	422
28	429
28	437
28	446
28	457
29	213
29	222
29	230
29	236
29	242
29	246
29	251
29	255
29	259
29	263
29	267
29	271
29	274
29	278
29	281
29	285
29	288
29	292
29	295
29	298
29	301
29	304
29	307
29	310
29	313
29	316
29	319
29	322
29	325
29	328
29	331
29	334
29	337
29	340
29	343
29	346
29	349
29	352
29	355
29	358
29	361
29	364
29	367
29	370
29	373
29	376
29	379
29	383
29	386
29	389
29	393
29	396
29	400
29	404
29	407
29	411
29	415
29	419
29	424
29	428
29	434
29	439
29	445
29	452
29	459
29	468
29	478
30	209
30	217
30	223
30	228
30	232
30	236
30	240
30	243
30	247
30	250
30	252
30	256
30	258
30	261
30	263
30	266
30	268
30	271
30	273
30	275
30	278
30	280
30	282
30	284
30	287
30	289
30	291
30	293
30	296
30	297
30	300
30	302
30	304
30	306
30	308
30	311
30	312
30	314
30	317
30	319
30	320
30	323
30	325
30	327
30	329
30	331
30	333
30	335
30	337
30	339
30	341
30	343
30	345
30	347
30	349
30	351
30	354
30	355
30	358
30	360
30	362
30	364
30	367
30	369
30	371
30	374
30	376
30	378
30	381
30	383
30	385
30	388
30	390
30	393
30	395
30	398
30	400
30	403
30	406
30	408
30	411
30	414
30	417
30	419
30	423
30	426
30	429
30	433
30	436
30	440
30	444
30	448
30	453
30	458
30	464
30	470
30	477
30	485
30	495
31	207
31	213
31	219
31	222
31	227
31	230
31	233
31	236
31	239
31	242
31	244
31	247
31	250
31	252
31	255
31	257
31	260
31	262
31	264
31	267
31	269
31	271
31	273
31	276
31	278
31	280
31	282
31	284
31	286
31	288
31	290
31	292
31	294
31	296
31	298
31	300
31	302
31	304
31	306
31	308
31	310
31	312
31	314
31	316
31	318
31	320
31	322
31	324
31	326
31	328
31	330
31	332
31	334
31	336
31	338
31	340
31	342
31	344
31	346
31	348
31	350
31	352
31	354
31	356
31	358
31	360
31	362
31	364
31	366
31	368
31	370
31	372
31	374
31	376
31	378
31	380
31	382
31	384
31	386
31	388
31	390
31	393
31	395
31	397
31	399
31	402
31	404
31	406
31	409
31	411
31	414
31	416
31	419
31	422
31	425
31	428
31	431
31	435
31	438
31	442
31	446
31	450
31	455
31	460
31	466
31	472
31	479
31	487
31	496
31	507
32	209
32	218
32	224
32	230
32	233
32	238
32	242
32	245
32	249
32	252
32	255
32	259
32	261
32	265
32	267
32	271
32	273
32	276
32	279
32	282
32	285
32	287
32	291
32	293
32	296
32	299
32	302
32	304
32	307
32	310
32	312
32	315
32	318
32	320
32	323
32	326
32	328
32	331
32	334
32	336
32	339
32	342
32	344
32	347
32	350
32	352
32	355
32	358
32	360
32	364
32	366
32	369
32	372
32	375
32	378
32	381
32	384
32	387
32	390
32	394
32	397
32	400
32	404
32	407
32	411
32	415
32	419
32	423
32	428
32	432
32	437
32	443
32	449
32	456
32	464
32	473
32	483
32	494
33	213
33	222
33	230
33	236
33	242
33	247
33	252
33	256
33	261
33	265
33	269
33	273
33	277
33	281
33	285
33	289
33	293
33	296
33	300
33	304
33	307
33	311
33	315
33	318
33	322
33	325
33	329
33	332
33	336
33	339
33	343
33	346
33	350
33	354
33	357
33	361
33	365
33	369
33	373
33	377
33	381
33	385
33	389
33	394
33	398
33	403
33	408
33	413
33	418
33	424
33	430
33	437
33	445
33	454
33	465
34	221
34	231
34	239
34	246
34	253
34	259
34	265
34	271
34	277
34	283
34	289
34	295
34	301
34	306
34	312
34	317
34	323
34	328
34	334
34	340
34	346
34	352
34	358
34	364
34	370
34	376
34	383
34	390
34	397
34	405
34	413
34	422
34	433
35	230
35	240
35	249
35	258
35	266
35	274
35	281
35	288
35	295
35	302
35	309
35	316
35	323
35	330
35	337
35	345
35	353
35	361
35	369
35	377
35	385
35	394
35	404
35	415
36	241
36	252
36	262
36	271
36	280
36	289
36	298
36	307
36	316
36	325
36	335
36	345
36	355
36	366
36	377
37	252
37	264
37	275
37	286
37	297
37	307
37	318
37	329
37	340
37	353
62	249
62	260
62	270
62	280
62	289
62	298
62	307
62	317
62	327
62	338
63	297
63	309
63	320
63	331
63	342
63	353
63	364
63	376
66	271
66	282
66	292
66	302
66	311
66	320
66	329
66	338
66	347
66	356
66	365
66	374
66	384
66	395
66	407
67	258
67	269
67	278
67	287
67	295
67	303
67	310
67	317
67	324
67	330
67	336
67	342
67	348
67	354
67	360
67	366
67	372
67	378
67	384
67	390
67	397
67	404
67	411
67	419
67	427
67	436
67	446
68	236
68	247
68	257
68	266
68	275
68	283
68	291
68	299
68	307
68	315
68	323
68	330
68	337
68	344
68	351
68	358
68	364
68	370
68	376
68	382
68	388
68	395
68	402
68	409
68	417
68	425
68	434
68	444
69	219
69	228
69	235
69	242
69	248
69	253
69	259
69	264
69	269
69	274
69	279
69	284
69	289
69	294
69	299
69	304
69	309
69	314
69	319
69	325
69	330
69	336
69	342
69	348
69	354
69	361
69	368
69	375
69	382
69	390
69	398
69	406
69	415
69	425
69	435
70	213
70	221
70	227
70	232
70	236
70	241
70	243
70	248
70	251
70	254
70	257
70	260
70	263
70	266
70	269
70	272
70	274
70	277
70	280
70	282
70	285
70	288
70	290
70	293
70	296
70	298
70	301
70	304
70	306
70	309
70	312
70	315
70	317
70	320
70	323
70	326
70	329
70	332
70	335
70	338
70	341
70	345
70	348
70	351
70	355
70	358
70	362
70	366
70	369
70	374
70	377
70	382
70	386
70	390
70	395
70	399
70	404
70	408
70	413
70	418
70	423
70	428
70	434
70	440
70	446
70	453
70	461
70	470
70	481
71	211
71	220
71	225
71	231
71	233
71	238
71	241
71	243
71	247
71	250
71	252
71	255
71	258
71	260
71	262
71	265
71	267
71	269
71	272
71	273
71	276
71	278
71	280
71	282
71	284
71	286
71	288
71	290
71	292
71	294
71	296
71	298
71	300
71	302
71	304
71	306
71	308
71	310
71	312
71	314
71	316
71	318
71	320
71	322
71	324
71	326
71	328
71	330
71	332
71	334
71	336
71	338
71	340
71	342
71	344
71	346
71	348
71	350
71	353
71	354
71	357
71	359
71	361
71	364
71	366
71	368
71	370
71	373
71	375
71	377
71	380
71	382
71	385
71	387
71	390
71	392
71	395
71	397
71	400
71	403
71	405
71	408
71	411
71	414
71	416
71	420
71	422
71	426
71	428
71	432
71	435
71	438
71	442
71	446
71	449
71	454
71	458
71	463
71	468
71	474
71	481
71	489
71	499
72	219
72	229
72	237
72	244
72	250
72	256
72	261
72	266
72	271
72	276
72	280
72	284
72	289
72	292
72	296
72	300
72	303
72	307
72	310
72	313
72	317
72	320
72	323
72	326
72	329
72	332
72	335
72	338
72	341
72	343
72	346
72	349
72	351
72	354
72	357
72	359
72	362
72	365
72	367
72	370
72	373
72	375
72	378
72	380
72	383
72	386
72	388
72	391
72	394
72	396
72	399
72	402
72	404
72	407
72	410
72	413
72	416
72	419
72	422
72	425
72	428
72	432
72	435
72	439
72	443
72	447
72	452
72	457
72	462
72	468
72	475
72	483
72	493
73	309
73	321
73	332
73	343
73	353
73	363
73	373
73	383
73	393
73	403
73	413
73	424
74	227
74	237
74	246
74	254
74	262
74	270
74	277
74	284
74	291
74	298
74	306
74	314
74	322
74	330
74	339
74	348
74	358
74	369
74	381
74	449
75	221
75	231
75	239
75	246
75	252
75	258
75	263
75	268
75	273
75	278
75	282
75	287
75	291
75	296
75	300
75	305
75	309
75	314
75	318
75	323
75	327
75	332
75	337
75	342
75	347
75	352
75	357
75	362
75	367
75	373
75	378
75	384
75	390
75	396
75	402
75	408
75	415
75	421
75	428
75	435
75	442
75	449
75	456
75	463
75	471
75	480
75	490
76	238
76	248
76	256
76	263
76	270
76	276
76	282
76	288
76	294
76	300
76	305
76	311
76	316
76	321
76	326
76	331
76	336
76	341
76	346
76	351
76	356
76	361
76	367
76	372
76	378
76	383
76	389
76	395
76	401
76	407
76	413
76	419
76	425
76	432
76	438
76	445
76	452
76	460
76	469
76	479
-1	-1
