-1	-1
8	200
8	211
8	222
8	232
8	242
8	252
8	262
8	272
8	282
8	292
8	302
8	312
8	322
8	332
8	342
8	351
8	360
8	369
8	378
8	387
8	397
9	190
9	201
9	211
9	220
9	229
9	238
9	246
9	254
9	262
9	270
9	278
9	286
9	294
9	302
9	310
9	318
9	326
9	334
9	342
9	350
9	357
9	364
9	371
9	378
9	385
9	393
9	402
9	412
9	424
10	176
10	186
10	194
10	202
10	209
10	216
10	223
10	230
10	236
10	242
10	248
10	254
10	260
10	266
10	272
10	278
10	285
10	291
10	298
10	305
10	312
10	319
10	326
10	333
10	340
10	346
10	352
10	358
10	364
10	370
10	377
10	384
10	391
10	399
10	408
10	418
11	170
11	180
11	189
11	196
11	202
11	208
11	214
11	220
11	225
11	231
11	236
11	242
11	247
11	252
11	258
11	263
11	269
11	274
11	280
11	286
11	292
11	298
11	305
11	311
11	318
11	325
11	332
11	339
11	346
11	353
11	360
11	367
11	375
11	383
11	391
11	400
11	410
12	167
12	177
12	185
12	192
12	199
12	205
12	211
12	216
12	222
12	227
12	232
12	237
12	242
12	247
12	253
12	258
12	264
12	270
12	276
12	282
12	288
12	295
12	302
12	309
12	316
12	323
12	330
12	337
12	344
12	351
12	358
12	365
12	372
12	380
12	388
12	397
12	408
13	168
13	177
13	185
13	192
13	199
13	205
13	211
13	217
13	223
13	229
13	235
13	241
13	247
13	253
13	259
13	265
13	272
13	279
13	286
13	293
13	300
13	308
13	316
13	324
13	332
13	340
13	348
13	356
13	364
13	372
13	381
13	391
13	403
14	173
14	183
14	192
14	200
14	208
14	215
14	222
14	229
14	236
14	243
14	251
14	259
14	267
14	276
14	285
14	294
14	303
14	312
14	321
14	330
14	340
14	350
14	360
14	370
14	381
15	180
15	191
15	200
15	209
15	217
15	225
15	233
15	241
15	249
15	257
15	266
15	275
15	284
15	293
15	302
15	311
15	320
15	329
15	339
15	349
15	359
15	369
15	380
15	392
16	179
16	190
16	199
16	208
16	216
16	224
16	232
16	240
16	248
16	256
16	264
16	272
16	280
16	288
16	296
16	304
16	312
16	320
16	328
16	336
16	344
16	352
16	360
16	368
16	377
16	386
16	396
16	407
17	179
17	190
17	199
17	208
17	216
17	224
17	232
17	239
17	246
17	253
17	260
17	267
17	274
17	281
17	288
17	295
17	301
17	307
17	313
17	319
17	326
17	332
17	339
17	345
17	352
17	358
17	365
17	372
17	379
17	386
17	393
17	401
17	409
17	418
17	428
17	440
18	181
18	191
18	200
18	209
18	217
18	224
18	231
18	238
18	245
18	252
18	258
18	264
18	270
18	276
18	282
18	288
18	293
18	299
18	304
18	309
18	314
18	319
18	325
18	330
18	336
18	341
18	347
18	352
18	357
18	362
18	367
18	372
18	378
18	383
18	389
18	395
18	401
18	407
18	414
18	421
18	429
18	438
18	448
18	459
19	177
19	187
19	195
19	203
19	210
19	217
19	223
19	229
19	235
19	241
19	246
19	251
19	256
19	261
19	266
19	271
19	275
19	280
19	284
19	289
19	293
19	298
19	302
19	306
19	311
19	315
19	320
19	324
19	329
19	333
19	338
19	342
19	347
19	351
19	355
19	360
19	364
19	368
19	372
19	376
19	380
19	384
19	388
19	393
19	397
19	402
19	407
19	412
19	417
19	423
19	429
19	436
19	443
19	451
19	459
19	469
20	170
20	180
20	188
20	195
20	202
20	208
20	214
20	219
20	224
20	229
20	234
20	239
20	243
20	248
20	252
20	256
20	260
20	264
20	268
20	272
20	276
20	280
20	284
20	288
20	292
20	296
20	300
20	303
20	307
20	311
20	315
20	318
20	322
20	326
20	330
20	334
20	338
20	342
20	346
20	350
20	354
20	358
20	362
20	366
20	370
20	374
20	378
20	382
20	386
20	390
20	395
20	399
20	404
20	409
20	414
20	419
20	425
20	431
20	438
20	445
20	453
20	462
20	472
21	167
21	176
21	184
21	191
21	197
21	202
21	207
21	212
21	217
21	221
21	225
21	230
21	233
21	238
21	241
21	246
21	249
21	254
21	257
21	262
21	265
21	270
21	273
21	278
21	281
21	285
21	289
21	293
21	297
21	300
21	304
21	308
21	311
21	315
21	319
21	323
21	327
21	331
21	335
21	339
21	343
21	347
21	351
21	355
21	359
21	363
21	367
21	371
21	375
21	379
21	384
21	388
21	393
21	397
21	402
21	407
21	412
21	418
21	424
21	430
21	437
21	445
21	454
21	464
22	161
22	171
22	179
22	185
22	191
22	196
22	201
22	206
22	211
22	215
22	220
22	223
22	228
22	231
22	235
22	239
22	243
22	247
22	251
22	255
22	259
22	263
22	267
22	271
22	275
22	279
22	283
22	287
22	291
22	295
22	299
22	303
22	307
22	311
22	315
22	319
22	323
22	327
22	331
22	335
22	339
22	343
22	347
22	351
22	354
22	358
22	362
22	365
22	369
22	372
22	376
22	379
22	383
22	386
22	390
22	393
22	397
22	400
22	405
22	408
22	413
22	417
22	422
22	427
22	433
22	439
22	446
22	454
22	463
22	473
23	160
23	170
23	178
23	185
23	191
23	197
23	202
23	207
23	212
23	216
23	221
23	225
23	230
23	234
23	238
23	242
23	246
23	250
23	254
23	258
23	262
23	266
23	270
23	274
23	278
23	282
23	286
23	290
23	294
23	298
23	302
23	305
23	309
23	313
23	316
23	320
23	324
23	327
23	331
23	334
23	338
23	341
23	344
23	347
23	350
23	353
23	356
23	359
23	361
23	364
23	367
23	369
23	372
23	375
23	377
23	380
23	382
23	385
23	387
23	390
23	393
23	395
23	398
23	401
23	404
23	407
23	410
23	414
23	417
23	420
23	425
23	428
23	433
23	437
23	442
23	447
23	453
23	460
23	468
23	477
24	167
24	177
24	185
24	192
24	198
24	204
24	210
24	215
24	220
24	225
24	230
24	234
24	239
24	243
24	248
24	252
24	257
24	261
24	265
24	270
24	273
24	278
24	281
24	285
24	289
24	292
24	295
24	299
24	302
24	305
24	308
24	311
24	314
24	317
24	320
24	323
24	325
24	328
24	331
24	333
24	336
24	339
24	341
24	343
24	346
24	348
24	351
24	353
24	355
24	358
24	360
24	362
24	365
24	367
24	369
24	372
24	374
24	376
24	379
24	381
24	383
24	386
24	388
24	390
24	393
24	395
24	398
24	400
24	404
24	406
24	409
24	412
24	415
24	418
24	422
24	425
24	429
24	433
24	437
24	442
24	447
24	453
24	459
24	466
24	474
24	484
25	171
25	181
25	190
25	198
25	204
25	210
25	216
25	222
25	227
25	232
25	237
25	242
25	247
25	251
25	256
25	260
25	264
25	268
25	272
25	275
25	279
25	282
25	285
25	289
25	291
25	295
25	297
25	301
25	303
25	306
25	309
25	311
25	314
25	316
25	319
25	321
25	324
25	326
25	329
25	331
25	334
25	336
25	339
25	341
25	344
25	346
25	349
25	351
25	354
25	356
25	359
25	361
25	364
25	366
25	369
25	371
25	374
25	377
25	379
25	382
25	385
25	388
25	391
25	394
25	397
25	401
25	404
25	408
25	412
25	416
25	420
25	425
25	429
25	435
25	440
25	446
25	453
25	460
25	469
25	479
26	172
26	182
26	191
26	199
26	205
26	211
26	217
26	222
26	227
26	232
26	236
26	241
26	244
26	248
26	252
26	254
26	258
26	261
26	264
26	267
26	270
26	273
26	275
26	278
26	281
26	283
26	286
26	288
26	291
26	293
26	295
26	298
26	300
26	302
26	304
26	307
26	309
26	311
26	313
26	315
26	318
26	319
26	322
26	324
26	326
26	328
26	331
26	333
26	335
26	338
26	340
26	343
26	345
26	348
26	350
26	353
26	356
26	358
26	361
26	364
26	367
26	370
26	373
26	376
26	379
26	383
26	386
26	390
26	394
26	398
26	402
26	407
26	411
26	416
26	421
26	427
26	433
26	439
26	446
26	454
26	463
26	473
27	167
27	177
27	185
27	192
27	198
27	203
27	208
27	212
27	216
27	220
27	223
27	227
27	231
27	233
27	237
27	240
27	242
27	245
27	248
27	251
27	252
27	255
27	258
27	260
27	262
27	264
27	266
27	269
27	270
27	272
27	275
27	276
27	278
27	281
27	282
27	284
27	286
27	288
27	290
27	292
27	294
27	296
27	298
27	300
27	302
27	304
27	306
27	308
27	310
27	312
27	314
27	316
27	318
27	320
27	323
27	325
27	327
27	329
27	332
27	334
27	337
27	339
27	342
27	345
27	347
27	350
27	353
27	356
27	359
27	362
27	366
27	369
27	373
27	376
27	380
27	384
27	388
27	393
27	398
27	403
27	409
27	415
27	422
27	429
27	437
27	445
27	454
27	464
28	160
28	169
28	176
28	182
28	188
28	192
28	197
28	201
28	204
28	208
28	212
28	214
28	218
28	221
28	223
28	226
28	229
28	231
28	234
28	236
28	239
28	241
28	243
28	246
28	248
28	250
28	253
28	255
28	257
28	260
28	262
28	264
28	266
28	269
28	271
28	273
28	275
28	278
28	279
28	282
28	284
28	286
28	288
28	291
28	292
28	295
28	297
28	299
28	301
28	304
28	306
28	308
28	310
28	313
28	315
28	318
28	320
28	323
28	326
28	328
28	331
28	334
28	337
28	340
28	344
28	347
28	351
28	355
28	358
28	363
28	367
28	372
28	377
28	382
28	387
28	393
28	399
28	406
28	414
28	423
28	433
28	443
28	454
29	158
29	166
29	172
29	177
29	182
29	186
29	190
29	193
29	197
29	200
29	203
29	206
29	209
29	212
29	214
29	217
29	220
29	222
29	225
29	227
29	230
29	232
29	234
29	237
29	239
29	241
29	244
29	246
29	248
29	251
29	253
29	256
29	258
29	260
29	263
29	266
29	268
29	271
29	274
29	276
29	279
29	282
29	285
29	287
29	290
29	293
29	296
29	299
29	302
29	305
29	308
29	312
29	315
29	319
29	323
29	327
29	331
29	336
29	340
29	345
29	350
29	355
29	361
29	367
29	374
29	381
29	389
29	398
29	408
30	157
30	165
30	172
30	177
30	182
30	186
30	191
30	193
30	198
30	201
30	204
30	207
30	210
30	213
30	215
30	219
30	221
30	224
30	226
30	229
30	232
30	234
30	237
30	240
30	242
30	245
30	248
30	250
30	254
30	256
30	259
30	262
30	265
30	268
30	271
30	275
30	278
30	282
30	285
30	289
30	293
30	297
30	301
30	306
30	310
30	315
30	320
30	325
30	331
30	337
30	343
30	350
30	357
30	365
30	374
30	384
30	395
31	159
31	168
31	175
31	181
31	187
31	192
31	197
31	201
31	205
31	209
31	213
31	217
31	221
31	225
31	229
31	232
31	236
31	240
31	244
31	248
31	252
31	256
31	260
31	264
31	268
31	272
31	277
31	281
31	286
31	291
31	296
31	301
31	306
31	312
31	318
31	324
31	331
31	338
31	346
31	355
31	365
32	167
32	176
32	183
32	190
32	196
32	202
32	207
32	212
32	217
32	222
32	227
32	232
32	237
32	242
32	247
32	253
32	258
32	264
32	270
32	276
32	282
32	288
32	295
32	302
32	309
32	316
32	324
32	333
32	343
32	355
33	178
33	188
33	197
33	205
33	213
33	220
33	227
33	234
33	241
33	248
33	255
33	262
33	270
33	278
33	286
33	295
33	304
33	314
33	325
34	186
34	196
34	205
34	213
34	221
34	229
34	237
34	245
34	253
34	261
34	270
34	279
34	289
34	299
34	310
35	196
35	207
35	217
35	226
35	235
35	243
35	251
35	259
35	267
35	276
35	285
35	295
35	305
35	316
36	191
36	202
36	212
36	221
36	230
36	238
36	246
36	254
36	263
36	272
36	281
36	290
36	299
36	309
36	319
36	334
37	189
37	200
37	209
37	218
37	226
37	234
37	242
37	250
37	258
37	266
37	275
37	284
37	294
37	304
37	315
38	196
38	207
38	217
38	226
38	235
38	244
38	253
38	263
38	273
38	284
39	198
39	209
39	219
39	228
39	237
39	246
39	256
39	266
39	276
39	287
40	200
40	211
40	221
40	231
40	241
40	250
40	259
40	268
40	277
40	286
40	295
40	305
40	315
40	327
41	203
41	214
41	225
41	235
41	245
41	255
41	265
41	275
41	284
41	293
41	302
41	312
41	322
41	334
42	208
42	219
42	229
42	239
42	249
42	260
42	272
43	226
43	238
43	250
45	232
45	244
45	255
45	266
45	277
45	288
46	231
46	242
46	252
46	262
46	271
46	280
46	289
46	298
46	308
46	318
47	251
47	263
47	274
47	285
47	295
47	305
47	316
48	232
51	217
51	228
51	239
51	249
51	260
51	271
51	283
52	218
52	229
52	239
52	248
52	257
52	265
52	273
52	282
52	291
52	300
52	310
52	320
52	331
53	231
53	242
53	252
53	262
53	271
53	280
53	288
53	296
53	304
53	313
53	322
53	332
53	343
54	200
54	211
54	222
54	233
54	244
54	256
54	268
54	280
54	291
54	302
54	313
54	326
55	189
55	199
55	208
55	216
55	224
55	232
55	240
55	249
55	258
55	268
55	279
55	291
56	177
56	187
56	195
56	203
56	210
56	217
56	224
56	231
56	238
56	245
56	252
56	260
56	268
56	277
56	286
56	296
56	306
56	317
57	169
57	178
57	184
57	190
57	196
57	201
57	206
57	211
57	216
57	221
57	226
57	232
57	237
57	243
57	249
57	255
57	262
57	269
57	276
57	284
57	292
57	301
57	310
57	319
57	329
57	340
58	168
58	175
58	181
58	185
58	190
58	193
58	197
58	201
58	204
58	208
58	211
58	214
58	218
58	221
58	225
58	228
58	232
58	235
58	239
58	243
58	246
58	250
58	254
58	258
58	262
58	267
58	271
58	276
58	281
58	286
58	292
58	298
58	304
58	311
58	318
58	326
58	335
58	345
58	356
59	170
59	178
59	182
59	187
59	191
59	193
59	197
59	200
59	202
59	205
59	208
59	210
59	213
59	215
59	218
59	220
59	222
59	225
59	227
59	229
59	232
59	234
59	236
59	239
59	241
59	244
59	246
59	248
59	251
59	253
59	256
59	258
59	261
59	264
59	266
59	269
59	272
59	275
59	278
59	281
59	284
59	287
59	291
59	294
59	298
59	302
59	306
59	310
59	315
59	319
59	325
59	330
59	336
59	343
59	350
59	358
59	367
59	378
60	172
60	181
60	187
60	192
60	195
60	200
60	202
60	205
60	208
60	211
60	212
60	215
60	218
60	220
60	222
60	223
60	226
60	228
60	230
60	232
60	233
60	236
60	237
60	239
60	241
60	243
60	244
60	246
60	248
60	250
60	251
60	253
60	255
60	257
60	258
60	260
60	262
60	264
60	265
60	267
60	269
60	271
60	273
60	275
60	276
60	279
60	280
60	283
60	284
60	286
60	288
60	290
60	293
60	294
60	297
60	299
60	301
60	304
60	306
60	308
60	311
60	314
60	316
60	319
60	322
60	325
60	328
60	332
60	335
60	339
60	343
60	348
60	353
60	358
60	364
60	370
60	377
60	386
60	396
61	188
61	198
61	204
61	210
61	213
61	218
61	221
61	224
61	227
61	230
61	232
61	234
61	237
61	239
61	242
61	243
61	245
61	248
61	249
61	252
61	253
61	255
61	257
61	259
61	261
61	262
61	264
61	266
61	267
61	269
61	271
61	272
61	274
61	276
61	277
61	279
61	281
61	282
61	284
61	286
61	287
61	289
61	291
61	293
61	294
61	296
61	298
61	300
61	301
61	304
61	305
61	307
61	309
61	311
61	313
61	315
61	317
61	319
61	322
61	324
61	326
61	329
61	331
61	334
61	337
61	339
61	343
61	346
61	349
61	353
61	357
61	361
61	366
61	370
61	376
61	381
61	387
61	394
61	402
61	412
62	181
62	192
62	202
62	211
62	220
62	228
62	235
62	241
62	247
62	252
62	257
62	261
62	265
62	269
62	273
62	277
62	281
62	284
62	288
62	292
62	295
62	299
62	303
62	306
62	310
62	314
62	318
62	322
62	326
62	331
62	335
62	340
62	345
62	350
62	356
62	361
62	367
62	373
62	379
62	386
62	394
62	403
62	414
63	180
63	190
63	198
63	206
63	213
63	220
63	227
63	235
63	243
63	251
63	260
63	269
63	278
63	288
63	298
63	308
63	317
63	326
63	334
63	341
63	348
63	355
63	362
63	369
63	376
63	384
63	392
63	402
64	181
64	190
64	198
64	204
64	210
64	216
64	221
64	226
64	231
64	236
64	241
64	246
64	251
64	256
64	261
64	266
64	271
64	276
64	281
64	286
64	291
64	296
64	301
64	306
64	311
64	316
64	321
64	325
64	330
64	334
64	338
64	342
64	346
64	350
64	354
64	358
64	362
64	367
64	371
64	376
64	381
64	387
64	393
64	400
64	407
64	416
64	427
65	197
65	207
65	215
65	222
65	228
65	234
65	239
65	244
65	249
65	253
65	258
65	262
65	266
65	270
65	274
65	278
65	281
65	285
65	288
65	292
65	295
65	299
65	302
65	305
65	309
65	311
65	315
65	317
65	321
65	323
65	326
65	329
65	331
65	334
65	337
65	339
65	342
65	345
65	347
65	350
65	353
65	356
65	358
65	362
65	365
65	368
65	372
65	375
65	379
65	383
65	387
65	391
65	396
65	401
65	406
65	412
65	419
65	427
65	437
66	237
66	247
66	256
66	263
66	270
66	276
66	282
66	287
66	292
66	296
66	301
66	304
66	308
66	311
66	314
66	318
66	321
66	324
66	327
66	330
66	333
66	336
66	339
66	343
66	346
66	349
66	353
66	357
66	360
66	365
66	368
66	373
66	377
66	381
66	386
66	390
66	395
66	400
66	406
66	412
66	419
66	427
66	436
67	299
67	310
67	320
67	330
67	340
67	350
67	359
67	367
67	374
67	380
67	386
67	392
67	398
67	404
67	410
67	417
67	425
67	434
67	445
68	196
68	206
68	215
68	224
68	233
68	242
68	251
68	260
68	269
68	279
68	289
68	299
68	310
68	321
68	331
68	340
68	349
68	357
68	363
68	369
68	374
68	380
68	385
68	390
68	395
68	401
68	407
68	414
68	421
68	429
68	439
69	188
69	197
69	204
69	211
69	217
69	223
69	228
69	233
69	238
69	243
69	248
69	253
69	258
69	263
69	268
69	273
69	278
69	283
69	288
69	293
69	298
69	304
69	309
69	315
69	320
69	326
69	331
69	336
69	341
69	346
69	351
69	356
69	361
69	366
69	371
69	376
69	381
69	387
69	393
69	400
69	408
69	417
70	201
70	211
70	219
70	226
70	232
70	238
70	243
70	248
70	253
70	258
70	262
70	267
70	271
70	276
70	280
70	284
70	288
70	292
70	296
70	300
70	304
70	308
70	312
70	316
70	320
70	324
70	328
70	332
70	336
70	340
70	344
70	348
70	352
70	356
70	360
70	365
70	369
70	375
70	380
70	386
70	393
70	400
70	409
70	420
71	261
71	272
71	282
71	291
71	299
71	307
71	314
71	321
71	328
71	335
71	343
71	351
71	360
71	369
71	379
71	389
71	401
72	382
72	393
72	403
72	413
73	200
73	211
73	222
73	233
73	244
73	257
73	357
73	367
73	375
73	382
73	389
73	395
73	401
73	407
73	413
73	419
73	426
73	434
73	443
73	454
74	186
74	195
74	203
74	210
74	217
74	224
74	230
74	236
74	242
74	248
74	255
74	261
74	268
74	275
74	282
74	289
74	296
74	304
74	312
74	320
74	328
74	336
74	344
74	351
74	358
74	364
74	370
74	376
74	381
74	386
74	391
74	396
74	401
74	406
74	412
74	418
74	424
74	431
74	439
74	449
75	191
75	201
75	210
75	218
75	225
75	232
75	239
75	245
75	251
75	257
75	263
75	269
75	275
75	281
75	287
75	293
75	299
75	305
75	311
75	318
75	324
75	331
75	337
75	344
75	350
75	357
75	364
75	371
75	378
75	386
75	394
75	403
75	414
-1	-1
