-1	-1
7	319
7	331
7	342
7	353
8	286
8	297
8	307
8	317
8	326
8	335
8	343
8	351
8	359
8	368
8	377
8	387
8	398
9	266
9	276
9	285
9	293
9	301
9	309
9	316
9	323
9	330
9	337
9	343
9	349
9	355
9	362
9	369
9	376
9	384
9	392
9	401
9	410
9	420
9	430
9	441
9	452
9	465
10	258
10	268
10	276
10	283
10	290
10	296
10	302
10	307
10	312
10	317
10	322
10	327
10	332
10	336
10	341
10	345
10	350
10	355
10	360
10	365
10	370
10	376
10	382
10	388
10	395
10	402
10	409
10	417
10	425
10	433
10	442
10	451
10	460
10	470
10	481
11	258
11	268
11	276
11	283
11	290
11	296
11	302
11	307
11	313
11	318
11	323
11	328
11	333
11	338
11	343
11	348
11	353
11	358
11	363
11	368
11	373
11	378
11	384
11	390
11	396
11	402
11	409
11	416
11	423
11	431
11	439
11	448
11	457
11	467
11	478
12	259
12	269
12	277
12	284
12	291
12	297
12	303
12	309
12	314
12	319
12	324
12	329
12	334
12	339
12	344
12	349
12	354
12	359
12	364
12	369
12	375
12	381
12	387
12	394
12	401
12	408
12	416
12	424
12	433
12	443
12	454
12	466
13	259
13	269
13	277
13	284
13	291
13	298
13	304
13	310
13	316
13	322
13	328
13	334
13	340
13	346
13	352
13	359
13	366
13	373
13	380
13	388
13	396
13	405
13	415
13	426
14	270
14	281
14	291
14	300
14	309
14	318
14	327
14	336
14	345
14	354
14	364
14	374
14	385
15	271
15	282
15	292
15	301
15	310
15	319
15	328
15	337
15	347
15	357
15	368
16	267
16	278
16	288
16	297
16	305
16	313
16	321
16	329
16	337
16	346
16	355
16	365
16	375
16	386
17	266
17	277
17	287
17	296
17	304
17	312
17	320
17	328
17	336
17	344
17	352
17	360
17	369
17	378
17	388
17	399
18	259
18	269
18	278
18	286
18	293
18	300
18	307
18	313
18	319
18	325
18	331
18	337
18	343
18	349
18	355
18	361
18	367
18	374
18	381
18	388
18	396
18	404
18	413
18	422
18	432
18	443
18	455
19	253
19	263
19	271
19	279
19	286
19	292
19	298
19	303
19	309
19	314
19	319
19	324
19	329
19	334
19	339
19	343
19	348
19	353
19	358
19	363
19	368
19	373
19	378
19	384
19	389
19	395
19	401
19	407
19	414
19	421
19	428
19	436
19	444
19	453
19	462
19	472
19	483
20	250
20	259
20	267
20	273
20	279
20	284
20	289
20	294
20	299
20	303
20	308
20	312
20	316
20	320
20	324
20	328
20	331
20	335
20	339
20	342
20	346
20	350
20	354
20	358
20	362
20	366
20	370
20	374
20	378
20	383
20	387
20	392
20	397
20	402
20	407
20	413
20	419
20	425
20	431
20	438
20	445
20	452
20	459
20	466
20	474
20	483
20	493
20	504
21	249
21	258
21	265
21	271
21	276
21	281
21	286
21	290
21	294
21	299
21	302
21	307
21	310
21	314
21	318
21	321
21	325
21	328
21	332
21	335
21	339
21	343
21	346
21	350
21	354
21	358
21	362
21	366
21	370
21	375
21	379
21	384
21	389
21	395
21	400
21	406
21	412
21	418
21	425
21	432
21	439
21	446
21	453
21	460
21	467
21	475
21	483
21	492
21	503
22	248
22	257
22	264
22	271
22	276
22	281
22	286
22	290
22	294
22	299
22	302
22	307
22	310
22	314
22	318
22	322
22	326
22	330
22	334
22	338
22	342
22	346
22	350
22	355
22	359
22	364
22	369
22	374
22	379
22	385
22	391
22	397
22	403
22	409
22	415
22	422
22	429
22	436
22	443
22	450
22	457
22	464
22	471
22	479
22	487
22	496
22	508
23	247
23	256
23	263
23	270
23	275
23	281
23	285
23	290
23	294
23	299
23	303
23	307
23	311
23	315
23	319
23	323
23	327
23	332
23	336
23	341
23	346
23	351
23	356
23	361
23	366
23	371
23	377
23	382
23	388
23	394
23	400
23	406
23	412
23	418
23	424
23	430
23	436
23	442
23	448
23	454
23	460
23	466
23	473
23	480
23	487
23	495
23	505
24	249
24	259
24	267
24	274
24	281
24	287
24	293
24	298
24	303
24	308
24	313
24	318
24	323
24	328
24	333
24	338
24	344
24	349
24	355
24	360
24	366
24	372
24	378
24	384
24	390
24	396
24	401
24	406
24	411
24	416
24	420
24	425
24	429
24	433
24	438
24	442
24	446
24	451
24	455
24	460
24	464
24	469
24	474
24	479
24	485
24	491
24	497
24	505
24	514
24	524
25	259
25	269
25	278
25	285
25	292
25	299
25	305
25	311
25	317
25	322
25	328
25	333
25	338
25	343
25	348
25	353
25	358
25	363
25	367
25	372
25	376
25	381
25	385
25	390
25	393
25	398
25	401
25	405
25	409
25	412
25	416
25	419
25	423
25	426
25	430
25	433
25	437
25	440
25	444
25	447
25	451
25	455
25	458
25	462
25	466
25	470
25	475
25	479
25	484
25	489
25	495
25	501
25	508
25	516
25	526
26	258
26	268
26	276
26	283
26	290
26	296
26	302
26	308
26	313
26	318
26	323
26	328
26	332
26	337
26	341
26	345
26	349
26	353
26	356
26	360
26	363
26	367
26	370
26	373
26	376
26	380
26	382
26	386
26	388
26	392
26	394
26	397
26	400
26	403
26	406
26	409
26	412
26	415
26	418
26	421
26	424
26	427
26	430
26	433
26	436
26	439
26	443
26	446
26	449
26	453
26	456
26	460
26	464
26	468
26	472
26	477
26	481
26	486
26	491
26	497
26	504
26	511
26	520
26	533
27	253
27	262
27	270
27	277
27	283
27	288
27	293
27	297
27	302
27	305
27	310
27	313
27	317
27	321
27	324
27	328
27	331
27	334
27	337
27	340
27	343
27	345
27	349
27	351
27	353
27	356
27	359
27	361
27	363
27	366
27	368
27	371
27	373
27	375
27	378
27	380
27	382
27	385
27	387
27	389
27	392
27	394
27	396
27	399
27	401
27	404
27	406
27	408
27	411
27	413
27	416
27	418
27	421
27	424
27	426
27	429
27	432
27	435
27	438
27	441
27	444
27	447
27	451
27	454
27	458
27	462
27	466
27	470
27	475
27	479
27	485
27	490
27	496
27	503
27	510
27	519
27	530
28	250
28	259
28	266
28	272
28	277
28	282
28	285
28	290
28	292
28	296
28	299
28	302
28	305
28	308
28	311
28	313
28	316
28	319
28	321
28	324
28	326
28	329
28	331
28	334
28	336
28	339
28	341
28	344
28	346
28	349
28	351
28	354
28	356
28	359
28	361
28	364
28	367
28	369
28	372
28	375
28	377
28	380
28	383
28	386
28	389
28	392
28	395
28	398
28	401
28	405
28	408
28	412
28	415
28	419
28	423
28	427
28	431
28	436
28	440
28	446
28	451
28	457
28	463
28	470
28	478
28	486
28	495
28	506
29	250
29	259
29	265
29	271
29	275
29	280
29	283
29	288
29	291
29	294
29	298
29	301
29	303
29	307
29	309
29	312
29	314
29	317
29	320
29	322
29	324
29	327
29	329
29	332
29	334
29	336
29	339
29	341
29	343
29	346
29	348
29	350
29	353
29	355
29	358
29	360
29	363
29	365
29	368
29	370
29	374
29	376
29	379
29	382
29	385
29	388
29	391
29	395
29	398
29	401
29	405
29	408
29	412
29	416
29	420
29	425
29	429
29	434
29	439
29	445
29	451
29	458
29	466
29	475
29	485
30	251
30	260
30	267
30	272
30	277
30	282
30	285
30	290
30	293
30	297
30	300
30	303
30	307
30	310
30	313
30	316
30	319
30	322
30	325
30	328
30	331
30	334
30	337
30	340
30	343
30	346
30	349
30	353
30	356
30	360
30	364
30	367
30	372
30	376
30	380
30	385
30	389
30	394
30	399
30	405
30	411
30	417
30	424
30	432
30	440
30	450
30	464
31	257
31	265
31	272
31	278
31	283
31	289
31	293
31	298
31	302
31	306
31	311
31	314
31	319
31	323
31	327
31	331
31	335
31	339
31	344
31	348
31	353
31	358
31	363
31	368
31	374
31	380
31	386
31	393
31	400
31	408
31	416
31	425
31	436
32	257
32	267
32	275
32	282
32	289
32	295
32	301
32	307
32	313
32	319
32	325
32	331
32	337
32	343
32	349
32	356
32	363
32	371
32	379
32	388
32	398
33	263
33	273
33	282
33	290
33	298
33	305
33	312
33	319
33	326
33	333
33	340
33	347
33	354
33	362
33	370
33	379
33	389
34	282
34	293
34	303
34	313
34	322
34	331
34	340
34	349
34	359
34	370
35	287
35	298
35	308
35	318
35	328
35	338
35	348
35	359
36	277
36	288
36	298
36	307
36	316
36	325
36	334
36	343
36	353
36	364
37	271
37	282
37	292
37	301
37	310
37	318
37	327
37	336
37	345
37	355
37	366
38	277
38	288
38	298
38	308
38	317
38	326
38	335
38	344
38	354
38	364
38	376
39	300
39	312
39	324
39	336
39	348
40	298
40	309
40	320
40	330
40	340
40	350
40	361
40	374
41	301
41	313
41	324
41	335
41	346
41	357
45	307
45	319
45	330
45	342
45	355
46	312
46	323
46	333
46	343
46	353
46	364
46	376
47	332
47	345
51	288
51	299
51	310
51	321
51	332
51	344
52	296
52	307
52	317
52	326
52	335
52	344
52	354
52	364
52	375
53	310
53	321
53	331
53	340
53	349
53	359
53	369
53	380
56	280
56	291
56	302
56	313
56	324
56	335
56	345
56	355
56	365
56	375
56	387
57	261
57	271
57	280
57	288
57	296
57	304
57	312
57	320
57	328
57	336
57	344
57	353
57	362
57	371
57	381
57	392
58	252
58	261
58	268
58	273
58	279
58	283
58	288
58	293
58	297
58	302
58	306
58	311
58	316
58	321
58	326
58	331
58	337
58	343
58	349
58	356
58	363
58	371
58	380
58	390
59	250
59	258
59	263
59	268
59	272
59	274
59	279
59	281
59	284
59	287
59	290
59	293
59	295
59	298
59	301
59	303
59	306
59	309
59	311
59	314
59	317
59	319
59	323
59	325
59	328
59	331
59	334
59	337
59	340
59	344
59	347
59	351
59	355
59	359
59	363
59	368
59	372
59	377
59	383
59	389
59	396
59	404
59	413
59	423
60	251
60	260
60	264
60	269
60	272
60	275
60	279
60	281
60	283
60	286
60	289
60	291
60	293
60	295
60	298
60	300
60	302
60	303
60	306
60	308
60	310
60	312
60	314
60	316
60	318
60	320
60	322
60	324
60	326
60	328
60	330
60	332
60	334
60	336
60	338
60	340
60	343
60	344
60	347
60	349
60	351
60	354
60	356
60	358
60	361
60	364
60	366
60	369
60	372
60	375
60	378
60	382
60	385
60	389
60	393
60	397
60	402
60	407
60	413
60	419
60	426
60	435
60	445
61	270
61	279
61	285
61	291
61	294
61	299
61	302
61	304
61	308
61	311
61	312
61	315
61	318
61	320
61	322
61	324
61	327
61	329
61	331
61	333
61	335
61	338
61	339
61	342
61	344
61	346
61	348
61	350
61	353
61	355
61	357
61	360
61	362
61	365
61	367
61	370
61	373
61	376
61	378
61	382
61	385
61	388
61	392
61	396
61	400
61	405
61	409
61	415
61	420
61	427
61	434
61	442
61	452
62	290
62	300
62	309
62	316
62	322
62	328
62	333
62	338
62	343
62	348
62	353
62	358
62	364
62	370
62	376
62	382
62	389
62	396
62	403
62	411
62	419
62	428
62	437
62	448
63	261
63	271
63	280
63	288
63	296
63	304
63	312
63	320
63	329
63	338
63	346
63	354
63	362
63	370
63	377
63	384
63	391
63	398
63	405
63	412
63	419
63	426
63	433
63	440
63	447
63	455
63	464
63	474
64	259
64	268
64	275
64	281
64	287
64	292
64	297
64	302
64	307
64	312
64	317
64	322
64	327
64	332
64	337
64	341
64	346
64	350
64	354
64	359
64	362
64	367
64	370
64	374
64	378
64	382
64	385
64	389
64	392
64	396
64	399
64	403
64	406
64	410
64	414
64	417
64	421
64	425
64	429
64	433
64	437
64	441
64	446
64	450
64	455
64	460
64	466
64	472
64	479
64	487
64	497
65	270
65	279
65	287
65	293
65	299
65	304
65	309
65	313
65	318
65	322
65	326
65	330
65	333
65	337
65	341
65	343
65	347
65	350
65	353
65	356
65	359
65	362
65	364
65	367
65	370
65	372
65	374
65	377
65	379
65	382
65	384
65	386
65	389
65	391
65	393
65	396
65	398
65	400
65	403
65	405
65	408
65	410
65	413
65	416
65	418
65	421
65	424
65	427
65	430
65	434
65	437
65	441
65	445
65	449
65	454
65	458
65	464
65	470
65	477
65	485
65	495
66	302
66	312
66	320
66	327
66	333
66	339
66	343
66	348
66	352
66	356
66	360
66	363
66	367
66	370
66	373
66	376
66	379
66	382
66	385
66	388
66	391
66	394
66	397
66	400
66	404
66	407
66	410
66	414
66	418
66	422
66	426
66	431
66	436
66	441
66	447
66	454
66	462
66	471
67	412
67	424
67	436
67	448
68	269
68	279
68	288
68	297
68	305
68	313
68	322
68	331
68	340
68	349
68	358
68	367
68	376
68	385
68	394
68	403
68	411
68	419
68	426
68	433
68	440
68	446
68	453
68	460
68	468
68	477
68	488
69	262
69	271
69	279
69	285
69	291
69	296
69	302
69	307
69	312
69	317
69	322
69	327
69	332
69	337
69	342
69	347
69	352
69	357
69	362
69	367
69	372
69	377
69	382
69	387
69	392
69	397
69	401
69	406
69	410
69	414
69	419
69	422
69	427
69	430
69	434
69	438
69	442
69	446
69	450
69	454
69	458
69	463
69	467
69	473
69	478
69	485
69	492
69	500
69	510
70	277
70	286
70	293
70	300
70	306
70	311
70	316
70	321
70	325
70	330
70	334
70	338
70	342
70	346
70	350
70	354
70	358
70	362
70	366
70	370
70	373
70	377
70	381
70	384
70	388
70	391
70	395
70	398
70	402
70	405
70	409
70	412
70	416
70	419
70	423
70	427
70	430
70	434
70	438
70	442
70	446
70	450
70	455
70	459
70	465
70	470
70	476
70	483
70	491
70	501
71	323
71	334
71	344
71	353
71	362
71	370
71	378
71	386
71	394
71	402
71	410
71	419
71	429
71	440
73	439
73	452
74	269
74	279
74	287
74	295
74	302
74	309
74	316
74	323
74	330
74	337
74	344
74	351
74	358
74	365
74	372
74	379
74	387
74	395
74	403
74	410
74	417
74	424
74	431
74	438
74	445
74	452
74	459
74	466
74	474
74	483
74	494
75	273
75	283
75	292
75	300
75	307
75	314
75	321
75	327
75	333
75	339
75	345
75	351
75	357
75	363
75	369
75	375
75	381
75	387
75	394
75	400
75	407
75	413
75	420
75	426
75	433
75	439
75	446
75	453
75	460
75	467
75	475
75	484
75	495
-1	-1
