-1	-1
7	401
7	413
7	425
7	437
7	449
7	461
7	475
8	366
8	377
8	387
8	396
8	405
8	414
8	423
8	432
8	441
8	450
8	459
8	468
8	478
8	488
8	498
8	509
8	520
8	531
8	542
8	553
8	564
8	575
8	586
8	597
8	608
8	621
9	358
9	368
9	377
9	385
9	393
9	401
9	409
9	417
9	425
9	433
9	441
9	449
9	457
9	465
9	473
9	481
9	490
9	499
9	508
9	517
9	526
9	535
9	544
9	553
9	562
9	571
9	580
9	589
9	598
9	608
9	618
9	629
10	359
10	370
10	380
10	389
10	398
10	407
10	415
10	423
10	431
10	439
10	447
10	454
10	461
10	468
10	475
10	482
10	489
10	496
10	503
10	511
10	519
10	527
10	535
10	543
10	551
10	559
10	568
10	577
10	586
10	596
10	606
10	617
10	630
11	390
11	402
11	414
11	425
11	435
11	444
11	453
11	461
11	469
11	477
11	485
11	493
11	501
11	509
11	517
11	525
11	534
11	543
11	552
11	562
11	572
11	583
11	594
12	450
12	462
12	473
12	484
12	495
12	506
12	518
14	562
14	574
14	586
14	597
14	609
14	621
15	480
15	492
15	504
15	515
15	526
15	536
15	546
15	555
15	564
15	572
15	580
15	588
15	596
15	604
15	612
15	620
15	628
15	637
15	646
15	657
16	402
16	414
16	426
16	438
16	449
16	460
16	470
16	480
16	490
16	499
16	508
16	517
16	525
16	533
16	541
16	549
16	556
16	563
16	569
16	575
16	581
16	586
16	592
16	597
16	603
16	608
16	614
16	620
16	626
16	632
16	638
16	645
16	652
16	660
16	669
16	680
17	381
17	392
17	403
17	413
17	423
17	433
17	443
17	452
17	461
17	469
17	477
17	484
17	491
17	498
17	504
17	510
17	516
17	522
17	528
17	534
17	540
17	545
17	551
17	556
17	561
17	566
17	571
17	575
17	580
17	584
17	589
17	593
17	598
17	602
17	607
17	611
17	616
17	621
17	626
17	631
17	636
17	641
17	647
17	653
17	659
17	666
17	674
17	682
17	691
17	701
18	373
18	384
18	393
18	402
18	410
18	418
18	426
18	434
18	442
18	450
18	457
18	464
18	471
18	477
18	483
18	489
18	495
18	500
18	505
18	510
18	515
18	520
18	525
18	530
18	534
18	539
18	543
18	548
18	552
18	556
18	560
18	564
18	568
18	572
18	576
18	580
18	583
18	587
18	591
18	594
18	598
18	602
18	606
18	610
18	614
18	618
18	622
18	626
18	630
18	634
18	638
18	642
18	647
18	651
18	656
18	661
18	666
18	672
18	678
18	685
18	692
18	700
18	708
18	717
18	728
19	367
19	377
19	386
19	394
19	401
19	408
19	415
19	422
19	429
19	436
19	442
19	449
19	455
19	461
19	466
19	472
19	477
19	482
19	487
19	491
19	496
19	500
19	504
19	508
19	512
19	515
19	519
19	522
19	526
19	529
19	533
19	536
19	540
19	543
19	547
19	550
19	554
19	557
19	561
19	564
19	568
19	571
19	575
19	578
19	582
19	585
19	589
19	593
19	596
19	600
19	604
19	608
19	612
19	616
19	620
19	624
19	628
19	632
19	636
19	640
19	645
19	649
19	654
19	659
19	664
19	669
19	675
19	681
19	687
19	694
19	701
19	708
19	716
19	725
19	736
20	359
20	369
20	377
20	384
20	391
20	397
20	403
20	408
20	413
20	418
20	423
20	428
20	433
20	438
20	443
20	448
20	452
20	457
20	461
20	466
20	470
20	474
20	478
20	482
20	486
20	490
20	493
20	497
20	500
20	504
20	507
20	511
20	513
20	517
20	520
20	523
20	526
20	529
20	533
20	536
20	539
20	543
20	546
20	550
20	553
20	557
20	560
20	564
20	568
20	572
20	576
20	580
20	584
20	588
20	592
20	596
20	600
20	604
20	608
20	612
20	616
20	620
20	624
20	628
20	632
20	636
20	641
20	645
20	650
20	655
20	660
20	666
20	671
20	677
20	683
20	689
20	696
20	703
20	710
20	718
20	727
20	737
21	351
21	361
21	369
21	375
21	381
21	385
21	390
21	394
21	399
21	402
21	407
21	410
21	414
21	418
21	421
21	425
21	429
21	432
21	436
21	440
21	443
21	447
21	450
21	454
21	457
21	461
21	464
21	467
21	471
21	474
21	477
21	481
21	483
21	487
21	490
21	493
21	496
21	499
21	502
21	505
21	508
21	511
21	514
21	517
21	520
21	523
21	526
21	529
21	532
21	535
21	538
21	541
21	545
21	548
21	551
21	555
21	558
21	562
21	565
21	569
21	573
21	577
21	581
21	585
21	589
21	593
21	596
21	600
21	603
21	607
21	610
21	614
21	617
21	621
21	624
21	628
21	631
21	635
21	638
21	642
21	646
21	649
21	654
21	658
21	663
21	667
21	672
21	677
21	682
21	688
21	694
21	700
21	707
21	714
21	722
21	731
21	744
22	348
22	357
22	364
22	371
22	376
22	381
22	386
22	391
22	395
22	400
22	404
22	408
22	412
22	416
22	420
22	424
22	428
22	432
22	436
22	440
22	443
22	447
22	450
22	453
22	457
22	460
22	463
22	466
22	469
22	472
22	475
22	478
22	481
22	484
22	487
22	490
22	493
22	496
22	499
22	502
22	504
22	508
22	510
22	513
22	516
22	519
22	521
22	525
22	527
22	530
22	533
22	536
22	539
22	542
22	545
22	548
22	551
22	554
22	557
22	560
22	563
22	566
22	569
22	572
22	576
22	578
22	582
22	585
22	588
22	591
22	594
22	597
22	600
22	603
22	606
22	609
22	612
22	615
22	618
22	621
22	624
22	627
22	630
22	633
22	636
22	639
22	642
22	646
22	649
22	653
22	656
22	660
22	664
22	668
22	673
22	677
22	682
22	687
22	693
22	699
22	706
22	714
22	723
22	734
23	348
23	357
23	365
23	372
23	378
23	384
23	390
23	395
23	401
23	406
23	411
23	416
23	420
23	425
23	429
23	433
23	438
23	442
23	446
23	450
23	454
23	458
23	462
23	466
23	470
23	474
23	478
23	482
23	486
23	490
23	494
23	498
23	502
23	506
23	510
23	514
23	518
23	522
23	526
23	530
23	533
23	537
23	541
23	544
23	547
23	551
23	553
23	557
23	560
23	563
23	566
23	569
23	572
23	575
23	578
23	581
23	584
23	587
23	590
23	594
23	597
23	600
23	604
23	607
23	610
23	614
23	617
23	621
23	624
23	628
23	631
23	635
23	638
23	642
23	646
23	649
23	654
23	657
23	662
23	666
23	671
23	676
23	681
23	687
23	693
23	700
23	707
23	716
23	726
24	350
24	360
24	368
24	375
24	382
24	389
24	395
24	401
24	407
24	412
24	417
24	422
24	427
24	431
24	436
24	440
24	444
24	448
24	452
24	456
24	460
24	464
24	468
24	472
24	476
24	480
24	484
24	488
24	492
24	496
24	500
24	504
24	508
24	512
24	516
24	520
24	524
24	528
24	532
24	536
24	540
24	543
24	547
24	551
24	554
24	558
24	562
24	566
24	570
24	574
24	578
24	582
24	587
24	591
24	596
24	600
24	605
24	610
24	615
24	620
24	625
24	630
24	635
24	640
24	645
24	650
24	655
24	660
24	665
24	671
24	677
24	683
24	690
24	697
24	705
24	714
24	725
25	356
25	366
25	375
25	384
25	392
25	400
25	408
25	416
25	424
25	432
25	439
25	446
25	453
25	460
25	466
25	472
25	478
25	483
25	489
25	494
25	499
25	504
25	509
25	514
25	519
25	523
25	528
25	532
25	537
25	541
25	546
25	550
25	555
25	559
25	564
25	569
25	574
25	579
25	584
25	590
25	596
25	602
25	608
25	614
25	621
25	627
25	634
25	641
25	648
25	655
25	662
25	669
25	677
25	685
25	694
25	704
25	716
26	357
26	367
26	376
26	385
26	393
26	401
26	409
26	417
26	425
26	433
26	441
26	449
26	456
26	463
26	470
26	476
26	481
26	486
26	491
26	495
26	500
26	504
26	508
26	512
26	516
26	520
26	523
26	527
26	530
26	534
26	537
26	541
26	544
26	548
26	551
26	555
26	559
26	563
26	567
26	571
26	576
26	580
26	585
26	590
26	596
26	602
26	609
26	616
26	624
26	633
26	642
26	651
26	661
26	671
26	682
26	695
27	359
27	369
27	378
27	386
27	393
27	400
27	406
27	412
27	418
27	423
27	429
27	434
27	439
27	444
27	449
27	454
27	459
27	464
27	469
27	474
27	479
27	483
27	488
27	492
27	496
27	500
27	504
27	508
27	512
27	516
27	520
27	524
27	528
27	532
27	536
27	540
27	545
27	549
27	554
27	559
27	565
27	570
27	576
27	583
27	590
27	598
27	607
27	618
28	357
28	366
28	374
28	381
28	387
28	393
28	398
28	403
28	408
28	412
28	416
28	420
28	423
28	427
28	430
28	433
28	437
28	440
28	443
28	446
28	449
28	452
28	455
28	458
28	461
28	464
28	467
28	470
28	473
28	476
28	479
28	483
28	486
28	489
28	493
28	496
28	500
28	503
28	507
28	511
28	515
28	519
28	523
28	527
28	531
28	536
28	540
28	545
28	550
28	555
28	561
28	567
28	574
28	581
28	589
28	598
28	609
29	357
29	366
29	373
29	380
29	386
29	392
29	397
29	402
29	406
29	411
29	414
29	418
29	421
29	424
29	427
29	430
29	432
29	435
29	438
29	440
29	443
29	445
29	448
29	450
29	452
29	455
29	457
29	459
29	462
29	464
29	466
29	469
29	471
29	473
29	476
29	478
29	480
29	483
29	485
29	487
29	490
29	492
29	495
29	497
29	500
29	503
29	505
29	508
29	511
29	514
29	517
29	520
29	523
29	526
29	529
29	533
29	536
29	540
29	544
29	548
29	552
29	557
29	562
29	567
29	573
29	579
29	586
29	594
29	604
30	350
30	360
30	368
30	374
30	380
30	384
30	389
30	393
30	398
30	402
30	406
30	410
30	414
30	418
30	421
30	425
30	428
30	432
30	435
30	439
30	442
30	445
30	449
30	452
30	456
30	459
30	463
30	466
30	470
30	473
30	477
30	480
30	484
30	488
30	491
30	496
30	499
30	504
30	508
30	513
30	517
30	522
30	527
30	533
30	539
30	546
30	553
30	561
30	570
30	580
30	592
31	347
31	355
31	361
31	366
31	371
31	374
31	378
31	382
31	384
31	388
31	391
31	393
31	396
31	399
31	401
31	404
31	407
31	409
31	412
31	414
31	417
31	419
31	422
31	425
31	427
31	430
31	433
31	436
31	438
31	442
31	444
31	448
31	450
31	454
31	457
31	460
31	464
31	467
31	471
31	474
31	478
31	482
31	486
31	490
31	494
31	498
31	503
31	507
31	512
31	517
31	522
31	527
31	533
31	539
31	545
31	552
31	559
31	567
31	576
31	586
32	342
32	351
32	357
32	362
32	366
32	371
32	373
32	378
32	381
32	383
32	387
32	390
32	392
32	395
32	398
32	400
32	403
32	405
32	408
32	410
32	413
32	415
32	418
32	420
32	423
32	425
32	428
32	430
32	433
32	436
32	438
32	441
32	444
32	447
32	449
32	453
32	455
32	458
32	461
32	464
32	467
32	470
32	473
32	476
32	479
32	483
32	486
32	489
32	493
32	496
32	500
32	503
32	507
32	511
32	515
32	519
32	523
32	528
32	532
32	537
32	542
32	548
32	554
32	561
32	569
32	579
32	712
32	724
33	344
33	353
33	361
33	368
33	374
33	380
33	385
33	391
33	396
33	401
33	406
33	411
33	416
33	421
33	426
33	431
33	436
33	441
33	447
33	452
33	458
33	464
33	470
33	476
33	482
33	488
33	495
33	502
33	510
33	518
33	527
33	538
33	708
33	719
33	729
33	739
33	752
34	348
34	357
34	364
34	371
34	376
34	382
34	387
34	392
34	396
34	401
34	405
34	409
34	413
34	417
34	421
34	425
34	429
34	433
34	437
34	441
34	445
34	449
34	454
34	458
34	463
34	467
34	472
34	477
34	482
34	488
34	494
34	500
34	507
34	515
34	523
34	532
34	543
34	710
34	721
34	731
34	741
34	751
34	764
35	352
35	362
35	370
35	377
35	383
35	388
35	393
35	398
35	402
35	407
35	411
35	415
35	419
35	423
35	427
35	431
35	434
35	438
35	441
35	445
35	448
35	452
35	456
35	459
35	463
35	467
35	471
35	475
35	479
35	483
35	488
35	492
35	497
35	502
35	507
35	513
35	519
35	526
35	534
35	543
35	554
35	717
35	728
35	738
35	748
35	759
36	357
36	368
36	378
36	387
36	395
36	403
36	411
36	419
36	427
36	435
36	442
36	450
36	458
36	466
36	474
36	483
36	492
36	502
36	515
36	729
36	740
36	750
36	760
36	773
37	352
37	362
37	371
37	379
37	387
37	394
37	401
37	407
37	413
37	419
37	426
37	432
37	439
37	446
37	454
37	462
37	471
37	481
37	727
37	737
37	746
37	755
37	764
37	774
37	785
38	357
38	367
38	376
38	384
38	391
38	397
38	403
38	408
38	413
38	418
38	423
38	428
38	433
38	438
38	443
38	448
38	454
38	459
38	465
38	471
38	478
38	486
38	494
38	503
38	514
38	739
38	751
38	762
38	774
39	368
39	379
39	390
39	400
39	409
39	418
39	427
39	435
39	443
39	452
39	461
39	470
39	480
39	492
43	377
43	388
43	398
43	408
43	418
43	428
43	439
43	450
43	462
43	475
44	362
44	372
44	381
44	389
44	396
44	403
44	410
44	416
44	423
44	429
44	436
44	443
44	450
44	457
44	464
44	471
44	479
44	487
44	495
44	503
44	512
44	521
44	531
44	541
44	553
45	358
45	367
45	374
45	380
45	385
45	391
45	395
45	400
45	404
45	409
45	413
45	417
45	421
45	425
45	429
45	433
45	437
45	441
45	446
45	450
45	455
45	459
45	464
45	468
45	473
45	478
45	483
45	488
45	493
45	498
45	503
45	508
45	514
45	519
45	525
45	531
45	537
45	544
45	551
45	559
45	568
45	578
46	361
46	371
46	379
46	386
46	392
46	398
46	403
46	409
46	414
46	419
46	424
46	429
46	434
46	439
46	444
46	449
46	454
46	459
46	464
46	469
46	474
46	479
46	484
46	489
46	494
46	499
46	504
46	509
46	514
46	519
46	525
46	530
46	536
46	543
46	550
46	558
46	567
46	578
47	372
47	383
47	394
47	404
47	414
47	423
47	432
47	441
47	450
47	459
47	468
47	477
47	486
47	496
47	506
47	517
48	371
48	382
48	392
48	401
48	410
48	418
48	426
48	434
48	442
48	450
48	459
48	468
48	477
48	487
48	497
48	508
48	521
49	367
49	377
49	385
49	392
49	399
49	405
49	411
49	416
49	422
49	427
49	432
49	437
49	442
49	447
49	452
49	457
49	462
49	467
49	473
49	478
49	484
49	490
49	496
49	503
49	510
49	517
49	524
49	532
49	540
49	549
49	559
49	573
50	367
50	377
50	385
50	392
50	399
50	405
50	411
50	416
50	421
50	426
50	431
50	435
50	440
50	444
50	449
50	453
50	457
50	461
50	465
50	469
50	474
50	478
50	483
50	487
50	492
50	496
50	501
50	506
50	511
50	516
50	521
50	527
50	533
50	539
50	546
50	553
50	561
50	570
50	580
51	377
51	388
51	398
51	407
51	416
51	425
51	433
51	441
51	449
51	456
51	463
51	470
51	477
51	484
51	491
51	498
51	506
51	514
51	522
51	531
51	541
52	368
52	379
52	389
52	398
52	407
52	416
52	425
52	434
52	443
52	452
52	462
52	473
53	358
53	368
53	376
53	383
53	389
53	395
53	401
53	406
53	412
53	417
53	422
53	427
53	432
53	437
53	443
53	448
53	454
53	460
53	467
53	474
53	481
53	489
53	497
53	506
53	516
54	352
54	361
54	368
54	373
54	378
54	382
54	386
54	390
54	393
54	397
54	401
54	403
54	407
54	410
54	413
54	416
54	419
54	422
54	425
54	428
54	431
54	434
54	437
54	440
54	443
54	446
54	449
54	453
54	456
54	459
54	463
54	467
54	470
54	475
54	478
54	483
54	487
54	492
54	497
54	502
54	508
54	514
54	520
54	527
54	535
54	544
54	554
55	349
55	358
55	363
55	369
55	372
55	377
55	380
55	383
55	386
55	390
55	392
55	395
55	398
55	400
55	403
55	405
55	408
55	410
55	412
55	415
55	417
55	419
55	422
55	423
55	426
55	428
55	430
55	433
55	435
55	437
55	439
55	442
55	444
55	446
55	449
55	451
55	454
55	456
55	459
55	461
55	464
55	467
55	469
55	473
55	475
55	479
55	482
55	486
55	489
55	493
55	497
55	501
55	505
55	509
55	514
55	518
55	524
55	529
55	535
55	542
55	549
55	558
55	568
56	348
56	356
56	362
56	368
56	373
56	378
56	383
56	388
56	393
56	397
56	402
56	406
56	411
56	415
56	420
56	424
56	429
56	433
56	438
56	442
56	447
56	452
56	457
56	462
56	467
56	473
56	479
56	485
56	492
56	499
56	507
56	515
56	524
56	535
57	347
57	356
57	364
57	372
57	380
57	388
57	396
57	405
57	414
57	424
57	434
57	445
57	456
57	467
57	478
57	489
57	501
58	348
58	357
58	365
58	372
58	379
58	386
58	393
58	400
58	407
58	414
58	421
58	428
58	435
58	442
58	449
58	456
58	463
58	470
58	477
58	484
58	491
58	498
58	505
58	513
58	521
58	530
58	540
59	351
59	361
59	369
59	376
59	382
59	388
59	393
59	398
59	403
59	408
59	412
59	417
59	421
59	426
59	430
59	434
59	438
59	442
59	446
59	450
59	454
59	458
59	462
59	466
59	470
59	474
59	478
59	482
59	486
59	490
59	494
59	498
59	502
59	506
59	510
59	515
59	519
59	524
59	529
59	535
59	541
59	547
59	554
59	562
59	572
60	357
60	365
60	371
60	376
60	381
60	385
60	390
60	393
60	397
60	400
60	403
60	406
60	410
60	412
60	415
60	418
60	421
60	423
60	426
60	429
60	431
60	434
60	436
60	439
60	441
60	443
60	446
60	448
60	451
60	453
60	455
60	458
60	460
60	462
60	464
60	467
60	469
60	471
60	473
60	475
60	478
60	479
60	482
60	484
60	486
60	488
60	490
60	493
60	495
60	497
60	499
60	502
60	504
60	506
60	509
60	511
60	514
60	516
60	519
60	521
60	525
60	527
60	530
60	534
60	536
60	540
60	544
60	547
60	552
60	556
60	561
60	566
60	572
60	578
60	586
60	595
61	359
61	368
61	374
61	380
61	384
61	389
61	393
61	397
61	401
61	404
61	408
61	411
61	414
61	417
61	420
61	423
61	425
61	428
61	431
61	433
61	436
61	438
61	441
61	443
61	445
61	448
61	450
61	452
61	454
61	456
61	458
61	461
61	462
61	464
61	466
61	468
61	470
61	472
61	473
61	476
61	477
61	479
61	481
61	483
61	485
61	486
61	489
61	490
61	492
61	494
61	496
61	498
61	500
61	502
61	504
61	506
61	508
61	510
61	513
61	515
61	517
61	519
61	522
61	525
61	527
61	530
61	533
61	536
61	539
61	543
61	546
61	550
61	554
61	558
61	563
61	568
61	574
61	580
61	587
61	595
61	605
62	429
62	440
62	450
62	459
62	467
62	474
62	481
62	488
62	495
62	503
62	511
62	520
62	530
62	540
62	551
63	542
63	554
63	565
63	576
63	587
63	598
63	609
63	623
64	376
64	387
64	397
64	406
64	415
64	424
64	433
64	442
64	451
64	460
64	469
64	478
64	487
64	496
64	505
64	513
64	521
64	529
64	536
64	543
64	550
64	557
64	563
64	569
64	575
64	581
64	587
64	593
64	599
64	605
64	611
64	617
64	624
64	631
64	638
64	646
64	655
64	665
65	361
65	370
65	378
65	384
65	390
65	396
65	401
65	406
65	411
65	416
65	421
65	426
65	431
65	435
65	440
65	444
65	449
65	453
65	458
65	462
65	467
65	471
65	476
65	480
65	485
65	489
65	494
65	498
65	503
65	507
65	511
65	515
65	519
65	523
65	527
65	531
65	534
65	538
65	542
65	545
65	549
65	552
65	556
65	559
65	562
65	566
65	569
65	572
65	576
65	579
65	582
65	585
65	589
65	591
65	595
65	598
65	601
65	605
65	608
65	611
65	615
65	618
65	622
65	626
65	630
65	634
65	638
65	643
65	647
65	653
65	658
65	665
65	672
65	680
65	690
66	359
66	368
66	374
66	380
66	383
66	388
66	392
66	395
66	399
66	402
66	405
66	408
66	411
66	414
66	417
66	420
66	422
66	425
66	428
66	430
66	433
66	436
66	438
66	441
66	443
66	446
66	448
66	451
66	453
66	456
66	458
66	461
66	463
66	466
66	468
66	471
66	473
66	476
66	478
66	481
66	483
66	486
66	488
66	491
66	493
66	495
66	498
66	500
66	502
66	505
66	507
66	509
66	512
66	514
66	516
66	519
66	521
66	523
66	525
66	528
66	529
66	532
66	534
66	536
66	538
66	540
66	542
66	544
66	546
66	548
66	550
66	552
66	554
66	556
66	558
66	560
66	562
66	564
66	566
66	568
66	570
66	572
66	574
66	576
66	578
66	580
66	582
66	584
66	586
66	588
66	590
66	592
66	594
66	596
66	598
66	600
66	602
66	605
66	606
66	609
66	611
66	614
66	616
66	618
66	621
66	624
66	627
66	629
66	633
66	636
66	639
66	644
66	647
66	652
66	657
66	662
66	668
66	675
66	683
66	694
67	361
67	370
67	376
67	382
67	386
67	391
67	394
67	399
67	402
67	406
67	409
67	412
67	415
67	418
67	421
67	424
67	427
67	430
67	432
67	435
67	438
67	440
67	443
67	445
67	448
67	450
67	453
67	455
67	458
67	460
67	462
67	465
67	467
67	469
67	472
67	474
67	476
67	479
67	481
67	483
67	485
67	488
67	490
67	492
67	494
67	496
67	499
67	500
67	503
67	504
67	507
67	509
67	511
67	513
67	515
67	517
67	519
67	521
67	523
67	525
67	527
67	529
67	531
67	533
67	534
67	537
67	538
67	540
67	542
67	544
67	546
67	547
67	550
67	551
67	553
67	555
67	557
67	559
67	560
67	563
67	564
67	566
67	568
67	570
67	572
67	574
67	576
67	578
67	580
67	582
67	585
67	586
67	589
67	591
67	594
67	596
67	599
67	601
67	605
67	607
67	610
67	614
67	617
67	621
67	625
67	629
67	634
67	639
67	645
67	652
67	660
67	670
68	409
68	420
68	431
68	441
68	450
68	459
68	467
68	475
68	483
68	490
68	497
68	504
68	511
68	517
68	523
68	529
68	535
68	542
68	548
68	555
68	562
68	570
68	579
68	589
68	601
70	610
70	622
70	634
71	373
71	383
71	392
71	400
71	408
71	415
71	422
71	429
71	436
71	443
71	450
71	457
71	464
71	471
71	479
71	487
71	495
71	503
71	511
71	519
71	527
71	535
71	543
71	551
71	559
71	567
71	575
71	582
71	589
71	596
71	603
71	609
71	615
71	621
71	627
71	633
71	639
71	645
71	651
71	658
71	666
71	675
71	686
72	361
72	370
72	377
72	383
72	388
72	393
72	398
72	402
72	406
72	410
72	414
72	418
72	422
72	425
72	429
72	432
72	436
72	439
72	443
72	446
72	450
72	453
72	457
72	460
72	464
72	467
72	471
72	475
72	478
72	482
72	486
72	489
72	493
72	497
72	501
72	505
72	509
72	513
72	517
72	521
72	525
72	529
72	533
72	537
72	541
72	545
72	549
72	553
72	557
72	560
72	564
72	568
72	571
72	575
72	579
72	582
72	586
72	589
72	593
72	596
72	600
72	603
72	606
72	610
72	612
72	616
72	619
72	622
72	625
72	628
72	631
72	634
72	637
72	640
72	644
72	647
72	651
72	655
72	658
72	663
72	667
72	672
72	677
72	683
72	690
72	698
72	708
73	360
73	369
73	374
73	380
73	383
73	388
73	391
73	394
73	398
73	401
73	404
73	407
73	410
73	413
73	415
73	418
73	421
73	423
73	426
73	429
73	431
73	434
73	436
73	439
73	441
73	444
73	446
73	449
73	451
73	454
73	456
73	459
73	461
73	464
73	466
73	469
73	471
73	474
73	476
73	479
73	481
73	484
73	486
73	489
73	491
73	494
73	496
73	499
73	501
73	504
73	506
73	509
73	511
73	514
73	516
73	519
73	521
73	524
73	526
73	529
73	531
73	534
73	536
73	539
73	541
73	544
73	547
73	549
73	552
73	554
73	557
73	560
73	562
73	565
73	568
73	570
73	573
73	576
73	578
73	581
73	584
73	586
73	589
73	592
73	594
73	597
73	600
73	602
73	605
73	608
73	610
73	613
73	616
73	618
73	621
73	624
73	626
73	629
73	632
73	635
73	638
73	641
73	644
73	647
73	651
73	654
73	658
73	662
73	666
73	671
73	676
73	682
73	689
73	697
73	707
74	363
74	372
74	380
74	386
74	392
74	396
74	401
74	405
74	410
74	414
74	418
74	422
74	426
74	430
74	433
74	437
74	441
74	444
74	448
74	451
74	455
74	458
74	462
74	465
74	469
74	472
74	476
74	479
74	483
74	486
74	490
74	493
74	497
74	500
74	504
74	507
74	511
74	515
74	518
74	522
74	526
74	529
74	533
74	537
74	541
74	545
74	549
74	553
74	557
74	561
74	565
74	569
74	574
74	578
74	583
74	587
74	592
74	597
74	602
74	607
74	613
74	619
74	625
74	632
74	640
74	649
74	661
-1	-1
