-1	-1
9	231
9	243
9	255
9	266
9	277
9	288
9	299
9	309
9	319
9	329
9	339
9	349
9	359
9	369
9	378
9	387
9	396
9	405
9	414
9	423
9	432
9	442
9	452
9	462
9	472
9	483
10	216
10	227
10	237
10	247
10	256
10	265
10	274
10	282
10	290
10	298
10	306
10	314
10	322
10	329
10	336
10	343
10	350
10	357
10	364
10	371
10	378
10	385
10	392
10	399
10	406
10	413
10	420
10	427
10	435
10	443
10	451
10	459
10	467
10	476
10	485
10	495
11	210
11	221
11	231
11	240
11	249
11	257
11	265
11	272
11	279
11	286
11	293
11	299
11	305
11	311
11	317
11	323
11	329
11	335
11	341
11	347
11	353
11	359
11	365
11	371
11	377
11	383
11	389
11	395
11	401
11	407
11	413
11	419
11	425
11	431
11	438
11	445
11	452
11	459
11	466
11	474
11	482
11	491
11	501
11	513
12	208
12	218
12	227
12	236
12	244
12	252
12	260
12	267
12	274
12	281
12	288
12	294
12	300
12	306
12	312
12	318
12	324
12	330
12	337
12	343
12	350
12	356
12	363
12	369
12	375
12	381
12	387
12	393
12	399
12	405
12	411
12	417
12	423
12	429
12	436
12	443
12	450
12	457
12	464
12	471
12	478
12	486
12	494
12	503
12	513
13	209
13	219
13	228
13	237
13	245
13	253
13	261
13	269
13	277
13	285
13	293
13	301
13	309
13	317
13	325
13	333
13	341
13	349
13	356
13	363
13	370
13	377
13	384
13	391
13	398
13	405
13	412
13	419
13	426
13	433
13	440
13	447
13	454
13	461
13	468
13	475
13	482
13	489
13	497
13	505
13	514
13	524
14	211
14	222
14	232
14	241
14	250
14	258
14	266
14	274
14	282
14	290
14	298
14	306
14	313
14	320
14	327
14	334
14	341
14	348
14	355
14	362
14	369
14	375
14	381
14	387
14	393
14	399
14	405
14	411
14	416
14	422
14	427
14	432
14	437
14	442
14	447
14	453
14	458
14	464
14	470
14	476
14	482
14	488
14	495
14	502
14	510
14	518
14	527
14	538
15	213
15	224
15	233
15	242
15	250
15	258
15	266
15	273
15	280
15	287
15	294
15	301
15	308
15	314
15	320
15	326
15	332
15	338
15	344
15	350
15	355
15	361
15	366
15	371
15	376
15	381
15	386
15	391
15	395
15	400
15	404
15	409
15	413
15	417
15	421
15	425
15	429
15	433
15	437
15	441
15	445
15	449
15	453
15	457
15	462
15	466
15	471
15	476
15	481
15	486
15	491
15	497
15	503
15	509
15	516
15	524
15	533
15	543
15	555
16	211
16	221
16	230
16	238
16	246
16	253
16	260
16	266
16	272
16	278
16	284
16	290
16	295
16	301
16	306
16	312
16	317
16	322
16	327
16	332
16	337
16	342
16	347
16	352
16	357
16	362
16	367
16	372
16	376
16	381
16	385
16	390
16	394
16	398
16	402
16	406
16	410
16	414
16	418
16	422
16	426
16	430
16	433
16	437
16	441
16	445
16	449
16	453
16	457
16	461
16	465
16	469
16	474
16	478
16	483
16	488
16	493
16	499
16	505
16	511
16	518
16	526
16	534
16	543
16	553
17	209
17	219
17	228
17	236
17	243
17	250
17	256
17	262
17	268
17	273
17	279
17	284
17	289
17	294
17	299
17	304
17	309
17	314
17	319
17	324
17	329
17	334
17	339
17	343
17	348
17	352
17	357
17	361
17	365
17	370
17	373
17	378
17	381
17	386
17	389
17	393
17	397
17	401
17	404
17	408
17	412
17	415
17	419
17	423
17	427
17	431
17	435
17	439
17	443
17	447
17	451
17	455
17	459
17	464
17	468
17	474
17	479
17	485
17	491
17	497
17	504
17	512
17	520
17	529
17	538
17	548
18	208
18	218
18	226
18	234
18	241
18	248
18	254
18	260
18	266
18	272
18	277
18	283
18	288
18	293
18	298
18	303
18	308
18	313
18	318
18	322
18	327
18	331
18	336
18	340
18	344
18	348
18	352
18	356
18	360
18	364
18	368
18	372
18	376
18	380
18	384
18	388
18	392
18	396
18	400
18	404
18	408
18	412
18	416
18	420
18	424
18	428
18	432
18	436
18	440
18	445
18	449
18	454
18	458
18	464
18	469
18	475
18	481
18	487
18	494
18	501
18	509
18	518
18	528
18	539
19	201
19	211
19	219
19	226
19	233
19	239
19	245
19	251
19	256
19	261
19	266
19	271
19	276
19	281
19	286
19	291
19	295
19	300
19	304
19	309
19	313
19	318
19	322
19	327
19	331
19	336
19	340
19	345
19	349
19	354
19	358
19	363
19	367
19	372
19	376
19	381
19	385
19	390
19	394
19	399
19	404
19	409
19	414
19	419
19	424
19	429
19	434
19	439
19	444
19	450
19	456
19	462
19	468
19	475
19	482
19	489
19	497
19	505
19	514
19	523
19	533
19	545
20	198
20	207
20	214
20	221
20	227
20	233
20	238
20	243
20	248
20	253
20	257
20	262
20	266
20	270
20	274
20	278
20	282
20	286
20	290
20	294
20	298
20	302
20	306
20	310
20	314
20	318
20	322
20	326
20	330
20	334
20	338
20	343
20	347
20	352
20	356
20	361
20	365
20	370
20	374
20	379
20	383
20	388
20	392
20	397
20	401
20	406
20	410
20	415
20	420
20	425
20	430
20	435
20	440
20	445
20	450
20	455
20	460
20	466
20	471
20	477
20	483
20	489
20	495
20	502
20	509
20	516
20	524
20	533
20	543
20	555
21	199
21	208
21	215
21	222
21	228
21	233
21	239
21	244
21	249
21	254
21	259
21	263
21	268
21	272
21	277
21	281
21	286
21	290
21	295
21	299
21	304
21	308
21	313
21	317
21	322
21	326
21	331
21	335
21	340
21	344
21	349
21	353
21	358
21	362
21	367
21	371
21	376
21	380
21	385
21	389
21	394
21	398
21	403
21	407
21	412
21	416
21	421
21	425
21	430
21	434
21	439
21	443
21	447
21	451
21	455
21	459
21	463
21	467
21	471
21	475
21	479
21	483
21	487
21	492
21	496
21	501
21	506
21	511
21	517
21	523
21	529
21	536
21	544
21	553
21	563
22	202
22	212
22	220
22	227
22	234
22	240
22	246
22	252
22	257
22	262
22	267
22	272
22	277
22	282
22	287
22	292
22	296
22	301
22	305
22	310
22	314
22	319
22	323
22	328
22	332
22	337
22	341
22	346
22	351
22	356
22	361
22	366
22	371
22	376
22	381
22	386
22	391
22	396
22	400
22	405
22	409
22	413
22	417
22	421
22	425
22	429
22	432
22	436
22	439
22	443
22	446
22	449
22	452
22	455
22	458
22	461
22	464
22	467
22	470
22	473
22	476
22	479
22	483
22	486
22	489
22	493
22	496
22	500
22	504
22	508
22	512
22	517
22	521
22	526
22	531
22	537
22	543
22	550
22	558
22	567
22	578
23	207
23	217
23	225
23	232
23	239
23	245
23	251
23	257
23	262
23	267
23	272
23	277
23	282
23	287
23	291
23	296
23	300
23	305
23	309
23	314
23	318
23	323
23	327
23	332
23	336
23	341
23	345
23	350
23	354
23	359
23	363
23	367
23	371
23	375
23	379
23	383
23	387
23	390
23	394
23	397
23	401
23	404
23	407
23	411
23	413
23	416
23	419
23	422
23	424
23	427
23	430
23	432
23	435
23	438
23	440
23	443
23	446
23	449
23	451
23	455
23	457
23	460
23	464
23	466
23	470
23	473
23	477
23	480
23	484
23	488
23	492
23	496
23	501
23	506
23	511
23	517
23	523
23	530
23	537
23	545
23	554
23	565
24	207
24	217
24	225
24	232
24	239
24	245
24	251
24	257
24	263
24	268
24	274
24	279
24	284
24	289
24	294
24	299
24	304
24	309
24	313
24	318
24	322
24	326
24	330
24	334
24	338
24	342
24	345
24	349
24	352
24	355
24	359
24	361
24	364
24	367
24	370
24	372
24	375
24	378
24	380
24	383
24	385
24	388
24	390
24	392
24	395
24	397
24	399
24	402
24	404
24	406
24	408
24	411
24	413
24	415
24	417
24	420
24	422
24	424
24	427
24	429
24	431
24	434
24	436
24	438
24	441
24	443
24	446
24	448
24	451
24	454
24	456
24	459
24	462
24	465
24	468
24	471
24	474
24	477
24	481
24	484
24	488
24	492
24	496
24	501
24	506
24	511
24	517
24	524
24	531
24	540
24	550
25	209
25	219
25	227
25	234
25	240
25	246
25	251
25	256
25	261
25	265
25	270
25	274
25	278
25	282
25	286
25	290
25	293
25	297
25	301
25	304
25	308
25	311
25	314
25	317
25	320
25	323
25	325
25	328
25	331
25	333
25	335
25	338
25	340
25	342
25	344
25	347
25	349
25	351
25	353
25	355
25	357
25	359
25	361
25	363
25	365
25	367
25	369
25	371
25	372
25	374
25	376
25	378
25	380
25	381
25	383
25	385
25	387
25	389
25	390
25	392
25	394
25	396
25	398
25	399
25	402
25	404
25	405
25	408
25	409
25	412
25	414
25	416
25	418
25	420
25	423
25	425
25	427
25	430
25	432
25	435
25	437
25	440
25	443
25	446
25	448
25	452
25	455
25	458
25	462
25	465
25	469
25	473
25	477
25	482
25	487
25	492
25	498
25	505
25	512
25	521
25	531
26	203
26	213
26	221
26	228
26	233
26	239
26	243
26	248
26	252
26	255
26	259
26	262
26	265
26	269
26	271
26	274
26	277
26	280
26	282
26	285
26	287
26	290
26	292
26	294
26	297
26	299
26	301
26	303
26	306
26	308
26	310
26	312
26	314
26	316
26	318
26	321
26	322
26	324
26	327
26	328
26	331
26	332
26	335
26	336
26	339
26	340
26	343
26	344
26	347
26	348
26	351
26	352
26	355
26	356
26	359
26	360
26	363
26	365
26	367
26	369
26	371
26	374
26	375
26	378
26	380
26	382
26	385
26	387
26	389
26	392
26	394
26	397
26	399
26	402
26	404
26	407
26	409
26	413
26	415
26	418
26	421
26	424
26	427
26	430
26	434
26	437
26	441
26	445
26	449
26	454
26	458
26	464
26	469
26	475
26	482
26	489
26	498
26	508
27	199
27	208
27	214
27	220
27	224
27	229
27	233
27	237
27	241
27	243
27	247
27	250
27	253
27	256
27	259
27	262
27	264
27	267
27	270
27	272
27	275
27	277
27	280
27	282
27	285
27	287
27	290
27	292
27	295
27	297
27	300
27	302
27	305
27	307
27	310
27	312
27	315
27	317
27	320
27	322
27	325
27	327
27	330
27	332
27	335
27	337
27	340
27	342
27	345
27	347
27	350
27	352
27	355
27	357
27	360
27	362
27	365
27	368
27	370
27	373
27	376
27	378
27	381
27	384
27	386
27	389
27	392
27	395
27	398
27	401
27	404
27	407
27	410
27	414
27	417
27	420
27	424
27	427
27	431
27	435
27	439
27	444
27	448
27	454
27	459
27	465
27	472
27	479
27	487
27	497
28	196
28	204
28	211
28	216
28	221
28	225
28	230
28	233
28	237
28	241
28	244
28	248
28	251
28	254
28	258
28	261
28	264
28	267
28	270
28	273
28	276
28	279
28	282
28	285
28	288
28	291
28	293
28	297
28	299
28	302
28	305
28	308
28	310
28	313
28	316
28	318
28	321
28	324
28	326
28	329
28	332
28	334
28	337
28	340
28	342
28	345
28	348
28	350
28	354
28	356
28	359
28	362
28	365
28	368
28	371
28	374
28	377
28	380
28	384
28	387
28	391
28	395
28	398
28	403
28	407
28	411
28	416
28	420
28	425
28	430
28	436
28	442
28	448
28	455
28	463
28	472
28	483
29	191
29	200
29	206
29	212
29	216
29	221
29	225
29	229
29	233
29	237
29	241
29	244
29	248
29	251
29	255
29	258
29	261
29	264
29	268
29	270
29	274
29	277
29	280
29	283
29	286
29	289
29	292
29	295
29	298
29	301
29	304
29	307
29	310
29	313
29	316
29	319
29	322
29	326
29	328
29	332
29	335
29	338
29	342
29	345
29	349
29	352
29	356
29	360
29	364
29	368
29	372
29	377
29	381
29	386
29	391
29	396
29	402
29	408
29	414
29	421
29	428
29	436
29	444
29	453
29	463
29	474
30	192
30	201
30	208
30	213
30	219
30	223
30	228
30	232
30	236
30	241
30	244
30	249
30	252
30	256
30	260
30	264
30	268
30	272
30	275
30	279
30	283
30	286
30	290
30	294
30	297
30	301
30	304
30	308
30	311
30	315
30	318
30	322
30	325
30	329
30	332
30	336
30	339
30	343
30	347
30	350
30	355
30	358
30	363
30	367
30	371
30	376
30	380
30	385
30	390
30	396
30	402
30	408
30	415
30	422
30	430
30	438
30	447
30	458
31	197
31	205
31	212
31	219
31	224
31	230
31	234
31	239
31	243
31	248
31	252
31	256
31	260
31	264
31	268
31	272
31	275
31	279
31	282
31	286
31	289
31	293
31	296
31	300
31	303
31	307
31	310
31	314
31	317
31	321
31	324
31	328
31	332
31	336
31	340
31	344
31	348
31	353
31	357
31	362
31	367
31	372
31	377
31	382
31	388
31	393
31	399
31	405
31	411
31	418
31	425
31	433
31	442
31	452
32	201
32	210
32	218
32	224
32	230
32	235
32	240
32	245
32	250
32	254
32	259
32	263
32	268
32	272
32	277
32	281
32	286
32	290
32	295
32	299
32	304
32	308
32	313
32	318
32	323
32	328
32	333
32	338
32	343
32	348
32	353
32	358
32	363
32	368
32	373
32	378
32	383
32	388
32	394
32	400
32	406
32	412
32	419
32	426
32	434
32	443
32	453
33	201
33	211
33	219
33	226
33	233
33	239
33	245
33	251
33	257
33	263
33	268
33	273
33	278
33	283
33	288
33	293
33	298
33	303
33	308
33	313
33	317
33	322
33	326
33	331
33	335
33	340
33	344
33	349
33	354
33	359
33	364
33	369
33	375
33	381
33	387
33	394
33	401
33	408
33	416
33	424
33	433
33	443
33	455
34	202
34	212
34	221
34	229
34	236
34	243
34	250
34	256
34	262
34	268
34	274
34	279
34	285
34	290
34	295
34	300
34	305
34	310
34	316
34	321
34	327
34	333
34	339
34	345
34	351
34	358
34	365
34	372
34	379
34	387
34	395
34	403
34	412
34	421
34	431
34	443
35	208
35	218
35	227
35	235
35	243
35	250
35	257
35	264
35	271
35	278
35	284
35	291
35	297
35	303
35	309
35	315
35	321
35	327
35	333
35	339
35	346
35	352
35	359
35	366
35	373
35	380
35	388
35	396
35	405
35	414
35	424
35	436
36	208
36	218
36	227
36	235
36	242
36	249
36	255
36	261
36	267
36	273
36	279
36	284
36	290
36	295
36	301
36	306
36	312
36	317
36	323
36	328
36	334
36	340
36	346
36	353
36	360
36	367
36	375
36	383
36	391
36	400
36	409
36	419
36	431
37	211
37	221
37	229
37	236
37	243
37	249
37	255
37	261
37	267
37	273
37	279
37	285
37	291
37	297
37	303
37	310
37	317
37	324
37	331
37	338
37	346
37	354
37	362
37	370
37	378
37	386
37	394
37	402
37	411
37	421
37	432
38	211
38	221
38	230
38	238
38	246
38	254
38	262
38	269
38	276
38	283
38	290
38	297
38	304
38	311
38	318
38	325
38	332
38	339
38	346
38	353
38	360
38	367
38	374
38	381
38	388
38	395
38	403
38	411
38	420
38	430
39	216
39	227
39	237
39	246
39	254
39	262
39	270
39	277
39	284
39	291
39	297
39	303
39	309
39	315
39	321
39	327
39	333
39	339
39	346
39	353
39	360
39	367
39	375
39	384
39	393
39	403
39	413
39	424
40	210
40	220
40	229
40	237
40	245
40	253
40	261
40	269
40	277
40	285
40	293
40	301
40	310
40	319
40	329
40	339
40	350
40	361
40	372
40	383
40	394
40	404
40	414
40	425
41	211
41	222
41	232
41	242
41	252
41	262
41	272
41	283
41	295
41	376
41	388
41	399
41	413
42	240
42	252
42	263
42	274
42	285
42	296
42	307
42	320
43	262
43	275
43	288
44	321
44	333
44	344
44	355
44	366
44	377
44	389
45	247
45	259
45	270
45	281
45	292
45	302
45	312
45	321
45	330
45	339
45	348
45	357
45	366
45	376
45	386
45	398
46	221
46	231
46	240
46	249
46	257
46	265
46	273
46	281
46	289
46	297
46	306
46	315
46	324
46	333
46	343
46	353
46	365
47	226
47	236
47	246
47	256
47	266
47	276
47	287
47	298
47	311
48	341
48	353
48	365
48	377
49	248
49	259
49	269
49	279
49	289
49	298
49	307
49	316
49	325
49	335
49	345
49	355
49	365
49	375
49	386
50	238
50	249
50	259
50	269
50	278
50	287
50	296
50	305
50	315
50	325
50	336
50	347
51	247
51	259
51	271
51	283
51	296
51	308
51	320
51	331
51	342
51	354
51	366
51	378
51	389
51	400
51	411
51	424
52	231
52	242
52	253
52	263
52	273
52	283
52	292
52	301
52	310
52	319
52	327
52	335
52	343
52	351
52	359
52	367
52	375
52	384
52	393
52	402
52	411
52	421
52	434
53	219
53	230
53	240
53	249
53	258
53	266
53	274
53	282
53	290
53	297
53	304
53	311
53	318
53	325
53	332
53	339
53	346
53	353
53	361
53	369
53	377
53	386
53	396
53	407
54	212
54	222
54	231
54	239
54	246
54	253
54	260
54	267
54	275
54	283
54	291
54	299
54	307
54	316
54	325
54	334
54	344
54	354
54	365
54	377
55	209
55	219
55	228
55	236
55	244
55	252
55	259
55	266
55	273
55	280
55	287
55	294
55	301
55	308
55	315
55	323
55	331
55	339
55	347
55	355
55	363
55	372
55	381
55	390
55	400
55	410
55	421
55	434
56	201
56	210
56	218
56	225
56	231
56	237
56	243
56	249
56	254
56	260
56	265
56	270
56	275
56	280
56	285
56	290
56	295
56	300
56	304
56	309
56	313
56	318
56	322
56	327
56	331
56	336
56	340
56	345
56	350
56	355
56	360
56	365
56	370
56	376
56	381
56	387
56	393
56	399
56	405
56	412
56	419
56	427
56	435
56	445
56	457
57	198
57	206
57	212
57	218
57	222
57	227
57	231
57	235
57	239
57	243
57	246
57	250
57	253
57	257
57	260
57	263
57	266
57	269
57	272
57	275
57	278
57	281
57	283
57	286
57	289
57	291
57	294
57	297
57	299
57	302
57	305
57	307
57	310
57	312
57	315
57	317
57	320
57	322
57	325
57	327
57	330
57	333
57	335
57	338
57	341
57	343
57	346
57	349
57	352
57	355
57	358
57	361
57	364
57	367
57	371
57	374
57	378
57	381
57	385
57	389
57	393
57	397
57	402
57	406
57	411
57	416
57	422
57	428
57	435
57	443
57	452
57	464
58	199
58	208
58	213
58	219
58	222
58	227
58	230
58	233
58	236
58	239
58	242
58	244
58	247
58	250
58	252
58	254
58	257
58	259
58	261
58	263
58	265
58	267
58	269
58	271
58	273
58	275
58	277
58	279
58	281
58	282
58	284
58	286
58	288
58	290
58	291
58	293
58	295
58	297
58	298
58	300
58	302
58	304
58	305
58	307
58	309
58	311
58	312
58	314
58	316
58	318
58	319
58	322
58	323
58	325
58	327
58	329
58	331
58	333
58	335
58	337
58	339
58	341
58	344
58	346
58	348
58	351
58	354
58	356
58	359
58	362
58	365
58	368
58	371
58	375
58	378
58	382
58	386
58	390
58	395
58	400
58	406
58	412
58	419
58	427
58	436
58	447
59	199
59	208
59	213
59	218
59	222
59	225
59	229
59	232
59	233
59	237
59	239
59	242
59	243
59	246
59	248
59	250
59	252
59	254
59	256
59	258
59	260
59	262
59	263
59	266
59	267
59	269
59	271
59	273
59	275
59	277
59	278
59	281
59	282
59	284
59	286
59	288
59	290
59	292
59	294
59	296
59	298
59	300
59	303
59	305
59	307
59	309
59	312
59	314
59	317
59	319
59	322
59	325
59	328
59	331
59	334
59	337
59	341
59	345
59	348
59	353
59	357
59	362
59	367
59	372
59	377
59	383
59	389
59	396
59	403
59	411
59	420
59	430
60	200
60	209
60	215
60	221
60	225
60	230
60	234
60	238
60	242
60	246
60	250
60	254
60	258
60	263
60	267
60	272
60	277
60	282
60	288
60	294
60	300
60	307
60	314
60	321
60	328
60	335
60	342
60	349
60	356
60	363
60	369
60	375
60	381
60	387
60	393
60	399
60	405
60	412
60	419
60	426
60	434
60	443
60	453
61	216
61	227
61	238
61	248
61	258
61	268
61	278
61	287
61	295
61	303
61	310
61	317
61	323
61	329
61	334
61	339
61	344
61	348
61	353
61	357
61	361
61	365
61	369
61	372
61	376
61	379
61	383
61	386
61	390
61	393
61	397
61	400
61	404
61	407
61	411
61	415
61	418
61	423
61	426
61	431
61	435
61	440
61	445
61	451
61	457
61	464
61	472
61	481
62	223
62	234
62	243
62	252
62	260
62	267
62	273
62	279
62	284
62	289
62	294
62	299
62	303
62	307
62	311
62	314
62	318
62	321
62	324
62	328
62	331
62	333
62	337
62	339
62	342
62	344
62	347
62	349
62	352
62	353
62	356
62	358
62	361
62	362
62	365
62	367
62	369
62	371
62	373
62	375
62	377
62	379
62	381
62	383
62	385
62	387
62	389
62	391
62	393
62	395
62	397
62	399
62	402
62	404
62	406
62	409
62	411
62	414
62	416
62	419
62	422
62	425
62	428
62	431
62	435
62	438
62	442
62	446
62	450
62	455
62	460
62	466
62	472
62	479
62	487
62	496
63	213
63	223
63	231
63	238
63	244
63	250
63	255
63	260
63	264
63	269
63	272
63	276
63	280
63	283
63	287
63	290
63	293
63	296
63	299
63	302
63	304
63	307
63	310
63	312
63	315
63	317
63	320
63	322
63	324
63	327
63	329
63	331
63	333
63	335
63	338
63	339
63	342
63	343
63	345
63	347
63	349
63	351
63	353
63	354
63	357
63	358
63	360
63	362
63	364
63	365
63	367
63	369
63	371
63	373
63	374
63	377
63	378
63	380
63	382
63	384
63	386
63	388
63	390
63	392
63	395
63	397
63	399
63	402
63	404
63	407
63	409
63	413
63	415
63	418
63	422
63	425
63	429
63	433
63	437
63	441
63	446
63	451
63	457
63	463
63	469
63	476
63	484
63	493
63	504
64	210
64	220
64	228
64	235
64	242
64	248
64	254
64	260
64	265
64	270
64	275
64	280
64	285
64	290
64	294
64	299
64	303
64	308
64	312
64	317
64	321
64	326
64	330
64	335
64	339
64	344
64	348
64	353
64	358
64	363
64	368
64	374
64	380
64	387
64	394
64	402
64	410
64	418
64	426
64	434
64	442
64	450
64	458
64	466
64	474
64	482
64	491
64	500
64	510
65	218
65	229
65	240
65	251
65	263
65	382
65	393
65	403
65	412
65	420
65	427
65	433
65	439
65	445
65	450
65	455
65	460
65	465
65	470
65	475
65	480
65	485
65	490
65	495
65	500
65	506
65	512
65	518
65	525
65	533
65	542
65	553
66	251
66	263
66	274
66	285
66	295
66	305
66	315
66	324
66	333
66	342
66	350
66	358
66	366
66	373
66	380
66	386
66	392
66	398
66	403
66	408
66	412
66	417
66	421
66	424
66	428
66	432
66	434
66	438
66	441
66	444
66	447
66	450
66	453
66	455
66	459
66	461
66	464
66	467
66	469
66	472
66	475
66	477
66	480
66	483
66	485
66	488
66	491
66	494
66	496
66	499
66	502
66	505
66	508
66	511
66	515
66	518
66	522
66	526
66	530
66	535
66	539
66	545
66	551
66	558
66	566
66	576
67	227
67	237
67	246
67	254
67	261
67	268
67	274
67	280
67	286
67	292
67	297
67	303
67	308
67	313
67	318
67	323
67	328
67	332
67	337
67	341
67	345
67	350
67	353
67	358
67	361
67	365
67	369
67	372
67	376
67	379
67	382
67	386
67	389
67	392
67	395
67	398
67	401
67	403
67	406
67	409
67	411
67	413
67	416
67	418
67	421
67	422
67	425
67	427
67	429
67	431
67	433
67	435
67	437
67	439
67	441
67	443
67	445
67	447
67	449
67	451
67	452
67	455
67	456
67	458
67	460
67	462
67	464
67	466
67	467
67	470
67	471
67	473
67	475
67	477
67	479
67	481
67	483
67	485
67	487
67	489
67	491
67	493
67	495
67	497
67	499
67	502
67	504
67	506
67	509
67	511
67	514
67	517
67	519
67	523
67	526
67	529
67	533
67	536
67	540
67	545
67	549
67	555
67	561
67	568
67	576
67	587
68	217
68	226
68	233
68	239
68	244
68	249
68	253
68	258
68	262
68	266
68	270
68	273
68	277
68	280
68	283
68	287
68	290
68	293
68	296
68	299
68	302
68	305
68	308
68	311
68	314
68	317
68	320
68	322
68	325
68	328
68	331
68	333
68	336
68	339
68	341
68	344
68	347
68	349
68	352
68	354
68	357
68	359
68	362
68	364
68	367
68	369
68	372
68	374
68	376
68	379
68	381
68	383
68	386
68	388
68	390
68	392
68	394
68	397
68	398
68	401
68	403
68	405
68	407
68	409
68	411
68	413
68	415
68	417
68	419
68	421
68	423
68	425
68	427
68	429
68	431
68	433
68	435
68	437
68	439
68	441
68	444
68	445
68	448
68	450
68	453
68	455
68	457
68	460
68	463
68	465
68	468
68	471
68	474
68	477
68	480
68	484
68	487
68	491
68	495
68	499
68	504
68	508
68	514
68	519
68	526
68	533
68	542
68	555
69	211
69	220
69	227
69	232
69	237
69	242
69	245
69	250
69	253
69	257
69	261
69	264
69	268
69	271
69	274
69	278
69	281
69	284
69	287
69	291
69	293
69	297
69	300
69	303
69	306
69	309
69	312
69	315
69	318
69	321
69	325
69	328
69	331
69	335
69	338
69	342
69	345
69	349
69	352
69	356
69	359
69	363
69	367
69	371
69	375
69	379
69	383
69	387
69	391
69	395
69	399
69	404
69	408
69	413
69	418
69	423
69	428
69	434
69	440
69	447
69	455
69	464
69	474
70	217
70	227
70	236
70	245
70	254
70	263
70	273
70	283
70	295
71	461
71	472
71	483
71	493
71	503
71	512
71	521
71	531
71	541
72	278
72	291
72	303
72	315
72	326
72	337
72	348
72	359
72	369
72	379
72	389
72	399
72	408
72	417
72	425
72	432
72	439
72	446
72	452
72	458
72	464
72	469
72	474
72	479
72	484
72	489
72	494
72	499
72	504
72	509
72	513
72	518
72	522
72	527
72	532
72	537
72	542
72	548
72	554
72	561
72	569
72	579
73	226
73	236
73	244
73	252
73	259
73	266
73	273
73	279
73	285
73	291
73	297
73	303
73	309
73	315
73	320
73	326
73	331
73	337
73	342
73	347
73	352
73	357
73	362
73	367
73	372
73	377
73	382
73	387
73	392
73	397
73	402
73	407
73	412
73	416
73	421
73	425
73	430
73	433
73	438
73	441
73	445
73	449
73	452
73	456
73	459
73	463
73	466
73	470
73	473
73	476
73	480
73	482
73	486
73	489
73	492
73	495
73	498
73	501
73	504
73	507
73	510
73	513
73	516
73	519
73	522
73	525
73	528
73	531
73	534
73	537
73	541
73	544
73	548
73	552
73	556
73	560
73	565
73	570
73	576
73	583
73	591
73	601
74	217
74	226
74	233
74	240
74	245
74	251
74	256
74	261
74	265
74	270
74	274
74	279
74	283
74	287
74	291
74	295
74	299
74	303
74	307
74	311
74	315
74	319
74	323
74	327
74	331
74	335
74	339
74	343
74	347
74	351
74	355
74	359
74	363
74	367
74	371
74	375
74	379
74	383
74	387
74	391
74	395
74	399
74	403
74	407
74	411
74	415
74	419
74	423
74	427
74	431
74	435
74	439
74	443
74	447
74	451
74	455
74	459
74	463
74	467
74	471
74	475
74	479
74	483
74	487
74	491
74	495
74	499
74	503
74	507
74	511
74	515
74	519
74	523
74	527
74	532
74	536
74	541
74	546
74	551
74	557
74	564
74	572
74	581
75	219
75	229
75	237
75	244
75	251
75	257
75	263
75	269
75	275
75	281
75	287
75	293
75	299
75	305
75	311
75	317
75	323
75	329
75	336
75	343
75	350
75	357
75	364
75	371
75	379
75	387
75	395
75	404
75	413
75	423
75	434
-1	-1
