-1	-1
5	227
5	239
5	250
5	261
5	271
5	281
5	291
5	301
5	311
5	321
5	331
5	340
5	349
5	358
5	367
5	377
5	387
5	398
6	212
6	223
6	233
6	243
6	252
6	260
6	268
6	276
6	284
6	292
6	300
6	308
6	316
6	324
6	332
6	340
6	348
6	355
6	362
6	370
6	378
6	386
6	394
6	403
6	412
6	422
6	433
6	446
7	218
7	229
7	239
7	248
7	256
7	263
7	270
7	276
7	283
7	289
7	296
7	303
7	310
7	317
7	324
7	331
7	338
7	345
7	352
7	358
7	364
7	370
7	376
7	382
7	389
7	396
7	403
7	411
7	419
7	427
7	436
7	446
7	456
7	467
8	229
8	240
8	250
8	259
8	268
8	276
8	284
8	292
8	300
8	308
8	316
8	324
8	331
8	338
8	345
8	351
8	357
8	363
8	369
8	375
8	381
8	387
8	393
8	399
8	405
8	412
8	419
8	427
8	435
8	444
8	454
8	465
9	288
9	299
9	310
9	320
9	330
9	339
9	347
9	355
9	362
9	369
9	376
9	383
9	390
9	397
9	404
9	412
9	420
9	429
9	439
10	326
10	337
10	347
10	356
10	365
10	373
10	381
10	389
10	397
10	406
10	416
10	427
11	350
11	361
11	372
11	382
11	392
11	402
11	413
12	186
12	198
12	376
13	170
13	181
13	191
13	201
13	211
13	221
13	232
13	244
14	187
14	198
14	208
14	218
14	228
14	238
14	249
14	261
15	199
15	210
15	220
15	229
15	238
15	247
15	256
15	266
15	277
15	288
15	366
15	377
15	388
15	398
15	408
15	419
15	430
15	441
15	452
15	463
15	474
16	201
16	212
16	222
16	231
16	240
16	248
16	256
16	264
16	272
16	280
16	289
16	298
16	307
16	316
16	326
16	336
16	346
16	355
16	364
16	373
16	381
16	389
16	397
16	404
16	411
16	419
16	427
16	435
16	443
16	451
16	459
16	467
16	475
16	484
16	493
16	503
16	515
17	197
17	208
17	218
17	227
17	235
17	243
17	251
17	259
17	266
17	273
17	280
17	287
17	294
17	301
17	308
17	315
17	322
17	330
17	337
17	344
17	351
17	358
17	365
17	371
17	377
17	383
17	389
17	395
17	401
17	406
17	412
17	417
17	423
17	429
17	435
17	441
17	447
17	453
17	459
17	465
17	471
17	477
17	484
17	491
17	499
17	507
17	516
17	526
18	183
18	194
18	204
18	213
18	221
18	229
18	236
18	243
18	250
18	257
18	264
18	270
18	276
18	282
18	288
18	294
18	300
18	305
18	311
18	316
18	322
18	327
18	333
18	338
18	344
18	349
18	355
18	360
18	365
18	370
18	375
18	380
18	385
18	390
18	394
18	399
18	403
18	408
18	412
18	417
18	421
18	426
18	430
18	435
18	440
18	445
18	450
18	455
18	460
18	465
18	470
18	475
18	480
18	486
18	492
18	498
18	505
18	512
18	520
18	529
18	539
19	179
19	189
19	198
19	206
19	214
19	221
19	228
19	234
19	240
19	246
19	251
19	256
19	261
19	266
19	271
19	275
19	280
19	284
19	289
19	293
19	297
19	301
19	305
19	309
19	313
19	317
19	321
19	325
19	329
19	333
19	337
19	341
19	345
19	349
19	353
19	357
19	361
19	365
19	369
19	373
19	377
19	381
19	385
19	389
19	393
19	397
19	401
19	405
19	409
19	413
19	417
19	421
19	425
19	429
19	433
19	437
19	441
19	445
19	449
19	454
19	458
19	463
19	468
19	473
19	478
19	484
19	489
19	495
19	501
19	508
19	515
19	523
19	532
19	542
20	168
20	178
20	187
20	195
20	202
20	209
20	215
20	221
20	227
20	232
20	237
20	242
20	246
20	251
20	254
20	259
20	262
20	266
20	270
20	273
20	277
20	281
20	284
20	288
20	291
20	295
20	298
20	301
20	305
20	308
20	311
20	314
20	317
20	320
20	324
20	327
20	330
20	334
20	337
20	340
20	344
20	347
20	351
20	355
20	358
20	362
20	366
20	370
20	374
20	378
20	382
20	386
20	390
20	394
20	398
20	402
20	406
20	410
20	414
20	418
20	423
20	427
20	432
20	436
20	441
20	446
20	451
20	456
20	462
20	468
20	474
20	480
20	487
20	494
20	502
20	510
20	519
20	530
21	159
21	169
21	177
21	184
21	191
21	197
21	203
21	208
21	213
21	218
21	223
21	227
21	232
21	236
21	241
21	244
21	249
21	253
21	257
21	261
21	265
21	269
21	273
21	277
21	281
21	285
21	289
21	293
21	297
21	301
21	305
21	309
21	313
21	317
21	321
21	325
21	329
21	333
21	337
21	341
21	345
21	349
21	353
21	357
21	361
21	365
21	369
21	373
21	377
21	382
21	386
21	391
21	395
21	400
21	405
21	410
21	415
21	420
21	425
21	430
21	436
21	441
21	447
21	453
21	459
21	466
21	473
21	480
21	488
21	496
21	505
21	516
22	154
22	163
22	170
22	176
22	182
22	187
22	192
22	197
22	202
22	206
22	211
22	215
22	219
22	223
22	227
22	231
22	235
22	239
22	242
22	246
22	250
22	253
22	257
22	261
22	265
22	269
22	273
22	277
22	281
22	285
22	289
22	293
22	297
22	301
22	305
22	309
22	314
22	318
22	323
22	327
22	332
22	336
22	340
22	344
22	348
22	352
22	356
22	360
22	364
22	368
22	372
22	376
22	380
22	384
22	388
22	392
22	396
22	400
22	404
22	408
22	412
22	417
22	421
22	426
22	430
22	435
22	440
22	445
22	450
22	456
22	462
22	468
22	475
22	482
22	490
22	499
22	510
23	150
23	159
23	166
23	172
23	178
23	183
23	188
23	193
23	197
23	202
23	206
23	210
23	214
23	218
23	222
23	226
23	230
23	234
23	238
23	242
23	246
23	250
23	254
23	258
23	263
23	267
23	272
23	276
23	281
23	286
23	291
23	296
23	301
23	306
23	311
23	316
23	321
23	326
23	331
23	335
23	340
23	343
23	348
23	351
23	355
23	358
23	362
23	364
23	368
23	371
23	373
23	377
23	379
23	382
23	385
23	388
23	390
23	393
23	396
23	398
23	401
23	404
23	407
23	409
23	413
23	415
23	418
23	421
23	425
23	427
23	431
23	435
23	438
23	442
23	446
23	450
23	455
23	459
23	464
23	469
23	475
23	481
23	487
23	494
23	502
23	511
24	150
24	160
24	168
24	174
24	180
24	185
24	190
24	194
24	199
24	203
24	208
24	212
24	216
24	220
24	224
24	228
24	232
24	236
24	240
24	244
24	248
24	253
24	257
24	262
24	267
24	272
24	277
24	282
24	287
24	292
24	297
24	302
24	306
24	311
24	314
24	319
24	322
24	326
24	330
24	332
24	336
24	339
24	342
24	344
24	347
24	350
24	352
24	354
24	357
24	359
24	361
24	363
24	365
24	367
24	369
24	371
24	373
24	375
24	377
24	379
24	381
24	382
24	384
24	386
24	388
24	389
24	391
24	393
24	394
24	396
24	398
24	400
24	401
24	403
24	405
24	406
24	408
24	410
24	412
24	414
24	415
24	417
24	419
24	421
24	423
24	425
24	427
24	429
24	431
24	434
24	436
24	438
24	441
24	444
24	446
24	449
24	452
24	455
24	458
24	461
24	465
24	468
24	472
24	476
24	480
24	485
24	489
24	495
24	500
24	506
24	513
24	521
24	531
25	157
25	166
25	174
25	181
25	187
25	193
25	199
25	204
25	210
25	215
25	220
25	225
25	230
25	235
25	240
25	245
25	250
25	255
25	260
25	265
25	270
25	275
25	280
25	284
25	289
25	293
25	297
25	301
25	304
25	308
25	311
25	314
25	318
25	320
25	323
25	326
25	329
25	331
25	333
25	336
25	338
25	341
25	342
25	345
25	347
25	349
25	352
25	353
25	356
25	358
25	360
25	362
25	364
25	366
25	368
25	370
25	372
25	374
25	376
25	378
25	380
25	382
25	384
25	386
25	388
25	390
25	392
25	394
25	396
25	398
25	400
25	402
25	404
25	406
25	408
25	410
25	413
25	414
25	417
25	419
25	421
25	424
25	426
25	428
25	431
25	434
25	436
25	439
25	442
25	445
25	448
25	452
25	455
25	459
25	463
25	467
25	471
25	476
25	480
25	485
25	490
25	496
25	502
25	509
25	517
25	526
25	538
26	160
26	170
26	179
26	186
26	193
26	199
26	204
26	210
26	214
26	219
26	223
26	228
26	232
26	236
26	240
26	244
26	248
26	251
26	255
26	258
26	262
26	265
26	268
26	272
26	274
26	278
26	281
26	284
26	287
26	290
26	293
26	296
26	299
26	302
26	305
26	308
26	311
26	314
26	317
26	320
26	323
26	326
26	329
26	332
26	335
26	338
26	341
26	344
26	347
26	350
26	353
26	356
26	359
26	362
26	365
26	368
26	371
26	375
26	377
26	381
26	384
26	388
26	391
26	395
26	398
26	402
26	406
26	410
26	415
26	419
26	424
26	429
26	435
26	440
26	446
26	453
26	460
26	467
26	475
26	483
26	491
26	500
26	510
26	523
27	161
27	171
27	179
27	186
27	192
27	198
27	203
27	208
27	212
27	216
27	220
27	223
27	227
27	230
27	233
27	236
27	239
27	242
27	244
27	247
27	250
27	252
27	254
27	257
27	259
27	261
27	263
27	265
27	267
27	270
27	271
27	273
27	275
27	277
27	279
27	281
27	282
27	285
27	286
27	288
27	290
27	292
27	294
27	295
27	297
27	299
27	301
27	303
27	304
27	307
27	308
27	310
27	312
27	314
27	316
27	318
27	320
27	322
27	324
27	326
27	328
27	330
27	332
27	334
27	336
27	338
27	340
27	342
27	345
27	346
27	349
27	351
27	353
27	355
27	358
27	360
27	362
27	365
27	367
27	369
27	372
27	374
27	377
27	379
27	382
27	385
27	387
27	390
27	393
27	396
27	398
27	402
27	405
27	408
27	411
27	415
27	418
27	422
27	426
27	430
27	435
27	439
27	445
27	450
27	456
27	463
27	470
27	478
27	487
27	497
27	507
28	158
28	168
28	176
28	183
28	189
28	194
28	200
28	204
28	209
28	213
28	217
28	221
28	225
28	229
28	232
28	236
28	239
28	242
28	245
28	248
28	251
28	253
28	256
28	259
28	261
28	263
28	266
28	268
28	271
28	272
28	275
28	277
28	279
28	281
28	283
28	285
28	287
28	289
28	291
28	292
28	295
28	296
28	298
28	300
28	302
28	303
28	305
28	307
28	309
28	311
28	312
28	314
28	316
28	318
28	319
28	321
28	323
28	325
28	327
28	328
28	330
28	333
28	334
28	336
28	338
28	340
28	342
28	344
28	346
28	348
28	350
28	353
28	355
28	357
28	360
28	362
28	365
28	367
28	370
28	373
28	376
28	379
28	382
28	386
28	389
28	393
28	397
28	401
28	406
28	410
28	416
28	421
28	427
28	434
28	442
28	451
28	461
28	475
29	153
29	162
29	169
29	174
29	180
29	183
29	188
29	191
29	195
29	198
29	202
29	204
29	208
29	211
29	214
29	217
29	220
29	223
29	226
29	229
29	232
29	235
29	238
29	241
29	245
29	247
29	251
29	254
29	258
29	261
29	265
29	268
29	272
29	275
29	279
29	283
29	286
29	290
29	294
29	298
29	302
29	306
29	310
29	314
29	318
29	322
29	327
29	331
29	336
29	340
29	345
29	350
29	355
29	361
29	367
29	373
29	380
29	387
29	395
29	404
29	414
29	425
30	150
30	159
30	164
30	170
30	173
30	178
30	181
30	184
30	188
30	191
30	193
30	196
30	199
30	201
30	204
30	206
30	209
30	211
30	213
30	216
30	218
30	220
30	223
30	225
30	227
30	230
30	232
30	234
30	237
30	239
30	241
30	244
30	246
30	248
30	251
30	253
30	256
30	258
30	260
30	263
30	265
30	268
30	270
30	273
30	276
30	278
30	281
30	284
30	286
30	289
30	292
30	295
30	298
30	301
30	305
30	307
30	311
30	315
30	318
30	322
30	326
30	330
30	334
30	338
30	343
30	347
30	352
30	357
30	362
30	368
30	374
30	381
30	388
30	396
30	405
30	415
31	148
31	156
31	162
31	167
31	172
31	177
31	181
31	186
31	190
31	194
31	198
31	202
31	206
31	210
31	214
31	218
31	222
31	225
31	229
31	233
31	236
31	240
31	243
31	247
31	251
31	254
31	258
31	262
31	265
31	269
31	273
31	277
31	281
31	285
31	289
31	293
31	297
31	301
31	305
31	309
31	314
31	318
31	323
31	327
31	332
31	337
31	342
31	348
31	354
31	361
31	368
31	376
31	385
31	396
32	149
32	158
32	165
32	171
32	177
32	182
32	187
32	192
32	197
32	202
32	207
32	212
32	217
32	222
32	227
32	233
32	238
32	244
32	250
32	256
32	262
32	269
32	276
32	283
32	291
32	299
32	307
32	316
32	325
32	335
32	345
32	356
33	153
33	162
33	170
33	176
33	182
33	187
33	192
33	197
33	202
33	206
33	211
33	215
33	220
33	225
33	229
33	234
33	239
33	244
33	249
33	254
33	259
33	265
33	270
33	276
33	282
33	288
33	294
33	300
33	307
33	314
33	321
33	329
33	337
33	345
33	354
33	364
33	375
34	159
34	169
34	178
34	186
34	193
34	200
34	207
34	214
34	221
34	228
34	235
34	242
34	249
34	256
34	263
34	270
34	278
34	286
34	294
34	302
34	310
34	318
34	326
34	335
34	344
34	354
34	365
35	163
35	174
35	183
35	192
35	201
35	210
35	219
35	228
35	237
35	246
35	256
35	266
35	276
35	287
35	299
36	162
36	172
36	181
36	189
36	197
36	204
36	211
36	218
36	225
36	232
36	239
36	246
36	253
36	260
36	267
36	275
36	283
36	291
36	300
36	309
36	319
36	330
36	342
37	172
37	183
37	193
37	202
37	211
37	220
37	228
37	236
37	244
37	252
37	260
37	268
37	276
37	284
37	292
37	301
37	310
37	320
37	330
37	342
39	206
39	219
39	231
39	243
39	256
40	210
40	222
40	233
40	244
40	255
40	266
40	277
40	288
40	303
44	210
44	221
44	232
44	242
44	252
44	262
44	272
44	282
44	292
44	303
44	315
45	239
45	251
45	262
45	273
45	284
45	295
45	307
48	202
48	214
48	225
48	236
48	246
48	256
48	266
48	276
48	286
48	296
48	306
48	316
48	326
48	337
49	207
49	218
49	229
49	239
49	249
49	259
49	269
49	278
49	287
49	296
49	305
49	314
49	323
49	333
49	344
52	218
52	230
52	241
52	252
52	263
52	273
52	283
52	294
52	305
52	317
53	189
53	200
53	210
53	220
53	230
53	239
53	248
53	257
53	265
53	273
53	281
53	289
53	297
53	305
53	313
53	321
53	330
53	339
53	349
53	360
53	374
54	190
54	201
54	212
54	222
54	232
54	241
54	250
54	258
54	266
54	274
54	282
54	289
54	296
54	303
54	310
54	317
54	324
54	331
54	339
54	347
54	356
54	366
55	190
55	202
55	213
55	224
55	235
55	246
55	257
55	268
55	279
55	290
55	301
55	312
55	323
55	334
56	177
56	188
56	198
56	207
56	216
56	225
56	234
56	243
56	252
56	261
56	270
56	279
56	289
56	299
56	309
56	320
57	168
57	178
57	186
57	193
57	200
57	206
57	212
57	218
57	224
57	230
57	235
57	241
57	246
57	252
57	257
57	263
57	269
57	275
57	281
57	287
57	293
57	299
57	306
57	313
57	320
57	328
57	336
57	345
57	355
57	366
58	161
58	170
58	177
58	183
58	188
58	192
58	197
58	201
58	204
58	208
58	212
58	215
58	219
58	222
58	225
58	229
58	232
58	235
58	238
58	241
58	244
58	247
58	250
58	253
58	256
58	259
58	262
58	265
58	268
58	272
58	275
58	278
58	282
58	285
58	288
58	292
58	295
58	299
58	302
58	306
58	310
58	314
58	318
58	322
58	327
58	331
58	336
58	341
58	346
58	352
58	358
58	365
58	372
58	380
58	389
58	399
58	410
59	157
59	164
59	171
59	174
59	180
59	182
59	186
59	189
59	192
59	194
59	197
59	200
59	202
59	204
59	207
59	209
59	211
59	213
59	215
59	217
59	219
59	221
59	223
59	225
59	227
59	229
59	231
59	233
59	234
59	237
59	238
59	240
59	242
59	244
59	246
59	247
59	250
59	251
59	253
59	255
59	257
59	259
59	260
59	263
59	264
59	266
59	268
59	270
59	272
59	274
59	275
59	278
59	279
59	281
59	283
59	285
59	287
59	289
59	291
59	293
59	295
59	297
59	299
59	301
59	304
59	305
59	308
59	310
59	312
59	315
59	317
59	319
59	322
59	324
59	327
59	329
59	332
59	335
59	337
59	340
59	344
59	346
59	350
59	354
59	357
59	362
59	366
59	371
59	376
59	382
59	388
59	395
59	403
59	412
59	422
59	434
60	151
60	160
60	165
60	171
60	173
60	178
60	181
60	183
60	187
60	190
60	192
60	194
60	197
60	200
60	201
60	203
60	206
60	208
60	210
60	212
60	214
60	216
60	218
60	220
60	222
60	223
60	225
60	227
60	229
60	231
60	232
60	234
60	236
60	238
60	239
60	241
60	243
60	244
60	246
60	248
60	250
60	251
60	253
60	255
60	256
60	258
60	260
60	262
60	263
60	265
60	267
60	269
60	270
60	272
60	274
60	276
60	277
60	279
60	281
60	283
60	285
60	287
60	288
60	291
60	293
60	294
60	297
60	299
60	300
60	303
60	305
60	307
60	309
60	312
60	314
60	316
60	319
60	321
60	324
60	326
60	329
60	332
60	335
60	338
60	341
60	345
60	348
60	352
60	356
60	360
60	365
60	369
60	375
60	380
60	386
60	393
60	401
60	410
60	424
61	151
61	160
61	166
61	172
61	177
61	182
61	187
61	193
61	198
61	204
61	210
61	216
61	222
61	228
61	234
61	240
61	247
61	254
61	261
61	268
61	276
61	284
61	293
61	302
61	312
61	322
61	333
61	344
61	356
62	161
62	171
62	181
62	191
62	201
62	213
62	340
62	352
62	363
62	374
62	385
62	396
62	408
63	167
63	177
63	187
63	196
63	205
63	214
63	223
63	232
63	241
63	250
63	259
63	268
63	277
63	286
63	294
63	302
63	310
63	318
63	326
63	333
63	340
63	347
63	354
63	361
63	368
63	375
63	382
63	389
63	396
63	403
63	410
63	417
63	424
63	432
63	440
63	449
63	458
63	468
64	170
64	180
64	188
64	195
64	202
64	208
64	214
64	220
64	226
64	231
64	237
64	242
64	247
64	252
64	257
64	262
64	267
64	272
64	276
64	281
64	285
64	290
64	294
64	299
64	303
64	308
64	312
64	316
64	320
64	324
64	328
64	332
64	336
64	340
64	344
64	348
64	352
64	355
64	359
64	362
64	366
64	369
64	373
64	376
64	380
64	383
64	387
64	390
64	394
64	397
64	401
64	404
64	408
64	412
64	415
64	419
64	423
64	427
64	431
64	435
64	439
64	444
64	448
64	453
64	458
64	463
64	468
64	474
64	480
64	487
64	495
64	504
65	166
65	174
65	181
65	186
65	191
65	195
65	200
65	203
65	207
65	211
65	213
65	217
65	220
65	223
65	226
65	229
65	232
65	235
65	238
65	241
65	243
65	246
65	249
65	251
65	254
65	256
65	259
65	261
65	264
65	266
65	269
65	271
65	273
65	276
65	278
65	281
65	283
65	285
65	288
65	290
65	292
65	295
65	297
65	299
65	301
65	304
65	306
65	308
65	310
65	313
65	314
65	317
65	319
65	321
65	323
65	325
65	328
65	329
65	332
65	333
65	336
65	338
65	340
65	342
65	344
65	346
65	348
65	350
65	352
65	354
65	356
65	358
65	360
65	362
65	364
65	366
65	368
65	370
65	372
65	373
65	376
65	377
65	379
65	381
65	383
65	385
65	387
65	388
65	391
65	392
65	394
65	396
65	398
65	400
65	402
65	404
65	406
65	408
65	410
65	412
65	414
65	416
65	418
65	420
65	422
65	424
65	426
65	428
65	430
65	433
65	435
65	437
65	439
65	442
65	444
65	447
65	449
65	452
65	455
65	457
65	460
65	463
65	466
65	469
65	472
65	476
65	479
65	483
65	487
65	491
65	496
65	501
65	507
65	514
65	522
65	532
66	163
66	171
66	177
66	182
66	186
66	191
66	193
66	197
66	201
66	202
66	206
66	209
66	211
66	214
66	216
66	219
66	221
66	223
66	226
66	228
66	230
66	232
66	234
66	236
66	239
66	240
66	242
66	244
66	246
66	248
66	250
66	252
66	253
66	256
66	257
66	259
66	261
66	263
66	264
66	266
66	268
66	270
66	271
66	273
66	275
66	276
66	278
66	280
66	281
66	283
66	285
66	286
66	288
66	290
66	291
66	293
66	294
66	296
66	298
66	299
66	301
66	302
66	304
66	305
66	307
66	308
66	310
66	311
66	313
66	314
66	316
66	317
66	319
66	320
66	322
66	323
66	324
66	326
66	328
66	329
66	330
66	332
66	333
66	335
66	336
66	337
66	339
66	340
66	342
66	343
66	344
66	346
66	347
66	348
66	350
66	351
66	352
66	354
66	355
66	356
66	358
66	359
66	360
66	362
66	363
66	364
66	366
66	367
66	368
66	370
66	371
66	373
66	374
66	375
66	377
66	378
66	379
66	381
66	382
66	384
66	385
66	386
66	388
66	389
66	391
66	392
66	394
66	395
66	396
66	398
66	400
66	401
66	402
66	404
66	406
66	407
66	408
66	410
66	412
66	413
66	415
66	416
66	418
66	420
66	421
66	423
66	425
66	426
66	428
66	430
66	432
66	434
66	435
66	437
66	439
66	441
66	443
66	445
66	447
66	449
66	451
66	454
66	456
66	458
66	460
66	464
66	465
66	468
66	471
66	474
66	477
66	480
66	484
66	487
66	492
66	496
66	501
66	507
66	514
66	522
66	532
67	171
67	181
67	189
67	196
67	202
67	208
67	213
67	218
67	223
67	228
67	232
67	236
67	240
67	244
67	248
67	252
67	255
67	259
67	262
67	266
67	269
67	272
67	275
67	278
67	281
67	284
67	287
67	290
67	292
67	295
67	298
67	301
67	303
67	306
67	308
67	311
67	313
67	315
67	318
67	320
67	322
67	324
67	327
67	329
67	331
67	333
67	335
67	337
67	340
67	341
67	343
67	346
67	347
67	350
67	352
67	354
67	356
67	358
67	360
67	363
67	365
67	367
67	369
67	372
67	374
67	377
67	379
67	382
67	385
67	387
67	390
67	394
67	396
67	400
67	403
67	407
67	410
67	415
67	418
67	423
67	427
67	432
67	437
67	443
67	449
67	456
67	464
67	473
67	485
70	471
71	182
71	192
71	201
71	209
71	217
71	225
71	232
71	239
71	246
71	253
71	260
71	267
71	274
71	281
71	288
71	295
71	303
71	311
71	319
71	327
71	335
71	343
71	351
71	359
71	367
71	374
71	381
71	388
71	395
71	402
71	409
71	416
71	422
71	429
71	435
71	442
71	449
71	455
71	461
71	467
71	473
71	479
71	486
71	493
71	501
71	510
71	521
72	171
72	180
72	187
72	193
72	199
72	204
72	209
72	213
72	218
72	222
72	226
72	230
72	234
72	238
72	242
72	246
72	250
72	254
72	258
72	262
72	266
72	270
72	273
72	277
72	281
72	285
72	288
72	292
72	296
72	300
72	304
72	308
72	312
72	316
72	320
72	324
72	328
72	332
72	336
72	340
72	344
72	348
72	352
72	356
72	360
72	364
72	368
72	372
72	375
72	379
72	383
72	386
72	390
72	393
72	397
72	400
72	404
72	407
72	411
72	414
72	418
72	421
72	425
72	428
72	432
72	435
72	439
72	442
72	446
72	449
72	453
72	456
72	460
72	463
72	467
72	470
72	474
72	477
72	481
72	485
72	488
72	493
72	497
72	502
72	507
72	513
72	519
72	526
72	535
72	546
73	170
73	179
73	185
73	191
73	196
73	201
73	205
73	210
73	213
73	218
73	221
73	225
73	229
73	232
73	236
73	239
73	243
73	246
73	249
73	253
73	256
73	259
73	262
73	266
73	268
73	272
73	275
73	278
73	281
73	284
73	287
73	290
73	293
73	296
73	299
73	302
73	305
73	308
73	311
73	315
73	317
73	321
73	324
73	327
73	330
73	334
73	337
73	340
73	344
73	347
73	350
73	354
73	357
73	360
73	364
73	367
73	370
73	374
73	377
73	380
73	383
73	387
73	389
73	393
73	396
73	399
73	402
73	405
73	408
73	411
73	414
73	417
73	420
73	423
73	426
73	429
73	432
73	435
73	438
73	441
73	444
73	447
73	450
73	453
73	456
73	459
73	463
73	466
73	469
73	473
73	476
73	480
73	484
73	488
73	493
73	497
73	503
73	508
73	515
73	523
73	532
74	189
74	200
74	210
74	219
74	228
74	236
74	244
74	252
74	260
74	268
74	276
74	284
74	291
74	298
74	305
74	312
74	319
74	326
74	333
74	340
74	348
74	356
74	364
74	372
74	380
74	388
74	396
74	405
74	414
74	423
74	432
74	441
74	450
74	459
74	469
-1	-1
