-1	-1
6	371
6	382
6	393
6	404
6	415
6	427
6	440
6	454
6	469
6	488
6	500
6	512
6	525
7	359
7	369
7	378
7	387
7	395
7	403
7	411
7	419
7	427
7	436
7	445
7	454
7	463
7	472
7	481
7	490
7	499
7	508
7	517
7	526
7	535
7	545
7	556
7	579
7	592
8	351
8	360
8	368
8	374
8	380
8	386
8	392
8	398
8	404
8	410
8	416
8	422
8	428
8	434
8	440
8	446
8	453
8	459
8	466
8	473
8	480
8	487
8	494
8	501
8	508
8	515
8	522
8	529
8	536
8	543
8	551
8	559
8	568
8	578
8	588
8	599
9	349
9	358
9	364
9	370
9	375
9	380
9	384
9	389
9	393
9	398
9	402
9	406
9	410
9	414
9	418
9	423
9	427
9	432
9	436
9	441
9	445
9	450
9	455
9	460
9	465
9	470
9	475
9	480
9	486
9	491
9	497
9	502
9	507
9	512
9	517
9	522
9	528
9	534
9	540
9	546
9	553
9	560
9	568
9	576
9	585
9	594
9	604
10	349
10	358
10	364
10	370
10	375
10	380
10	384
10	389
10	393
10	397
10	401
10	405
10	409
10	413
10	417
10	421
10	425
10	429
10	433
10	437
10	441
10	446
10	450
10	455
10	459
10	464
10	469
10	474
10	479
10	484
10	489
10	494
10	499
10	504
10	508
10	513
10	517
10	522
10	527
10	532
10	537
10	543
10	548
10	555
10	561
10	568
10	576
10	584
10	593
10	602
10	612
11	350
11	360
11	368
11	374
11	380
11	386
11	391
11	396
11	401
11	406
11	411
11	416
11	421
11	426
11	431
11	437
11	442
11	448
11	454
11	460
11	466
11	473
11	479
11	485
11	491
11	497
11	502
11	507
11	512
11	517
11	522
11	527
11	532
11	537
11	542
11	548
11	554
11	560
11	567
11	574
11	582
11	590
11	598
11	607
11	617
12	362
12	372
12	381
12	389
12	396
12	403
12	410
12	417
12	425
12	433
12	441
12	450
12	459
12	468
12	477
12	486
12	494
12	501
12	507
12	513
12	519
12	525
12	531
12	537
12	543
12	549
12	556
12	563
12	571
12	580
12	589
12	599
12	613
13	397
13	409
13	421
13	435
13	470
13	482
13	492
13	501
13	509
13	517
13	525
13	533
13	541
13	550
13	560
13	571
14	490
14	501
14	512
14	522
14	533
14	546
15	501
15	515
17	420
17	432
17	444
17	456
17	468
17	481
17	493
17	504
17	515
17	526
18	419
18	431
18	442
18	453
18	464
18	475
18	486
18	496
18	506
18	516
18	526
18	536
18	547
19	388
19	399
19	409
19	419
19	428
19	437
19	446
19	455
19	464
19	473
19	481
19	489
19	497
19	505
19	513
19	521
19	529
19	537
19	546
19	555
19	565
19	575
19	585
19	595
19	606
20	369
20	380
20	389
20	398
20	406
20	414
20	422
20	430
20	437
20	444
20	451
20	458
20	465
20	472
20	478
20	484
20	490
20	496
20	502
20	507
20	513
20	518
20	524
20	529
20	535
20	541
20	547
20	554
20	561
20	569
20	577
20	585
20	593
20	602
20	611
20	621
21	359
21	369
21	378
21	386
21	393
21	400
21	407
21	413
21	420
21	426
21	432
21	438
21	444
21	450
21	456
21	461
21	466
21	471
21	476
21	481
21	485
21	490
21	494
21	499
21	503
21	507
21	511
21	515
21	519
21	523
21	527
21	532
21	536
21	541
21	546
21	551
21	556
21	562
21	568
21	574
21	580
21	586
21	592
21	599
21	606
21	614
21	622
21	632
21	644
22	351
22	360
22	368
22	374
22	380
22	386
22	391
22	397
22	402
22	407
22	412
22	417
22	422
22	427
22	432
22	437
22	442
22	446
22	451
22	455
22	460
22	463
22	468
22	471
22	476
22	479
22	483
22	487
22	491
22	494
22	498
22	501
22	505
22	508
22	512
22	515
22	519
22	522
22	526
22	529
22	533
22	537
22	541
22	545
22	549
22	553
22	558
22	562
22	567
22	572
22	577
22	582
22	587
22	593
22	598
22	604
22	610
22	617
22	624
22	632
22	641
22	653
23	349
23	358
23	364
23	370
23	374
23	379
23	383
23	388
23	392
23	396
23	400
23	404
23	408
23	412
23	415
23	419
23	423
23	426
23	430
23	434
23	438
23	442
23	446
23	450
23	454
23	458
23	462
23	466
23	470
23	474
23	478
23	482
23	486
23	490
23	494
23	498
23	502
23	506
23	510
23	514
23	518
23	522
23	526
23	530
23	534
23	538
23	543
23	547
23	552
23	557
23	562
23	567
23	572
23	577
23	583
23	588
23	594
23	599
23	605
23	611
23	617
23	624
23	631
23	639
23	648
23	659
24	348
24	357
24	363
24	369
24	374
24	379
24	383
24	388
24	392
24	396
24	400
24	404
24	408
24	412
24	416
24	420
24	424
24	428
24	432
24	436
24	440
24	444
24	448
24	452
24	456
24	460
24	464
24	468
24	472
24	477
24	481
24	486
24	490
24	495
24	499
24	504
24	508
24	513
24	517
24	522
24	526
24	531
24	536
24	541
24	546
24	551
24	557
24	562
24	568
24	574
24	580
24	586
24	592
24	598
24	604
24	610
24	617
24	624
24	632
24	640
24	650
25	360
25	370
25	379
25	386
25	393
25	399
25	405
25	411
25	417
25	422
25	427
25	432
25	437
25	442
25	446
25	451
25	456
25	461
25	466
25	470
25	475
25	480
25	484
25	489
25	493
25	498
25	502
25	507
25	511
25	516
25	520
25	525
25	529
25	534
25	539
25	544
25	549
25	554
25	559
25	565
25	570
25	576
25	582
25	588
25	594
25	601
25	608
25	616
25	624
25	633
25	644
26	368
26	379
26	389
26	398
26	406
26	414
26	421
26	428
26	434
26	440
26	446
26	452
26	457
26	462
26	467
26	472
26	477
26	482
26	487
26	491
26	496
26	500
26	505
26	509
26	514
26	518
26	522
26	526
26	530
26	534
26	538
26	543
26	547
26	552
26	556
26	561
26	566
26	571
26	576
26	581
26	586
26	591
26	597
26	602
26	608
26	614
26	621
26	628
26	636
26	646
27	370
27	381
27	392
27	402
27	411
27	420
27	428
27	435
27	442
27	449
27	455
27	461
27	466
27	472
27	477
27	482
27	487
27	492
27	496
27	501
27	504
27	509
27	512
27	516
27	520
27	523
27	527
27	530
27	534
27	537
27	541
27	544
27	548
27	551
27	555
27	558
27	562
27	566
27	570
27	574
27	578
27	583
27	587
27	592
27	597
27	602
27	607
27	613
27	619
27	625
27	632
27	640
27	649
28	369
28	380
28	391
28	401
28	410
28	418
28	426
28	433
28	440
28	447
28	454
28	460
28	466
28	472
28	477
28	482
28	486
28	491
28	494
28	499
28	502
28	506
28	509
28	512
28	515
28	518
28	521
28	524
28	527
28	530
28	533
28	536
28	539
28	542
28	545
28	548
28	551
28	555
28	557
28	561
28	565
28	568
28	572
28	576
28	580
28	585
28	589
28	594
28	599
28	604
28	610
28	616
28	623
28	630
28	638
28	648
29	362
29	373
29	383
29	393
29	402
29	411
29	419
29	426
29	433
29	439
29	445
29	451
29	457
29	462
29	467
29	472
29	477
29	481
29	485
29	489
29	492
29	496
29	499
29	502
29	505
29	508
29	511
29	514
29	517
29	520
29	522
29	526
29	528
29	531
29	534
29	537
29	539
29	543
29	546
29	549
29	553
29	556
29	560
29	564
29	568
29	572
29	577
29	581
29	586
29	591
29	597
29	603
29	609
29	616
29	624
29	633
29	643
30	361
30	371
30	380
30	389
30	397
30	405
30	413
30	420
30	427
30	433
30	438
30	443
30	447
30	452
30	456
30	460
30	464
30	468
30	472
30	475
30	479
30	482
30	486
30	489
30	492
30	495
30	498
30	501
30	504
30	507
30	510
30	512
30	515
30	518
30	521
30	524
30	527
30	530
30	533
30	536
30	539
30	543
30	546
30	550
30	554
30	558
30	563
30	567
30	573
30	578
30	585
30	592
30	599
30	607
30	615
30	624
30	634
30	645
31	358
31	368
31	376
31	383
31	390
31	396
31	402
31	408
31	414
31	420
31	426
31	431
31	436
31	441
31	444
31	449
31	452
31	455
31	459
31	462
31	465
31	469
31	471
31	475
31	478
31	481
31	484
31	487
31	490
31	493
31	496
31	499
31	502
31	505
31	508
31	511
31	514
31	517
31	520
31	524
31	527
31	531
31	535
31	538
31	543
31	547
31	552
31	557
31	563
31	569
31	576
31	584
31	593
31	603
31	613
31	623
31	633
31	644
32	353
32	363
32	371
32	378
32	384
32	390
32	395
32	400
32	405
32	410
32	415
32	420
32	424
32	429
32	433
32	437
32	441
32	445
32	449
32	452
32	455
32	459
32	462
32	465
32	468
32	471
32	475
32	478
32	481
32	485
32	488
32	492
32	495
32	499
32	502
32	506
32	509
32	513
32	517
32	521
32	525
32	529
32	534
32	538
32	544
32	549
32	556
32	563
32	571
32	581
32	593
33	349
33	359
33	367
33	373
33	379
33	383
33	388
33	392
33	395
33	399
33	402
33	405
33	409
33	412
33	415
33	419
33	422
33	425
33	429
33	432
33	435
33	439
33	442
33	445
33	449
33	452
33	455
33	459
33	462
33	466
33	469
33	473
33	477
33	480
33	485
33	488
33	493
33	497
33	502
33	506
33	511
33	516
33	521
33	527
33	533
33	539
33	546
33	554
33	564
34	347
34	355
34	362
34	367
34	372
34	376
34	381
34	383
34	388
34	391
34	393
34	397
34	400
34	402
34	405
34	408
34	410
34	413
34	415
34	418
34	421
34	423
34	426
34	429
34	431
34	434
34	437
34	439
34	443
34	445
34	448
34	452
34	455
34	458
34	462
34	466
34	469
34	474
34	478
34	483
34	488
34	493
34	498
34	504
34	510
34	516
34	523
34	530
34	538
34	547
35	347
35	354
35	361
35	365
35	371
35	374
35	379
35	383
35	387
35	391
35	395
35	399
35	403
35	407
35	411
35	414
35	418
35	421
35	424
35	428
35	431
35	435
35	438
35	442
35	445
35	449
35	453
35	457
35	461
35	466
35	471
35	476
35	482
35	488
35	494
35	501
35	508
35	516
35	524
35	533
35	544
36	350
36	359
36	367
36	374
36	381
36	387
36	393
36	399
36	405
36	411
36	417
36	422
36	428
36	433
36	438
36	443
36	448
36	454
36	460
36	466
36	473
36	480
36	487
36	495
36	503
36	512
36	522
36	533
37	361
37	371
37	379
37	386
37	393
37	399
37	405
37	412
37	419
37	426
37	433
37	440
37	448
37	456
37	465
37	474
37	484
37	494
37	504
37	515
38	360
38	370
38	379
38	387
38	395
38	403
38	411
38	420
38	430
38	443
39	361
39	372
39	382
39	392
39	402
39	413
40	366
40	377
40	387
40	396
40	405
40	414
40	424
40	435
41	361
41	371
41	380
41	389
41	397
41	405
41	413
41	422
41	431
41	441
41	452
41	464
42	378
42	390
42	402
42	415
44	399
44	411
44	423
44	436
45	371
45	382
45	393
45	403
45	413
45	423
45	433
45	443
45	454
45	465
45	477
46	377
46	388
46	399
46	410
46	420
46	430
46	440
46	450
46	460
46	471
46	483
47	389
47	400
47	411
47	422
47	432
47	442
47	452
47	462
47	472
47	483
48	376
48	386
48	394
48	402
48	410
48	418
48	426
48	434
48	442
48	450
48	459
48	468
48	478
48	489
49	367
49	376
49	384
49	391
49	397
49	403
49	409
49	415
49	421
49	427
49	433
49	440
49	447
49	455
49	463
49	472
49	482
49	493
50	367
50	377
50	386
50	394
50	402
50	410
50	418
50	426
50	434
50	442
50	450
50	459
50	469
50	480
50	494
51	428
51	440
51	451
51	462
51	473
51	486
52	388
52	399
52	410
52	421
52	432
52	443
52	453
52	463
52	473
52	484
52	495
53	370
53	380
53	389
53	397
53	404
53	411
53	418
53	425
53	432
53	439
53	446
53	454
53	462
53	470
53	478
53	487
53	496
53	506
53	517
54	362
54	372
54	380
54	387
54	394
54	400
54	406
54	412
54	417
54	422
54	427
54	432
54	437
54	442
54	448
54	454
54	460
54	466
54	473
54	480
54	487
54	495
54	504
54	514
54	525
55	361
55	371
55	379
55	387
55	394
55	401
55	408
55	414
55	420
55	426
55	431
55	436
55	441
55	446
55	451
55	456
55	461
55	466
55	472
55	478
55	484
55	491
55	498
55	506
55	514
55	524
55	535
56	369
56	380
56	391
56	401
56	411
56	420
56	429
56	436
56	443
56	449
56	454
56	460
56	465
56	470
56	476
56	481
56	487
56	493
56	499
56	506
56	513
56	521
56	530
56	540
57	367
57	378
57	387
57	396
57	404
57	412
57	420
57	428
57	436
57	444
57	451
57	458
57	464
57	470
57	476
57	482
57	488
57	494
57	501
57	508
57	515
57	523
57	532
57	542
58	357
58	367
58	375
58	382
58	389
58	394
58	400
58	405
58	410
58	415
58	420
58	425
58	430
58	436
58	441
58	447
58	453
58	459
58	465
58	471
58	477
58	484
58	490
58	497
58	504
58	512
58	520
58	529
58	539
59	349
59	358
59	364
59	370
59	374
59	379
59	383
59	387
59	391
59	393
59	397
59	400
59	403
59	406
59	409
59	412
59	414
59	417
59	420
59	423
59	425
59	428
59	431
59	434
59	437
59	440
59	443
59	446
59	449
59	453
59	456
59	460
59	464
59	468
59	472
59	477
59	481
59	486
59	491
59	497
59	503
59	509
59	516
59	523
59	531
59	540
59	553
60	347
60	354
60	360
60	363
60	368
60	371
60	374
60	378
60	381
60	382
60	386
60	388
60	391
60	392
60	395
60	397
60	400
60	401
60	403
60	406
60	407
60	410
60	411
60	413
60	415
60	417
60	419
60	421
60	422
60	425
60	426
60	428
60	430
60	432
60	434
60	436
60	437
60	440
60	441
60	444
60	445
60	448
60	449
60	452
60	454
60	456
60	458
60	460
60	463
60	465
60	468
60	470
60	473
60	476
60	478
60	482
60	485
60	488
60	492
60	495
60	499
60	503
60	507
60	511
60	516
60	521
60	526
60	532
60	538
60	545
60	553
60	563
61	349
61	357
61	362
61	367
61	371
61	374
61	378
61	381
61	384
61	388
61	390
61	394
61	397
61	400
61	403
61	406
61	409
61	412
61	414
61	417
61	420
61	422
61	424
61	427
61	429
61	432
61	433
61	436
61	438
61	440
61	442
61	444
61	446
61	448
61	451
61	452
61	455
61	457
61	459
61	461
61	463
61	466
61	467
61	470
61	472
61	474
61	477
61	479
61	481
61	484
61	486
61	489
61	491
61	495
61	497
61	500
61	504
61	506
61	510
61	513
61	517
61	520
61	525
61	528
61	533
61	538
61	543
61	549
61	556
61	563
61	572
61	583
62	379
62	416
62	426
62	433
62	440
62	443
62	448
62	452
62	454
62	459
62	461
62	464
62	467
62	470
62	472
62	475
62	478
62	480
62	483
62	485
62	488
62	490
62	493
62	496
62	498
62	501
62	504
62	507
62	510
62	513
62	516
62	519
62	523
62	526
62	530
62	534
62	538
62	543
62	548
62	553
62	559
62	566
62	574
62	583
62	594
63	441
63	451
63	459
63	464
63	469
63	472
63	476
63	480
63	482
63	486
63	488
63	492
63	494
63	497
63	500
63	503
63	505
63	509
63	511
63	515
63	517
63	521
63	524
63	527
63	531
63	534
63	538
63	542
63	546
63	550
63	555
63	560
63	566
63	572
63	579
63	587
63	596
64	380
64	391
64	400
64	409
64	418
64	427
64	436
64	446
64	456
64	466
64	474
64	481
64	486
64	491
64	494
64	499
64	502
64	505
64	509
64	512
64	515
64	519
64	522
64	525
64	529
64	532
64	536
64	539
64	543
64	547
64	551
64	555
64	559
64	564
64	569
64	575
64	581
64	588
64	596
64	605
65	360
65	370
65	378
65	384
65	390
65	395
65	400
65	404
65	409
65	413
65	418
65	422
65	427
65	431
65	436
65	441
65	446
65	451
65	457
65	463
65	469
65	476
65	483
65	490
65	495
65	500
65	504
65	508
65	512
65	515
65	519
65	522
65	525
65	529
65	532
65	536
65	539
65	543
65	546
65	550
65	554
65	557
65	562
65	566
65	570
65	575
65	580
65	586
65	592
65	599
65	607
65	617
66	352
66	361
66	368
66	373
66	378
66	382
66	386
66	390
66	393
66	396
66	400
66	402
66	405
66	408
66	411
66	413
66	416
66	419
66	421
66	424
66	427
66	429
66	432
66	435
66	437
66	440
66	443
66	446
66	449
66	452
66	455
66	458
66	462
66	465
66	469
66	473
66	477
66	481
66	486
66	490
66	495
66	500
66	504
66	508
66	512
66	515
66	519
66	522
66	526
66	529
66	533
66	536
66	540
66	543
66	547
66	551
66	554
66	558
66	562
66	566
66	570
66	575
66	579
66	585
66	590
66	596
66	603
66	611
66	621
67	357
67	365
67	372
67	377
67	382
67	387
67	391
67	396
67	400
67	404
67	408
67	412
67	415
67	419
67	422
67	425
67	429
67	431
67	435
67	438
67	441
67	444
67	447
67	450
67	453
67	456
67	459
67	462
67	465
67	468
67	471
67	474
67	477
67	481
67	484
67	488
67	491
67	495
67	499
67	503
67	507
67	512
67	516
67	521
67	525
67	530
67	535
67	540
67	545
67	550
67	555
67	560
67	565
67	570
67	576
67	582
67	588
67	595
67	603
67	613
68	433
68	443
68	451
68	458
68	463
68	469
68	473
68	478
68	482
68	487
68	491
68	496
68	500
68	505
68	510
68	515
68	520
68	525
68	530
68	536
68	541
68	547
68	553
68	559
68	565
68	571
68	578
68	585
68	593
68	603
69	473
69	483
69	491
69	498
69	505
69	512
69	518
69	525
69	532
69	539
69	546
69	553
69	561
69	569
69	578
69	589
70	501
70	511
70	520
70	529
70	538
70	547
70	556
70	566
71	367
71	377
71	386
71	394
71	401
71	408
71	415
71	422
71	429
71	436
71	444
71	452
71	461
71	471
71	527
71	538
71	548
71	558
71	568
72	354
72	363
72	370
72	376
72	381
72	386
72	391
72	395
72	399
72	403
72	407
72	411
72	414
72	418
72	422
72	425
72	429
72	433
72	437
72	441
72	445
72	449
72	453
72	457
72	462
72	466
72	471
72	476
72	482
72	488
72	495
72	503
72	511
72	520
72	530
72	539
72	548
72	556
72	564
72	572
72	581
72	591
73	352
73	361
73	367
73	372
73	377
73	381
73	385
73	389
73	392
73	395
73	399
73	401
73	405
73	407
73	411
73	413
73	416
73	419
73	422
73	424
73	427
73	430
73	432
73	435
73	438
73	440
73	443
73	446
73	448
73	451
73	454
73	457
73	460
73	463
73	466
73	469
73	472
73	476
73	479
73	483
73	486
73	490
73	494
73	498
73	503
73	507
73	512
73	517
73	523
73	529
73	535
73	542
73	549
73	555
73	561
73	567
73	573
73	579
73	586
73	593
73	601
73	611
74	361
74	370
74	378
74	384
74	390
74	396
74	402
74	407
74	412
74	417
74	422
74	427
74	431
74	436
74	440
74	444
74	448
74	452
74	456
74	460
74	464
74	468
74	472
74	476
74	480
74	484
74	488
74	492
74	496
74	500
74	505
74	509
74	514
74	519
74	524
74	529
74	535
74	541
74	547
74	553
74	559
74	565
74	571
74	577
74	584
74	591
74	599
74	608
75	481
75	492
75	502
75	512
75	522
75	532
75	543
75	555
75	567
-1	-1
