-1	-1
8	110
8	124
8	136
8	146
8	158
8	168
8	180
8	190
8	202
8	212
8	224
8	234
8	244
8	254
8	264
8	274
8	284
8	294
8	304
8	314
8	324
8	334
8	344
8	352
8	362
8	370
8	380
8	390
8	400
8	412
8	422
8	434
8	444
8	454
8	464
8	474
8	484
8	492
8	502
8	512
8	524
9	62
9	74
9	86
9	98
9	110
9	120
9	132
9	142
9	152
9	162
9	170
9	180
9	188
9	198
9	206
9	216
9	224
9	232
9	240
9	248
9	256
9	264
9	274
9	282
9	292
9	300
9	310
9	318
9	328
9	336
9	344
9	352
9	360
9	368
9	378
9	386
9	396
9	404
9	414
9	422
9	432
9	440
9	450
9	458
9	468
9	476
9	484
9	492
9	500
9	508
9	516
9	526
9	536
9	546
10	40
10	52
10	62
10	72
10	80
10	90
10	98
10	108
10	116
10	124
10	132
10	140
10	146
10	154
10	160
10	168
10	174
10	182
10	188
10	196
10	202
10	208
10	214
10	220
10	226
10	232
10	238
10	244
10	250
10	256
10	264
10	270
10	276
10	284
10	290
10	298
10	304
10	312
10	320
10	328
10	334
10	342
10	348
10	356
10	362
10	370
10	378
10	386
10	394
10	402
10	410
10	420
10	428
10	438
10	446
10	456
10	464
10	472
10	480
10	488
10	496
10	504
10	512
10	520
10	530
10	540
10	550
11	42
11	54
11	64
11	72
11	80
11	88
11	96
11	104
11	110
11	118
11	124
11	132
11	138
11	146
11	152
11	158
11	164
11	170
11	176
11	182
11	188
11	194
11	200
11	206
11	212
11	218
11	224
11	230
11	234
11	240
11	246
11	252
11	256
11	262
11	268
11	274
11	280
11	286
11	294
11	300
11	308
11	314
11	322
11	328
11	336
11	344
11	352
11	360
11	370
11	378
11	388
11	396
11	406
11	414
11	424
11	434
11	444
11	454
11	464
11	474
11	484
11	494
11	504
11	514
11	524
11	534
11	546
12	30
12	42
12	50
12	58
12	66
12	74
12	80
12	86
12	92
12	98
12	104
12	110
12	116
12	122
12	126
12	132
12	138
12	144
12	148
12	154
12	160
12	166
12	170
12	176
12	182
12	188
12	192
12	198
12	204
12	208
12	214
12	218
12	224
12	228
12	234
12	238
12	244
12	248
12	254
12	260
12	266
12	272
12	278
12	284
12	292
12	298
12	306
12	312
12	320
12	328
12	336
12	344
12	352
12	362
12	370
12	380
12	390
12	400
12	410
12	420
12	432
12	444
13	22
13	34
13	42
13	50
13	58
13	66
13	72
13	78
13	84
13	88
13	94
13	98
13	104
13	108
13	114
13	118
13	124
13	128
13	134
13	138
13	144
13	148
13	154
13	160
13	166
13	170
13	176
13	182
13	188
13	194
13	200
13	206
13	212
13	218
13	224
13	230
13	236
13	242
13	248
13	254
13	260
13	268
13	274
13	282
13	290
13	298
13	306
13	316
13	324
13	334
13	344
13	356
13	366
13	378
13	392
14	28
14	38
14	46
14	54
14	62
14	70
14	76
14	84
14	90
14	96
14	102
14	108
14	114
14	120
14	126
14	132
14	138
14	146
14	152
14	160
14	166
14	174
14	180
14	188
14	194
14	202
14	210
14	218
14	226
14	234
14	242
14	250
14	260
14	268
14	278
14	288
14	298
14	308
14	320
14	330
14	342
15	30
15	40
15	50
15	58
15	66
15	74
15	82
15	88
15	96
15	102
15	110
15	116
15	124
15	132
15	140
15	148
15	156
15	164
15	172
15	180
15	188
15	198
15	206
15	216
15	224
15	234
15	244
15	254
15	264
15	274
15	286
15	298
15	310
15	320
15	332
15	342
15	354
15	364
15	376
15	386
15	398
15	408
15	420
15	430
15	442
16	32
16	44
16	54
16	62
16	72
16	80
16	88
16	96
16	104
16	112
16	120
16	128
16	136
16	144
16	152
16	160
16	168
16	178
16	186
16	196
16	204
16	212
16	220
16	228
16	236
16	244
16	252
16	262
16	270
16	280
16	288
16	298
16	308
16	318
16	328
16	338
16	348
16	358
16	368
16	378
16	388
16	398
16	408
16	418
16	428
16	438
16	448
16	458
16	470
16	482
16	496
17	28
17	38
17	48
17	56
17	64
17	72
17	80
17	88
17	96
17	104
17	112
17	120
17	126
17	134
17	140
17	148
17	154
17	162
17	168
17	176
17	182
17	190
17	196
17	204
17	210
17	218
17	224
17	232
17	238
17	246
17	252
17	260
17	266
17	274
17	280
17	288
17	294
17	302
17	308
17	316
17	322
17	330
17	336
17	344
17	350
17	356
17	362
17	370
17	376
17	384
17	390
17	398
17	404
17	412
17	418
17	426
17	432
17	440
17	446
17	454
17	462
17	470
17	478
17	488
17	496
17	506
17	514
17	524
17	534
17	544
17	556
17	566
17	578
17	594
18	20
18	30
18	40
18	48
18	54
18	62
18	68
18	74
18	82
18	88
18	94
18	100
18	106
18	112
18	118
18	124
18	130
18	136
18	144
18	150
18	156
18	164
18	170
18	176
18	182
18	188
18	194
18	200
18	206
18	212
18	218
18	224
18	230
18	236
18	242
18	248
18	252
18	258
18	264
18	270
18	276
18	282
18	288
18	294
18	300
18	306
18	312
18	316
18	322
18	328
18	332
18	338
18	342
18	348
18	352
18	358
18	362
18	368
18	372
18	378
18	382
18	388
18	392
18	398
18	402
18	408
18	412
18	418
18	422
18	426
18	432
18	436
18	440
18	444
18	450
18	454
18	460
18	464
18	470
18	476
18	480
18	486
18	492
18	498
18	502
18	508
18	514
18	520
18	526
18	532
18	538
18	546
18	552
18	560
18	566
18	574
18	580
18	588
18	596
18	602
18	610
18	616
18	624
18	632
18	640
18	648
18	658
18	668
18	678
18	688
19	18
19	28
19	36
19	44
19	50
19	56
19	62
19	68
19	74
19	80
19	86
19	92
19	98
19	104
19	110
19	116
19	122
19	128
19	134
19	140
19	144
19	150
19	156
19	162
19	166
19	172
19	176
19	182
19	186
19	192
19	196
19	202
19	206
19	212
19	216
19	222
19	226
19	230
19	234
19	240
19	244
19	248
19	252
19	256
19	260
19	264
19	268
19	272
19	276
19	280
19	284
19	288
19	292
19	296
19	300
19	304
19	308
19	312
19	318
19	322
19	326
19	330
19	334
19	338
19	342
19	346
19	350
19	354
19	358
19	362
19	366
19	370
19	374
19	378
19	382
19	386
19	390
19	394
19	398
19	402
19	406
19	410
19	414
19	418
19	422
19	426
19	430
19	434
19	438
19	442
19	446
19	450
19	456
19	460
19	464
19	468
19	474
19	478
19	484
19	488
19	494
19	498
19	504
19	510
19	516
19	520
19	526
19	532
19	538
19	544
19	550
19	556
19	562
19	566
19	572
19	578
19	584
19	590
19	596
19	602
19	608
19	614
19	618
19	624
19	630
19	636
19	642
19	650
19	656
19	664
19	672
19	680
19	688
20	12
20	22
20	30
20	36
20	42
20	48
20	54
20	58
20	64
20	68
20	74
20	78
20	84
20	88
20	94
20	98
20	104
20	108
20	114
20	118
20	124
20	128
20	132
20	136
20	142
20	146
20	150
20	154
20	160
20	164
20	168
20	172
20	176
20	180
20	184
20	188
20	192
20	196
20	200
20	204
20	208
20	212
20	216
20	220
20	224
20	228
20	232
20	236
20	240
20	244
20	248
20	252
20	256
20	260
20	264
20	268
20	272
20	274
20	278
20	282
20	286
20	288
20	292
20	296
20	300
20	302
20	306
20	310
20	314
20	318
20	322
20	326
20	330
20	334
20	338
20	342
20	346
20	350
20	354
20	358
20	362
20	366
20	370
20	374
20	378
20	382
20	386
20	390
20	394
20	398
20	402
20	406
20	410
20	414
20	418
20	422
20	426
20	430
20	434
20	438
20	442
20	446
20	450
20	454
20	458
20	462
20	466
20	472
20	476
20	482
20	486
20	492
20	496
20	502
20	506
20	512
20	516
20	522
20	528
20	534
20	540
20	546
20	552
20	558
20	564
20	570
20	576
20	582
20	588
20	594
20	600
20	606
20	612
20	618
20	624
20	630
20	636
20	644
20	650
20	658
20	666
20	674
20	682
20	692
21	8
21	18
21	24
21	32
21	38
21	42
21	48
21	52
21	58
21	62
21	66
21	70
21	74
21	78
21	82
21	86
21	90
21	94
21	98
21	102
21	106
21	110
21	114
21	118
21	122
21	126
21	130
21	134
21	138
21	142
21	146
21	150
21	154
21	158
21	162
21	164
21	168
21	172
21	176
21	178
21	182
21	186
21	190
21	192
21	196
21	200
21	204
21	206
21	210
21	214
21	218
21	222
21	224
21	228
21	232
21	236
21	240
21	244
21	248
21	252
21	256
21	260
21	264
21	268
21	272
21	276
21	280
21	284
21	288
21	292
21	296
21	300
21	304
21	308
21	312
21	316
21	320
21	324
21	328
21	332
21	336
21	340
21	344
21	348
21	352
21	356
21	360
21	364
21	368
21	374
21	378
21	382
21	386
21	392
21	396
21	400
21	404
21	410
21	414
21	418
21	422
21	428
21	432
21	436
21	440
21	446
21	450
21	454
21	458
21	464
21	468
21	474
21	478
21	484
21	488
21	494
21	498
21	504
21	508
21	514
21	518
21	524
21	530
21	536
21	542
21	548
21	554
21	562
21	568
21	576
21	582
21	590
21	596
21	604
21	610
21	618
21	626
21	636
21	646
21	656
22	2
22	12
22	20
22	26
22	32
22	38
22	42
22	48
22	52
22	56
22	62
22	64
22	70
22	72
22	76
22	80
22	84
22	88
22	92
22	94
22	98
22	102
22	106
22	108
22	112
22	116
22	120
22	122
22	126
22	130
22	134
22	138
22	142
22	146
22	150
22	154
22	158
22	162
22	166
22	170
22	174
22	178
22	182
22	186
22	190
22	194
22	198
22	202
22	206
22	210
22	212
22	216
22	220
22	224
22	228
22	230
22	234
22	238
22	242
22	244
22	248
22	252
22	256
22	260
22	264
22	268
22	272
22	276
22	280
22	284
22	288
22	292
22	296
22	300
22	304
22	308
22	312
22	316
22	320
22	324
22	330
22	334
22	338
22	342
22	346
22	350
22	354
22	358
22	364
22	368
22	372
22	376
22	382
22	386
22	390
22	394
22	398
22	402
22	406
22	410
22	414
22	418
22	422
22	426
22	430
22	434
22	438
22	442
22	446
22	450
22	454
22	458
22	462
22	466
22	470
22	476
22	480
22	484
22	488
22	492
22	496
22	500
22	504
22	508
22	512
22	516
22	520
22	524
22	528
22	534
22	538
22	542
22	548
22	552
22	558
22	562
22	568
22	574
22	578
22	584
22	590
22	596
22	604
22	610
22	618
22	626
22	634
22	644
22	656
23	2
23	10
23	18
23	24
23	30
23	34
23	40
23	44
23	48
23	52
23	56
23	60
23	62
23	66
23	70
23	74
23	78
23	80
23	84
23	88
23	92
23	94
23	98
23	102
23	106
23	108
23	112
23	116
23	120
23	122
23	126
23	130
23	134
23	138
23	142
23	146
23	150
23	154
23	158
23	162
23	166
23	170
23	174
23	178
23	182
23	186
23	190
23	194
23	198
23	202
23	206
23	210
23	214
23	218
23	222
23	226
23	230
23	234
23	238
23	242
23	244
23	248
23	252
23	256
23	260
23	264
23	266
23	270
23	274
23	278
23	280
23	284
23	288
23	292
23	294
23	298
23	302
23	306
23	308
23	312
23	316
23	320
23	324
23	328
23	330
23	334
23	338
23	342
23	346
23	350
23	352
23	356
23	360
23	364
23	368
23	370
23	374
23	378
23	382
23	384
23	388
23	392
23	396
23	398
23	402
23	406
23	410
23	412
23	416
23	420
23	422
23	426
23	430
23	432
23	436
23	438
23	442
23	444
23	448
23	450
23	454
23	456
23	460
23	462
23	466
23	468
23	472
23	474
23	478
23	480
23	484
23	486
23	490
23	492
23	496
23	498
23	502
23	504
23	508
23	510
23	514
23	516
23	520
23	524
23	526
23	530
23	534
23	536
23	540
23	544
23	548
23	550
23	554
23	558
23	562
23	566
23	570
23	574
23	578
23	584
23	588
23	594
23	598
23	604
23	608
23	614
23	620
23	626
23	634
23	640
23	648
23	658
23	668
24	2
24	12
24	20
24	28
24	34
24	40
24	44
24	50
24	54
24	58
24	62
24	68
24	72
24	76
24	80
24	84
24	88
24	92
24	96
24	100
24	104
24	108
24	112
24	116
24	120
24	126
24	130
24	134
24	138
24	144
24	148
24	152
24	156
24	162
24	166
24	170
24	174
24	178
24	182
24	188
24	192
24	196
24	200
24	206
24	210
24	214
24	218
24	224
24	228
24	232
24	236
24	242
24	246
24	250
24	254
24	260
24	264
24	268
24	272
24	276
24	280
24	282
24	286
24	290
24	294
24	296
24	300
24	302
24	306
24	308
24	312
24	314
24	318
24	320
24	324
24	326
24	330
24	332
24	336
24	338
24	342
24	344
24	348
24	350
24	352
24	356
24	358
24	360
24	364
24	366
24	368
24	372
24	374
24	376
24	378
24	382
24	384
24	386
24	388
24	392
24	394
24	396
24	398
24	400
24	402
24	406
24	408
24	410
24	412
24	414
24	416
24	418
24	420
24	422
24	426
24	430
24	432
24	434
24	436
24	438
24	440
24	442
24	444
24	446
24	448
24	450
24	452
24	454
24	456
24	458
24	460
24	462
24	464
24	466
24	468
24	470
24	472
24	474
24	476
24	478
24	480
24	484
24	488
24	490
24	492
24	494
24	496
24	498
24	500
24	502
24	506
24	508
24	510
24	512
24	514
24	518
24	520
24	522
24	524
24	528
24	530
24	532
24	536
24	538
24	540
24	544
24	546
24	550
24	552
24	556
24	558
24	562
24	566
24	568
24	572
24	576
24	580
24	584
24	588
24	592
24	596
24	600
24	604
24	608
24	612
24	616
24	622
24	626
24	632
24	636
24	642
24	648
24	654
24	662
24	668
24	676
24	686
25	2
25	12
25	22
25	30
25	36
25	42
25	48
25	52
25	58
25	64
25	68
25	74
25	78
25	82
25	88
25	92
25	96
25	100
25	106
25	110
25	114
25	118
25	124
25	128
25	132
25	136
25	142
25	146
25	150
25	156
25	160
25	164
25	168
25	174
25	178
25	182
25	186
25	192
25	196
25	200
25	204
25	210
25	214
25	218
25	222
25	228
25	232
25	236
25	240
25	246
25	250
25	254
25	258
25	262
25	264
25	268
25	272
25	276
25	278
25	282
25	284
25	288
25	290
25	292
25	296
25	298
25	300
25	302
25	306
25	308
25	310
25	312
25	314
25	318
25	320
25	322
25	324
25	326
25	328
25	330
25	332
25	334
25	336
25	340
25	342
25	346
25	350
25	352
25	356
25	358
25	362
25	364
25	366
25	368
25	370
25	372
25	374
25	376
25	378
25	380
25	382
25	384
25	386
25	388
25	390
25	392
25	394
25	396
25	398
25	400
25	402
25	404
25	406
25	408
25	410
25	412
25	414
25	416
25	418
25	420
25	422
25	424
25	426
25	428
25	430
25	432
25	434
25	436
25	438
25	440
25	442
25	444
25	446
25	448
25	450
25	452
25	454
25	456
25	458
25	460
25	462
25	464
25	466
25	468
25	470
25	472
25	474
25	476
25	478
25	480
25	484
25	486
25	488
25	490
25	492
25	494
25	498
25	500
25	502
25	506
25	508
25	510
25	514
25	516
25	520
25	522
25	526
25	528
25	532
25	536
25	538
25	542
25	546
25	548
25	552
25	556
25	560
25	564
25	568
25	574
25	578
25	582
25	588
25	592
25	598
25	602
25	608
25	612
25	616
25	622
25	626
25	632
25	636
25	642
25	646
25	652
25	656
25	662
25	668
25	676
25	682
25	690
26	2
26	12
26	20
26	26
26	32
26	38
26	44
26	48
26	54
26	58
26	62
26	66
26	70
26	74
26	78
26	82
26	86
26	90
26	94
26	98
26	102
26	106
26	110
26	114
26	118
26	122
26	126
26	130
26	134
26	138
26	144
26	148
26	152
26	156
26	162
26	166
26	170
26	174
26	178
26	182
26	186
26	190
26	194
26	196
26	200
26	204
26	208
26	212
26	216
26	218
26	222
26	226
26	230
26	232
26	236
26	238
26	242
26	244
26	248
26	250
26	252
26	256
26	258
26	260
26	264
26	266
26	268
26	272
26	274
26	276
26	278
26	282
26	284
26	286
26	288
26	292
26	294
26	296
26	298
26	300
26	302
26	304
26	308
26	310
26	312
26	314
26	316
26	318
26	320
26	322
26	326
26	330
26	332
26	334
26	336
26	338
26	340
26	342
26	344
26	348
26	352
26	354
26	356
26	358
26	360
26	362
26	364
26	366
26	368
26	370
26	372
26	374
26	378
26	382
26	384
26	386
26	388
26	390
26	392
26	394
26	396
26	398
26	400
26	402
26	404
26	406
26	408
26	410
26	412
26	416
26	420
26	422
26	424
26	426
26	428
26	432
26	434
26	436
26	438
26	442
26	444
26	446
26	448
26	452
26	454
26	456
26	460
26	462
26	466
26	468
26	472
26	474
26	478
26	480
26	484
26	486
26	490
26	494
26	498
26	500
26	504
26	508
26	512
26	516
26	520
26	524
26	528
26	534
26	538
26	542
26	548
26	552
26	558
26	564
26	570
26	576
26	582
26	590
26	596
26	604
26	610
26	618
26	624
26	632
26	638
26	644
26	650
26	656
26	662
26	670
26	676
26	684
26	694
27	2
27	10
27	18
27	26
27	32
27	36
27	42
27	46
27	50
27	54
27	58
27	62
27	66
27	70
27	72
27	76
27	80
27	84
27	86
27	90
27	94
27	98
27	100
27	104
27	108
27	112
27	114
27	118
27	122
27	124
27	128
27	132
27	134
27	138
27	140
27	144
27	146
27	150
27	152
27	156
27	158
27	162
27	164
27	168
27	170
27	172
27	176
27	178
27	180
27	184
27	186
27	188
27	190
27	192
27	194
27	198
27	200
27	202
27	204
27	206
27	208
27	210
27	212
27	214
27	216
27	218
27	220
27	222
27	224
27	226
27	228
27	230
27	232
27	234
27	236
27	238
27	240
27	242
27	244
27	246
27	248
27	250
27	252
27	254
27	256
27	258
27	260
27	262
27	264
27	266
27	268
27	270
27	272
27	274
27	276
27	278
27	280
27	282
27	284
27	286
27	288
27	290
27	292
27	294
27	296
27	298
27	300
27	302
27	304
27	306
27	308
27	310
27	312
27	314
27	316
27	318
27	320
27	322
27	324
27	326
27	328
27	330
27	332
27	334
27	336
27	338
27	340
27	342
27	344
27	346
27	348
27	350
27	352
27	354
27	356
27	358
27	360
27	362
27	364
27	366
27	368
27	370
27	372
27	374
27	376
27	378
27	380
27	382
27	386
27	388
27	390
27	392
27	394
27	396
27	400
27	402
27	404
27	406
27	410
27	412
27	414
27	416
27	420
27	422
27	424
27	428
27	430
27	434
27	436
27	440
27	442
27	446
27	448
27	452
27	456
27	458
27	462
27	466
27	470
27	474
27	478
27	482
27	486
27	490
27	496
27	500
27	506
27	512
27	518
27	524
27	532
27	540
27	548
27	556
27	566
27	578
27	590
27	600
27	612
27	624
27	638
27	648
27	660
27	670
27	682
28	2
28	10
28	18
28	24
28	30
28	36
28	40
28	44
28	50
28	52
28	56
28	60
28	64
28	66
28	70
28	72
28	76
28	80
28	82
28	84
28	88
28	90
28	94
28	96
28	98
28	102
28	104
28	106
28	108
28	112
28	114
28	116
28	118
28	122
28	126
28	128
28	130
28	132
28	134
28	136
28	138
28	140
28	142
28	144
28	146
28	148
28	150
28	152
28	154
28	156
28	158
28	160
28	162
28	164
28	166
28	170
28	172
28	174
28	176
28	178
28	180
28	182
28	184
28	186
28	188
28	190
28	192
28	194
28	196
28	198
28	200
28	202
28	204
28	206
28	208
28	210
28	212
28	214
28	216
28	218
28	220
28	222
28	224
28	226
28	228
28	230
28	232
28	234
28	236
28	238
28	240
28	242
28	244
28	246
28	248
28	250
28	252
28	254
28	256
28	258
28	260
28	262
28	264
28	266
28	268
28	270
28	272
28	274
28	276
28	278
28	280
28	282
28	286
28	290
28	292
28	294
28	296
28	298
28	302
28	304
28	306
28	308
28	312
28	314
28	316
28	318
28	322
28	324
28	326
28	330
28	332
28	334
28	338
28	340
28	344
28	346
28	350
28	352
28	356
28	358
28	362
28	366
28	368
28	372
28	376
28	378
28	382
28	386
28	390
28	394
28	398
28	402
28	406
28	410
28	416
28	420
28	424
28	430
28	434
28	440
28	444
28	450
28	456
28	462
28	468
28	474
28	482
28	490
28	498
28	506
28	516
28	528
28	540
29	2
29	10
29	16
29	22
29	26
29	32
29	36
29	40
29	44
29	48
29	52
29	54
29	58
29	60
29	64
29	66
29	70
29	72
29	76
29	78
29	82
29	84
29	86
29	90
29	92
29	94
29	96
29	100
29	102
29	104
29	106
29	108
29	112
29	114
29	116
29	118
29	120
29	122
29	126
29	128
29	130
29	132
29	134
29	136
29	138
29	140
29	142
29	144
29	146
29	150
29	152
29	154
29	156
29	158
29	160
29	162
29	164
29	166
29	168
29	170
29	172
29	174
29	176
29	178
29	180
29	182
29	184
29	186
29	188
29	190
29	192
29	194
29	196
29	198
29	200
29	202
29	204
29	206
29	208
29	210
29	212
29	214
29	216
29	218
29	220
29	222
29	224
29	226
29	228
29	230
29	232
29	234
29	236
29	238
29	240
29	242
29	244
29	246
29	248
29	250
29	252
29	254
29	256
29	258
29	260
29	262
29	264
29	266
29	268
29	272
29	274
29	276
29	278
29	280
29	284
29	286
29	288
29	290
29	294
29	296
29	298
29	302
29	304
29	308
29	310
29	314
29	316
29	320
29	324
29	326
29	330
29	334
29	338
29	342
29	346
29	350
29	356
29	360
29	364
29	370
29	374
29	380
29	384
29	390
29	396
29	400
29	406
29	412
29	418
29	424
29	432
29	438
29	446
29	454
29	462
29	470
29	480
29	492
30	2
30	8
30	12
30	18
30	22
30	26
30	30
30	32
30	36
30	40
30	42
30	46
30	48
30	52
30	54
30	56
30	60
30	62
30	64
30	66
30	68
30	72
30	74
30	76
30	78
30	80
30	82
30	86
30	88
30	90
30	92
30	94
30	96
30	98
30	100
30	104
30	108
30	110
30	112
30	114
30	116
30	118
30	120
30	122
30	124
30	126
30	128
30	130
30	134
30	138
30	140
30	142
30	144
30	146
30	148
30	150
30	154
30	156
30	158
30	160
30	162
30	164
30	168
30	170
30	172
30	174
30	176
30	178
30	182
30	184
30	186
30	188
30	190
30	192
30	194
30	198
30	200
30	202
30	204
30	206
30	210
30	212
30	214
30	218
30	220
30	224
30	226
30	228
30	232
30	236
30	238
30	242
30	246
30	248
30	252
30	256
30	260
30	264
30	268
30	272
30	276
30	282
30	286
30	290
30	294
30	300
30	304
30	310
30	314
30	320
30	324
30	330
30	336
30	342
30	348
30	356
30	362
30	370
30	376
30	384
30	392
30	400
30	408
30	416
30	426
30	434
30	444
30	454
30	464
30	474
30	486
31	2
31	8
31	14
31	20
31	24
31	28
31	32
31	34
31	38
31	42
31	44
31	48
31	50
31	52
31	56
31	58
31	60
31	64
31	66
31	68
31	70
31	72
31	74
31	78
31	80
31	82
31	84
31	86
31	88
31	90
31	92
31	94
31	96
31	98
31	100
31	102
31	104
31	108
31	110
31	112
31	114
31	116
31	118
31	120
31	122
31	124
31	126
31	128
31	130
31	134
31	136
31	138
31	140
31	142
31	144
31	146
31	148
31	150
31	152
31	154
31	156
31	158
31	160
31	164
31	166
31	168
31	170
31	172
31	174
31	178
31	180
31	182
31	186
31	188
31	190
31	194
31	196
31	200
31	202
31	206
31	208
31	214
31	216
31	220
31	224
31	228
31	234
31	238
31	242
31	248
31	254
31	260
31	266
31	274
31	282
31	290
31	298
31	308
31	318
31	326
31	336
31	344
31	354
31	362
31	372
31	380
31	390
31	398
31	408
31	418
31	428
31	440
31	452
32	2
32	10
32	18
32	24
32	30
32	34
32	38
32	42
32	46
32	50
32	54
32	58
32	60
32	64
32	68
32	70
32	74
32	76
32	80
32	82
32	86
32	90
32	92
32	96
32	98
32	102
32	104
32	108
32	110
32	114
32	118
32	120
32	124
32	128
32	132
32	134
32	138
32	142
32	146
32	150
32	154
32	158
32	162
32	166
32	172
32	176
32	180
32	186
32	190
32	196
32	200
32	206
32	212
32	216
32	222
32	228
32	234
32	240
32	248
32	254
32	262
32	268
32	276
32	284
32	294
32	302
32	312
32	322
32	332
32	342
32	352
32	364
33	12
33	22
33	30
33	36
33	44
33	50
33	56
33	62
33	68
33	74
33	78
33	84
33	88
33	94
33	98
33	104
33	108
33	114
33	118
33	124
33	128
33	134
33	138
33	144
33	148
33	154
33	158
33	164
33	168
33	174
33	178
33	184
33	190
33	196
33	202
33	210
33	216
33	224
33	230
33	238
33	244
33	252
33	258
33	266
33	274
33	282
33	290
33	298
33	306
33	316
33	326
33	336
33	348
34	20
34	30
34	38
34	48
34	56
34	62
34	70
34	76
34	82
34	90
34	96
34	102
34	108
34	114
34	120
34	126
34	132
34	140
34	146
34	154
34	160
34	168
34	174
34	182
34	188
34	196
34	202
34	210
34	216
34	224
34	232
34	242
34	250
34	260
34	270
34	282
34	292
34	304
34	316
35	22
35	32
35	42
35	50
35	58
35	64
35	72
35	78
35	84
35	90
35	96
35	102
35	108
35	114
35	120
35	126
35	132
35	138
35	144
35	152
35	158
35	166
35	172
35	180
35	188
35	196
35	204
35	212
35	220
35	230
35	240
35	250
35	260
35	274
36	30
36	40
36	48
36	56
36	62
36	70
36	76
36	82
36	88
36	94
36	98
36	104
36	110
36	116
36	122
36	128
36	134
36	140
36	146
36	154
36	160
36	168
36	174
36	182
36	190
36	198
36	206
36	216
36	226
36	236
36	246
36	258
36	270
37	30
37	40
37	48
37	56
37	64
37	72
37	78
37	86
37	92
37	100
37	108
37	116
37	124
37	132
37	140
37	148
37	156
37	164
37	172
37	182
37	190
37	200
37	210
37	220
37	230
37	240
37	250
37	262
37	274
38	40
38	52
38	62
38	70
38	78
38	86
38	94
38	102
38	110
38	118
38	126
38	134
38	142
38	150
38	158
38	166
38	174
38	182
38	190
38	198
38	206
38	216
38	224
38	234
38	244
38	254
38	264
39	38
39	50
39	58
39	68
39	76
39	84
39	92
39	100
39	108
39	116
39	124
39	132
39	142
39	150
39	160
39	168
39	178
39	186
39	194
39	202
39	210
39	218
39	226
39	234
39	242
39	250
39	258
39	268
39	278
39	288
39	298
40	34
40	44
40	54
40	62
40	70
40	78
40	84
40	92
40	98
40	106
40	112
40	120
40	126
40	134
40	140
40	148
40	154
40	162
40	170
40	178
40	186
40	194
40	202
40	210
40	218
40	226
40	234
40	242
40	250
40	258
40	266
40	274
40	282
40	290
40	298
40	306
40	316
40	324
40	334
40	346
41	30
41	40
41	50
41	58
41	64
41	72
41	78
41	84
41	90
41	94
41	100
41	106
41	110
41	116
41	120
41	126
41	132
41	138
41	144
41	150
41	156
41	162
41	168
41	174
41	180
41	188
41	196
41	204
41	212
41	222
41	234
41	244
41	256
41	266
41	278
41	288
41	298
41	310
41	320
41	334
42	38
42	48
42	56
42	66
42	74
42	82
42	90
42	98
42	106
42	114
42	122
42	130
42	138
42	146
42	156
42	164
42	174
42	182
42	192
42	202
42	212
42	224
43	58
43	70
43	80
43	90
43	100
43	112
43	122
43	134
43	144
43	156
43	168
44	62
44	72
44	82
44	92
44	102
44	110
44	120
44	128
44	138
44	148
44	158
44	168
44	178
44	188
44	200
44	212
45	58
45	70
45	80
45	90
45	100
45	110
45	122
45	132
45	146
45	192
45	204
45	216
45	228
45	240
45	254
46	52
46	64
46	74
46	84
46	92
46	102
46	110
46	120
46	128
46	138
46	148
46	158
46	170
46	182
46	230
46	242
46	254
46	264
46	276
46	288
47	50
47	62
47	72
47	80
47	90
47	98
47	106
47	114
47	122
47	130
47	138
47	146
47	154
47	162
47	170
47	178
47	186
47	196
47	206
47	216
47	228
48	50
48	62
48	72
48	82
48	92
48	100
48	110
48	118
48	128
48	138
48	148
48	158
48	168
48	178
48	186
48	196
48	204
48	214
48	224
48	234
48	246
49	58
49	68
49	80
49	90
49	102
49	112
49	124
49	134
49	210
49	224
50	50
50	62
50	72
50	80
50	90
50	98
50	106
50	114
50	122
50	130
50	138
50	146
50	156
50	164
50	174
50	186
51	48
51	60
51	70
51	78
51	86
51	94
51	102
51	110
51	118
51	126
51	134
51	142
51	150
51	158
51	166
51	174
51	184
51	194
51	206
52	32
52	42
52	52
52	62
52	72
52	82
52	92
52	102
52	114
52	126
53	30
53	40
53	50
53	60
53	68
53	78
53	86
53	94
53	102
53	112
53	120
53	130
53	142
53	156
54	20
54	32
54	40
54	50
54	58
54	64
54	72
54	78
54	86
54	92
54	98
54	104
54	110
54	118
54	124
54	132
54	140
54	148
54	156
54	166
54	176
54	186
54	198
55	14
55	24
55	32
55	40
55	48
55	54
55	60
55	66
55	72
55	78
55	84
55	90
55	94
55	100
55	104
55	110
55	116
55	120
55	126
55	132
55	138
55	146
55	152
55	160
55	166
55	174
55	182
55	192
55	200
55	210
55	218
55	228
55	236
55	246
55	254
55	264
55	272
55	282
55	290
55	300
55	310
55	320
55	332
55	344
56	8
56	16
56	24
56	32
56	38
56	42
56	48
56	52
56	56
56	62
56	66
56	70
56	74
56	80
56	84
56	88
56	94
56	98
56	104
56	108
56	114
56	118
56	124
56	130
56	136
56	142
56	148
56	154
56	160
56	166
56	174
56	180
56	188
56	196
56	204
56	212
56	220
56	228
56	236
56	244
56	250
56	258
56	264
56	272
56	278
56	286
56	292
56	298
56	306
56	312
56	320
56	326
56	334
56	340
56	348
56	356
56	366
56	376
56	386
57	2
57	10
57	16
57	22
57	26
57	30
57	34
57	38
57	42
57	44
57	48
57	52
57	54
57	56
57	60
57	62
57	64
57	68
57	70
57	74
57	76
57	80
57	82
57	86
57	88
57	92
57	94
57	98
57	100
57	104
57	108
57	110
57	114
57	118
57	122
57	124
57	128
57	132
57	136
57	140
57	142
57	146
57	150
57	154
57	158
57	162
57	166
57	170
57	176
57	180
57	184
57	190
57	194
57	200
57	206
57	210
57	216
57	222
57	228
57	236
57	242
57	250
57	256
57	264
57	270
57	278
57	284
57	292
57	298
57	306
57	312
57	320
57	326
57	334
57	340
57	348
57	356
57	366
57	376
57	386
58	2
58	8
58	14
58	18
58	22
58	26
58	30
58	34
58	38
58	40
58	42
58	46
58	48
58	52
58	56
58	58
58	60
58	62
58	64
58	66
58	68
58	70
58	72
58	74
58	76
58	78
58	80
58	82
58	84
58	86
58	88
58	90
58	92
58	94
58	96
58	98
58	100
58	104
58	108
58	110
58	112
58	114
58	116
58	118
58	120
58	122
58	124
58	126
58	128
58	130
58	134
58	138
58	140
58	142
58	144
58	146
58	148
58	150
58	152
58	154
58	158
58	160
58	162
58	164
58	166
58	168
58	172
58	174
58	176
58	178
58	182
58	184
58	186
58	188
58	192
58	194
58	198
58	200
58	204
58	206
58	210
58	212
58	216
58	220
58	222
58	226
58	230
58	234
58	238
58	242
58	246
58	252
58	256
58	262
58	266
58	272
58	278
58	286
58	292
58	300
58	308
58	316
58	324
58	334
58	344
58	354
58	364
59	2
59	8
59	14
59	20
59	24
59	28
59	32
59	36
59	40
59	44
59	48
59	50
59	54
59	56
59	60
59	62
59	64
59	68
59	70
59	72
59	74
59	76
59	78
59	80
59	82
59	84
59	86
59	88
59	90
59	92
59	94
59	96
59	98
59	100
59	102
59	104
59	106
59	108
59	110
59	112
59	114
59	116
59	118
59	120
59	122
59	124
59	126
59	128
59	130
59	132
59	134
59	136
59	138
59	140
59	142
59	144
59	146
59	148
59	150
59	152
59	154
59	156
59	158
59	160
59	162
59	164
59	166
59	168
59	170
59	172
59	174
59	176
59	178
59	180
59	182
59	184
59	186
59	188
59	190
59	192
59	194
59	196
59	198
59	200
59	202
59	204
59	206
59	208
59	210
59	212
59	214
59	216
59	218
59	220
59	222
59	224
59	226
59	228
59	230
59	232
59	234
59	236
59	238
59	240
59	242
59	244
59	248
59	250
59	252
59	254
59	256
59	260
59	262
59	266
59	268
59	270
59	274
59	276
59	280
59	284
59	286
59	290
59	294
59	298
59	300
59	306
59	308
59	314
59	318
59	322
59	328
59	332
59	338
59	344
59	348
59	354
59	360
59	368
59	374
59	382
59	390
59	400
59	410
59	420
60	2
60	12
60	20
60	24
60	30
60	34
60	38
60	42
60	46
60	50
60	54
60	58
60	60
60	62
60	66
60	68
60	72
60	74
60	76
60	78
60	80
60	82
60	84
60	86
60	88
60	90
60	92
60	94
60	96
60	98
60	100
60	102
60	104
60	106
60	108
60	110
60	112
60	114
60	116
60	118
60	120
60	122
60	124
60	126
60	128
60	130
60	132
60	134
60	136
60	138
60	140
60	142
60	144
60	146
60	148
60	150
60	152
60	154
60	156
60	158
60	160
60	162
60	164
60	166
60	168
60	170
60	172
60	174
60	176
60	178
60	180
60	182
60	184
60	186
60	188
60	190
60	192
60	194
60	196
60	198
60	200
60	202
60	204
60	206
60	208
60	210
60	212
60	214
60	216
60	218
60	220
60	222
60	224
60	226
60	228
60	230
60	232
60	234
60	236
60	238
60	240
60	242
60	244
60	246
60	248
60	250
60	252
60	254
60	256
60	258
60	260
60	262
60	264
60	266
60	268
60	270
60	272
60	274
60	276
60	278
60	280
60	282
60	284
60	286
60	288
60	290
60	292
60	294
60	296
60	298
60	300
60	302
60	304
60	306
60	308
60	310
60	314
60	316
60	318
60	320
60	324
60	326
60	328
60	330
60	334
60	336
60	340
60	342
60	346
60	348
60	352
60	356
60	358
60	362
60	366
60	370
60	374
60	378
60	382
60	386
60	390
60	396
60	400
60	406
60	412
60	418
60	426
60	434
60	442
60	450
60	460
61	12
61	22
61	30
61	36
61	42
61	48
61	52
61	58
61	62
61	66
61	70
61	74
61	78
61	82
61	86
61	90
61	94
61	98
61	102
61	106
61	110
61	114
61	118
61	120
61	124
61	128
61	132
61	136
61	140
61	144
61	148
61	152
61	156
61	160
61	162
61	166
61	170
61	172
61	176
61	178
61	182
61	184
61	186
61	190
61	192
61	194
61	196
61	198
61	200
61	202
61	204
61	206
61	208
61	210
61	212
61	214
61	216
61	218
61	220
61	222
61	224
61	226
61	228
61	230
61	232
61	234
61	236
61	238
61	240
61	242
61	244
61	246
61	248
61	250
61	252
61	254
61	256
61	258
61	260
61	262
61	264
61	266
61	268
61	270
61	272
61	274
61	276
61	278
61	280
61	282
61	284
61	286
61	288
61	290
61	292
61	294
61	296
61	298
61	300
61	302
61	304
61	306
61	308
61	310
61	314
61	316
61	318
61	320
61	322
61	324
61	326
61	328
61	330
61	334
61	336
61	338
61	340
61	342
61	344
61	348
61	350
61	352
61	356
61	358
61	360
61	364
61	366
61	370
61	374
61	376
61	380
61	384
61	388
61	392
61	396
61	400
61	404
61	410
61	414
61	420
61	426
61	432
61	440
61	446
61	454
61	464
61	474
61	484
61	496
62	30
62	40
62	48
62	54
62	62
62	68
62	76
62	82
62	90
62	98
62	106
62	114
62	124
62	134
62	144
62	154
62	166
62	178
62	190
62	200
62	210
62	220
62	228
62	236
62	242
62	250
62	256
62	262
62	268
62	272
62	278
62	284
62	288
62	294
62	298
62	304
62	308
62	314
62	318
62	324
62	330
62	336
62	342
62	348
62	354
62	362
62	368
62	376
62	384
62	392
62	400
62	410
62	418
62	428
62	436
62	446
62	456
62	466
62	476
62	486
62	496
62	506
62	516
62	526
62	536
62	546
62	556
62	566
63	40
63	50
63	58
63	66
63	74
63	82
63	88
63	96
63	102
63	110
63	116
63	124
63	130
63	138
63	144
63	152
63	158
63	166
63	172
63	180
63	186
63	194
63	202
63	210
63	220
63	228
63	238
63	246
63	256
63	266
63	276
63	286
63	296
63	306
63	316
63	326
63	336
63	344
63	352
63	360
63	368
63	376
63	384
63	390
63	398
63	404
63	412
63	418
63	426
63	432
63	438
63	444
63	450
63	456
63	462
63	468
63	474
63	480
63	486
63	492
63	498
63	504
63	510
63	516
63	522
63	528
63	534
63	540
63	548
63	554
63	562
63	570
63	580
63	590
64	50
64	60
64	68
64	76
64	84
64	90
64	96
64	102
64	108
64	114
64	120
64	126
64	130
64	136
64	140
64	146
64	150
64	156
64	160
64	164
64	170
64	174
64	178
64	182
64	188
64	192
64	196
64	200
64	206
64	210
64	214
64	218
64	224
64	228
64	232
64	238
64	242
64	246
64	252
64	256
64	262
64	266
64	272
64	276
64	282
64	286
64	292
64	296
64	302
64	306
64	312
64	316
64	322
64	326
64	330
64	334
64	340
64	344
64	348
64	352
64	356
64	360
64	364
64	368
64	372
64	376
64	380
64	384
64	386
64	390
64	394
64	398
64	402
64	404
64	408
64	412
64	416
64	418
64	422
64	426
64	430
64	432
64	436
64	440
64	442
64	446
64	450
64	452
64	456
64	460
64	462
64	466
64	470
64	472
64	476
64	480
64	482
64	486
64	488
64	492
64	494
64	498
64	500
64	504
64	508
64	510
64	514
64	518
64	520
64	524
64	528
64	532
64	536
64	540
64	544
64	548
64	554
64	560
64	566
64	574
64	584
64	596
65	76
65	88
65	98
65	108
65	118
65	128
65	138
65	148
65	158
65	166
65	174
65	182
65	190
65	196
65	202
65	208
65	212
65	218
65	222
65	228
65	232
65	236
65	240
65	244
65	248
65	252
65	256
65	260
65	262
65	266
65	270
65	274
65	276
65	280
65	284
65	286
65	290
65	292
65	296
65	300
65	302
65	306
65	308
65	312
65	314
65	318
65	320
65	322
65	326
65	328
65	332
65	334
65	336
65	340
65	342
65	344
65	346
65	350
65	352
65	354
65	356
65	360
65	362
65	364
65	366
65	368
65	372
65	374
65	376
65	378
65	380
65	382
65	384
65	388
65	390
65	392
65	394
65	396
65	398
65	400
65	402
65	404
65	408
65	412
65	414
65	416
65	418
65	420
65	422
65	424
65	426
65	428
65	430
65	432
65	434
65	436
65	438
65	440
65	442
65	444
65	446
65	448
65	450
65	452
65	454
65	456
65	458
65	460
65	462
65	464
65	466
65	468
65	470
65	472
65	474
65	478
65	482
65	484
65	486
65	488
65	490
65	492
65	496
65	498
65	500
65	502
65	506
65	508
65	510
65	514
65	516
65	518
65	522
65	524
65	528
65	532
65	534
65	538
65	542
65	548
65	552
65	558
65	564
65	570
65	578
65	588
66	238
66	248
66	256
66	264
66	272
66	278
66	284
66	288
66	294
66	298
66	302
66	308
66	312
66	316
66	320
66	324
66	326
66	330
66	334
66	338
66	340
66	344
66	348
66	350
66	354
66	356
66	360
66	362
66	366
66	368
66	372
66	374
66	378
66	380
66	382
66	386
66	388
66	390
66	394
66	396
66	398
66	402
66	404
66	406
66	410
66	412
66	414
66	418
66	420
66	422
66	426
66	428
66	430
66	434
66	436
66	438
66	442
66	444
66	448
66	450
66	454
66	456
66	460
66	464
66	466
66	470
66	474
66	478
66	482
66	486
66	492
66	496
66	502
66	508
66	514
66	520
66	526
66	534
66	542
66	552
66	562
66	572
67	72
67	82
67	94
67	104
67	114
67	124
67	134
67	144
67	154
67	164
67	174
67	186
67	496
67	508
67	520
67	530
67	538
67	546
67	554
67	562
67	570
67	580
67	588
67	598
68	52
68	62
68	72
68	80
68	86
68	92
68	98
68	104
68	110
68	116
68	120
68	126
68	130
68	136
68	140
68	146
68	150
68	156
68	160
68	166
68	170
68	176
68	180
68	186
68	192
68	198
68	204
68	210
68	216
68	222
68	230
68	236
68	244
68	252
68	260
68	268
68	276
68	286
68	294
68	304
68	314
68	324
68	334
68	344
68	354
68	364
68	372
68	382
68	390
68	400
68	408
68	418
68	426
68	436
68	444
68	452
68	460
68	468
68	474
68	482
68	488
68	496
68	502
68	508
68	514
68	520
68	526
68	532
68	538
68	542
68	548
68	552
68	558
68	562
68	568
68	572
68	578
68	584
68	590
68	598
68	606
68	614
68	624
69	46
69	56
69	64
69	70
69	76
69	82
69	86
69	90
69	94
69	98
69	102
69	106
69	110
69	114
69	118
69	120
69	124
69	128
69	132
69	134
69	138
69	142
69	144
69	148
69	152
69	154
69	158
69	160
69	164
69	166
69	170
69	172
69	176
69	180
69	182
69	186
69	190
69	192
69	196
69	200
69	204
69	206
69	210
69	214
69	218
69	220
69	224
69	228
69	232
69	236
69	238
69	242
69	246
69	250
69	254
69	258
69	262
69	266
69	270
69	276
69	280
69	284
69	288
69	294
69	298
69	302
69	308
69	312
69	318
69	322
69	328
69	332
69	338
69	342
69	348
69	352
69	358
69	362
69	368
69	372
69	378
69	382
69	388
69	392
69	398
69	402
69	408
69	412
69	416
69	420
69	426
69	430
69	434
69	438
69	444
69	448
69	452
69	456
69	460
69	464
69	468
69	472
69	476
69	480
69	484
69	488
69	492
69	494
69	498
69	502
69	506
69	508
69	512
69	516
69	520
69	522
69	526
69	530
69	534
69	538
69	540
69	546
69	548
69	554
69	558
69	562
69	568
69	572
69	578
69	584
69	592
69	600
69	608
70	42
70	52
70	62
70	70
70	76
70	84
70	90
70	96
70	102
70	106
70	112
70	118
70	122
70	128
70	132
70	138
70	142
70	148
70	152
70	158
70	162
70	168
70	172
70	178
70	182
70	186
70	190
70	196
70	200
70	204
70	208
70	212
70	216
70	220
70	224
70	228
70	232
70	234
70	238
70	242
70	246
70	250
70	252
70	256
70	260
70	264
70	266
70	270
70	274
70	278
70	280
70	284
70	288
70	292
70	294
70	298
70	302
70	306
70	308
70	312
70	316
70	320
70	322
70	326
70	330
70	334
70	336
70	340
70	344
70	348
70	350
70	354
70	358
70	362
70	364
70	368
70	372
70	376
70	378
70	382
70	386
70	390
70	392
70	396
70	400
70	402
70	406
70	410
70	412
70	416
70	420
70	422
70	426
70	430
70	432
70	436
70	440
70	442
70	446
70	450
70	452
70	456
70	458
70	462
70	464
70	468
70	472
70	474
70	478
70	480
70	484
70	486
70	490
70	492
70	496
70	498
70	502
70	504
70	508
70	510
70	514
70	518
70	520
70	524
70	528
70	532
70	536
70	540
70	544
70	548
70	554
70	560
70	568
70	574
70	582
70	592
71	250
71	260
71	270
71	280
71	288
71	296
71	304
71	312
71	320
71	326
71	334
71	340
71	348
71	354
71	362
71	368
71	376
71	382
71	390
71	396
71	404
71	410
71	418
71	424
71	432
71	438
71	446
71	452
71	460
71	468
71	476
71	484
71	494
71	502
71	512
71	522
71	534
72	50
72	64
72	570
72	580
72	590
72	600
72	610
72	622
73	48
73	58
73	68
73	78
73	86
73	96
73	104
73	114
73	122
73	130
73	140
73	148
73	158
73	166
73	176
73	186
73	196
73	206
73	522
73	532
73	542
73	550
73	558
73	564
73	572
73	578
73	584
73	590
73	594
73	600
73	606
73	610
73	616
73	622
73	628
73	636
73	644
73	652
73	664
74	58
74	68
74	76
74	84
74	90
74	98
74	104
74	110
74	116
74	122
74	126
74	132
74	138
74	142
74	148
74	152
74	158
74	162
74	168
74	174
74	178
74	184
74	190
74	196
74	202
74	208
74	214
74	220
74	228
74	234
74	242
74	250
74	258
74	266
74	274
74	284
74	292
74	302
74	312
74	322
74	332
74	342
74	352
74	362
74	372
74	382
74	390
74	400
74	408
74	418
74	426
74	436
74	444
74	454
74	462
74	472
74	480
74	488
74	496
74	504
74	512
74	518
74	526
74	532
74	538
74	544
74	550
74	556
74	562
74	566
74	572
74	576
74	582
74	586
74	590
74	594
74	600
74	604
74	608
74	612
74	616
74	622
74	626
74	632
74	638
74	644
74	650
74	658
74	668
75	62
75	72
75	82
75	90
75	98
75	104
75	112
75	118
75	124
75	130
75	136
75	142
75	148
75	154
75	160
75	166
75	172
75	178
75	184
75	190
75	196
75	202
75	208
75	214
75	220
75	228
75	234
75	242
75	248
75	256
75	262
75	270
75	278
75	286
75	294
75	302
75	310
75	318
75	326
75	334
75	342
75	350
75	358
75	366
75	374
75	382
75	390
75	398
75	406
75	414
75	422
75	430
75	438
75	446
75	454
75	460
75	468
75	474
75	482
75	488
75	496
75	502
75	510
75	516
75	524
75	530
75	538
75	546
75	554
75	562
75	570
75	578
75	586
75	594
75	602
75	610
75	620
75	629
-1	-1
