-1	-1
14	278
14	289
14	299
14	310
14	323
15	221
15	233
15	245
15	256
15	267
15	277
15	286
15	294
15	302
15	310
15	319
15	329
15	341
16	181
16	192
16	203
16	213
16	223
16	232
16	241
16	250
16	259
16	268
16	276
16	284
16	292
16	299
16	307
16	315
16	324
16	334
16	346
17	168
17	179
17	189
17	198
17	206
17	214
17	221
17	228
17	235
17	242
17	249
17	256
17	263
17	270
17	277
17	284
17	292
17	300
17	308
17	317
17	328
18	158
18	168
18	177
18	185
18	192
18	199
18	205
18	211
18	217
18	222
18	227
18	232
18	237
18	242
18	247
18	252
18	258
18	263
18	269
18	274
18	280
18	286
18	292
18	298
18	305
18	313
18	322
18	332
19	151
19	161
19	169
19	175
19	181
19	186
19	191
19	196
19	201
19	205
19	210
19	214
19	219
19	223
19	227
19	231
19	235
19	239
19	243
19	247
19	252
19	256
19	261
19	265
19	270
19	274
19	279
19	284
19	289
19	294
19	299
19	305
19	311
19	318
19	326
19	335
19	346
20	151
20	160
20	167
20	173
20	178
20	183
20	187
20	192
20	195
20	200
20	203
20	207
20	211
20	214
20	218
20	221
20	225
20	228
20	232
20	235
20	239
20	242
20	246
20	249
20	253
20	256
20	260
20	264
20	267
20	271
20	275
20	279
20	283
20	287
20	291
20	296
20	300
20	305
20	310
20	316
20	322
20	329
20	337
20	347
21	157
21	166
21	173
21	179
21	184
21	189
21	194
21	198
21	203
21	207
21	211
21	215
21	219
21	223
21	227
21	231
21	235
21	239
21	243
21	247
21	251
21	255
21	259
21	264
21	268
21	273
21	278
21	283
21	288
21	294
21	299
21	305
21	312
21	319
21	327
21	336
22	159
22	169
22	177
22	184
22	191
22	197
22	203
22	209
22	214
22	220
22	225
22	230
22	235
22	240
22	245
22	251
22	256
22	262
22	268
22	274
22	280
22	286
22	293
22	300
22	308
22	316
22	325
22	336
23	168
23	178
23	187
23	195
23	203
23	211
23	218
23	225
23	232
23	239
23	246
23	253
23	260
23	267
23	274
23	281
23	288
23	295
23	303
23	311
23	320
23	329
23	340
24	172
24	183
24	193
24	202
24	211
24	220
24	228
24	236
24	244
24	251
24	258
24	265
24	272
24	279
24	286
24	293
24	300
24	307
24	314
24	321
24	329
24	337
24	346
24	357
25	171
25	182
25	192
25	201
25	209
25	217
25	224
25	231
25	238
25	244
25	250
25	256
25	262
25	268
25	274
25	280
25	285
25	290
25	295
25	300
25	305
25	310
25	315
25	320
25	326
25	332
25	338
25	345
25	353
25	362
25	373
26	161
26	172
26	181
26	190
26	198
26	205
26	212
26	219
26	225
26	231
26	236
26	241
26	246
26	251
26	255
26	260
26	264
26	269
26	273
26	278
26	282
26	286
26	290
26	294
26	298
26	302
26	306
26	310
26	314
26	318
26	323
26	327
26	332
26	337
26	343
26	349
26	356
26	364
26	374
27	152
27	162
27	170
27	177
27	184
27	190
27	196
27	201
27	206
27	211
27	216
27	220
27	224
27	228
27	232
27	236
27	240
27	243
27	247
27	251
27	254
27	258
27	261
27	265
27	268
27	272
27	275
27	279
27	282
27	286
27	289
27	293
27	297
27	301
27	305
27	309
27	313
27	318
27	322
27	327
27	332
27	338
27	345
27	353
27	362
27	374
28	147
28	155
28	162
28	168
28	173
28	178
28	182
28	187
28	191
28	195
28	199
28	202
28	206
28	209
28	212
28	216
28	219
28	222
28	225
28	228
28	231
28	234
28	237
28	240
28	243
28	246
28	249
28	252
28	255
28	258
28	261
28	265
28	268
28	272
28	275
28	279
28	283
28	287
28	291
28	295
28	299
28	304
28	308
28	313
28	318
28	324
28	330
28	337
28	345
28	354
29	147
29	155
29	161
29	166
29	171
29	175
29	180
29	183
29	187
29	191
29	194
29	197
29	201
29	203
29	207
29	210
29	213
29	216
29	219
29	222
29	225
29	228
29	231
29	234
29	237
29	240
29	243
29	246
29	249
29	253
29	256
29	259
29	263
29	266
29	270
29	274
29	278
29	282
29	286
29	291
29	295
29	300
29	305
29	310
29	316
29	322
29	329
29	336
29	345
29	355
30	147
30	155
30	162
30	168
30	173
30	178
30	182
30	186
30	191
30	194
30	198
30	202
30	206
30	209
30	213
30	217
30	220
30	224
30	228
30	232
30	236
30	240
30	244
30	248
30	253
30	257
30	262
30	267
30	272
30	277
30	282
30	287
30	293
30	298
30	304
30	310
30	316
30	323
30	330
30	338
30	347
31	150
31	159
31	167
31	174
31	180
31	186
31	192
31	197
31	203
31	208
31	214
31	219
31	225
31	231
31	237
31	243
31	249
31	255
31	261
31	267
31	273
31	279
31	285
31	291
31	297
31	302
31	308
31	314
31	320
31	326
31	333
31	341
31	350
31	360
32	167
32	178
32	188
32	197
32	206
32	215
32	223
32	231
32	239
32	247
32	255
32	262
32	269
32	275
32	281
32	286
32	291
32	295
32	300
32	304
32	309
32	313
32	318
32	323
32	328
32	333
32	338
32	344
32	351
32	358
32	367
32	378
33	179
33	190
33	200
33	210
33	219
33	228
33	236
33	243
33	250
33	256
33	262
33	267
33	272
33	276
33	281
33	284
33	288
33	292
33	295
33	299
33	302
33	306
33	309
33	313
33	317
33	321
33	325
33	329
33	334
33	338
33	343
33	348
33	354
33	360
33	367
33	375
33	385
34	180
34	191
34	202
34	212
34	221
34	229
34	236
34	242
34	248
34	253
34	257
34	262
34	265
34	269
34	272
34	276
34	279
34	282
34	285
34	288
34	291
34	294
34	297
34	300
34	304
34	307
34	311
34	314
34	318
34	322
34	326
34	330
34	335
34	339
34	345
34	350
34	356
34	363
34	371
34	380
35	181
35	192
35	202
35	211
35	219
35	226
35	232
35	238
35	243
35	248
35	252
35	256
35	260
35	263
35	267
35	270
35	274
35	277
35	281
35	284
35	288
35	291
35	295
35	299
35	303
35	307
35	311
35	316
35	321
35	326
35	332
35	338
35	344
35	351
35	359
35	368
36	169
36	180
36	189
36	198
36	206
36	213
36	219
36	224
36	229
36	233
36	238
36	241
36	245
36	249
36	252
36	256
36	259
36	263
36	266
36	270
36	274
36	277
36	281
36	285
36	289
36	294
36	298
36	303
36	308
36	314
36	320
36	327
36	335
36	343
36	352
36	363
37	158
37	168
37	177
37	184
37	191
37	197
37	203
37	208
37	212
37	217
37	221
37	224
37	228
37	231
37	234
37	238
37	241
37	244
37	247
37	250
37	253
37	256
37	259
37	263
37	266
37	270
37	274
37	277
37	282
37	286
37	290
37	295
37	300
37	306
37	312
37	319
37	327
37	336
37	346
37	357
38	150
38	159
38	166
38	172
38	178
38	183
38	188
38	192
38	196
38	200
38	203
38	207
38	210
38	213
38	216
38	219
38	222
38	224
38	227
38	230
38	232
38	235
38	238
38	240
38	243
38	246
38	249
38	252
38	255
38	258
38	261
38	265
38	268
38	272
38	276
38	280
38	285
38	289
38	295
38	300
38	306
38	313
38	321
38	330
38	340
38	355
39	148
39	156
39	162
39	167
39	172
39	175
39	180
39	182
39	186
39	189
39	192
39	194
39	198
39	200
39	203
39	205
39	208
39	210
39	213
39	215
39	218
39	220
39	222
39	225
39	227
39	230
39	232
39	235
39	237
39	240
39	243
39	245
39	248
39	251
39	254
39	257
39	260
39	264
39	267
39	271
39	275
39	279
39	284
39	289
39	295
39	301
39	308
39	316
39	325
39	336
40	149
40	157
40	163
40	168
40	172
40	176
40	180
40	183
40	187
40	190
40	193
40	196
40	199
40	202
40	204
40	207
40	210
40	212
40	215
40	218
40	220
40	224
40	226
40	229
40	232
40	235
40	238
40	241
40	245
40	248
40	252
40	256
40	260
40	265
40	269
40	275
40	280
40	286
40	293
40	301
40	310
40	321
41	151
41	160
41	166
41	172
41	176
41	181
41	184
41	189
41	192
41	196
41	200
41	203
41	207
41	210
41	214
41	218
41	221
41	226
41	229
41	234
41	238
41	243
41	248
41	253
41	258
41	264
41	270
41	277
41	285
41	294
41	305
42	153
42	162
42	169
42	174
42	180
42	184
42	189
42	193
42	198
42	202
42	207
42	211
42	216
42	220
42	225
42	230
42	235
42	240
42	246
42	252
42	258
42	265
42	273
42	282
42	292
43	159
43	169
43	177
43	184
43	191
43	198
43	204
43	211
43	217
43	224
43	231
43	238
43	246
43	254
43	263
43	273
44	172
44	183
44	193
44	202
44	211
44	220
44	229
44	239
44	249
44	261
45	176
45	187
45	197
45	206
45	215
45	224
45	233
45	243
45	254
46	179
46	190
46	200
46	210
46	220
46	230
46	240
46	252
47	188
47	199
47	210
47	221
47	232
47	245
48	200
48	212
48	224
49	192
49	204
49	216
50	190
50	202
50	214
51	192
51	204
51	216
58	196
58	208
58	219
58	231
59	198
59	210
59	221
59	232
59	245
60	181
60	192
60	202
60	212
60	222
60	232
60	243
60	256
61	162
61	172
61	180
61	188
61	195
61	202
61	209
61	216
61	223
61	230
61	237
61	245
61	253
61	261
61	270
61	280
62	157
62	165
62	171
62	176
62	181
62	185
62	190
62	194
62	198
62	202
62	206
62	210
62	214
62	218
62	222
62	227
62	231
62	236
62	241
62	246
62	251
62	257
62	263
62	269
62	276
62	284
62	293
62	303
63	153
63	161
63	167
63	172
63	175
63	180
63	182
63	186
63	189
63	192
63	195
63	198
63	201
63	203
63	206
63	209
63	211
63	214
63	217
63	219
63	222
63	225
63	228
63	230
63	234
63	236
63	240
63	243
63	246
63	250
63	253
63	257
63	261
63	265
63	269
63	274
63	279
63	285
63	291
63	298
63	306
63	315
63	326
64	157
64	166
64	172
64	177
64	182
64	184
64	189
64	192
64	194
64	198
64	200
64	202
64	205
64	207
64	210
64	212
64	214
64	217
64	219
64	221
64	223
64	225
64	228
64	229
64	232
64	234
64	236
64	238
64	241
64	243
64	245
64	247
64	250
64	252
64	255
64	257
64	260
64	263
64	265
64	268
64	271
64	274
64	277
64	280
64	284
64	287
64	291
64	295
64	299
64	304
64	309
64	315
64	321
64	328
64	337
64	348
65	157
65	165
65	172
65	179
65	184
65	189
65	193
65	197
65	201
65	203
65	207
65	210
65	212
65	215
65	218
65	220
65	222
65	224
65	227
65	229
65	231
65	233
65	235
65	237
65	239
65	241
65	243
65	245
65	247
65	249
65	251
65	253
65	255
65	257
65	259
65	262
65	264
65	266
65	268
65	271
65	273
65	276
65	278
65	281
65	284
65	286
65	289
65	293
65	295
65	299
65	302
65	306
65	309
65	314
65	318
65	323
65	328
65	334
65	341
65	349
65	359
66	157
66	164
66	171
66	175
66	181
66	185
66	190
66	194
66	198
66	202
66	206
66	210
66	214
66	218
66	221
66	225
66	228
66	232
66	234
66	238
66	241
66	244
66	247
66	250
66	253
66	256
66	259
66	262
66	265
66	268
66	271
66	275
66	277
66	281
66	284
66	288
66	291
66	295
66	298
66	302
66	306
66	310
66	315
66	319
66	324
66	329
66	335
66	342
66	350
66	359
67	163
67	172
67	179
67	185
67	191
67	195
67	200
67	204
67	209
67	213
67	217
67	221
67	225
67	229
67	233
67	237
67	241
67	244
67	248
67	251
67	255
67	258
67	262
67	264
67	268
67	271
67	274
67	277
67	280
67	283
67	286
67	289
67	292
67	295
67	298
67	301
67	305
67	308
67	312
67	316
67	319
67	324
67	328
67	333
67	338
67	344
67	351
67	359
67	369
68	181
68	191
68	200
68	208
68	215
68	221
68	226
68	231
68	235
68	240
68	243
68	247
68	251
68	253
68	257
68	260
68	263
68	266
68	269
68	272
68	275
68	278
68	281
68	283
68	286
68	289
68	291
68	294
68	297
68	299
68	303
68	305
68	308
68	311
68	315
68	318
68	322
68	326
68	330
68	335
68	340
68	346
68	352
68	359
68	368
69	169
69	179
69	188
69	197
69	206
69	214
69	222
69	230
69	237
69	244
69	250
69	256
69	261
69	266
69	271
69	276
69	280
69	284
69	288
69	292
69	296
69	300
69	304
69	308
69	313
69	317
69	322
69	327
69	333
69	339
69	346
69	355
69	366
70	179
70	189
70	198
70	207
70	215
70	223
70	231
70	239
70	247
70	255
70	262
70	269
70	275
70	281
70	287
70	292
70	298
70	303
70	309
70	315
70	321
70	328
70	336
70	345
70	355
71	226
71	238
71	249
71	259
71	268
71	277
71	285
71	293
71	301
71	309
71	317
71	326
71	336
72	172
72	183
72	193
72	202
72	211
72	220
72	229
72	239
72	249
72	260
72	270
72	280
72	289
72	298
72	307
72	316
72	327
73	168
73	178
73	186
73	193
73	200
73	206
73	212
73	218
73	224
73	230
73	236
73	242
73	248
73	254
73	260
73	266
73	272
73	278
73	284
73	290
73	297
73	304
73	312
73	320
73	330
74	201
74	212
74	221
74	229
74	237
74	244
74	251
74	258
74	265
74	272
74	279
74	287
74	295
74	303
74	312
74	321
74	331
75	311
75	322
75	333
76	186
76	197
76	208
76	219
76	231
76	292
76	303
76	314
76	325
-1	-1
