-1	-1
11	216
11	228
11	239
11	250
11	261
11	272
11	283
11	294
11	305
11	316
12	181
12	192
12	203
12	213
12	223
12	232
12	241
12	250
12	259
12	268
12	277
12	286
12	295
12	304
12	313
12	322
12	332
12	344
13	176
13	186
13	195
13	204
13	213
13	221
13	229
13	237
13	245
13	253
13	261
13	269
13	276
13	283
13	290
13	297
13	305
13	313
13	321
13	330
13	340
14	172
14	182
14	191
14	199
14	207
14	215
14	223
14	230
14	237
14	244
14	251
14	258
14	265
14	272
14	280
14	288
14	296
14	304
14	312
14	321
14	331
14	342
15	172
15	182
15	191
15	199
15	206
15	213
15	220
15	227
15	233
15	240
15	246
15	253
15	259
15	266
15	273
15	280
15	287
15	294
15	301
15	309
15	317
15	325
15	334
15	344
15	355
16	173
16	183
16	192
16	200
16	207
16	214
16	221
16	228
16	234
16	241
16	247
16	253
16	259
16	265
16	271
16	277
16	283
16	289
16	295
16	301
16	307
16	313
16	319
16	326
16	333
16	340
16	347
16	355
16	364
16	374
16	385
17	161
17	171
17	179
17	186
17	192
17	198
17	203
17	208
17	213
17	218
17	222
17	227
17	231
17	236
17	240
17	244
17	248
17	252
17	256
17	260
17	264
17	268
17	272
17	276
17	280
17	284
17	288
17	292
17	296
17	300
17	304
17	308
17	313
17	317
17	322
17	326
17	331
17	335
17	340
17	345
17	350
17	356
17	361
17	367
17	374
17	381
17	389
17	397
17	406
17	416
17	427
18	158
18	167
18	174
18	180
18	185
18	190
18	194
18	199
18	203
18	207
18	211
18	215
18	219
18	222
18	226
18	230
18	233
18	237
18	240
18	244
18	247
18	251
18	254
18	258
18	261
18	264
18	268
18	271
18	274
18	277
18	281
18	283
18	287
18	290
18	293
18	296
18	299
18	302
18	306
18	308
18	312
18	315
18	318
18	322
18	325
18	328
18	332
18	335
18	339
18	342
18	346
18	349
18	354
18	357
18	362
18	366
18	371
18	376
18	382
18	388
18	395
18	402
18	410
18	419
18	429
19	160
19	169
19	176
19	182
19	187
19	192
19	197
19	201
19	205
19	209
19	213
19	217
19	221
19	224
19	228
19	232
19	235
19	239
19	242
19	246
19	249
19	253
19	256
19	260
19	263
19	267
19	270
19	273
19	277
19	280
19	283
19	287
19	290
19	293
19	297
19	300
19	303
19	307
19	310
19	313
19	317
19	320
19	324
19	327
19	331
19	334
19	338
19	341
19	345
19	349
19	353
19	357
19	362
19	367
19	372
19	377
19	383
19	389
19	396
19	404
19	413
19	424
20	170
20	180
20	189
20	196
20	203
20	210
20	216
20	222
20	228
20	234
20	240
20	245
20	251
20	256
20	262
20	267
20	273
20	278
20	284
20	289
20	295
20	300
20	305
20	310
20	315
20	321
20	326
20	332
20	337
20	343
20	349
20	356
20	363
20	371
20	379
20	388
20	399
21	187
21	198
21	208
21	217
21	226
21	235
21	243
21	251
21	259
21	267
21	275
21	283
21	291
21	299
21	307
21	315
21	323
21	331
21	339
21	348
21	358
21	368
22	200
22	211
22	222
22	232
22	242
22	252
22	262
22	271
22	280
22	289
22	298
22	307
22	316
22	325
22	334
22	343
22	352
22	362
22	373
23	206
23	217
23	227
23	237
23	246
23	255
23	264
23	273
23	281
23	289
23	297
23	305
23	313
23	320
23	327
23	334
23	341
23	349
23	357
23	365
23	374
23	383
23	393
23	404
24	181
24	192
24	202
24	211
24	219
24	227
24	234
24	241
24	248
24	255
24	262
24	269
24	275
24	281
24	287
24	293
24	299
24	305
24	311
24	316
24	322
24	327
24	333
24	338
24	344
24	350
24	356
24	362
24	368
24	375
24	382
24	390
24	398
24	407
24	417
24	428
25	171
25	181
25	190
25	198
25	205
25	212
25	218
25	224
25	230
25	235
25	241
25	246
25	251
25	256
25	261
25	265
25	270
25	274
25	279
25	283
25	287
25	291
25	295
25	299
25	303
25	307
25	310
25	314
25	318
25	321
25	325
25	328
25	332
25	335
25	339
25	343
25	346
25	350
25	354
25	358
25	362
25	366
25	371
25	375
25	380
25	385
25	390
25	396
25	402
25	408
25	415
25	423
25	432
25	442
26	160
26	170
26	178
26	184
26	190
26	195
26	200
26	205
26	210
26	214
26	219
26	222
26	227
26	230
26	234
26	238
26	241
26	245
26	248
26	252
26	255
26	258
26	261
26	264
26	267
26	270
26	273
26	276
26	279
26	282
26	284
26	288
26	290
26	293
26	296
26	298
26	301
26	304
26	306
26	309
26	312
26	314
26	317
26	320
26	323
26	325
26	328
26	331
26	334
26	337
26	340
26	343
26	346
26	349
26	353
26	356
26	359
26	363
26	366
26	370
26	373
26	377
26	381
26	385
26	389
26	394
26	398
26	403
26	408
26	414
26	420
26	427
26	435
26	444
26	454
27	152
27	161
27	168
27	173
27	179
27	183
27	188
27	192
27	196
27	200
27	203
27	207
27	210
27	213
27	216
27	220
27	222
27	226
27	228
27	232
27	234
27	237
27	240
27	243
27	245
27	248
27	251
27	253
27	256
27	259
27	261
27	264
27	267
27	269
27	272
27	275
27	277
27	280
27	283
27	285
27	288
27	291
27	293
27	296
27	299
27	301
27	304
27	307
27	309
27	313
27	315
27	318
27	321
27	324
27	327
27	330
27	333
27	336
27	339
27	343
27	346
27	350
27	354
27	357
27	361
27	365
27	369
27	374
27	378
27	383
27	388
27	393
27	398
27	404
27	410
27	417
27	424
27	432
27	441
27	451
27	464
28	151
28	160
28	166
28	172
28	176
28	181
28	184
28	188
28	192
28	194
28	198
28	201
28	204
28	207
28	210
28	213
28	216
28	219
28	222
28	224
28	227
28	230
28	233
28	235
28	238
28	241
28	244
28	246
28	249
28	252
28	255
28	257
28	261
28	263
28	266
28	269
28	272
28	275
28	278
28	281
28	284
28	287
28	290
28	294
28	297
28	301
28	304
28	308
28	311
28	315
28	319
28	323
28	327
28	331
28	335
28	339
28	344
28	348
28	353
28	358
28	363
28	368
28	373
28	379
28	385
28	391
28	397
28	404
28	411
28	418
28	426
28	434
28	443
28	453
28	464
29	157
29	165
29	172
29	177
29	182
29	187
29	191
29	196
29	200
29	204
29	208
29	212
29	215
29	219
29	222
29	226
29	229
29	233
29	236
29	240
29	243
29	247
29	250
29	254
29	257
29	261
29	264
29	268
29	272
29	275
29	279
29	283
29	287
29	291
29	295
29	299
29	303
29	307
29	311
29	316
29	320
29	325
29	329
29	334
29	338
29	343
29	347
29	352
29	357
29	362
29	367
29	372
29	378
29	383
29	389
29	395
29	401
29	408
29	415
29	422
29	429
29	437
29	445
29	454
29	464
30	162
30	172
30	180
30	187
30	194
30	200
30	206
30	212
30	218
30	223
30	229
30	234
30	239
30	244
30	249
30	255
30	260
30	266
30	272
30	278
30	284
30	290
30	296
30	302
30	308
30	314
30	320
30	326
30	332
30	337
30	342
30	347
30	352
30	357
30	362
30	367
30	372
30	377
30	383
30	388
30	394
30	399
30	405
30	411
30	417
30	424
30	431
30	438
30	446
30	455
30	465
31	177
31	187
31	196
31	204
31	212
31	219
31	226
31	233
31	240
31	247
31	254
31	261
31	268
31	275
31	282
31	289
31	295
31	301
31	307
31	313
31	318
31	323
31	328
31	333
31	338
31	343
31	347
31	352
31	356
31	361
31	366
31	371
31	376
31	381
31	386
31	391
31	396
31	401
31	407
31	412
31	418
31	424
31	431
31	438
31	445
31	453
31	462
31	473
32	182
32	193
32	203
32	212
32	221
32	229
32	237
32	244
32	251
32	258
32	264
32	270
32	276
32	282
32	288
32	293
32	299
32	303
32	308
32	312
32	317
32	321
32	325
32	329
32	333
32	337
32	341
32	345
32	349
32	353
32	357
32	361
32	365
32	369
32	374
32	378
32	383
32	387
32	392
32	397
32	402
32	408
32	414
32	420
32	427
32	434
32	442
32	451
32	461
33	182
33	193
33	203
33	212
33	221
33	229
33	236
33	243
33	249
33	255
33	261
33	265
33	270
33	274
33	279
33	283
33	287
33	291
33	295
33	299
33	302
33	306
33	309
33	313
33	316
33	319
33	322
33	325
33	328
33	331
33	334
33	337
33	340
33	343
33	346
33	349
33	353
33	356
33	359
33	363
33	366
33	370
33	374
33	378
33	382
33	387
33	391
33	396
33	401
33	406
33	412
33	418
33	425
33	432
33	440
33	449
33	460
34	177
34	187
34	196
34	204
34	211
34	218
34	224
34	230
34	235
34	240
34	244
34	249
34	253
34	257
34	261
34	263
34	267
34	270
34	273
34	276
34	279
34	282
34	284
34	287
34	290
34	292
34	295
34	297
34	300
34	302
34	305
34	307
34	310
34	312
34	315
34	317
34	320
34	322
34	325
34	327
34	330
34	332
34	335
34	337
34	340
34	343
34	345
34	348
34	351
34	354
34	357
34	360
34	364
34	367
34	371
34	375
34	379
34	384
34	388
34	393
34	398
34	404
34	410
34	416
34	423
34	430
34	438
34	447
34	457
35	167
35	177
35	185
35	192
35	199
35	204
35	210
35	214
35	219
35	223
35	227
35	231
35	234
35	238
35	241
35	244
35	247
35	250
35	253
35	256
35	259
35	261
35	264
35	266
35	269
35	271
35	273
35	276
35	278
35	280
35	282
35	284
35	287
35	288
35	291
35	293
35	295
35	297
35	299
35	301
35	303
35	305
35	307
35	309
35	311
35	314
35	315
35	318
35	320
35	322
35	325
35	327
35	329
35	332
35	334
35	337
35	339
35	342
35	345
35	347
35	351
35	354
35	357
35	361
35	365
35	368
35	373
35	377
35	382
35	387
35	393
35	399
35	406
35	414
35	422
35	430
35	439
35	448
35	458
36	158
36	167
36	174
36	180
36	185
36	190
36	194
36	199
36	202
36	206
36	210
36	213
36	217
36	220
36	223
36	226
36	230
36	232
36	235
36	238
36	241
36	243
36	246
36	249
36	251
36	253
36	256
36	258
36	261
36	263
36	265
36	268
36	270
36	273
36	275
36	277
36	280
36	282
36	285
36	287
36	290
36	292
36	295
36	297
36	300
36	303
36	305
36	308
36	311
36	314
36	317
36	320
36	324
36	327
36	331
36	335
36	339
36	343
36	348
36	353
36	358
36	364
36	371
36	379
36	388
36	398
36	409
36	420
36	431
36	442
36	453
37	152
37	161
37	168
37	173
37	178
37	182
37	186
37	190
37	193
37	196
37	200
37	202
37	205
37	208
37	211
37	213
37	216
37	219
37	221
37	224
37	226
37	229
37	231
37	234
37	236
37	239
37	241
37	244
37	246
37	249
37	251
37	254
37	256
37	259
37	261
37	264
37	266
37	269
37	272
37	274
37	277
37	280
37	283
37	286
37	289
37	292
37	296
37	299
37	303
37	306
37	310
37	314
37	318
37	323
37	328
37	333
37	339
37	346
37	353
37	361
37	371
38	152
38	161
38	167
38	172
38	176
38	181
38	183
38	188
38	191
38	193
38	197
38	199
38	202
38	204
38	207
38	210
38	212
38	214
38	217
38	219
38	222
38	224
38	227
38	229
38	232
38	234
38	237
38	239
38	242
38	244
38	247
38	249
38	252
38	255
38	257
38	260
38	264
38	266
38	269
38	273
38	276
38	279
38	284
38	287
38	292
38	296
38	301
38	306
38	311
38	317
38	323
38	330
38	337
38	345
38	354
38	365
39	153
39	161
39	167
39	172
39	177
39	181
39	185
39	189
39	193
39	196
39	200
39	203
39	207
39	210
39	213
39	216
39	219
39	222
39	225
39	228
39	231
39	234
39	237
39	240
39	243
39	246
39	249
39	252
39	256
39	259
39	263
39	266
39	270
39	274
39	278
39	282
39	286
39	291
39	296
39	301
39	306
39	312
39	318
39	325
39	332
39	340
39	349
39	360
40	157
40	165
40	172
40	178
40	183
40	188
40	192
40	197
40	201
40	205
40	209
40	213
40	217
40	221
40	225
40	229
40	233
40	237
40	241
40	245
40	249
40	254
40	258
40	263
40	268
40	273
40	278
40	284
40	289
40	295
40	301
40	308
40	315
40	323
40	332
40	342
41	160
41	169
41	176
41	183
41	189
41	195
41	201
41	206
41	212
41	217
41	223
41	228
41	234
41	240
41	246
41	252
41	258
41	265
41	272
41	280
41	289
41	298
41	308
41	320
42	170
42	180
42	189
42	197
42	204
42	211
42	218
42	224
42	230
42	236
42	243
42	250
42	257
42	264
42	272
42	280
42	289
42	299
42	310
43	176
43	187
43	196
43	205
43	213
43	220
43	227
43	234
43	241
43	248
43	255
43	262
43	270
43	278
43	286
43	295
43	305
43	316
44	187
44	198
44	208
44	218
44	227
44	236
44	245
44	254
44	264
44	274
44	284
44	295
45	191
45	202
45	213
45	224
45	234
45	244
45	255
45	267
46	200
46	211
46	222
46	233
46	244
46	256
47	206
47	217
47	227
47	237
47	248
47	259
47	271
48	200
48	212
48	223
48	234
48	245
48	256
48	267
49	226
49	237
49	248
49	259
53	226
53	237
53	248
53	259
53	271
54	199
54	210
54	220
54	229
54	238
54	246
54	254
54	262
54	271
54	280
54	290
55	186
55	197
55	206
55	215
55	223
55	231
55	239
55	247
55	255
55	264
55	273
55	283
55	294
56	187
56	197
56	206
56	213
56	220
56	227
56	234
56	241
56	248
56	255
56	262
56	270
56	278
56	287
56	297
56	309
57	180
57	191
57	200
57	208
57	215
57	222
57	229
57	236
57	243
57	250
57	257
57	264
57	271
57	279
57	287
57	296
57	305
57	315
57	326
58	170
58	180
58	188
58	195
58	202
58	208
58	215
58	222
58	229
58	236
58	244
58	252
58	260
58	269
58	278
58	288
58	298
58	309
59	167
59	177
59	184
59	191
59	197
59	203
59	208
59	214
59	219
59	225
59	231
59	237
59	243
59	249
59	256
59	263
59	271
59	279
59	288
59	299
60	161
60	170
60	178
60	184
60	190
60	196
60	201
60	206
60	211
60	216
60	221
60	226
60	231
60	237
60	242
60	248
60	254
60	260
60	266
60	273
60	280
60	288
60	297
60	307
61	158
61	166
61	172
61	177
61	182
61	186
61	191
61	194
61	198
61	202
61	205
61	209
61	212
61	216
61	219
61	223
61	226
61	230
61	233
61	237
61	240
61	244
61	248
61	252
61	256
61	260
61	265
61	269
61	274
61	279
61	285
61	291
61	297
61	304
61	312
61	321
61	332
62	153
62	162
62	169
62	173
62	178
62	182
62	185
62	189
62	192
62	195
62	198
62	201
62	203
62	206
62	209
62	211
62	213
62	216
62	218
62	221
62	223
62	225
62	228
62	230
62	232
62	235
62	237
62	239
62	242
62	244
62	246
62	249
62	251
62	254
62	256
62	259
62	261
62	264
62	267
62	269
62	273
62	275
62	279
62	282
62	286
62	289
62	293
62	297
62	301
62	306
62	311
62	317
62	323
62	330
62	337
62	346
62	356
63	158
63	167
63	174
63	181
63	186
63	191
63	195
63	200
63	203
63	207
63	211
63	213
63	217
63	220
63	223
63	226
63	229
63	232
63	234
63	237
63	240
63	242
63	245
63	248
63	250
63	253
63	256
63	258
63	261
63	264
63	267
63	269
63	273
63	275
63	278
63	282
63	285
63	288
63	292
63	295
63	299
63	303
63	307
63	311
63	316
63	321
63	326
63	332
63	338
63	345
63	353
63	362
63	373
64	164
64	173
64	181
64	188
64	195
64	202
64	208
64	214
64	220
64	226
64	232
64	238
64	243
64	249
64	254
64	260
64	265
64	271
64	276
64	282
64	287
64	293
64	298
64	304
64	310
64	316
64	322
64	328
64	335
64	342
64	350
64	359
64	368
64	379
65	168
65	177
65	184
65	191
65	197
65	202
65	207
65	212
65	217
65	221
65	226
65	230
65	234
65	238
65	242
65	245
65	249
65	252
65	256
65	259
65	263
65	266
65	270
65	273
65	277
65	280
65	284
65	287
65	291
65	294
65	298
65	301
65	305
65	308
65	312
65	316
65	319
65	324
65	327
65	332
65	336
65	340
65	345
65	349
65	355
65	360
65	366
65	372
65	378
65	385
65	393
65	402
65	413
66	179
66	189
66	198
66	205
66	211
66	217
66	222
66	226
66	231
66	234
66	238
66	241
66	244
66	248
66	251
66	253
66	257
66	259
66	262
66	264
66	267
66	270
66	272
66	274
66	277
66	279
66	282
66	284
66	286
66	289
66	291
66	293
66	296
66	298
66	300
66	303
66	305
66	307
66	310
66	312
66	314
66	317
66	319
66	321
66	324
66	326
66	329
66	331
66	334
66	337
66	339
66	342
66	345
66	348
66	351
66	355
66	358
66	362
66	365
66	369
66	373
66	377
66	382
66	386
66	391
66	397
66	403
66	410
66	418
66	428
67	208
67	219
67	228
67	235
67	242
67	248
67	253
67	258
67	262
67	266
67	270
67	273
67	277
67	280
67	283
67	286
67	289
67	292
67	294
67	297
67	300
67	302
67	305
67	307
67	310
67	312
67	315
67	317
67	320
67	322
67	325
67	328
67	330
67	334
67	336
67	339
67	342
67	345
67	348
67	351
67	355
67	358
67	362
67	365
67	369
67	373
67	377
67	382
67	386
67	391
67	397
67	403
67	410
67	418
67	428
68	200
68	212
68	223
68	234
68	245
68	256
68	266
68	275
68	283
68	291
68	299
68	306
68	313
68	320
68	327
68	333
68	339
68	345
68	351
68	357
68	363
68	369
68	375
68	382
68	389
68	397
68	406
68	416
69	189
69	200
69	210
69	220
69	230
69	240
69	250
69	260
69	270
69	280
69	289
69	298
69	307
69	315
69	323
69	330
69	337
69	343
69	349
69	355
69	362
69	369
69	376
69	384
69	392
69	400
69	409
69	419
70	179
70	190
70	200
70	210
70	220
70	230
70	240
70	250
70	261
70	272
70	283
70	294
70	304
70	314
70	323
70	331
70	339
70	347
70	355
70	363
70	371
70	379
70	387
70	395
70	403
70	411
70	420
70	430
71	167
71	176
71	184
71	191
71	198
71	205
71	211
71	217
71	223
71	229
71	235
71	242
71	248
71	255
71	262
71	269
71	276
71	284
71	292
71	300
71	308
71	316
71	324
71	332
71	340
71	347
71	353
71	359
71	365
71	371
71	377
71	384
71	391
71	398
71	405
71	412
71	420
71	428
71	438
72	167
72	175
72	182
72	188
72	193
72	199
72	203
72	208
72	212
72	217
72	221
72	225
72	229
72	233
72	237
72	241
72	245
72	249
72	253
72	257
72	261
72	265
72	269
72	273
72	277
72	281
72	286
72	290
72	295
72	299
72	304
72	308
72	313
72	318
72	322
72	327
72	331
72	336
72	340
72	344
72	348
72	352
72	356
72	360
72	365
72	369
72	374
72	378
72	384
72	389
72	395
72	401
72	408
72	416
72	426
73	180
73	191
73	200
73	208
73	215
73	221
73	227
73	232
73	237
73	242
73	246
73	251
73	255
73	259
73	263
73	267
73	271
73	275
73	279
73	283
73	287
73	291
73	295
73	299
73	303
73	307
73	311
73	315
73	319
73	323
73	327
73	331
73	335
73	339
73	343
73	347
73	351
73	356
73	360
73	365
73	370
73	376
73	382
73	388
73	395
73	403
73	412
73	424
74	377
74	388
74	399
74	410
75	176
75	186
75	194
75	202
75	210
75	217
75	224
75	231
75	239
75	247
75	255
75	263
75	272
75	282
75	292
75	303
75	315
75	328
75	340
75	351
75	361
75	370
75	378
75	385
75	392
75	399
75	406
75	413
75	421
75	430
75	440
76	176
76	185
76	193
76	200
76	206
76	212
76	217
76	223
76	228
76	233
76	238
76	243
76	248
76	253
76	258
76	264
76	269
76	275
76	281
76	287
76	293
76	299
76	305
76	312
76	319
76	326
76	333
76	340
76	347
76	354
76	361
76	368
76	375
76	382
76	389
76	396
76	404
76	412
76	421
76	432
77	198
77	209
77	218
77	227
77	235
77	243
77	251
77	259
77	267
77	275
77	283
77	291
77	300
77	309
77	318
77	327
77	336
77	345
77	355
77	366
-1	-1
