-1	-1
10	272
10	368
10	381
11	220
11	232
11	243
11	254
11	264
11	274
11	284
11	294
11	305
11	316
11	327
11	338
11	349
11	360
11	371
11	382
11	394
12	190
12	201
12	211
12	221
12	230
12	239
12	247
12	255
12	263
12	271
12	279
12	287
12	295
12	303
12	312
12	321
12	330
12	340
12	350
12	361
12	372
12	383
13	171
13	182
13	191
13	200
13	208
13	216
13	224
13	231
13	238
13	245
13	252
13	259
13	266
13	273
13	280
13	287
13	294
13	302
13	310
13	318
13	327
13	337
13	348
14	167
14	177
14	185
14	193
14	200
14	207
14	214
14	221
14	228
14	235
14	241
14	248
14	254
14	261
14	268
14	275
14	282
14	289
14	296
14	304
14	312
14	321
14	331
14	342
15	163
15	173
15	181
15	189
15	196
15	203
15	210
15	216
15	222
15	228
15	234
15	240
15	246
15	252
15	258
15	264
15	270
15	276
15	282
15	288
15	294
15	300
15	306
15	313
15	320
15	327
15	335
15	344
15	354
16	161
16	171
16	180
16	188
16	195
16	202
16	208
16	214
16	220
16	225
16	231
16	236
16	241
16	246
16	251
16	256
16	261
16	266
16	271
16	276
16	281
16	285
16	290
16	294
16	299
16	304
16	309
16	314
16	319
16	325
16	330
16	336
16	343
16	350
16	358
16	367
16	377
17	159
17	169
17	177
17	184
17	190
17	196
17	201
17	206
17	211
17	215
17	220
17	224
17	229
17	233
17	237
17	241
17	245
17	249
17	253
17	257
17	261
17	264
17	268
17	271
17	275
17	278
17	282
17	285
17	289
17	292
17	296
17	299
17	303
17	306
17	310
17	314
17	317
17	321
17	325
17	329
17	333
17	337
17	342
17	347
17	352
17	357
17	363
17	369
17	376
17	384
17	393
17	403
18	161
18	170
18	178
18	184
18	190
18	195
18	201
18	205
18	210
18	214
18	219
18	223
18	227
18	231
18	235
18	239
18	243
18	247
18	251
18	254
18	258
18	262
18	265
18	269
18	273
18	276
18	280
18	284
18	287
18	291
18	294
18	298
18	301
18	305
18	308
18	312
18	315
18	319
18	323
18	326
18	330
18	334
18	338
18	342
18	346
18	351
18	355
18	360
18	365
18	370
18	376
18	382
18	389
18	396
18	405
18	415
19	167
19	176
19	184
19	191
19	198
19	204
19	210
19	215
19	221
19	226
19	231
19	236
19	241
19	246
19	251
19	256
19	261
19	265
19	270
19	274
19	279
19	283
19	288
19	292
19	297
19	301
19	306
19	310
19	315
19	319
19	324
19	328
19	333
19	338
19	343
19	348
19	353
19	358
19	364
19	370
19	376
19	383
19	390
19	397
19	406
19	416
19	428
20	177
20	187
20	196
20	204
20	212
20	220
20	227
20	234
20	241
20	248
20	255
20	262
20	269
20	276
20	283
20	290
20	296
20	303
20	309
20	315
20	321
20	327
20	333
20	339
20	346
20	353
20	360
20	367
20	374
20	381
20	389
20	397
20	406
20	417
21	188
21	199
21	209
21	219
21	228
21	237
21	246
21	254
21	262
21	270
21	278
21	286
21	294
21	302
21	310
21	317
21	324
21	331
21	338
21	345
21	352
21	359
21	366
21	373
21	380
21	388
21	396
21	405
21	415
22	192
22	203
22	214
22	224
22	233
22	242
22	251
22	260
22	268
22	276
22	284
22	291
22	298
22	305
22	311
22	317
22	323
22	329
22	334
22	340
22	345
22	351
22	356
22	362
22	367
22	373
22	379
22	385
22	391
22	398
22	405
22	413
22	422
22	432
23	189
23	200
23	210
23	219
23	228
23	236
23	244
23	252
23	259
23	266
23	273
23	279
23	285
23	291
23	296
23	302
23	307
23	312
23	316
23	321
23	325
23	329
23	333
23	337
23	341
23	345
23	349
23	353
23	357
23	361
23	365
23	369
23	373
23	377
23	382
23	386
23	391
23	396
23	401
23	407
23	413
23	419
23	426
23	434
23	443
23	454
24	173
24	184
24	193
24	201
24	209
24	216
24	223
24	230
24	236
24	242
24	248
24	253
24	259
24	264
24	269
24	274
24	279
24	283
24	288
24	292
24	296
24	300
24	304
24	308
24	312
24	315
24	319
24	322
24	326
24	329
24	332
24	336
24	339
24	342
24	345
24	349
24	352
24	355
24	359
24	362
24	366
24	369
24	373
24	376
24	380
24	384
24	387
24	392
24	395
24	400
24	404
24	409
24	414
24	419
24	425
24	431
24	438
24	446
24	455
24	466
25	163
25	173
25	181
25	189
25	196
25	202
25	208
25	213
25	218
25	223
25	228
25	232
25	237
25	241
25	245
25	249
25	253
25	257
25	261
25	264
25	268
25	271
25	275
25	278
25	282
25	285
25	288
25	292
25	294
25	298
25	301
25	304
25	307
25	310
25	313
25	316
25	319
25	322
25	325
25	328
25	331
25	334
25	337
25	340
25	343
25	346
25	349
25	352
25	355
25	358
25	361
25	365
25	368
25	372
25	375
25	379
25	382
25	386
25	390
25	394
25	398
25	403
25	407
25	412
25	417
25	423
25	429
25	436
25	443
25	451
25	460
26	157
26	165
26	172
26	178
26	183
26	189
26	193
26	198
26	202
26	206
26	210
26	213
26	217
26	221
26	223
26	227
26	230
26	233
26	236
26	239
26	242
26	245
26	248
26	251
26	253
26	256
26	259
26	262
26	264
26	267
26	270
26	272
26	275
26	278
26	280
26	283
26	286
26	288
26	291
26	294
26	296
26	299
26	302
26	305
26	307
26	310
26	313
26	316
26	318
26	322
26	324
26	328
26	330
26	334
26	337
26	340
26	344
26	347
26	351
26	355
26	358
26	363
26	366
26	371
26	375
26	380
26	385
26	390
26	395
26	400
26	406
26	412
26	419
26	426
26	434
26	442
26	451
26	463
27	152
27	161
27	167
27	172
27	177
27	181
27	185
27	189
27	192
27	196
27	199
27	202
27	205
27	208
27	211
27	214
27	217
27	220
27	222
27	225
27	228
27	231
27	233
27	236
27	239
27	241
27	244
27	247
27	249
27	252
27	255
27	257
27	260
27	263
27	265
27	268
27	271
27	274
27	276
27	280
27	282
27	286
27	288
27	292
27	295
27	298
27	302
27	305
27	309
27	312
27	316
27	320
27	324
27	328
27	332
27	336
27	341
27	346
27	351
27	356
27	362
27	367
27	373
27	379
27	386
27	393
27	400
27	408
27	417
27	426
27	436
27	447
28	156
28	164
28	171
28	176
28	181
28	185
28	190
28	193
28	197
28	201
28	204
28	208
28	211
28	214
28	218
28	221
28	224
28	227
28	231
28	233
28	237
28	240
28	243
28	247
28	250
28	254
28	257
28	261
28	264
28	268
28	272
28	276
28	280
28	284
28	288
28	293
28	297
28	302
28	307
28	312
28	317
28	322
28	327
28	332
28	338
28	344
28	350
28	356
28	363
28	370
28	377
28	384
28	392
28	400
28	409
28	418
28	427
28	436
28	446
28	457
29	161
29	171
29	179
29	186
29	192
29	198
29	204
29	210
29	215
29	220
29	225
29	230
29	235
29	240
29	245
29	250
29	255
29	260
29	265
29	270
29	276
29	281
29	287
29	292
29	298
29	303
29	309
29	314
29	320
29	325
29	331
29	337
29	343
29	349
29	355
29	361
29	368
29	375
29	382
29	389
29	396
29	404
29	412
29	420
29	428
29	436
29	445
29	454
29	464
29	475
30	168
30	178
30	187
30	195
30	202
30	209
30	216
30	222
30	229
30	235
30	241
30	247
30	253
30	259
30	265
30	271
30	277
30	283
30	289
30	295
30	301
30	308
30	314
30	320
30	326
30	332
30	338
30	344
30	350
30	356
30	362
30	368
30	374
30	380
30	386
30	393
30	400
30	407
30	415
30	423
30	431
30	439
30	447
30	456
30	465
30	475
31	173
31	184
31	193
31	201
31	209
31	216
31	223
31	230
31	237
31	244
31	251
31	258
31	264
31	271
31	277
31	283
31	289
31	295
31	301
31	307
31	313
31	319
31	324
31	329
31	334
31	339
31	344
31	349
31	354
31	359
31	364
31	369
31	375
31	380
31	386
31	391
31	397
31	403
31	409
31	416
31	423
31	430
31	437
31	445
31	453
31	462
31	472
32	181
32	192
32	202
32	211
32	220
32	228
32	236
32	243
32	250
32	256
32	262
32	268
32	273
32	278
32	283
32	288
32	293
32	298
32	302
32	307
32	311
32	315
32	319
32	323
32	327
32	331
32	335
32	339
32	343
32	347
32	351
32	355
32	359
32	363
32	367
32	371
32	375
32	379
32	383
32	387
32	392
32	396
32	401
32	406
32	411
32	417
32	423
32	429
32	436
32	443
32	451
32	460
32	470
33	178
33	188
33	197
33	205
33	212
33	219
33	225
33	231
33	237
33	242
33	247
33	251
33	255
33	259
33	262
33	266
33	269
33	273
33	275
33	279
33	282
33	285
33	288
33	291
33	294
33	297
33	300
33	303
33	305
33	309
33	311
33	314
33	317
33	320
33	322
33	325
33	328
33	330
33	333
33	336
33	338
33	341
33	344
33	346
33	349
33	352
33	355
33	357
33	360
33	363
33	366
33	368
33	372
33	374
33	377
33	380
33	383
33	386
33	389
33	393
33	396
33	400
33	404
33	408
33	412
33	417
33	422
33	427
33	433
33	439
33	446
33	454
33	463
33	473
34	171
34	181
34	190
34	197
34	204
34	210
34	215
34	221
34	225
34	230
34	233
34	238
34	241
34	245
34	248
34	252
34	254
34	258
34	261
34	263
34	267
34	269
34	272
34	274
34	277
34	279
34	282
34	284
34	287
34	289
34	292
34	294
34	296
34	299
34	301
34	303
34	306
34	308
34	310
34	313
34	315
34	318
34	320
34	322
34	325
34	327
34	330
34	332
34	335
34	337
34	340
34	342
34	345
34	347
34	350
34	352
34	355
34	357
34	360
34	363
34	365
34	368
34	371
34	374
34	377
34	380
34	384
34	387
34	391
34	395
34	399
34	404
34	408
34	414
34	419
34	425
34	432
34	439
34	447
34	456
34	467
35	161
35	171
35	179
35	186
35	192
35	198
35	203
35	208
35	212
35	216
35	220
35	223
35	227
35	230
35	233
35	236
35	240
35	242
35	245
35	248
35	251
35	253
35	257
35	259
35	262
35	265
35	267
35	270
35	273
35	275
35	278
35	281
35	283
35	286
35	289
35	291
35	294
35	297
35	299
35	302
35	305
35	308
35	310
35	314
35	316
35	319
35	322
35	325
35	328
35	331
35	334
35	337
35	340
35	343
35	346
35	349
35	353
35	356
35	359
35	363
35	367
35	371
35	375
35	379
35	384
35	389
35	395
35	401
35	408
35	416
35	425
35	436
36	157
36	164
36	171
36	176
36	181
36	185
36	190
36	193
36	197
36	201
36	203
36	207
36	210
36	212
36	215
36	218
36	220
36	223
36	225
36	228
36	230
36	233
36	235
36	237
36	240
36	242
36	245
36	247
36	249
36	252
36	254
36	257
36	259
36	262
36	264
36	267
36	269
36	272
36	275
36	277
36	280
36	283
36	285
36	288
36	291
36	294
36	296
36	299
36	302
36	305
36	308
36	311
36	314
36	317
36	320
36	324
36	327
36	331
36	335
36	338
36	343
36	347
36	352
36	357
36	362
36	368
36	374
36	381
36	388
36	396
36	406
37	152
37	161
37	166
37	171
37	174
37	178
37	182
37	184
37	188
37	191
37	193
37	196
37	199
37	201
37	204
37	206
37	209
37	211
37	214
37	216
37	219
37	221
37	223
37	226
37	228
37	231
37	233
37	235
37	238
37	240
37	243
37	245
37	247
37	250
37	252
37	255
37	257
37	260
37	262
37	265
37	267
37	270
37	273
37	275
37	278
37	281
37	284
37	287
37	290
37	293
37	297
37	299
37	304
37	307
37	311
37	315
37	319
37	323
37	328
37	333
37	338
37	344
37	350
37	357
37	365
37	374
37	384
38	151
38	160
38	165
38	171
38	174
38	179
38	182
38	185
38	189
38	192
38	194
38	198
38	200
38	203
38	205
38	208
38	211
38	213
38	216
38	218
38	221
38	223
38	226
38	228
38	231
38	234
38	236
38	239
38	242
38	244
38	247
38	250
38	253
38	256
38	259
38	262
38	265
38	268
38	272
38	275
38	279
38	283
38	287
38	291
38	296
38	300
38	306
38	311
38	317
38	323
38	330
38	338
38	346
38	356
38	367
39	157
39	165
39	172
39	177
39	182
39	187
39	192
39	196
39	201
39	204
39	209
39	213
39	217
39	221
39	225
39	229
39	233
39	237
39	242
39	246
39	251
39	256
39	261
39	267
39	273
39	279
39	286
39	293
39	301
39	309
39	318
39	328
39	339
40	162
40	172
40	180
40	187
40	194
40	200
40	206
40	212
40	218
40	225
40	232
40	239
40	246
40	253
40	261
40	269
40	277
40	286
40	295
40	305
40	315
40	326
41	168
41	178
41	187
41	195
41	202
41	209
41	216
41	223
41	230
41	237
41	244
41	251
41	258
41	266
41	274
41	282
41	291
41	300
41	310
41	322
42	178
42	188
42	197
42	205
42	212
42	219
42	226
42	233
42	240
42	247
42	254
42	261
42	269
42	277
42	286
42	296
43	188
43	199
43	209
43	219
43	229
43	239
43	249
43	260
44	196
44	208
44	220
44	234
45	199
45	211
45	223
45	235
45	248
46	202
46	214
46	225
46	236
46	247
46	258
46	271
50	207
50	219
50	230
50	241
50	253
51	210
51	221
51	232
51	242
51	252
51	262
51	273
51	285
52	241
52	254
53	210
53	222
53	234
55	209
55	221
55	232
55	244
55	257
56	196
56	207
56	217
56	226
56	235
56	243
56	251
56	259
56	268
56	277
56	287
56	297
57	211
57	223
57	234
57	244
57	254
57	264
57	273
57	283
57	293
57	304
58	182
58	193
58	204
58	215
58	226
58	237
58	250
59	173
59	184
59	193
59	202
59	211
59	219
59	227
59	236
59	245
59	255
59	266
60	169
60	179
60	187
60	194
60	201
60	208
60	215
60	221
60	228
60	234
60	241
60	248
60	255
60	263
60	271
60	280
60	290
60	302
61	163
61	172
61	179
61	184
61	190
61	194
61	199
61	203
61	207
61	211
61	215
61	219
61	223
61	227
61	231
61	235
61	239
61	243
61	247
61	251
61	255
61	259
61	264
61	268
61	273
61	278
61	284
61	290
61	296
61	303
61	311
61	319
61	328
61	338
61	348
61	359
62	161
62	170
62	176
62	181
62	185
62	190
62	193
62	197
62	200
62	203
62	206
62	209
62	212
62	214
62	217
62	220
62	222
62	225
62	227
62	230
62	232
62	235
62	237
62	240
62	242
62	245
62	247
62	250
62	253
62	255
62	258
62	261
62	264
62	266
62	270
62	272
62	276
62	279
62	283
62	286
62	290
62	294
62	298
62	303
62	307
62	312
62	317
62	323
62	329
62	336
62	343
62	351
62	360
62	370
63	167
63	176
63	183
63	190
63	195
63	201
63	205
63	210
63	214
63	218
63	222
63	226
63	230
63	233
63	237
63	240
63	244
63	247
63	251
63	254
63	258
63	261
63	265
63	268
63	272
63	276
63	280
63	284
63	288
63	293
63	297
63	302
63	307
63	312
63	318
63	324
63	331
63	338
63	346
63	355
63	365
64	162
64	171
64	179
64	185
64	191
64	197
64	202
64	208
64	213
64	218
64	223
64	228
64	233
64	238
64	243
64	248
64	253
64	258
64	263
64	268
64	273
64	278
64	283
64	288
64	293
64	298
64	303
64	308
64	314
64	319
64	325
64	331
64	338
64	345
64	353
64	362
64	372
64	383
65	162
65	171
65	177
65	182
65	187
65	191
65	195
65	199
65	202
65	206
65	209
65	212
65	215
65	218
65	221
65	224
65	227
65	230
65	233
65	236
65	239
65	241
65	244
65	247
65	250
65	252
65	255
65	258
65	260
65	263
65	266
65	268
65	271
65	274
65	277
65	279
65	283
65	285
65	288
65	291
65	294
65	297
65	300
65	303
65	306
65	309
65	312
65	315
65	318
65	322
65	325
65	329
65	332
65	336
65	340
65	344
65	348
65	353
65	357
65	363
65	368
65	374
65	380
65	386
65	393
65	400
65	408
65	417
65	427
66	168
66	176
66	182
66	187
66	192
66	195
66	200
66	203
66	207
66	210
66	213
66	216
66	219
66	222
66	225
66	228
66	231
66	233
66	236
66	239
66	241
66	243
66	246
66	248
66	251
66	253
66	255
66	258
66	260
66	262
66	264
66	267
66	269
66	271
66	273
66	275
66	278
66	279
66	282
66	284
66	286
66	288
66	290
66	292
66	294
66	296
66	298
66	300
66	303
66	304
66	307
66	309
66	311
66	314
66	316
66	318
66	321
66	323
66	326
66	328
66	331
66	334
66	336
66	339
66	342
66	345
66	348
66	351
66	355
66	358
66	362
66	365
66	369
66	373
66	377
66	381
66	385
66	389
66	394
66	398
66	404
66	409
66	415
66	422
66	430
66	439
67	188
67	198
67	207
67	215
67	223
67	230
67	237
67	243
67	249
67	254
67	260
67	264
67	269
67	273
67	278
67	282
67	286
67	290
67	294
67	298
67	302
67	306
67	310
67	314
67	318
67	322
67	326
67	330
67	334
67	338
67	342
67	346
67	350
67	354
67	358
67	362
67	366
67	370
67	374
67	378
67	382
67	386
67	390
67	395
67	399
67	405
67	410
67	416
67	423
67	431
67	440
68	202
68	213
68	223
68	233
68	242
68	251
68	259
68	267
68	274
68	281
68	288
68	295
68	302
68	308
68	314
68	320
68	325
68	330
68	334
68	339
68	343
68	347
68	351
68	354
68	358
68	361
68	365
68	368
68	372
68	375
68	379
68	382
68	386
68	390
68	394
68	398
68	403
68	408
68	414
68	420
68	427
68	436
68	447
69	208
69	219
69	229
69	238
69	246
69	253
69	260
69	267
69	273
69	279
69	284
69	290
69	294
69	299
69	303
69	308
69	312
69	316
69	320
69	324
69	327
69	331
69	334
69	338
69	341
69	344
69	348
69	351
69	354
69	358
69	361
69	365
69	368
69	372
69	376
69	380
69	385
69	389
69	394
69	399
69	405
69	411
69	418
69	426
69	436
70	207
70	219
70	230
70	241
70	251
70	261
70	270
70	278
70	286
70	293
70	300
70	306
70	312
70	318
70	323
70	329
70	334
70	340
70	345
70	351
70	356
70	362
70	367
70	373
70	379
70	385
70	391
70	397
70	404
70	411
70	419
70	427
70	437
71	169
71	179
71	188
71	196
71	204
71	211
71	218
71	225
71	232
71	239
71	246
71	253
71	260
71	268
71	276
71	284
71	292
71	300
71	308
71	316
71	324
71	331
71	338
71	344
71	350
71	356
71	361
71	366
71	371
71	376
71	381
71	385
71	390
71	395
71	400
71	406
71	411
71	417
71	424
71	432
71	441
72	167
72	175
72	182
72	188
72	193
72	199
72	203
72	208
72	212
72	217
72	221
72	226
72	230
72	234
72	238
72	242
72	246
72	250
72	254
72	258
72	263
72	267
72	272
72	276
72	281
72	285
72	290
72	294
72	299
72	304
72	308
72	313
72	318
72	322
72	327
72	331
72	336
72	340
72	344
72	348
72	352
72	356
72	360
72	363
72	367
72	370
72	374
72	377
72	381
72	385
72	389
72	393
72	398
72	402
72	407
72	413
72	419
72	426
72	434
72	444
73	178
73	188
73	196
73	203
73	210
73	216
73	222
73	227
73	232
73	237
73	242
73	247
73	252
73	257
73	262
73	267
73	271
73	276
73	280
73	285
73	289
73	294
73	298
73	303
73	307
73	312
73	316
73	321
73	325
73	330
73	334
73	339
73	344
73	349
73	354
73	359
73	365
73	371
73	377
73	384
73	391
73	399
73	408
73	418
74	399
74	410
74	420
74	431
75	182
75	193
75	203
75	212
75	221
75	230
75	239
75	248
75	257
75	266
75	276
75	286
75	296
75	306
75	316
75	326
75	336
75	346
75	355
75	364
75	373
75	381
75	389
75	396
75	402
75	408
75	414
75	420
75	427
75	434
75	442
75	451
75	463
76	176
76	186
76	194
76	202
76	209
76	216
76	222
76	228
76	234
76	240
76	246
76	252
76	258
76	264
76	270
76	276
76	282
76	288
76	294
76	300
76	306
76	312
76	318
76	324
76	330
76	336
76	342
76	348
76	354
76	360
76	366
76	372
76	378
76	385
76	391
76	398
76	405
76	412
76	419
76	427
76	436
76	448
77	201
77	212
77	222
77	232
77	242
77	251
77	260
77	269
77	278
77	287
77	296
77	305
77	314
77	323
77	332
77	341
77	351
77	361
77	373
-1	-1
