-1	-1
14	356
14	368
14	379
14	389
14	398
14	408
14	419
15	196
15	208
15	220
15	232
15	244
15	255
15	266
15	277
15	288
15	299
15	309
15	319
15	328
15	337
15	346
15	354
15	362
15	369
15	376
15	383
15	389
15	395
15	401
15	407
15	414
15	421
15	428
15	436
15	446
16	176
16	187
16	198
16	208
16	218
16	227
16	236
16	244
16	252
16	260
16	268
16	276
16	284
16	291
16	298
16	305
16	312
16	319
16	325
16	331
16	337
16	343
16	349
16	354
16	360
16	365
16	370
16	374
16	379
16	383
16	387
16	391
16	395
16	399
16	403
16	407
16	411
16	416
16	420
16	425
16	430
16	436
16	442
16	449
16	457
16	467
17	167
17	177
17	186
17	195
17	203
17	211
17	218
17	225
17	232
17	239
17	245
17	251
17	257
17	263
17	269
17	275
17	281
17	287
17	293
17	299
17	304
17	310
17	315
17	321
17	326
17	331
17	336
17	341
17	345
17	350
17	354
17	359
17	362
17	367
17	370
17	374
17	378
17	381
17	385
17	388
17	392
17	395
17	399
17	402
17	406
17	409
17	414
17	417
17	422
17	427
17	432
17	438
17	445
17	452
17	461
17	474
18	170
18	180
18	189
18	197
18	204
18	211
18	218
18	224
18	230
18	236
18	242
18	248
18	254
18	259
18	265
18	270
18	275
18	280
18	285
18	290
18	295
18	300
18	305
18	310
18	315
18	320
18	324
18	329
18	333
18	338
18	342
18	347
18	351
18	355
18	359
18	363
18	367
18	371
18	375
18	379
18	383
18	387
18	391
18	395
18	399
18	404
18	408
18	413
18	418
18	424
18	430
18	437
18	445
18	455
19	176
19	186
19	194
19	202
19	209
19	215
19	221
19	227
19	233
19	239
19	244
19	250
19	255
19	261
19	266
19	271
19	276
19	281
19	286
19	291
19	296
19	301
19	306
19	311
19	316
19	321
19	326
19	331
19	336
19	341
19	346
19	351
19	356
19	361
19	366
19	371
19	375
19	380
19	385
19	390
19	395
19	400
19	406
19	412
19	419
19	427
19	436
19	448
20	176
20	186
20	194
20	202
20	209
20	215
20	221
20	227
20	233
20	239
20	244
20	250
20	255
20	260
20	265
20	270
20	275
20	280
20	286
20	291
20	297
20	302
20	308
20	313
20	319
20	324
20	330
20	335
20	341
20	346
20	352
20	358
20	364
20	370
20	376
20	382
20	388
20	395
20	402
20	410
20	419
20	430
21	176
21	186
21	195
21	203
21	210
21	217
21	223
21	229
21	235
21	241
21	247
21	253
21	259
21	265
21	271
21	277
21	283
21	289
21	295
21	301
21	307
21	313
21	319
21	325
21	331
21	337
21	344
21	350
21	357
21	364
21	371
21	378
21	386
21	394
21	403
21	413
21	425
22	176
22	186
22	194
22	202
22	209
22	216
22	223
22	230
22	237
22	244
22	251
22	258
22	265
22	272
22	279
22	286
22	293
22	300
22	307
22	314
22	321
22	328
22	335
22	342
22	349
22	356
22	363
22	370
22	377
22	385
22	393
22	402
22	411
22	421
23	168
23	178
23	187
23	195
23	202
23	209
23	216
23	223
23	229
23	236
23	242
23	249
23	255
23	262
23	268
23	275
23	282
23	289
23	296
23	302
23	309
23	315
23	321
23	327
23	333
23	339
23	345
23	351
23	357
23	363
23	369
23	375
23	381
23	387
23	393
23	400
23	407
23	414
23	422
23	431
23	441
24	162
24	172
24	181
24	189
24	196
24	203
24	209
24	215
24	221
24	227
24	233
24	239
24	245
24	251
24	257
24	263
24	268
24	274
24	279
24	285
24	290
24	295
24	300
24	305
24	310
24	315
24	320
24	324
24	329
24	333
24	338
24	342
24	346
24	350
24	354
24	358
24	362
24	366
24	370
24	374
24	378
24	382
24	386
24	390
24	394
24	398
24	403
24	407
24	412
24	417
24	422
24	428
24	434
24	440
24	447
24	455
24	464
25	158
25	168
25	176
25	183
25	189
25	195
25	201
25	206
25	211
25	216
25	220
25	225
25	229
25	233
25	237
25	241
25	245
25	249
25	253
25	257
25	261
25	265
25	269
25	273
25	276
25	280
25	283
25	287
25	290
25	294
25	297
25	301
25	303
25	307
25	310
25	313
25	316
25	319
25	322
25	324
25	327
25	330
25	332
25	335
25	338
25	340
25	343
25	345
25	348
25	350
25	352
25	355
25	357
25	359
25	362
25	364
25	366
25	369
25	371
25	373
25	376
25	378
25	380
25	383
25	385
25	387
25	390
25	392
25	395
25	397
25	400
25	403
25	405
25	408
25	411
25	414
25	417
25	420
25	424
25	427
25	431
25	435
25	439
25	444
25	448
25	454
25	459
25	466
25	474
25	483
26	156
26	164
26	171
26	177
26	182
26	187
26	192
26	196
26	200
26	204
26	208
26	211
26	215
26	218
26	222
26	224
26	228
26	231
26	234
26	237
26	240
26	243
26	246
26	249
26	252
26	254
26	258
26	260
26	263
26	265
26	268
26	271
26	273
26	275
26	278
26	280
26	282
26	285
26	287
26	289
26	292
26	293
26	296
26	298
26	300
26	302
26	304
26	306
26	308
26	310
26	312
26	314
26	316
26	318
26	320
26	322
26	324
26	326
26	328
26	330
26	331
26	334
26	335
26	337
26	339
26	341
26	343
26	344
26	346
26	348
26	350
26	352
26	353
26	355
26	357
26	359
26	361
26	362
26	364
26	366
26	368
26	370
26	371
26	374
26	375
26	377
26	379
26	381
26	383
26	385
26	387
26	389
26	391
26	393
26	395
26	397
26	399
26	402
26	404
26	406
26	409
26	411
26	414
26	417
26	419
26	423
26	426
26	429
26	433
26	436
26	440
26	444
26	448
26	453
26	458
26	464
26	471
26	479
26	489
27	157
27	165
27	172
27	178
27	183
27	188
27	192
27	197
27	201
27	204
27	208
27	212
27	215
27	219
27	222
27	225
27	228
27	231
27	234
27	237
27	240
27	242
27	245
27	248
27	250
27	253
27	255
27	258
27	260
27	262
27	265
27	267
27	269
27	272
27	274
27	276
27	279
27	281
27	283
27	285
27	288
27	290
27	292
27	294
27	297
27	299
27	301
27	303
27	306
27	308
27	310
27	313
27	315
27	317
27	320
27	322
27	324
27	327
27	329
27	331
27	334
27	336
27	339
27	341
27	344
27	346
27	349
27	351
27	354
27	356
27	359
27	362
27	364
27	367
27	370
27	372
27	376
27	378
27	381
27	384
27	387
27	390
27	393
27	396
27	399
27	403
27	406
27	410
27	414
27	418
27	423
27	427
27	433
27	438
27	445
27	452
27	460
27	470
28	158
28	167
28	174
28	180
28	185
28	190
28	194
28	199
28	203
28	207
28	211
28	215
28	219
28	222
28	226
28	229
28	233
28	236
28	239
28	243
28	246
28	249
28	252
28	255
28	258
28	261
28	264
28	267
28	270
28	273
28	276
28	279
28	282
28	285
28	288
28	291
28	294
28	297
28	300
28	303
28	306
28	309
28	312
28	315
28	318
28	321
28	324
28	327
28	330
28	334
28	337
28	340
28	344
28	347
28	351
28	354
28	358
28	361
28	365
28	369
28	373
28	377
28	381
28	385
28	389
28	394
28	398
28	403
28	408
28	414
28	420
28	426
28	433
28	441
28	450
28	461
29	160
29	170
29	178
29	185
29	191
29	197
29	202
29	208
29	213
29	218
29	223
29	228
29	232
29	237
29	241
29	246
29	250
29	255
29	259
29	264
29	268
29	273
29	277
29	282
29	286
29	291
29	295
29	300
29	304
29	309
29	314
29	319
29	324
29	329
29	334
29	339
29	344
29	349
29	355
29	360
29	366
29	372
29	378
29	384
29	390
29	396
29	403
29	410
29	417
29	425
29	433
29	442
29	452
30	161
30	171
30	179
30	186
30	193
30	200
30	206
30	212
30	218
30	224
30	229
30	235
30	240
30	246
30	252
30	258
30	264
30	270
30	276
30	282
30	288
30	294
30	300
30	306
30	312
30	318
30	324
30	330
30	336
30	342
30	348
30	354
30	360
30	366
30	371
30	377
30	382
30	387
30	392
30	397
30	402
30	407
30	412
30	417
30	423
30	429
30	435
30	442
30	449
30	457
30	466
31	167
31	177
31	186
31	194
31	202
31	210
31	217
31	224
31	231
31	238
31	245
31	252
31	259
31	266
31	273
31	280
31	287
31	294
31	301
31	308
31	315
31	321
31	327
31	333
31	338
31	343
31	348
31	352
31	357
31	361
31	365
31	369
31	373
31	376
31	380
31	383
31	386
31	390
31	392
31	396
31	399
31	402
31	405
31	408
31	411
31	415
31	418
31	421
31	425
31	428
31	432
31	436
31	440
31	445
31	449
31	455
31	460
31	467
31	475
31	484
32	166
32	176
32	184
32	192
32	199
32	206
32	213
32	219
32	226
32	232
32	239
32	245
32	252
32	259
32	266
32	273
32	280
32	287
32	294
32	300
32	306
32	312
32	317
32	322
32	326
32	330
32	333
32	337
32	340
32	343
32	346
32	349
32	352
32	354
32	357
32	360
32	362
32	364
32	367
32	369
32	371
32	373
32	375
32	377
32	380
32	381
32	383
32	385
32	387
32	389
32	391
32	392
32	394
32	396
32	398
32	400
32	401
32	404
32	405
32	407
32	409
32	411
32	413
32	415
32	417
32	419
32	422
32	424
32	426
32	429
32	431
32	434
32	437
32	439
32	443
32	446
32	449
32	453
32	457
32	461
32	466
32	471
32	477
32	484
32	492
32	503
33	167
33	177
33	186
33	194
33	202
33	209
33	216
33	223
33	229
33	235
33	241
33	247
33	253
33	259
33	265
33	270
33	276
33	281
33	286
33	291
33	296
33	301
33	306
33	310
33	315
33	319
33	323
33	327
33	331
33	334
33	338
33	341
33	344
33	347
33	351
33	353
33	356
33	359
33	362
33	364
33	367
33	370
33	372
33	374
33	377
33	379
33	381
33	383
33	386
33	388
33	390
33	392
33	395
33	397
33	399
33	402
33	404
33	406
33	409
33	411
33	414
33	417
33	419
33	423
33	426
33	429
33	433
33	436
33	440
33	445
33	449
33	455
33	460
33	467
33	475
33	484
34	163
34	173
34	182
34	190
34	197
34	203
34	209
34	214
34	219
34	224
34	229
34	233
34	238
34	242
34	247
34	251
34	255
34	259
34	263
34	267
34	271
34	275
34	279
34	282
34	286
34	289
34	293
34	296
34	300
34	303
34	306
34	310
34	312
34	316
34	319
34	322
34	325
34	328
34	331
34	334
34	337
34	340
34	344
34	346
34	350
34	353
34	356
34	360
34	363
34	366
34	370
34	373
34	377
34	380
34	384
34	387
34	391
34	395
34	398
34	403
34	407
34	411
34	416
34	421
34	427
34	433
34	440
34	448
34	458
35	154
35	163
35	171
35	177
35	183
35	189
35	194
35	199
35	203
35	208
35	211
35	215
35	219
35	222
35	226
35	229
35	233
35	236
35	239
35	242
35	245
35	248
35	251
35	254
35	257
35	260
35	262
35	265
35	267
35	270
35	272
35	274
35	277
35	279
35	281
35	283
35	286
35	288
35	290
35	292
35	294
35	296
35	298
35	300
35	302
35	304
35	306
35	308
35	310
35	312
35	314
35	316
35	318
35	320
35	322
35	324
35	326
35	328
35	330
35	332
35	334
35	336
35	338
35	340
35	342
35	344
35	346
35	348
35	350
35	352
35	355
35	356
35	359
35	361
35	363
35	366
35	368
35	370
35	373
35	375
35	377
35	380
35	382
35	385
35	387
35	390
35	393
35	395
35	398
35	401
35	404
35	407
35	411
35	414
35	418
35	422
35	427
35	432
35	437
35	444
35	451
35	460
36	150
36	159
36	165
36	171
36	175
36	180
36	183
36	188
36	191
36	195
36	198
36	202
36	204
36	208
36	211
36	214
36	217
36	220
36	222
36	225
36	228
36	230
36	232
36	235
36	237
36	240
36	242
36	243
36	246
36	248
36	250
36	252
36	254
36	256
36	258
36	260
36	262
36	263
36	265
36	267
36	269
36	270
36	272
36	274
36	275
36	277
36	279
36	280
36	282
36	284
36	285
36	287
36	289
36	290
36	292
36	294
36	295
36	297
36	299
36	300
36	302
36	304
36	305
36	307
36	309
36	310
36	313
36	314
36	316
36	318
36	320
36	322
36	324
36	326
36	328
36	330
36	332
36	335
36	336
36	339
36	341
36	344
36	346
36	349
36	351
36	355
36	357
36	360
36	364
36	366
36	370
36	373
36	377
36	380
36	385
36	388
36	393
36	397
36	402
36	407
36	413
36	420
36	428
36	437
37	151
37	160
37	164
37	170
37	172
37	176
37	180
37	182
37	184
37	188
37	190
37	192
37	194
37	197
37	199
37	201
37	203
37	205
37	207
37	210
37	211
37	213
37	215
37	217
37	219
37	221
37	222
37	224
37	226
37	228
37	230
37	231
37	233
37	235
37	237
37	238
37	240
37	242
37	244
37	245
37	247
37	249
37	251
37	252
37	254
37	256
37	258
37	259
37	262
37	263
37	265
37	267
37	269
37	271
37	273
37	275
37	277
37	279
37	281
37	284
37	286
37	288
37	291
37	293
37	296
37	298
37	301
37	304
37	307
37	309
37	313
37	316
37	319
37	323
37	326
37	330
37	334
37	337
37	342
37	345
37	350
37	354
37	359
37	364
37	369
37	374
37	380
37	386
37	392
37	399
37	406
37	415
37	425
38	152
38	161
38	166
38	172
38	174
38	179
38	182
38	184
38	188
38	191
38	193
38	196
38	199
38	201
38	203
38	206
38	208
38	211
38	212
38	215
38	217
38	220
38	222
38	224
38	227
38	229
38	231
38	234
38	236
38	239
38	241
38	244
38	246
38	249
38	252
38	254
38	257
38	260
38	263
38	266
38	269
38	272
38	275
38	278
38	281
38	284
38	287
38	290
38	294
38	297
38	300
38	304
38	307
38	311
38	314
38	318
38	322
38	326
38	330
38	334
38	338
38	342
38	347
38	351
38	356
38	361
38	366
38	371
38	377
38	383
38	389
38	396
38	404
38	413
38	424
39	153
39	162
39	170
39	176
39	182
39	188
39	193
39	198
39	203
39	208
39	213
39	217
39	222
39	226
39	231
39	234
39	239
39	242
39	247
39	250
39	254
39	258
39	262
39	266
39	270
39	274
39	278
39	282
39	286
39	290
39	294
39	298
39	303
39	307
39	312
39	317
39	323
39	328
39	334
39	340
39	347
39	355
39	363
39	372
39	382
39	394
40	157
40	165
40	172
40	178
40	183
40	188
40	193
40	197
40	202
40	206
40	210
40	214
40	218
40	222
40	226
40	230
40	234
40	238
40	242
40	246
40	251
40	255
40	260
40	265
40	270
40	276
40	282
40	288
40	295
40	302
40	309
40	317
40	325
40	333
40	342
40	351
40	360
40	369
40	379
40	389
40	402
41	167
41	177
41	185
41	193
41	200
41	207
41	214
41	221
41	228
41	235
41	242
41	249
41	257
41	265
41	273
41	282
41	291
41	300
41	309
41	318
41	328
41	338
41	348
41	358
41	369
41	380
42	173
42	183
42	192
42	201
42	209
42	217
42	225
42	233
42	241
42	249
42	257
42	266
42	275
42	285
42	295
42	306
43	172
43	182
43	191
43	199
43	206
43	213
43	220
43	227
43	235
43	243
43	251
43	260
43	269
43	279
43	289
43	300
43	311
43	322
43	333
43	344
43	355
43	366
43	378
44	201
44	213
44	224
44	235
44	245
44	255
44	265
44	275
44	285
44	295
44	305
44	315
44	325
44	335
44	346
44	357
44	368
45	200
45	211
45	222
45	232
45	242
45	252
45	262
45	272
45	282
45	294
46	200
46	211
46	222
46	233
46	244
49	202
49	214
49	226
55	210
55	222
55	233
55	244
55	255
55	266
56	191
56	202
56	212
56	222
56	232
56	242
56	252
56	262
56	273
57	212
57	225
57	238
58	187
58	198
58	208
58	217
58	226
58	235
58	244
58	253
58	263
58	273
58	283
58	293
58	303
58	313
58	322
58	331
58	340
58	349
58	358
58	367
58	376
58	386
58	397
59	170
59	180
59	188
59	195
59	201
59	207
59	213
59	218
59	223
59	228
59	233
59	238
59	244
59	249
59	255
59	261
59	267
59	274
59	281
59	288
59	296
59	303
59	310
59	317
59	324
59	331
59	338
59	345
59	352
59	359
59	366
59	373
59	381
59	389
59	398
59	408
60	166
60	174
60	181
60	186
60	191
60	195
60	200
60	203
60	208
60	211
60	215
60	219
60	222
60	226
60	230
60	234
60	238
60	242
60	246
60	250
60	255
60	259
60	264
60	269
60	275
60	280
60	286
60	292
60	299
60	306
60	314
60	322
60	331
60	340
60	350
60	362
61	166
61	174
61	181
61	187
61	193
61	198
61	203
61	208
61	212
61	217
61	221
61	226
61	230
61	235
61	240
61	245
61	250
61	255
61	260
61	266
61	272
61	278
61	284
61	290
61	297
61	304
61	311
61	319
61	327
61	336
61	345
61	355
61	366
62	172
62	183
62	193
62	202
62	211
62	219
62	227
62	234
62	241
62	248
62	254
62	260
62	266
62	272
62	277
62	283
62	288
62	293
62	298
62	303
62	308
62	313
62	318
62	324
62	329
62	335
62	341
62	347
62	353
62	359
62	366
62	373
62	380
62	387
62	395
62	403
62	412
62	423
63	163
63	173
63	181
63	188
63	194
63	200
63	206
63	211
63	216
63	221
63	225
63	230
63	234
63	238
63	242
63	246
63	250
63	253
63	257
63	260
63	263
63	266
63	269
63	272
63	275
63	278
63	281
63	284
63	287
63	290
63	292
63	295
63	298
63	301
63	303
63	306
63	309
63	311
63	314
63	317
63	320
63	323
63	326
63	329
63	332
63	335
63	338
63	341
63	345
63	348
63	351
63	355
63	358
63	362
63	366
63	370
63	374
63	378
63	383
63	388
63	393
63	398
63	404
63	410
63	417
63	425
63	434
63	445
64	160
64	169
64	175
64	181
64	184
64	189
64	192
64	196
64	200
64	203
64	206
64	210
64	212
64	215
64	218
64	221
64	223
64	226
64	228
64	231
64	233
64	235
64	238
64	240
64	242
64	244
64	246
64	248
64	251
64	252
64	254
64	256
64	258
64	260
64	262
64	263
64	265
64	267
64	269
64	271
64	272
64	274
64	276
64	277
64	279
64	281
64	282
64	284
64	286
64	287
64	289
64	291
64	292
64	294
64	296
64	297
64	299
64	301
64	302
64	304
64	306
64	307
64	309
64	311
64	313
64	314
64	316
64	318
64	320
64	321
64	324
64	325
64	327
64	329
64	331
64	334
64	335
64	337
64	340
64	342
64	344
64	347
64	349
64	352
64	355
64	357
64	360
64	363
64	366
64	369
64	373
64	376
64	380
64	384
64	388
64	392
64	397
64	402
64	407
64	413
64	419
64	426
64	435
64	446
65	160
65	168
65	173
65	178
65	182
65	184
65	189
65	191
65	193
65	197
65	199
65	202
65	203
65	206
65	208
65	211
65	212
65	214
65	217
65	218
65	221
65	222
65	224
65	226
65	228
65	230
65	231
65	233
65	235
65	236
65	238
65	240
65	241
65	243
65	244
65	246
65	248
65	249
65	251
65	252
65	254
65	255
65	257
65	258
65	260
65	261
65	263
65	264
65	266
65	267
65	269
65	270
65	272
65	273
65	275
65	276
65	278
65	279
65	281
65	283
65	284
65	286
65	287
65	289
65	290
65	293
65	294
65	295
65	297
65	299
65	301
65	303
65	304
65	306
65	308
65	310
65	312
65	314
65	316
65	318
65	320
65	323
65	325
65	328
65	330
65	334
65	336
65	339
65	343
65	346
65	349
65	354
65	357
65	362
65	366
65	371
65	376
65	382
65	388
65	395
65	403
65	412
65	423
66	162
66	171
66	177
66	182
66	187
66	191
66	195
66	199
66	202
66	205
66	209
66	211
66	214
66	217
66	220
66	223
66	225
66	229
66	231
66	234
66	237
66	240
66	243
66	246
66	249
66	252
66	256
66	258
66	263
66	266
66	270
66	274
66	278
66	283
66	288
66	293
66	299
66	305
66	312
66	319
66	327
66	335
66	343
66	351
66	359
66	367
66	375
66	383
66	391
66	400
66	409
66	419
66	430
67	267
67	279
67	290
67	300
67	309
67	318
67	326
67	333
67	340
67	346
67	352
67	358
67	363
67	369
67	374
67	379
67	384
67	389
67	394
67	399
67	404
67	409
67	414
67	420
67	426
67	433
67	440
67	449
67	460
68	196
68	207
68	217
68	226
68	234
68	242
68	250
68	257
68	264
68	270
68	276
68	282
68	288
68	293
68	298
68	303
68	308
68	312
68	316
68	320
68	324
68	328
68	331
68	335
68	338
68	342
68	344
68	348
68	351
68	353
68	357
68	359
68	362
68	365
68	367
68	370
68	373
68	375
68	378
68	381
68	383
68	386
68	388
68	391
68	393
68	396
68	398
68	401
68	404
68	406
68	409
68	412
68	415
68	417
68	421
68	424
68	427
68	431
68	435
68	439
68	444
68	448
68	454
68	460
68	467
68	476
69	178
69	188
69	196
69	203
69	209
69	214
69	220
69	224
69	229
69	233
69	238
69	242
69	246
69	250
69	254
69	258
69	262
69	265
69	269
69	272
69	276
69	279
69	282
69	285
69	289
69	291
69	295
69	297
69	301
69	303
69	306
69	309
69	311
69	314
69	317
69	319
69	322
69	324
69	327
69	329
69	331
69	334
69	336
69	338
69	341
69	342
69	345
69	347
69	349
69	351
69	353
69	355
69	357
69	359
69	361
69	363
69	365
69	367
69	369
69	371
69	372
69	374
69	376
69	378
69	380
69	381
69	383
69	385
69	387
69	389
69	390
69	392
69	394
69	396
69	398
69	399
69	401
69	404
69	405
69	407
69	409
69	411
69	414
69	415
69	418
69	420
69	423
69	425
69	428
69	430
69	434
69	436
69	439
69	443
69	446
69	450
69	455
69	459
69	465
69	471
69	478
69	487
70	177
70	186
70	193
70	199
70	204
70	209
70	213
70	218
70	222
70	226
70	230
70	234
70	238
70	241
70	245
70	248
70	252
70	255
70	259
70	262
70	266
70	269
70	273
70	276
70	280
70	283
70	287
70	290
70	294
70	297
70	301
70	304
70	308
70	311
70	315
70	318
70	322
70	325
70	329
70	332
70	335
70	339
70	342
70	345
70	349
70	352
70	355
70	358
70	362
70	364
70	368
70	371
70	374
70	377
70	380
70	383
70	386
70	389
70	392
70	396
70	399
70	403
70	406
70	410
70	414
70	418
70	423
70	428
70	434
70	440
70	447
70	456
70	468
71	209
71	220
71	231
71	242
71	255
73	328
73	341
73	353
73	365
73	376
73	387
73	397
73	407
73	417
73	428
74	191
74	202
74	212
74	221
74	229
74	237
74	245
74	252
74	259
74	266
74	273
74	280
74	287
74	294
74	301
74	308
74	315
74	322
74	329
74	336
74	343
74	350
74	357
74	364
74	371
74	378
74	385
74	392
74	398
74	404
74	410
74	416
74	423
74	430
74	438
74	447
74	458
75	188
75	198
75	207
75	215
75	222
75	229
75	236
75	243
75	250
75	257
75	264
75	271
75	278
75	285
75	292
75	299
75	306
75	313
75	320
75	328
75	336
75	344
75	352
75	360
75	368
75	376
75	384
75	392
75	400
75	408
75	416
75	425
75	435
-1	-1
