-1	-1
9	196
9	207
9	218
9	229
9	240
9	252
9	341
9	352
9	363
9	375
10	176
10	187
10	197
10	207
10	216
10	225
10	234
10	243
10	252
10	261
10	270
10	280
10	291
10	304
10	319
10	331
10	342
10	352
10	362
10	372
10	384
11	168
11	178
11	186
11	193
11	199
11	205
11	211
11	216
11	222
11	227
11	233
11	238
11	244
11	249
11	255
11	261
11	267
11	274
11	281
11	288
11	296
11	305
11	314
11	324
11	334
11	344
11	355
11	367
12	163
12	173
12	181
12	188
12	194
12	200
12	205
12	211
12	216
12	221
12	226
12	231
12	236
12	241
12	246
12	252
12	257
12	263
12	269
12	275
12	282
12	289
12	297
12	306
12	316
12	327
13	169
13	179
13	187
13	194
13	201
13	207
13	213
13	219
13	225
13	231
13	237
13	243
13	249
13	256
13	263
13	270
13	278
13	286
13	295
13	305
13	316
14	178
14	189
14	199
14	208
14	217
14	225
14	234
14	243
14	252
14	261
14	270
14	279
14	289
14	299
14	309
14	320
14	334
15	169
15	179
15	188
15	196
15	203
15	210
15	217
15	224
15	231
15	238
15	245
15	252
15	259
15	266
15	273
15	280
15	287
15	295
15	303
15	311
15	319
15	328
15	337
15	347
15	358
16	166
16	175
16	183
16	190
16	197
16	203
16	209
16	215
16	220
16	226
16	231
16	236
16	241
16	246
16	251
16	256
16	261
16	266
16	271
16	276
16	281
16	286
16	291
16	296
16	301
16	306
16	311
16	317
16	322
16	328
16	334
16	340
16	346
16	353
16	360
16	368
16	377
16	387
17	166
17	175
17	183
17	190
17	196
17	202
17	208
17	213
17	218
17	223
17	228
17	233
17	238
17	243
17	248
17	253
17	257
17	262
17	266
17	271
17	275
17	280
17	284
17	289
17	293
17	298
17	302
17	307
17	311
17	316
17	320
17	325
17	329
17	334
17	338
17	343
17	348
17	353
17	358
17	364
17	370
17	376
17	383
17	391
17	400
17	413
18	169
18	179
18	188
18	196
18	203
18	210
18	217
18	223
18	229
18	235
18	241
18	247
18	253
18	259
18	264
18	270
18	275
18	280
18	285
18	290
18	295
18	300
18	305
18	310
18	315
18	320
18	325
18	330
18	335
18	340
18	345
18	350
18	356
18	361
18	367
18	373
18	380
18	387
18	396
18	406
19	172
19	182
19	191
19	199
19	207
19	214
19	221
19	228
19	235
19	242
19	249
19	255
19	262
19	268
19	274
19	280
19	286
19	292
19	298
19	304
19	310
19	316
19	322
19	328
19	334
19	341
19	347
19	354
19	361
19	368
19	376
19	385
19	396
20	180
20	191
20	201
20	210
20	219
20	227
20	235
20	243
20	251
20	259
20	267
20	274
20	281
20	288
20	295
20	302
20	310
20	318
20	326
20	334
20	342
20	350
20	359
20	368
20	378
21	181
21	192
21	202
21	212
21	222
21	231
21	240
21	249
21	258
21	267
21	276
21	285
21	294
21	303
21	312
21	321
21	330
21	339
21	348
21	357
21	366
21	376
21	388
22	181
22	192
22	202
22	212
22	222
22	232
22	242
22	251
22	260
22	269
22	278
22	287
22	296
22	305
22	313
22	321
22	329
22	337
22	345
22	353
22	361
22	369
22	377
22	386
22	396
23	180
23	191
23	201
23	211
23	220
23	229
23	238
23	247
23	256
23	265
23	273
23	281
23	289
23	297
23	304
23	311
23	318
23	324
23	330
23	336
23	342
23	348
23	353
23	359
23	364
23	370
23	376
23	382
23	389
23	396
23	404
23	413
23	424
24	168
24	178
24	187
24	195
24	203
24	211
24	218
24	225
24	232
24	239
24	246
24	253
24	260
24	267
24	274
24	280
24	286
24	292
24	298
24	303
24	309
24	313
24	318
24	322
24	327
24	331
24	335
24	340
24	343
24	348
24	351
24	356
24	359
24	364
24	368
24	372
24	377
24	381
24	386
24	391
24	397
24	403
24	410
24	417
24	426
24	436
25	160
25	170
25	178
25	185
25	192
25	199
25	205
25	211
25	217
25	223
25	229
25	235
25	241
25	247
25	253
25	259
25	264
25	270
25	275
25	280
25	285
25	290
25	294
25	299
25	303
25	307
25	311
25	315
25	319
25	322
25	326
25	330
25	333
25	337
25	340
25	344
25	347
25	351
25	354
25	358
25	361
25	365
25	368
25	372
25	376
25	380
25	384
25	388
25	393
25	398
25	404
25	410
25	417
25	425
25	434
25	445
26	156
26	164
26	171
26	177
26	183
26	188
26	193
26	198
26	203
26	208
26	213
26	218
26	223
26	228
26	233
26	238
26	243
26	247
26	252
26	256
26	261
26	265
26	270
26	274
26	278
26	282
26	286
26	290
26	294
26	298
26	301
26	305
26	309
26	312
26	316
26	319
26	323
26	326
26	330
26	333
26	337
26	340
26	344
26	348
26	351
26	355
26	359
26	363
26	367
26	371
26	376
26	380
26	385
26	390
26	396
26	402
26	409
26	416
26	425
26	435
27	152
27	161
27	168
27	174
27	179
27	184
27	189
27	193
27	198
27	202
27	206
27	210
27	214
27	218
27	222
27	226
27	230
27	234
27	238
27	242
27	246
27	250
27	254
27	258
27	261
27	265
27	269
27	272
27	276
27	279
27	283
27	286
27	290
27	293
27	297
27	300
27	304
27	307
27	311
27	314
27	318
27	321
27	325
27	328
27	332
27	336
27	339
27	343
27	347
27	351
27	355
27	359
27	363
27	367
27	372
27	376
27	381
27	386
27	391
27	397
27	403
27	410
27	417
27	426
27	437
28	154
28	163
28	170
28	176
28	181
28	186
28	191
28	195
28	200
28	204
28	208
28	212
28	216
28	220
28	223
28	227
28	231
28	234
28	238
28	241
28	245
28	248
28	252
28	255
28	259
28	262
28	266
28	269
28	273
28	276
28	280
28	283
28	287
28	290
28	294
28	297
28	301
28	304
28	308
28	311
28	315
28	319
28	322
28	326
28	330
28	334
28	338
28	341
28	345
28	349
28	352
28	356
28	360
28	363
28	367
28	371
28	375
28	379
28	383
28	387
28	392
28	396
28	401
28	406
28	412
28	418
28	425
28	433
28	443
29	158
29	167
29	174
29	181
29	187
29	192
29	197
29	202
29	206
29	211
29	215
29	220
29	224
29	228
29	232
29	236
29	240
29	244
29	248
29	252
29	256
29	260
29	264
29	268
29	272
29	276
29	280
29	284
29	288
29	292
29	296
29	300
29	304
29	308
29	312
29	316
29	320
29	323
29	327
29	331
29	334
29	338
29	341
29	345
29	348
29	352
29	355
29	358
29	362
29	365
29	368
29	372
29	375
29	379
29	382
29	386
29	390
29	394
29	398
29	403
29	408
29	414
29	420
29	427
29	435
29	444
30	159
30	169
30	177
30	184
30	190
30	196
30	202
30	207
30	212
30	217
30	222
30	227
30	232
30	237
30	241
30	246
30	250
30	255
30	259
30	264
30	268
30	272
30	276
30	280
30	284
30	288
30	292
30	296
30	300
30	303
30	307
30	310
30	313
30	316
30	320
30	322
30	325
30	328
30	331
30	333
30	336
30	339
30	342
30	344
30	347
30	350
30	353
30	356
30	358
30	362
30	364
30	368
30	370
30	374
30	377
30	381
30	385
30	388
30	393
30	397
30	402
30	407
30	413
30	419
30	426
30	434
30	444
31	160
31	169
31	177
31	184
31	190
31	196
31	202
31	207
31	213
31	218
31	223
31	228
31	233
31	238
31	243
31	248
31	252
31	257
31	261
31	265
31	269
31	273
31	276
31	280
31	283
31	286
31	290
31	292
31	295
31	298
31	301
31	303
31	305
31	308
31	311
31	312
31	315
31	317
31	319
31	322
31	323
31	326
31	328
31	330
31	332
31	334
31	336
31	339
31	340
31	343
31	345
31	347
31	349
31	352
31	354
31	357
31	359
31	362
31	365
31	367
31	370
31	374
31	376
31	380
31	384
31	387
31	392
31	396
31	401
31	407
31	413
31	420
31	428
31	438
32	161
32	171
32	179
32	186
32	193
32	199
32	205
32	211
32	216
32	221
32	226
32	231
32	235
32	240
32	244
32	248
32	252
32	255
32	259
32	262
32	265
32	269
32	271
32	274
32	277
32	280
32	282
32	284
32	287
32	289
32	291
32	293
32	295
32	297
32	299
32	301
32	303
32	305
32	307
32	309
32	311
32	313
32	315
32	317
32	319
32	321
32	323
32	325
32	327
32	329
32	331
32	334
32	335
32	338
32	340
32	342
32	345
32	347
32	349
32	352
32	355
32	357
32	360
32	364
32	366
32	370
32	374
32	377
32	382
32	386
32	391
32	397
32	403
32	410
32	419
32	430
33	160
33	170
33	178
33	184
33	190
33	195
33	201
33	205
33	210
33	214
33	218
33	222
33	225
33	229
33	232
33	235
33	238
33	241
33	243
33	247
33	249
33	252
33	254
33	257
33	259
33	262
33	264
33	267
33	269
33	271
33	274
33	276
33	278
33	281
33	283
33	285
33	287
33	290
33	292
33	294
33	296
33	299
33	301
33	303
33	306
33	308
33	310
33	313
33	315
33	318
33	320
33	323
33	326
33	328
33	331
33	334
33	337
33	340
33	344
33	347
33	351
33	355
33	359
33	364
33	368
33	374
33	379
33	386
33	394
33	403
34	158
34	167
34	174
34	180
34	185
34	190
34	194
34	198
34	202
34	205
34	209
34	212
34	215
34	219
34	221
34	224
34	227
34	230
34	232
34	234
34	237
34	239
34	242
34	243
34	246
34	248
34	250
34	252
34	254
34	256
34	258
34	260
34	262
34	264
34	266
34	268
34	270
34	272
34	274
34	276
34	278
34	280
34	282
34	284
34	286
34	288
34	290
34	292
34	295
34	296
34	299
34	301
34	304
34	306
34	308
34	311
34	314
34	316
34	319
34	322
34	325
34	328
34	331
34	335
34	338
34	342
34	346
34	350
34	355
34	360
34	366
34	372
34	379
34	387
34	397
35	152
35	161
35	168
35	173
35	179
35	183
35	188
35	191
35	195
35	198
35	202
35	204
35	208
35	211
35	213
35	216
35	219
35	221
35	224
35	226
35	229
35	231
35	234
35	236
35	239
35	241
35	244
35	246
35	249
35	251
35	254
35	256
35	259
35	261
35	264
35	266
35	269
35	272
35	274
35	277
35	280
35	283
35	286
35	289
35	292
35	295
35	298
35	302
35	305
35	309
35	313
35	317
35	321
35	325
35	330
35	335
35	340
35	346
35	352
35	359
35	367
35	376
35	388
36	150
36	159
36	165
36	171
36	175
36	180
36	183
36	187
36	191
36	193
36	197
36	200
36	203
36	206
36	209
36	212
36	215
36	218
36	221
36	223
36	226
36	229
36	232
36	234
36	237
36	240
36	243
36	245
36	249
36	251
36	254
36	257
36	260
36	263
36	266
36	269
36	273
36	276
36	279
36	283
36	286
36	290
36	294
36	298
36	302
36	307
36	311
36	316
36	321
36	327
36	333
36	339
36	346
36	354
36	363
36	374
37	152
37	161
37	168
37	173
37	178
37	182
37	186
37	190
37	193
37	197
37	201
37	203
37	207
37	210
37	213
37	216
37	219
37	222
37	225
37	228
37	231
37	234
37	237
37	240
37	244
37	246
37	250
37	253
37	257
37	260
37	264
37	267
37	271
37	275
37	279
37	283
37	288
37	292
37	297
37	302
37	307
37	313
37	319
37	326
37	333
37	341
37	350
37	361
38	156
38	164
38	171
38	177
38	182
38	187
38	192
38	197
38	201
38	206
38	210
38	214
38	218
38	222
38	226
38	230
38	234
38	238
38	242
38	246
38	250
38	254
38	258
38	262
38	267
38	271
38	276
38	280
38	285
38	290
38	296
38	301
38	307
38	313
38	320
38	327
38	335
38	344
38	354
39	157
39	166
39	173
39	180
39	186
39	192
39	197
39	202
39	207
39	212
39	217
39	222
39	227
39	232
39	237
39	243
39	248
39	254
39	260
39	266
39	272
39	279
39	286
39	293
39	300
39	308
39	316
39	325
39	335
39	346
40	157
40	166
40	173
40	180
40	186
40	192
40	198
40	204
40	209
40	215
40	220
40	226
40	232
40	238
40	244
40	250
40	256
40	262
40	269
40	276
40	283
40	290
40	298
40	306
40	315
40	325
40	336
41	158
41	167
41	174
41	181
41	187
41	193
41	199
41	205
41	211
41	216
41	222
41	227
41	233
41	238
41	244
41	250
41	256
41	262
41	268
41	275
41	282
41	289
41	297
41	305
41	314
41	324
41	335
42	167
42	177
42	185
42	193
42	200
42	207
42	214
42	221
42	227
42	234
42	240
42	247
42	253
42	260
42	267
42	274
42	281
42	289
42	297
42	306
42	316
42	327
43	179
43	189
43	198
43	206
43	214
43	221
43	229
43	237
43	245
43	253
43	262
43	271
43	281
43	291
43	303
44	183
44	194
44	203
44	212
44	220
44	228
44	236
44	244
44	252
44	260
44	269
44	278
44	288
44	299
45	181
45	192
45	203
45	213
45	223
45	233
45	244
45	255
45	267
46	176
46	187
46	197
46	207
46	217
46	227
46	238
46	250
47	180
47	191
47	201
47	211
47	221
47	231
47	242
47	254
48	192
48	203
48	213
48	223
48	233
48	243
48	254
48	265
48	277
49	208
49	219
49	230
49	241
49	252
49	263
49	274
49	285
53	208
53	220
53	232
53	244
54	199
54	210
54	220
54	230
54	240
54	250
54	260
54	270
54	280
54	291
54	303
55	187
55	198
55	208
55	218
55	228
55	238
55	248
55	258
55	269
55	280
55	293
56	179
56	189
56	198
56	207
56	215
56	224
56	233
56	243
56	254
57	182
57	192
57	201
57	210
57	218
57	226
57	234
57	243
57	252
57	262
57	273
58	172
58	183
58	193
58	203
58	213
58	222
58	231
58	241
58	251
58	261
58	273
59	170
59	180
59	190
59	199
59	208
59	218
59	228
59	239
59	250
59	264
60	170
60	180
60	189
60	198
60	206
60	214
60	223
60	232
60	241
60	251
60	261
60	271
60	281
60	291
60	302
61	161
61	170
61	178
61	185
61	192
61	198
61	204
61	210
61	216
61	222
61	228
61	235
61	242
61	249
61	256
61	264
61	272
61	280
61	289
61	298
61	308
61	319
62	157
62	164
62	171
62	175
62	180
62	184
62	188
62	192
62	196
62	200
62	204
62	208
62	212
62	216
62	220
62	224
62	228
62	232
62	236
62	240
62	244
62	248
62	253
62	257
62	262
62	267
62	272
62	278
62	284
62	290
62	297
62	304
62	312
62	320
62	329
62	339
63	156
63	163
63	169
63	172
63	177
63	180
63	183
63	186
63	189
63	192
63	194
63	197
63	200
63	202
63	204
63	207
63	209
63	212
63	214
63	216
63	219
63	221
63	223
63	226
63	228
63	230
63	233
63	235
63	237
63	240
63	242
63	245
63	247
63	250
63	252
63	255
63	257
63	260
63	263
63	265
63	268
63	271
63	274
63	277
63	280
63	284
63	286
63	290
63	294
63	297
63	301
63	305
63	309
63	314
63	318
63	324
63	329
63	335
63	341
63	348
63	356
63	365
63	375
64	161
64	170
64	175
64	181
64	183
64	188
64	191
64	193
64	196
64	199
64	202
64	203
64	206
64	208
64	211
64	212
64	214
64	216
64	218
64	220
64	222
64	223
64	226
64	227
64	229
64	231
64	232
64	234
64	236
64	238
64	239
64	241
64	243
64	244
64	246
64	248
64	250
64	251
64	253
64	255
64	256
64	258
64	260
64	262
64	263
64	265
64	267
64	269
64	270
64	273
64	274
64	276
64	278
64	280
64	282
64	284
64	286
64	288
64	290
64	293
64	295
64	297
64	299
64	302
64	305
64	307
64	310
64	313
64	316
64	319
64	322
64	326
64	329
64	333
64	337
64	341
64	346
64	351
64	357
64	363
64	370
64	378
64	387
64	398
65	178
65	187
65	193
65	199
65	202
65	207
65	210
65	213
65	216
65	219
65	222
65	223
65	227
65	229
65	231
65	233
65	235
65	238
65	239
65	242
65	243
65	245
65	247
65	249
65	251
65	253
65	255
65	256
65	259
65	260
65	262
65	264
65	266
65	268
65	270
65	272
65	274
65	276
65	278
65	280
65	283
65	285
65	287
65	289
65	292
65	294
65	297
65	299
65	302
65	305
65	307
65	310
65	314
65	316
65	320
65	324
65	327
65	331
65	335
65	339
65	344
65	349
65	354
65	360
65	366
65	373
65	381
65	390
65	401
66	176
66	187
66	197
66	206
66	214
66	222
66	230
66	237
66	244
66	251
66	258
66	265
66	272
66	279
66	286
66	292
66	299
66	305
66	311
66	317
66	323
66	329
66	335
66	341
66	347
66	354
66	361
66	368
66	376
66	385
66	395
67	172
67	182
67	191
67	199
67	206
67	213
67	220
67	226
67	232
67	238
67	244
67	250
67	256
67	261
67	267
67	272
67	277
67	282
67	286
67	291
67	295
67	300
67	303
67	308
67	311
67	315
67	319
67	322
67	326
67	330
67	333
67	337
67	341
67	345
67	349
67	354
67	358
67	363
67	368
67	373
67	379
67	385
67	392
67	399
67	407
67	417
68	188
68	198
68	207
68	214
68	221
68	227
68	233
68	238
68	243
68	248
68	252
68	257
68	261
68	265
68	269
68	272
68	276
68	279
68	282
68	285
68	289
68	291
68	294
68	297
68	300
68	302
68	305
68	308
68	310
68	313
68	316
68	318
68	321
68	324
68	326
68	329
68	332
68	335
68	338
68	341
68	345
68	347
68	351
68	355
68	358
68	362
68	366
68	370
68	375
68	379
68	384
68	389
68	394
68	400
68	406
68	413
68	421
68	430
69	208
69	219
69	229
69	238
69	247
69	255
69	262
69	269
69	275
69	280
69	285
69	290
69	294
69	299
69	303
69	308
69	312
69	317
69	321
69	326
69	331
69	336
69	341
69	346
69	351
69	356
69	361
69	366
69	371
69	376
69	381
69	386
69	391
69	397
69	402
69	408
69	414
69	421
69	429
69	438
70	167
70	177
70	185
70	193
70	201
70	209
70	217
70	225
70	233
70	241
70	250
70	259
70	268
70	277
70	286
70	295
70	304
70	312
70	320
70	327
70	334
70	340
70	346
70	351
70	356
70	361
70	365
70	370
70	374
70	379
70	383
70	388
70	393
70	398
70	404
70	410
70	416
70	423
70	431
70	441
71	160
71	169
71	176
71	182
71	187
71	192
71	197
71	201
71	206
71	210
71	215
71	219
71	224
71	228
71	233
71	237
71	242
71	246
71	251
71	255
71	260
71	265
71	269
71	274
71	279
71	284
71	289
71	294
71	299
71	303
71	308
71	312
71	317
71	321
71	325
71	329
71	333
71	336
71	340
71	343
71	347
71	350
71	353
71	357
71	360
71	364
71	367
71	371
71	375
71	378
71	383
71	387
71	392
71	397
71	403
71	409
71	416
71	424
71	434
72	169
72	178
72	185
72	191
72	197
72	202
72	207
72	212
72	216
72	221
72	224
72	229
72	232
72	237
72	240
72	244
72	248
72	252
72	256
72	260
72	263
72	267
72	271
72	274
72	278
72	281
72	285
72	288
72	292
72	295
72	299
72	302
72	306
72	309
72	312
72	316
72	319
72	322
72	325
72	329
72	331
72	335
72	338
72	341
72	344
72	348
72	351
72	355
72	358
72	362
72	366
72	370
72	375
72	379
72	385
72	390
72	396
72	403
72	411
72	420
73	228
73	239
73	249
73	259
73	268
73	277
73	285
73	293
73	301
73	309
73	317
73	325
73	333
73	342
73	352
73	363
73	374
73	385
73	396
74	379
74	389
74	399
74	409
74	420
75	178
75	189
75	199
75	209
75	219
75	229
75	240
75	251
75	264
75	347
75	358
75	368
75	377
75	386
75	394
75	403
75	412
75	422
76	190
76	201
76	211
76	221
76	231
76	241
76	251
76	261
76	272
76	283
76	294
76	305
76	316
76	327
76	339
76	351
76	364
-1	-1
