-1	-1
9	189
9	200
9	211
9	221
9	231
9	241
9	251
9	261
9	271
9	282
9	294
10	171
10	181
10	190
10	198
10	205
10	212
10	219
10	226
10	233
10	240
10	247
10	254
10	261
10	268
10	276
10	284
10	292
10	301
10	310
10	320
10	333
11	168
11	178
11	186
11	193
11	200
11	207
11	213
11	219
11	225
11	231
11	237
11	243
11	249
11	255
11	261
11	267
11	273
11	279
11	285
11	291
11	297
11	304
11	311
11	319
11	327
11	336
11	346
12	167
12	176
12	183
12	190
12	196
12	202
12	208
12	213
12	218
12	223
12	228
12	233
12	238
12	243
12	248
12	253
12	258
12	263
12	268
12	273
12	278
12	283
12	288
12	294
12	300
12	306
12	313
12	320
12	328
12	336
12	345
12	355
13	170
13	180
13	188
13	195
13	201
13	207
13	213
13	218
13	224
13	229
13	234
13	239
13	244
13	249
13	255
13	260
13	266
13	272
13	278
13	284
13	290
13	297
13	304
13	312
13	320
13	329
13	339
14	190
14	201
14	210
14	219
14	227
14	235
14	243
14	251
14	259
14	267
14	275
14	284
14	293
14	303
14	313
14	325
15	187
15	198
15	208
15	217
15	225
15	233
15	241
15	249
15	257
15	265
15	273
15	281
15	289
15	297
15	306
15	315
15	325
15	335
15	346
15	357
16	177
16	187
16	196
16	204
16	211
16	218
16	224
16	230
16	236
16	242
16	248
16	254
16	260
16	266
16	272
16	278
16	284
16	290
16	296
16	302
16	308
16	314
16	320
16	326
16	333
16	340
16	347
16	354
16	361
16	368
16	376
16	384
16	393
16	403
17	178
17	188
17	197
17	204
17	211
17	218
17	224
17	230
17	236
17	241
17	246
17	251
17	256
17	261
17	266
17	271
17	275
17	280
17	284
17	289
17	293
17	298
17	302
17	307
17	311
17	316
17	320
17	325
17	330
17	335
17	340
17	345
17	350
17	355
17	360
17	365
17	370
17	375
17	381
17	387
17	393
17	400
17	407
17	416
17	426
18	186
18	196
18	205
18	213
18	220
18	227
18	234
18	240
18	246
18	252
18	257
18	263
18	268
18	273
18	278
18	283
18	288
18	293
18	298
18	302
18	307
18	311
18	316
18	320
18	325
18	329
18	334
18	338
18	343
18	347
18	352
18	356
18	361
18	365
18	370
18	374
18	379
18	384
18	389
18	394
18	400
18	406
18	413
18	420
18	429
18	439
19	189
19	200
19	209
19	218
19	226
19	234
19	241
19	248
19	255
19	262
19	269
19	275
19	282
19	288
19	294
19	300
19	306
19	312
19	318
19	324
19	330
19	336
19	342
19	348
19	354
19	360
19	366
19	372
19	378
19	384
19	390
19	397
19	405
19	414
19	424
20	198
20	209
20	219
20	229
20	238
20	247
20	256
20	264
20	272
20	280
20	288
20	296
20	304
20	312
20	321
20	330
20	339
20	348
20	357
20	366
20	375
20	384
20	394
20	405
21	197
21	208
21	218
21	228
21	238
21	247
21	256
21	266
21	276
21	286
21	296
21	306
21	315
21	324
21	334
21	344
21	354
21	364
21	374
21	384
21	395
22	189
22	200
22	210
22	219
22	228
22	237
22	246
22	255
22	264
22	273
22	282
22	291
22	300
22	308
22	316
22	325
22	334
22	343
22	352
22	360
22	368
22	376
22	385
22	394
22	404
23	187
23	198
23	208
23	217
23	226
23	235
23	243
23	251
23	259
23	267
23	275
23	283
23	291
23	299
23	307
23	314
23	321
23	328
23	335
23	342
23	349
23	356
23	363
23	370
23	377
23	384
23	391
23	399
23	407
23	416
23	427
24	172
24	182
24	191
24	200
24	208
24	216
24	223
24	230
24	237
24	244
24	251
24	258
24	265
24	272
24	279
24	285
24	291
24	297
24	303
24	309
24	314
24	320
24	325
24	331
24	336
24	341
24	346
24	351
24	356
24	361
24	366
24	371
24	376
24	381
24	386
24	392
24	398
24	404
24	411
24	418
24	426
24	436
25	163
25	173
25	181
25	189
25	196
25	202
25	208
25	214
25	219
25	224
25	229
25	234
25	239
25	244
25	249
25	254
25	259
25	264
25	269
25	274
25	278
25	283
25	287
25	292
25	296
25	300
25	304
25	308
25	312
25	316
25	320
25	324
25	328
25	332
25	336
25	340
25	344
25	348
25	351
25	355
25	359
25	362
25	366
25	370
25	373
25	377
25	381
25	385
25	389
25	393
25	398
25	402
25	407
25	412
25	418
25	424
25	431
25	439
25	448
25	459
26	158
26	167
26	174
26	181
26	187
26	192
26	197
26	202
26	207
26	211
26	216
26	220
26	224
26	228
26	232
26	236
26	240
26	244
26	248
26	251
26	255
26	259
26	262
26	266
26	270
26	273
26	277
26	280
26	284
26	287
26	291
26	294
26	298
26	301
26	304
26	308
26	311
26	314
26	318
26	321
26	324
26	328
26	331
26	334
26	338
26	341
26	344
26	348
26	351
26	354
26	358
26	361
26	364
26	368
26	371
26	374
26	378
26	381
26	385
26	388
26	392
26	396
26	400
26	405
26	409
26	414
26	419
26	425
26	431
26	438
26	446
26	455
26	466
27	158
27	167
27	173
27	179
27	184
27	189
27	193
27	197
27	201
27	205
27	209
27	212
27	216
27	219
27	223
27	226
27	230
27	233
27	236
27	240
27	242
27	246
27	249
27	252
27	255
27	258
27	261
27	264
27	267
27	270
27	273
27	276
27	279
27	282
27	285
27	288
27	291
27	295
27	297
27	301
27	304
27	307
27	311
27	314
27	318
27	321
27	325
27	328
27	332
27	336
27	339
27	343
27	347
27	351
27	355
27	359
27	363
27	367
27	371
27	375
27	379
27	383
27	387
27	392
27	396
27	401
27	406
27	411
27	417
27	423
27	430
27	437
27	445
27	455
28	160
28	169
28	176
28	182
28	187
28	192
28	197
28	201
28	205
28	209
28	213
28	217
28	221
28	224
28	228
28	232
28	235
28	239
28	242
28	246
28	249
28	253
28	256
28	260
28	263
28	267
28	270
28	274
28	277
28	281
28	284
28	288
28	291
28	295
28	299
28	303
28	307
28	311
28	315
28	319
28	323
28	327
28	331
28	336
28	340
28	345
28	349
28	354
28	358
28	363
28	367
28	372
28	377
28	382
28	387
28	392
28	398
28	404
28	410
28	417
28	425
28	433
28	443
28	455
29	167
29	177
29	185
29	192
29	199
29	205
29	211
29	216
29	221
29	226
29	231
29	236
29	241
29	245
29	250
29	254
29	259
29	263
29	268
29	273
29	277
29	282
29	287
29	292
29	297
29	302
29	307
29	312
29	317
29	322
29	327
29	332
29	337
29	342
29	347
29	352
29	357
29	361
29	366
29	370
29	375
29	379
29	384
29	388
29	393
29	398
29	404
29	410
29	416
29	423
29	430
29	438
29	448
30	168
30	178
30	187
30	195
30	202
30	209
30	215
30	221
30	227
30	233
30	239
30	244
30	250
30	255
30	260
30	265
30	270
30	275
30	280
30	285
30	290
30	295
30	300
30	305
30	310
30	314
30	319
30	323
30	328
30	332
30	336
30	341
30	345
30	349
30	353
30	357
30	361
30	365
30	369
30	373
30	377
30	381
30	385
30	389
30	393
30	398
30	402
30	407
30	412
30	418
30	424
30	431
30	438
30	446
30	456
31	169
31	179
31	188
31	195
31	202
31	209
31	215
31	221
31	227
31	233
31	239
31	244
31	250
31	255
31	260
31	265
31	270
31	274
31	279
31	283
31	288
31	292
31	296
31	300
31	303
31	307
31	310
31	313
31	316
31	320
31	322
31	325
31	328
31	331
31	333
31	336
31	339
31	342
31	344
31	347
31	350
31	352
31	355
31	358
31	360
31	364
31	366
31	369
31	372
31	375
31	378
31	381
31	384
31	387
31	391
31	394
31	398
31	402
31	406
31	410
31	415
31	419
31	425
31	430
31	437
31	444
31	452
31	462
32	168
32	178
32	187
32	194
32	201
32	208
32	214
32	220
32	225
32	231
32	236
32	241
32	245
32	250
32	253
32	258
32	261
32	265
32	268
32	272
32	274
32	278
32	281
32	283
32	287
32	289
32	292
32	294
32	297
32	299
32	302
32	303
32	306
32	308
32	311
32	312
32	314
32	317
32	319
32	321
32	323
32	325
32	327
32	329
32	331
32	333
32	335
32	337
32	339
32	341
32	343
32	345
32	347
32	349
32	351
32	353
32	355
32	357
32	359
32	361
32	364
32	365
32	368
32	370
32	372
32	375
32	377
32	379
32	382
32	385
32	387
32	390
32	393
32	396
32	399
32	403
32	406
32	410
32	414
32	418
32	423
32	428
32	434
32	440
32	447
32	456
32	467
33	160
33	170
33	178
33	185
33	191
33	197
33	203
33	208
33	213
33	218
33	222
33	227
33	231
33	235
33	239
33	242
33	246
33	249
33	252
33	255
33	258
33	261
33	263
33	266
33	269
33	271
33	273
33	276
33	278
33	280
33	282
33	284
33	287
33	288
33	291
33	292
33	295
33	296
33	299
33	301
33	302
33	305
33	307
33	308
33	311
33	313
33	315
33	317
33	319
33	321
33	323
33	325
33	327
33	329
33	331
33	333
33	335
33	337
33	339
33	342
33	343
33	346
33	348
33	350
33	352
33	355
33	357
33	359
33	362
33	364
33	366
33	369
33	371
33	374
33	376
33	379
33	382
33	385
33	388
33	391
33	395
33	398
33	402
33	406
33	410
33	415
33	420
33	426
33	433
33	441
33	450
34	158
34	167
34	173
34	179
34	184
34	189
34	193
34	198
34	201
34	205
34	209
34	212
34	215
34	219
34	222
34	225
34	228
34	231
34	234
34	237
34	240
34	242
34	245
34	248
34	250
34	253
34	255
34	258
34	260
34	263
34	265
34	268
34	270
34	273
34	275
34	277
34	280
34	282
34	284
34	287
34	289
34	291
34	294
34	296
34	298
34	301
34	303
34	306
34	308
34	310
34	313
34	315
34	318
34	320
34	323
34	325
34	328
34	330
34	334
34	336
34	339
34	342
34	345
34	348
34	351
34	354
34	357
34	360
34	364
34	367
34	371
34	375
34	378
34	383
34	387
34	392
34	397
34	403
34	409
34	416
34	424
34	434
35	152
35	161
35	167
35	172
35	177
35	181
35	184
35	188
35	191
35	194
35	197
35	201
35	203
35	206
35	209
35	212
35	214
35	217
35	220
35	222
35	225
35	227
35	230
35	232
35	234
35	237
35	239
35	241
35	244
35	246
35	248
35	251
35	253
35	255
35	258
35	260
35	262
35	265
35	267
35	269
35	272
35	274
35	276
35	279
35	281
35	283
35	286
35	288
35	290
35	293
35	295
35	298
35	300
35	303
35	306
35	308
35	311
35	314
35	317
35	320
35	323
35	326
35	329
35	333
35	336
35	340
35	344
35	348
35	352
35	357
35	361
35	366
35	371
35	377
35	383
35	390
35	398
35	407
36	150
36	159
36	164
36	170
36	174
36	179
36	182
36	186
36	190
36	192
36	196
36	199
36	202
36	204
36	208
36	210
36	213
36	215
36	218
36	221
36	223
36	225
36	228
36	230
36	233
36	235
36	238
36	240
36	243
36	245
36	248
36	250
36	253
36	256
36	258
36	261
36	264
36	267
36	269
36	273
36	275
36	278
36	281
36	284
36	287
36	290
36	294
36	297
36	301
36	304
36	308
36	312
36	316
36	320
36	324
36	328
36	333
36	337
36	342
36	347
36	353
36	359
36	365
36	372
36	379
36	387
36	397
37	151
37	160
37	167
37	172
37	177
37	181
37	185
37	189
37	192
37	196
37	199
37	203
37	206
37	209
37	212
37	215
37	218
37	221
37	224
37	227
37	230
37	233
37	235
37	239
37	241
37	244
37	247
37	250
37	253
37	256
37	259
37	262
37	265
37	268
37	271
37	274
37	277
37	280
37	284
37	287
37	291
37	294
37	298
37	302
37	306
37	310
37	315
37	319
37	324
37	329
37	335
37	341
37	347
37	354
37	361
37	369
37	378
37	388
38	153
38	162
38	169
38	174
38	180
38	184
38	189
38	192
38	196
38	200
38	203
38	207
38	210
38	214
38	217
38	221
38	224
38	228
38	231
38	235
38	238
38	242
38	245
38	249
38	253
38	256
38	260
38	264
38	268
38	272
38	276
38	281
38	285
38	290
38	295
38	300
38	306
38	312
38	318
38	325
38	332
38	340
38	349
38	359
38	370
39	157
39	166
39	173
39	180
39	186
39	192
39	197
39	202
39	207
39	212
39	217
39	222
39	226
39	231
39	236
39	241
39	246
39	251
39	256
39	261
39	267
39	273
39	279
39	285
39	292
39	299
39	306
39	314
39	322
39	331
39	340
39	350
40	167
40	177
40	185
40	193
40	200
40	207
40	214
40	220
40	226
40	232
40	238
40	245
40	252
40	259
40	266
40	273
40	280
40	288
40	296
40	304
40	312
40	321
40	330
40	340
40	351
41	173
41	183
41	192
41	200
41	208
41	215
41	222
41	229
41	236
41	243
41	250
41	256
41	263
41	269
41	276
41	283
41	290
41	297
41	305
41	313
41	322
41	332
41	344
42	172
42	182
42	191
42	199
42	207
42	214
42	221
42	228
42	235
42	242
42	249
42	256
42	263
42	270
42	278
42	286
42	294
42	303
42	313
42	325
43	177
43	187
43	196
43	205
43	213
43	221
43	229
43	237
43	246
43	255
43	264
43	274
43	284
43	295
44	198
44	210
44	221
44	232
44	243
44	255
45	211
45	223
45	235
45	248
45	263
46	222
46	235
46	247
46	259
46	271
49	212
49	225
50	207
50	218
50	229
50	240
50	251
50	263
50	275
51	212
51	224
51	235
51	246
51	257
51	268
51	279
51	291
51	304
52	238
52	251
52	264
53	239
53	252
53	265
54	212
54	226
54	239
54	251
54	263
54	275
55	187
55	198
55	208
55	218
55	228
55	238
55	248
55	258
55	269
55	280
55	292
56	182
56	192
56	201
56	209
56	217
56	225
56	233
56	241
56	249
56	257
56	266
56	275
56	284
56	294
56	304
56	314
56	325
57	180
57	191
57	201
57	210
57	218
57	226
57	234
57	242
57	250
57	258
57	266
57	274
57	283
57	292
57	301
57	311
57	322
57	335
58	176
58	187
58	198
58	209
58	220
58	230
58	240
58	250
58	260
58	270
58	281
58	292
59	172
59	183
59	193
59	203
59	213
59	223
59	234
59	245
59	257
59	269
59	282
60	167
60	177
60	186
60	194
60	202
60	210
60	218
60	226
60	234
60	243
60	252
60	261
60	270
60	279
60	289
60	299
60	311
61	158
61	167
61	174
61	181
61	187
61	193
61	198
61	203
61	208
61	213
61	218
61	223
61	228
61	234
61	239
61	245
61	251
61	257
61	264
61	271
61	278
61	286
61	294
61	303
61	313
61	323
61	335
62	157
62	164
62	171
62	175
62	180
62	183
62	188
62	191
62	195
62	198
62	202
62	205
62	208
62	212
62	214
62	218
62	221
62	224
62	228
62	231
62	234
62	238
62	241
62	245
62	248
62	252
62	256
62	259
62	264
62	267
62	272
62	276
62	281
62	286
62	291
62	296
62	302
62	308
62	315
62	322
62	330
62	338
62	347
62	357
63	160
63	169
63	174
63	180
63	183
63	187
63	191
63	193
63	197
63	199
63	202
63	204
63	207
63	210
63	212
63	214
63	217
63	219
63	221
63	223
63	226
63	228
63	230
63	232
63	235
63	236
63	239
63	241
63	243
63	245
63	248
63	250
63	252
63	255
63	257
63	259
63	262
63	264
63	266
63	269
63	271
63	274
63	276
63	279
63	282
63	284
63	287
63	290
63	293
63	296
63	299
63	303
63	306
63	310
63	314
63	318
63	323
63	327
63	332
63	337
63	343
63	349
63	356
63	364
63	373
63	384
64	170
64	179
64	185
64	191
64	194
64	199
64	202
64	204
64	208
64	211
64	212
64	216
64	218
64	221
64	222
64	225
64	227
64	229
64	231
64	233
64	235
64	237
64	239
64	241
64	242
64	245
64	246
64	248
64	250
64	252
64	253
64	255
64	257
64	259
64	261
64	262
64	265
64	266
64	268
64	270
64	272
64	274
64	276
64	278
64	280
64	282
64	284
64	286
64	288
64	290
64	293
64	295
64	297
64	300
64	303
64	305
64	308
64	311
64	314
64	317
64	320
64	324
64	327
64	331
64	335
64	339
64	344
64	349
64	355
64	361
64	368
64	375
64	383
64	393
65	176
65	187
65	196
65	204
65	211
65	218
65	223
65	228
65	232
65	237
65	241
65	244
65	248
65	252
65	255
65	259
65	262
65	266
65	269
65	273
65	276
65	280
65	283
65	287
65	291
65	295
65	299
65	303
65	307
65	311
65	316
65	320
65	325
65	330
65	335
65	340
65	346
65	351
65	357
65	363
65	370
65	377
65	385
65	394
65	405
66	168
66	178
66	186
66	193
66	200
66	207
66	214
66	220
66	227
66	234
66	241
66	248
66	255
66	262
66	268
66	274
66	280
66	286
66	291
66	296
66	301
66	306
66	311
66	315
66	320
66	324
66	329
66	333
66	337
66	342
66	346
66	351
66	355
66	360
66	365
66	370
66	376
66	382
66	388
66	395
66	403
66	412
66	425
67	170
67	179
67	187
67	193
67	199
67	204
67	210
67	214
67	219
67	223
67	228
67	232
67	236
67	241
67	244
67	249
67	252
67	257
67	260
67	264
67	268
67	271
67	275
67	278
67	282
67	284
67	288
67	291
67	293
67	297
67	299
67	302
67	305
67	307
67	310
67	312
67	315
67	317
67	320
67	322
67	325
67	327
67	330
67	332
67	335
67	337
67	340
67	343
67	345
67	348
67	351
67	354
67	357
67	360
67	364
67	367
67	371
67	375
67	378
67	383
67	387
67	392
67	397
67	403
67	409
67	416
67	424
67	434
68	180
68	190
68	199
68	207
68	214
68	220
68	225
68	231
68	235
68	240
68	244
68	249
68	252
68	256
68	260
68	263
68	267
68	270
68	273
68	276
68	279
68	282
68	284
68	287
68	290
68	292
68	294
68	297
68	299
68	301
68	304
68	306
68	308
68	311
68	313
68	315
68	317
68	320
68	322
68	324
68	327
68	329
68	331
68	334
68	336
68	339
68	341
68	345
68	347
68	350
68	354
68	356
68	360
68	363
68	366
68	370
68	373
68	377
68	380
68	384
68	388
68	392
68	397
68	401
68	406
68	411
68	417
68	424
68	432
68	441
69	176
69	187
69	197
69	207
69	216
69	225
69	234
69	242
69	250
69	257
69	264
69	271
69	277
69	283
69	289
69	294
69	300
69	305
69	311
69	317
69	323
69	329
69	335
69	341
69	347
69	353
69	358
69	363
69	368
69	372
69	377
69	381
69	385
69	390
69	394
69	399
69	404
69	409
69	415
69	421
69	428
69	436
69	446
70	163
70	172
70	180
70	187
70	193
70	199
70	205
70	211
70	217
70	223
70	229
70	235
70	241
70	247
70	253
70	259
70	266
70	272
70	279
70	285
70	292
70	298
70	304
70	310
70	316
70	322
70	327
70	332
70	337
70	342
70	346
70	351
70	354
70	358
70	362
70	365
70	369
70	372
70	375
70	379
70	382
70	386
70	389
70	394
70	397
70	402
70	406
70	411
70	416
70	422
70	429
70	437
70	447
71	162
71	171
71	178
71	183
71	188
71	193
71	197
71	201
71	205
71	209
71	212
71	216
71	220
71	223
71	227
71	230
71	234
71	237
71	241
71	244
71	248
71	251
71	255
71	258
71	262
71	265
71	269
71	272
71	276
71	279
71	283
71	286
71	290
71	293
71	297
71	300
71	303
71	307
71	310
71	313
71	316
71	319
71	322
71	325
71	328
71	331
71	333
71	337
71	339
71	342
71	344
71	347
71	350
71	352
71	355
71	357
71	360
71	363
71	365
71	368
71	371
71	374
71	377
71	380
71	384
71	387
71	391
71	395
71	399
71	404
71	408
71	414
71	419
71	426
71	434
71	443
72	173
72	182
72	190
72	197
72	203
72	208
72	213
72	218
72	222
72	226
72	230
72	234
72	238
72	242
72	245
72	249
72	252
72	256
72	259
72	263
72	266
72	269
72	273
72	276
72	279
72	282
72	285
72	288
72	291
72	294
72	297
72	300
72	303
72	306
72	309
72	312
72	315
72	318
72	321
72	323
72	327
72	329
72	332
72	335
72	338
72	340
72	344
72	346
72	349
72	352
72	355
72	358
72	362
72	365
72	369
72	373
72	377
72	381
72	386
72	390
72	395
72	400
72	406
72	412
72	418
72	425
72	433
72	443
73	261
73	273
73	284
73	295
73	306
73	318
73	371
73	382
73	391
73	399
73	406
73	413
73	420
73	428
73	436
73	446
74	190
74	204
74	362
74	372
74	381
74	389
74	395
74	401
74	406
74	412
74	417
74	423
74	428
74	434
74	441
74	448
74	456
74	466
75	172
75	182
75	191
75	199
75	207
75	214
75	221
75	228
75	235
75	243
75	251
75	259
75	267
75	275
75	283
75	291
75	299
75	307
75	315
75	323
75	331
75	339
75	347
75	355
75	362
75	369
75	376
75	382
75	388
75	394
75	400
75	406
75	413
75	420
75	427
75	435
75	445
76	189
76	199
76	208
76	217
76	225
76	233
76	241
76	249
76	257
76	265
76	273
76	281
76	289
76	297
76	305
76	313
76	321
76	329
76	337
76	345
76	353
76	362
76	371
76	381
76	393
-1	-1
