-1	-1
9	238
9	250
9	261
9	272
9	283
9	295
10	200
10	211
10	221
10	230
10	239
10	247
10	255
10	263
10	271
10	278
10	286
10	294
10	302
10	311
10	320
10	330
10	342
11	190
11	200
11	209
11	217
11	225
11	232
11	239
11	246
11	252
11	259
11	265
11	271
11	277
11	283
11	290
11	297
11	304
11	312
11	320
11	329
11	339
12	186
12	196
12	204
12	212
12	219
12	226
12	232
12	238
12	244
12	250
12	256
12	262
12	268
12	274
12	281
12	288
12	295
12	303
12	311
12	320
12	330
13	190
13	200
13	209
13	218
13	226
13	234
13	242
13	250
13	258
13	266
13	275
13	284
13	294
13	304
13	315
14	207
14	218
14	229
14	240
14	251
14	262
14	273
14	283
14	293
14	304
14	315
14	326
14	337
15	188
15	199
15	209
15	218
15	227
15	235
15	243
15	251
15	259
15	267
15	274
15	281
15	288
15	295
15	302
15	309
15	316
15	323
15	330
15	337
15	345
15	353
15	362
15	372
15	384
16	173
16	183
16	192
16	200
16	207
16	214
16	220
16	226
16	232
16	238
16	243
16	249
16	254
16	260
16	265
16	270
16	275
16	280
16	285
16	290
16	295
16	300
16	305
16	310
16	314
16	319
16	323
16	328
16	332
16	337
16	342
16	347
16	352
16	357
16	363
16	369
16	376
16	383
16	391
16	400
16	411
17	172
17	182
17	190
17	197
17	203
17	209
17	214
17	220
17	224
17	229
17	233
17	238
17	242
17	246
17	251
17	254
17	259
17	262
17	267
17	270
17	274
17	278
17	282
17	285
17	289
17	292
17	296
17	299
17	303
17	306
17	310
17	313
17	317
17	320
17	323
17	327
17	330
17	333
17	337
17	340
17	344
17	347
17	351
17	355
17	358
17	363
17	367
17	371
17	376
17	381
17	386
17	392
17	398
17	405
17	413
17	422
17	434
18	177
18	187
18	195
18	202
18	209
18	215
18	221
18	226
18	231
18	236
18	241
18	246
18	251
18	255
18	260
18	264
18	269
18	273
18	278
18	282
18	286
18	290
18	294
18	298
18	302
18	306
18	310
18	314
18	318
18	322
18	326
18	330
18	334
18	338
18	342
18	346
18	350
18	355
18	359
18	364
18	369
18	374
18	380
18	386
18	393
18	401
18	410
18	421
19	182
19	193
19	202
19	211
19	219
19	227
19	234
19	241
19	248
19	255
19	262
19	269
19	276
19	283
19	290
19	297
19	304
19	311
19	318
19	325
19	333
19	341
19	349
19	357
19	366
19	376
20	196
20	207
20	217
20	227
20	236
20	245
20	254
20	263
20	272
20	281
20	290
20	299
20	308
20	318
20	328
20	338
20	349
20	363
21	210
21	222
21	233
21	244
21	255
21	266
21	277
21	288
21	299
21	311
21	323
21	336
22	278
22	291
22	304
22	316
22	328
22	339
22	350
22	362
23	200
23	212
23	223
23	234
23	245
23	256
23	267
23	277
23	287
23	297
23	307
23	317
23	326
23	335
23	344
23	353
23	362
23	371
23	380
23	390
23	402
24	188
24	199
24	209
24	219
24	228
24	237
24	246
24	255
24	264
24	272
24	280
24	288
24	296
24	303
24	310
24	317
24	323
24	329
24	335
24	341
24	347
24	353
24	359
24	365
24	371
24	377
24	384
24	391
24	398
24	406
24	415
24	426
25	172
25	182
25	191
25	200
25	208
25	216
25	224
25	231
25	238
25	245
25	252
25	259
25	266
25	272
25	278
25	284
25	290
25	295
25	300
25	305
25	310
25	315
25	320
25	324
25	329
25	333
25	338
25	342
25	346
25	351
25	355
25	359
25	364
25	368
25	373
25	377
25	382
25	387
25	392
25	398
25	404
25	411
25	418
25	427
25	437
26	163
26	173
26	181
26	188
26	195
26	201
26	207
26	213
26	219
26	224
26	229
26	234
26	239
26	244
26	249
26	254
26	258
26	263
26	267
26	272
26	276
26	280
26	284
26	288
26	291
26	295
26	298
26	302
26	305
26	308
26	312
26	314
26	318
26	321
26	324
26	327
26	330
26	333
26	336
26	339
26	342
26	345
26	348
26	352
26	355
26	358
26	362
26	365
26	369
26	372
26	376
26	379
26	384
26	387
26	392
26	396
26	401
26	406
26	412
26	418
26	425
26	433
26	443
27	158
27	167
27	174
27	180
27	185
27	191
27	195
27	200
27	204
27	209
27	213
27	217
27	221
27	225
27	229
27	233
27	236
27	240
27	243
27	247
27	250
27	254
27	257
27	261
27	263
27	267
27	270
27	273
27	276
27	279
27	282
27	285
27	288
27	291
27	293
27	297
27	299
27	302
27	305
27	308
27	310
27	313
27	316
27	318
27	321
27	324
27	327
27	329
27	333
27	335
27	338
27	341
27	345
27	347
27	351
27	354
27	358
27	361
27	365
27	368
27	372
27	376
27	380
27	385
27	389
27	394
27	399
27	405
27	411
27	418
27	426
27	436
28	158
28	167
28	174
28	180
28	185
28	190
28	194
28	199
28	203
28	207
28	211
28	215
28	219
28	223
28	227
28	230
28	234
28	237
28	241
28	244
28	248
28	251
28	254
28	257
28	261
28	263
28	267
28	270
28	273
28	276
28	279
28	282
28	285
28	288
28	291
28	294
28	297
28	300
28	304
28	307
28	310
28	314
28	317
28	321
28	324
28	328
28	331
28	335
28	338
28	342
28	346
28	350
28	354
28	358
28	362
28	367
28	371
28	376
28	381
28	386
28	392
28	398
28	405
28	413
28	422
28	434
29	162
29	172
29	180
29	186
29	192
29	197
29	202
29	207
29	212
29	216
29	221
29	225
29	229
29	233
29	237
29	241
29	245
29	249
29	253
29	257
29	261
29	265
29	269
29	273
29	277
29	281
29	285
29	289
29	293
29	297
29	301
29	304
29	308
29	312
29	315
29	319
29	322
29	326
29	329
29	333
29	336
29	340
29	343
29	347
29	350
29	354
29	357
29	361
29	364
29	368
29	372
29	376
29	380
29	384
29	388
29	393
29	398
29	403
29	409
29	415
29	422
29	430
29	440
30	167
30	176
30	184
30	191
30	197
30	202
30	207
30	212
30	217
30	221
30	226
30	230
30	235
30	239
30	243
30	248
30	252
30	256
30	261
30	265
30	269
30	273
30	277
30	281
30	285
30	289
30	293
30	297
30	301
30	304
30	308
30	311
30	314
30	317
30	320
30	323
30	326
30	329
30	331
30	334
30	337
30	339
30	342
30	345
30	347
30	350
30	353
30	355
30	358
30	361
30	363
30	366
30	369
30	372
30	375
30	378
30	381
30	384
30	387
30	391
30	394
30	398
30	402
30	406
30	410
30	415
30	420
30	426
30	432
30	439
30	448
31	167
31	177
31	185
31	193
31	200
31	207
31	214
31	220
31	226
31	232
31	238
31	244
31	249
31	254
31	259
31	264
31	269
31	273
31	278
31	282
31	286
31	290
31	293
31	297
31	300
31	303
31	306
31	310
31	312
31	315
31	318
31	321
31	323
31	326
31	329
31	331
31	334
31	336
31	339
31	341
31	344
31	346
31	349
31	351
31	354
31	356
31	359
31	362
31	364
31	367
31	370
31	373
31	376
31	379
31	382
31	386
31	389
31	393
31	396
31	400
31	404
31	408
31	413
31	418
31	424
31	430
31	437
31	446
31	457
32	168
32	178
32	187
32	195
32	202
32	209
32	215
32	221
32	227
32	233
32	239
32	244
32	250
32	254
32	259
32	263
32	268
32	271
32	275
32	279
32	282
32	285
32	289
32	292
32	294
32	298
32	300
32	303
32	306
32	308
32	311
32	314
32	316
32	319
32	322
32	324
32	327
32	329
32	332
32	335
32	337
32	340
32	343
32	346
32	348
32	352
32	354
32	358
32	360
32	364
32	367
32	371
32	375
32	378
32	383
32	387
32	392
32	397
32	402
32	408
32	414
32	421
32	429
32	439
33	161
33	171
33	179
33	186
33	192
33	198
33	203
33	209
33	213
33	218
33	222
33	226
33	230
33	234
33	238
33	242
33	245
33	249
33	252
33	256
33	259
33	262
33	265
33	269
33	271
33	274
33	277
33	280
33	283
33	285
33	289
33	291
33	294
33	297
33	300
33	303
33	306
33	309
33	312
33	315
33	318
33	321
33	324
33	327
33	331
33	334
33	338
33	341
33	346
33	349
33	354
33	358
33	363
33	368
33	374
33	380
33	387
33	394
33	402
33	411
33	423
34	157
34	165
34	172
34	178
34	183
34	188
34	193
34	197
34	202
34	205
34	210
34	213
34	217
34	221
34	223
34	227
34	230
34	232
34	235
34	238
34	240
34	243
34	245
34	248
34	250
34	252
34	255
34	257
34	259
34	262
34	263
34	266
34	268
34	270
34	272
34	275
34	276
34	279
34	281
34	283
34	285
34	287
34	290
34	291
34	294
34	296
34	298
34	300
34	303
34	305
34	307
34	310
34	312
34	315
34	317
34	320
34	323
34	326
34	328
34	332
34	335
34	338
34	342
34	346
34	349
34	354
34	358
34	363
34	368
34	374
34	381
34	389
34	398
34	409
35	152
35	161
35	167
35	172
35	177
35	181
35	185
35	189
35	192
35	195
35	199
35	201
35	204
35	207
35	210
35	212
35	215
35	218
35	220
35	222
35	225
35	227
35	230
35	232
35	233
35	236
35	238
35	240
35	242
35	244
35	246
35	248
35	250
35	252
35	254
35	256
35	258
35	260
35	262
35	264
35	266
35	268
35	270
35	272
35	274
35	276
35	278
35	280
35	282
35	285
35	286
35	289
35	291
35	294
35	296
35	298
35	301
35	304
35	306
35	309
35	312
35	315
35	318
35	322
35	325
35	329
35	333
35	337
35	342
35	347
35	353
35	359
35	366
35	374
35	384
36	158
36	166
36	172
36	177
36	182
36	185
36	190
36	192
36	196
36	199
36	202
36	204
36	207
36	210
36	212
36	214
36	217
36	219
36	221
36	223
36	226
36	228
36	230
36	232
36	235
36	237
36	239
36	241
36	244
36	246
36	248
36	250
36	253
36	255
36	257
36	260
36	262
36	265
36	267
36	270
36	272
36	275
36	278
36	280
36	284
36	286
36	289
36	293
36	296
36	299
36	303
36	307
36	311
36	316
36	320
36	326
36	331
36	337
36	344
36	352
36	361
36	372
37	159
37	168
37	174
37	180
37	184
37	189
37	193
37	197
37	201
37	204
37	208
37	211
37	214
37	218
37	221
37	224
37	228
37	231
37	234
37	238
37	241
37	244
37	248
37	251
37	255
37	258
37	262
37	265
37	269
37	273
37	277
37	281
37	285
37	289
37	294
37	299
37	304
37	310
37	316
37	323
37	330
37	338
37	347
38	162
38	171
38	179
38	184
38	190
38	194
38	199
38	203
38	207
38	211
38	214
38	218
38	222
38	225
38	229
38	232
38	236
38	239
38	243
38	247
38	250
38	255
38	258
38	263
38	267
38	271
38	276
38	280
38	285
38	290
38	295
38	301
38	307
38	313
38	320
38	327
38	335
38	345
39	167
39	176
39	183
39	190
39	196
39	202
39	208
39	214
39	220
39	225
39	231
39	236
39	241
39	246
39	251
39	256
39	261
39	267
39	272
39	278
39	284
39	290
39	297
39	304
39	312
39	321
39	331
40	169
40	179
40	188
40	195
40	202
40	209
40	215
40	221
40	227
40	233
40	240
40	247
40	254
40	261
40	268
40	275
40	283
40	291
40	299
40	308
40	318
41	178
41	188
41	197
41	205
41	213
41	220
41	227
41	234
41	241
41	249
41	257
41	265
41	273
41	281
41	290
41	300
41	311
42	182
42	192
42	201
42	210
42	218
42	226
42	234
42	242
42	250
42	258
42	266
42	275
42	284
42	294
42	304
42	315
43	193
43	204
43	214
43	224
43	233
43	242
43	251
43	260
43	269
43	279
43	289
43	300
44	216
44	228
44	240
44	253
45	209
45	220
45	231
45	243
45	256
50	222
50	236
55	188
55	199
55	209
55	218
55	227
55	236
55	246
55	256
55	267
55	278
55	294
56	183
56	193
56	202
56	210
56	217
56	224
56	231
56	238
56	246
56	254
56	262
56	270
56	279
56	288
56	298
56	308
56	320
57	191
57	202
57	212
57	221
57	230
57	238
57	246
57	254
57	263
57	272
57	281
57	291
57	302
59	179
59	190
59	200
59	210
59	220
59	230
59	240
59	251
59	263
60	177
60	187
60	196
60	204
60	212
60	220
60	228
60	236
60	244
60	253
60	262
60	272
60	282
60	292
60	303
61	177
61	187
61	195
61	202
61	209
61	216
61	222
61	228
61	234
61	240
61	247
61	254
61	261
61	268
61	276
61	284
61	293
61	302
61	312
61	324
62	169
62	179
62	186
62	192
62	197
62	202
62	206
62	211
62	214
62	219
62	222
62	226
62	230
62	234
62	238
62	242
62	246
62	250
62	254
62	258
62	262
62	266
62	270
62	275
62	279
62	284
62	289
62	295
62	301
62	307
62	314
62	321
62	329
62	338
62	348
63	163
63	172
63	179
63	183
63	188
63	192
63	195
63	199
63	202
63	204
63	208
63	210
63	212
63	215
63	218
63	220
63	222
63	225
63	227
63	229
63	232
63	233
63	236
63	238
63	240
63	242
63	245
63	247
63	249
63	251
63	254
63	256
63	258
63	260
63	263
63	265
63	267
63	270
63	272
63	275
63	277
63	280
63	283
63	286
63	288
63	292
63	295
63	298
63	302
63	306
63	309
63	314
63	318
63	323
63	328
63	334
63	340
63	347
63	355
63	364
63	374
64	162
64	171
64	177
64	182
64	186
64	191
64	192
64	197
64	199
64	202
64	204
64	207
64	210
64	212
64	213
64	217
64	218
64	221
64	222
64	224
64	227
64	228
64	231
64	232
64	234
64	236
64	238
64	240
64	241
64	243
64	245
64	247
64	248
64	250
64	252
64	254
64	255
64	257
64	259
64	261
64	263
64	264
64	266
64	268
64	270
64	272
64	274
64	276
64	278
64	280
64	283
64	285
64	287
64	289
64	292
64	295
64	297
64	300
64	303
64	306
64	309
64	313
64	316
64	320
64	324
64	328
64	333
64	338
64	344
64	350
64	357
64	364
64	372
64	382
65	168
65	177
65	184
65	191
65	197
65	203
65	208
65	214
65	219
65	224
65	229
65	233
65	238
65	242
65	246
65	250
65	254
65	258
65	262
65	266
65	270
65	274
65	278
65	282
65	286
65	291
65	295
65	300
65	305
65	310
65	315
65	321
65	327
65	333
65	339
65	345
65	352
65	359
65	366
65	374
65	383
65	394
66	177
66	187
66	195
66	203
66	210
66	217
66	224
66	231
66	238
66	245
66	252
66	259
66	265
66	271
66	277
66	282
66	287
66	292
66	297
66	302
66	306
66	311
66	315
66	320
66	324
66	329
66	333
66	338
66	343
66	348
66	353
66	358
66	364
66	370
66	377
66	385
66	394
66	405
67	177
67	187
67	195
67	202
67	208
67	213
67	219
67	224
67	229
67	233
67	238
67	242
67	246
67	251
67	254
67	259
67	262
67	266
67	270
67	273
67	276
67	280
67	282
67	286
67	288
67	292
67	294
67	297
67	300
67	302
67	305
67	308
67	310
67	313
67	316
67	318
67	321
67	324
67	327
67	329
67	333
67	335
67	338
67	342
67	345
67	348
67	352
67	356
67	359
67	364
67	368
67	373
67	378
67	384
67	390
67	397
67	405
67	415
68	177
68	187
68	195
68	202
68	209
68	215
68	221
68	227
68	232
68	237
68	242
68	246
68	251
68	254
68	258
68	262
68	265
68	269
68	272
68	275
68	278
68	281
68	284
68	287
68	290
68	292
68	295
68	298
68	301
68	303
68	307
68	309
68	312
68	315
68	318
68	321
68	324
68	327
68	331
68	334
68	338
68	342
68	346
68	350
68	355
68	359
68	364
68	369
68	375
68	380
68	386
68	393
68	400
68	408
68	418
69	178
69	189
69	199
69	209
69	218
69	227
69	236
69	245
69	253
69	261
69	269
69	276
69	283
69	290
69	297
69	305
69	313
69	321
69	329
69	337
69	344
69	351
69	357
69	363
69	369
69	375
69	382
69	389
69	396
69	404
69	413
69	423
70	171
70	181
70	189
70	197
70	204
70	211
70	217
70	224
70	230
70	237
70	243
70	250
70	257
70	264
70	271
70	277
70	283
70	289
70	295
70	301
70	306
70	312
70	317
70	322
70	327
70	332
70	336
70	341
70	345
70	349
70	353
70	357
70	361
70	365
70	369
70	373
70	377
70	382
70	386
70	391
70	396
70	402
70	408
70	415
70	423
70	433
71	177
71	185
71	192
71	198
71	203
71	208
71	213
71	217
71	222
71	226
71	230
71	234
71	238
71	242
71	246
71	250
71	254
71	258
71	262
71	266
71	270
71	273
71	277
71	281
71	284
71	288
71	291
71	294
71	298
71	301
71	304
71	307
71	310
71	313
71	316
71	319
71	322
71	325
71	328
71	331
71	333
71	336
71	339
71	341
71	344
71	347
71	349
71	352
71	355
71	357
71	360
71	363
71	366
71	369
71	372
71	376
71	379
71	383
71	387
71	391
71	396
71	401
71	407
71	414
71	422
71	432
72	181
72	191
72	199
72	205
72	211
72	216
72	221
72	226
72	231
72	235
72	240
72	244
72	248
72	252
72	256
72	260
72	264
72	268
72	271
72	275
72	279
72	282
72	286
72	289
72	293
72	296
72	300
72	303
72	306
72	310
72	312
72	316
72	319
72	322
72	325
72	328
72	331
72	334
72	337
72	340
72	344
72	346
72	350
72	354
72	357
72	361
72	365
72	369
72	374
72	378
72	384
72	389
72	396
72	403
72	411
72	421
73	372
73	383
73	394
74	182
74	194
74	206
74	219
74	357
74	367
74	376
74	384
74	391
74	398
74	406
74	415
74	425
75	177
75	187
75	196
75	204
75	212
75	220
75	228
75	236
75	244
75	252
75	260
75	268
75	276
75	284
75	292
75	300
75	308
75	316
75	324
75	332
75	340
75	348
75	355
75	362
75	369
75	375
75	381
75	387
75	393
75	399
75	406
75	414
75	423
75	434
76	197
76	208
76	217
76	226
76	235
76	243
76	251
76	259
76	267
76	275
76	283
76	291
76	299
76	307
76	315
76	323
76	331
76	339
76	347
76	355
76	364
76	373
76	383
76	395
-1	-1
