-1	-1
6	196
6	207
6	218
6	229
6	239
6	249
6	259
6	269
6	279
6	289
6	299
6	309
6	319
6	330
6	341
7	178
7	189
7	198
7	207
7	216
7	224
7	232
7	240
7	248
7	256
7	264
7	272
7	280
7	287
7	294
7	301
7	308
7	315
7	323
7	331
7	339
7	347
7	356
7	366
8	162
8	172
8	181
8	189
8	196
8	203
8	210
8	217
8	224
8	231
8	238
8	245
8	251
8	258
8	264
8	270
8	276
8	282
8	288
8	294
8	300
8	306
8	312
8	318
8	324
8	330
8	336
8	342
8	348
8	355
8	362
8	370
8	380
9	167
9	176
9	184
9	192
9	199
9	206
9	212
9	218
9	224
9	230
9	235
9	241
9	246
9	251
9	256
9	261
9	266
9	271
9	276
9	281
9	286
9	291
9	296
9	301
9	306
9	311
9	316
9	321
9	326
9	331
9	336
9	341
9	346
9	352
9	358
9	364
9	371
9	379
9	388
9	400
10	170
10	180
10	189
10	197
10	204
10	211
10	217
10	223
10	229
10	234
10	240
10	245
10	251
10	256
10	262
10	267
10	273
10	278
10	284
10	289
10	294
10	299
10	304
10	309
10	314
10	319
10	324
10	329
10	334
10	339
10	344
10	349
10	354
10	359
10	365
10	371
10	378
10	386
10	396
11	163
11	173
11	181
11	189
11	195
11	201
11	207
11	212
11	217
11	222
11	227
11	232
11	236
11	241
11	245
11	250
11	254
11	259
11	263
11	267
11	271
11	275
11	279
11	283
11	287
11	291
11	295
11	299
11	303
11	307
11	311
11	315
11	319
11	323
11	327
11	331
11	335
11	339
11	344
11	348
11	353
11	357
11	362
11	367
11	373
11	379
11	386
11	395
11	405
12	163
12	173
12	181
12	188
12	194
12	200
12	205
12	210
12	214
12	219
12	223
12	228
12	232
12	237
12	241
12	246
12	250
12	254
12	259
12	263
12	267
12	271
12	275
12	279
12	284
12	288
12	292
12	297
12	301
12	306
12	310
12	315
12	319
12	324
12	328
12	333
12	337
12	342
12	346
12	351
12	356
12	361
12	367
12	373
12	380
12	388
12	397
13	163
13	172
13	180
13	187
13	193
13	198
13	203
13	208
13	212
13	217
13	221
13	226
13	230
13	234
13	239
13	243
13	247
13	252
13	256
13	261
13	265
13	270
13	274
13	279
13	283
13	288
13	292
13	297
13	301
13	306
13	310
13	315
13	320
13	325
13	330
13	335
13	340
13	345
13	350
13	356
13	362
13	368
13	375
13	383
13	392
14	162
14	171
14	179
14	185
14	191
14	196
14	201
14	205
14	210
14	214
14	218
14	222
14	226
14	230
14	234
14	238
14	242
14	246
14	250
14	254
14	258
14	262
14	266
14	270
14	275
14	279
14	284
14	288
14	293
14	297
14	302
14	306
14	311
14	316
14	321
14	326
14	332
14	337
14	343
14	349
14	355
14	362
14	370
14	379
14	390
15	166
15	175
15	182
15	189
15	194
15	200
15	204
15	209
15	213
15	218
15	222
15	226
15	230
15	234
15	238
15	243
15	247
15	252
15	256
15	261
15	266
15	270
15	275
15	280
15	285
15	290
15	295
15	300
15	305
15	310
15	316
15	322
15	328
15	335
15	342
15	350
15	359
16	169
16	179
16	187
16	193
16	199
16	205
16	211
16	216
16	222
16	227
16	233
16	238
16	244
16	250
16	256
16	262
16	268
16	274
16	281
16	288
16	295
16	303
16	311
16	320
16	330
17	189
17	200
17	210
17	220
17	230
17	240
17	251
17	264
21	258
21	270
21	281
21	292
21	303
21	314
21	325
21	336
21	348
22	227
22	238
22	249
22	259
22	269
22	278
22	287
22	296
22	305
22	314
22	323
22	332
22	341
22	350
22	359
22	369
23	206
23	217
23	227
23	237
23	246
23	255
23	263
23	271
23	279
23	286
23	293
23	300
23	307
23	314
23	320
23	326
23	332
23	338
23	344
23	350
23	356
23	362
23	369
23	376
23	384
23	394
24	186
24	196
24	205
24	213
24	221
24	228
24	235
24	242
24	249
24	256
24	262
24	268
24	274
24	280
24	285
24	291
24	296
24	301
24	306
24	311
24	316
24	321
24	326
24	331
24	335
24	340
24	344
24	348
24	353
24	357
24	362
24	367
24	372
24	378
24	384
24	391
24	399
24	409
25	178
25	188
25	197
25	204
25	211
25	217
25	223
25	229
25	235
25	241
25	246
25	252
25	257
25	262
25	267
25	272
25	277
25	282
25	286
25	291
25	295
25	300
25	304
25	309
25	313
25	317
25	321
25	325
25	329
25	333
25	337
25	341
25	344
25	348
25	352
25	356
25	360
25	364
25	368
25	373
25	378
25	384
25	390
25	397
25	405
25	415
26	177
26	186
26	194
26	201
26	208
26	214
26	220
26	225
26	230
26	235
26	240
26	245
26	250
26	255
26	260
26	264
26	269
26	273
26	278
26	282
26	287
26	291
26	296
26	300
26	305
26	309
26	313
26	317
26	321
26	325
26	329
26	333
26	337
26	341
26	345
26	349
26	353
26	357
26	362
26	367
26	372
26	378
26	384
26	391
26	399
26	409
27	178
27	188
27	196
27	203
27	210
27	216
27	222
27	227
27	232
27	237
27	242
27	247
27	252
27	257
27	262
27	267
27	272
27	277
27	282
27	287
27	292
27	297
27	302
27	306
27	311
27	315
27	320
27	324
27	329
27	333
27	337
27	341
27	345
27	349
27	354
27	358
27	363
27	368
27	374
27	380
27	387
27	395
27	405
28	180
28	190
28	199
28	207
28	214
28	220
28	226
28	232
28	238
28	244
28	250
28	255
28	261
28	266
28	272
28	277
28	283
28	289
28	295
28	301
28	306
28	311
28	316
28	321
28	325
28	330
28	334
28	338
28	342
28	346
28	350
28	354
28	358
28	363
28	367
28	372
28	377
28	383
28	389
28	396
28	405
28	416
29	178
29	188
29	197
29	206
29	214
29	221
29	228
29	235
29	242
29	249
29	255
29	261
29	267
29	273
29	279
29	285
29	291
29	296
29	301
29	306
29	311
29	315
29	320
29	323
29	327
29	331
29	334
29	338
29	341
29	345
29	348
29	352
29	355
29	359
29	363
29	367
29	371
29	376
29	381
29	387
29	393
29	400
29	408
29	418
30	176
30	186
30	195
30	203
30	211
30	218
30	225
30	232
30	239
30	246
30	252
30	258
30	264
30	270
30	276
30	281
30	286
30	291
30	295
30	300
30	303
30	308
30	311
30	314
30	318
30	321
30	324
30	327
30	331
30	333
30	337
30	340
30	343
30	347
30	350
30	354
30	357
30	361
30	365
30	369
30	374
30	379
30	385
30	391
30	398
30	407
30	419
31	179
31	190
31	199
31	207
31	215
31	222
31	229
31	236
31	242
31	248
31	254
31	260
31	265
31	270
31	275
31	280
31	284
31	288
31	292
31	295
31	299
31	302
31	305
31	308
31	311
31	314
31	317
31	320
31	323
31	326
31	329
31	332
31	336
31	338
31	343
31	346
31	350
31	354
31	358
31	363
31	368
31	374
31	380
31	387
31	395
31	405
32	182
32	192
32	201
32	210
32	218
32	225
32	232
32	238
32	243
32	249
32	254
32	259
32	263
32	268
32	272
32	276
32	280
32	283
32	287
32	290
32	293
32	297
32	300
32	303
32	306
32	309
32	312
32	315
32	318
32	321
32	325
32	328
32	332
32	335
32	339
32	343
32	347
32	352
32	357
32	362
32	368
32	375
32	383
32	393
33	178
33	188
33	197
33	205
33	213
33	220
33	226
33	232
33	237
33	242
33	246
33	251
33	254
33	258
33	261
33	265
33	268
33	271
33	274
33	278
33	280
33	284
33	287
33	290
33	294
33	297
33	300
33	304
33	307
33	311
33	314
33	318
33	322
33	326
33	330
33	335
33	339
33	345
33	350
33	357
33	364
33	372
33	382
34	171
34	181
34	189
34	196
34	203
34	209
34	215
34	220
34	225
34	230
34	233
34	238
34	241
34	244
34	248
34	251
34	254
34	257
34	260
34	263
34	266
34	269
34	272
34	275
34	278
34	281
34	285
34	288
34	291
34	295
34	298
34	302
34	306
34	310
34	314
34	318
34	323
34	328
34	333
34	339
34	346
34	354
34	363
34	375
35	168
35	178
35	186
35	192
35	198
35	203
35	208
35	213
35	217
35	221
35	225
35	229
35	232
35	235
35	239
35	241
35	244
35	247
35	250
35	252
35	255
35	258
35	260
35	263
35	266
35	269
35	272
35	275
35	278
35	281
35	285
35	288
35	292
35	296
35	299
35	304
35	308
35	313
35	317
35	323
35	328
35	335
35	342
35	350
35	360
36	161
36	170
36	178
36	184
36	190
36	194
36	199
36	202
36	206
36	210
36	213
36	217
36	220
36	223
36	226
36	230
36	232
36	236
36	238
36	242
36	244
36	247
36	250
36	253
36	256
36	259
36	262
36	266
36	269
36	273
36	276
36	280
36	284
36	288
36	293
36	297
36	303
36	308
36	314
36	320
36	327
36	335
36	345
37	159
37	168
37	174
37	180
37	184
37	189
37	192
37	196
37	200
37	203
37	207
37	210
37	213
37	217
37	220
37	223
37	226
37	229
37	233
37	236
37	239
37	243
37	246
37	250
37	254
37	258
37	262
37	267
37	271
37	276
37	281
37	287
37	293
37	300
37	307
37	315
37	324
37	335
38	158
38	166
38	172
38	176
38	181
38	184
38	188
38	192
38	195
38	199
38	202
38	205
38	209
38	212
38	215
38	219
38	222
38	226
38	229
38	233
38	237
38	240
38	245
38	248
38	253
38	257
38	262
38	267
38	272
38	278
38	284
38	291
38	298
38	306
38	315
38	326
39	159
39	167
39	173
39	178
39	182
39	187
39	191
39	195
39	199
39	203
39	207
39	211
39	215
39	219
39	224
39	228
39	233
39	238
39	243
39	248
39	254
39	260
39	267
39	274
39	282
39	291
39	301
40	167
40	175
40	182
40	188
40	194
40	200
40	206
40	212
40	218
40	224
40	230
40	237
40	244
40	252
40	261
40	271
41	169
41	179
41	187
41	195
41	203
41	211
41	219
41	227
41	235
41	244
41	254
41	265
42	178
42	189
42	199
42	208
42	217
42	226
42	236
42	246
42	257
43	197
43	209
43	221
43	234
43	248
44	201
44	213
44	226
44	242
55	212
55	225
55	238
56	201
56	212
56	222
56	232
56	242
56	252
56	263
56	275
57	192
57	203
57	212
57	220
57	228
57	235
57	242
57	249
57	256
57	263
57	271
57	279
57	287
57	296
57	306
57	317
58	187
58	197
58	205
58	213
58	220
58	227
58	233
58	239
58	245
58	251
58	257
58	264
58	271
58	278
58	286
58	295
58	304
58	314
58	325
58	339
59	173
59	183
59	192
59	200
59	207
59	214
59	221
59	227
59	234
59	241
59	248
59	255
59	263
59	271
59	280
59	290
59	301
59	312
59	324
59	337
59	349
59	362
60	169
60	178
60	185
60	192
60	198
60	203
60	208
60	213
60	218
60	222
60	227
60	232
60	237
60	242
60	247
60	252
60	258
60	264
60	270
60	277
60	284
60	291
60	299
60	307
60	315
60	324
60	333
60	343
60	353
60	364
61	163
61	172
61	180
61	185
61	191
61	195
61	200
61	204
61	209
61	213
61	217
61	221
61	225
61	229
61	233
61	237
61	241
61	246
61	250
61	255
61	259
61	264
61	269
61	274
61	279
61	284
61	290
61	296
61	302
61	308
61	315
61	322
61	330
61	338
61	347
61	357
62	159
62	168
62	174
62	180
62	184
62	189
62	193
62	197
62	201
62	204
62	208
62	211
62	215
62	218
62	222
62	225
62	228
62	232
62	234
62	238
62	241
62	244
62	247
62	250
62	253
62	256
62	259
62	263
62	265
62	269
62	272
62	275
62	279
62	282
62	286
62	289
62	293
62	297
62	300
62	305
62	309
62	314
62	318
62	324
62	329
62	335
62	341
62	347
62	354
62	361
62	369
62	379
63	159
63	168
63	174
63	180
63	184
63	189
63	192
63	196
63	200
63	202
63	206
63	209
63	212
63	214
63	217
63	220
63	222
63	224
63	227
63	229
63	231
63	233
63	236
63	238
63	240
63	242
63	244
63	246
63	248
63	250
63	252
63	254
63	256
63	258
63	260
63	262
63	264
63	266
63	268
63	270
63	272
63	274
63	276
63	278
63	280
63	283
63	285
63	287
63	289
63	292
63	294
63	297
63	299
63	302
63	305
63	307
63	310
63	314
63	316
63	320
63	323
63	327
63	330
63	335
63	338
63	343
63	347
63	352
63	357
63	362
63	368
63	375
63	383
63	392
64	169
64	178
64	184
64	190
64	194
64	199
64	202
64	205
64	209
64	212
64	213
64	217
64	219
64	222
64	223
64	226
64	228
64	231
64	232
64	234
64	237
64	238
64	241
64	242
64	244
64	246
64	248
64	250
64	252
64	253
64	255
64	257
64	259
64	261
64	262
64	264
64	266
64	268
64	270
64	272
64	274
64	276
64	278
64	280
64	282
64	284
64	286
64	288
64	290
64	293
64	295
64	297
64	299
64	302
64	305
64	307
64	309
64	313
64	315
64	318
64	321
64	325
64	327
64	331
64	335
64	338
64	343
64	347
64	352
64	357
64	363
64	369
64	376
64	384
64	394
65	172
65	181
65	189
65	195
65	201
65	206
65	211
65	216
65	221
65	226
65	231
65	236
65	241
65	246
65	251
65	256
65	261
65	266
65	271
65	275
65	280
65	284
65	289
65	293
65	297
65	301
65	305
65	309
65	314
65	318
65	323
65	327
65	332
65	337
65	342
65	347
65	353
65	359
65	366
65	374
65	384
66	179
66	189
66	198
66	206
66	214
66	221
66	228
66	234
66	240
66	245
66	251
66	255
66	260
66	264
66	269
66	273
66	277
66	281
66	284
66	288
66	291
66	294
66	298
66	301
66	304
66	308
66	311
66	314
66	318
66	321
66	324
66	328
66	331
66	335
66	338
66	342
66	345
66	349
66	353
66	357
66	362
66	366
66	372
66	377
66	384
66	391
66	400
67	179
67	190
67	200
67	209
67	218
67	226
67	233
67	240
67	246
67	251
67	256
67	261
67	265
67	270
67	273
67	278
67	281
67	285
67	289
67	293
67	296
67	300
67	304
67	307
67	311
67	314
67	318
67	321
67	324
67	327
67	330
67	333
67	336
67	339
67	342
67	345
67	348
67	351
67	355
67	357
67	361
67	365
67	368
67	373
67	377
67	382
67	387
67	393
67	400
67	408
67	418
68	179
68	189
68	198
68	207
68	215
68	223
68	231
68	239
68	247
68	255
68	263
68	270
68	277
68	284
68	290
68	296
68	301
68	306
68	311
68	314
68	319
68	322
68	326
68	329
68	333
68	336
68	339
68	343
68	346
68	350
68	354
68	357
68	362
68	366
68	371
68	376
68	382
68	388
68	395
68	404
68	415
69	186
69	195
69	203
69	211
69	218
69	225
69	232
69	239
69	246
69	253
69	260
69	267
69	273
69	279
69	285
69	290
69	295
69	300
69	304
69	308
69	312
69	316
69	320
69	324
69	328
69	333
69	337
69	342
69	347
69	353
69	359
69	366
69	374
69	384
70	200
70	210
70	219
70	227
70	235
70	242
70	249
70	256
70	263
70	270
70	277
70	283
70	289
70	295
70	301
70	307
70	313
70	319
70	325
70	332
70	339
70	347
70	356
70	366
71	220
71	231
71	241
71	251
71	261
71	271
71	280
71	289
71	298
71	307
71	315
71	323
71	331
71	339
71	347
71	356
71	366
72	208
72	218
72	227
72	235
72	243
72	250
72	257
72	264
72	271
72	277
72	283
72	289
72	295
72	301
72	307
72	313
72	319
72	325
72	331
72	338
72	345
72	353
72	361
72	371
73	199
73	209
73	217
73	224
73	230
73	236
73	241
73	246
73	251
73	256
73	261
73	265
73	270
73	274
73	279
73	283
73	288
73	292
73	297
73	302
73	307
73	312
73	318
73	324
73	330
73	337
73	345
73	353
73	362
73	373
74	226
74	237
74	247
74	256
74	265
74	274
74	283
74	293
74	303
74	313
74	323
74	333
74	343
74	353
74	363
74	374
75	202
75	215
75	306
75	317
75	326
75	334
75	341
75	348
75	354
75	361
75	367
75	374
75	381
75	389
75	398
76	187
76	197
76	206
76	214
76	222
76	230
76	238
76	246
76	254
76	262
76	270
76	278
76	286
76	294
76	301
76	308
76	315
76	322
76	328
76	334
76	340
76	346
76	352
76	358
76	364
76	370
76	376
76	383
76	391
76	400
76	414
77	218
77	229
77	239
77	249
77	259
77	269
77	279
77	289
77	299
77	309
77	319
77	330
-1	-1
