-1	-1
13	209
13	221
13	233
13	246
13	259
13	272
14	181
14	192
14	202
14	212
14	221
14	230
14	239
14	248
14	257
14	266
14	275
14	284
14	293
14	303
14	315
15	161
15	171
15	180
15	188
15	195
15	202
15	209
15	215
15	221
15	227
15	233
15	239
15	244
15	250
15	255
15	261
15	266
15	271
15	276
15	282
15	287
15	293
15	299
15	306
15	313
15	321
15	330
15	343
16	157
16	166
16	173
16	180
16	186
16	191
16	196
16	201
16	205
16	210
16	214
16	218
16	222
16	226
16	230
16	234
16	238
16	241
16	245
16	249
16	252
16	256
16	259
16	263
16	266
16	270
16	273
16	277
16	280
16	284
16	287
16	291
16	295
16	299
16	303
16	308
16	313
16	318
16	324
16	330
16	337
16	345
16	354
16	365
17	151
17	160
17	167
17	173
17	179
17	183
17	188
17	192
17	196
17	200
17	203
17	207
17	211
17	213
17	217
17	220
17	223
17	226
17	229
17	232
17	235
17	238
17	241
17	244
17	247
17	250
17	253
17	255
17	259
17	261
17	264
17	267
17	269
17	272
17	275
17	277
17	280
17	283
17	286
17	288
17	292
17	294
17	298
17	300
17	304
17	307
17	311
17	315
17	319
17	323
17	328
17	333
17	338
17	344
17	351
17	359
17	368
18	153
18	162
18	170
18	176
18	181
18	186
18	191
18	194
18	199
18	202
18	206
18	210
18	213
18	217
18	220
18	224
18	227
18	231
18	234
18	237
18	241
18	244
18	247
18	251
18	254
18	257
18	261
18	264
18	267
18	271
18	273
18	277
18	280
18	283
18	286
18	289
18	293
18	296
18	299
18	303
18	307
18	311
18	315
18	320
18	325
18	330
18	336
18	342
18	349
18	357
18	366
19	158
19	167
19	174
19	181
19	187
19	192
19	197
19	202
19	207
19	212
19	216
19	221
19	225
19	230
19	234
19	239
19	243
19	248
19	252
19	256
19	261
19	265
19	269
19	274
19	278
19	283
19	287
19	292
19	297
19	302
19	308
19	314
19	320
19	327
19	335
19	344
19	354
20	160
20	170
20	178
20	185
20	192
20	198
20	204
20	210
20	215
20	221
20	226
20	231
20	236
20	241
20	246
20	251
20	256
20	261
20	266
20	272
20	277
20	283
20	289
20	295
20	301
20	308
20	315
20	323
20	332
20	342
21	167
21	177
21	185
21	193
21	200
21	207
21	214
21	220
21	226
21	232
21	238
21	244
21	250
21	256
21	262
21	268
21	274
21	280
21	286
21	293
21	300
21	307
21	315
21	323
21	332
21	343
22	168
22	178
22	187
22	195
22	203
22	211
22	218
22	225
22	232
22	239
22	246
22	252
22	258
22	264
22	270
22	276
22	282
22	288
22	294
22	300
22	306
22	313
22	320
22	327
22	335
22	344
22	354
23	159
23	169
23	178
23	186
23	193
23	200
23	207
23	213
23	219
23	225
23	231
23	236
23	242
23	247
23	252
23	257
23	262
23	267
23	272
23	276
23	281
23	285
23	290
23	294
23	299
23	304
23	309
23	314
23	319
23	325
23	331
23	337
23	344
23	351
23	359
23	368
23	379
24	151
24	161
24	169
24	176
24	182
24	188
24	193
24	199
24	204
24	209
24	214
24	218
24	223
24	227
24	231
24	235
24	239
24	243
24	247
24	251
24	255
24	259
24	262
24	266
24	270
24	273
24	277
24	281
24	284
24	288
24	292
24	296
24	300
24	304
24	308
24	313
24	317
24	322
24	327
24	333
24	338
24	344
24	350
24	357
24	365
24	374
24	385
25	146
25	154
25	161
25	166
25	172
25	176
25	181
25	185
25	189
25	193
25	197
25	200
25	204
25	207
25	211
25	214
25	217
25	221
25	223
25	227
25	230
25	233
25	236
25	239
25	242
25	245
25	248
25	251
25	254
25	257
25	260
25	264
25	267
25	270
25	274
25	277
25	281
25	285
25	289
25	293
25	297
25	302
25	306
25	311
25	316
25	321
25	327
25	333
25	339
25	346
25	353
25	361
25	370
25	381
26	141
26	150
26	156
26	162
26	166
26	171
26	174
26	179
26	182
26	185
26	189
26	192
26	195
26	198
26	201
26	204
26	207
26	210
26	213
26	216
26	219
26	222
26	225
26	228
26	231
26	234
26	237
26	240
26	244
26	246
26	250
26	253
26	257
26	260
26	264
26	268
26	272
26	276
26	280
26	285
26	289
26	294
26	299
26	305
26	311
26	317
26	324
26	331
26	338
26	346
26	355
26	365
27	147
27	156
27	163
27	169
27	174
27	179
27	183
27	188
27	192
27	196
27	200
27	204
27	208
27	212
27	216
27	220
27	224
27	228
27	232
27	236
27	241
27	245
27	250
27	255
27	260
27	265
27	270
27	276
27	282
27	288
27	294
27	301
27	308
27	316
27	324
27	333
27	342
27	353
28	156
28	166
28	174
28	182
28	189
28	196
28	203
28	209
28	215
28	221
28	227
28	233
28	239
28	245
28	251
28	257
28	263
28	269
28	275
28	281
28	287
28	294
28	300
28	307
28	314
28	321
28	328
28	336
28	345
28	355
29	158
29	168
29	177
29	185
29	193
29	200
29	207
29	214
29	221
29	227
29	233
29	239
29	245
29	250
29	255
29	260
29	265
29	270
29	274
29	279
29	283
29	288
29	292
29	297
29	301
29	306
29	310
29	315
29	319
29	324
29	329
29	334
29	339
29	345
29	351
29	358
29	366
29	375
29	386
30	162
30	172
30	181
30	189
30	196
30	203
30	210
30	216
30	222
30	227
30	232
30	237
30	241
30	245
30	249
30	253
30	257
30	260
30	264
30	267
30	271
30	273
30	277
30	280
30	283
30	286
30	289
30	292
30	295
30	298
30	301
30	304
30	307
30	310
30	313
30	316
30	319
30	322
30	325
30	328
30	332
30	335
30	339
30	343
30	347
30	351
30	356
30	360
30	366
30	372
30	378
30	386
30	395
31	159
31	169
31	177
31	184
31	191
31	196
31	201
31	206
31	211
31	214
31	219
31	222
31	226
31	229
31	232
31	235
31	238
31	241
31	243
31	246
31	249
31	251
31	253
31	256
31	258
31	261
31	263
31	265
31	268
31	270
31	272
31	274
31	276
31	279
31	280
31	283
31	285
31	287
31	289
31	291
31	294
31	296
31	298
31	300
31	303
31	305
31	307
31	310
31	312
31	315
31	317
31	320
31	323
31	326
31	328
31	332
31	335
31	338
31	342
31	345
31	349
31	353
31	357
31	362
31	367
31	373
31	379
31	386
31	395
31	406
32	150
32	159
32	166
32	172
32	177
32	182
32	186
32	191
32	193
32	198
32	201
32	203
32	207
32	209
32	212
32	214
32	217
32	220
32	222
32	223
32	227
32	228
32	231
32	232
32	235
32	237
32	239
32	241
32	243
32	245
32	247
32	249
32	251
32	253
32	255
32	257
32	259
32	261
32	263
32	265
32	267
32	269
32	271
32	273
32	275
32	277
32	279
32	281
32	283
32	285
32	287
32	289
32	292
32	294
32	296
32	299
32	301
32	304
32	307
32	309
32	313
32	316
32	319
32	323
32	326
32	330
32	334
32	338
32	343
32	348
32	354
32	360
32	367
32	375
32	384
32	395
33	142
33	151
33	158
33	163
33	168
33	172
33	174
33	179
33	181
33	184
33	187
33	190
33	192
33	195
33	197
33	200
33	202
33	204
33	206
33	209
33	211
33	212
33	215
33	217
33	219
33	221
33	223
33	225
33	227
33	229
33	231
33	233
33	235
33	237
33	239
33	241
33	243
33	245
33	247
33	249
33	251
33	253
33	255
33	257
33	259
33	262
33	264
33	266
33	268
33	271
33	274
33	276
33	278
33	281
33	284
33	287
33	289
33	293
33	296
33	299
33	303
33	307
33	311
33	316
33	321
33	327
33	333
33	340
33	348
33	357
33	367
34	140
34	149
34	154
34	160
34	163
34	168
34	171
34	173
34	177
34	180
34	182
34	184
34	187
34	190
34	192
34	193
34	197
34	198
34	201
34	203
34	205
34	207
34	210
34	211
34	214
34	216
34	218
34	220
34	223
34	225
34	227
34	230
34	232
34	235
34	237
34	239
34	242
34	245
34	247
34	250
34	253
34	256
34	259
34	262
34	266
34	269
34	273
34	277
34	281
34	285
34	290
34	295
34	300
34	306
34	313
34	321
34	330
34	343
35	141
35	150
35	156
35	161
35	165
35	170
35	172
35	177
35	180
35	183
35	186
35	190
35	192
35	196
35	198
35	202
35	204
35	208
35	210
35	214
35	217
35	220
35	224
35	227
35	230
35	234
35	237
35	241
35	245
35	249
35	254
35	258
35	263
35	268
35	274
35	280
35	287
35	295
35	304
35	315
36	150
36	159
36	166
36	172
36	177
36	182
36	187
36	192
36	196
36	201
36	205
36	210
36	215
36	220
36	225
36	230
36	236
36	242
36	248
36	255
36	262
36	270
36	279
36	289
37	162
37	172
37	181
37	189
37	197
37	204
37	211
37	218
37	226
37	234
37	242
37	251
37	261
37	272
38	169
38	179
38	188
38	196
38	204
38	212
38	220
38	229
38	238
38	248
38	259
39	186
39	197
39	208
39	219
39	230
39	245
60	186
60	197
60	207
60	217
60	227
60	238
60	251
61	163
61	173
61	182
61	190
61	198
61	205
61	213
61	221
61	229
61	238
61	247
61	257
61	269
62	158
62	167
62	173
62	179
62	184
62	189
62	193
62	198
62	202
62	207
62	211
62	216
62	220
62	225
62	229
62	234
62	239
62	245
62	251
62	257
62	264
62	272
62	281
62	292
63	158
63	165
63	171
63	175
63	180
63	183
63	187
63	190
63	193
63	196
63	199
63	202
63	204
63	207
63	210
63	212
63	215
63	218
63	220
63	223
63	226
63	228
63	232
63	234
63	237
63	240
63	244
63	246
63	250
63	254
63	257
63	261
63	265
63	269
63	274
63	279
63	285
63	291
63	298
63	306
63	316
64	159
64	168
64	174
64	180
64	183
64	188
64	191
64	194
64	198
64	201
64	203
64	206
64	209
64	211
64	214
64	216
64	219
64	221
64	224
64	226
64	229
64	231
64	234
64	236
64	239
64	241
64	244
64	247
64	249
64	252
64	255
64	258
64	261
64	264
64	267
64	271
64	274
64	278
64	282
64	286
64	291
64	296
64	302
64	308
64	315
64	323
64	333
65	162
65	172
65	181
65	190
65	198
65	205
65	212
65	219
65	225
65	231
65	236
65	242
65	247
65	252
65	257
65	262
65	267
65	272
65	277
65	283
65	289
65	296
65	303
65	311
65	320
65	331
66	158
66	167
66	175
66	182
66	189
66	196
66	202
66	209
66	215
66	222
66	229
66	236
66	243
66	250
66	257
66	264
66	271
66	278
66	285
66	293
66	301
66	310
66	320
67	161
67	170
67	178
67	184
67	190
67	195
67	201
67	205
67	210
67	214
67	219
67	223
67	228
67	232
67	236
67	241
67	245
67	249
67	254
67	258
67	263
67	268
67	273
67	278
67	284
67	290
67	296
67	303
67	310
67	318
67	327
67	337
68	181
68	191
68	199
68	206
68	212
68	218
68	223
68	228
68	232
68	237
68	241
68	245
68	249
68	253
68	257
68	261
68	265
68	269
68	273
68	277
68	281
68	285
68	289
68	294
68	298
68	303
68	308
68	313
68	318
68	324
68	331
68	338
68	347
68	358
69	216
69	227
69	236
69	244
69	251
69	257
69	262
69	267
69	272
69	276
69	281
69	285
69	289
69	293
69	297
69	301
69	305
69	309
69	314
69	318
69	323
69	328
69	334
69	340
69	347
69	355
69	365
70	176
70	186
70	195
70	204
70	212
70	220
70	228
70	236
70	244
70	252
70	260
70	268
70	275
70	281
70	287
70	292
70	298
70	303
70	308
70	313
70	318
70	324
70	330
70	337
70	345
70	354
70	365
71	167
71	176
71	183
71	190
71	196
71	202
71	207
71	212
71	217
71	222
71	227
71	232
71	237
71	242
71	247
71	252
71	257
71	262
71	268
71	274
71	280
71	286
71	293
71	300
71	307
71	315
71	324
71	335
72	183
72	193
72	201
72	208
72	214
72	220
72	225
72	231
72	236
72	241
72	246
72	251
72	255
72	260
72	264
72	269
72	274
72	279
72	284
72	289
72	294
72	299
72	305
72	311
72	317
72	324
72	332
72	342
73	260
73	270
73	279
73	287
73	295
73	302
73	309
73	317
73	326
73	336
75	179
75	190
75	200
75	209
75	218
75	227
75	236
75	245
75	255
75	265
75	277
76	189
76	200
76	210
76	219
76	228
76	237
76	246
76	255
76	264
76	273
76	283
76	293
76	304
76	317
-1	-1
