-1	-1
11	240
11	251
11	261
11	271
11	281
11	291
11	302
12	226
12	236
12	245
12	254
12	262
12	270
12	278
12	286
12	295
12	304
12	314
13	209
13	220
13	229
13	237
13	245
13	252
13	259
13	266
13	274
13	282
13	290
13	298
13	307
13	317
13	329
14	196
14	206
14	214
14	221
14	228
14	234
14	240
14	246
14	252
14	258
14	264
14	270
14	276
14	283
14	290
14	297
14	304
14	312
14	320
14	329
14	339
15	190
15	200
15	208
15	215
15	221
15	227
15	233
15	239
15	245
15	251
15	257
15	263
15	268
15	274
15	279
15	285
15	290
15	296
15	302
15	308
15	314
15	320
15	327
15	335
15	343
15	353
16	191
16	201
16	210
16	218
16	226
16	234
16	241
16	248
16	254
16	260
16	265
16	271
16	276
16	281
16	286
16	291
16	296
16	301
16	306
16	311
16	316
16	322
16	328
16	334
16	341
16	349
16	358
16	369
17	200
17	211
17	221
17	230
17	238
17	245
17	251
17	257
17	262
17	267
17	272
17	277
17	282
17	287
17	292
17	297
17	302
17	307
17	313
17	319
17	325
17	332
17	340
17	349
17	359
18	196
18	206
18	215
18	223
18	230
18	237
18	243
18	249
18	254
18	260
18	265
18	270
18	275
18	281
18	287
18	293
18	299
18	306
18	313
18	321
18	330
18	341
19	191
19	201
19	210
19	218
19	225
19	232
19	238
19	244
19	250
19	256
19	262
19	268
19	275
19	282
19	289
19	297
19	306
19	316
20	200
20	211
20	221
20	230
20	239
20	248
20	257
20	266
20	275
20	285
20	295
21	210
21	221
21	232
21	242
21	252
21	262
21	272
21	283
22	206
22	217
22	227
22	237
22	247
22	257
22	267
22	277
22	287
22	298
23	197
23	208
23	218
23	227
23	236
23	244
23	252
23	260
23	268
23	276
23	285
23	294
23	304
23	314
23	325
24	187
24	197
24	206
24	214
24	222
24	229
24	236
24	243
24	250
24	257
24	264
24	271
24	278
24	285
24	292
24	299
24	307
24	315
24	323
24	332
24	342
24	354
25	179
25	188
25	196
25	203
25	209
25	215
25	221
25	226
25	231
25	236
25	241
25	246
25	251
25	256
25	261
25	266
25	271
25	276
25	281
25	286
25	291
25	296
25	301
25	306
25	311
25	316
25	322
25	327
25	333
25	339
25	346
25	354
25	363
25	373
26	172
26	181
26	188
26	194
26	200
26	204
26	209
26	213
26	218
26	221
26	226
26	229
26	233
26	237
26	240
26	244
26	247
26	251
26	254
26	258
26	261
26	265
26	268
26	272
26	275
26	279
26	282
26	286
26	289
26	293
26	296
26	300
26	303
26	307
26	310
26	314
26	317
26	321
26	325
26	329
26	333
26	337
26	342
26	346
26	351
26	357
26	363
26	370
26	378
26	387
27	172
27	181
27	188
27	193
27	199
27	203
27	208
27	212
27	216
27	220
27	223
27	227
27	230
27	233
27	237
27	240
27	243
27	246
27	249
27	252
27	255
27	258
27	261
27	264
27	267
27	270
27	272
27	276
27	278
27	281
27	284
27	287
27	289
27	293
27	295
27	298
27	301
27	304
27	307
27	310
27	313
27	316
27	319
27	322
27	325
27	328
27	332
27	335
27	339
27	342
27	346
27	350
27	354
27	359
27	364
27	369
27	375
27	382
27	390
27	399
28	172
28	181
28	189
28	195
28	201
28	205
28	210
28	214
28	218
28	222
28	226
28	230
28	233
28	237
28	240
28	244
28	247
28	251
28	254
28	257
28	261
28	264
28	267
28	271
28	273
28	277
28	280
28	283
28	287
28	290
28	293
28	297
28	300
28	303
28	307
28	310
28	314
28	317
28	321
28	324
28	328
28	332
28	336
28	340
28	344
28	348
28	353
28	357
28	363
28	368
28	374
28	381
28	389
28	398
29	179
29	189
29	197
29	204
29	210
29	216
29	221
29	226
29	231
29	236
29	241
29	245
29	250
29	254
29	259
29	263
29	267
29	271
29	275
29	279
29	283
29	287
29	291
29	295
29	299
29	303
29	307
29	311
29	315
29	319
29	324
29	328
29	333
29	337
29	342
29	346
29	351
29	356
29	362
29	368
29	375
29	383
29	392
29	402
30	187
30	197
30	205
30	212
30	219
30	225
30	231
30	237
30	242
30	247
30	252
30	257
30	262
30	267
30	272
30	276
30	281
30	285
30	290
30	294
30	299
30	303
30	308
30	312
30	317
30	321
30	326
30	330
30	335
30	339
30	344
30	349
30	355
30	361
30	367
30	374
30	382
30	391
30	403
31	190
31	200
31	209
31	217
31	224
31	231
31	238
31	244
31	250
31	256
31	262
31	268
31	274
31	279
31	285
31	290
31	295
31	300
31	305
31	310
31	314
31	319
31	323
31	328
31	332
31	337
31	342
31	347
31	353
31	359
31	366
31	374
31	383
31	393
32	190
32	200
32	209
32	217
32	224
32	231
32	238
32	244
32	250
32	256
32	261
32	266
32	271
32	276
32	281
32	285
32	290
32	294
32	298
32	302
32	306
32	310
32	313
32	317
32	321
32	324
32	328
32	332
32	336
32	340
32	344
32	348
32	353
32	358
32	363
32	369
32	376
32	384
32	393
32	405
33	181
33	191
33	200
33	208
33	215
33	221
33	227
33	232
33	238
33	243
33	248
33	252
33	257
33	261
33	265
33	269
33	272
33	276
33	279
33	282
33	286
33	289
33	292
33	295
33	298
33	301
33	304
33	307
33	310
33	313
33	316
33	319
33	322
33	325
33	328
33	331
33	335
33	338
33	341
33	345
33	348
33	353
33	357
33	362
33	367
33	373
33	379
33	386
33	395
33	405
34	172
34	181
34	189
34	195
34	201
34	206
34	211
34	215
34	220
34	223
34	228
34	231
34	235
34	239
34	242
34	245
34	249
34	251
34	255
34	257
34	261
34	263
34	266
34	269
34	271
34	274
34	276
34	279
34	281
34	284
34	286
34	289
34	291
34	294
34	296
34	299
34	301
34	304
34	306
34	309
34	311
34	314
34	317
34	319
34	323
34	325
34	329
34	332
34	336
34	339
34	343
34	347
34	351
34	356
34	361
34	367
34	374
34	382
34	391
35	171
35	180
35	186
35	191
35	195
35	200
35	203
35	207
35	211
35	213
35	217
35	220
35	223
35	226
35	229
35	232
35	234
35	237
35	240
35	242
35	245
35	247
35	250
35	252
35	255
35	257
35	260
35	262
35	264
35	267
35	269
35	271
35	274
35	276
35	278
35	281
35	283
35	285
35	288
35	290
35	293
35	295
35	298
35	300
35	304
35	306
35	309
35	313
35	316
35	319
35	323
35	327
35	331
35	336
35	340
35	346
35	352
35	358
35	366
35	375
36	171
36	180
36	185
36	191
36	194
36	199
36	202
36	205
36	209
36	212
36	214
36	218
36	220
36	223
36	226
36	228
36	231
36	233
36	236
36	238
36	241
36	243
36	246
36	248
36	251
36	253
36	256
36	258
36	261
36	263
36	266
36	268
36	271
36	274
36	276
36	279
36	282
36	285
36	288
36	291
36	295
36	297
36	301
36	305
36	308
36	313
36	317
36	322
36	327
36	333
36	339
36	346
36	355
36	366
37	176
37	183
37	190
37	195
37	200
37	204
37	208
37	212
37	215
37	219
37	222
37	225
37	229
37	231
37	235
37	238
37	241
37	244
37	247
37	250
37	253
37	256
37	259
37	262
37	265
37	268
37	271
37	275
37	278
37	281
37	285
37	288
37	292
37	296
37	300
37	305
37	309
37	315
37	320
37	326
37	333
37	341
37	350
38	179
38	188
38	194
38	200
38	205
38	210
38	214
38	218
38	222
38	226
38	230
38	233
38	237
38	240
38	244
38	247
38	251
38	254
38	258
38	261
38	265
38	268
38	272
38	276
38	279
38	284
38	287
38	292
38	296
38	301
38	306
38	312
38	318
38	325
38	333
38	342
38	354
39	180
39	189
39	196
39	202
39	208
39	213
39	218
39	223
39	228
39	233
39	237
39	242
39	247
39	252
39	257
39	262
39	267
39	272
39	277
39	282
39	288
39	294
39	300
39	307
39	315
39	324
39	334
40	188
40	198
40	206
40	213
40	220
40	226
40	232
40	238
40	244
40	250
40	256
40	262
40	268
40	275
40	282
40	289
40	297
40	306
40	316
41	189
41	199
41	208
41	215
41	222
41	229
41	235
41	241
41	247
41	253
41	259
41	265
41	271
41	278
41	285
41	292
41	300
41	309
41	319
42	187
42	197
42	205
42	212
42	219
42	225
42	231
42	237
42	243
42	249
42	255
42	261
42	267
42	273
42	279
42	286
42	293
42	300
42	308
42	317
42	328
43	190
43	200
43	208
43	216
43	223
43	230
43	237
43	243
43	250
43	256
43	263
43	270
43	277
43	284
43	292
43	300
43	309
43	320
44	200
44	211
44	220
44	229
44	237
44	245
44	253
44	261
44	269
44	277
44	286
44	296
44	307
45	206
45	217
45	226
45	235
45	244
45	253
45	262
45	271
45	281
45	291
45	304
46	208
46	218
46	227
46	236
46	245
46	254
46	263
46	272
46	281
46	291
46	303
47	203
47	214
47	223
47	232
47	241
47	250
47	259
47	268
47	277
47	287
47	298
48	209
48	220
48	230
48	240
48	250
48	260
48	270
48	280
48	291
49	239
49	252
49	264
49	276
50	242
50	256
51	226
51	238
51	250
51	263
52	241
55	220
55	231
55	242
55	253
55	264
55	275
55	287
56	202
56	212
56	222
56	231
56	240
56	249
56	258
56	267
56	276
56	286
56	297
57	201
57	211
57	220
57	228
57	236
57	244
57	252
57	260
57	268
57	277
57	286
57	296
57	307
58	207
58	217
58	226
58	234
58	242
58	250
58	259
58	268
58	277
58	287
58	297
58	309
59	198
59	209
59	219
59	228
59	237
59	246
59	255
59	265
59	275
59	285
59	296
60	192
60	203
60	213
60	222
60	231
60	240
60	250
60	260
60	270
60	281
60	295
61	191
61	201
61	210
61	219
61	227
61	235
61	244
61	253
61	262
61	272
61	282
61	294
62	186
62	195
62	202
62	209
62	215
62	221
62	227
62	233
62	239
62	245
62	251
62	257
62	264
62	271
62	278
62	286
62	295
62	305
62	317
63	180
63	189
63	195
63	201
63	205
63	210
63	213
63	217
63	221
63	224
63	228
63	231
63	235
63	238
63	242
63	245
63	249
63	252
63	256
63	259
63	264
63	267
63	272
63	276
63	280
63	285
63	290
63	295
63	301
63	307
63	314
63	322
63	331
63	344
64	180
64	189
64	195
64	201
64	204
64	209
64	212
64	215
64	218
64	221
64	223
64	226
64	229
64	231
64	233
64	236
64	238
64	241
64	243
64	245
64	248
64	250
64	253
64	255
64	257
64	260
64	262
64	265
64	267
64	270
64	272
64	275
64	278
64	280
64	284
64	286
64	289
64	293
64	296
64	299
64	303
64	307
64	310
64	315
64	319
64	324
64	329
64	335
64	342
64	350
64	359
65	181
65	190
65	198
65	205
65	211
65	216
65	221
65	224
65	228
65	231
65	233
65	237
65	239
65	242
65	244
65	247
65	249
65	252
65	253
65	256
65	258
65	260
65	262
65	264
65	266
65	268
65	270
65	272
65	274
65	276
65	278
65	280
65	283
65	284
65	287
65	289
65	291
65	294
65	296
65	298
65	301
65	303
65	306
65	308
65	311
65	314
65	317
65	319
65	323
65	326
65	329
65	334
65	337
65	342
65	347
65	352
65	358
65	365
65	373
65	383
66	181
66	190
66	197
66	203
66	209
66	215
66	221
66	226
66	231
66	235
66	240
66	242
66	246
66	250
66	252
66	255
66	258
66	261
66	262
66	265
66	268
66	270
66	272
66	274
66	276
66	279
66	280
66	282
66	285
66	286
66	288
66	291
66	292
66	294
66	297
66	298
66	300
66	303
66	304
66	307
66	309
66	311
66	314
66	316
66	318
66	320
66	324
66	325
66	328
66	331
66	334
66	337
66	340
66	344
66	347
66	351
66	355
66	359
66	365
66	370
66	377
66	385
66	395
67	188
67	197
67	204
67	210
67	215
67	221
67	226
67	231
67	236
67	241
67	246
67	251
67	256
67	261
67	265
67	270
67	273
67	278
67	281
67	285
67	288
67	292
67	294
67	298
67	301
67	304
67	307
67	310
67	313
67	316
67	319
67	323
67	326
67	329
67	334
67	337
67	342
67	346
67	351
67	356
67	362
67	369
67	377
67	387
68	194
68	203
68	210
68	216
68	222
68	226
68	231
68	235
68	240
68	244
68	249
68	253
68	258
68	262
68	267
68	272
68	277
68	282
68	287
68	292
68	297
68	302
68	308
68	314
68	320
68	326
68	333
68	341
68	350
68	361
69	210
69	220
69	229
69	237
69	244
69	250
69	256
69	262
69	267
69	273
69	278
69	283
69	288
69	294
69	299
69	305
69	311
69	317
69	324
69	331
69	339
69	348
70	201
70	212
70	223
70	234
70	245
70	255
70	265
70	274
70	283
70	291
70	299
70	307
70	315
70	324
70	333
70	344
71	190
71	200
71	208
71	215
71	222
71	229
71	236
71	243
71	250
71	257
71	265
71	273
71	282
71	291
71	300
71	310
71	321
72	189
72	199
72	207
72	214
72	220
72	226
72	232
72	237
72	243
72	248
72	253
72	258
72	264
72	269
72	275
72	281
72	287
72	293
72	300
72	307
72	314
72	322
72	330
72	339
73	207
73	218
73	228
73	238
73	247
73	255
73	263
73	270
73	277
73	284
73	291
73	298
73	305
73	313
73	321
73	330
73	340
-1	-1
