-1	-1
9	190
9	201
9	212
9	222
9	232
9	243
9	254
9	265
9	277
10	168
10	179
10	189
10	198
10	206
10	214
10	222
10	230
10	238
10	246
10	254
10	262
10	270
10	279
10	288
10	298
11	168
11	178
11	187
11	195
11	203
11	210
11	217
11	224
11	231
11	238
11	245
11	253
11	261
11	269
11	277
11	286
11	296
11	308
12	169
12	179
12	188
12	197
12	205
12	213
12	221
12	229
12	237
12	245
12	253
12	261
12	270
12	279
12	289
13	171
13	182
13	191
13	200
13	208
13	216
13	224
13	232
13	240
13	248
13	256
13	264
13	272
13	281
13	291
13	303
14	171
14	182
14	191
14	200
14	208
14	216
14	223
14	230
14	237
14	243
14	250
14	256
14	263
14	269
14	276
14	283
14	291
14	299
14	308
14	319
15	163
15	173
15	181
15	189
15	195
15	201
15	207
15	212
15	218
15	223
15	228
15	233
15	238
15	242
15	247
15	251
15	256
15	260
15	265
15	269
15	274
15	279
15	284
15	289
15	295
15	301
15	307
15	314
15	322
15	331
15	343
16	157
16	166
16	173
16	180
16	186
16	191
16	196
16	201
16	205
16	210
16	214
16	218
16	222
16	226
16	230
16	233
16	237
16	240
16	244
16	247
16	251
16	254
16	258
16	261
16	265
16	268
16	272
16	275
16	279
16	283
16	287
16	291
16	296
16	300
16	305
16	310
16	316
16	322
16	329
16	337
16	346
17	157
17	166
17	173
17	180
17	186
17	192
17	197
17	202
17	206
17	211
17	215
17	219
17	223
17	227
17	231
17	235
17	239
17	242
17	246
17	250
17	253
17	257
17	261
17	264
17	268
17	272
17	276
17	280
17	285
17	289
17	294
17	299
17	305
17	311
17	317
17	324
17	332
17	341
18	168
18	178
18	187
18	195
18	202
18	209
18	216
18	223
18	230
18	237
18	244
18	251
18	258
18	265
18	272
18	280
18	288
18	297
18	307
19	191
19	202
19	212
19	222
19	232
19	242
19	252
19	262
19	273
22	209
22	221
22	233
22	246
23	191
23	202
23	213
23	223
23	233
23	243
23	253
23	263
23	273
23	284
24	171
24	181
24	190
24	199
24	207
24	215
24	223
24	231
24	239
24	246
24	254
24	262
24	270
24	278
24	286
24	295
24	305
24	316
25	160
25	170
25	178
25	185
25	191
25	197
25	203
25	209
25	214
25	220
25	225
25	230
25	235
25	240
25	245
25	250
25	255
25	260
25	265
25	270
25	276
25	281
25	287
25	293
25	299
25	306
25	313
25	321
25	330
25	340
26	152
26	161
26	169
26	174
26	180
26	184
26	189
26	193
26	197
26	201
26	205
26	209
26	212
26	216
26	220
26	223
26	227
26	230
26	234
26	237
26	241
26	244
26	248
26	251
26	255
26	258
26	262
26	265
26	269
26	272
26	276
26	279
26	283
26	287
26	290
26	295
26	298
26	303
26	307
26	312
26	317
26	322
26	327
26	333
26	339
26	346
26	355
26	365
27	150
27	159
27	166
27	172
27	176
27	181
27	184
27	189
27	192
27	196
27	199
27	202
27	205
27	209
27	211
27	214
27	217
27	220
27	223
27	225
27	229
27	231
27	234
27	237
27	239
27	242
27	245
27	247
27	250
27	253
27	255
27	258
27	261
27	263
27	266
27	269
27	271
27	274
27	277
27	279
27	282
27	285
27	287
27	290
27	293
27	296
27	299
27	302
27	305
27	308
27	312
27	315
27	319
27	323
27	327
27	331
27	336
27	340
27	346
27	352
27	359
27	367
27	376
27	388
28	152
28	161
28	169
28	174
28	180
28	184
28	189
28	193
28	197
28	201
28	204
28	208
28	212
28	215
28	219
28	222
28	225
28	229
28	232
28	235
28	238
28	241
28	244
28	247
28	250
28	253
28	256
28	259
28	262
28	265
28	268
28	271
28	274
28	277
28	280
28	283
28	286
28	289
28	292
28	295
28	298
28	301
28	305
28	308
28	312
28	315
28	319
28	323
28	327
28	331
28	336
28	340
28	346
28	351
28	357
28	364
28	372
28	382
29	159
29	169
29	177
29	183
29	189
29	194
29	200
29	205
29	210
29	215
29	220
29	224
29	229
29	233
29	238
29	242
29	246
29	251
29	255
29	259
29	263
29	267
29	271
29	275
29	279
29	283
29	287
29	291
29	295
29	299
29	303
29	308
29	312
29	317
29	322
29	327
29	332
29	338
29	344
29	351
29	359
29	368
29	378
30	169
30	179
30	187
30	194
30	201
30	207
30	213
30	219
30	224
30	230
30	235
30	240
30	245
30	250
30	255
30	260
30	265
30	270
30	275
30	280
30	285
30	290
30	295
30	300
30	305
30	310
30	315
30	321
30	327
30	333
30	340
30	347
30	355
30	364
30	375
31	176
31	186
31	194
31	202
31	209
31	216
31	223
31	229
31	235
31	241
31	247
31	253
31	259
31	264
31	270
31	275
31	280
31	285
31	290
31	295
31	300
31	305
31	310
31	315
31	320
31	326
31	332
31	338
31	345
31	353
31	362
31	373
32	169
32	179
32	188
32	195
32	202
32	209
32	215
32	221
32	226
32	231
32	236
32	241
32	245
32	250
32	254
32	258
32	262
32	266
32	270
32	274
32	278
32	282
32	285
32	289
32	293
32	296
32	300
32	304
32	308
32	312
32	316
32	321
32	325
32	330
32	336
32	342
32	348
32	356
32	365
32	375
33	159
33	169
33	177
33	184
33	190
33	196
33	201
33	206
33	211
33	215
33	220
33	223
33	227
33	231
33	234
33	238
33	241
33	244
33	247
33	250
33	252
33	255
33	258
33	260
33	263
33	265
33	268
33	270
33	273
33	275
33	278
33	280
33	283
33	285
33	288
33	290
33	293
33	295
33	298
33	300
33	304
33	306
33	309
33	312
33	315
33	318
33	322
33	325
33	329
33	333
33	337
33	342
33	347
33	353
33	359
33	366
33	375
33	386
34	153
34	162
34	170
34	176
34	181
34	186
34	191
34	194
34	199
34	202
34	205
34	209
34	211
34	214
34	217
34	220
34	222
34	225
34	228
34	230
34	232
34	235
34	237
34	240
34	242
34	244
34	246
34	249
34	251
34	252
34	255
34	257
34	259
34	261
34	263
34	265
34	267
34	269
34	271
34	273
34	275
34	277
34	279
34	281
34	283
34	285
34	287
34	289
34	291
34	294
34	296
34	298
34	300
34	303
34	305
34	308
34	310
34	314
34	316
34	319
34	323
34	326
34	329
34	334
34	337
34	342
34	347
34	353
34	359
34	366
34	375
35	151
35	160
35	167
35	172
35	177
35	181
35	185
35	189
35	192
35	195
35	199
35	201
35	204
35	207
35	210
35	212
35	215
35	217
35	220
35	222
35	224
35	227
35	229
35	231
35	234
35	236
35	238
35	241
35	243
35	245
35	247
35	250
35	252
35	254
35	257
35	259
35	261
35	264
35	266
35	268
35	271
35	273
35	276
35	278
35	281
35	284
35	286
35	289
35	292
35	295
35	298
35	302
35	305
35	309
35	313
35	317
35	322
35	327
35	332
35	338
35	345
35	353
35	363
36	153
36	162
36	170
36	175
36	180
36	184
36	188
36	192
36	195
36	199
36	202
36	205
36	208
36	211
36	214
36	217
36	220
36	223
36	226
36	229
36	232
36	235
36	238
36	241
36	244
36	247
36	250
36	253
36	256
36	259
36	263
36	266
36	269
36	273
36	276
36	280
36	284
36	288
36	293
36	297
36	303
36	308
36	315
36	322
36	329
36	337
36	347
37	160
37	170
37	177
37	183
37	189
37	194
37	199
37	203
37	208
37	212
37	216
37	220
37	224
37	228
37	232
37	236
37	240
37	244
37	248
37	252
37	256
37	261
37	265
37	270
37	275
37	280
37	286
37	292
37	298
37	305
37	313
37	322
37	332
37	345
38	171
38	181
38	189
38	196
38	202
38	208
38	213
38	219
38	224
38	229
38	234
38	239
38	244
38	249
38	254
38	259
38	264
38	269
38	275
38	281
38	287
38	294
38	301
38	309
38	318
38	328
39	181
39	191
39	199
39	206
39	213
39	220
39	226
39	232
39	238
39	244
39	250
39	256
39	262
39	268
39	275
39	282
39	290
39	299
39	309
40	187
40	197
40	206
40	214
40	222
40	229
40	236
40	243
40	251
40	259
40	267
40	275
40	284
40	294
41	187
41	197
41	205
41	213
41	220
41	227
41	234
41	241
41	248
41	255
41	262
41	269
41	277
41	285
41	294
41	304
42	181
42	191
42	200
42	208
42	215
42	222
42	228
42	234
42	240
42	246
42	253
42	260
42	267
42	274
42	282
42	291
42	301
43	187
43	197
43	205
43	213
43	220
43	227
43	234
43	241
43	248
43	255
43	262
43	270
43	278
43	287
43	298
44	197
44	208
44	218
44	227
44	236
44	245
44	254
44	264
44	275
45	207
45	218
45	229
45	240
45	251
45	263
46	200
46	211
46	221
46	231
46	240
46	249
46	259
46	269
46	281
47	198
47	209
47	219
47	228
47	237
47	246
47	255
47	264
47	273
47	283
48	198
48	209
48	219
48	228
48	237
48	246
48	255
48	264
48	274
48	285
49	202
49	213
49	223
49	233
49	242
49	251
49	261
49	271
49	283
50	210
50	221
50	232
50	242
50	252
50	262
50	273
51	211
51	223
51	234
51	245
51	256
51	268
52	219
52	231
52	243
52	255
53	220
53	232
53	244
53	258
54	209
54	220
54	231
54	242
54	253
54	265
55	196
55	206
55	215
55	224
55	233
55	242
55	251
55	261
55	271
55	283
56	189
56	199
56	208
56	215
56	222
56	229
56	236
56	243
56	250
56	257
56	264
56	272
56	280
56	289
56	299
57	183
57	193
57	201
57	208
57	214
57	220
57	226
57	231
57	237
57	242
57	247
57	253
57	258
57	264
57	270
57	276
57	283
57	290
57	298
57	307
57	318
58	181
58	190
58	198
58	204
58	210
58	216
58	222
58	227
58	233
58	238
58	244
58	249
58	255
58	261
58	267
58	273
58	280
58	287
58	295
58	304
58	315
59	181
59	191
59	199
59	206
59	212
59	218
59	224
59	230
59	235
59	241
59	247
59	253
59	259
59	266
59	273
59	281
59	289
59	298
59	309
60	179
60	189
60	197
60	204
60	211
60	217
60	223
60	229
60	235
60	241
60	247
60	253
60	259
60	266
60	273
60	281
60	289
60	298
60	308
61	180
61	189
61	197
61	204
61	210
61	216
61	222
61	228
61	234
61	240
61	246
61	252
61	259
61	266
61	274
61	282
61	291
61	303
62	187
62	196
62	203
62	210
62	216
62	222
62	227
62	233
62	238
62	244
62	250
62	256
62	262
62	269
62	276
62	284
62	293
62	304
63	181
63	191
63	199
63	206
63	212
63	217
63	222
63	227
63	232
63	236
63	241
63	246
63	251
63	256
63	261
63	266
63	272
63	278
63	285
63	292
63	300
63	309
64	177
64	185
64	192
64	197
64	202
64	207
64	212
64	216
64	221
64	225
64	230
64	234
64	239
64	243
64	248
64	252
64	257
64	261
64	266
64	271
64	276
64	281
64	287
64	293
64	299
64	306
64	314
64	323
65	178
65	186
65	192
65	197
65	202
65	206
65	211
65	214
65	218
65	222
65	225
65	229
65	232
65	236
65	239
65	242
65	246
65	249
65	252
65	256
65	259
65	262
65	266
65	269
65	272
65	276
65	279
65	283
65	286
65	290
65	294
65	298
65	302
65	307
65	311
65	316
65	322
65	328
65	335
65	343
65	354
66	189
66	198
66	205
66	211
66	215
66	220
66	223
66	228
66	231
66	234
66	238
66	241
66	243
66	247
66	249
66	252
66	254
66	257
66	260
66	262
66	264
66	267
66	269
66	271
66	274
66	276
66	278
66	281
66	283
66	285
66	288
66	290
66	293
66	295
66	298
66	300
66	303
66	306
66	308
66	312
66	315
66	318
66	322
66	326
66	329
66	334
66	338
66	344
66	350
66	357
66	365
66	375
67	206
67	215
67	222
67	229
67	234
67	239
67	243
67	247
67	251
67	254
67	258
67	261
67	263
67	267
67	269
67	272
67	275
67	277
67	280
67	283
67	285
67	288
67	290
67	293
67	296
67	298
67	301
67	304
67	307
67	310
67	314
67	317
67	320
67	325
67	328
67	333
67	337
67	343
67	349
67	356
67	364
67	374
68	212
68	223
68	233
68	242
68	250
68	258
68	265
68	272
68	279
68	286
68	293
68	301
68	309
68	318
68	328
69	218
69	228
69	237
69	245
69	252
69	259
69	266
69	272
69	278
69	284
69	291
69	298
69	305
69	313
69	321
69	331
70	217
70	228
70	238
70	247
70	255
70	263
70	270
70	277
70	284
70	291
70	298
70	305
70	313
70	322
70	332
71	188
71	198
71	206
71	214
71	221
71	228
71	235
71	243
71	251
71	259
71	267
71	276
71	285
71	294
71	304
71	315
72	182
72	191
72	198
72	204
72	210
72	215
72	220
72	225
72	230
72	234
72	239
72	243
72	248
72	253
72	258
72	263
72	268
72	273
72	278
72	284
72	290
72	296
72	302
72	309
72	316
72	324
72	333
72	345
73	193
73	202
73	210
73	216
73	222
73	227
73	232
73	237
73	242
73	246
73	251
73	255
73	260
73	264
73	269
73	273
73	278
73	282
73	287
73	292
73	297
73	302
73	307
73	313
73	319
73	326
73	334
73	343
74	240
74	251
74	262
74	272
74	282
74	292
74	302
74	313
-1	-1
