-1	-1
0	257
0	266
0	273
0	279
0	284
0	289
0	293
0	297
0	301
0	304
0	308
0	311
0	314
0	318
0	321
0	324
0	327
0	330
0	333
0	336
0	339
0	342
0	345
0	348
0	351
0	354
0	357
0	360
0	363
0	366
0	369
0	372
0	375
0	378
0	382
0	385
0	389
0	393
0	397
0	401
0	406
0	411
0	417
0	423
0	430
0	438
0	448
1	268
1	278
1	286
1	293
1	300
1	305
1	311
1	316
1	321
1	326
1	331
1	336
1	341
1	346
1	351
1	356
1	361
1	366
1	371
1	376
1	381
1	387
1	393
1	400
1	408
1	417
1	428
2	276
2	286
2	295
2	303
2	310
2	317
2	324
2	330
2	336
2	342
2	348
2	355
2	361
2	368
2	375
2	382
2	390
2	399
2	409
3	279
3	290
3	300
3	309
3	317
3	325
3	333
3	341
3	349
3	357
3	365
3	373
3	381
3	390
3	400
4	281
4	292
4	302
4	311
4	320
4	329
4	337
4	345
4	354
4	363
4	372
4	382
4	394
5	280
5	291
5	301
5	310
5	319
5	328
5	337
5	346
5	355
5	365
5	376
6	272
6	283
6	294
6	304
6	314
6	324
6	334
6	344
6	354
6	364
6	375
7	201
7	212
7	223
7	234
7	246
7	257
7	267
7	276
7	285
7	294
7	303
7	312
7	320
7	328
7	337
7	346
7	355
7	364
7	374
7	385
8	180
8	191
8	201
8	210
8	218
8	226
8	234
8	242
8	250
8	258
8	265
8	272
8	279
8	286
8	293
8	300
8	307
8	314
8	321
8	328
8	335
8	343
8	351
8	359
8	367
8	375
8	383
8	392
8	402
9	170
9	180
9	189
9	197
9	205
9	212
9	219
9	225
9	232
9	239
9	246
9	252
9	258
9	264
9	270
9	276
9	282
9	288
9	295
9	302
9	309
9	315
9	322
9	328
9	335
9	341
9	348
9	355
9	362
9	369
9	376
9	383
9	390
9	398
9	407
9	418
10	159
10	169
10	177
10	184
10	191
10	197
10	203
10	209
10	215
10	221
10	227
10	233
10	239
10	246
10	253
10	260
10	267
10	274
10	281
10	288
10	295
10	302
10	309
10	316
10	323
10	330
10	336
10	343
10	350
10	356
10	362
10	368
10	374
10	380
10	387
10	394
10	402
10	410
10	420
11	159
11	168
11	176
11	183
11	190
11	196
11	202
11	208
11	214
11	220
11	226
11	233
11	240
11	247
11	255
11	263
11	271
11	279
11	287
11	295
11	303
11	311
11	319
11	327
11	335
11	343
11	351
11	359
11	367
11	375
11	383
11	391
11	400
11	410
12	158
12	168
12	176
12	183
12	190
12	197
12	204
12	211
12	218
12	226
12	234
12	243
12	253
12	263
12	273
12	283
12	293
12	302
12	311
12	320
12	329
12	338
12	347
12	357
12	366
12	375
12	385
12	395
13	157
13	166
13	174
13	182
13	190
13	198
13	206
13	214
13	223
13	233
13	244
13	276
13	287
13	298
13	309
13	319
13	329
13	339
13	349
13	360
13	371
13	383
14	162
14	173
14	183
14	193
14	203
14	213
14	225
14	292
14	305
14	317
14	328
14	339
14	351
14	363
15	181
15	194
15	301
15	313
15	325
15	337
15	348
15	360
15	373
16	309
16	321
16	332
16	343
16	354
16	365
16	377
17	206
17	279
17	291
17	303
17	315
17	327
17	339
17	350
17	361
17	373
18	178
18	189
18	199
18	209
18	219
18	230
18	242
18	256
18	268
18	279
18	289
18	299
18	309
18	320
18	331
18	342
18	353
18	364
18	376
19	169
19	179
19	188
19	196
19	204
19	212
19	220
19	228
19	236
19	245
19	254
19	263
19	272
19	281
19	290
19	299
19	308
19	318
19	328
19	338
19	349
19	360
19	371
19	382
19	395
20	159
20	168
20	176
20	183
20	189
20	195
20	201
20	206
20	212
20	217
20	223
20	228
20	234
20	240
20	246
20	252
20	258
20	265
20	272
20	279
20	286
20	294
20	302
20	310
20	318
20	327
20	336
20	345
20	355
20	364
20	373
20	382
20	392
20	402
20	415
21	152
21	161
21	168
21	174
21	180
21	184
21	189
21	193
21	197
21	201
21	205
21	209
21	213
21	217
21	221
21	225
21	229
21	233
21	237
21	241
21	245
21	249
21	254
21	258
21	263
21	268
21	273
21	278
21	284
21	289
21	295
21	301
21	307
21	313
21	319
21	326
21	333
21	340
21	347
21	355
21	362
21	369
21	376
21	383
21	390
21	398
21	406
21	415
21	425
22	150
22	159
22	166
22	172
22	177
22	182
22	186
22	190
22	194
22	198
22	201
22	205
22	208
22	212
22	215
22	218
22	222
22	225
22	228
22	232
22	235
22	238
22	242
22	245
22	249
22	253
22	257
22	261
22	265
22	269
22	273
22	277
22	282
22	286
22	291
22	296
22	301
22	306
22	311
22	316
22	321
22	327
22	332
22	338
22	343
22	349
22	355
22	361
22	367
22	372
22	378
22	383
22	389
22	395
22	401
22	408
22	416
22	425
22	435
23	152
23	161
23	169
23	175
23	181
23	186
23	191
23	196
23	201
23	205
23	210
23	213
23	218
23	221
23	225
23	229
23	233
23	237
23	241
23	245
23	249
23	254
23	258
23	263
23	268
23	273
23	278
23	283
23	288
23	293
23	299
23	304
23	310
23	316
23	322
23	327
23	333
23	338
23	344
23	349
23	355
23	361
23	367
23	373
23	379
23	385
23	392
23	399
23	407
23	416
23	427
24	159
24	169
24	177
24	184
24	191
24	197
24	203
24	209
24	214
24	219
24	224
24	229
24	235
24	240
24	246
24	252
24	258
24	265
24	272
24	279
24	287
24	295
24	303
24	311
24	319
24	327
24	335
24	343
24	351
24	359
24	367
24	376
24	385
24	395
25	166
25	176
25	184
25	192
25	199
25	206
25	213
25	220
25	227
25	234
25	241
25	249
25	257
25	265
25	274
25	283
25	292
25	302
25	312
25	322
25	332
25	342
25	352
25	362
25	373
25	385
26	166
26	176
26	185
26	193
26	201
26	209
26	216
26	224
26	232
26	240
26	249
26	258
26	267
26	276
26	285
26	294
26	303
26	312
26	321
26	330
26	339
26	348
26	358
26	368
26	379
27	160
27	170
27	178
27	186
27	193
27	200
27	207
27	214
27	221
27	228
27	236
27	244
27	252
27	260
27	268
27	276
27	284
27	292
27	300
27	308
27	316
27	324
27	332
27	341
27	350
27	359
27	369
27	380
28	154
28	163
28	170
28	176
28	182
28	187
28	193
28	198
28	203
28	208
28	214
28	219
28	225
28	231
28	237
28	244
28	251
28	258
28	265
28	272
28	279
28	286
28	294
28	302
28	310
28	318
28	326
28	334
28	342
28	350
28	359
28	368
28	378
28	389
29	149
29	158
29	164
29	170
29	174
29	179
29	183
29	187
29	191
29	195
29	199
29	203
29	207
29	211
29	215
29	219
29	224
29	228
29	233
29	238
29	243
29	249
29	255
29	261
29	267
29	273
29	279
29	286
29	293
29	300
29	307
29	314
29	321
29	328
29	335
29	342
29	349
29	356
29	364
29	372
29	380
29	389
29	399
29	411
30	148
30	156
30	162
30	167
30	172
30	175
30	180
30	183
30	187
30	190
30	193
30	197
30	200
30	203
30	207
30	210
30	213
30	217
30	220
30	224
30	227
30	231
30	235
30	239
30	244
30	248
30	253
30	258
30	263
30	269
30	275
30	281
30	287
30	294
30	301
30	308
30	315
30	322
30	329
30	336
30	344
30	352
30	360
30	368
30	376
30	384
30	393
30	403
30	414
31	150
31	159
31	165
31	171
31	174
31	179
31	182
31	185
31	189
31	192
31	195
31	198
31	201
31	204
31	207
31	210
31	213
31	216
31	219
31	222
31	226
31	229
31	233
31	236
31	240
31	244
31	248
31	253
31	257
31	262
31	267
31	272
31	277
31	283
31	289
31	296
31	303
31	310
31	318
31	326
31	334
31	343
31	352
31	361
31	370
31	379
31	389
31	400
32	159
32	168
32	175
32	181
32	185
32	190
32	194
32	198
32	202
32	205
32	209
32	212
32	216
32	219
32	223
32	226
32	230
32	233
32	237
32	241
32	245
32	249
32	253
32	257
32	262
32	266
32	271
32	276
32	281
32	287
32	293
32	299
32	306
32	313
32	321
32	329
32	338
32	347
32	356
32	365
32	374
32	384
32	395
33	162
33	171
33	179
33	186
33	192
33	198
33	203
33	208
33	212
33	216
33	220
33	224
33	228
33	232
33	236
33	240
33	244
33	248
33	252
33	256
33	261
33	265
33	270
33	274
33	279
33	284
33	289
33	295
33	301
33	307
33	314
33	321
33	328
33	336
33	344
33	352
33	360
33	368
33	377
33	386
33	397
34	171
34	181
34	189
34	195
34	201
34	206
34	211
34	215
34	220
34	223
34	228
34	231
34	235
34	239
34	243
34	247
34	251
34	255
34	259
34	263
34	267
34	271
34	276
34	280
34	285
34	290
34	295
34	300
34	306
34	312
34	318
34	325
34	332
34	340
34	348
34	357
34	366
34	376
34	387
35	178
35	188
35	196
35	203
35	209
35	214
35	220
35	224
35	229
35	234
35	239
35	244
35	249
35	254
35	259
35	264
35	269
35	274
35	279
35	285
35	291
35	297
35	303
35	310
35	317
35	325
35	333
35	342
35	351
35	361
35	371
35	382
36	179
36	189
36	198
36	206
36	213
36	220
36	227
36	234
36	241
36	248
36	256
36	264
36	272
36	281
36	290
36	300
36	310
36	321
36	334
37	188
37	199
37	209
37	218
37	227
37	236
37	245
37	255
37	265
37	276
38	186
38	197
38	207
38	216
38	225
38	234
38	244
38	254
38	264
38	275
38	287
39	188
39	199
39	209
39	218
39	227
39	236
39	245
39	255
39	265
39	275
39	286
40	191
40	202
40	212
40	222
40	232
40	242
40	252
40	263
40	274
40	287
41	187
41	197
41	206
41	215
41	224
41	233
41	243
41	253
41	263
41	274
42	190
42	200
42	209
42	218
42	227
42	236
42	246
42	255
42	264
42	274
42	284
42	296
43	251
43	262
43	273
43	284
43	296
43	309
43	323
44	212
48	202
48	213
48	224
48	235
51	199
51	210
51	221
51	232
55	217
55	229
55	241
55	253
55	266
56	180
56	191
56	201
56	211
56	220
56	229
56	238
56	248
56	259
57	168
57	178
57	186
57	193
57	200
57	207
57	214
57	221
57	228
57	235
57	242
57	250
57	259
57	269
57	283
58	159
58	168
58	174
58	180
58	184
58	189
58	193
58	197
58	201
58	205
58	209
58	213
58	217
58	221
58	225
58	229
58	233
58	237
58	242
58	246
58	251
58	256
58	262
58	268
58	275
58	283
58	292
58	303
59	155
59	162
59	168
59	172
59	175
59	180
59	182
59	185
59	188
59	191
59	192
59	195
59	198
59	200
59	202
59	204
59	207
59	209
59	211
59	213
59	216
59	217
59	220
59	222
59	224
59	226
59	229
59	231
59	233
59	236
59	238
59	241
59	244
59	246
59	249
59	252
59	255
59	258
59	262
59	265
59	269
59	273
59	278
59	283
59	288
59	295
59	302
59	310
59	320
60	152
60	161
60	165
60	171
60	172
60	177
60	180
60	182
60	184
60	187
60	190
60	192
60	193
60	196
60	198
60	200
60	202
60	203
60	205
60	207
60	209
60	210
60	212
60	213
60	215
60	217
60	218
60	220
60	222
60	223
60	225
60	226
60	228
60	230
60	231
60	233
60	235
60	237
60	238
60	240
60	243
60	244
60	246
60	248
60	250
60	253
60	255
60	257
60	260
60	263
60	265
60	268
60	271
60	275
60	278
60	282
60	286
60	290
60	295
60	300
60	306
60	313
60	321
60	331
61	158
61	167
61	175
61	182
61	188
61	193
61	197
61	202
61	204
61	208
61	211
61	213
61	217
61	219
61	222
61	224
61	227
61	230
61	232
61	235
61	238
61	240
61	244
61	246
61	250
61	253
61	257
61	260
61	265
61	268
61	274
61	278
61	284
61	290
61	297
61	305
61	315
62	200
62	212
62	223
62	234
63	170
63	180
63	189
63	198
63	207
63	216
63	224
63	232
63	241
63	250
63	260
63	275
64	162
64	171
64	179
64	185
64	191
64	197
64	202
64	208
64	213
64	218
64	223
64	228
64	233
64	238
64	244
64	250
64	256
64	263
64	271
64	280
64	290
65	171
65	181
65	190
65	198
65	205
65	212
65	219
65	225
65	231
65	237
65	243
65	250
65	257
65	265
65	274
65	285
68	172
68	182
68	191
68	199
68	207
68	214
68	221
68	229
68	237
68	246
68	256
69	166
69	174
69	181
69	187
69	192
69	197
69	202
69	206
69	211
69	215
69	220
69	224
69	229
69	233
69	238
69	243
69	248
69	254
69	260
69	267
69	275
69	285
70	171
70	181
70	189
70	196
70	202
70	208
70	213
70	219
70	224
70	229
70	235
70	241
70	247
70	254
70	261
70	270
70	280
73	216
73	228
74	173
74	183
74	192
74	200
74	207
74	214
74	221
74	228
74	235
74	242
74	249
74	257
74	266
74	276
75	178
75	188
75	197
75	205
75	212
75	219
75	226
75	233
75	240
75	247
75	255
75	264
75	274
-1	-1
