-1	-1
0	258
0	267
0	274
0	280
0	285
0	290
0	293
0	298
0	301
0	305
0	308
0	312
0	314
0	318
0	321
0	324
0	327
0	330
0	333
0	336
0	339
0	342
0	345
0	348
0	351
0	353
0	356
0	359
0	361
0	364
0	366
0	369
0	371
0	374
0	376
0	379
0	382
0	384
0	387
0	390
0	393
0	396
0	399
0	403
0	406
0	410
0	415
0	419
0	425
0	430
0	437
0	444
0	453
0	464
1	268
1	278
1	287
1	294
1	301
1	307
1	313
1	318
1	323
1	328
1	333
1	338
1	343
1	348
1	352
1	356
1	360
1	364
1	368
1	372
1	376
1	380
1	385
1	389
1	394
1	399
1	405
1	411
1	418
1	426
1	436
2	279
2	290
2	299
2	307
2	314
2	321
2	327
2	333
2	339
2	344
2	350
2	355
2	360
2	365
2	370
2	375
2	380
2	386
2	392
2	398
2	405
2	413
2	422
2	435
3	287
3	297
3	305
3	313
3	320
3	327
3	333
3	339
3	345
3	351
3	357
3	363
3	369
3	375
3	381
3	387
3	394
3	402
3	411
3	422
4	289
4	300
4	310
4	319
4	328
4	336
4	343
4	350
4	357
4	364
4	371
4	378
4	385
4	393
4	402
4	413
5	297
5	309
5	320
5	330
5	339
5	347
5	355
5	363
5	371
5	379
5	388
5	398
6	277
6	288
6	299
6	309
6	319
6	328
6	337
6	345
6	353
6	361
6	369
6	378
6	387
6	398
7	226
7	237
7	248
7	259
7	269
7	278
7	287
7	295
7	303
7	311
7	319
7	326
7	333
7	340
7	347
7	354
7	361
7	369
7	377
7	386
7	396
8	200
8	211
8	221
8	231
8	240
8	248
8	256
8	264
8	271
8	278
8	284
8	290
8	296
8	302
8	308
8	314
8	320
8	325
8	331
8	337
8	343
8	349
8	355
8	362
8	369
8	377
8	385
8	394
8	405
9	187
9	198
9	208
9	217
9	225
9	232
9	239
9	246
9	252
9	259
9	265
9	271
9	276
9	281
9	285
9	290
9	294
9	299
9	303
9	308
9	312
9	317
9	322
9	326
9	331
9	336
9	341
9	346
9	351
9	357
9	363
9	369
9	375
9	382
9	389
9	397
9	406
9	417
10	176
10	187
10	196
10	204
10	211
10	218
10	224
10	230
10	236
10	242
10	247
10	253
10	258
10	264
10	269
10	274
10	279
10	284
10	289
10	294
10	299
10	305
10	310
10	316
10	321
10	327
10	332
10	337
10	343
10	348
10	354
10	360
10	366
10	373
10	380
10	387
10	395
10	404
10	414
11	168
11	178
11	187
11	195
11	203
11	210
11	217
11	224
11	231
11	238
11	245
11	252
11	259
11	267
11	274
11	281
11	288
11	295
11	302
11	309
11	316
11	323
11	330
11	337
11	344
11	351
11	358
11	365
11	372
11	379
11	387
11	395
11	404
11	414
12	169
12	179
12	188
12	196
12	203
12	210
12	217
12	224
12	231
12	238
12	246
12	254
12	262
12	270
12	278
12	286
12	294
12	302
12	310
12	319
12	327
12	335
12	343
12	351
12	359
12	368
12	377
12	386
12	396
12	408
13	171
13	181
13	190
13	199
13	207
13	215
13	223
13	231
13	240
13	250
13	260
13	271
13	281
13	292
13	302
13	312
13	322
13	331
13	340
13	349
13	358
13	367
13	376
13	385
13	395
14	181
14	192
14	203
14	213
14	223
14	234
14	247
14	300
14	312
14	323
14	334
14	344
14	354
14	364
14	374
14	385
15	191
15	203
15	214
15	226
15	306
15	319
15	331
15	342
15	353
15	363
15	373
15	384
16	221
16	287
16	299
16	310
16	321
16	332
16	343
16	353
16	363
16	373
16	383
16	394
17	177
17	188
17	198
17	208
17	218
17	228
17	238
17	249
17	261
17	273
17	284
17	295
17	306
17	317
17	328
17	339
17	350
17	360
17	370
17	380
17	391
18	177
18	188
18	198
18	208
18	218
18	228
18	238
18	249
18	260
18	271
18	282
18	292
18	302
18	312
18	322
18	333
18	344
18	354
18	364
18	373
18	382
18	392
18	403
19	168
19	178
19	187
19	195
19	203
19	211
19	219
19	227
19	235
19	243
19	251
19	259
19	267
19	275
19	283
19	291
19	299
19	307
19	316
19	325
19	334
19	344
19	354
19	364
19	374
19	384
19	394
19	405
20	167
20	176
20	184
20	191
20	198
20	205
20	211
20	218
20	224
20	230
20	236
20	243
20	249
20	256
20	262
20	269
20	275
20	281
20	288
20	295
20	302
20	309
20	316
20	324
20	332
20	340
20	348
20	357
20	366
20	375
20	384
20	393
20	403
20	415
21	160
21	169
21	176
21	182
21	188
21	193
21	198
21	203
21	208
21	213
21	218
21	222
21	227
21	231
21	236
21	240
21	245
21	250
21	254
21	259
21	264
21	269
21	274
21	279
21	284
21	289
21	294
21	299
21	305
21	310
21	316
21	322
21	328
21	335
21	342
21	349
21	356
21	364
21	372
21	380
21	389
21	398
21	408
21	420
22	158
22	167
22	174
22	180
22	184
22	189
22	193
22	198
22	202
22	206
22	210
22	214
22	218
22	222
22	226
22	230
22	233
22	237
22	241
22	244
22	248
22	252
22	255
22	259
22	263
22	266
22	270
22	274
22	278
22	282
22	286
22	290
22	295
22	299
22	304
22	308
22	313
22	318
22	323
22	328
22	334
22	340
22	346
22	352
22	358
22	365
22	372
22	379
22	387
22	396
22	405
22	415
23	159
23	168
23	175
23	181
23	186
23	191
23	195
23	200
23	204
23	209
23	213
23	217
23	221
23	225
23	229
23	233
23	237
23	241
23	244
23	248
23	252
23	255
23	259
23	263
23	267
23	271
23	275
23	279
23	283
23	287
23	292
23	296
23	301
23	306
23	311
23	316
23	321
23	326
23	332
23	337
23	343
23	349
23	355
23	362
23	369
23	376
23	384
23	392
23	401
23	411
23	424
24	162
24	172
24	180
24	187
24	193
24	199
24	204
24	210
24	215
24	220
24	225
24	230
24	235
24	240
24	245
24	250
24	255
24	260
24	265
24	270
24	276
24	281
24	287
24	293
24	299
24	305
24	312
24	319
24	326
24	333
24	340
24	347
24	355
24	363
24	371
24	380
24	389
24	399
25	162
25	172
25	180
25	187
25	193
25	199
25	205
25	211
25	217
25	222
25	228
25	233
25	239
25	244
25	250
25	256
25	262
25	268
25	274
25	280
25	287
25	294
25	301
25	308
25	315
25	323
25	331
25	339
25	347
25	355
25	364
25	373
25	382
25	392
25	404
26	161
26	171
26	179
26	186
26	192
26	198
26	203
26	209
26	214
26	220
26	225
26	230
26	236
26	241
26	247
26	253
26	259
26	265
26	271
26	277
26	283
26	289
26	295
26	301
26	307
26	314
26	320
26	327
26	334
26	341
26	348
26	355
26	362
26	369
26	377
26	385
26	394
26	404
27	160
27	169
27	176
27	182
27	188
27	193
27	198
27	203
27	208
27	213
27	218
27	223
27	228
27	233
27	238
27	244
27	249
27	255
27	261
27	267
27	273
27	279
27	285
27	291
27	297
27	303
27	309
27	315
27	321
27	327
27	334
27	340
27	347
27	354
27	361
27	368
27	375
27	382
27	389
27	397
27	406
27	416
28	158
28	166
28	172
28	177
28	182
28	185
28	190
28	192
28	196
28	199
28	202
28	206
28	209
28	212
28	216
28	219
28	223
28	226
28	230
28	234
28	237
28	241
28	245
28	249
28	254
28	258
28	263
28	268
28	273
28	278
28	283
28	289
28	295
28	301
28	307
28	313
28	319
28	326
28	333
28	340
28	347
28	354
28	361
28	368
28	375
28	382
28	389
28	397
28	406
28	416
29	156
29	163
29	170
29	174
29	179
29	182
29	186
29	190
29	193
29	196
29	200
29	202
29	206
29	209
29	212
29	215
29	218
29	221
29	225
29	227
29	231
29	234
29	238
29	241
29	245
29	249
29	253
29	257
29	262
29	266
29	271
29	276
29	281
29	286
29	292
29	298
29	304
29	310
29	316
29	323
29	330
29	337
29	344
29	351
29	359
29	367
29	375
29	383
29	391
29	400
29	410
29	423
30	158
30	166
30	172
30	177
30	182
30	185
30	190
30	193
30	197
30	200
30	203
30	207
30	210
30	213
30	216
30	219
30	222
30	225
30	228
30	231
30	235
30	238
30	241
30	245
30	248
30	252
30	256
30	260
30	264
30	268
30	273
30	277
30	282
30	287
30	292
30	298
30	304
30	310
30	316
30	323
30	330
30	337
30	344
30	351
30	359
30	367
30	375
30	383
30	391
30	400
30	410
30	424
31	162
31	171
31	178
31	183
31	188
31	192
31	196
31	200
31	203
31	206
31	210
31	212
31	215
31	218
31	221
31	223
31	226
31	229
31	231
31	234
31	237
31	239
31	243
31	245
31	248
31	251
31	254
31	257
31	260
31	264
31	267
31	270
31	274
31	277
31	281
31	285
31	289
31	293
31	298
31	302
31	307
31	312
31	317
31	323
31	329
31	335
31	341
31	347
31	353
31	360
31	367
31	374
31	381
31	388
31	396
31	404
31	413
31	424
32	170
32	179
32	187
32	193
32	199
32	204
32	209
32	213
32	217
32	221
32	224
32	228
32	231
32	234
32	238
32	241
32	244
32	247
32	250
32	253
32	256
32	259
32	263
32	266
32	269
32	273
32	276
32	280
32	283
32	287
32	290
32	294
32	298
32	302
32	306
32	311
32	315
32	320
32	325
32	330
32	335
32	340
32	346
32	352
32	358
32	364
32	370
32	377
32	384
32	391
32	399
32	408
32	418
33	173
33	183
33	191
33	198
33	205
33	211
33	217
33	222
33	227
33	232
33	236
33	241
33	244
33	249
33	252
33	256
33	260
33	263
33	267
33	270
33	274
33	277
33	281
33	284
33	288
33	291
33	295
33	299
33	303
33	307
33	311
33	316
33	320
33	325
33	330
33	335
33	340
33	345
33	350
33	356
33	362
33	368
33	374
33	381
33	388
33	395
33	403
33	412
33	422
34	180
34	190
34	199
34	207
34	214
34	221
34	227
34	233
34	239
34	244
34	250
34	255
34	260
34	265
34	270
34	274
34	279
34	283
34	288
34	293
34	298
34	303
34	308
34	314
34	320
34	326
34	332
34	338
34	344
34	350
34	356
34	362
34	369
34	376
34	383
34	391
34	399
34	407
34	416
34	427
35	187
35	197
35	206
35	215
35	223
35	231
35	239
35	246
35	253
35	260
35	267
35	275
35	283
35	291
35	299
35	307
35	316
35	325
35	334
35	342
35	350
35	358
35	366
35	374
35	383
35	392
35	401
35	410
35	420
36	183
36	193
36	202
36	210
36	218
36	225
36	232
36	239
36	246
36	254
36	262
36	270
36	278
36	287
36	296
36	306
36	316
36	327
36	338
36	348
36	358
36	368
36	378
36	388
36	398
36	408
36	419
37	193
37	204
37	214
37	223
37	232
37	241
37	250
37	259
37	269
37	279
37	289
37	300
37	311
37	323
37	335
37	348
37	360
37	372
37	384
37	396
37	408
38	200
38	211
38	222
38	232
38	242
38	253
38	264
38	276
38	287
38	299
38	311
38	323
38	335
38	350
39	198
39	209
39	219
39	229
39	239
39	249
39	259
39	270
39	281
39	292
39	303
39	314
39	325
39	337
39	349
39	361
39	374
40	232
40	244
40	256
40	268
40	280
40	292
40	304
40	316
40	328
40	340
40	352
40	363
40	374
40	385
40	398
41	302
41	314
41	325
41	336
41	348
41	360
41	372
41	384
42	210
42	221
42	232
42	243
42	254
42	292
42	306
42	318
42	331
42	345
43	381
44	369
44	381
45	229
45	243
45	262
45	273
45	284
45	295
45	306
45	317
45	329
45	341
45	354
45	367
46	212
46	223
46	234
46	245
46	256
46	267
46	277
46	288
46	299
46	311
50	226
50	238
50	250
50	264
55	196
55	207
55	217
55	227
55	237
55	247
55	257
55	268
56	181
56	191
56	199
56	206
56	213
56	219
56	225
56	231
56	237
56	244
56	251
56	258
56	265
56	273
56	282
56	292
56	303
57	176
57	184
57	191
57	196
57	201
57	205
57	210
57	213
57	217
57	221
57	224
57	228
57	231
57	235
57	238
57	242
57	246
57	250
57	254
57	258
57	263
57	267
57	272
57	277
57	283
57	289
57	296
57	304
57	313
57	323
58	168
58	177
58	183
58	189
58	192
58	197
58	200
58	203
58	206
58	209
58	212
58	214
58	217
58	220
58	222
58	224
58	227
58	229
58	232
58	233
58	236
58	238
58	241
58	243
58	245
58	248
58	250
58	253
58	256
58	258
58	261
58	264
58	267
58	270
58	274
58	277
58	281
58	285
58	289
58	294
58	299
58	305
58	311
58	318
58	326
58	336
59	162
59	171
59	178
59	183
59	189
59	193
59	198
59	202
59	206
59	210
59	213
59	217
59	220
59	222
59	226
59	228
59	231
59	233
59	236
59	239
59	241
59	244
59	246
59	249
59	252
59	254
59	257
59	260
59	263
59	266
59	269
59	273
59	276
59	280
59	284
59	288
59	293
59	298
59	304
59	310
59	317
59	325
59	335
60	161
60	170
60	176
60	182
60	187
60	193
60	198
60	204
60	209
60	215
60	221
60	227
60	233
60	239
60	245
60	251
60	258
60	265
60	272
60	280
60	288
60	297
60	307
61	162
61	171
61	179
61	185
61	191
61	197
61	202
61	208
61	213
61	219
61	225
61	231
61	237
61	244
61	251
61	258
61	266
61	274
61	283
61	293
61	305
62	163
62	172
62	180
62	185
62	191
62	195
62	200
62	203
62	208
62	211
62	215
62	219
62	223
62	227
62	231
62	235
62	239
62	243
62	247
62	251
62	256
62	260
62	265
62	270
62	276
62	282
62	288
62	295
62	303
62	313
62	325
63	168
63	177
63	183
63	188
63	192
63	196
63	200
63	202
63	206
63	209
63	212
63	214
63	218
63	220
63	223
63	226
63	228
63	231
63	233
63	236
63	239
63	241
63	244
63	247
63	249
63	252
63	255
63	258
63	261
63	265
63	267
63	271
63	275
63	278
63	283
63	287
63	292
63	297
63	303
63	309
63	317
63	326
63	336
64	170
64	179
64	186
64	192
64	197
64	202
64	206
64	211
64	214
64	218
64	222
64	225
64	229
64	232
64	235
64	238
64	241
64	244
64	247
64	250
64	253
64	256
64	259
64	263
64	266
64	269
64	274
64	277
64	282
64	286
64	291
64	296
64	302
64	308
64	316
64	325
64	336
65	187
65	199
65	210
65	221
65	231
65	240
65	249
65	257
65	265
65	274
65	284
65	295
67	196
67	206
67	215
67	224
67	233
67	241
67	250
67	259
67	269
68	182
68	191
68	199
68	206
68	212
68	218
68	223
68	228
68	233
68	238
68	243
68	248
68	253
68	258
68	264
68	270
68	276
68	283
68	291
68	301
69	182
69	192
69	201
69	209
69	216
69	222
69	228
69	233
69	238
69	243
69	248
69	253
69	258
69	263
69	269
69	275
69	282
69	289
69	298
69	309
70	231
70	242
70	253
70	264
72	181
72	192
72	201
72	210
72	219
72	227
72	235
72	244
72	253
72	263
73	179
73	188
73	195
73	202
73	208
73	213
73	219
73	224
73	229
73	234
73	239
73	244
73	249
73	254
73	259
73	265
73	271
73	278
73	286
73	295
73	306
74	182
74	191
74	198
74	203
74	209
74	213
74	218
74	222
74	226
74	230
74	233
74	237
74	240
74	244
74	247
74	251
74	254
74	258
74	261
74	265
74	269
74	273
74	278
74	283
74	288
74	294
74	301
74	309
74	319
75	191
75	201
75	209
75	216
75	222
75	228
75	233
75	239
75	244
75	249
75	254
75	259
75	264
75	269
75	275
75	281
75	287
75	295
75	304
75	315
-1	-1
