-1	-1
0	227
0	238
0	248
0	257
0	266
0	275
0	283
0	290
0	296
0	301
0	305
0	310
0	312
0	316
0	320
0	322
0	325
0	328
0	331
0	332
0	335
0	337
0	340
0	341
0	343
0	345
0	347
0	349
0	351
0	352
0	354
0	356
0	358
0	360
0	361
0	362
0	364
0	366
0	367
0	369
0	370
0	372
0	373
0	375
0	376
0	378
0	379
0	381
0	382
0	383
0	385
0	386
0	388
0	389
0	391
0	392
0	393
0	394
0	396
0	397
0	399
0	400
0	401
0	402
0	404
0	405
0	406
0	408
0	409
0	410
0	411
0	413
0	414
0	415
0	416
0	418
0	419
0	420
0	421
0	423
0	424
0	425
0	426
0	428
0	429
0	430
0	431
0	433
0	434
0	435
0	437
0	438
0	439
0	440
0	442
0	443
0	444
0	446
0	447
0	448
0	449
0	451
0	453
0	454
0	455
0	456
0	458
0	459
0	461
0	463
0	464
0	465
0	467
0	469
0	470
0	472
0	474
0	476
0	477
0	479
0	481
0	484
0	485
0	487
0	490
0	492
0	495
0	497
0	500
0	503
0	506
0	509
0	513
0	517
0	521
0	526
0	531
0	537
0	544
0	552
0	562
1	287
1	297
1	306
1	313
1	320
1	325
1	331
1	335
1	340
1	344
1	348
1	352
1	355
1	359
1	362
1	365
1	369
1	371
1	375
1	377
1	381
1	383
1	386
1	389
1	392
1	394
1	397
1	400
1	402
1	405
1	407
1	410
1	412
1	415
1	417
1	420
1	422
1	424
1	427
1	429
1	432
1	434
1	437
1	439
1	442
1	444
1	447
1	449
1	452
1	454
1	457
1	459
1	462
1	465
1	468
1	471
1	474
1	477
1	481
1	485
1	488
1	493
1	497
1	502
1	508
1	514
1	521
1	530
2	300
2	310
2	319
2	326
2	333
2	339
2	345
2	350
2	355
2	360
2	365
2	370
2	374
2	379
2	383
2	387
2	391
2	395
2	399
2	403
2	407
2	411
2	414
2	418
2	421
2	424
2	428
2	431
2	434
2	437
2	441
2	444
2	447
2	451
2	454
2	458
2	461
2	465
2	469
2	473
2	477
2	482
2	487
2	493
2	499
2	506
2	514
2	524
3	308
3	318
3	327
3	335
3	342
3	349
3	356
3	362
3	368
3	374
3	380
3	386
3	391
3	397
3	402
3	408
3	413
3	418
3	423
3	427
3	432
3	436
3	440
3	445
3	449
3	454
3	458
3	463
3	468
3	473
3	478
3	484
3	491
3	498
3	507
3	518
4	309
4	319
4	328
4	336
4	344
4	351
4	358
4	365
4	372
4	378
4	384
4	390
4	396
4	402
4	408
4	415
4	421
4	427
4	433
4	438
4	444
4	449
4	455
4	460
4	466
4	472
4	478
4	485
4	493
4	502
4	514
5	316
5	327
5	337
5	345
5	353
5	360
5	367
5	374
5	381
5	387
5	394
5	400
5	407
5	414
5	421
5	428
5	435
5	442
5	449
5	456
5	463
5	470
5	477
5	485
5	494
5	505
6	322
6	333
6	343
6	352
6	360
6	368
6	375
6	382
6	389
6	396
6	403
6	410
6	417
6	424
6	431
6	438
6	445
6	452
6	459
6	466
6	473
6	480
6	488
6	497
6	509
7	321
7	332
7	342
7	351
7	360
7	368
7	376
7	384
7	392
7	400
7	407
7	414
7	422
7	430
7	438
7	445
7	452
7	459
7	465
7	472
7	479
7	487
7	496
7	506
8	227
8	240
8	318
8	329
8	340
8	350
8	359
8	368
8	376
8	384
8	392
8	399
8	406
8	413
8	420
8	427
8	435
8	442
8	449
8	456
8	463
8	470
8	478
8	486
8	496
9	182
9	194
9	207
9	222
9	328
9	340
9	351
9	361
9	370
9	379
9	387
9	395
9	403
9	410
9	417
9	424
9	431
9	438
9	445
9	452
9	459
9	466
9	474
9	482
9	492
9	505
10	177
10	188
10	199
10	210
10	222
10	336
10	347
10	357
10	366
10	375
10	383
10	391
10	399
10	407
10	414
10	421
10	428
10	435
10	442
10	449
10	456
10	463
10	471
10	479
10	488
10	499
11	167
11	178
11	188
11	198
11	208
11	218
11	229
11	332
11	343
11	354
11	364
11	374
11	383
11	392
11	401
11	410
11	418
11	426
11	434
11	443
11	452
11	461
11	471
11	482
12	177
12	188
12	199
12	210
12	221
12	234
12	337
12	349
12	360
12	371
12	381
12	391
12	401
12	411
12	420
12	429
12	438
12	447
12	456
12	465
12	475
12	486
13	190
13	202
13	214
13	226
13	377
13	391
13	405
13	418
13	431
13	444
14	200
14	212
14	224
14	237
14	326
14	338
14	350
14	363
14	376
15	190
15	201
15	211
15	221
15	231
15	241
15	251
15	262
15	274
15	286
15	297
15	307
15	317
15	326
15	335
15	344
15	353
15	363
15	373
15	383
15	394
15	406
16	182
16	193
16	203
16	212
16	221
16	230
16	238
16	246
16	255
16	264
16	273
16	283
16	292
16	301
16	309
16	317
16	325
16	333
16	341
16	349
16	357
16	366
16	375
16	385
16	396
16	408
17	168
17	179
17	189
17	198
17	206
17	213
17	220
17	227
17	234
17	241
17	248
17	255
17	263
17	271
17	279
17	287
17	294
17	301
17	307
17	313
17	319
17	325
17	331
17	337
17	343
17	350
17	357
17	364
17	372
17	381
17	390
17	400
17	412
18	166
18	176
18	185
18	193
18	201
18	208
18	215
18	222
18	229
18	235
18	242
18	248
18	255
18	262
18	269
18	276
18	283
18	289
18	295
18	301
18	306
18	311
18	316
18	321
18	326
18	331
18	336
18	341
18	346
18	352
18	358
18	364
18	371
18	378
18	386
18	394
18	403
18	413
18	424
19	153
19	162
19	170
19	177
19	184
19	190
19	196
19	202
19	208
19	214
19	219
19	224
19	229
19	234
19	239
19	245
19	250
19	256
19	261
19	267
19	272
19	278
19	283
19	288
19	293
19	298
19	303
19	308
19	313
19	317
19	322
19	327
19	332
19	337
19	342
19	347
19	353
19	359
19	365
19	372
19	379
19	387
19	395
19	404
19	414
19	424
19	435
19	447
19	459
19	471
20	149
20	158
20	165
20	171
20	176
20	182
20	187
20	192
20	197
20	202
20	207
20	212
20	217
20	222
20	227
20	232
20	237
20	242
20	247
20	252
20	257
20	262
20	267
20	272
20	277
20	282
20	287
20	292
20	297
20	302
20	307
20	312
20	318
20	324
20	330
20	336
20	343
20	350
20	357
20	365
20	373
20	382
20	391
20	401
20	412
20	424
20	437
20	450
20	461
20	472
20	483
21	148
21	157
21	164
21	170
21	175
21	181
21	186
21	191
21	196
21	201
21	206
21	211
21	216
21	221
21	226
21	232
21	237
21	243
21	248
21	253
21	258
21	263
21	268
21	273
21	278
21	283
21	288
21	294
21	299
21	305
21	311
21	317
21	324
21	331
21	339
21	348
21	358
21	368
21	380
21	461
21	472
21	484
22	150
22	159
22	167
22	173
22	179
22	185
22	191
22	196
22	202
22	207
22	213
22	218
22	224
22	230
22	236
22	242
22	248
22	254
22	260
22	265
22	271
22	277
22	283
22	289
22	296
22	303
22	310
22	318
22	327
22	336
22	346
22	357
23	152
23	162
23	170
23	177
23	183
23	189
23	195
23	201
23	207
23	212
23	218
23	224
23	230
23	236
23	242
23	248
23	253
23	259
23	264
23	270
23	276
23	282
23	288
23	295
23	302
23	309
23	317
23	325
23	334
23	343
23	353
23	364
23	377
24	158
24	168
24	176
24	183
24	190
24	197
24	203
24	209
24	215
24	221
24	227
24	233
24	239
24	245
24	251
24	257
24	263
24	269
24	275
24	281
24	287
24	294
24	301
24	309
24	317
24	326
24	335
24	344
24	354
24	365
25	158
25	168
25	176
25	183
25	190
25	197
25	203
25	209
25	215
25	221
25	227
25	233
25	239
25	245
25	251
25	257
25	263
25	269
25	276
25	283
25	290
25	298
25	306
25	315
25	325
25	335
25	346
26	152
26	162
26	170
26	177
26	183
26	189
26	194
26	199
26	204
26	209
26	214
26	219
26	224
26	229
26	234
26	239
26	244
26	249
26	254
26	259
26	264
26	269
26	275
26	281
26	287
26	294
26	301
26	308
26	316
26	324
26	333
26	342
26	352
26	363
27	148
27	157
27	163
27	169
27	173
27	178
27	182
27	185
27	189
27	192
27	196
27	199
27	202
27	205
27	209
27	211
27	215
27	218
27	221
27	224
27	227
27	231
27	234
27	237
27	241
27	244
27	248
27	251
27	255
27	259
27	263
27	267
27	271
27	276
27	280
27	285
27	290
27	296
27	302
27	308
27	315
27	322
27	329
27	336
27	344
27	352
27	361
27	370
27	381
28	148
28	155
28	161
28	165
28	170
28	173
28	177
28	180
28	182
28	185
28	188
28	191
28	192
28	195
28	198
28	200
28	202
28	204
28	207
28	209
28	211
28	213
28	215
28	217
28	219
28	221
28	223
28	225
28	227
28	229
28	231
28	233
28	235
28	237
28	239
28	242
28	243
28	246
28	248
28	250
28	253
28	255
28	257
28	260
28	262
28	265
28	267
28	270
28	273
28	276
28	278
28	282
28	285
28	288
28	292
28	296
28	299
28	304
28	308
28	313
28	318
28	323
28	329
28	335
28	341
28	348
28	355
28	363
28	372
28	382
28	393
29	148
29	156
29	163
29	169
29	174
29	179
29	183
29	187
29	191
29	193
29	197
29	200
29	202
29	205
29	208
29	210
29	212
29	215
29	217
29	219
29	222
29	223
29	225
29	228
29	229
29	232
29	233
29	235
29	237
29	239
29	241
29	242
29	245
29	246
29	248
29	250
29	252
29	254
29	256
29	258
29	259
29	262
29	264
29	266
29	268
29	270
29	273
29	275
29	277
29	279
29	282
29	285
29	287
29	290
29	293
29	296
29	299
29	302
29	306
29	309
29	313
29	317
29	321
29	326
29	330
29	336
29	341
29	347
29	353
29	360
29	367
29	375
29	384
29	394
29	405
30	149
30	158
30	165
30	171
30	177
30	183
30	188
30	193
30	198
30	203
30	208
30	212
30	217
30	221
30	224
30	228
30	231
30	234
30	238
30	241
30	244
30	247
30	250
30	253
30	256
30	259
30	262
30	265
30	268
30	271
30	274
30	277
30	280
30	284
30	287
30	291
30	295
30	298
30	303
30	306
30	311
30	315
30	320
30	325
30	330
30	336
30	342
30	349
30	356
30	364
30	372
30	381
30	391
30	402
31	148
31	157
31	164
31	170
31	175
31	180
31	185
31	190
31	194
31	199
31	203
31	207
31	211
31	215
31	219
31	223
31	227
31	231
31	235
31	239
31	242
31	246
31	250
31	253
31	257
31	260
31	263
31	267
31	270
31	273
31	277
31	280
31	283
31	287
31	290
31	294
31	297
31	301
31	305
31	309
31	313
31	317
31	322
31	326
31	331
31	336
31	342
31	348
31	354
31	361
31	368
31	376
31	384
31	393
31	402
31	412
31	424
32	151
32	161
32	169
32	177
32	184
32	191
32	197
32	203
32	209
32	214
32	219
32	223
32	228
32	232
32	236
32	240
32	243
32	247
32	250
32	253
32	256
32	260
32	262
32	266
32	268
32	272
32	274
32	277
32	280
32	283
32	286
32	289
32	292
32	295
32	298
32	301
32	305
32	308
32	312
32	315
32	319
32	323
32	327
32	331
32	335
32	339
32	344
32	349
32	354
32	360
32	366
32	372
32	379
32	386
32	394
32	402
32	411
32	421
32	432
33	157
33	167
33	176
33	184
33	192
33	201
33	210
33	219
33	227
33	235
33	242
33	249
33	255
33	261
33	267
33	272
33	277
33	282
33	286
33	291
33	295
33	300
33	304
33	309
33	313
33	318
33	323
33	328
33	333
33	338
33	344
33	349
33	355
33	361
33	368
33	375
33	383
33	391
33	400
33	409
33	419
33	429
33	440
33	452
33	464
34	157
34	166
34	174
34	182
34	189
34	196
34	203
34	210
34	218
34	226
34	234
34	242
34	251
34	260
34	268
34	275
34	282
34	289
34	296
34	303
34	310
34	317
34	324
34	332
34	340
34	348
34	357
34	366
34	376
34	386
34	397
34	409
34	422
35	168
35	179
35	189
35	199
35	209
35	218
35	227
35	236
35	244
35	253
35	262
35	271
35	280
35	289
35	298
35	307
35	316
35	326
35	336
35	347
35	359
36	168
36	179
36	189
36	199
36	209
36	219
36	229
36	240
36	251
36	263
36	274
36	285
36	295
36	305
36	315
36	325
36	335
36	345
36	356
37	161
37	171
37	179
37	187
37	194
37	201
37	208
37	216
37	224
37	232
37	240
37	249
37	257
37	266
37	275
37	284
37	293
37	302
37	312
37	322
37	332
37	342
37	353
38	167
38	177
38	187
38	196
38	205
38	213
38	221
38	229
38	238
38	246
38	254
38	262
38	270
38	278
38	287
38	296
38	305
38	314
38	324
38	334
38	345
39	250
39	262
39	274
39	285
39	296
39	307
39	318
39	330
40	236
40	249
40	261
40	272
40	283
40	294
40	305
40	316
40	328
40	343
41	182
41	193
41	203
41	213
41	222
41	231
41	240
41	249
41	257
41	265
41	273
41	282
41	291
41	301
41	311
41	322
41	333
41	344
41	356
42	206
42	217
42	227
42	237
42	246
42	255
42	264
42	273
42	282
42	292
42	303
42	314
42	325
42	335
42	345
42	356
43	190
43	202
43	213
43	224
43	235
43	246
43	256
43	266
43	276
43	286
43	297
43	308
43	320
43	332
43	344
44	176
44	186
44	195
44	204
44	212
44	220
44	228
44	236
44	244
44	252
44	260
44	267
44	274
44	281
44	289
44	297
44	305
44	314
44	323
44	333
44	343
44	354
45	177
45	187
45	196
45	204
45	211
45	218
45	225
45	231
45	237
45	243
45	249
45	254
45	260
45	265
45	270
45	275
45	280
45	286
45	292
45	298
45	305
45	312
45	319
45	326
45	334
45	342
45	351
45	360
45	370
45	383
46	202
46	213
46	222
46	230
46	237
46	244
46	250
46	256
46	262
46	268
46	274
46	280
46	287
46	294
46	301
46	309
46	317
46	326
46	335
46	345
46	356
47	232
47	243
47	254
47	265
47	275
47	286
47	297
47	309
47	321
47	334
48	196
48	207
48	217
48	227
48	237
48	246
48	255
48	264
48	273
48	282
48	291
48	300
48	309
48	319
48	329
48	339
48	349
48	360
49	177
49	187
49	196
49	204
49	211
49	218
49	224
49	230
49	236
49	242
49	248
49	254
49	260
49	265
49	271
49	276
49	282
49	287
49	293
49	299
49	306
49	313
49	321
49	329
49	337
49	346
49	355
49	365
49	376
50	181
50	192
50	201
50	209
50	216
50	223
50	229
50	235
50	240
50	245
50	250
50	255
50	260
50	265
50	270
50	275
50	280
50	286
50	292
50	298
50	305
50	313
50	321
50	330
50	339
50	349
50	360
51	221
51	232
51	242
51	251
51	260
51	269
51	279
51	290
53	201
53	213
53	224
53	234
53	244
53	253
53	262
53	271
53	280
53	289
53	298
53	308
53	320
54	179
54	190
54	200
54	209
54	217
54	224
54	231
54	238
54	244
54	250
54	256
54	261
54	267
54	272
54	278
54	284
54	290
54	296
54	303
54	310
54	318
54	327
54	337
55	186
55	197
55	207
55	216
55	224
55	231
55	238
55	244
55	250
55	255
55	260
55	265
55	270
55	275
55	280
55	286
55	292
55	298
55	305
55	313
55	322
55	332
56	182
56	194
56	205
56	216
56	226
56	236
56	245
56	254
56	263
56	272
56	282
56	295
57	171
57	181
57	190
57	199
57	207
57	215
57	223
57	232
57	241
57	250
57	260
57	270
57	281
58	162
58	171
58	179
58	186
58	192
58	198
58	203
58	208
58	213
58	218
58	223
58	228
58	233
58	238
58	244
58	249
58	255
58	261
58	267
58	273
58	279
58	286
58	293
58	301
58	310
58	321
59	158
59	166
59	172
59	177
59	182
59	185
59	190
59	192
59	196
59	199
59	202
59	205
59	208
59	211
59	214
59	217
59	220
59	222
59	226
59	228
59	231
59	234
59	237
59	240
59	243
59	246
59	249
59	252
59	255
59	258
59	261
59	264
59	267
59	270
59	273
59	276
59	279
59	283
59	286
59	290
59	294
59	298
59	303
59	308
59	313
59	319
59	326
59	334
59	343
59	354
60	153
60	161
60	166
60	171
60	173
60	178
60	181
60	183
60	186
60	189
60	191
60	193
60	196
60	198
60	200
60	202
60	204
60	206
60	208
60	210
60	212
60	213
60	216
60	217
60	219
60	221
60	223
60	224
60	226
60	228
60	230
60	231
60	233
60	235
60	237
60	238
60	240
60	242
60	244
60	245
60	247
60	249
60	251
60	252
60	254
60	256
60	258
60	259
60	261
60	263
60	265
60	267
60	268
60	270
60	272
60	274
60	276
60	278
60	279
60	282
60	284
60	286
60	288
60	290
60	293
60	295
60	297
60	300
60	303
60	305
60	308
60	311
60	315
60	318
60	322
60	326
60	330
60	335
60	340
60	346
60	353
60	361
60	371
61	152
61	161
61	167
61	172
61	176
61	181
61	184
61	188
61	191
61	194
61	197
61	200
61	202
61	205
61	208
61	210
61	212
61	215
61	217
61	219
61	222
61	223
61	226
61	228
61	230
61	232
61	234
61	236
61	238
61	240
61	242
61	243
61	246
61	247
61	249
61	251
61	253
61	255
61	256
61	258
61	260
61	262
61	264
61	265
61	267
61	269
61	271
61	273
61	275
61	277
61	279
61	281
61	284
61	285
61	288
61	290
61	293
61	295
61	298
61	300
61	304
61	306
61	309
61	313
61	316
61	320
61	324
61	328
61	333
61	338
61	344
61	351
61	359
61	369
62	157
62	167
62	177
62	187
62	198
62	209
62	220
62	230
62	239
62	248
62	256
62	265
62	274
62	284
63	172
63	184
63	197
64	167
64	177
64	186
64	195
64	203
64	211
64	220
64	229
64	238
64	247
64	257
64	267
64	277
64	287
65	161
65	170
65	178
65	184
65	190
65	195
65	200
65	205
65	210
65	214
65	219
65	223
65	228
65	233
65	238
65	243
65	248
65	253
65	258
65	263
65	268
65	273
65	278
65	283
65	288
65	294
65	300
65	307
65	315
65	324
65	335
66	158
66	166
66	172
66	176
66	181
66	184
66	188
66	191
66	194
66	197
66	201
66	203
66	206
66	209
66	212
66	214
66	217
66	220
66	222
66	225
66	228
66	230
66	233
66	236
66	238
66	241
66	244
66	246
66	249
66	252
66	254
66	257
66	260
66	262
66	265
66	268
66	270
66	273
66	276
66	278
66	281
66	284
66	287
66	290
66	293
66	297
66	300
66	304
66	308
66	312
66	317
66	322
66	328
66	335
66	343
66	353
67	157
67	165
67	172
67	177
67	182
67	186
67	191
67	194
67	198
67	201
67	204
67	208
67	211
67	213
67	217
67	219
67	222
67	225
67	228
67	230
67	233
67	236
67	238
67	241
67	243
67	246
67	249
67	251
67	254
67	256
67	259
67	261
67	264
67	266
67	269
67	272
67	274
67	277
67	280
67	283
67	286
67	289
67	292
67	296
67	299
67	304
67	307
67	312
67	317
67	323
67	329
67	336
67	345
68	202
68	214
68	225
68	235
68	244
68	253
68	262
68	272
68	283
71	182
71	193
71	203
71	213
71	222
71	231
71	240
71	249
71	258
71	267
71	276
71	285
71	295
71	306
72	163
72	172
72	180
72	186
72	192
72	198
72	203
72	208
72	213
72	218
72	223
72	227
72	232
72	236
72	241
72	245
72	250
72	254
72	259
72	263
72	268
72	272
72	277
72	281
72	286
72	291
72	296
72	301
72	307
72	313
72	320
72	328
72	338
73	160
73	169
73	175
73	181
73	186
73	191
73	195
73	200
73	203
73	207
73	211
73	214
73	218
73	221
73	224
73	228
73	231
73	234
73	238
73	241
73	244
73	247
73	251
73	253
73	257
73	260
73	263
73	266
73	269
73	272
73	275
73	278
73	282
73	285
73	288
73	292
73	295
73	299
73	303
73	307
73	312
73	317
73	323
73	329
73	336
73	345
73	356
74	170
74	180
74	189
74	196
74	203
74	209
74	215
74	221
74	226
74	232
74	237
74	242
74	247
74	252
74	257
74	262
74	267
74	272
74	277
74	282
74	288
74	294
74	300
74	307
74	315
74	325
-1	-1
