-1	-1
0	347
0	357
0	366
0	375
0	383
0	391
0	399
0	407
0	415
0	423
0	432
0	441
0	450
0	460
0	471
1	361
1	372
1	382
1	392
1	402
1	412
1	422
1	432
1	443
1	455
2	368
2	379
2	390
2	401
2	412
2	423
2	434
2	446
3	358
3	369
3	379
3	389
3	399
3	409
3	419
3	429
3	440
3	451
4	349
4	360
4	370
4	379
4	388
4	397
4	406
4	415
4	424
4	433
4	443
4	453
4	464
5	341
5	351
5	360
5	368
5	375
5	382
5	389
5	396
5	403
5	410
5	417
5	424
5	432
5	440
5	448
5	457
5	466
5	476
6	337
6	347
6	355
6	362
6	369
6	375
6	381
6	386
6	391
6	396
6	401
6	406
6	411
6	417
6	422
6	428
6	434
6	440
6	446
6	453
6	460
6	467
6	475
6	484
6	494
7	329
7	338
7	345
7	352
7	358
7	363
7	368
7	372
7	377
7	381
7	385
7	389
7	393
7	397
7	401
7	405
7	409
7	413
7	417
7	421
7	425
7	429
7	433
7	437
7	442
7	446
7	451
7	456
7	461
7	466
7	472
7	478
7	485
7	492
7	500
7	510
8	322
8	332
8	340
8	346
8	351
8	356
8	361
8	364
8	369
8	372
8	376
8	379
8	382
8	386
8	389
8	392
8	395
8	398
8	401
8	404
8	407
8	410
8	413
8	416
8	419
8	422
8	425
8	428
8	431
8	434
8	437
8	440
8	443
8	446
8	449
8	453
8	456
8	459
8	463
8	466
8	470
8	474
8	478
8	483
8	487
8	493
8	498
8	505
8	512
8	521
8	534
9	309
9	320
9	329
9	337
9	343
9	349
9	353
9	358
9	362
9	366
9	370
9	373
9	377
9	380
9	383
9	386
9	389
9	392
9	394
9	397
9	400
9	402
9	405
9	407
9	410
9	412
9	415
9	417
9	420
9	422
9	424
9	427
9	429
9	431
9	434
9	436
9	438
9	441
9	443
9	445
9	448
9	450
9	452
9	455
9	457
9	460
9	462
9	465
9	467
9	470
9	473
9	476
9	479
9	482
9	486
9	489
9	493
9	497
9	501
9	506
9	511
9	517
9	524
9	532
9	542
10	201
10	213
10	224
10	236
10	287
10	298
10	309
10	319
10	329
10	338
10	345
10	351
10	356
10	361
10	365
10	370
10	373
10	377
10	381
10	384
10	387
10	391
10	393
10	396
10	399
10	402
10	404
10	407
10	410
10	412
10	415
10	418
10	420
10	422
10	425
10	427
10	430
10	432
10	433
10	436
10	438
10	440
10	442
10	444
10	446
10	448
10	450
10	452
10	454
10	456
10	458
10	460
10	463
10	464
10	467
10	469
10	471
10	474
10	476
10	478
10	481
10	484
10	486
10	489
10	492
10	495
10	498
10	502
10	506
10	510
10	515
10	520
10	526
10	532
10	540
10	549
11	182
11	193
11	203
11	213
11	223
11	233
11	243
11	253
11	263
11	274
11	285
11	296
11	321
11	332
11	341
11	349
11	355
11	361
11	365
11	370
11	374
11	378
11	382
11	385
11	389
11	392
11	396
11	399
11	402
11	405
11	408
11	411
11	414
11	417
11	420
11	422
11	425
11	428
11	430
11	432
11	435
11	437
11	440
11	442
11	443
11	446
11	448
11	450
11	452
11	454
11	456
11	458
11	460
11	462
11	464
11	466
11	468
11	470
11	472
11	475
11	476
11	479
11	481
11	484
11	486
11	488
11	491
11	494
11	497
11	499
11	504
11	506
11	510
11	514
11	518
11	523
11	528
11	534
11	541
11	549
11	559
12	178
12	188
12	197
12	205
12	213
12	220
12	227
12	234
12	241
12	248
12	256
12	264
12	272
12	281
12	291
12	303
12	331
12	342
12	351
12	359
12	365
12	371
12	376
12	381
12	385
12	389
12	393
12	397
12	401
12	404
12	408
12	411
12	415
12	418
12	422
12	425
12	428
12	432
12	435
12	438
12	442
12	444
12	448
12	451
12	453
12	457
12	459
12	462
12	465
12	468
12	471
12	474
12	477
12	480
12	484
12	487
12	491
12	495
12	499
12	504
12	509
12	515
12	521
12	528
12	537
12	548
13	179
13	189
13	197
13	204
13	211
13	218
13	224
13	230
13	236
13	242
13	248
13	254
13	260
13	266
13	273
13	280
13	287
13	295
13	303
13	312
13	322
13	332
13	342
13	352
13	361
13	369
13	377
13	384
13	390
13	396
13	402
13	407
13	412
13	417
13	422
13	427
13	432
13	437
13	442
13	447
13	452
13	457
13	462
13	466
13	471
13	476
13	481
13	486
13	492
13	498
13	505
13	513
13	522
14	186
14	196
14	204
14	211
14	218
14	224
14	230
14	236
14	242
14	248
14	253
14	259
14	265
14	271
14	277
14	283
14	289
14	296
14	303
14	311
14	319
14	328
14	337
14	345
14	353
14	361
14	369
14	377
14	384
14	391
14	398
14	404
14	410
14	416
14	422
14	428
14	434
14	440
14	446
14	452
14	458
14	464
14	470
14	476
14	483
14	490
14	498
14	507
15	187
15	197
15	205
15	213
15	220
15	226
15	232
15	238
15	244
15	250
15	256
15	262
15	268
15	274
15	280
15	286
15	292
15	298
15	305
15	312
15	319
15	327
15	335
15	343
15	351
15	359
15	366
15	373
15	380
15	387
15	394
15	401
15	407
15	413
15	419
15	425
15	431
15	437
15	443
15	449
15	455
15	461
15	467
15	473
15	480
15	487
15	495
15	504
15	515
16	178
16	188
16	197
16	205
16	212
16	219
16	225
16	231
16	237
16	243
16	249
16	255
16	261
16	267
16	273
16	279
16	285
16	291
16	297
16	303
16	309
16	316
16	323
16	331
16	339
16	347
16	355
16	362
16	369
16	376
16	383
16	390
16	397
16	404
16	410
16	416
16	422
16	427
16	433
16	438
16	444
16	449
16	455
16	461
16	467
16	474
16	481
16	489
16	498
16	509
17	166
17	175
17	183
17	190
17	196
17	202
17	207
17	212
17	217
17	221
17	226
17	230
17	235
17	239
17	244
17	248
17	253
17	257
17	262
17	267
17	272
17	277
17	282
17	287
17	293
17	299
17	305
17	312
17	319
17	327
17	335
17	344
17	352
17	360
17	368
17	376
17	384
17	391
17	398
17	404
17	410
17	416
17	422
17	428
17	433
17	439
17	444
17	450
17	456
17	462
17	468
17	475
17	483
17	492
17	502
18	161
18	170
18	177
18	183
18	189
18	193
18	198
18	202
18	206
18	210
18	213
18	217
18	221
18	224
18	228
18	231
18	234
18	238
18	241
18	244
18	248
18	251
18	255
18	258
18	262
18	266
18	269
18	274
18	277
18	282
18	286
18	291
18	296
18	302
18	308
18	315
18	323
18	331
18	339
18	348
18	356
18	364
18	372
18	380
18	388
18	395
18	402
18	409
18	415
18	421
18	427
18	434
18	441
18	448
18	455
18	463
18	471
18	480
18	490
19	161
19	171
19	179
19	185
19	191
19	196
19	201
19	205
19	210
19	213
19	218
19	221
19	225
19	229
19	232
19	236
19	239
19	243
19	246
19	250
19	253
19	257
19	260
19	264
19	267
19	271
19	275
19	279
19	283
19	288
19	292
19	297
19	303
19	309
19	316
19	323
19	331
19	339
19	347
19	355
19	363
19	371
19	379
19	387
19	395
19	403
19	411
19	419
19	427
19	436
19	445
19	455
19	465
19	476
20	172
20	182
20	191
20	199
20	206
20	212
20	218
20	224
20	230
20	235
20	241
20	246
20	251
20	256
20	261
20	266
20	271
20	276
20	281
20	287
20	293
20	299
20	306
20	313
20	321
20	329
20	338
20	347
20	357
20	367
20	377
20	386
20	395
20	404
20	413
20	422
20	432
20	442
20	453
20	464
21	188
21	199
21	209
21	218
21	227
21	236
21	244
21	252
21	260
21	268
21	276
21	284
21	292
21	301
21	310
21	320
21	331
21	380
21	392
21	403
21	414
21	426
22	190
22	201
22	211
22	221
22	231
22	241
22	251
22	261
22	271
22	281
22	291
22	301
22	311
22	323
23	186
23	197
23	207
23	217
23	227
23	237
23	247
23	257
23	267
23	277
23	287
23	297
23	307
23	317
23	327
23	337
23	348
23	359
23	371
23	383
23	395
24	171
24	181
24	190
24	199
24	207
24	215
24	223
24	231
24	239
24	247
24	255
24	263
24	271
24	279
24	287
24	294
24	301
24	308
24	315
24	322
24	329
24	336
24	344
24	352
24	360
24	368
24	376
24	385
24	394
24	404
24	414
24	425
25	160
25	170
25	178
25	185
25	191
25	197
25	203
25	209
25	214
25	220
25	225
25	231
25	236
25	242
25	247
25	253
25	258
25	264
25	269
25	274
25	279
25	284
25	289
25	294
25	299
25	303
25	308
25	312
25	317
25	321
25	326
25	331
25	336
25	341
25	347
25	353
25	359
25	365
25	372
25	379
25	386
25	394
25	402
25	410
25	419
25	428
25	438
25	449
26	153
26	162
26	169
26	174
26	180
26	184
26	189
26	193
26	198
26	202
26	206
26	210
26	214
26	218
26	222
26	226
26	230
26	234
26	238
26	241
26	245
26	249
26	252
26	256
26	259
26	263
26	266
26	270
26	273
26	276
26	280
26	283
26	286
26	289
26	292
26	295
26	298
26	301
26	304
26	307
26	310
26	314
26	317
26	320
26	324
26	327
26	331
26	335
26	339
26	344
26	348
26	354
26	359
26	365
26	372
26	379
26	387
26	395
26	403
26	412
26	421
26	431
26	441
26	452
26	463
26	475
27	152
27	161
27	167
27	172
27	177
27	181
27	185
27	189
27	192
27	196
27	199
27	202
27	206
27	209
27	212
27	215
27	218
27	221
27	224
27	227
27	230
27	232
27	235
27	238
27	240
27	243
27	245
27	248
27	251
27	253
27	255
27	258
27	260
27	263
27	265
27	267
27	270
27	272
27	274
27	277
27	279
27	281
27	284
27	286
27	288
27	291
27	293
27	295
27	298
27	300
27	303
27	305
27	308
27	310
27	313
27	316
27	318
27	322
27	325
27	328
27	332
27	335
27	339
27	343
27	348
27	353
27	358
27	364
27	370
27	377
27	385
27	394
27	403
27	413
27	423
27	434
27	445
27	456
27	467
27	478
28	159
28	168
28	174
28	180
28	184
28	189
28	193
28	197
28	201
28	204
28	208
28	211
28	214
28	217
28	220
28	223
28	226
28	229
28	231
28	234
28	237
28	239
28	242
28	244
28	247
28	249
28	252
28	254
28	257
28	259
28	262
28	264
28	266
28	269
28	271
28	274
28	276
28	278
28	281
28	283
28	286
28	288
28	291
28	293
28	296
28	298
28	301
28	304
28	307
28	309
28	313
28	316
28	319
28	323
28	326
28	330
28	335
28	339
28	345
28	350
28	356
28	363
28	370
28	378
28	387
28	398
28	413
29	167
29	177
29	185
29	192
29	198
29	203
29	208
29	213
29	217
29	222
29	225
29	230
29	233
29	237
29	241
29	244
29	248
29	252
29	255
29	259
29	262
29	266
29	269
29	273
29	276
29	280
29	284
29	287
29	291
29	295
29	299
29	303
29	307
29	312
29	317
29	322
29	327
29	333
29	339
29	346
29	354
29	363
29	373
29	384
30	168
30	178
30	186
30	193
30	200
30	206
30	212
30	218
30	223
30	229
30	234
30	239
30	244
30	249
30	255
30	260
30	266
30	272
30	278
30	284
30	290
30	297
30	304
30	312
30	320
30	329
30	338
30	348
31	167
31	177
31	185
31	192
31	199
31	206
31	213
31	219
31	226
31	232
31	239
31	246
31	253
31	260
31	267
31	274
31	282
31	290
31	298
31	307
31	316
31	326
31	338
32	160
32	170
32	178
32	185
32	192
32	198
32	204
32	210
32	216
32	222
32	228
32	234
32	241
32	248
32	255
32	263
32	271
32	280
32	289
32	299
32	310
33	152
33	161
33	169
33	175
33	181
33	186
33	191
33	196
33	201
33	205
33	210
33	215
33	220
33	225
33	230
33	235
33	241
33	247
33	253
33	260
33	267
33	275
33	284
33	293
33	304
34	149
34	158
34	164
34	170
34	174
34	179
34	182
34	186
34	190
34	193
34	197
34	200
34	204
34	207
34	211
34	214
34	218
34	221
34	225
34	229
34	233
34	237
34	241
34	246
34	250
34	255
34	260
34	266
34	272
34	279
34	286
34	294
34	303
34	313
35	151
35	160
35	166
35	171
35	175
35	180
35	182
35	186
35	189
35	192
35	195
35	198
35	201
35	204
35	207
35	210
35	213
35	216
35	219
35	222
35	225
35	228
35	231
35	234
35	237
35	241
35	244
35	248
35	252
35	256
35	260
35	265
35	269
35	275
35	280
35	286
35	293
35	300
35	308
35	317
35	327
35	339
36	158
36	167
36	173
36	179
36	183
36	187
36	191
36	194
36	198
36	201
36	203
36	207
36	209
36	212
36	214
36	217
36	220
36	222
36	225
36	227
36	230
36	233
36	235
36	238
36	241
36	244
36	247
36	250
36	254
36	257
36	260
36	264
36	268
36	272
36	276
36	281
36	286
36	291
36	297
36	303
36	310
36	318
36	326
36	335
36	345
36	356
37	166
37	174
37	181
37	186
37	191
37	194
37	199
37	202
37	205
37	209
37	211
37	214
37	217
37	220
37	222
37	225
37	228
37	230
37	233
37	236
37	238
37	241
37	244
37	247
37	249
37	253
37	255
37	259
37	262
37	265
37	269
37	272
37	276
37	280
37	284
37	289
37	294
37	299
37	305
37	311
37	317
37	324
37	332
37	341
37	351
37	362
37	375
37	388
38	173
38	182
38	190
38	196
38	202
38	206
38	211
38	214
38	219
38	222
38	226
38	229
38	232
38	235
38	238
38	241
38	244
38	247
38	250
38	253
38	256
38	259
38	262
38	266
38	268
38	272
38	276
38	279
38	284
38	287
38	292
38	296
38	301
38	306
38	311
38	317
38	323
38	330
38	338
38	347
38	357
38	368
38	379
38	390
38	401
38	413
39	178
39	188
39	196
39	203
39	210
39	215
39	221
39	224
39	229
39	232
39	235
39	239
39	242
39	244
39	248
39	250
39	253
39	256
39	258
39	261
39	264
39	267
39	269
39	273
39	275
39	279
39	282
39	285
39	289
39	292
39	296
39	299
39	304
39	307
39	312
39	317
39	322
39	327
39	333
39	339
39	346
39	354
39	363
39	372
39	381
39	390
39	399
39	409
39	419
39	431
40	187
40	197
40	205
40	212
40	219
40	224
40	230
40	234
40	239
40	242
40	246
40	250
40	253
40	257
40	260
40	263
40	266
40	270
40	273
40	276
40	280
40	283
40	287
40	290
40	294
40	297
40	301
40	305
40	309
40	313
40	317
40	322
40	327
40	332
40	337
40	343
40	349
40	356
40	364
40	372
40	381
40	390
40	399
40	408
40	417
40	427
40	438
41	190
41	200
41	209
41	217
41	224
41	230
41	235
41	241
41	245
41	250
41	253
41	257
41	261
41	263
41	267
41	270
41	273
41	276
41	279
41	282
41	285
41	288
41	291
41	294
41	297
41	300
41	303
41	306
41	309
41	313
41	316
41	319
41	323
41	327
41	331
41	335
41	339
41	344
41	349
41	355
41	361
41	368
41	375
41	383
41	391
41	400
41	409
41	418
41	428
41	439
42	197
42	208
42	217
42	225
42	232
42	239
42	244
42	250
42	254
42	259
42	263
42	267
42	271
42	274
42	278
42	281
42	284
42	287
42	291
42	293
42	297
42	300
42	303
42	306
42	309
42	312
42	316
42	318
42	322
42	326
42	329
42	334
42	337
42	342
42	347
42	352
42	358
42	364
42	371
42	378
42	386
42	395
42	404
42	414
42	425
42	437
43	207
43	218
43	227
43	235
43	242
43	249
43	254
43	260
43	264
43	269
43	273
43	277
43	281
43	284
43	288
43	291
43	295
43	298
43	302
43	305
43	309
43	312
43	316
43	319
43	324
43	327
43	332
43	336
43	341
43	346
43	352
43	358
43	365
43	372
43	380
43	389
43	399
43	410
43	422
44	211
44	222
44	232
44	241
44	249
44	257
44	263
44	269
44	274
44	279
44	283
44	288
44	292
44	296
44	300
44	304
44	308
44	312
44	316
44	321
44	325
44	330
44	335
44	341
44	347
44	354
44	362
44	370
44	379
44	389
44	401
45	218
45	229
45	240
45	250
45	259
45	268
45	275
45	282
45	288
45	294
45	300
45	305
45	311
45	317
45	323
45	330
45	337
45	345
45	354
45	365
46	211
46	222
46	232
46	242
46	252
46	262
46	271
46	280
46	288
46	296
46	304
46	312
46	321
46	331
46	343
47	222
47	233
47	243
47	253
47	262
47	271
47	280
47	289
47	298
47	308
47	319
48	250
48	261
48	272
48	282
48	292
48	302
48	313
49	269
49	281
49	292
49	303
49	315
50	282
50	294
50	306
51	251
53	289
53	304
54	242
54	254
54	265
54	276
54	287
54	298
54	309
54	320
55	222
55	233
55	244
55	255
55	266
55	277
55	288
55	299
55	310
55	322
56	208
56	218
56	227
56	235
56	243
56	251
56	259
56	268
56	277
56	287
56	297
56	308
56	320
57	209
57	219
57	228
57	236
57	244
57	252
57	260
57	268
57	276
57	285
57	294
57	303
57	313
57	324
58	222
58	234
58	246
58	257
58	267
58	277
58	287
58	297
58	307
58	317
58	329
59	210
59	221
59	232
59	242
59	251
59	259
59	267
59	274
59	281
59	288
59	295
59	303
59	311
59	319
59	328
59	339
60	200
60	210
60	219
60	228
60	236
60	243
60	250
60	256
60	262
60	268
60	273
60	279
60	284
60	290
60	295
60	301
60	306
60	312
60	318
60	325
60	332
60	340
60	349
61	188
61	198
61	206
61	213
61	219
61	224
61	230
61	234
61	239
61	243
61	248
61	252
61	257
61	261
61	265
61	270
61	274
61	278
61	282
61	286
61	290
61	294
61	298
61	302
61	306
61	310
61	315
61	319
61	324
61	329
61	335
61	341
61	348
61	356
61	365
62	181
62	191
62	199
62	204
62	210
62	213
62	218
62	221
62	225
62	228
62	232
62	234
62	238
62	241
62	243
62	246
62	249
62	251
62	254
62	257
62	259
62	262
62	265
62	267
62	270
62	272
62	275
62	277
62	280
62	282
62	285
62	287
62	290
62	292
62	295
62	297
62	300
62	303
62	305
62	308
62	311
62	314
62	317
62	320
62	324
62	327
62	331
62	335
62	339
62	344
62	349
62	355
62	362
62	370
62	379
63	172
63	182
63	190
63	197
63	202
63	207
63	212
63	215
63	220
63	222
63	226
63	229
63	232
63	234
63	237
63	240
63	242
63	244
63	247
63	249
63	251
63	253
63	256
63	257
63	260
63	262
63	263
63	266
63	268
63	270
63	272
63	273
63	276
63	278
63	279
63	282
63	283
63	285
63	287
63	289
63	291
63	293
63	295
63	297
63	299
63	301
63	304
63	306
63	308
63	310
63	313
63	316
63	318
63	321
63	324
63	327
63	330
63	334
63	337
63	341
63	345
63	349
63	355
63	360
63	367
63	374
63	383
63	394
64	171
64	180
64	187
64	193
64	198
64	203
64	208
64	213
64	218
64	222
64	227
64	231
64	236
64	240
64	244
64	248
64	252
64	256
64	260
64	263
64	267
64	270
64	273
64	277
64	280
64	283
64	286
64	290
64	293
64	296
64	300
64	303
64	307
64	310
64	314
64	317
64	321
64	325
64	329
64	334
64	338
64	344
64	349
64	356
64	364
64	373
64	384
65	170
65	179
65	184
65	189
65	193
65	197
65	201
65	204
65	208
65	211
65	214
65	218
65	220
65	224
65	227
65	230
65	234
65	237
65	240
65	244
65	247
65	251
65	254
65	258
65	262
65	266
65	270
65	274
65	278
65	282
65	286
65	290
65	294
65	298
65	302
65	305
65	309
65	313
65	317
65	321
65	325
65	329
65	334
65	339
65	345
65	351
65	358
65	366
65	375
65	387
66	169
66	178
66	184
66	190
66	193
66	198
66	201
66	205
66	208
66	212
66	214
66	218
66	221
66	224
66	227
66	230
66	233
66	236
66	239
66	242
66	245
66	248
66	251
66	254
66	257
66	260
66	263
66	266
66	269
66	272
66	275
66	278
66	281
66	284
66	287
66	290
66	293
66	296
66	299
66	302
66	305
66	308
66	312
66	315
66	319
66	323
66	327
66	331
66	336
66	341
66	347
66	354
66	361
66	370
66	384
67	173
67	183
67	192
67	200
67	208
67	215
67	222
67	229
67	235
67	241
67	247
67	253
67	259
67	264
67	270
67	275
67	280
67	285
67	291
67	296
67	302
67	308
67	314
67	320
67	327
67	335
67	344
67	355
68	179
68	189
68	198
68	207
68	216
68	225
68	234
68	244
68	254
68	265
68	276
68	288
68	299
68	309
68	319
68	329
69	181
69	192
69	202
69	212
69	221
69	230
69	239
69	249
69	259
69	269
69	279
69	289
69	299
69	309
69	320
70	173
70	184
70	194
70	204
70	214
70	224
70	234
70	244
70	255
70	267
71	167
71	176
71	184
71	191
71	198
71	204
71	210
71	216
71	222
71	228
71	234
71	241
71	248
71	255
71	262
71	269
71	277
71	285
71	293
71	301
71	309
71	317
71	325
71	334
71	345
72	167
72	176
72	183
72	189
72	194
72	199
72	204
72	208
72	213
72	217
72	221
72	225
72	229
72	233
72	237
72	241
72	245
72	249
72	253
72	257
72	261
72	265
72	269
72	274
72	278
72	282
72	287
72	291
72	296
72	300
72	305
72	309
72	314
72	319
72	325
72	331
72	338
72	346
72	355
73	177
73	187
73	195
73	202
73	208
73	213
73	219
73	223
73	228
73	232
73	237
73	241
73	245
73	249
73	253
73	257
73	261
73	265
73	269
73	273
73	277
73	281
73	285
73	289
73	293
73	297
73	302
73	306
73	311
73	316
73	322
73	328
73	335
73	343
73	353
75	180
75	191
75	201
75	210
75	219
75	228
75	237
75	246
75	255
75	265
75	275
75	285
75	295
75	305
75	314
75	323
75	332
75	342
75	353
76	181
76	191
76	200
76	208
76	215
76	222
76	228
76	234
76	240
76	246
76	252
76	258
76	264
76	270
76	276
76	282
76	288
76	295
76	301
76	308
76	314
76	320
76	327
76	334
76	341
76	349
76	358
77	216
77	227
77	237
77	246
77	255
77	264
77	273
77	282
77	291
77	300
77	310
77	321
-1	-1
