-1	-1
0	329
0	338
0	344
0	350
0	354
0	359
0	362
0	365
0	369
0	372
0	374
0	378
0	380
0	382
0	385
0	388
0	390
0	392
0	395
0	397
0	399
0	402
0	403
0	406
0	408
0	410
0	412
0	414
0	416
0	418
0	420
0	422
0	423
0	426
0	427
0	429
0	431
0	433
0	434
0	436
0	438
0	440
0	441
0	443
0	445
0	447
0	448
0	450
0	452
0	454
0	455
0	457
0	459
0	461
0	463
0	465
0	466
0	469
0	470
0	473
0	475
0	477
0	479
0	482
0	484
0	487
0	489
0	492
0	495
0	498
0	501
0	505
0	508
0	512
0	516
0	520
0	525
0	530
0	536
0	542
0	549
0	556
0	564
0	572
0	580
0	588
0	596
0	605
0	614
0	624
1	343
1	352
1	360
1	366
1	372
1	377
1	382
1	386
1	390
1	394
1	397
1	401
1	404
1	408
1	411
1	414
1	417
1	421
1	423
1	427
1	429
1	432
1	435
1	438
1	440
1	443
1	446
1	448
1	451
1	454
1	456
1	459
1	462
1	465
1	468
1	471
1	474
1	477
1	481
1	484
1	488
1	492
1	496
1	501
1	506
1	511
1	517
1	524
1	532
1	541
1	551
2	347
2	357
2	364
2	371
2	377
2	382
2	387
2	392
2	396
2	400
2	404
2	408
2	412
2	415
2	419
2	422
2	426
2	429
2	432
2	436
2	439
2	442
2	445
2	448
2	451
2	454
2	457
2	460
2	464
2	466
2	470
2	474
2	477
2	481
2	485
2	489
2	494
2	499
2	505
2	511
2	518
2	526
2	535
2	545
3	348
3	358
3	366
3	373
3	380
3	385
3	391
3	395
3	400
3	404
3	409
3	413
3	418
3	422
3	426
3	430
3	434
3	438
3	442
3	446
3	450
3	454
3	458
3	462
3	466
3	470
3	475
3	479
3	484
3	489
3	495
3	501
3	508
3	516
3	525
3	535
4	352
4	362
4	371
4	379
4	385
4	391
4	397
4	402
4	408
4	413
4	418
4	423
4	428
4	433
4	438
4	443
4	448
4	453
4	458
4	463
4	468
4	474
4	480
4	486
4	493
4	501
4	510
4	520
5	356
5	365
5	373
5	380
5	387
5	393
5	399
5	405
5	411
5	416
5	421
5	426
5	431
5	436
5	441
5	446
5	451
5	456
5	461
5	466
5	472
5	478
5	485
5	492
5	500
5	509
5	519
6	360
6	370
6	379
6	386
6	393
6	400
6	406
6	412
6	417
6	423
6	428
6	433
6	438
6	443
6	448
6	453
6	458
6	463
6	469
6	475
6	481
6	488
6	496
6	504
6	513
6	524
7	360
7	370
7	379
7	387
7	394
7	401
7	407
7	413
7	419
7	425
7	431
7	436
7	442
7	447
7	453
7	458
7	464
7	470
7	476
7	483
7	490
7	498
7	507
7	517
7	528
8	361
8	371
8	380
8	389
8	397
8	404
8	411
8	418
8	425
8	431
8	438
8	444
8	451
8	457
8	464
8	471
8	479
8	487
8	496
8	506
8	516
8	527
9	359
9	369
9	378
9	386
9	394
9	401
9	408
9	414
9	420
9	426
9	432
9	438
9	444
9	450
9	456
9	463
9	470
9	477
9	485
9	493
9	502
9	511
9	521
9	531
9	541
9	552
9	563
9	574
9	585
9	596
9	609
10	140
10	151
10	163
10	360
10	370
10	379
10	387
10	394
10	400
10	406
10	412
10	418
10	424
10	430
10	436
10	442
10	448
10	454
10	460
10	467
10	474
10	481
10	489
10	497
10	505
10	514
10	523
10	532
10	541
10	550
10	559
10	568
10	577
10	586
10	596
10	606
10	617
11	353
11	363
11	372
11	380
11	387
11	393
11	399
11	405
11	411
11	417
11	423
11	429
11	435
11	441
11	447
11	453
11	459
11	465
11	472
11	479
11	486
11	493
11	500
11	507
11	514
11	522
11	530
11	538
11	546
11	554
11	562
11	570
11	578
11	586
11	594
11	602
11	610
11	619
11	629
11	640
12	350
12	360
12	369
12	377
12	384
12	391
12	397
12	403
12	409
12	415
12	421
12	427
12	433
12	439
12	445
12	451
12	457
12	463
12	469
12	475
12	481
12	487
12	493
12	499
12	505
12	511
12	517
12	523
12	529
12	535
12	541
12	547
12	553
12	559
12	565
12	571
12	577
12	583
12	589
12	595
12	601
12	607
12	614
12	621
12	628
12	636
12	644
12	653
12	663
12	675
13	152
13	350
13	360
13	369
13	377
13	384
13	391
13	398
13	404
13	410
13	416
13	422
13	428
13	434
13	440
13	446
13	452
13	457
13	463
13	469
13	474
13	480
13	485
13	491
13	496
13	501
13	506
13	511
13	516
13	521
13	526
13	531
13	536
13	541
13	546
13	551
13	556
13	561
13	566
13	571
13	576
13	581
13	586
13	591
13	596
13	601
13	606
13	611
13	616
13	621
13	627
13	633
13	639
13	646
13	653
13	661
13	669
13	678
13	688
14	350
14	360
14	369
14	377
14	385
14	393
14	400
14	407
14	414
14	421
14	428
14	435
14	442
14	449
14	456
14	463
14	470
14	476
14	482
14	488
14	493
14	498
14	503
14	508
14	512
14	517
14	521
14	525
14	529
14	533
14	537
14	541
14	545
14	549
14	553
14	557
14	561
14	566
14	570
14	575
14	579
14	584
14	588
14	593
14	597
14	602
14	606
14	611
14	616
14	621
14	626
14	631
14	637
14	643
14	649
14	656
14	664
14	672
14	681
14	692
15	350
15	361
15	370
15	379
15	388
15	397
15	406
15	415
15	424
15	433
15	442
15	451
15	460
15	469
15	478
15	486
15	493
15	499
15	505
15	510
15	515
15	520
15	524
15	529
15	533
15	537
15	541
15	545
15	549
15	554
15	558
15	563
15	567
15	572
15	576
15	581
15	586
15	591
15	596
15	601
15	606
15	611
15	617
15	623
15	629
15	636
15	643
15	651
15	660
15	670
16	350
16	360
16	369
16	378
16	386
16	395
16	403
16	411
16	419
16	427
16	435
16	443
16	451
16	459
16	468
16	477
16	486
16	494
16	501
16	508
16	514
16	520
16	526
16	532
16	538
16	544
16	550
16	556
16	562
16	568
16	574
16	580
16	586
16	592
16	598
16	605
16	612
16	620
16	628
16	637
16	647
17	352
17	362
17	371
17	379
17	387
17	395
17	403
17	411
17	418
17	425
17	432
17	439
17	446
17	453
17	461
17	469
17	477
17	485
17	493
17	501
17	509
17	516
17	523
17	530
17	537
17	544
17	551
17	558
17	564
17	571
17	577
17	584
17	590
17	597
17	604
17	611
17	618
17	626
17	635
17	644
17	654
18	352
18	363
18	372
18	381
18	389
18	397
18	404
18	411
18	418
18	425
18	432
18	439
18	446
18	453
18	461
18	469
18	477
18	485
18	493
18	501
18	509
18	516
18	523
18	529
18	536
18	542
18	548
18	554
18	560
18	566
18	571
18	577
18	582
18	588
18	593
18	599
18	605
18	611
18	617
18	623
18	630
18	637
18	645
18	653
18	662
18	672
18	684
19	350
19	361
19	370
19	379
19	387
19	394
19	401
19	408
19	414
19	420
19	426
19	432
19	438
19	445
19	451
19	458
19	465
19	472
19	480
19	488
19	496
19	503
19	510
19	517
19	523
19	529
19	535
19	541
19	546
19	552
19	557
19	562
19	567
19	572
19	576
19	581
19	585
19	590
19	594
19	599
19	603
19	608
19	612
19	617
19	622
19	627
19	632
19	638
19	644
19	650
19	657
19	664
19	672
19	681
19	691
19	703
20	342
20	353
20	362
20	371
20	379
20	387
20	394
20	401
20	407
20	413
20	419
20	425
20	431
20	437
20	443
20	449
20	455
20	461
20	467
20	473
20	479
20	486
20	492
20	498
20	504
20	510
20	516
20	521
20	527
20	532
20	537
20	542
20	547
20	552
20	557
20	562
20	567
20	572
20	576
20	581
20	585
20	590
20	594
20	598
20	602
20	606
20	611
20	615
20	620
20	624
20	629
20	634
20	639
20	645
20	651
20	657
20	664
20	671
20	679
20	687
20	696
20	706
21	342
21	352
21	361
21	369
21	377
21	384
21	391
21	398
21	404
21	410
21	416
21	422
21	428
21	434
21	440
21	445
21	451
21	456
21	461
21	467
21	472
21	477
21	482
21	487
21	492
21	497
21	502
21	506
21	511
21	515
21	519
21	523
21	527
21	531
21	535
21	539
21	543
21	547
21	551
21	555
21	559
21	563
21	567
21	571
21	575
21	579
21	583
21	587
21	592
21	596
21	601
21	605
21	610
21	615
21	620
21	625
21	630
21	636
21	642
21	648
21	655
21	663
21	671
21	679
21	688
21	697
21	707
22	342
22	352
22	361
22	369
22	376
22	383
22	390
22	396
22	402
22	408
22	414
22	420
22	425
22	430
22	435
22	440
22	445
22	450
22	455
22	460
22	464
22	469
22	473
22	478
22	482
22	486
22	490
22	494
22	498
22	502
22	505
22	509
22	512
22	515
22	519
22	522
22	525
22	529
22	532
22	535
22	539
22	542
22	545
22	549
22	552
22	555
22	559
22	562
22	566
22	569
22	573
22	577
22	581
22	585
22	589
22	593
22	598
22	602
22	607
22	612
22	617
22	623
22	629
22	635
22	642
22	649
22	657
22	666
22	675
22	685
22	695
22	707
23	338
23	348
23	357
23	364
23	371
23	378
23	384
23	390
23	396
23	402
23	407
23	413
23	418
23	423
23	428
23	433
23	438
23	442
23	447
23	451
23	455
23	459
23	463
23	467
23	471
23	474
23	478
23	481
23	485
23	488
23	492
23	494
23	498
23	501
23	504
23	507
23	510
23	513
23	516
23	519
23	522
23	525
23	528
23	531
23	534
23	537
23	540
23	544
23	547
23	550
23	554
23	557
23	561
23	565
23	569
23	573
23	577
23	581
23	586
23	590
23	595
23	599
23	604
23	609
23	614
23	620
23	626
23	632
23	639
23	646
23	654
23	662
23	671
23	680
23	690
23	701
24	329
24	339
24	348
24	356
24	363
24	369
24	375
24	381
24	386
24	392
24	397
24	403
24	408
24	413
24	418
24	423
24	428
24	433
24	437
24	442
24	446
24	450
24	454
24	458
24	461
24	465
24	468
24	471
24	474
24	477
24	480
24	483
24	486
24	489
24	492
24	494
24	498
24	500
24	503
24	506
24	509
24	512
24	515
24	518
24	521
24	525
24	527
24	531
24	534
24	538
24	541
24	545
24	548
24	552
24	556
24	560
24	564
24	568
24	572
24	577
24	581
24	586
24	590
24	595
24	600
24	605
24	610
24	616
24	621
24	627
24	633
24	639
24	646
24	653
24	661
24	669
24	677
24	686
24	696
24	707
25	329
25	339
25	347
25	354
25	361
25	367
25	373
25	379
25	384
25	390
25	395
25	401
25	406
25	411
25	416
25	421
25	426
25	431
25	435
25	440
25	443
25	447
25	451
25	454
25	458
25	461
25	464
25	468
25	470
25	474
25	477
25	480
25	483
25	486
25	489
25	492
25	495
25	498
25	501
25	504
25	507
25	510
25	514
25	517
25	521
25	524
25	528
25	531
25	535
25	539
25	542
25	546
25	550
25	554
25	558
25	562
25	566
25	570
25	574
25	578
25	582
25	586
25	590
25	595
25	599
25	604
25	608
25	613
25	618
25	623
25	628
25	633
25	639
25	645
25	651
25	657
25	664
25	671
25	678
25	686
25	694
25	703
25	714
26	331
26	341
26	350
26	358
26	365
26	372
26	378
26	384
26	390
26	395
26	401
26	406
26	411
26	416
26	421
26	426
26	431
26	436
26	441
26	445
26	450
26	454
26	459
26	463
26	468
26	472
26	477
26	481
26	485
26	489
26	493
26	497
26	501
26	505
26	509
26	513
26	517
26	521
26	524
26	528
26	532
26	536
26	540
26	543
26	547
26	551
26	554
26	558
26	562
26	566
26	570
26	574
26	578
26	582
26	586
26	590
26	594
26	598
26	602
26	606
26	610
26	615
26	619
26	624
26	628
26	633
26	638
26	643
26	648
26	654
26	660
26	666
26	673
26	680
26	687
26	695
26	704
26	714
27	331
27	341
27	350
27	358
27	365
27	372
27	379
27	385
27	391
27	397
27	403
27	409
27	415
27	421
27	427
27	433
27	439
27	445
27	451
27	457
27	463
27	469
27	475
27	481
27	487
27	492
27	498
27	503
27	508
27	512
27	517
27	521
27	525
27	529
27	532
27	536
27	540
27	543
27	547
27	550
27	554
27	557
27	561
27	564
27	568
27	571
27	575
27	578
27	582
27	586
27	589
27	593
27	597
27	601
27	604
27	608
27	612
27	616
27	620
27	624
27	628
27	633
27	637
27	642
27	647
27	653
27	659
27	665
27	672
27	679
27	687
27	696
27	706
28	337
28	348
28	357
28	365
28	373
28	380
28	387
28	394
28	401
28	408
28	415
28	422
28	429
28	436
28	443
28	449
28	456
28	463
28	470
28	477
28	483
28	489
28	495
28	501
28	506
28	511
28	515
28	520
28	523
28	527
28	531
28	534
28	538
28	541
28	544
28	548
28	551
28	554
28	557
28	560
28	563
28	566
28	569
28	573
28	576
28	579
28	583
28	586
28	590
28	594
28	597
28	601
28	605
28	609
28	613
28	617
28	622
28	627
28	632
28	637
28	643
28	649
28	656
28	663
28	671
28	680
28	690
28	702
29	336
29	347
29	357
29	366
29	374
29	382
29	390
29	397
29	404
29	411
29	418
29	425
29	432
29	438
29	444
29	450
29	456
29	462
29	468
29	474
29	480
29	486
29	491
29	496
29	501
29	505
29	510
29	513
29	518
29	521
29	525
29	529
29	532
29	535
29	539
29	542
29	545
29	548
29	551
29	554
29	557
29	560
29	564
29	566
29	570
29	573
29	577
29	580
29	584
29	588
29	592
29	596
29	601
29	605
29	610
29	615
29	620
29	626
29	632
29	639
29	647
29	656
29	666
30	332
30	343
30	352
30	360
30	368
30	376
30	383
30	390
30	397
30	404
30	410
30	416
30	422
30	428
30	434
30	440
30	446
30	452
30	458
30	464
30	470
30	475
30	480
30	485
30	490
30	494
30	498
30	502
30	506
30	510
30	514
30	517
30	521
30	524
30	528
30	531
30	535
30	538
30	542
30	545
30	549
30	553
30	556
30	560
30	564
30	568
30	572
30	576
30	581
30	586
30	591
30	596
30	602
30	608
30	615
30	622
30	630
30	639
30	651
31	339
31	349
31	358
31	366
31	373
31	380
31	386
31	392
31	398
31	404
31	410
31	416
31	421
31	427
31	432
31	438
31	443
31	449
31	454
31	459
31	464
31	469
31	473
31	478
31	482
31	486
31	490
31	493
31	497
31	500
31	503
31	507
31	510
31	513
31	517
31	520
31	523
31	527
31	530
31	533
31	537
31	540
31	544
31	547
31	551
31	555
31	559
31	564
31	568
31	573
31	578
31	584
31	590
31	597
31	605
31	614
31	625
32	342
32	352
32	361
32	369
32	377
32	384
32	391
32	397
32	403
32	409
32	415
32	420
32	426
32	431
32	436
32	441
32	446
32	451
32	455
32	460
32	463
32	468
32	471
32	474
32	478
32	481
32	484
32	487
32	490
32	493
32	496
32	499
32	502
32	505
32	508
32	511
32	514
32	517
32	520
32	524
32	527
32	530
32	534
32	537
32	541
32	545
32	549
32	554
32	558
32	564
32	569
32	576
32	583
32	591
32	601
33	336
33	346
33	355
33	363
33	371
33	378
33	384
33	391
33	397
33	403
33	409
33	414
33	420
33	425
33	430
33	435
33	440
33	444
33	449
33	452
33	456
33	460
33	463
33	467
33	470
33	473
33	476
33	480
33	482
33	486
33	488
33	492
33	495
33	498
33	501
33	505
33	508
33	512
33	515
33	519
33	523
33	527
33	531
33	536
33	541
33	546
33	552
33	558
33	565
33	572
33	580
33	590
34	328
34	338
34	346
34	354
34	361
34	368
34	374
34	380
34	385
34	391
34	396
34	401
34	406
34	411
34	416
34	421
34	425
34	430
34	434
34	438
34	442
34	446
34	450
34	453
34	456
34	460
34	462
34	466
34	468
34	472
34	474
34	477
34	480
34	483
34	486
34	489
34	492
34	496
34	499
34	503
34	506
34	510
34	514
34	518
34	523
34	528
34	533
34	539
34	545
34	552
34	560
34	568
34	577
34	589
35	327
35	337
35	345
35	352
35	359
35	365
35	371
35	376
35	381
35	386
35	391
35	395
35	400
35	404
35	408
35	412
35	416
35	420
35	424
35	428
35	432
35	435
35	439
35	442
35	445
35	449
35	451
35	454
35	457
35	460
35	463
35	465
35	469
35	471
35	474
35	477
35	480
35	483
35	486
35	489
35	493
35	496
35	500
35	504
35	508
35	512
35	517
35	521
35	527
35	532
35	538
35	545
35	552
35	560
35	569
36	329
36	339
36	348
36	356
36	363
36	370
36	376
36	382
36	387
36	392
36	397
36	402
36	406
36	411
36	415
36	419
36	423
36	427
36	431
36	434
36	438
36	441
36	445
36	448
36	452
36	455
36	459
36	462
36	466
36	469
36	473
36	477
36	481
36	485
36	489
36	494
36	498
36	504
36	509
36	515
36	521
36	528
36	535
36	543
36	552
36	563
37	327
37	338
37	347
37	356
37	364
37	372
37	379
37	386
37	393
37	400
37	406
37	412
37	418
37	424
37	430
37	435
37	440
37	445
37	450
37	455
37	460
37	466
37	471
37	477
37	483
37	489
37	496
37	504
37	512
37	521
37	531
38	337
38	348
38	358
38	367
38	376
38	385
38	394
38	403
38	412
38	420
38	428
38	436
38	444
38	452
38	460
38	468
38	476
38	485
38	495
38	506
39	358
39	369
39	380
39	390
39	400
39	409
39	418
39	427
39	436
39	446
39	455
39	465
39	475
39	485
39	496
40	362
40	374
40	385
40	395
40	404
40	413
40	422
40	430
40	438
40	446
40	455
40	464
40	473
40	483
40	493
40	504
41	391
41	402
41	412
41	422
41	431
41	440
41	449
41	458
41	468
41	478
41	489
41	501
42	400
42	411
42	422
42	432
42	442
42	452
42	462
42	472
42	483
43	401
43	413
43	425
43	436
43	447
43	458
43	469
43	483
44	402
44	414
44	426
44	438
44	450
44	461
44	472
45	397
45	408
45	419
45	429
45	439
45	450
45	461
45	473
46	412
46	424
46	435
46	446
46	457
46	470
47	426
47	438
47	450
47	464
47	492
48	429
48	441
48	452
48	463
48	475
48	488
49	441
49	453
49	465
53	459
53	471
53	483
53	494
53	506
54	452
54	464
54	475
54	485
54	495
54	505
54	515
54	525
54	536
55	490
55	502
55	513
55	524
55	535
55	547
61	450
61	462
61	473
61	484
61	494
61	504
61	514
61	525
62	449
62	460
62	470
62	479
62	488
62	496
62	503
62	510
62	517
62	524
62	531
62	539
62	547
62	555
62	564
62	574
62	585
63	459
63	470
63	479
63	486
63	492
63	498
63	503
63	509
63	514
63	519
63	524
63	529
63	534
63	539
63	544
63	549
63	554
63	559
63	565
63	571
63	577
63	584
63	591
63	598
63	606
63	615
63	625
64	461
64	472
64	481
64	489
64	495
64	501
64	505
64	510
64	514
64	518
64	522
64	526
64	530
64	533
64	537
64	540
64	544
64	547
64	551
64	554
64	558
64	561
64	565
64	569
64	573
64	577
64	581
64	585
64	589
64	594
64	598
64	603
64	608
64	614
64	620
64	627
64	634
64	643
64	654
65	467
65	477
65	487
65	496
65	504
65	511
65	517
65	522
65	527
65	532
65	536
65	541
65	544
65	548
65	552
65	555
65	559
65	562
65	566
65	569
65	572
65	576
65	579
65	582
65	586
65	589
65	592
65	596
65	599
65	603
65	606
65	610
65	614
65	618
65	622
65	627
65	631
65	637
65	643
65	649
65	656
65	665
65	676
66	471
66	482
66	492
66	501
66	510
66	519
66	528
66	536
66	544
66	551
66	558
66	564
66	570
66	575
66	580
66	584
66	589
66	593
66	597
66	601
66	605
66	609
66	614
66	618
66	623
66	628
66	633
66	638
66	645
66	652
66	660
66	669
67	476
67	485
67	493
67	500
67	507
67	514
67	521
67	528
67	535
67	542
67	550
67	558
67	566
67	574
67	582
67	590
67	598
67	606
67	614
67	622
67	631
67	641
68	478
68	486
68	493
68	499
68	504
68	509
68	514
68	518
68	523
68	527
68	532
68	536
68	541
68	545
68	550
68	555
68	560
68	565
68	570
68	575
68	581
68	587
68	593
68	599
68	606
68	613
68	621
68	629
68	639
69	480
69	489
69	494
69	500
69	503
69	508
69	511
69	515
69	518
69	522
69	524
69	528
69	531
69	534
69	537
69	540
69	543
69	546
69	549
69	552
69	555
69	558
69	561
69	564
69	567
69	570
69	574
69	576
69	580
69	583
69	587
69	590
69	594
69	597
69	601
69	605
69	609
69	613
69	617
69	622
69	627
69	632
69	638
69	644
69	651
69	659
69	668
70	488
70	497
70	504
70	510
70	515
70	520
70	524
70	529
70	532
70	536
70	540
70	543
70	547
70	550
70	553
70	556
70	559
70	562
70	565
70	568
70	571
70	574
70	577
70	580
70	583
70	586
70	589
70	592
70	595
70	598
70	601
70	604
70	607
70	610
70	613
70	616
70	619
70	623
70	626
70	629
70	633
70	637
70	640
70	645
70	649
70	654
70	659
70	665
70	672
70	680
70	689
71	511
71	522
71	532
71	541
71	549
71	556
71	563
71	569
71	575
71	581
71	586
71	591
71	596
71	601
71	606
71	611
71	616
71	621
71	626
71	631
71	636
71	641
71	647
71	653
71	660
71	668
71	677
72	490
72	501
72	511
72	521
72	530
72	539
72	548
72	557
72	566
72	575
72	585
72	595
72	605
72	615
72	625
72	636
73	478
73	487
73	494
73	501
73	507
73	513
73	518
73	523
73	528
73	533
73	538
73	543
73	548
73	553
73	558
73	563
73	569
73	574
73	580
73	586
73	592
73	598
73	604
73	610
73	617
73	624
73	631
73	639
73	648
73	658
74	477
74	484
74	491
74	495
74	501
74	504
74	509
74	512
74	516
74	519
74	522
74	526
74	529
74	532
74	535
74	538
74	541
74	544
74	547
74	550
74	553
74	556
74	559
74	562
74	565
74	568
74	571
74	574
74	577
74	580
74	583
74	586
74	589
74	592
74	595
74	598
74	602
74	605
74	608
74	612
74	615
74	619
74	622
74	626
74	629
74	634
74	637
74	642
74	646
74	651
74	656
74	662
74	668
74	675
74	683
74	693
75	480
75	489
75	495
75	501
75	505
75	510
75	513
75	518
75	521
75	525
75	528
75	532
75	534
75	538
75	541
75	543
75	547
75	549
75	552
75	555
75	558
75	560
75	563
75	566
75	568
75	571
75	574
75	576
75	579
75	582
75	584
75	587
75	589
75	592
75	594
75	597
75	599
75	602
75	604
75	607
75	609
75	612
75	615
75	617
75	620
75	623
75	625
75	628
75	631
75	634
75	636
75	640
75	642
75	646
75	649
75	652
75	656
75	659
75	664
75	667
75	672
75	677
75	683
75	689
75	696
75	705
75	716
76	521
76	532
76	541
76	549
76	557
76	564
76	571
76	577
76	583
76	589
76	594
76	600
76	605
76	610
76	615
76	620
76	625
76	630
76	635
76	640
76	645
76	650
76	656
76	662
76	669
76	676
76	685
76	696
-1	-1
