-1	-1
0	338
0	347
0	353
0	358
0	362
0	366
0	370
0	372
0	376
0	379
0	381
0	384
0	386
0	389
0	391
0	393
0	395
0	398
0	400
0	402
0	403
0	406
0	408
0	410
0	412
0	413
0	416
0	417
0	419
0	421
0	423
0	424
0	426
0	428
0	430
0	431
0	433
0	435
0	437
0	438
0	440
0	442
0	443
0	445
0	447
0	449
0	450
0	452
0	454
0	455
0	457
0	459
0	460
0	462
0	464
0	465
0	467
0	469
0	470
0	472
0	474
0	475
0	477
0	479
0	480
0	482
0	484
0	486
0	487
0	489
0	491
0	493
0	495
0	497
0	498
0	501
0	503
0	505
0	507
0	509
0	512
0	514
0	517
0	519
0	522
0	525
0	528
0	531
0	535
0	538
0	543
0	547
0	552
0	557
0	563
0	569
0	576
0	585
0	595
0	607
1	347
1	356
1	363
1	369
1	374
1	379
1	383
1	387
1	391
1	395
1	399
1	402
1	406
1	409
1	412
1	416
1	419
1	422
1	425
1	428
1	431
1	434
1	437
1	440
1	443
1	446
1	449
1	452
1	455
1	458
1	461
1	464
1	467
1	470
1	473
1	476
1	479
1	482
1	485
1	488
1	491
1	495
1	497
1	501
1	505
1	508
1	513
1	517
1	522
1	527
1	533
1	539
1	546
1	554
1	563
1	574
2	350
2	360
2	367
2	373
2	379
2	384
2	389
2	394
2	399
2	403
2	408
2	412
2	416
2	420
2	424
2	428
2	432
2	435
2	439
2	442
2	446
2	449
2	453
2	456
2	460
2	463
2	467
2	470
2	474
2	477
2	481
2	484
2	488
2	491
2	495
2	499
2	503
2	507
2	512
2	517
2	523
2	529
2	536
2	544
2	553
2	563
3	356
3	364
3	371
3	378
3	384
3	390
3	395
3	401
3	406
3	411
3	416
3	421
3	425
3	430
3	434
3	439
3	443
3	447
3	451
3	455
3	459
3	463
3	467
3	471
3	475
3	479
3	483
3	488
3	492
3	497
3	502
3	507
3	513
3	519
3	526
3	534
3	543
3	553
4	358
4	367
4	374
4	381
4	387
4	393
4	399
4	404
4	410
4	415
4	420
4	425
4	430
4	435
4	440
4	444
4	449
4	453
4	458
4	462
4	467
4	472
4	477
4	482
4	487
4	492
4	498
4	504
4	510
4	517
4	525
4	534
4	544
5	362
5	372
5	380
5	388
5	395
5	401
5	407
5	413
5	419
5	424
5	430
5	435
5	440
5	445
5	450
5	455
5	460
5	465
5	470
5	475
5	480
5	485
5	490
5	496
5	502
5	509
5	516
5	524
5	533
5	544
6	369
6	379
6	388
6	395
6	402
6	409
6	415
6	421
6	427
6	432
6	437
6	442
6	447
6	452
6	457
6	462
6	467
6	472
6	477
6	482
6	488
6	494
6	500
6	507
6	514
6	522
6	531
6	541
6	555
7	370
7	380
7	389
7	396
7	403
7	409
7	415
7	421
7	426
7	432
7	437
7	442
7	447
7	452
7	457
7	462
7	467
7	472
7	477
7	483
7	488
7	494
7	500
7	507
7	514
7	522
7	530
7	539
7	549
7	560
8	372
8	382
8	391
8	399
8	406
8	413
8	419
8	425
8	431
8	437
8	442
8	448
8	453
8	458
8	463
8	468
8	473
8	478
8	483
8	488
8	494
8	500
8	506
8	512
8	519
8	526
8	534
8	542
8	551
8	560
8	570
8	580
8	591
8	603
9	377
9	387
9	396
9	404
9	412
9	419
9	426
9	433
9	439
9	445
9	451
9	457
9	462
9	468
9	473
9	478
9	484
9	489
9	495
9	501
9	507
9	514
9	521
9	528
9	536
9	544
9	553
9	562
9	572
9	582
9	592
9	602
9	612
9	622
9	632
9	643
9	655
10	377
10	387
10	396
10	404
10	412
10	419
10	426
10	432
10	438
10	444
10	449
10	455
10	460
10	465
10	471
10	476
10	482
10	488
10	494
10	500
10	507
10	514
10	521
10	528
10	535
10	542
10	549
10	556
10	564
10	572
10	580
10	588
10	597
10	605
10	614
10	623
10	632
10	641
10	650
10	660
10	670
10	681
11	369
11	379
11	388
11	396
11	404
11	411
11	418
11	425
11	432
11	439
11	445
11	451
11	456
11	461
11	466
11	471
11	476
11	481
11	486
11	491
11	496
11	501
11	506
11	511
11	516
11	521
11	526
11	531
11	536
11	541
11	546
11	551
11	556
11	561
11	566
11	571
11	577
11	582
11	588
11	593
11	599
11	604
11	610
11	615
11	621
11	627
11	633
11	639
11	645
11	652
11	659
11	666
11	673
11	681
11	690
11	700
11	712
12	367
12	377
12	386
12	394
12	401
12	408
12	414
12	421
12	427
12	433
12	439
12	444
12	450
12	455
12	460
12	464
12	469
12	473
12	478
12	483
12	488
12	493
12	498
12	503
12	507
12	512
12	516
12	521
12	525
12	530
12	533
12	538
12	542
12	546
12	550
12	554
12	558
12	562
12	566
12	570
12	574
12	578
12	583
12	587
12	591
12	595
12	599
12	604
12	608
12	613
12	617
12	622
12	626
12	631
12	636
12	641
12	646
12	651
12	656
12	661
12	666
12	672
12	678
12	684
12	690
12	697
12	705
12	714
12	724
12	735
13	368
13	379
13	388
13	396
13	404
13	411
13	418
13	425
13	432
13	438
13	444
13	450
13	455
13	460
13	465
13	470
13	475
13	480
13	485
13	490
13	495
13	500
13	505
13	510
13	515
13	520
13	525
13	530
13	534
13	539
13	543
13	547
13	552
13	556
13	560
13	565
13	569
13	574
13	578
13	583
13	587
13	591
13	595
13	599
13	603
13	607
13	611
13	616
13	620
13	625
13	629
13	634
13	638
13	643
13	647
13	652
13	657
13	662
13	667
13	672
13	677
13	682
13	688
13	694
13	700
13	707
13	715
13	723
13	732
13	742
14	386
14	396
14	405
14	414
14	422
14	430
14	438
14	445
14	452
14	459
14	466
14	473
14	480
14	487
14	495
14	503
14	511
14	518
14	525
14	532
14	539
14	546
14	553
14	560
14	566
14	572
14	578
14	584
14	590
14	596
14	602
14	608
14	614
14	620
14	625
14	631
14	636
14	642
14	647
14	653
14	659
14	665
14	671
14	677
14	683
14	689
14	696
14	704
14	712
14	721
14	731
15	390
15	401
15	410
15	419
15	427
15	435
15	443
15	451
15	459
15	467
15	475
15	483
15	491
15	500
15	509
15	518
15	527
15	536
15	545
15	554
15	563
15	571
15	579
15	587
15	595
15	603
15	611
15	619
15	626
15	633
15	640
15	647
15	655
15	663
15	671
15	679
15	688
15	697
15	707
16	391
16	402
16	411
16	420
16	428
16	436
16	443
16	450
16	457
16	464
16	471
16	478
16	486
16	494
16	502
16	511
16	520
16	529
16	539
16	549
16	559
16	569
16	578
16	587
16	596
16	605
16	614
16	623
16	631
16	639
16	647
16	656
16	665
16	674
16	684
16	695
17	387
17	397
17	406
17	414
17	422
17	429
17	436
17	443
17	450
17	457
17	464
17	471
17	478
17	485
17	492
17	500
17	508
17	517
17	526
17	535
17	544
17	554
17	564
17	574
17	584
17	593
17	602
17	611
17	619
17	627
17	635
17	643
17	651
17	659
17	668
17	677
17	687
17	698
18	377
18	387
18	396
18	404
18	412
18	419
18	426
18	433
18	439
18	445
18	451
18	457
18	463
18	469
18	475
18	482
18	489
18	496
18	503
18	511
18	519
18	527
18	536
18	545
18	554
18	562
18	570
18	578
18	586
18	594
18	601
18	608
18	615
18	621
18	627
18	633
18	639
18	645
18	651
18	657
18	664
18	671
18	678
18	686
18	694
18	703
18	713
18	724
19	371
19	381
19	390
19	399
19	407
19	414
19	421
19	428
19	435
19	442
19	449
19	456
19	463
19	470
19	476
19	483
19	490
19	497
19	505
19	513
19	521
19	529
19	537
19	545
19	553
19	560
19	567
19	574
19	581
19	588
19	594
19	600
19	606
19	612
19	617
19	623
19	628
19	633
19	638
19	643
19	648
19	653
19	659
19	664
19	670
19	676
19	682
19	689
19	696
19	704
19	712
19	721
19	731
19	742
20	372
20	383
20	392
20	400
20	408
20	415
20	422
20	429
20	436
20	443
20	450
20	457
20	464
20	471
20	478
20	485
20	492
20	499
20	506
20	514
20	522
20	529
20	536
20	543
20	550
20	556
20	562
20	568
20	573
20	579
20	584
20	589
20	594
20	599
20	604
20	609
20	614
20	619
20	624
20	629
20	634
20	639
20	644
20	649
20	654
20	659
20	664
20	669
20	674
20	680
20	686
20	692
20	698
20	705
20	712
20	719
20	727
20	735
20	744
20	754
20	764
20	776
21	371
21	381
21	390
21	398
21	405
21	412
21	419
21	425
21	432
21	438
21	445
21	452
21	459
21	466
21	472
21	478
21	484
21	490
21	496
21	502
21	508
21	514
21	520
21	526
21	532
21	537
21	542
21	547
21	552
21	557
21	562
21	567
21	572
21	577
21	582
21	587
21	592
21	597
21	602
21	607
21	612
21	617
21	622
21	627
21	632
21	637
21	642
21	647
21	652
21	657
21	662
21	667
21	673
21	679
21	685
21	691
21	697
21	704
21	711
21	718
21	726
21	734
21	742
21	751
21	760
21	770
21	782
22	368
22	378
22	386
22	393
22	400
22	405
22	411
22	416
22	421
22	426
22	431
22	436
22	441
22	446
22	451
22	456
22	461
22	466
22	471
22	476
22	481
22	486
22	491
22	496
22	501
22	506
22	511
22	516
22	521
22	525
22	530
22	534
22	539
22	543
22	547
22	551
22	555
22	559
22	563
22	567
22	572
22	576
22	581
22	586
22	591
22	596
22	601
22	606
22	611
22	617
22	622
22	628
22	634
22	640
22	646
22	652
22	658
22	665
22	672
22	679
22	687
22	695
22	703
22	712
22	722
22	732
22	743
22	755
23	362
23	372
23	380
23	387
23	393
23	399
23	404
23	409
23	414
23	419
23	423
23	428
23	432
23	437
23	441
23	446
23	450
23	454
23	458
23	462
23	466
23	470
23	474
23	478
23	482
23	486
23	490
23	494
23	497
23	501
23	505
23	508
23	512
23	516
23	519
23	523
23	527
23	531
23	535
23	539
23	543
23	547
23	551
23	555
23	559
23	563
23	567
23	572
23	576
23	581
23	586
23	591
23	596
23	601
23	607
23	613
23	619
23	625
23	632
23	639
23	646
23	653
23	661
23	669
23	677
23	686
23	695
23	704
23	714
23	725
23	738
24	358
24	368
24	376
24	383
24	390
24	396
24	402
24	407
24	412
24	417
24	422
24	427
24	432
24	436
24	441
24	445
24	449
24	453
24	457
24	461
24	465
24	469
24	472
24	476
24	480
24	483
24	487
24	490
24	494
24	497
24	501
24	504
24	508
24	511
24	515
24	518
24	522
24	525
24	529
24	533
24	536
24	540
24	544
24	548
24	552
24	556
24	560
24	565
24	569
24	574
24	579
24	584
24	589
24	595
24	600
24	606
24	612
24	618
24	625
24	632
24	639
24	646
24	653
24	660
24	667
24	675
24	683
24	691
24	699
24	708
24	717
24	727
24	738
24	750
25	356
25	366
25	374
25	382
25	389
25	395
25	401
25	407
25	413
25	419
25	424
25	429
25	434
25	439
25	444
25	449
25	453
25	458
25	462
25	467
25	471
25	475
25	480
25	484
25	488
25	492
25	497
25	501
25	505
25	509
25	513
25	517
25	521
25	525
25	529
25	534
25	538
25	543
25	547
25	552
25	556
25	561
25	566
25	571
25	576
25	581
25	586
25	591
25	596
25	601
25	606
25	611
25	617
25	622
25	628
25	634
25	640
25	646
25	652
25	658
25	664
25	670
25	676
25	682
25	688
25	695
25	702
25	709
25	716
25	724
25	732
25	741
25	750
25	760
25	772
26	356
26	365
26	373
26	381
26	389
26	396
26	403
26	409
26	415
26	421
26	427
26	433
26	439
26	445
26	451
26	457
26	463
26	469
26	475
26	481
26	487
26	493
26	499
26	505
26	511
26	517
26	523
26	529
26	535
26	541
26	547
26	552
26	558
26	563
26	568
26	573
26	578
26	583
26	588
26	593
26	597
26	602
26	606
26	611
26	615
26	620
26	624
26	629
26	633
26	638
26	643
26	648
26	653
26	658
26	663
26	668
26	673
26	678
26	683
26	688
26	693
26	698
26	704
26	710
26	716
26	722
26	729
26	736
26	743
26	751
26	759
26	768
26	778
27	357
27	367
27	375
27	383
27	390
27	397
27	404
27	410
27	417
27	423
27	429
27	436
27	442
27	449
27	456
27	463
27	470
27	476
27	483
27	489
27	496
27	502
27	508
27	514
27	520
27	526
27	532
27	538
27	544
27	550
27	555
27	560
27	565
27	570
27	574
27	579
27	582
27	587
27	590
27	594
27	598
27	602
27	605
27	609
27	613
27	617
27	621
27	625
27	629
27	633
27	637
27	641
27	645
27	649
27	653
27	658
27	662
27	667
27	671
27	676
27	680
27	685
27	690
27	695
27	700
27	706
27	712
27	718
27	724
27	731
27	738
27	745
27	752
27	760
27	768
27	777
27	787
28	362
28	372
28	381
28	389
28	397
28	404
28	411
28	418
28	425
28	432
28	439
28	446
28	453
28	460
28	467
28	473
28	479
28	485
28	491
28	498
28	504
28	510
28	516
28	522
28	528
28	534
28	539
28	544
28	549
28	553
28	558
28	562
28	566
28	570
28	574
28	578
28	581
28	585
28	588
28	592
28	595
28	599
28	602
28	606
28	609
28	613
28	616
28	620
28	624
28	628
28	632
28	636
28	640
28	645
28	649
28	654
28	659
28	664
28	669
28	674
28	679
28	684
28	689
28	695
28	701
28	707
28	714
28	721
28	728
28	736
28	744
28	752
28	761
28	770
28	780
29	367
29	377
29	385
29	393
29	400
29	407
29	414
29	421
29	428
29	435
29	442
29	449
29	456
29	462
29	469
29	475
29	481
29	487
29	494
29	500
29	506
29	512
29	518
29	523
29	528
29	533
29	537
29	542
29	545
29	550
29	553
29	557
29	561
29	564
29	568
29	571
29	575
29	578
29	582
29	585
29	589
29	592
29	596
29	600
29	604
29	608
29	612
29	616
29	621
29	625
29	630
29	635
29	641
29	647
29	653
29	659
29	666
29	673
29	680
29	687
29	695
29	704
29	713
29	723
29	735
29	747
30	363
30	373
30	381
30	389
30	396
30	403
30	409
30	415
30	421
30	427
30	433
30	439
30	445
30	451
30	457
30	463
30	469
30	474
30	480
30	486
30	492
30	498
30	503
30	509
30	513
30	518
30	522
30	526
30	530
30	533
30	537
30	541
30	544
30	548
30	551
30	554
30	558
30	561
30	565
30	568
30	572
30	575
30	579
30	583
30	587
30	591
30	596
30	600
30	605
30	610
30	615
30	621
30	627
30	634
30	641
30	649
30	658
30	668
31	361
31	371
31	379
31	386
31	393
31	400
31	406
31	412
31	418
31	424
31	430
31	436
31	442
31	448
31	454
31	460
31	466
31	471
31	477
31	482
31	487
31	492
31	497
31	502
31	507
31	511
31	515
31	519
31	522
31	526
31	529
31	532
31	536
31	539
31	542
31	546
31	549
31	553
31	556
31	560
31	563
31	567
31	571
31	575
31	579
31	584
31	588
31	593
31	598
31	604
31	610
31	617
31	625
31	634
31	644
32	361
32	371
32	380
32	388
32	395
32	402
32	408
32	414
32	420
32	426
32	432
32	437
32	443
32	448
32	454
32	459
32	465
32	470
32	475
32	480
32	485
32	490
32	495
32	500
32	504
32	508
32	512
32	515
32	519
32	522
32	525
32	528
32	531
32	534
32	537
32	540
32	544
32	546
32	550
32	554
32	557
32	561
32	565
32	569
32	574
32	578
32	584
32	589
32	595
32	602
32	609
32	617
32	627
33	360
33	370
33	378
33	385
33	392
33	398
33	404
33	410
33	415
33	421
33	426
33	431
33	436
33	441
33	446
33	451
33	456
33	461
33	466
33	471
33	476
33	481
33	486
33	491
33	495
33	500
33	503
33	507
33	511
33	514
33	518
33	521
33	525
33	528
33	532
33	536
33	539
33	544
33	547
33	552
33	557
33	562
33	567
33	573
33	580
33	587
33	596
33	607
34	357
34	366
34	374
34	381
34	387
34	393
34	398
34	403
34	408
34	413
34	417
34	422
34	426
34	431
34	435
34	440
34	444
34	448
34	452
34	456
34	460
34	464
34	468
34	473
34	477
34	481
34	485
34	489
34	493
34	497
34	501
34	504
34	508
34	512
34	515
34	519
34	522
34	526
34	529
34	534
34	537
34	542
34	546
34	551
34	556
34	561
34	567
34	574
34	581
34	590
34	601
35	348
35	357
35	364
35	371
35	376
35	381
35	385
35	390
35	394
35	398
35	402
35	406
35	410
35	414
35	418
35	422
35	426
35	430
35	433
35	437
35	441
35	444
35	448
35	452
35	455
35	459
35	463
35	467
35	471
35	475
35	479
35	483
35	487
35	491
35	495
35	499
35	503
35	507
35	511
35	515
35	519
35	523
35	527
35	532
35	536
35	541
35	546
35	552
35	558
35	565
35	573
35	582
35	594
36	348
36	358
36	366
36	373
36	379
36	384
36	389
36	393
36	398
36	402
36	407
36	411
36	416
36	420
36	425
36	429
36	434
36	438
36	443
36	447
36	452
36	456
36	461
36	466
36	471
36	475
36	480
36	484
36	489
36	493
36	498
36	502
36	507
36	511
36	515
36	519
36	524
36	528
36	533
36	538
36	543
36	548
36	554
36	561
36	568
36	577
36	587
37	370
37	381
37	391
37	400
37	409
37	417
37	425
37	433
37	441
37	450
37	459
37	467
37	475
37	482
37	489
37	496
37	503
37	510
37	516
37	522
37	528
37	535
37	542
37	549
37	557
37	566
37	577
38	389
38	400
38	410
38	419
38	428
38	437
38	446
38	455
38	464
38	473
38	482
38	491
38	500
38	509
38	518
38	527
38	537
38	548
39	380
39	390
39	399
39	407
39	415
39	423
39	431
39	439
39	447
39	455
39	463
39	471
39	480
39	489
39	498
39	507
39	516
39	525
39	535
40	377
40	387
40	395
40	403
40	410
40	417
40	424
40	431
40	438
40	445
40	453
40	461
40	469
40	478
40	487
40	496
40	505
40	515
40	525
40	536
41	386
41	397
41	407
41	416
41	425
41	434
41	443
41	453
41	462
41	471
41	481
41	491
41	501
41	511
41	521
41	531
41	543
42	386
42	398
42	409
42	420
42	431
42	442
42	453
42	464
42	475
42	485
42	495
42	505
42	515
42	526
43	378
43	389
43	400
43	411
43	422
43	433
43	445
43	460
43	472
43	483
43	494
43	505
43	517
44	386
44	397
44	408
44	419
44	430
44	442
44	455
44	467
44	478
44	489
44	500
44	511
44	523
45	382
45	393
45	403
45	413
45	423
45	433
45	443
45	454
45	465
45	476
45	487
45	499
45	511
45	525
46	386
46	397
46	407
46	417
46	427
46	437
46	447
46	457
46	467
46	478
46	489
46	500
46	511
46	524
47	387
47	399
47	410
47	421
47	432
47	443
47	453
47	463
47	474
47	485
47	496
47	507
47	518
49	441
49	455
49	468
49	483
50	408
50	420
50	431
50	442
50	454
50	466
50	477
50	488
50	500
50	514
51	467
51	478
51	489
51	500
51	511
51	522
51	534
52	450
52	462
52	473
52	484
52	496
52	508
52	520
52	534
53	468
53	481
59	529
59	542
60	527
60	541
61	519
61	532
62	510
62	521
62	531
62	541
62	551
62	561
62	572
62	584
63	506
63	516
63	524
63	532
63	539
63	546
63	553
63	560
63	567
63	575
63	583
63	591
63	600
63	609
63	619
63	630
63	642
64	501
64	511
64	519
64	525
64	531
64	536
64	541
64	546
64	551
64	556
64	561
64	566
64	571
64	576
64	581
64	586
64	592
64	597
64	603
64	609
64	616
64	623
64	630
64	637
64	644
64	652
64	660
64	668
64	677
64	687
64	698
65	507
65	517
65	525
65	532
65	539
65	544
65	550
65	555
65	560
65	565
65	570
65	574
65	579
65	583
65	588
65	593
65	598
65	603
65	608
65	613
65	618
65	623
65	628
65	633
65	638
65	643
65	648
65	653
65	658
65	663
65	668
65	674
65	680
65	686
65	693
65	700
65	708
65	717
65	727
66	510
66	521
66	531
66	541
66	550
66	559
66	567
66	575
66	582
66	589
66	596
66	603
66	610
66	616
66	622
66	628
66	634
66	640
66	645
66	651
66	656
66	661
66	666
66	671
66	676
66	682
66	688
66	694
66	701
66	708
66	716
66	725
66	736
67	508
67	518
67	527
67	535
67	543
67	550
67	557
67	564
67	571
67	578
67	585
67	593
67	601
67	609
67	617
67	625
67	633
67	641
67	649
67	657
67	666
67	675
67	684
67	694
67	705
68	507
68	515
68	522
68	528
68	533
68	538
68	543
68	548
68	552
68	557
68	561
68	565
68	570
68	574
68	578
68	583
68	587
68	592
68	596
68	601
68	605
68	610
68	615
68	620
68	625
68	630
68	635
68	640
68	646
68	652
68	658
68	665
68	672
68	679
68	687
68	696
68	706
69	507
69	514
69	521
69	524
69	529
69	532
69	536
69	539
69	542
69	545
69	548
69	551
69	553
69	556
69	559
69	561
69	564
69	566
69	569
69	571
69	574
69	576
69	579
69	581
69	584
69	586
69	589
69	591
69	594
69	596
69	599
69	601
69	604
69	606
69	609
69	611
69	614
69	617
69	619
69	622
69	625
69	627
69	630
69	633
69	636
69	638
69	642
69	644
69	648
69	650
69	654
69	657
69	660
69	664
69	667
69	671
69	675
69	679
69	683
69	687
69	692
69	697
69	702
69	708
69	714
69	721
69	729
69	738
70	508
70	516
70	522
70	526
70	531
70	533
70	538
70	541
70	543
70	547
70	549
70	552
70	554
70	557
70	559
70	562
70	563
70	566
70	568
70	570
70	572
70	574
70	576
70	578
70	580
70	582
70	584
70	586
70	588
70	590
70	592
70	594
70	596
70	598
70	600
70	602
70	604
70	606
70	608
70	610
70	612
70	613
70	616
70	617
70	619
70	621
70	623
70	625
70	627
70	629
70	631
70	633
70	635
70	637
70	639
70	641
70	643
70	645
70	647
70	649
70	651
70	653
70	655
70	657
70	659
70	662
70	664
70	666
70	668
70	671
70	673
70	676
70	678
70	681
70	684
70	686
70	689
70	692
70	695
70	698
70	701
70	705
70	708
70	712
70	716
70	720
70	725
70	729
70	735
70	741
70	748
70	756
70	766
71	520
71	530
71	539
71	547
71	553
71	559
71	564
71	570
71	574
71	579
71	583
71	587
71	591
71	595
71	599
71	602
71	606
71	609
71	612
71	616
71	619
71	622
71	625
71	628
71	631
71	634
71	637
71	640
71	643
71	646
71	649
71	652
71	655
71	658
71	661
71	664
71	667
71	670
71	674
71	676
71	680
71	684
71	687
71	691
71	695
71	699
71	703
71	708
71	713
71	718
71	724
71	730
71	737
71	745
71	755
72	570
72	582
72	594
72	605
72	616
72	627
72	638
72	649
72	660
72	671
72	682
72	695
73	511
73	521
73	530
73	539
73	547
73	555
73	563
73	571
73	579
73	587
73	595
73	603
73	611
73	619
73	627
73	635
73	644
73	653
73	662
73	671
73	680
73	689
73	698
73	708
73	719
74	508
74	517
74	524
74	530
74	535
74	541
74	545
74	550
74	554
74	559
74	563
74	567
74	571
74	575
74	579
74	583
74	587
74	591
74	595
74	599
74	603
74	607
74	611
74	615
74	619
74	623
74	627
74	631
74	635
74	639
74	644
74	648
74	653
74	657
74	662
74	666
74	671
74	675
74	680
74	684
74	689
74	694
74	699
74	704
74	709
74	714
74	719
74	725
74	731
74	738
74	746
74	755
75	510
75	519
75	526
75	532
75	538
75	543
75	548
75	552
75	557
75	561
75	565
75	569
75	572
75	576
75	580
75	583
75	587
75	590
75	594
75	597
75	601
75	604
75	607
75	611
75	614
75	617
75	621
75	624
75	627
75	631
75	633
75	637
75	640
75	643
75	647
75	649
75	653
75	656
75	659
75	663
75	666
75	669
75	673
75	676
75	679
75	683
75	686
75	689
75	693
75	696
75	699
75	703
75	706
75	710
75	713
75	717
75	721
75	725
75	729
75	734
75	738
75	744
75	749
75	756
75	763
75	772
75	783
76	550
76	561
76	571
76	580
76	588
76	596
76	603
76	610
76	617
76	624
76	630
76	636
76	642
76	648
76	654
76	660
76	666
76	672
76	678
76	684
76	690
76	696
76	702
76	708
76	714
76	720
76	727
76	734
76	742
76	751
76	763
-1	-1
