-1	-1
0	151
0	160
0	163
0	168
0	171
0	172
0	176
0	178
0	181
0	182
0	184
0	187
0	188
0	191
0	192
0	193
0	195
0	197
0	199
0	200
0	202
0	203
0	205
0	207
0	208
0	210
0	211
0	213
0	214
0	216
0	217
0	219
0	221
0	222
0	223
0	225
0	227
0	228
0	230
0	231
0	233
0	235
0	236
0	238
0	239
0	241
0	243
0	244
0	246
0	248
0	249
0	251
0	253
0	254
0	256
0	258
0	259
0	261
0	263
0	265
0	266
0	268
0	270
0	272
0	274
0	276
0	278
0	280
0	283
0	285
0	287
0	290
0	293
0	296
0	298
0	302
0	305
0	308
0	313
0	316
0	321
0	326
0	331
0	337
0	344
0	352
0	361
0	372
1	160
1	169
1	175
1	181
1	184
1	189
1	192
1	196
1	199
1	202
1	206
1	209
1	212
1	215
1	218
1	221
1	224
1	227
1	230
1	233
1	236
1	239
1	242
1	245
1	248
1	251
1	254
1	257
1	260
1	264
1	267
1	271
1	275
1	279
1	283
1	288
1	293
1	298
1	304
1	310
1	317
1	325
1	334
1	345
2	170
2	180
2	188
2	194
2	200
2	205
2	210
2	215
2	220
2	225
2	230
2	235
2	240
2	244
2	249
2	253
2	258
2	263
2	268
2	273
2	279
2	285
2	292
2	299
2	307
2	316
2	326
3	180
3	190
3	199
3	207
3	214
3	221
3	228
3	234
3	240
3	246
3	252
3	258
3	264
3	270
3	277
3	284
3	292
3	300
3	309
3	319
3	331
4	183
4	194
4	203
4	212
4	220
4	227
4	234
4	241
4	248
4	254
4	261
4	268
4	275
4	283
4	291
4	300
4	310
4	321
5	187
5	197
5	206
5	214
5	222
5	229
5	236
5	243
5	250
5	257
5	264
5	272
5	280
5	288
5	297
5	306
5	316
5	327
6	191
6	201
6	210
6	218
6	226
6	234
6	242
6	250
6	258
6	266
6	275
6	284
6	293
6	303
6	313
6	324
6	335
6	349
7	193
7	204
7	213
7	222
7	230
7	238
7	246
7	254
7	262
7	270
7	278
7	287
7	295
7	304
7	313
7	322
7	331
7	340
7	349
7	359
7	369
7	378
7	387
7	396
7	405
7	415
7	426
8	191
8	202
8	211
8	220
8	228
8	236
8	244
8	252
8	260
8	267
8	274
8	281
8	288
8	295
8	302
8	309
8	316
8	323
8	330
8	337
8	344
8	351
8	358
8	365
8	372
8	379
8	385
8	392
8	398
8	405
8	412
8	419
8	427
8	436
8	446
8	457
9	190
9	201
9	210
9	219
9	227
9	235
9	243
9	251
9	259
9	266
9	273
9	279
9	285
9	291
9	296
9	302
9	307
9	312
9	317
9	322
9	327
9	332
9	337
9	342
9	347
9	352
9	357
9	362
9	367
9	372
9	377
9	382
9	387
9	392
9	397
9	402
9	407
9	413
9	419
9	425
9	432
9	439
9	447
9	456
9	466
9	477
10	196
10	207
10	217
10	226
10	235
10	244
10	252
10	260
10	268
10	275
10	282
10	288
10	293
10	298
10	303
10	307
10	312
10	316
10	321
10	325
10	329
10	333
10	337
10	341
10	345
10	349
10	353
10	357
10	361
10	365
10	369
10	373
10	377
10	381
10	384
10	388
10	392
10	396
10	400
10	404
10	408
10	413
10	417
10	422
10	427
10	432
10	438
10	444
10	451
10	458
10	466
10	475
10	485
10	496
11	201
11	212
11	222
11	232
11	241
11	250
11	259
11	268
11	276
11	283
11	290
11	296
11	302
11	307
11	312
11	317
11	322
11	327
11	332
11	336
11	341
11	345
11	350
11	354
11	359
11	363
11	368
11	372
11	376
11	381
11	385
11	389
11	394
11	398
11	403
11	408
11	413
11	418
11	424
11	430
11	437
11	444
11	452
11	461
11	471
11	483
12	208
12	219
12	229
12	239
12	248
12	257
12	267
12	276
12	285
12	293
12	301
12	309
12	316
12	323
12	329
12	335
12	341
12	347
12	353
12	359
12	365
12	371
12	377
12	383
12	389
12	395
12	402
12	409
12	416
12	424
12	433
12	443
12	455
13	198
13	209
13	219
13	228
13	237
13	246
13	255
13	264
13	273
13	283
13	293
13	302
13	311
13	320
13	328
13	336
13	344
13	352
13	360
13	368
13	376
13	384
13	392
13	400
13	409
13	419
13	430
14	199
14	210
14	220
14	230
14	239
14	248
14	257
14	266
14	276
14	287
14	299
14	318
14	330
14	341
14	352
14	363
14	374
14	385
14	396
15	201
15	212
15	222
15	232
15	242
15	251
15	260
15	269
15	278
15	288
15	299
16	208
16	219
16	229
16	239
16	248
16	257
16	266
16	275
16	285
16	295
16	307
17	210
17	221
17	231
17	241
17	250
17	259
17	268
17	277
17	286
17	296
17	307
17	319
18	201
18	212
18	223
18	233
18	243
18	252
18	261
18	270
18	279
18	288
18	298
18	308
18	319
18	331
18	343
18	355
18	368
18	380
18	392
18	405
19	200
19	211
19	221
19	231
19	240
19	249
19	257
19	265
19	273
19	282
19	291
19	300
19	310
19	320
19	331
19	342
19	353
19	363
19	373
19	383
19	393
19	403
19	414
20	198
20	209
20	219
20	228
20	237
20	246
20	254
20	262
20	270
20	278
20	287
20	296
20	305
20	314
20	323
20	332
20	341
20	350
20	358
20	366
20	374
20	382
20	389
20	396
20	404
20	412
20	420
20	429
20	439
20	449
20	460
20	471
20	481
20	492
20	503
20	516
21	196
21	207
21	217
21	226
21	234
21	242
21	250
21	258
21	266
21	274
21	282
21	289
21	296
21	303
21	310
21	317
21	325
21	332
21	339
21	346
21	352
21	358
21	364
21	370
21	375
21	381
21	386
21	391
21	396
21	401
21	406
21	412
21	417
21	423
21	429
21	436
21	443
21	450
21	458
21	466
21	474
21	482
21	490
21	498
21	506
21	515
21	524
21	534
21	545
22	196
22	207
22	217
22	226
22	234
22	242
22	249
22	256
22	263
22	270
22	276
22	282
22	288
22	293
22	299
22	304
22	309
22	314
22	319
22	325
22	330
22	336
22	341
22	346
22	351
22	355
22	360
22	364
22	368
22	372
22	376
22	380
22	384
22	388
22	391
22	395
22	399
22	402
22	406
22	410
22	414
22	418
22	422
22	426
22	430
22	435
22	439
22	444
22	449
22	454
22	459
22	465
22	470
22	476
22	482
22	488
22	494
22	500
22	506
22	513
22	520
22	527
22	535
22	544
22	554
22	566
23	196
23	206
23	215
23	224
23	232
23	240
23	247
23	254
23	261
23	267
23	273
23	279
23	284
23	289
23	294
23	299
23	303
23	308
23	312
23	316
23	320
23	325
23	329
23	334
23	338
23	342
23	346
23	350
23	354
23	358
23	362
23	365
23	369
23	372
23	376
23	379
23	383
23	386
23	390
23	393
23	397
23	400
23	404
23	407
23	411
23	414
23	418
23	421
23	425
23	429
23	433
23	437
23	441
23	446
23	450
23	455
23	460
23	465
23	470
23	475
23	480
23	485
23	490
23	496
23	501
23	507
23	513
23	519
23	526
23	533
23	541
23	550
23	560
24	191
24	202
24	212
24	222
24	231
24	240
24	248
24	255
24	262
24	268
24	274
24	280
24	285
24	290
24	295
24	300
24	305
24	310
24	314
24	319
24	323
24	328
24	332
24	337
24	342
24	347
24	351
24	356
24	360
24	365
24	369
24	373
24	377
24	381
24	385
24	389
24	393
24	397
24	401
24	405
24	409
24	413
24	417
24	421
24	425
24	429
24	434
24	438
24	443
24	448
24	453
24	458
24	463
24	468
24	474
24	479
24	485
24	491
24	497
24	503
24	510
24	517
24	525
24	534
24	544
25	191
25	202
25	212
25	222
25	231
25	240
25	249
25	256
25	263
25	269
25	274
25	280
25	284
25	289
25	294
25	299
25	304
25	309
25	314
25	319
25	324
25	329
25	335
25	340
25	346
25	352
25	358
25	364
25	370
25	375
25	380
25	384
25	389
25	393
25	398
25	402
25	406
25	410
25	414
25	418
25	422
25	426
25	430
25	435
25	439
25	444
25	448
25	453
25	458
25	463
25	468
25	473
25	478
25	483
25	488
25	494
25	499
25	505
25	511
25	518
25	526
25	535
25	545
26	188
26	199
26	209
26	218
26	227
26	235
26	244
26	252
26	260
26	267
26	273
26	279
26	285
26	291
26	297
26	303
26	309
26	316
26	323
26	330
26	337
26	344
26	351
26	358
26	365
26	371
26	376
26	381
26	385
26	390
26	393
26	397
26	401
26	404
26	408
26	411
26	415
26	418
26	422
26	425
26	429
26	432
26	436
26	439
26	443
26	446
26	450
26	454
26	458
26	462
26	466
26	470
26	474
26	478
26	483
26	487
26	492
26	497
26	502
26	507
26	513
26	519
26	526
26	533
26	541
26	551
27	197
27	208
27	218
27	228
27	237
27	246
27	255
27	264
27	273
27	281
27	289
27	297
27	305
27	313
27	321
27	329
27	337
27	345
27	352
27	359
27	365
27	371
27	375
27	380
27	384
27	388
27	392
27	395
27	399
27	402
27	405
27	409
27	411
27	415
27	417
27	421
27	423
27	427
27	429
27	433
27	435
27	439
27	442
27	445
27	449
27	452
27	456
27	459
27	463
27	467
27	471
27	475
27	479
27	484
27	488
27	493
27	498
27	503
27	509
27	515
27	522
27	529
27	537
27	547
28	221
28	232
28	242
28	252
28	261
28	270
28	279
28	287
28	295
28	302
28	309
28	316
28	322
28	328
28	334
28	340
28	346
28	352
28	357
28	362
28	367
28	372
28	376
28	381
28	384
28	388
28	392
28	395
28	399
28	402
28	406
28	409
28	413
28	416
28	420
28	423
28	427
28	430
28	434
28	437
28	441
28	445
28	449
28	454
28	458
28	463
28	468
28	473
28	479
28	485
28	491
28	497
28	504
28	511
28	518
28	526
28	535
28	546
29	222
29	233
29	243
29	252
29	261
29	270
29	278
29	286
29	293
29	300
29	306
29	312
29	317
29	322
29	327
29	331
29	336
29	340
29	344
29	348
29	352
29	356
29	360
29	364
29	368
29	371
29	375
29	378
29	382
29	385
29	389
29	392
29	396
29	399
29	403
29	406
29	410
29	413
29	417
29	420
29	424
29	428
29	432
29	436
29	440
29	445
29	449
29	455
29	460
29	466
29	473
29	480
29	487
29	495
29	503
29	512
29	521
29	531
30	221
30	232
30	242
30	251
30	260
30	268
30	276
30	283
30	289
30	294
30	300
30	304
30	309
30	313
30	317
30	321
30	324
30	328
30	331
30	334
30	338
30	341
30	344
30	348
30	351
30	354
30	358
30	361
30	364
30	368
30	371
30	374
30	377
30	381
30	384
30	387
30	391
30	394
30	398
30	401
30	405
30	408
30	412
30	416
30	420
30	425
30	429
30	434
30	439
30	445
30	451
30	458
30	466
30	475
30	484
30	494
30	505
30	517
31	216
31	227
31	237
31	247
31	256
31	264
31	272
31	279
31	284
31	290
31	293
31	298
31	301
31	304
31	308
31	311
31	314
31	317
31	320
31	323
31	326
31	329
31	331
31	334
31	337
31	339
31	342
31	345
31	348
31	350
31	354
31	356
31	359
31	362
31	365
31	368
31	371
31	375
31	378
31	381
31	385
31	388
31	392
31	396
31	399
31	404
31	408
31	413
31	417
31	423
31	428
31	434
31	441
31	448
31	457
31	467
32	216
32	227
32	238
32	249
32	259
32	268
32	276
32	282
32	288
32	292
32	296
32	300
32	302
32	306
32	309
32	311
32	314
32	317
32	319
32	322
32	325
32	327
32	330
32	333
32	335
32	338
32	341
32	343
32	346
32	349
32	351
32	355
32	357
32	360
32	364
32	366
32	370
32	373
32	377
32	380
32	384
32	388
32	392
32	396
32	401
32	406
32	411
32	417
32	423
32	430
32	437
32	446
32	456
33	226
33	238
33	250
33	260
33	269
33	276
33	283
33	289
33	294
33	300
33	304
33	309
33	312
33	316
33	320
33	323
33	327
33	330
33	334
33	337
33	341
33	344
33	348
33	351
33	355
33	359
33	363
33	367
33	371
33	376
33	380
33	385
33	390
33	396
33	402
33	408
33	415
33	423
33	432
33	443
34	221
34	233
34	244
34	254
34	262
34	270
34	275
34	281
34	284
34	289
34	293
34	297
34	301
34	305
34	309
34	313
34	317
34	321
34	325
34	329
34	333
34	337
34	342
34	346
34	351
34	356
34	361
34	366
34	372
34	378
34	384
34	391
34	398
34	406
34	415
34	426
35	209
35	220
35	230
35	240
35	249
35	257
35	263
35	269
35	273
35	278
35	281
35	285
35	288
35	292
35	294
35	298
35	301
35	304
35	307
35	310
35	313
35	316
35	319
35	323
35	326
35	330
35	333
35	337
35	341
35	345
35	349
35	354
35	358
35	363
35	368
35	374
35	380
35	386
35	393
35	401
35	410
35	420
36	217
36	228
36	238
36	247
36	255
36	262
36	268
36	273
36	279
36	284
36	289
36	294
36	299
36	303
36	308
36	312
36	317
36	321
36	326
36	330
36	335
36	340
36	345
36	350
36	356
36	362
36	368
36	375
36	382
36	390
36	399
36	409
37	226
37	237
37	247
37	255
37	263
37	270
37	277
37	283
37	290
37	296
37	303
37	310
37	317
37	324
37	331
37	338
37	346
37	354
37	362
37	371
37	380
37	390
37	405
38	237
38	248
38	258
38	267
38	274
38	281
38	287
38	293
38	299
38	305
38	311
38	318
38	325
38	332
38	339
38	347
38	355
38	364
38	374
38	385
39	232
39	244
39	255
39	264
39	272
39	279
39	285
39	291
39	297
39	303
39	309
39	315
39	321
39	327
39	334
39	341
39	349
39	357
39	366
39	376
40	260
40	271
40	282
40	292
40	302
40	312
40	322
40	332
40	343
40	355
42	280
42	292
42	304
43	299
48	259
48	271
48	284
62	289
62	300
62	310
62	319
62	328
62	337
62	347
62	357
62	367
62	376
62	385
62	395
62	405
62	417
63	277
63	286
63	293
63	300
63	306
63	312
63	318
63	323
63	329
63	335
63	341
63	347
63	353
63	360
63	367
63	374
63	381
63	388
63	395
63	402
63	410
63	418
63	427
63	437
64	271
64	280
64	285
64	291
64	294
64	299
64	302
64	306
64	310
64	313
64	316
64	320
64	322
64	326
64	329
64	332
64	335
64	339
64	342
64	346
64	349
64	353
64	357
64	361
64	365
64	369
64	374
64	379
64	384
64	389
64	395
64	401
64	407
64	414
64	421
64	429
64	437
64	446
64	457
65	270
65	278
65	283
65	288
65	292
65	294
65	298
65	301
65	302
65	306
65	308
65	311
65	312
65	315
65	317
65	319
65	322
65	323
65	325
65	328
65	329
65	332
65	333
65	336
65	337
65	340
65	342
65	344
65	346
65	348
65	350
65	353
65	355
65	357
65	359
65	362
65	365
65	367
65	369
65	373
65	375
65	378
65	381
65	385
65	388
65	392
65	396
65	400
65	405
65	409
65	415
65	420
65	426
65	432
65	439
65	446
65	454
65	464
66	271
66	280
66	286
66	291
66	295
66	299
66	302
66	305
66	309
66	311
66	313
66	316
66	319
66	321
66	322
66	325
66	327
66	329
66	332
66	333
66	335
66	337
66	339
66	341
66	343
66	344
66	347
66	348
66	350
66	352
66	354
66	356
66	358
66	360
66	362
66	364
66	366
66	368
66	370
66	373
66	375
66	377
66	379
66	382
66	385
66	387
66	389
66	393
66	395
66	398
66	402
66	405
66	408
66	412
66	416
66	420
66	425
66	429
66	434
66	439
66	445
66	451
66	457
66	465
66	474
66	485
67	307
67	317
67	324
67	331
67	335
67	340
67	343
67	347
67	351
67	353
67	356
67	360
67	362
67	364
67	368
67	370
67	373
67	375
67	378
67	381
67	383
67	386
67	389
67	392
67	395
67	398
67	401
67	405
67	407
67	411
67	415
67	418
67	422
67	426
67	430
67	435
67	439
67	445
67	450
67	456
67	463
67	470
67	479
68	342
68	351
68	358
68	363
68	368
68	372
68	375
68	379
68	382
68	385
68	389
68	392
68	395
68	398
68	401
68	404
68	407
68	411
68	414
68	417
68	421
68	425
68	428
68	433
68	437
68	442
68	447
68	452
68	458
68	465
68	473
68	482
69	360
69	370
69	377
69	382
69	387
69	392
69	395
69	400
69	403
69	407
69	411
69	414
69	418
69	422
69	426
69	430
69	434
69	438
69	443
69	448
69	453
69	459
69	466
69	474
69	483
70	296
70	307
70	317
70	327
70	338
70	350
70	369
70	380
70	390
70	398
70	405
70	412
70	418
70	424
70	430
70	437
70	444
70	451
70	459
70	468
71	277
71	285
71	292
71	298
71	304
71	309
71	314
71	319
71	324
71	329
71	334
71	339
71	344
71	349
71	355
71	361
71	367
71	374
71	382
71	391
71	400
71	410
71	420
71	430
71	440
71	450
71	461
72	271
72	280
72	285
72	291
72	294
72	299
72	302
72	306
72	309
72	312
72	315
72	318
72	321
72	324
72	327
72	330
72	333
72	336
72	339
72	342
72	345
72	348
72	351
72	354
72	357
72	360
72	364
72	367
72	371
72	375
72	379
72	383
72	388
72	393
72	398
72	404
72	410
72	416
72	422
72	428
72	434
72	440
72	446
72	452
72	458
72	465
72	473
72	482
72	493
73	272
73	281
73	287
73	292
73	297
73	301
73	305
73	309
73	312
73	316
73	319
73	322
73	325
73	328
73	331
73	334
73	337
73	340
73	342
73	345
73	348
73	350
73	353
73	356
73	358
73	361
73	364
73	367
73	369
73	373
73	375
73	378
73	381
73	385
73	387
73	391
73	395
73	398
73	402
73	406
73	410
73	415
73	419
73	424
73	428
73	433
73	438
73	443
73	447
73	452
73	457
73	462
73	467
73	473
73	479
73	486
73	493
73	502
73	513
74	309
74	320
74	329
74	337
74	344
74	351
74	356
74	362
74	367
74	372
74	377
74	381
74	386
74	390
74	395
74	399
74	404
74	408
74	413
74	418
74	423
74	428
74	434
74	440
74	446
74	452
74	458
74	464
74	470
74	476
74	483
74	491
74	500
74	511
75	387
75	397
75	406
75	415
75	424
75	433
75	442
75	451
75	460
75	470
75	481
-1	-1
