-1	-1
0	118
0	127
0	134
0	141
0	146
0	152
0	157
0	162
0	166
0	171
0	174
0	179
0	182
0	186
0	190
0	193
0	197
0	201
0	205
0	208
0	213
0	216
0	221
0	225
0	230
0	235
0	241
0	247
0	254
0	262
0	272
1	127
1	137
1	145
1	153
1	160
1	166
1	172
1	178
1	184
1	190
1	195
1	201
1	207
1	213
1	219
1	226
1	233
1	241
1	250
1	263
2	128
2	138
2	147
2	155
2	163
2	170
2	177
2	184
2	191
2	198
2	205
2	212
2	219
2	227
2	236
2	246
3	128
3	138
3	147
3	155
3	163
3	170
3	177
3	184
3	191
3	198
3	205
3	212
3	219
3	227
3	236
3	246
4	127
4	137
4	146
4	154
4	162
4	169
4	176
4	183
4	189
4	195
4	201
4	207
4	214
4	221
4	228
4	236
4	245
4	256
5	120
5	130
5	139
5	147
5	154
5	161
5	167
5	173
5	179
5	185
5	191
5	196
5	202
5	207
5	213
5	219
5	226
5	233
5	241
5	250
5	260
6	116
6	125
6	133
6	140
6	146
6	152
6	157
6	162
6	167
6	172
6	177
6	182
6	186
6	191
6	195
6	200
6	204
6	209
6	214
6	219
6	224
6	230
6	236
6	243
6	251
6	260
6	270
7	111
7	120
7	128
7	134
7	140
7	145
7	150
7	155
7	160
7	164
7	169
7	173
7	177
7	181
7	185
7	189
7	193
7	197
7	201
7	205
7	209
7	213
7	217
7	221
7	226
7	230
7	236
7	241
7	247
7	254
7	261
7	269
7	279
8	113
8	122
8	130
8	135
8	141
8	145
8	150
8	154
8	158
8	162
8	166
8	170
8	173
8	177
8	180
8	184
8	187
8	191
8	194
8	198
8	201
8	204
8	208
8	211
8	215
8	218
8	222
8	226
8	230
8	234
8	238
8	243
8	248
8	254
8	260
8	267
8	275
8	284
8	294
9	113
9	122
9	130
9	135
9	141
9	144
9	149
9	152
9	156
9	159
9	162
9	166
9	169
9	172
9	175
9	178
9	181
9	184
9	187
9	190
9	193
9	195
9	199
9	201
9	204
9	207
9	209
9	212
9	215
9	217
9	220
9	223
9	226
9	229
9	232
9	236
9	239
9	243
9	247
9	251
9	256
9	260
9	266
9	271
9	277
9	284
9	292
9	301
9	312
10	118
10	127
10	133
10	139
10	143
10	148
10	152
10	155
10	159
10	162
10	165
10	169
10	171
10	174
10	177
10	180
10	182
10	185
10	188
10	190
10	193
10	196
10	198
10	201
10	203
10	206
10	208
10	211
10	213
10	216
10	218
10	221
10	224
10	226
10	229
10	232
10	235
10	238
10	241
10	245
10	248
10	252
10	256
10	260
10	265
10	270
10	276
10	282
10	289
10	297
10	306
10	316
11	119
11	129
11	136
11	142
11	147
11	152
11	156
11	160
11	163
11	167
11	170
11	173
11	176
11	179
11	182
11	185
11	188
11	191
11	194
11	197
11	200
11	203
11	206
11	209
11	212
11	215
11	218
11	221
11	224
11	227
11	230
11	234
11	237
11	241
11	245
11	249
11	254
11	258
11	264
11	269
11	275
11	282
11	289
11	297
11	306
11	317
12	126
12	135
12	142
12	149
12	154
12	160
12	164
12	169
12	173
12	178
12	182
12	186
12	190
12	194
12	198
12	202
12	206
12	210
12	213
12	217
12	221
12	225
12	229
12	233
12	238
12	242
12	247
12	252
12	258
12	264
12	271
12	278
12	286
12	295
12	305
12	316
13	129
13	139
13	147
13	154
13	161
13	168
13	174
13	180
13	186
13	192
13	198
13	203
13	209
13	214
13	220
13	226
13	232
13	238
13	245
13	252
13	259
13	267
13	275
13	284
13	293
13	303
13	314
13	326
14	133
14	144
14	153
14	162
14	170
14	178
14	185
14	192
14	199
14	206
14	213
14	220
14	227
14	234
14	241
14	249
14	257
14	265
14	273
14	281
14	289
14	297
14	306
14	315
14	325
14	335
14	346
14	357
14	370
15	136
15	147
15	156
15	165
15	173
15	181
15	188
15	195
15	202
15	209
15	216
15	223
15	230
15	237
15	243
15	249
15	255
15	261
15	267
15	273
15	279
15	285
15	291
15	297
15	303
15	310
15	317
15	324
15	331
15	339
15	347
15	356
15	365
15	375
15	386
16	126
16	135
16	143
16	151
16	158
16	164
16	170
16	176
16	181
16	186
16	191
16	196
16	201
16	205
16	210
16	214
16	219
16	223
16	228
16	232
16	236
16	240
16	244
16	248
16	252
16	256
16	260
16	264
16	268
16	272
16	276
16	280
16	284
16	288
16	293
16	297
16	302
16	306
16	311
16	316
16	321
16	326
16	332
16	338
16	344
16	350
16	357
16	364
16	372
16	380
16	389
16	399
16	410
17	118
17	127
17	134
17	140
17	146
17	152
17	157
17	162
17	167
17	171
17	176
17	180
17	184
17	188
17	192
17	195
17	199
17	203
17	206
17	210
17	213
17	217
17	220
17	223
17	227
17	230
17	233
17	236
17	239
17	242
17	245
17	248
17	251
17	254
17	257
17	260
17	263
17	266
17	269
17	272
17	275
17	278
17	281
17	284
17	287
17	290
17	294
17	297
17	301
17	304
17	308
17	312
17	316
17	320
17	325
17	329
17	334
17	339
17	344
17	349
17	354
17	360
17	366
17	372
17	378
17	385
17	392
17	399
17	407
17	415
17	424
17	434
18	111
18	120
18	127
18	132
18	137
18	142
18	147
18	152
18	156
18	161
18	165
18	170
18	174
18	178
18	182
18	186
18	190
18	194
18	198
18	201
18	205
18	209
18	212
18	216
18	219
18	222
18	225
18	229
18	231
18	234
18	237
18	240
18	242
18	245
18	248
18	250
18	253
18	256
18	258
18	261
18	263
18	266
18	269
18	271
18	274
18	276
18	279
18	282
18	284
18	287
18	290
18	292
18	296
18	298
18	301
18	304
18	307
18	310
18	313
18	316
18	319
18	323
18	326
18	330
18	333
18	337
18	341
18	345
18	349
18	353
18	357
18	361
18	365
18	369
18	374
18	378
18	383
18	388
18	393
18	398
18	403
18	408
18	414
18	420
18	426
18	433
18	440
18	448
18	457
18	467
19	112
19	121
19	129
19	135
19	141
19	147
19	153
19	159
19	164
19	170
19	175
19	181
19	186
19	191
19	196
19	201
19	206
19	211
19	215
19	220
19	224
19	228
19	232
19	235
19	239
19	242
19	245
19	248
19	251
19	254
19	257
19	260
19	262
19	265
19	268
19	270
19	273
19	275
19	278
19	281
19	283
19	286
19	288
19	291
19	294
19	296
19	299
19	302
19	304
19	307
19	310
19	313
19	316
19	319
19	322
19	325
19	328
19	331
19	334
19	337
19	340
19	344
19	346
19	350
19	353
19	356
19	360
19	363
19	366
19	370
19	373
19	377
19	380
19	384
19	388
19	392
19	396
19	400
19	404
19	408
19	412
19	416
19	421
19	425
19	430
19	435
19	441
19	447
19	454
19	461
19	469
19	478
19	488
20	118
20	128
20	136
20	143
20	150
20	157
20	164
20	171
20	177
20	183
20	189
20	195
20	201
20	207
20	212
20	217
20	222
20	227
20	232
20	236
20	241
20	244
20	249
20	252
20	256
20	260
20	263
20	267
20	270
20	274
20	277
20	281
20	284
20	288
20	291
20	294
20	298
20	301
20	304
20	308
20	311
20	315
20	318
20	322
20	325
20	329
20	332
20	336
20	339
20	343
20	346
20	350
20	353
20	357
20	360
20	364
20	367
20	371
20	375
20	378
20	382
20	386
20	390
20	394
20	398
20	402
20	406
20	410
20	414
20	418
20	422
20	427
20	431
20	436
20	441
20	447
20	453
20	460
20	467
20	475
20	484
20	495
21	131
21	142
21	152
21	161
21	170
21	178
21	185
21	192
21	199
21	205
21	211
21	217
21	223
21	229
21	235
21	241
21	247
21	253
21	259
21	264
21	270
21	275
21	281
21	286
21	291
21	296
21	301
21	306
21	311
21	316
21	321
21	326
21	331
21	336
21	341
21	346
21	352
21	357
21	363
21	368
21	374
21	380
21	386
21	392
21	398
21	404
21	410
21	417
21	424
21	432
21	440
21	449
21	459
22	168
22	179
22	188
22	196
22	204
22	211
22	218
22	225
22	232
22	239
22	246
22	254
22	262
22	270
22	278
22	286
22	294
22	302
22	310
22	318
22	326
22	334
22	342
22	350
22	358
22	366
22	375
22	384
22	393
22	403
22	413
22	424
23	178
23	189
23	198
23	207
23	215
23	223
23	231
23	239
23	248
23	257
23	266
23	275
23	284
23	293
23	302
23	311
23	320
23	329
23	338
23	347
23	356
23	365
23	374
23	384
23	394
23	404
23	414
23	425
24	176
24	187
24	197
24	206
24	215
24	224
24	233
24	242
24	251
24	260
24	270
24	280
24	289
24	298
24	307
24	316
24	325
24	333
24	341
24	349
24	357
24	365
24	373
24	381
24	389
24	398
24	407
24	416
24	426
24	437
25	158
25	169
25	180
25	190
25	199
25	208
25	217
25	226
25	235
25	245
25	255
25	266
25	276
25	286
25	296
25	305
25	314
25	322
25	330
25	337
25	344
25	351
25	357
25	363
25	369
25	375
25	381
25	387
25	393
25	399
25	406
25	412
25	419
25	426
25	434
25	442
25	451
25	461
26	149
26	160
26	170
26	180
26	189
26	198
26	207
26	216
26	225
26	235
26	245
26	255
26	265
26	275
26	284
26	292
26	300
26	307
26	314
26	320
26	326
26	332
26	337
26	342
26	347
26	352
26	356
26	361
26	365
26	369
26	373
26	377
26	382
26	386
26	390
26	395
26	399
26	403
26	408
26	412
26	417
26	421
26	426
26	431
26	436
26	442
26	448
26	455
26	462
26	470
26	479
27	149
27	160
27	170
27	179
27	188
27	196
27	204
27	213
27	222
27	231
27	240
27	249
27	258
27	267
27	275
27	282
27	289
27	295
27	301
27	306
27	311
27	316
27	321
27	325
27	329
27	333
27	337
27	341
27	344
27	348
27	351
27	354
27	358
27	361
27	364
27	367
27	370
27	373
27	376
27	379
27	382
27	386
27	388
27	392
27	395
27	398
27	401
27	404
27	407
27	410
27	413
27	416
27	419
27	423
27	426
27	429
27	433
27	437
27	440
27	445
27	448
27	453
27	458
27	463
27	469
27	475
27	482
27	490
27	500
28	152
28	163
28	173
28	183
28	192
28	200
28	208
28	217
28	226
28	235
28	243
28	251
28	259
28	266
28	272
28	278
28	283
28	288
28	293
28	297
28	302
28	305
28	310
28	313
28	317
28	320
28	323
28	327
28	330
28	333
28	336
28	339
28	342
28	345
28	348
28	351
28	354
28	357
28	360
28	363
28	366
28	369
28	372
28	375
28	378
28	382
28	385
28	388
28	392
28	395
28	399
28	402
28	406
28	409
28	413
28	416
28	420
28	423
28	427
28	430
28	434
28	438
28	442
28	446
28	450
28	455
28	459
28	465
28	470
28	476
28	483
28	491
28	500
29	157
29	168
29	178
29	187
29	196
29	204
29	212
29	220
29	228
29	235
29	242
29	249
29	255
29	261
29	266
29	271
29	275
29	280
29	283
29	288
29	291
29	295
29	299
29	302
29	305
29	309
29	312
29	315
29	318
29	321
29	324
29	327
29	330
29	333
29	336
29	339
29	342
29	345
29	348
29	352
29	355
29	358
29	362
29	365
29	369
29	373
29	377
29	381
29	386
29	390
29	395
29	399
29	404
29	409
29	414
29	419
29	424
29	429
29	435
29	441
29	447
29	454
29	461
29	469
29	478
29	489
30	142
30	153
30	164
30	174
30	183
30	192
30	200
30	208
30	215
30	222
30	229
30	235
30	241
30	246
30	251
30	255
30	260
30	263
30	268
30	271
30	275
30	278
30	282
30	285
30	289
30	292
30	295
30	299
30	302
30	305
30	309
30	312
30	315
30	319
30	322
30	326
30	329
30	333
30	337
30	340
30	345
30	348
30	353
30	357
30	362
30	366
30	371
30	376
30	381
30	387
30	393
30	399
30	405
30	412
30	419
30	426
30	434
30	442
30	451
30	461
31	139
31	150
31	160
31	169
31	177
31	185
31	193
31	200
31	207
31	213
31	219
31	224
31	230
31	234
31	239
31	243
31	247
31	251
31	254
31	258
31	261
31	265
31	268
31	272
31	275
31	279
31	282
31	286
31	289
31	293
31	297
31	300
31	305
31	308
31	313
31	317
31	321
31	326
31	330
31	335
31	339
31	344
31	349
31	354
31	359
31	364
31	369
31	374
31	379
31	385
31	390
31	396
31	402
31	408
31	414
31	421
31	428
31	436
31	445
31	455
31	467
32	142
32	153
32	162
32	171
32	179
32	187
32	194
32	201
32	208
32	214
32	220
32	225
32	230
32	234
32	239
32	243
32	247
32	251
32	255
32	259
32	263
32	267
32	271
32	275
32	279
32	283
32	287
32	292
32	296
32	301
32	306
32	311
32	316
32	321
32	326
32	331
32	336
32	341
32	345
32	350
32	354
32	359
32	363
32	367
32	371
32	375
32	379
32	383
32	387
32	391
32	395
32	399
32	404
32	408
32	413
32	417
32	422
32	427
32	433
32	439
32	445
32	452
32	460
32	469
32	480
33	161
33	171
33	180
33	189
33	197
33	205
33	213
33	220
33	227
33	233
33	239
33	244
33	250
33	255
33	261
33	266
33	272
33	277
33	283
33	289
33	294
33	300
33	305
33	311
33	316
33	321
33	326
33	330
33	335
33	339
33	343
33	347
33	351
33	354
33	358
33	361
33	364
33	368
33	370
33	374
33	376
33	380
33	382
33	386
33	388
33	392
33	394
33	398
33	400
33	404
33	406
33	410
33	413
33	416
33	419
33	423
33	426
33	430
33	434
33	438
33	442
33	447
33	452
33	457
33	463
33	469
33	476
33	485
33	495
34	196
34	207
34	217
34	227
34	236
34	245
34	253
34	261
34	269
34	276
34	283
34	290
34	296
34	302
34	307
34	312
34	316
34	321
34	324
34	329
34	332
34	335
34	339
34	342
34	345
34	348
34	351
34	354
34	357
34	360
34	362
34	365
34	368
34	370
34	373
34	376
34	378
34	381
34	384
34	386
34	389
34	392
34	394
34	397
34	400
34	402
34	405
34	408
34	410
34	414
34	416
34	419
34	422
34	425
34	428
34	431
34	435
34	438
34	442
34	446
34	449
34	454
34	458
34	463
34	468
34	474
34	480
34	487
34	496
34	507
35	188
35	199
35	209
35	219
35	229
35	239
35	249
35	258
35	267
35	274
35	281
35	287
35	292
35	297
35	301
35	305
35	309
35	312
35	316
35	319
35	322
35	325
35	328
35	331
35	334
35	337
35	340
35	342
35	345
35	348
35	350
35	353
35	356
35	358
35	361
35	364
35	366
35	369
35	372
35	375
35	378
35	381
35	384
35	387
35	390
35	393
35	396
35	399
35	402
35	406
35	408
35	412
35	415
35	418
35	422
35	425
35	429
35	433
35	437
35	441
35	445
35	449
35	454
35	459
35	464
35	470
35	476
35	484
35	493
35	504
36	187
36	199
36	210
36	221
36	232
36	242
36	252
36	261
36	269
36	275
36	281
36	285
36	290
36	293
36	298
36	301
36	304
36	308
36	311
36	313
36	317
36	320
36	322
36	326
36	328
36	331
36	334
36	337
36	340
36	343
36	346
36	349
36	352
36	356
36	358
36	362
36	365
36	369
36	373
36	377
36	381
36	385
36	389
36	394
36	398
36	403
36	408
36	413
36	418
36	424
36	430
36	436
36	443
36	450
36	457
36	465
36	474
36	485
37	187
37	199
37	210
37	221
37	231
37	241
37	250
37	258
37	265
37	271
37	276
37	281
37	285
37	289
37	293
37	296
37	300
37	303
37	307
37	310
37	313
37	317
37	320
37	324
37	327
37	331
37	334
37	338
37	342
37	346
37	350
37	355
37	359
37	364
37	369
37	375
37	381
37	387
37	394
37	401
37	409
37	417
37	426
37	436
37	447
37	458
38	179
38	190
38	200
38	210
38	220
38	229
38	238
38	246
38	253
38	260
38	265
38	270
38	274
38	279
38	282
38	286
38	290
38	293
38	297
38	300
38	304
38	307
38	311
38	314
38	318
38	322
38	326
38	330
38	334
38	338
38	343
38	348
38	353
38	358
38	364
38	370
38	377
38	384
38	392
38	401
38	411
38	422
39	179
39	190
39	201
39	212
39	222
39	232
39	241
39	249
39	255
39	261
39	264
39	269
39	272
39	276
39	280
39	283
39	286
39	290
39	293
39	296
39	300
39	303
39	307
39	310
39	314
39	318
39	322
39	326
39	330
39	335
39	339
39	345
39	350
39	356
39	362
39	369
39	376
39	384
39	393
39	403
39	415
40	190
40	201
40	212
40	222
40	231
40	239
40	245
40	251
40	255
40	260
40	263
40	268
40	271
40	275
40	279
40	282
40	286
40	289
40	293
40	297
40	301
40	305
40	309
40	314
40	318
40	323
40	328
40	334
40	340
40	346
40	353
40	361
40	369
40	379
40	391
41	187
41	198
41	208
41	217
41	225
41	232
41	239
41	243
41	249
41	252
41	257
41	261
41	264
41	268
41	272
41	275
41	279
41	283
41	287
41	291
41	295
41	299
41	304
41	309
41	314
41	319
41	325
41	331
41	338
41	346
41	355
41	365
41	376
42	191
42	202
42	212
42	221
42	229
42	235
42	241
42	246
42	251
42	255
42	259
42	263
42	267
42	271
42	275
42	279
42	283
42	287
42	292
42	296
42	301
42	306
42	311
42	317
42	323
42	329
42	336
42	344
42	353
42	363
43	188
43	199
43	209
43	218
43	226
43	232
43	238
43	242
43	247
43	251
43	255
43	259
43	263
43	267
43	271
43	275
43	279
43	284
43	288
43	293
43	298
43	303
43	309
43	315
43	321
43	328
43	336
43	345
43	355
44	180
44	191
44	201
44	210
44	219
44	226
44	232
44	238
44	243
44	248
44	253
44	257
44	262
44	266
44	271
44	276
44	281
44	286
44	292
44	298
44	304
44	311
44	318
44	326
44	335
44	346
45	171
45	182
45	191
45	199
45	207
45	215
45	222
45	228
45	234
45	240
45	245
45	250
45	255
45	260
45	266
45	271
45	277
45	283
45	289
45	296
45	303
45	311
45	320
45	330
45	343
46	178
46	189
46	199
46	208
46	217
46	225
46	232
46	239
46	245
46	251
46	257
46	263
46	269
46	275
46	281
46	288
46	295
46	302
46	310
46	319
46	329
46	341
47	226
47	237
47	247
47	256
47	265
47	274
47	283
47	292
47	302
47	312
47	324
48	247
48	258
48	269
48	280
48	291
48	304
49	250
49	261
49	272
49	283
49	295
50	256
50	268
50	280
50	293
51	257
51	270
51	284
62	289
62	301
62	313
62	325
63	251
63	262
63	272
63	281
63	290
63	299
63	308
63	317
63	326
63	336
63	346
63	357
64	238
64	248
64	257
64	264
64	271
64	277
64	283
64	289
64	295
64	301
64	307
64	313
64	319
64	326
64	333
64	340
64	347
64	354
64	362
64	371
64	380
64	391
65	227
65	237
65	245
65	253
65	260
65	267
65	273
65	279
65	284
65	289
65	294
65	298
65	303
65	307
65	312
65	316
65	321
65	326
65	331
65	336
65	341
65	346
65	352
65	358
65	364
65	370
65	377
65	384
65	392
65	401
65	411
65	424
66	221
66	230
66	238
66	244
66	250
66	255
66	260
66	265
66	270
66	275
66	280
66	285
66	290
66	294
66	299
66	303
66	307
66	311
66	315
66	319
66	323
66	327
66	331
66	335
66	339
66	344
66	348
66	353
66	357
66	362
66	367
66	372
66	378
66	384
66	390
66	397
66	404
66	412
66	421
66	431
67	223
67	231
67	238
67	243
67	247
67	252
67	254
67	259
67	262
67	265
67	269
67	272
67	275
67	279
67	282
67	285
67	289
67	292
67	295
67	299
67	302
67	306
67	309
67	313
67	316
67	320
67	323
67	327
67	330
67	334
67	337
67	341
67	344
67	348
67	351
67	355
67	359
67	363
67	367
67	371
67	375
67	379
67	384
67	388
67	394
67	399
67	405
67	411
67	418
67	425
67	433
67	442
67	454
68	228
68	236
68	242
68	246
68	251
68	253
68	257
68	260
68	262
68	265
68	268
68	271
68	272
68	276
68	278
68	280
68	283
68	285
68	287
68	290
68	292
68	294
68	297
68	299
68	301
68	304
68	306
68	309
68	311
68	314
68	316
68	319
68	322
68	324
68	327
68	330
68	333
68	336
68	339
68	342
68	345
68	348
68	351
68	354
68	357
68	360
68	363
68	366
68	369
68	372
68	376
68	378
68	382
68	385
68	389
68	392
68	396
68	400
68	404
68	408
68	412
68	417
68	421
68	426
68	431
68	437
68	444
68	452
68	461
68	474
69	238
69	247
69	254
69	260
69	264
69	269
69	272
69	276
69	280
69	282
69	286
69	288
69	292
69	293
69	297
69	299
69	302
69	304
69	307
69	309
69	312
69	314
69	317
69	319
69	322
69	324
69	327
69	329
69	332
69	335
69	337
69	340
69	343
69	346
69	348
69	352
69	354
69	357
69	360
69	363
69	366
69	369
69	372
69	375
69	378
69	381
69	384
69	387
69	390
69	393
69	396
69	399
69	402
69	406
69	408
69	412
69	415
69	419
69	423
69	427
69	431
69	436
69	440
69	446
69	452
69	458
69	466
69	475
69	487
70	240
70	251
70	261
70	270
70	278
70	285
70	291
70	297
70	302
70	307
70	311
70	315
70	319
70	322
70	326
70	329
70	333
70	336
70	339
70	343
70	346
70	349
70	353
70	356
70	359
70	363
70	366
70	370
70	373
70	377
70	380
70	384
70	387
70	391
70	394
70	398
70	401
70	405
70	408
70	412
70	416
70	420
70	425
70	429
70	435
70	440
70	446
70	453
70	461
70	470
71	231
71	240
71	248
71	254
71	260
71	266
71	272
71	277
71	283
71	288
71	294
71	300
71	306
71	312
71	318
71	324
71	330
71	335
71	340
71	345
71	350
71	354
71	359
71	363
71	368
71	372
71	376
71	381
71	385
71	390
71	394
71	399
71	404
71	409
71	415
71	420
71	426
71	433
71	440
71	448
71	458
72	233
72	242
72	249
72	255
72	261
72	265
72	270
72	274
72	279
72	283
72	287
72	291
72	295
72	299
72	303
72	307
72	311
72	315
72	319
72	324
72	328
72	333
72	338
72	343
72	348
72	354
72	359
72	365
72	370
72	376
72	381
72	387
72	393
72	399
72	405
72	412
72	419
72	426
72	434
72	443
72	454
73	269
73	279
73	288
73	295
73	302
73	308
73	313
73	319
73	324
73	329
73	334
73	339
73	344
73	349
73	354
73	359
73	364
73	369
73	375
73	381
73	387
73	394
73	401
73	409
73	417
73	426
73	436
74	327
74	337
74	345
74	353
74	360
74	367
74	373
74	379
74	385
74	391
74	398
74	405
74	412
74	419
74	427
74	435
74	444
74	455
75	252
75	263
75	274
75	284
75	295
75	307
75	370
75	381
75	391
75	401
75	411
75	421
75	432
76	251
76	262
76	272
76	281
76	290
76	299
76	308
76	317
76	326
76	336
76	347
-1	-1
