-1	-1
0	167
0	176
0	183
0	190
0	196
0	202
0	207
0	212
0	217
0	222
0	226
0	231
0	235
0	240
0	244
0	248
0	253
0	257
0	262
0	267
0	272
0	277
0	283
0	289
0	296
0	304
0	313
0	324
1	172
1	182
1	191
1	199
1	207
1	214
1	221
1	228
1	235
1	241
1	247
1	254
1	261
1	268
1	276
1	284
1	293
1	304
2	178
2	189
2	198
2	207
2	215
2	223
2	230
2	237
2	244
2	251
2	258
2	265
2	273
2	282
2	292
2	304
3	176
3	186
3	195
3	204
3	212
3	220
3	227
3	234
3	241
3	247
3	254
3	260
3	267
3	274
3	282
3	291
3	301
3	314
4	168
4	178
4	187
4	195
4	203
4	210
4	217
4	224
4	230
4	236
4	242
4	247
4	253
4	258
4	264
4	270
4	276
4	283
4	290
4	298
4	307
4	318
5	161
5	171
5	179
5	187
5	194
5	201
5	207
5	213
5	219
5	224
5	229
5	234
5	239
5	243
5	248
5	252
5	257
5	261
5	266
5	271
5	276
5	282
5	288
5	295
5	303
5	312
5	322
6	157
6	165
6	172
6	179
6	185
6	191
6	196
6	201
6	206
6	211
6	215
6	220
6	223
6	228
6	231
6	235
6	239
6	242
6	246
6	249
6	253
6	256
6	260
6	264
6	268
6	272
6	277
6	281
6	286
6	291
6	297
6	303
6	310
6	318
6	327
6	337
7	151
7	160
7	166
7	172
7	177
7	182
7	186
7	191
7	194
7	199
7	202
7	206
7	210
7	213
7	217
7	220
7	223
7	227
7	230
7	233
7	236
7	239
7	242
7	245
7	248
7	251
7	254
7	257
7	260
7	264
7	266
7	270
7	274
7	277
7	281
7	285
7	289
7	294
7	299
7	305
7	311
7	318
7	326
7	335
7	345
8	150
8	159
8	164
8	170
8	174
8	179
8	183
8	187
8	191
8	194
8	198
8	201
8	204
8	207
8	211
8	213
8	216
8	219
8	222
8	225
8	228
8	231
8	233
8	236
8	239
8	242
8	244
8	247
8	250
8	253
8	255
8	258
8	261
8	264
8	267
8	270
8	274
8	277
8	281
8	285
8	289
8	293
8	298
8	303
8	308
8	314
8	320
8	327
8	335
8	345
8	357
8	451
8	463
8	476
9	151
9	160
9	166
9	172
9	177
9	182
9	186
9	191
9	193
9	198
9	201
9	204
9	207
9	210
9	213
9	215
9	219
9	221
9	224
9	227
9	229
9	232
9	235
9	237
9	240
9	243
9	245
9	248
9	251
9	253
9	256
9	259
9	262
9	265
9	268
9	271
9	275
9	278
9	282
9	286
9	290
9	295
9	299
9	305
9	310
9	316
9	323
9	330
9	338
9	347
9	358
9	408
9	420
9	431
9	441
9	451
9	460
9	469
9	478
9	488
9	499
10	160
10	169
10	176
10	182
10	188
10	193
10	197
10	202
10	205
10	210
10	213
10	217
10	220
10	223
10	227
10	230
10	233
10	236
10	239
10	243
10	245
10	249
10	252
10	255
10	259
10	262
10	266
10	269
10	274
10	277
10	282
10	286
10	291
10	296
10	301
10	307
10	313
10	320
10	327
10	335
10	344
10	354
10	366
10	402
10	414
10	425
10	435
10	444
10	452
10	460
10	468
10	476
10	485
10	495
11	159
11	168
11	175
11	181
11	186
11	191
11	196
11	201
11	205
11	210
11	214
11	219
11	223
11	228
11	232
11	237
11	241
11	246
11	250
11	255
11	259
11	264
11	269
11	274
11	279
11	285
11	291
11	297
11	303
11	310
11	317
11	324
11	332
11	341
11	351
11	362
11	431
11	442
11	451
11	459
11	467
11	475
11	483
11	492
11	502
12	160
12	169
12	176
12	182
12	187
12	192
12	196
12	201
12	205
12	209
12	213
12	217
12	221
12	225
12	229
12	234
12	238
12	242
12	247
12	251
12	256
12	260
12	265
12	270
12	275
12	280
12	285
12	291
12	296
12	302
12	308
12	314
12	321
12	328
12	335
12	343
12	351
12	360
12	370
12	381
12	452
12	463
12	474
12	486
13	170
13	180
13	187
13	193
13	199
13	205
13	211
13	216
13	222
13	227
13	233
13	238
13	244
13	249
13	255
13	261
13	267
13	273
13	279
13	285
13	291
13	297
13	303
13	309
13	315
13	321
13	327
13	333
13	340
13	347
13	354
13	362
13	370
13	379
13	388
13	398
13	408
13	419
14	172
14	182
14	190
14	197
14	203
14	209
14	214
14	220
14	225
14	230
14	235
14	240
14	245
14	250
14	255
14	260
14	265
14	270
14	275
14	280
14	285
14	290
14	295
14	300
14	305
14	310
14	315
14	320
14	325
14	330
14	335
14	340
14	346
14	351
14	357
14	363
14	369
14	376
14	383
14	390
14	397
14	405
14	413
14	422
14	432
14	443
15	169
15	179
15	187
15	194
15	200
15	205
15	210
15	214
15	219
15	223
15	227
15	231
15	235
15	239
15	243
15	247
15	251
15	255
15	259
15	263
15	267
15	271
15	275
15	279
15	283
15	287
15	291
15	295
15	299
15	303
15	307
15	311
15	315
15	319
15	323
15	327
15	331
15	336
15	340
15	345
15	349
15	354
15	359
15	364
15	369
15	375
15	380
15	386
15	392
15	398
15	405
15	412
15	419
15	427
15	436
15	446
15	457
16	168
16	178
16	186
16	193
16	199
16	204
16	209
16	213
16	218
16	222
16	226
16	230
16	234
16	238
16	242
16	246
16	250
16	254
16	258
16	261
16	265
16	269
16	272
16	276
16	279
16	282
16	286
16	289
16	292
16	295
16	298
16	301
16	304
16	307
16	310
16	313
16	316
16	319
16	323
16	326
16	329
16	333
16	336
16	340
16	344
16	348
16	352
16	356
16	360
16	365
16	369
16	374
16	379
16	384
16	389
16	395
16	401
16	407
16	413
16	420
16	427
16	435
16	443
16	452
16	462
16	475
17	169
17	179
17	187
17	194
17	200
17	205
17	211
17	215
17	220
17	224
17	229
17	233
17	238
17	242
17	247
17	251
17	256
17	260
17	264
17	268
17	272
17	276
17	280
17	283
17	287
17	290
17	293
17	296
17	300
17	302
17	306
17	308
17	312
17	314
17	318
17	320
17	324
17	326
17	330
17	333
17	336
17	339
17	343
17	346
17	349
17	353
17	356
17	360
17	363
17	367
17	371
17	375
17	379
17	383
17	387
17	391
17	395
17	399
17	404
17	408
17	413
17	417
17	422
17	427
17	432
17	437
17	442
17	448
17	454
17	460
17	467
17	475
17	484
17	494
18	169
18	179
18	187
18	193
18	199
18	204
18	210
18	215
18	220
18	225
18	230
18	235
18	240
18	245
18	250
18	255
18	260
18	265
18	270
18	275
18	280
18	284
18	289
18	293
18	297
18	301
18	305
18	309
18	313
18	316
18	320
18	323
18	327
18	330
18	334
18	337
18	341
18	344
18	348
18	351
18	355
18	358
18	362
18	365
18	369
18	372
18	376
18	379
18	383
18	386
18	390
18	393
18	397
18	400
18	404
18	407
18	411
18	414
18	418
18	422
18	426
18	429
18	434
18	437
18	442
18	446
18	450
18	455
18	459
18	464
18	469
18	474
18	480
18	486
18	493
18	501
18	510
19	167
19	177
19	184
19	191
19	196
19	202
19	207
19	212
19	217
19	222
19	227
19	232
19	237
19	242
19	247
19	253
19	258
19	264
19	270
19	276
19	282
19	288
19	294
19	299
19	305
19	310
19	315
19	320
19	324
19	329
19	333
19	338
19	342
19	346
19	350
19	354
19	357
19	361
19	364
19	368
19	371
19	374
19	378
19	381
19	384
19	387
19	391
19	393
19	397
19	400
19	403
19	406
19	409
19	412
19	415
19	418
19	421
19	424
19	427
19	430
19	433
19	436
19	439
19	442
19	445
19	448
19	451
19	454
19	457
19	460
19	464
19	467
19	470
19	474
19	478
19	482
19	486
19	491
19	496
19	502
19	508
19	515
19	524
19	534
20	171
20	181
20	189
20	196
20	203
20	210
20	216
20	223
20	230
20	236
20	243
20	250
20	257
20	264
20	271
20	279
20	287
20	295
20	303
20	311
20	318
20	325
20	332
20	339
20	345
20	351
20	356
20	361
20	366
20	371
20	375
20	380
20	384
20	388
20	392
20	396
20	400
20	403
20	407
20	410
20	414
20	417
20	421
20	423
20	427
20	430
20	433
20	436
20	439
20	442
20	445
20	448
20	451
20	454
20	457
20	460
20	464
20	467
20	470
20	474
20	477
20	481
20	485
20	489
20	494
20	499
20	505
20	512
20	520
20	529
21	198
21	209
21	219
21	229
21	239
21	248
21	258
21	268
21	278
21	287
21	296
21	305
21	314
21	323
21	332
21	340
21	348
21	355
21	362
21	369
21	375
21	381
21	387
21	393
21	398
21	403
21	408
21	413
21	418
21	422
21	427
21	431
21	435
21	440
21	444
21	448
21	452
21	457
21	461
21	466
21	470
21	475
21	480
21	486
21	492
21	499
21	507
21	517
22	226
22	238
22	249
22	260
22	271
22	281
22	291
22	301
22	310
22	319
22	328
22	336
22	344
22	352
22	360
22	367
22	374
22	381
22	388
22	394
22	400
22	406
22	411
22	417
22	422
22	427
22	432
22	437
22	442
22	447
22	452
22	457
22	462
22	467
22	472
22	478
22	484
22	491
22	498
22	506
22	516
23	249
23	260
23	271
23	281
23	290
23	299
23	308
23	316
23	324
23	331
23	338
23	345
23	351
23	357
23	363
23	369
23	374
23	380
23	384
23	389
23	394
23	398
23	403
23	407
23	411
23	415
23	419
23	423
23	427
23	430
23	434
23	437
23	441
23	444
23	448
23	451
23	455
23	458
23	462
23	465
23	469
23	473
23	477
23	481
23	486
23	490
23	496
23	501
23	507
23	514
23	522
23	532
24	231
24	243
24	254
24	263
24	271
24	279
24	286
24	293
24	300
24	306
24	312
24	318
24	323
24	328
24	333
24	338
24	342
24	347
24	351
24	355
24	360
24	363
24	368
24	371
24	375
24	379
24	382
24	386
24	389
24	392
24	395
24	399
24	401
24	405
24	408
24	411
24	414
24	417
24	420
24	423
24	426
24	429
24	432
24	435
24	438
24	441
24	444
24	447
24	450
24	453
24	456
24	459
24	462
24	465
24	468
24	471
24	474
24	477
24	481
24	484
24	488
24	492
24	496
24	500
24	505
24	510
24	516
24	522
24	529
24	538
24	550
25	200
25	211
25	221
25	231
25	240
25	249
25	257
25	264
25	270
25	276
25	281
25	286
25	291
25	295
25	300
25	304
25	308
25	312
25	316
25	320
25	323
25	327
25	330
25	333
25	337
25	340
25	343
25	346
25	349
25	352
25	355
25	358
25	361
25	364
25	367
25	370
25	373
25	375
25	379
25	381
25	384
25	387
25	389
25	392
25	395
25	397
25	400
25	403
25	405
25	408
25	411
25	413
25	416
25	419
25	421
25	424
25	427
25	430
25	433
25	436
25	439
25	442
25	445
25	448
25	451
25	454
25	457
25	460
25	464
25	467
25	470
25	474
25	477
25	481
25	485
25	489
25	494
25	498
25	504
25	509
25	515
25	522
25	530
25	539
26	198
26	209
26	219
26	229
26	238
26	247
26	254
26	261
26	266
26	271
26	275
26	280
26	283
26	288
26	291
26	294
26	298
26	301
26	304
26	307
26	310
26	313
26	316
26	319
26	322
26	324
26	328
26	330
26	333
26	336
26	338
26	341
26	344
26	346
26	349
26	352
26	354
26	357
26	360
26	362
26	365
26	368
26	370
26	373
26	376
26	378
26	381
26	384
26	387
26	389
26	393
26	395
26	399
26	401
26	405
26	408
26	411
26	415
26	418
26	422
26	426
26	429
26	434
26	437
26	442
26	446
26	450
26	455
26	459
26	464
26	469
26	474
26	479
26	485
26	491
26	497
26	504
26	512
26	521
26	531
27	241
27	251
27	260
27	266
27	272
27	277
27	281
27	285
27	289
27	292
27	296
27	299
27	302
27	305
27	309
27	311
27	315
27	317
27	321
27	323
27	326
27	329
27	332
27	335
27	338
27	341
27	344
27	347
27	350
27	353
27	356
27	359
27	363
27	366
27	369
27	373
27	376
27	380
27	383
27	387
27	391
27	395
27	399
27	403
27	407
27	412
27	416
27	421
27	426
27	431
27	436
27	442
27	448
27	454
27	460
27	466
27	473
27	480
27	488
27	496
27	505
27	515
28	259
28	269
28	277
28	283
28	289
28	294
28	299
28	303
28	308
28	312
28	316
28	320
28	324
28	328
28	332
28	336
28	340
28	344
28	348
28	352
28	357
28	361
28	366
28	370
28	375
28	379
28	384
28	389
28	394
28	399
28	404
28	409
28	415
28	420
28	426
28	432
28	438
28	444
28	450
28	456
28	462
28	468
28	475
28	482
28	490
28	498
28	507
28	517
29	260
29	270
29	278
29	285
29	291
29	297
29	303
29	308
29	314
29	319
29	324
29	329
29	334
29	339
29	344
29	349
29	354
29	359
29	364
29	369
29	374
29	379
29	384
29	389
29	395
29	400
29	406
29	411
29	417
29	422
29	428
29	433
29	439
29	444
29	450
29	455
29	461
29	466
29	472
29	478
29	484
29	490
29	497
29	504
29	512
29	521
29	531
30	261
30	272
30	281
30	289
30	296
30	303
30	310
30	317
30	323
30	329
30	335
30	341
30	347
30	353
30	359
30	364
30	370
30	375
30	380
30	385
30	390
30	395
30	400
30	405
30	410
30	415
30	420
30	425
30	430
30	435
30	440
30	445
30	450
30	455
30	460
30	465
30	470
30	476
30	481
30	487
30	493
30	499
30	506
30	514
30	522
30	532
30	545
31	271
31	282
31	292
31	301
31	310
31	318
31	325
31	332
31	339
31	345
31	351
31	356
31	361
31	366
31	371
31	375
31	380
31	384
31	388
31	392
31	396
31	400
31	404
31	408
31	412
31	415
31	419
31	423
31	426
31	430
31	434
31	437
31	441
31	445
31	448
31	452
31	456
31	459
31	464
31	467
31	472
31	476
31	480
31	485
31	489
31	495
31	500
31	506
31	512
31	519
31	527
31	536
31	547
32	268
32	279
32	289
32	298
32	307
32	314
32	321
32	327
32	332
32	337
32	342
32	346
32	351
32	354
32	359
32	362
32	366
32	370
32	373
32	376
32	380
32	382
32	386
32	389
32	392
32	394
32	398
32	400
32	403
32	405
32	408
32	411
32	413
32	416
32	418
32	421
32	423
32	426
32	428
32	431
32	433
32	436
32	438
32	441
32	444
32	446
32	449
32	452
32	454
32	457
32	460
32	462
32	466
32	468
32	471
32	475
32	477
32	481
32	485
32	488
32	492
32	496
32	500
32	505
32	509
32	515
32	520
32	526
32	533
32	541
32	551
33	262
33	273
33	283
33	292
33	300
33	307
33	313
33	318
33	322
33	326
33	330
33	333
33	337
33	340
33	343
33	346
33	349
33	352
33	354
33	358
33	360
33	362
33	365
33	368
33	370
33	372
33	375
33	377
33	379
33	382
33	384
33	386
33	388
33	391
33	392
33	395
33	397
33	399
33	401
33	403
33	405
33	407
33	409
33	412
33	413
33	416
33	418
33	420
33	422
33	425
33	426
33	429
33	431
33	433
33	436
33	438
33	440
33	443
33	445
33	447
33	450
33	452
33	455
33	457
33	460
33	462
33	465
33	468
33	470
33	474
33	476
33	479
33	483
33	486
33	490
33	494
33	498
33	503
33	507
33	513
33	518
33	525
33	532
33	540
33	550
34	252
34	263
34	273
34	282
34	290
34	297
34	302
34	307
34	312
34	315
34	320
34	322
34	326
34	329
34	332
34	334
34	337
34	340
34	342
34	344
34	347
34	349
34	352
34	353
34	356
34	358
34	361
34	362
34	365
34	367
34	369
34	371
34	374
34	375
34	378
34	380
34	382
34	384
34	386
34	389
34	390
34	393
34	395
34	397
34	399
34	402
34	404
34	406
34	408
34	411
34	413
34	415
34	418
34	420
34	422
34	425
34	427
34	430
34	432
34	435
34	437
34	440
34	443
34	445
34	448
34	451
34	454
34	457
34	460
34	464
34	467
34	471
34	475
34	479
34	484
34	488
34	494
34	499
34	506
34	513
34	521
34	530
34	543
35	229
35	240
35	251
35	261
35	270
35	278
35	285
35	291
35	296
35	301
35	305
35	309
35	312
35	316
35	319
35	323
35	326
35	329
35	332
35	335
35	338
35	341
35	344
35	347
35	350
35	352
35	355
35	358
35	361
35	363
35	366
35	369
35	371
35	374
35	377
35	379
35	383
35	385
35	388
35	391
35	394
35	397
35	400
35	403
35	406
35	409
35	413
35	416
35	419
35	423
35	426
35	430
35	434
35	438
35	442
35	446
35	451
35	456
35	461
35	467
35	473
35	480
35	488
35	497
35	508
36	212
36	223
36	233
36	243
36	252
36	260
36	268
36	275
36	281
36	286
36	291
36	294
36	299
36	302
36	306
36	309
36	312
36	315
36	318
36	321
36	324
36	327
36	330
36	333
36	336
36	339
36	342
36	345
36	348
36	351
36	355
36	357
36	361
36	364
36	368
36	371
36	375
36	379
36	383
36	387
36	391
36	396
36	400
36	405
36	410
36	415
36	421
36	427
36	433
36	440
36	447
36	455
36	464
36	474
37	218
37	229
37	239
37	249
37	258
37	266
37	272
37	278
37	282
37	287
37	291
37	294
37	298
37	302
37	305
37	309
37	312
37	315
37	319
37	322
37	325
37	329
37	332
37	336
37	339
37	343
37	347
37	351
37	355
37	359
37	364
37	368
37	373
37	378
37	383
37	388
37	394
37	400
37	406
37	413
37	420
37	428
37	436
37	445
37	454
37	464
38	218
38	229
38	239
38	249
38	258
38	264
38	270
38	274
38	279
38	283
38	287
38	291
38	294
38	298
38	301
38	305
38	308
38	312
38	315
38	319
38	322
38	326
38	329
38	334
38	337
38	342
38	346
38	351
38	356
38	361
38	366
38	372
38	378
38	384
38	391
38	398
38	406
38	414
38	423
38	433
38	444
39	216
39	226
39	235
39	244
39	252
39	259
39	264
39	270
39	274
39	279
39	282
39	286
39	290
39	293
39	297
39	301
39	304
39	308
39	312
39	316
39	320
39	324
39	328
39	333
39	337
39	342
39	347
39	352
39	357
39	363
39	369
39	376
39	383
39	391
39	399
39	408
39	418
40	211
40	221
40	230
40	239
40	248
40	255
40	261
40	266
40	271
40	275
40	280
40	283
40	288
40	291
40	296
40	299
40	304
40	308
40	312
40	317
40	321
40	326
40	331
40	336
40	341
40	347
40	353
40	359
40	366
40	373
40	381
40	390
40	399
40	409
40	423
41	246
41	257
41	265
41	272
41	279
41	285
41	291
41	297
41	303
41	309
41	315
41	321
41	328
41	335
41	343
41	351
41	360
41	369
41	379
41	390
42	270
42	280
42	289
42	298
42	306
42	315
42	324
42	333
42	342
42	352
42	362
42	374
43	269
43	279
43	288
43	296
43	304
43	312
43	320
43	328
43	336
43	345
43	354
43	364
43	375
44	271
44	282
44	292
44	301
44	310
44	319
44	328
44	338
44	349
44	360
45	298
45	310
45	322
60	280
60	291
60	301
60	310
60	320
60	330
60	344
61	291
61	302
61	312
61	321
61	331
61	341
61	354
62	329
62	341
64	297
64	308
64	319
64	330
64	341
64	352
64	363
64	374
64	385
65	280
65	291
65	300
65	309
65	317
65	325
65	333
65	341
65	349
65	357
65	365
65	374
65	383
65	392
65	402
65	412
65	423
65	436
66	270
66	279
66	287
66	294
66	300
66	306
66	312
66	318
66	324
66	330
66	336
66	342
66	348
66	354
66	360
66	366
66	373
66	380
66	387
66	394
66	401
66	409
66	417
66	425
66	434
66	443
66	453
66	463
66	475
67	269
67	277
67	283
67	288
67	293
67	297
67	301
67	305
67	309
67	313
67	317
67	321
67	325
67	329
67	333
67	337
67	341
67	345
67	349
67	354
67	358
67	363
67	368
67	373
67	378
67	384
67	389
67	395
67	401
67	408
67	415
67	422
67	429
67	436
67	444
67	452
67	461
67	470
67	480
68	271
68	280
68	286
68	291
68	295
68	300
68	302
68	306
68	310
68	312
68	316
68	319
68	322
68	325
68	328
68	331
68	334
68	337
68	340
68	343
68	346
68	349
68	352
68	356
68	359
68	362
68	366
68	369
68	373
68	377
68	381
68	385
68	389
68	394
68	398
68	403
68	408
68	414
68	419
68	425
68	431
68	438
68	445
68	453
68	461
68	470
68	479
68	489
69	288
69	297
69	303
69	309
69	313
69	318
69	322
69	325
69	329
69	332
69	335
69	339
69	341
69	345
69	347
69	351
69	353
69	356
69	359
69	362
69	365
69	368
69	371
69	374
69	377
69	380
69	383
69	386
69	389
69	393
69	396
69	399
69	403
69	406
69	410
69	414
69	417
69	421
69	425
69	429
69	433
69	437
69	442
69	446
69	451
69	456
69	461
69	466
69	471
69	476
69	482
69	488
69	495
69	502
69	511
69	522
70	280
70	290
70	299
70	307
70	314
70	321
70	327
70	332
70	337
70	342
70	346
70	351
70	354
70	358
70	362
70	365
70	369
70	372
70	375
70	379
70	382
70	385
70	388
70	391
70	394
70	397
70	400
70	403
70	406
70	409
70	412
70	415
70	418
70	421
70	424
70	427
70	430
70	433
70	436
70	439
70	442
70	445
70	448
70	451
70	454
70	457
70	460
70	464
70	467
70	470
70	474
70	477
70	481
70	485
70	489
70	494
70	498
70	504
70	509
70	516
70	524
70	533
71	272
71	281
71	288
71	294
71	300
71	305
71	310
71	315
71	320
71	325
71	330
71	335
71	340
71	345
71	350
71	355
71	360
71	365
71	370
71	375
71	380
71	385
71	390
71	394
71	399
71	403
71	407
71	411
71	415
71	419
71	423
71	426
71	430
71	433
71	437
71	440
71	444
71	447
71	451
71	454
71	458
71	462
71	466
71	470
71	474
71	478
71	483
71	488
71	493
71	499
71	505
71	512
71	520
71	530
72	277
72	285
72	292
72	297
72	302
72	307
72	311
72	315
72	319
72	323
72	327
72	331
72	335
72	339
72	343
72	347
72	351
72	355
72	359
72	363
72	367
72	371
72	375
72	379
72	384
72	388
72	393
72	398
72	403
72	408
72	413
72	419
72	424
72	430
72	436
72	442
72	448
72	455
72	462
72	469
72	477
72	485
72	494
72	504
72	516
73	310
73	320
73	328
73	335
73	341
73	347
73	352
73	357
73	362
73	366
73	371
73	375
73	380
73	384
73	388
73	392
73	396
73	400
73	404
73	408
73	413
73	417
73	422
73	426
73	431
73	435
73	440
73	444
73	449
73	454
73	459
73	464
73	469
73	475
73	480
73	486
73	493
73	500
73	508
73	518
74	369
74	380
74	389
74	397
74	405
74	412
74	419
74	425
74	431
74	437
74	443
74	449
74	455
74	461
74	467
74	474
74	481
74	488
74	496
74	505
74	516
75	278
75	288
75	296
75	304
75	311
75	318
75	325
75	333
75	341
75	349
75	358
75	368
75	379
76	279
76	289
76	297
76	304
76	311
76	317
76	323
76	329
76	335
76	341
76	347
76	353
76	359
76	365
76	372
76	379
76	386
76	393
76	401
76	409
76	418
76	427
76	437
76	447
76	458
76	469
76	480
76	491
76	502
76	514
77	329
77	340
77	351
77	361
77	371
77	381
77	391
77	401
77	411
77	421
77	432
77	444
77	457
-1	-1
