-1	-1
0	166
0	175
0	183
0	190
0	195
0	201
0	205
0	210
0	213
0	218
0	221
0	225
0	229
0	232
0	236
0	239
0	242
0	246
0	249
0	252
0	256
0	259
0	263
0	266
0	270
0	274
0	278
0	283
0	287
0	293
0	298
0	305
0	312
0	320
0	330
1	177
1	187
1	195
1	202
1	209
1	215
1	221
1	226
1	231
1	236
1	241
1	246
1	251
1	256
1	261
1	266
1	272
1	278
1	285
1	293
1	302
1	313
2	180
2	190
2	199
2	207
2	214
2	220
2	226
2	232
2	237
2	243
2	248
2	253
2	259
2	265
2	271
2	277
2	284
2	292
2	301
2	312
3	181
3	191
3	200
3	208
3	215
3	222
3	228
3	234
3	240
3	246
3	252
3	258
3	264
3	270
3	277
3	285
3	294
3	304
4	177
4	187
4	196
4	204
4	211
4	218
4	224
4	230
4	236
4	242
4	248
4	254
4	260
4	266
4	273
4	280
4	288
4	297
4	308
5	170
5	180
5	189
5	196
5	203
5	209
5	215
5	221
5	226
5	231
5	236
5	241
5	246
5	251
5	256
5	261
5	267
5	273
5	279
5	286
5	294
5	303
5	313
6	163
6	173
6	181
6	188
6	194
6	200
6	205
6	210
6	214
6	219
6	223
6	227
6	231
6	235
6	239
6	243
6	247
6	251
6	255
6	259
6	263
6	267
6	272
6	277
6	282
6	288
6	294
6	301
6	309
6	318
6	329
7	160
7	169
7	176
7	182
7	187
7	192
7	196
7	201
7	204
7	209
7	212
7	216
7	220
7	223
7	227
7	230
7	234
7	237
7	241
7	244
7	247
7	251
7	254
7	257
7	261
7	264
7	268
7	271
7	276
7	279
7	284
7	288
7	294
7	299
7	305
7	312
7	320
7	329
7	340
8	159
8	168
8	175
8	181
8	186
8	191
8	195
8	199
8	203
8	207
8	211
8	214
8	218
8	221
8	224
8	228
8	231
8	234
8	237
8	240
8	243
8	246
8	249
8	252
8	255
8	258
8	261
8	264
8	267
8	270
8	274
8	277
8	281
8	285
8	289
8	294
8	298
8	304
8	310
8	317
8	325
8	334
8	345
9	158
9	167
9	173
9	179
9	183
9	188
9	192
9	196
9	200
9	203
9	207
9	210
9	214
9	217
9	221
9	223
9	227
9	230
9	233
9	236
9	239
9	242
9	245
9	248
9	251
9	254
9	257
9	260
9	263
9	266
9	269
9	273
9	276
9	280
9	284
9	288
9	293
9	297
9	303
9	308
9	315
9	322
9	330
9	339
10	160
10	169
10	176
10	182
10	188
10	193
10	198
10	202
10	207
10	211
10	215
10	219
10	222
10	226
10	230
10	233
10	237
10	240
10	243
10	247
10	250
10	253
10	257
10	260
10	264
10	267
10	271
10	275
10	279
10	284
10	288
10	294
10	299
10	305
10	312
10	319
10	327
10	337
11	163
11	172
11	180
11	187
11	194
11	200
11	206
11	212
11	218
11	224
11	230
11	235
11	241
11	246
11	251
11	256
11	261
11	266
11	272
11	278
11	284
11	291
11	298
11	306
11	315
11	325
11	337
12	173
12	184
12	193
12	201
12	208
12	215
12	221
12	227
12	233
12	239
12	245
12	251
12	257
12	263
12	270
12	277
12	284
12	292
12	300
12	309
12	319
12	330
13	181
13	192
13	201
13	209
13	217
13	224
13	231
13	238
13	245
13	252
13	259
13	266
13	273
13	280
13	287
13	295
13	303
13	312
13	321
13	331
13	342
13	354
14	173
14	183
14	192
14	200
14	208
14	215
14	222
14	228
14	234
14	240
14	246
14	252
14	258
14	264
14	270
14	276
14	282
14	288
14	294
14	300
14	307
14	314
14	321
14	328
14	336
14	344
14	353
14	362
14	372
14	382
14	392
14	402
14	413
14	424
15	173
15	183
15	192
15	200
15	208
15	215
15	222
15	229
15	235
15	241
15	247
15	253
15	259
15	264
15	270
15	275
15	280
15	285
15	290
15	295
15	300
15	305
15	310
15	315
15	320
15	325
15	331
15	336
15	342
15	348
15	354
15	361
15	368
15	375
15	382
15	389
15	396
15	404
15	412
15	420
15	428
15	436
15	445
15	454
15	464
16	176
16	186
16	195
16	204
16	212
16	220
16	228
16	236
16	243
16	250
16	257
16	264
16	270
16	276
16	281
16	286
16	291
16	296
16	301
16	306
16	311
16	315
16	320
16	324
16	329
16	334
16	338
16	343
16	348
16	353
16	358
16	363
16	368
16	374
16	379
16	385
16	390
16	396
16	401
16	406
16	412
16	417
16	423
16	428
16	434
16	439
16	445
16	451
16	457
16	464
16	472
16	480
16	490
17	179
17	190
17	200
17	210
17	219
17	228
17	237
17	246
17	254
17	262
17	270
17	278
17	285
17	292
17	299
17	305
17	311
17	317
17	322
17	328
17	333
17	338
17	343
17	348
17	353
17	358
17	363
17	368
17	372
17	377
17	381
17	386
17	390
17	394
17	398
17	402
17	406
17	410
17	413
17	417
17	421
17	424
17	428
17	432
17	435
17	439
17	443
17	447
17	451
17	455
17	459
17	464
17	468
17	474
17	479
17	485
17	492
17	499
17	507
17	517
18	189
18	200
18	210
18	220
18	230
18	240
18	250
18	260
18	270
18	279
18	288
18	296
18	303
18	310
18	316
18	322
18	328
18	333
18	339
18	344
18	349
18	353
18	358
18	362
18	366
18	370
18	374
18	378
18	382
18	385
18	389
18	392
18	396
18	399
18	402
18	405
18	408
18	411
18	414
18	417
18	420
18	423
18	426
18	429
18	432
18	435
18	438
18	441
18	444
18	447
18	450
18	454
18	457
18	461
18	465
18	468
18	473
18	477
18	482
18	487
18	493
18	499
18	506
18	514
18	524
19	190
19	201
19	211
19	221
19	230
19	239
19	248
19	257
19	267
19	277
19	286
19	294
19	302
19	309
19	316
19	323
19	330
19	336
19	342
19	347
19	352
19	357
19	362
19	366
19	371
19	375
19	379
19	383
19	387
19	391
19	394
19	398
19	401
19	405
19	408
19	412
19	415
19	419
19	422
19	426
19	429
19	433
19	436
19	440
19	444
19	447
19	452
19	456
19	460
19	465
19	470
19	476
19	482
19	489
19	497
19	506
20	207
20	218
20	228
20	238
20	248
20	258
20	268
20	278
20	288
20	297
20	306
20	314
20	322
20	330
20	337
20	344
20	351
20	357
20	363
20	369
20	374
20	380
20	385
20	390
20	395
20	400
20	405
20	410
20	415
20	420
20	425
20	430
20	435
20	440
20	446
20	452
20	458
20	465
20	473
20	482
20	493
21	207
21	218
21	228
21	238
21	248
21	258
21	268
21	278
21	288
21	298
21	307
21	316
21	325
21	333
21	341
21	349
21	356
21	363
21	370
21	377
21	383
21	389
21	395
21	401
21	407
21	413
21	419
21	425
21	432
21	439
21	446
21	454
21	462
21	471
21	481
22	207
22	218
22	229
22	239
22	249
22	259
22	269
22	279
22	289
22	298
22	307
22	316
22	325
22	333
22	341
22	349
22	357
22	365
22	372
22	379
22	386
22	393
22	400
22	407
22	414
22	421
22	428
22	435
22	442
22	450
22	458
22	467
22	476
22	487
23	210
23	223
23	235
23	247
23	259
23	270
23	280
23	290
23	299
23	308
23	316
23	324
23	332
23	340
23	348
23	355
23	362
23	369
23	375
23	381
23	387
23	393
23	399
23	405
23	411
23	417
23	423
23	429
23	435
23	441
23	447
23	453
23	459
23	466
23	473
23	481
23	490
23	500
23	512
24	216
24	228
24	239
24	250
24	260
24	270
24	279
24	288
24	296
24	304
24	311
24	318
24	325
24	331
24	337
24	343
24	349
24	354
24	360
24	365
24	370
24	374
24	379
24	383
24	388
24	392
24	396
24	400
24	404
24	408
24	412
24	416
24	420
24	424
24	428
24	432
24	436
24	440
24	444
24	448
24	452
24	456
24	460
24	465
24	469
24	474
24	479
24	484
24	490
24	496
24	503
24	510
24	518
24	527
24	537
25	191
25	202
25	212
25	221
25	230
25	239
25	248
25	256
25	264
25	271
25	278
25	284
25	290
25	295
25	301
25	306
25	311
25	316
25	320
25	325
25	329
25	333
25	337
25	341
25	345
25	349
25	352
25	356
25	359
25	362
25	365
25	369
25	371
25	375
25	377
25	381
25	383
25	386
25	389
25	392
25	394
25	397
25	400
25	402
25	405
25	408
25	410
25	413
25	416
25	418
25	421
25	424
25	426
25	429
25	432
25	434
25	437
25	440
25	443
25	445
25	448
25	451
25	454
25	457
25	460
25	463
25	467
25	469
25	474
25	477
25	481
25	485
25	489
25	494
25	498
25	504
25	509
25	515
25	522
25	529
25	537
25	547
26	179
26	190
26	199
26	208
26	216
26	223
26	230
26	237
26	244
26	250
26	256
26	262
26	267
26	272
26	276
26	281
26	284
26	289
26	292
26	296
26	300
26	303
26	306
26	310
26	312
26	316
26	318
26	321
26	324
26	327
26	329
26	332
26	334
26	337
26	339
26	342
26	344
26	347
26	349
26	351
26	354
26	356
26	358
26	361
26	363
26	365
26	367
26	370
26	372
26	374
26	377
26	379
26	381
26	384
26	386
26	388
26	391
26	393
26	395
26	398
26	400
26	402
26	405
26	407
26	409
26	412
26	414
26	416
26	419
26	421
26	424
26	426
26	429
26	431
26	434
26	436
26	439
26	441
26	444
26	446
26	449
26	452
26	455
26	457
26	460
26	464
26	466
26	470
26	473
26	477
26	480
26	484
26	488
26	492
26	497
26	502
26	507
26	513
26	519
26	526
26	534
26	543
26	554
27	197
27	208
27	217
27	226
27	234
27	241
27	248
27	254
27	260
27	264
27	269
27	272
27	276
27	280
27	282
27	286
27	289
27	292
27	295
27	298
27	301
27	303
27	306
27	309
27	311
27	313
27	316
27	318
27	321
27	323
27	325
27	328
27	330
27	332
27	334
27	337
27	339
27	341
27	343
27	346
27	347
27	350
27	352
27	354
27	356
27	359
27	361
27	363
27	366
27	368
27	370
27	373
27	375
27	377
27	380
27	382
27	385
27	387
27	390
27	392
27	395
27	397
27	400
27	403
27	405
27	408
27	411
27	414
27	417
27	420
27	423
27	426
27	429
27	432
27	436
27	439
27	442
27	446
27	449
27	453
27	457
27	461
27	465
27	469
27	474
27	478
27	483
27	488
27	494
27	500
27	507
27	514
27	522
27	531
27	543
28	237
28	247
28	255
28	262
28	268
28	272
28	277
28	281
28	284
28	288
28	291
28	294
28	297
28	301
28	303
28	306
28	309
28	312
28	314
28	318
28	320
28	323
28	326
28	329
28	331
28	334
28	337
28	340
28	342
28	345
28	348
28	351
28	354
28	357
28	360
28	363
28	366
28	369
28	372
28	376
28	378
28	382
28	385
28	389
28	392
28	396
28	399
28	404
28	407
28	412
28	416
28	420
28	425
28	429
28	434
28	438
28	443
28	448
28	453
28	458
28	464
28	470
28	476
28	483
28	490
28	498
28	507
28	517
29	248
29	259
29	268
29	275
29	281
29	287
29	292
29	297
29	301
29	305
29	309
29	313
29	317
29	321
29	325
29	329
29	333
29	337
29	341
29	345
29	349
29	353
29	357
29	361
29	366
29	370
29	375
29	379
29	384
29	389
29	394
29	399
29	405
29	410
29	416
29	422
29	428
29	434
29	440
29	446
29	452
29	459
29	466
29	473
29	480
29	488
29	496
29	505
29	515
29	527
30	268
30	278
30	286
30	293
30	300
30	306
30	312
30	318
30	324
30	330
30	336
30	342
30	347
30	353
30	358
30	364
30	369
30	375
30	381
30	386
30	392
30	397
30	403
30	408
30	414
30	419
30	424
30	430
30	435
30	441
30	446
30	452
30	457
30	463
30	469
30	475
30	481
30	488
30	495
30	503
30	511
30	520
30	530
31	272
31	283
31	292
31	301
31	309
31	317
31	324
31	331
31	337
31	343
31	349
31	355
31	361
31	366
31	371
31	376
31	381
31	385
31	390
31	394
31	398
31	402
31	406
31	410
31	413
31	417
31	420
31	424
31	427
31	431
31	434
31	438
31	441
31	445
31	448
31	452
31	456
31	459
31	463
31	467
31	471
31	475
31	479
31	484
31	489
31	495
31	501
31	507
31	514
31	522
31	531
31	541
32	280
32	291
32	301
32	310
32	318
32	325
32	332
32	338
32	344
32	350
32	355
32	360
32	364
32	369
32	372
32	376
32	380
32	382
32	386
32	389
32	392
32	394
32	398
32	400
32	402
32	405
32	407
32	410
32	412
32	414
32	417
32	419
32	421
32	423
32	426
32	428
32	430
32	433
32	435
32	437
32	440
32	442
32	445
32	447
32	449
32	452
32	455
32	457
32	460
32	463
32	465
32	468
32	471
32	474
32	477
32	481
32	484
32	488
32	492
32	497
32	501
32	506
32	512
32	518
32	525
32	532
32	540
32	550
33	288
33	298
33	306
33	313
33	319
33	324
33	330
33	334
33	339
33	342
33	346
33	350
33	353
33	356
33	360
33	362
33	364
33	368
33	370
33	372
33	374
33	377
33	379
33	381
33	383
33	385
33	387
33	389
33	391
33	392
33	394
33	396
33	398
33	400
33	401
33	403
33	405
33	406
33	408
33	410
33	411
33	413
33	415
33	416
33	418
33	420
33	421
33	423
33	425
33	426
33	428
33	430
33	432
33	434
33	435
33	437
33	439
33	441
33	443
33	445
33	447
33	449
33	451
33	454
33	455
33	458
33	460
33	463
33	465
33	468
33	470
33	474
33	476
33	479
33	483
33	486
33	489
33	494
33	497
33	502
33	507
33	512
33	518
33	524
33	531
33	539
33	548
34	280
34	290
34	298
34	304
34	310
34	313
34	318
34	321
34	324
34	327
34	331
34	332
34	335
34	338
34	341
34	342
34	345
34	347
34	349
34	352
34	353
34	355
34	357
34	359
34	361
34	362
34	364
34	366
34	368
34	369
34	371
34	373
34	374
34	376
34	378
34	379
34	381
34	383
34	384
34	386
34	388
34	389
34	391
34	393
34	394
34	396
34	398
34	399
34	401
34	403
34	405
34	407
34	408
34	410
34	413
34	414
34	416
34	418
34	420
34	422
34	425
34	426
34	429
34	431
34	434
34	436
34	438
34	441
34	444
34	446
34	449
34	452
34	455
34	458
34	461
34	465
34	468
34	473
34	477
34	482
34	487
34	493
34	499
34	506
34	515
34	525
35	270
35	280
35	289
35	295
35	301
35	304
35	309
35	312
35	315
35	319
35	321
35	323
35	326
35	329
35	331
35	332
35	335
35	337
35	339
35	341
35	343
35	345
35	347
35	349
35	351
35	353
35	355
35	357
35	359
35	361
35	363
35	365
35	367
35	369
35	371
35	373
35	375
35	377
35	379
35	382
35	384
35	386
35	388
35	391
35	393
35	395
35	398
35	400
35	403
35	405
35	408
35	411
35	414
35	417
35	419
35	423
35	426
35	429
35	433
35	436
35	440
35	444
35	448
35	453
35	458
35	464
35	470
35	477
35	486
35	497
36	267
36	276
36	283
36	289
36	293
36	298
36	302
36	306
36	310
36	313
36	317
36	321
36	324
36	328
36	331
36	335
36	338
36	342
36	345
36	349
36	352
36	356
36	359
36	363
36	366
36	370
36	373
36	377
36	380
36	384
36	387
36	391
36	395
36	399
36	403
36	407
36	411
36	416
36	420
36	425
36	430
36	436
36	442
36	449
36	456
36	465
36	475
37	266
37	274
37	281
37	285
37	290
37	292
37	296
37	300
37	302
37	306
37	308
37	312
37	314
37	317
37	320
37	323
37	326
37	329
37	332
37	335
37	338
37	341
37	344
37	347
37	350
37	354
37	357
37	360
37	364
37	367
37	371
37	375
37	379
37	383
37	387
37	392
37	396
37	401
37	406
37	412
37	418
37	425
37	432
37	440
37	449
37	460
38	256
38	266
38	273
38	279
38	284
38	289
38	293
38	297
38	301
38	305
38	309
38	313
38	317
38	321
38	325
38	329
38	333
38	337
38	342
38	346
38	351
38	356
38	361
38	367
38	373
38	379
38	385
38	392
38	399
38	407
38	415
38	424
38	435
39	212
39	224
39	235
39	245
39	254
39	263
39	271
39	278
39	283
39	289
39	293
39	298
39	303
39	308
39	313
39	318
39	323
39	328
39	333
39	338
39	344
39	349
39	355
39	361
39	367
39	374
39	381
39	389
39	397
39	406
39	417
40	202
40	213
40	223
40	232
40	241
40	249
40	257
40	265
40	272
40	279
40	285
40	291
40	296
40	302
40	307
40	313
40	318
40	324
40	330
40	336
40	343
40	350
40	357
40	365
40	373
40	382
40	392
40	403
41	232
41	243
41	254
41	265
41	274
41	282
41	289
41	296
41	303
41	310
41	317
41	325
41	333
41	341
41	349
41	358
41	367
41	376
41	386
41	397
42	286
42	296
42	305
42	314
42	323
42	332
42	341
42	350
42	360
42	370
42	384
60	372
61	302
61	313
61	322
61	331
61	339
61	347
61	355
61	363
61	371
61	380
61	389
61	399
62	307
62	318
62	328
62	337
62	346
62	355
62	365
62	375
62	386
63	320
63	332
63	344
63	356
63	367
63	378
63	389
63	400
63	412
64	289
64	299
64	308
64	316
64	324
64	332
64	339
64	346
64	353
64	360
64	367
64	374
64	381
64	388
64	395
64	402
64	409
64	417
64	425
64	434
64	444
64	455
65	284
65	293
65	300
65	306
65	312
65	317
65	322
65	327
65	331
65	336
65	340
65	345
65	349
65	353
65	358
65	362
65	366
65	371
65	375
65	380
65	384
65	389
65	394
65	399
65	405
65	410
65	416
65	422
65	429
65	436
65	444
65	452
65	460
65	469
65	478
65	488
66	282
66	291
66	297
66	302
66	307
66	311
66	315
66	319
66	323
66	327
66	330
66	334
66	338
66	341
66	345
66	349
66	352
66	356
66	360
66	364
66	368
66	372
66	377
66	381
66	386
66	391
66	396
66	402
66	407
66	413
66	419
66	425
66	431
66	437
66	443
66	449
66	455
66	461
66	467
66	474
66	481
66	489
66	498
66	508
67	289
67	299
67	308
67	316
67	324
67	332
67	340
67	348
67	356
67	364
67	372
67	381
67	389
67	397
67	404
67	411
67	417
67	423
67	428
67	433
67	438
67	443
67	447
67	452
67	456
67	461
67	466
67	471
67	477
67	483
67	490
67	498
67	507
68	298
68	309
68	319
68	328
68	337
68	345
68	353
68	361
68	368
68	375
68	381
68	387
68	393
68	398
68	403
68	407
68	411
68	415
68	419
68	422
68	426
68	429
68	432
68	435
68	438
68	442
68	445
68	448
68	452
68	455
68	459
68	463
68	467
68	471
68	476
68	481
68	487
68	494
68	502
68	511
69	287
69	296
69	303
69	310
69	316
69	322
69	327
69	332
69	337
69	342
69	346
69	351
69	354
69	359
69	362
69	366
69	370
69	373
69	377
69	380
69	383
69	387
69	390
69	393
69	396
69	399
69	402
69	404
69	407
69	410
69	412
69	414
69	417
69	419
69	422
69	424
69	426
69	429
69	431
69	434
69	436
69	439
69	442
69	445
69	447
69	451
69	454
69	457
69	461
69	465
69	469
69	474
69	478
69	484
69	490
69	497
69	506
69	517
70	283
70	292
70	299
70	304
70	309
70	313
70	317
70	321
70	324
70	328
70	331
70	334
70	337
70	340
70	343
70	345
70	348
70	351
70	353
70	356
70	358
70	361
70	363
70	365
70	368
70	370
70	372
70	374
70	377
70	379
70	381
70	383
70	385
70	388
70	389
70	392
70	394
70	396
70	398
70	400
70	402
70	404
70	406
70	408
70	410
70	413
70	415
70	417
70	419
70	422
70	424
70	427
70	429
70	432
70	435
70	438
70	441
70	445
70	448
70	452
70	456
70	460
70	465
70	470
70	476
70	482
70	489
70	497
70	507
71	289
71	298
71	304
71	310
71	314
71	319
71	322
71	326
71	330
71	333
71	336
71	340
71	342
71	345
71	348
71	351
71	353
71	356
71	359
71	362
71	364
71	367
71	370
71	372
71	375
71	378
71	380
71	383
71	386
71	388
71	392
71	394
71	398
71	400
71	404
71	407
71	411
71	415
71	419
71	424
71	428
71	434
71	439
71	445
71	452
71	459
71	467
71	475
71	483
71	492
71	502
72	342
72	355
72	448
72	459
72	468
72	476
72	484
72	492
72	500
72	509
72	519
73	421
73	432
73	441
73	449
73	456
73	463
73	469
73	475
73	481
73	487
73	493
73	499
73	506
73	513
73	521
73	531
74	316
74	327
74	338
74	348
74	358
74	367
74	376
74	384
74	392
74	400
74	407
74	414
74	421
74	428
74	434
74	440
74	446
74	452
74	458
74	464
74	470
74	477
74	484
74	492
74	501
74	512
75	300
75	310
75	319
75	327
75	335
75	342
75	349
75	356
75	363
75	370
75	376
75	382
75	388
75	394
75	400
75	406
75	412
75	418
75	425
75	432
75	439
75	447
75	456
75	467
76	336
76	348
76	359
76	370
76	381
76	393
-1	-1
