-1	-1
0	151
0	160
0	166
0	171
0	175
0	180
0	183
0	187
0	190
0	193
0	196
0	199
0	202
0	204
0	207
0	210
0	212
0	214
0	217
0	219
0	222
0	224
0	226
0	229
0	231
0	233
0	236
0	238
0	240
0	243
0	246
0	248
0	251
0	254
0	257
0	259
0	263
0	266
0	269
0	273
0	276
0	280
0	284
0	288
0	293
0	298
0	304
0	310
0	317
0	325
0	334
0	345
1	158
1	166
1	173
1	179
1	183
1	188
1	192
1	196
1	200
1	203
1	207
1	211
1	213
1	217
1	220
1	223
1	226
1	230
1	232
1	236
1	239
1	242
1	246
1	249
1	253
1	257
1	261
1	265
1	269
1	274
1	279
1	285
1	291
1	297
1	304
1	312
1	321
1	332
2	159
2	168
2	174
2	180
2	185
2	190
2	194
2	199
2	203
2	207
2	211
2	215
2	219
2	222
2	226
2	230
2	233
2	237
2	241
2	245
2	249
2	254
2	258
2	263
2	268
2	273
2	279
2	285
2	291
2	298
2	306
2	315
2	325
2	337
3	160
3	169
3	176
3	182
3	188
3	193
3	198
3	203
3	207
3	212
3	216
3	220
3	224
3	228
3	232
3	236
3	240
3	245
3	249
3	254
3	259
3	264
3	269
3	275
3	281
3	288
3	295
3	303
3	312
3	322
4	161
4	170
4	178
4	184
4	190
4	195
4	201
4	206
4	211
4	216
4	221
4	225
4	230
4	235
4	240
4	245
4	250
4	256
4	261
4	267
4	274
4	281
4	289
4	298
4	308
5	161
5	170
5	178
5	184
5	190
5	196
5	201
5	207
5	212
5	217
5	222
5	227
5	232
5	237
5	242
5	248
5	254
5	260
5	267
5	275
5	283
5	292
5	303
6	160
6	170
6	178
6	184
6	190
6	195
6	201
6	206
6	211
6	216
6	221
6	225
6	230
6	235
6	239
6	244
6	249
6	254
6	260
6	266
6	273
6	280
6	288
6	297
6	308
7	159
7	168
7	175
7	181
7	186
7	191
7	195
7	200
7	203
7	208
7	211
7	215
7	219
7	222
7	226
7	229
7	233
7	236
7	240
7	244
7	247
7	251
7	255
7	259
7	264
7	268
7	274
7	279
7	285
7	292
7	299
7	307
7	317
8	159
8	168
8	174
8	180
8	185
8	190
8	194
8	198
8	202
8	205
8	209
8	212
8	216
8	219
8	222
8	225
8	229
8	231
8	235
8	238
8	241
8	244
8	247
8	250
8	254
8	257
8	260
8	264
8	267
8	271
8	275
8	279
8	284
8	289
8	295
8	301
8	308
8	316
8	325
8	336
9	160
9	169
9	176
9	182
9	187
9	192
9	196
9	201
9	204
9	209
9	212
9	216
9	220
9	223
9	227
9	230
9	233
9	236
9	240
9	242
9	246
9	249
9	252
9	256
9	259
9	263
9	266
9	270
9	274
9	278
9	283
9	287
9	292
9	297
9	303
9	309
9	316
9	324
9	334
9	346
9	450
9	462
10	160
10	169
10	176
10	182
10	188
10	193
10	198
10	203
10	207
10	212
10	216
10	220
10	224
10	228
10	232
10	235
10	239
10	243
10	246
10	250
10	254
10	258
10	262
10	266
10	271
10	275
10	280
10	285
10	290
10	296
10	302
10	309
10	317
10	326
10	336
10	408
10	420
10	431
10	441
10	450
10	459
10	467
10	476
10	486
10	497
11	168
11	177
11	184
11	190
11	195
11	201
11	205
11	210
11	214
11	219
11	223
11	227
11	231
11	235
11	239
11	243
11	247
11	252
11	256
11	261
11	266
11	271
11	276
11	281
11	287
11	293
11	299
11	306
11	313
11	321
11	330
11	340
11	353
11	386
11	398
11	409
11	419
11	428
11	436
11	444
11	451
11	458
11	465
11	473
11	481
11	490
11	500
12	169
12	178
12	186
12	193
12	199
12	204
12	210
12	215
12	220
12	225
12	230
12	235
12	240
12	245
12	250
12	255
12	260
12	266
12	271
12	277
12	283
12	289
12	295
12	302
12	309
12	317
12	325
12	334
12	344
12	356
12	421
12	433
12	444
12	454
12	464
12	475
13	170
13	180
13	188
13	194
13	200
13	206
13	211
13	216
13	221
13	226
13	231
13	236
13	241
13	246
13	251
13	257
13	263
13	269
13	275
13	281
13	288
13	295
13	302
13	310
13	318
13	327
13	336
13	346
13	357
14	168
14	178
14	186
14	193
14	200
14	206
14	212
14	217
14	222
14	227
14	232
14	237
14	242
14	247
14	252
14	258
14	263
14	269
14	275
14	281
14	287
14	293
14	299
14	305
14	311
14	318
14	325
14	333
14	341
14	350
14	359
14	369
14	380
14	393
15	168
15	178
15	186
15	193
15	199
15	205
15	211
15	216
15	221
15	226
15	231
15	236
15	241
15	246
15	251
15	257
15	262
15	267
15	272
15	277
15	282
15	287
15	292
15	297
15	302
15	307
15	312
15	317
15	322
15	328
15	334
15	340
15	346
15	353
15	360
15	367
15	374
15	382
15	390
15	398
15	407
15	416
15	426
15	437
15	449
16	170
16	180
16	188
16	195
16	201
16	207
16	213
16	219
16	224
16	230
16	235
16	241
16	246
16	252
16	257
16	262
16	267
16	272
16	276
16	281
16	284
16	289
16	292
16	297
16	300
16	304
16	308
16	312
16	316
16	320
16	324
16	328
16	332
16	336
16	340
16	345
16	349
16	354
16	358
16	363
16	367
16	372
16	377
16	382
16	387
16	392
16	398
16	404
16	410
16	416
16	423
16	430
16	437
16	445
16	453
16	461
16	469
16	478
16	488
17	172
17	182
17	191
17	199
17	206
17	213
17	220
17	227
17	234
17	241
17	248
17	255
17	262
17	268
17	273
17	279
17	283
17	288
17	292
17	296
17	300
17	303
17	307
17	311
17	314
17	318
17	321
17	325
17	328
17	332
17	335
17	339
17	342
17	346
17	349
17	353
17	356
17	360
17	363
17	367
17	370
17	374
17	377
17	381
17	385
17	388
17	392
17	396
17	400
17	404
17	408
17	412
17	416
17	420
17	425
17	429
17	434
17	438
17	443
17	448
17	453
17	458
17	463
17	468
17	473
17	479
17	485
17	491
17	498
17	506
17	515
17	526
18	187
18	198
18	208
18	217
18	226
18	235
18	244
18	253
18	262
18	271
18	279
18	286
18	293
18	299
18	305
18	310
18	315
18	320
18	324
18	329
18	333
18	337
18	341
18	345
18	349
18	353
18	357
18	361
18	364
18	368
18	371
18	375
18	378
18	382
18	385
18	389
18	392
18	396
18	399
18	403
18	406
18	410
18	413
18	417
18	420
18	424
18	427
18	431
18	434
18	438
18	442
18	445
18	449
18	453
18	457
18	461
18	465
18	469
18	473
18	477
18	482
18	486
18	491
18	496
18	502
18	508
18	515
18	523
18	533
19	197
19	208
19	218
19	228
19	238
19	248
19	259
19	270
19	280
19	290
19	300
19	309
19	317
19	325
19	332
19	339
19	346
19	352
19	358
19	363
19	368
19	373
19	378
19	383
19	387
19	392
19	396
19	401
19	405
19	410
19	414
19	419
19	423
19	428
19	432
19	436
19	440
19	444
19	448
19	452
19	456
19	460
19	464
19	468
19	473
19	477
19	482
19	487
19	492
19	498
19	504
19	511
19	519
19	528
20	201
20	212
20	223
20	233
20	243
20	254
20	265
20	276
20	286
20	296
20	306
20	316
20	326
20	336
20	345
20	354
20	363
20	371
20	379
20	387
20	394
20	401
20	408
20	415
20	422
20	429
20	436
20	442
20	449
20	455
20	461
20	467
20	473
20	480
20	487
20	495
20	504
20	514
21	218
21	230
21	241
21	253
21	264
21	275
21	285
21	295
21	305
21	315
21	325
21	334
21	343
21	352
21	361
21	370
21	378
21	386
21	394
21	402
21	410
21	418
21	426
21	434
21	442
21	450
21	457
21	464
21	471
21	479
21	487
21	496
21	506
22	207
22	219
22	230
22	241
22	252
22	263
22	273
22	283
22	292
22	301
22	310
22	319
22	328
22	337
22	346
22	354
22	362
22	370
22	378
22	385
22	392
22	399
22	406
22	413
22	420
22	427
22	434
22	441
22	447
22	453
22	459
22	465
22	471
22	477
22	483
22	490
22	497
22	505
22	514
22	525
23	188
23	199
23	209
23	218
23	227
23	236
23	245
23	253
23	261
23	269
23	276
23	283
23	290
23	297
23	303
23	310
23	316
23	322
23	328
23	334
23	340
23	346
23	352
23	358
23	364
23	370
23	376
23	382
23	387
23	393
23	398
23	404
23	409
23	415
23	420
23	426
23	431
23	436
23	441
23	446
23	451
23	456
23	461
23	466
23	471
23	476
23	481
23	486
23	492
23	498
23	505
23	512
23	520
23	529
24	177
24	187
24	196
24	204
24	211
24	218
24	225
24	231
24	237
24	243
24	249
24	254
24	260
24	265
24	270
24	275
24	280
24	284
24	289
24	293
24	298
24	302
24	306
24	310
24	314
24	318
24	322
24	326
24	330
24	334
24	338
24	342
24	346
24	350
24	354
24	358
24	362
24	366
24	370
24	374
24	378
24	382
24	386
24	390
24	394
24	398
24	402
24	406
24	410
24	414
24	418
24	422
24	426
24	430
24	434
24	438
24	442
24	446
24	450
24	454
24	458
24	462
24	466
24	470
24	474
24	478
24	482
24	486
24	490
24	495
24	500
24	505
24	511
24	517
24	524
24	532
24	541
25	168
25	177
25	184
25	191
25	197
25	202
25	207
25	212
25	217
25	221
25	226
25	230
25	234
25	238
25	242
25	246
25	250
25	253
25	257
25	260
25	264
25	267
25	271
25	273
25	277
25	280
25	283
25	286
25	289
25	292
25	295
25	298
25	301
25	303
25	306
25	309
25	311
25	314
25	317
25	319
25	322
25	325
25	327
25	330
25	333
25	335
25	338
25	341
25	343
25	346
25	349
25	351
25	354
25	357
25	359
25	362
25	365
25	368
25	370
25	374
25	376
25	379
25	382
25	385
25	388
25	391
25	394
25	397
25	400
25	403
25	406
25	409
25	412
25	415
25	418
25	421
25	425
25	428
25	431
25	435
25	438
25	441
25	445
25	448
25	451
25	455
25	458
25	462
25	465
25	469
25	472
25	476
25	479
25	483
25	487
25	491
25	495
25	499
25	504
25	509
25	515
25	521
25	528
25	536
25	545
26	162
26	171
26	179
26	185
26	191
26	196
26	201
26	205
26	210
26	214
26	218
26	222
26	226
26	230
26	233
26	237
26	240
26	244
26	247
26	251
26	254
26	257
26	261
26	263
26	267
26	269
26	272
26	275
26	278
26	280
26	283
26	286
26	288
26	291
26	294
26	296
26	299
26	301
26	304
26	306
26	309
26	311
26	314
26	316
26	319
26	321
26	324
26	326
26	329
26	331
26	334
26	337
26	339
26	342
26	345
26	347
26	350
26	353
26	355
26	358
26	361
26	364
26	366
26	369
26	372
26	375
26	377
26	380
26	383
26	386
26	389
26	392
26	395
26	398
26	401
26	404
26	407
26	410
26	413
26	416
26	419
26	423
26	426
26	430
26	433
26	437
26	440
26	444
26	448
26	452
26	456
26	460
26	464
26	468
26	472
26	476
26	481
26	485
26	490
26	495
26	500
26	506
26	512
26	519
26	527
26	536
27	166
27	176
27	184
27	192
27	199
27	205
27	211
27	217
27	223
27	228
27	234
27	239
27	245
27	250
27	256
27	261
27	266
27	270
27	274
27	279
27	282
27	287
27	290
27	294
27	298
27	302
27	306
27	310
27	314
27	318
27	322
27	326
27	330
27	334
27	338
27	342
27	346
27	350
27	354
27	358
27	362
27	366
27	370
27	374
27	378
27	382
27	386
27	390
27	394
27	398
27	403
27	407
27	412
27	416
27	421
27	426
27	431
27	436
27	441
27	446
27	451
27	456
27	461
27	466
27	471
27	477
27	483
27	489
27	495
27	502
27	509
27	517
27	526
28	197
28	208
28	218
28	228
28	238
28	248
28	258
28	267
28	275
28	282
28	289
28	296
28	302
28	308
28	314
28	320
28	326
28	332
28	338
28	344
28	350
28	356
28	362
28	368
28	374
28	380
28	385
28	391
28	396
28	401
28	406
28	411
28	416
28	421
28	426
28	431
28	436
28	441
28	446
28	451
28	456
28	461
28	466
28	471
28	476
28	481
28	486
28	492
28	498
28	504
28	511
28	518
28	526
28	536
29	231
29	256
29	267
29	277
29	287
29	296
29	304
29	312
29	320
29	327
29	334
29	341
29	347
29	353
29	359
29	364
29	370
29	375
29	380
29	385
29	390
29	394
29	399
29	403
29	407
29	411
29	415
29	419
29	423
29	427
29	431
29	434
29	438
29	442
29	445
29	449
29	452
29	456
29	459
29	463
29	466
29	470
29	473
29	477
29	480
29	484
29	488
29	492
29	496
29	501
29	506
29	511
29	517
29	523
29	530
29	538
29	547
30	257
30	268
30	278
30	288
30	297
30	305
30	312
30	319
30	325
30	331
30	337
30	342
30	347
30	352
30	356
30	361
30	365
30	369
30	373
30	377
30	381
30	384
30	388
30	391
30	394
30	398
30	401
30	403
30	407
30	409
30	412
30	415
30	418
30	420
30	423
30	426
30	428
30	431
30	433
30	436
30	438
30	441
30	443
30	446
30	448
30	451
30	453
30	456
30	458
30	461
30	463
30	466
30	468
30	471
30	474
30	476
30	479
30	482
30	485
30	488
30	491
30	495
30	498
30	502
30	506
30	510
30	515
30	519
30	525
30	530
30	537
30	544
30	553
30	564
31	256
31	267
31	277
31	286
31	294
31	301
31	307
31	312
31	317
31	322
31	326
31	331
31	334
31	338
31	342
31	345
31	349
31	352
31	355
31	358
31	361
31	363
31	366
31	369
31	371
31	374
31	376
31	379
31	381
31	383
31	386
31	388
31	390
31	392
31	394
31	396
31	398
31	400
31	402
31	404
31	406
31	408
31	410
31	412
31	414
31	416
31	418
31	420
31	422
31	424
31	426
31	428
31	430
31	432
31	434
31	436
31	438
31	440
31	442
31	444
31	446
31	448
31	450
31	453
31	454
31	457
31	459
31	461
31	464
31	466
31	468
31	470
31	473
31	475
31	478
31	480
31	483
31	486
31	488
31	491
31	495
31	497
31	501
31	505
31	508
31	513
31	517
31	522
31	527
31	533
31	540
31	548
31	558
32	196
32	207
32	218
32	228
32	238
32	248
32	258
32	267
32	275
32	282
32	289
32	295
32	301
32	304
32	309
32	312
32	316
32	319
32	322
32	325
32	328
32	331
32	332
32	336
32	338
32	340
32	342
32	345
32	347
32	349
32	351
32	353
32	355
32	357
32	359
32	361
32	363
32	365
32	367
32	369
32	371
32	372
32	374
32	376
32	378
32	379
32	381
32	383
32	385
32	386
32	388
32	390
32	392
32	393
32	395
32	397
32	399
32	400
32	402
32	404
32	406
32	408
32	409
32	412
32	413
32	415
32	417
32	419
32	421
32	423
32	425
32	427
32	429
32	431
32	434
32	435
32	438
32	440
32	442
32	445
32	447
32	449
32	452
32	454
32	457
32	459
32	462
32	465
32	467
32	470
32	473
32	476
32	479
32	482
32	486
32	489
32	493
32	497
32	501
32	506
32	511
32	517
32	523
32	530
32	539
32	550
33	187
33	198
33	208
33	218
33	227
33	236
33	245
33	254
33	262
33	270
33	276
33	282
33	287
33	291
33	295
33	299
33	302
33	306
33	309
33	312
33	315
33	318
33	321
33	323
33	326
33	329
33	331
33	334
33	336
33	339
33	341
33	344
33	346
33	349
33	351
33	353
33	356
33	358
33	361
33	363
33	365
33	368
33	370
33	373
33	375
33	377
33	380
33	382
33	385
33	387
33	390
33	392
33	395
33	397
33	400
33	402
33	405
33	408
33	410
33	413
33	416
33	419
33	422
33	425
33	428
33	431
33	435
33	437
33	441
33	444
33	448
33	451
33	455
33	459
33	463
33	467
33	471
33	476
33	480
33	486
33	491
33	497
33	504
33	512
33	522
34	186
34	197
34	207
34	216
34	225
34	233
34	241
34	249
34	256
34	263
34	269
34	274
34	279
34	283
34	287
34	291
34	293
34	297
34	300
34	302
34	306
34	308
34	311
34	313
34	316
34	319
34	321
34	324
34	326
34	329
34	331
34	334
34	336
34	339
34	341
34	344
34	346
34	349
34	351
34	354
34	356
34	359
34	361
34	364
34	367
34	369
34	372
34	375
34	377
34	380
34	383
34	386
34	389
34	392
34	395
34	398
34	402
34	405
34	409
34	412
34	416
34	420
34	424
34	428
34	433
34	437
34	442
34	447
34	452
34	457
34	463
34	469
34	476
34	483
34	491
34	500
35	180
35	190
35	199
35	207
35	215
35	222
35	229
35	235
35	241
35	247
35	253
35	258
35	263
35	267
35	271
35	274
35	278
35	281
35	284
35	288
35	290
35	294
35	296
35	300
35	302
35	305
35	308
35	311
35	314
35	317
35	320
35	323
35	326
35	329
35	332
35	336
35	339
35	342
35	346
35	349
35	353
35	356
35	360
35	364
35	368
35	372
35	376
35	380
35	385
35	389
35	394
35	399
35	404
35	409
35	415
35	421
35	427
35	434
35	441
35	449
35	457
35	466
35	476
36	183
36	193
36	202
36	210
36	217
36	223
36	229
36	234
36	239
36	243
36	248
36	252
36	256
36	260
36	263
36	266
36	270
36	272
36	276
36	278
36	281
36	284
36	287
36	289
36	292
36	295
36	298
36	300
36	304
36	306
36	309
36	312
36	315
36	318
36	321
36	324
36	327
36	331
36	334
36	338
36	341
36	345
36	349
36	353
36	357
36	362
36	366
36	371
36	376
36	381
36	386
36	392
36	398
36	404
36	411
36	418
36	426
36	434
36	443
36	453
36	465
37	181
37	191
37	199
37	206
37	213
37	219
37	225
37	230
37	234
37	239
37	243
37	247
37	251
37	255
37	259
37	262
37	266
37	269
37	272
37	275
37	278
37	281
37	284
37	287
37	290
37	294
37	297
37	300
37	304
37	307
37	311
37	315
37	318
37	323
37	326
37	331
37	335
37	340
37	345
37	350
37	355
37	360
37	366
37	372
37	378
37	385
37	392
37	399
37	407
37	415
37	424
37	434
37	445
38	172
38	182
38	191
38	199
38	205
38	211
38	217
38	223
38	229
38	234
38	239
38	244
38	249
38	254
38	259
38	263
38	268
38	272
38	277
38	281
38	286
38	290
38	295
38	299
38	304
38	309
38	314
38	319
38	324
38	329
38	335
38	341
38	347
38	353
38	359
38	366
38	373
38	380
38	388
38	396
38	405
38	415
38	425
38	437
39	171
39	182
39	192
39	201
39	209
39	217
39	225
39	233
39	241
39	249
39	257
39	264
39	271
39	278
39	284
39	291
39	297
39	304
39	311
39	318
39	325
39	332
39	340
39	348
39	357
39	366
39	376
39	386
39	397
39	408
40	171
40	182
40	193
40	203
40	212
40	221
40	231
40	241
40	251
40	261
40	270
40	279
40	287
40	295
40	303
40	311
40	319
40	327
40	335
40	344
40	353
40	362
40	372
40	382
40	393
41	188
41	199
41	209
41	219
41	229
41	239
41	250
41	260
41	270
41	279
41	288
41	297
41	306
41	315
41	324
41	334
41	344
41	355
41	366
41	378
42	192
42	203
42	213
42	223
42	233
42	244
42	256
42	267
42	278
42	288
42	298
42	309
42	320
42	331
42	342
42	354
42	366
42	379
47	219
47	230
47	241
47	252
47	264
47	276
47	288
47	302
48	221
48	233
48	245
48	258
48	271
48	285
54	267
54	279
54	291
54	303
54	316
55	248
55	260
55	271
55	281
55	291
55	301
55	311
55	321
55	331
55	342
55	354
56	276
56	287
56	298
56	308
56	318
56	328
56	338
56	349
56	360
56	372
56	384
62	282
62	293
62	304
62	314
62	324
62	334
62	344
62	354
62	364
62	374
62	384
62	395
62	406
63	287
63	298
63	307
63	316
63	324
63	332
63	340
63	348
63	356
63	364
63	372
63	380
63	388
63	397
63	406
63	416
63	427
64	288
64	299
64	310
64	320
64	330
64	339
64	348
64	357
64	366
64	375
64	384
64	394
64	404
64	416
65	259
65	269
65	278
65	286
65	294
65	301
65	308
65	315
65	322
65	329
65	336
65	344
65	352
65	360
65	369
65	378
65	388
65	399
66	256
66	265
66	272
66	279
66	284
66	290
66	294
66	299
66	304
66	308
66	313
66	317
66	322
66	326
66	331
66	335
66	340
66	344
66	349
66	354
66	359
66	364
66	369
66	374
66	380
66	386
66	392
66	398
66	405
66	412
66	420
66	428
66	437
66	446
66	455
66	465
66	475
66	486
67	267
67	276
67	283
67	289
67	294
67	299
67	303
67	307
67	311
67	315
67	319
67	322
67	326
67	329
67	333
67	336
67	340
67	343
67	347
67	350
67	354
67	357
67	361
67	364
67	368
67	371
67	375
67	379
67	383
67	387
67	391
67	396
67	400
67	405
67	410
67	415
67	420
67	426
67	432
67	438
67	444
67	450
67	457
67	464
67	471
67	478
67	485
67	492
67	500
67	509
67	519
68	278
68	288
68	297
68	305
68	312
68	319
68	325
68	331
68	337
68	343
68	349
68	355
68	361
68	367
68	373
68	379
68	385
68	391
68	397
68	404
68	411
68	418
68	425
68	431
68	437
68	443
68	449
68	454
68	459
68	464
68	469
68	474
68	479
68	484
68	489
68	494
68	499
68	505
68	511
68	518
68	526
68	536
69	271
69	281
69	290
69	298
69	306
69	313
69	320
69	327
69	334
69	341
69	348
69	354
69	361
69	367
69	373
69	379
69	385
69	391
69	397
69	402
69	408
69	413
69	418
69	423
69	427
69	432
69	435
69	440
69	443
69	447
69	451
69	454
69	457
69	461
69	463
69	467
69	470
69	473
69	476
69	480
69	483
69	487
69	490
69	495
69	498
69	503
69	508
69	513
69	519
69	526
69	534
69	544
70	268
70	276
70	283
70	289
70	294
70	299
70	303
70	308
70	312
70	316
70	320
70	324
70	327
70	331
70	334
70	338
70	341
70	345
70	348
70	352
70	355
70	359
70	362
70	365
70	369
70	372
70	375
70	378
70	381
70	384
70	387
70	390
70	393
70	396
70	399
70	402
70	404
70	408
70	410
70	413
70	416
70	418
70	421
70	423
70	426
70	428
70	431
70	433
70	435
70	438
70	440
70	442
70	445
70	447
70	449
70	452
70	454
70	457
70	459
70	462
70	464
70	467
70	469
70	473
70	475
70	478
70	482
70	485
70	488
70	492
70	496
70	500
70	505
70	510
70	516
70	522
70	529
70	538
71	267
71	274
71	281
71	284
71	289
71	292
71	296
71	299
71	302
71	305
71	308
71	311
71	313
71	316
71	318
71	321
71	323
71	325
71	328
71	330
71	332
71	334
71	337
71	338
71	341
71	343
71	345
71	347
71	349
71	351
71	353
71	355
71	357
71	359
71	361
71	363
71	365
71	367
71	369
71	371
71	373
71	374
71	377
71	378
71	380
71	382
71	384
71	386
71	387
71	389
71	391
71	393
71	394
71	396
71	398
71	400
71	401
71	403
71	405
71	407
71	408
71	410
71	412
71	413
71	415
71	417
71	418
71	420
71	422
71	423
71	425
71	427
71	428
71	430
71	432
71	434
71	435
71	437
71	439
71	441
71	443
71	445
71	447
71	449
71	451
71	454
71	456
71	458
71	461
71	464
71	466
71	469
71	472
71	475
71	478
71	482
71	486
71	489
71	494
71	498
71	503
71	508
71	514
71	521
71	529
71	539
72	270
72	279
72	285
72	291
72	294
72	299
72	302
72	306
72	309
72	312
72	315
72	318
72	321
72	323
72	326
72	328
72	331
72	333
72	335
72	338
72	340
72	342
72	344
72	346
72	349
72	350
72	352
72	355
72	356
72	359
72	360
72	362
72	364
72	366
72	368
72	370
72	372
72	374
72	376
72	378
72	380
72	382
72	383
72	386
72	387
72	389
72	391
72	393
72	395
72	397
72	399
72	400
72	403
72	405
72	406
72	409
72	410
72	413
72	415
72	416
72	419
72	421
72	423
72	425
72	428
72	430
72	432
72	435
72	437
72	440
72	443
72	446
72	449
72	452
72	456
72	459
72	463
72	467
72	471
72	476
72	480
72	485
72	490
72	495
72	500
72	506
72	512
72	518
72	525
72	533
72	543
73	312
73	323
73	333
73	342
73	351
73	360
73	368
73	376
73	385
73	394
73	404
73	414
73	425
73	437
73	448
73	458
73	467
73	475
73	482
73	488
73	494
73	499
73	504
73	509
73	514
73	519
73	525
73	531
73	537
73	544
73	552
73	562
74	431
74	441
74	450
74	458
74	464
74	470
74	475
74	481
74	485
74	490
74	494
74	498
74	502
74	506
74	510
74	514
74	518
74	522
74	527
74	531
74	536
74	542
74	548
74	555
74	563
74	573
75	272
75	282
75	291
75	299
75	306
75	313
75	320
75	327
75	334
75	341
75	348
75	355
75	362
75	369
75	376
75	383
75	390
75	397
75	404
75	411
75	418
75	425
75	432
75	439
75	445
75	451
75	457
75	462
75	468
75	473
75	478
75	484
75	489
75	495
75	501
75	507
75	513
75	520
75	527
75	535
75	545
76	282
76	292
76	301
76	309
76	317
76	324
76	331
76	338
76	345
76	352
76	359
76	366
76	373
76	380
76	387
76	394
76	402
76	410
76	418
76	426
76	434
76	442
76	451
76	461
76	473
-1	-1
