-1	-1
0	181
0	191
0	200
0	208
0	215
0	222
0	229
0	235
0	241
0	247
0	253
0	259
0	265
0	272
0	279
0	287
0	295
0	304
0	314
0	325
1	198
1	209
1	219
1	228
1	237
1	245
1	253
1	262
1	271
1	281
1	292
2	202
2	213
2	223
2	233
2	242
2	251
2	260
2	270
2	280
2	293
3	200
3	211
3	221
3	230
3	239
3	248
3	257
3	266
3	276
3	287
4	192
4	203
4	213
4	222
4	230
4	238
4	246
4	254
4	262
4	270
4	279
4	288
4	298
5	182
5	192
5	201
5	209
5	217
5	224
5	231
5	237
5	243
5	249
5	255
5	261
5	268
5	275
5	282
5	290
5	299
5	308
5	318
6	173
6	183
6	191
6	199
6	206
6	212
6	218
6	224
6	229
6	234
6	239
6	244
6	249
6	254
6	259
6	265
6	270
6	276
6	282
6	289
6	296
6	304
6	312
6	321
6	331
6	341
6	352
6	365
7	167
7	176
7	183
7	190
7	196
7	201
7	206
7	211
7	216
7	221
7	225
7	229
7	233
7	237
7	241
7	245
7	249
7	253
7	257
7	261
7	265
7	269
7	274
7	278
7	283
7	288
7	293
7	299
7	305
7	311
7	318
7	325
7	332
7	340
7	348
7	356
7	364
7	373
7	382
7	391
7	401
7	411
7	421
7	432
7	444
8	160
8	169
8	176
8	182
8	187
8	192
8	196
8	201
8	204
8	209
8	212
8	216
8	220
8	223
8	226
8	230
8	232
8	236
8	238
8	242
8	244
8	247
8	250
8	253
8	256
8	259
8	262
8	265
8	268
8	271
8	275
8	278
8	282
8	285
8	289
8	293
8	297
8	301
8	306
8	310
8	315
8	320
8	325
8	330
8	336
8	341
8	347
8	353
8	359
8	365
8	371
8	377
8	384
8	391
8	398
8	406
8	414
8	422
8	430
8	438
8	447
8	456
8	467
9	160
9	169
9	175
9	181
9	185
9	190
9	194
9	198
9	202
9	205
9	209
9	212
9	215
9	219
9	221
9	225
9	227
9	231
9	233
9	236
9	239
9	241
9	244
9	247
9	249
9	252
9	255
9	257
9	260
9	263
9	265
9	268
9	271
9	274
9	277
9	280
9	283
9	286
9	289
9	293
9	296
9	299
9	303
9	306
9	310
9	314
9	317
9	321
9	325
9	329
9	333
9	337
9	342
9	346
9	351
9	356
9	361
9	366
9	371
9	376
9	381
9	386
9	392
9	397
9	403
9	409
9	415
9	421
9	427
9	434
9	441
9	448
9	455
9	463
9	472
9	483
10	158
10	166
10	172
10	177
10	182
10	185
10	190
10	193
10	197
10	200
10	203
10	207
10	210
10	212
10	216
10	218
10	221
10	224
10	226
10	229
10	232
10	234
10	237
10	240
10	242
10	245
10	248
10	250
10	253
10	255
10	258
10	261
10	263
10	266
10	269
10	271
10	275
10	277
10	280
10	284
10	286
10	290
10	293
10	296
10	300
10	303
10	307
10	310
10	314
10	317
10	321
10	325
10	328
10	332
10	336
10	340
10	344
10	348
10	352
10	356
10	360
10	364
10	368
10	373
10	377
10	382
10	386
10	391
10	396
10	401
10	407
10	412
10	418
10	424
10	430
10	436
10	442
10	449
10	456
10	464
10	472
10	482
11	158
11	167
11	173
11	179
11	183
11	188
11	192
11	196
11	200
11	203
11	206
11	210
11	212
11	215
11	218
11	221
11	223
11	226
11	229
11	231
11	234
11	236
11	239
11	241
11	244
11	246
11	249
11	251
11	253
11	256
11	258
11	260
11	263
11	265
11	267
11	270
11	272
11	274
11	277
11	279
11	281
11	284
11	286
11	289
11	291
11	294
11	296
11	299
11	302
11	304
11	307
11	310
11	312
11	316
11	318
11	321
11	324
11	327
11	330
11	333
11	336
11	339
11	343
11	346
11	349
11	353
11	356
11	360
11	363
11	367
11	370
11	374
11	378
11	382
11	386
11	390
11	394
11	398
11	402
11	407
11	411
11	416
11	421
11	426
11	431
11	436
11	442
11	447
11	453
11	459
11	466
11	474
11	483
11	493
12	157
12	166
12	172
12	178
12	183
12	188
12	192
12	196
12	200
12	203
12	206
12	210
12	212
12	216
12	218
12	222
12	224
12	227
12	230
12	233
12	235
12	238
12	241
12	243
12	246
12	249
12	251
12	253
12	256
12	258
12	261
12	263
12	266
12	268
12	271
12	273
12	276
12	278
12	281
12	283
12	286
12	288
12	291
12	294
12	296
12	299
12	302
12	304
12	307
12	310
12	313
12	315
12	319
12	321
12	324
12	327
12	330
12	333
12	336
12	339
12	342
12	345
12	348
12	351
12	355
12	357
12	361
12	364
12	368
12	371
12	375
12	379
12	383
12	387
12	391
12	395
12	399
12	404
12	409
12	414
12	420
12	426
12	432
12	439
12	446
12	454
12	463
12	473
13	161
13	170
13	178
13	184
13	190
13	195
13	200
13	204
13	209
13	212
13	217
13	220
13	224
13	228
13	231
13	235
13	238
13	242
13	245
13	248
13	252
13	255
13	258
13	262
13	265
13	268
13	272
13	275
13	278
13	282
13	285
13	288
13	292
13	295
13	298
13	302
13	305
13	308
13	312
13	315
13	318
13	322
13	325
13	328
13	332
13	335
13	339
13	342
13	346
13	349
13	353
13	357
13	361
13	365
13	369
13	374
13	378
13	383
13	388
13	393
13	399
13	405
13	412
13	419
13	427
13	436
13	447
14	166
14	175
14	182
14	189
14	194
14	200
14	204
14	209
14	213
14	218
14	222
14	226
14	231
14	235
14	239
14	243
14	247
14	252
14	256
14	261
14	265
14	270
14	274
14	279
14	283
14	288
14	292
14	297
14	301
14	305
14	310
14	314
14	318
14	322
14	326
14	330
14	334
14	338
14	342
14	347
14	351
14	356
14	360
14	365
14	370
14	376
14	382
14	388
14	395
14	402
14	410
14	419
14	429
15	166
15	175
15	182
15	189
15	194
15	200
15	205
15	210
15	215
15	220
15	224
15	229
15	233
15	238
15	242
15	247
15	251
15	256
15	261
15	266
15	271
15	276
15	281
15	286
15	291
15	296
15	301
15	305
15	310
15	314
15	319
15	323
15	327
15	332
15	336
15	340
15	345
15	349
15	354
15	358
15	364
15	369
15	375
15	381
15	387
15	394
15	402
15	410
15	419
15	429
16	168
16	178
16	186
16	193
16	200
16	206
16	212
16	217
16	222
16	227
16	232
16	237
16	242
16	246
16	251
16	255
16	260
16	264
16	269
16	274
16	278
16	283
16	288
16	293
16	298
16	303
16	307
16	312
16	317
16	322
16	327
16	332
16	337
16	342
16	347
16	353
16	359
16	365
16	372
16	379
16	387
16	395
16	404
16	414
16	426
17	178
17	188
17	197
17	205
17	212
17	219
17	225
17	231
17	237
17	242
17	248
17	253
17	258
17	263
17	268
17	273
17	278
17	284
17	289
17	295
17	301
17	307
17	314
17	321
17	328
17	336
17	344
17	353
17	363
17	373
17	384
18	181
18	191
18	200
18	208
18	216
18	223
18	230
18	236
18	242
18	248
18	254
18	260
18	266
18	272
18	278
18	285
18	292
18	300
18	308
18	317
18	327
18	338
19	186
19	196
19	205
19	213
19	221
19	228
19	235
19	242
19	249
19	256
19	263
19	270
19	277
19	285
19	294
19	304
19	315
19	327
20	188
20	199
20	209
20	218
20	226
20	234
20	242
20	250
20	258
20	266
20	275
20	284
20	294
20	304
20	315
20	327
21	192
21	203
21	213
21	223
21	232
21	241
21	250
21	258
21	266
21	274
21	283
21	292
21	301
21	310
21	320
21	330
21	340
21	350
21	361
21	372
21	384
21	397
22	190
22	201
22	211
22	220
22	229
22	237
22	245
22	252
22	259
22	266
22	273
22	280
22	287
22	294
22	301
22	308
22	315
22	322
22	329
22	336
22	343
22	350
22	358
22	366
22	374
22	382
22	390
22	398
22	406
22	414
22	423
22	432
22	441
22	451
22	464
23	180
23	190
23	198
23	206
23	213
23	220
23	226
23	232
23	238
23	243
23	248
23	253
23	258
23	262
23	267
23	271
23	275
23	279
23	283
23	287
23	291
23	295
23	299
23	303
23	307
23	311
23	315
23	319
23	324
23	328
23	333
23	337
23	342
23	347
23	352
23	357
23	362
23	367
23	373
23	378
23	384
23	390
23	396
23	402
23	408
23	414
23	420
23	427
23	434
23	441
23	448
23	456
23	465
23	475
24	173
24	183
24	191
24	198
24	204
24	210
24	215
24	220
24	225
24	230
24	234
24	239
24	242
24	246
24	250
24	253
24	257
24	260
24	263
24	266
24	269
24	272
24	274
24	277
24	280
24	282
24	285
24	288
24	290
24	293
24	296
24	298
24	301
24	304
24	307
24	309
24	313
24	315
24	318
24	321
24	324
24	327
24	330
24	334
24	336
24	340
24	343
24	347
24	350
24	354
24	357
24	361
24	365
24	369
24	373
24	377
24	381
24	385
24	389
24	394
24	398
24	403
24	407
24	412
24	417
24	422
24	427
24	433
24	438
24	444
24	450
24	456
24	463
24	471
24	480
24	490
25	178
25	188
25	196
25	203
25	210
25	216
25	222
25	227
25	232
25	237
25	241
25	245
25	249
25	253
25	256
25	260
25	263
25	266
25	269
25	272
25	275
25	278
25	281
25	284
25	287
25	290
25	293
25	296
25	299
25	302
25	305
25	308
25	311
25	314
25	317
25	320
25	323
25	326
25	329
25	333
25	336
25	339
25	343
25	346
25	350
25	353
25	357
25	360
25	364
25	368
25	372
25	376
25	380
25	384
25	388
25	392
25	397
25	401
25	406
25	410
25	415
25	420
25	425
25	431
25	437
25	443
25	449
25	455
25	462
25	469
25	477
25	486
25	496
26	188
26	198
26	207
26	215
26	223
26	231
26	239
26	246
26	253
26	260
26	266
26	272
26	278
26	284
26	290
26	296
26	302
26	308
26	314
26	320
26	325
26	331
26	336
26	342
26	347
26	353
26	358
26	364
26	369
26	375
26	380
26	386
26	391
26	397
26	403
26	409
26	415
26	421
26	427
26	433
26	439
26	445
26	451
26	458
26	465
26	472
26	480
26	489
26	499
27	208
27	219
27	230
27	241
27	251
27	261
27	271
27	281
27	291
27	301
27	311
27	321
27	331
27	341
27	351
27	360
27	369
27	378
27	386
27	394
27	401
27	408
27	415
27	422
27	429
27	435
27	441
27	447
27	453
27	460
27	467
27	475
27	483
27	492
27	503
28	228
28	240
28	251
28	262
28	274
28	287
28	329
28	341
28	352
28	362
28	371
28	380
28	388
28	396
28	403
28	410
28	417
28	423
28	429
28	435
28	441
28	446
28	452
28	457
28	463
28	469
28	476
28	483
28	491
28	500
28	513
29	231
29	243
29	254
29	265
29	276
29	288
29	326
29	338
29	349
29	359
29	368
29	376
29	383
29	390
29	396
29	402
29	408
29	414
29	420
29	426
29	432
29	437
29	443
29	448
29	454
29	460
29	466
29	473
29	481
29	489
29	499
30	248
30	260
30	273
30	328
30	339
30	349
30	358
30	365
30	372
30	379
30	385
30	391
30	397
30	403
30	409
30	415
30	421
30	428
30	435
30	442
30	450
30	459
30	469
30	480
31	251
31	312
31	323
31	333
31	341
31	349
31	355
31	361
31	366
31	371
31	376
31	381
31	386
31	391
31	396
31	401
31	406
31	412
31	418
31	424
31	431
31	439
31	448
31	459
32	236
32	248
32	260
32	273
32	296
32	308
32	318
32	327
32	334
32	341
32	347
32	352
32	357
32	362
32	366
32	371
32	375
32	380
32	384
32	389
32	393
32	398
32	403
32	408
32	414
32	420
32	427
32	435
32	444
32	455
33	221
33	232
33	242
33	252
33	262
33	272
33	282
33	292
33	302
33	311
33	319
33	326
33	332
33	338
33	343
33	348
33	353
33	358
33	363
33	368
33	373
33	378
33	384
33	390
33	396
33	403
33	410
33	418
33	428
34	228
34	239
34	249
34	259
34	270
34	281
34	291
34	300
34	308
34	315
34	321
34	326
34	331
34	335
34	340
34	344
34	349
34	353
34	358
34	363
34	368
34	374
34	379
34	385
34	392
34	399
34	407
34	417
35	227
35	239
35	250
35	261
35	272
35	282
35	292
35	300
35	307
35	312
35	317
35	322
35	325
35	330
35	333
35	338
35	341
35	346
35	350
35	355
35	359
35	365
35	370
35	376
35	382
35	389
35	397
35	406
35	417
36	210
36	222
36	233
36	244
36	254
36	264
36	274
36	284
36	292
36	300
36	306
36	311
36	315
36	320
36	323
36	327
36	331
36	334
36	338
36	342
36	346
36	350
36	355
36	359
36	365
36	370
36	376
36	383
36	390
36	398
36	408
37	208
37	219
37	229
37	239
37	248
37	257
37	266
37	275
37	283
37	290
37	296
37	302
37	306
37	311
37	315
37	319
37	323
37	327
37	331
37	335
37	339
37	344
37	348
37	353
37	358
37	364
37	370
37	377
37	385
37	394
37	405
38	219
38	230
38	240
38	250
38	260
38	269
38	278
38	285
38	291
38	296
38	301
38	305
38	310
38	314
38	318
38	322
38	326
38	330
38	335
38	339
38	344
38	349
38	355
38	361
38	368
38	376
38	385
38	395
39	236
39	247
39	258
39	268
39	277
39	284
39	290
39	295
39	300
39	304
39	308
39	312
39	316
39	320
39	324
39	328
39	333
39	337
39	343
39	348
39	354
39	361
39	368
39	377
39	387
40	240
40	251
40	261
40	270
40	278
40	284
40	290
40	294
40	299
40	303
40	307
40	311
40	315
40	319
40	324
40	328
40	333
40	338
40	343
40	349
40	355
40	362
40	370
40	379
41	249
41	260
41	269
41	276
41	282
41	287
41	292
41	296
41	301
41	305
41	310
41	314
41	319
41	323
41	328
41	333
41	338
41	344
41	350
41	357
41	365
41	374
41	384
42	248
42	259
42	268
42	275
42	281
42	286
42	291
42	295
42	300
42	304
42	309
42	314
42	318
42	323
42	328
42	333
42	339
42	345
42	352
42	359
42	367
42	377
43	239
43	251
43	262
43	271
43	279
43	285
43	291
43	297
43	303
43	309
43	315
43	321
43	328
43	335
43	343
43	351
43	361
44	231
44	244
44	256
44	267
44	275
44	282
44	289
44	296
44	302
44	309
44	315
44	322
44	329
44	336
44	344
44	353
44	364
45	232
45	244
45	256
45	267
45	276
45	284
45	292
45	300
45	307
45	314
45	321
45	329
45	337
45	346
45	356
46	268
46	279
46	290
46	300
46	310
46	320
46	330
46	341
47	292
47	304
47	317
48	287
48	298
48	309
48	320
48	334
49	281
49	292
49	302
49	312
49	322
49	332
49	344
50	281
50	292
50	302
50	311
50	320
50	329
50	339
50	350
51	301
51	313
51	324
51	335
51	347
55	309
55	321
55	335
56	307
56	318
56	329
56	340
57	328
60	290
60	301
60	311
60	320
60	330
60	340
60	352
61	287
61	297
61	305
61	312
61	319
61	326
61	333
61	340
61	348
61	356
61	365
61	375
62	298
62	308
62	317
62	325
62	333
62	341
62	349
62	358
62	367
62	378
63	309
63	320
63	330
63	340
63	350
63	360
63	372
64	289
64	299
64	308
64	316
64	324
64	332
64	340
64	348
64	357
64	366
64	376
65	282
65	292
65	300
65	308
65	314
65	320
65	326
65	332
65	338
65	344
65	350
65	356
65	363
65	370
65	378
65	386
65	395
65	405
66	278
66	287
66	295
66	302
66	309
66	315
66	321
66	327
66	333
66	339
66	344
66	350
66	355
66	361
66	367
66	373
66	379
66	386
66	393
66	400
66	408
66	417
66	426
66	436
67	278
67	286
67	292
67	298
67	303
67	308
67	313
67	317
67	322
67	326
67	331
67	335
67	340
67	344
67	349
67	353
67	358
67	362
67	367
67	371
67	376
67	380
67	385
67	390
67	395
67	400
67	406
67	412
67	418
67	425
67	432
67	440
67	449
67	459
68	279
68	287
68	292
68	297
68	301
68	305
68	309
68	312
68	315
68	319
68	321
68	324
68	327
68	330
68	333
68	336
68	339
68	342
68	345
68	348
68	351
68	354
68	357
68	360
68	363
68	366
68	369
68	372
68	376
68	378
68	382
68	385
68	389
68	392
68	396
68	400
68	404
68	408
68	413
68	417
68	422
68	427
68	433
68	439
68	446
68	454
68	463
68	475
69	281
69	290
69	296
69	301
69	305
69	309
69	312
69	315
69	319
69	321
69	324
69	327
69	329
69	332
69	334
69	337
69	339
69	342
69	344
69	346
69	349
69	351
69	354
69	356
69	358
69	361
69	364
69	366
69	369
69	371
69	374
69	376
69	379
69	382
69	384
69	387
69	390
69	393
69	396
69	399
69	402
69	406
69	409
69	413
69	416
69	420
69	424
69	428
69	433
69	437
69	443
69	448
69	455
69	462
69	470
69	480
70	293
70	303
70	311
70	318
70	323
70	329
70	333
70	337
70	341
70	344
70	348
70	351
70	354
70	357
70	360
70	363
70	366
70	369
70	372
70	375
70	378
70	381
70	385
70	387
70	391
70	394
70	398
70	401
70	405
70	409
70	413
70	417
70	422
70	426
70	431
70	436
70	442
70	448
70	455
70	463
70	472
70	485
71	289
71	299
71	308
71	316
71	323
71	330
71	337
71	343
71	349
71	354
71	359
71	363
71	368
71	372
71	376
71	380
71	384
71	388
71	393
71	397
71	402
71	407
71	412
71	417
71	423
71	429
71	436
71	444
71	453
71	464
72	288
72	297
72	304
72	310
72	316
72	321
72	326
72	331
72	336
72	341
72	346
72	351
72	356
72	361
72	366
72	371
72	376
72	381
72	386
72	391
72	396
72	401
72	406
72	411
72	416
72	422
72	428
72	435
72	442
72	450
72	459
73	300
73	310
73	318
73	325
73	332
73	338
73	343
73	349
73	354
73	359
73	364
73	369
73	374
73	379
73	385
73	390
73	396
73	402
73	408
73	415
73	422
73	430
73	439
73	449
74	349
74	360
74	369
74	377
74	385
74	393
74	401
74	410
74	420
74	431
75	292
75	303
75	313
75	322
75	331
75	341
75	351
75	363
75	375
75	387
75	401
76	292
76	302
76	311
76	319
76	326
76	333
76	340
76	347
76	354
76	362
76	370
76	379
76	389
77	331
77	343
77	354
77	365
77	377
-1	-1
