-1	-1
0	162
0	172
0	180
0	187
0	193
0	199
0	204
0	209
0	213
0	217
0	221
0	224
0	228
0	231
0	234
0	238
0	241
0	244
0	247
0	250
0	253
0	256
0	259
0	262
0	265
0	268
0	271
0	274
0	277
0	281
0	284
0	288
0	292
0	296
0	300
0	305
0	310
0	316
0	322
0	329
0	337
0	347
1	173
1	183
1	192
1	200
1	207
1	213
1	219
1	224
1	230
1	235
1	240
1	244
1	249
1	253
1	258
1	262
1	267
1	271
1	276
1	281
1	286
1	291
1	297
1	303
1	310
1	318
1	327
1	338
2	180
2	190
2	199
2	207
2	214
2	221
2	227
2	233
2	239
2	244
2	250
2	255
2	260
2	266
2	271
2	277
2	283
2	289
2	296
2	303
2	311
2	320
2	331
3	180
3	190
3	199
3	207
3	214
3	221
3	228
3	234
3	240
3	246
3	252
3	258
3	264
3	270
3	277
3	284
3	291
3	299
3	308
3	318
4	178
4	188
4	197
4	205
4	212
4	219
4	226
4	233
4	239
4	245
4	251
4	257
4	263
4	270
4	277
4	284
4	292
4	300
4	309
4	319
5	172
5	182
5	191
5	199
5	206
5	213
5	220
5	226
5	232
5	238
5	244
5	250
5	256
5	262
5	268
5	274
5	280
5	287
5	294
5	302
5	310
5	319
5	330
6	169
6	179
6	187
6	194
6	201
6	208
6	214
6	220
6	226
6	232
6	238
6	243
6	249
6	254
6	259
6	264
6	269
6	274
6	279
6	285
6	290
6	296
6	302
6	309
6	317
6	326
6	336
7	166
7	175
7	182
7	189
7	195
7	201
7	206
7	212
7	217
7	222
7	227
7	232
7	237
7	241
7	246
7	250
7	254
7	259
7	263
7	267
7	271
7	275
7	279
7	284
7	288
7	293
7	298
7	303
7	309
7	315
7	322
7	330
7	339
7	349
8	160
8	169
8	176
8	182
8	188
8	193
8	198
8	203
8	207
8	212
8	216
8	220
8	224
8	228
8	232
8	236
8	240
8	244
8	247
8	251
8	254
8	258
8	261
8	265
8	268
8	272
8	275
8	279
8	282
8	286
8	289
8	294
8	297
8	302
8	306
8	311
8	316
8	322
8	328
8	335
8	343
8	352
8	363
9	160
9	169
9	176
9	182
9	188
9	193
9	198
9	202
9	206
9	210
9	214
9	218
9	221
9	225
9	228
9	232
9	235
9	239
9	242
9	245
9	249
9	251
9	255
9	258
9	261
9	264
9	267
9	270
9	273
9	276
9	279
9	282
9	285
9	288
9	292
9	295
9	299
9	303
9	307
9	311
9	316
9	321
9	326
9	332
9	338
9	345
9	353
9	362
9	373
10	161
10	170
10	177
10	183
10	189
10	193
10	198
10	202
10	206
10	210
10	213
10	217
10	220
10	223
10	226
10	229
10	232
10	235
10	238
10	241
10	244
10	247
10	250
10	252
10	255
10	258
10	260
10	263
10	266
10	268
10	271
10	274
10	277
10	279
10	283
10	285
10	288
10	292
10	295
10	298
10	302
10	306
10	309
10	314
10	318
10	323
10	328
10	334
10	340
10	347
10	355
10	364
10	374
10	386
11	160
11	169
11	176
11	182
11	188
11	192
11	197
11	201
11	204
11	208
11	211
11	214
11	217
11	220
11	222
11	225
11	228
11	230
11	233
11	235
11	238
11	240
11	243
11	245
11	248
11	250
11	253
11	255
11	257
11	260
11	262
11	265
11	267
11	270
11	272
11	275
11	277
11	280
11	283
11	286
11	288
11	292
11	295
11	298
11	302
11	305
11	309
11	313
11	317
11	322
11	327
11	332
11	338
11	345
11	352
11	360
11	369
11	379
11	391
12	163
12	172
12	180
12	186
12	191
12	196
12	201
12	204
12	209
12	212
12	215
12	219
12	222
12	224
12	228
12	231
12	233
12	236
12	239
12	242
12	244
12	247
12	250
12	252
12	255
12	258
12	260
12	263
12	266
12	268
12	271
12	274
12	277
12	279
12	283
12	285
12	289
12	292
12	295
12	299
12	302
12	306
12	310
12	314
12	318
12	323
12	328
12	334
12	340
12	346
12	353
12	361
12	369
12	378
12	388
12	399
12	412
13	167
13	175
13	182
13	188
13	193
13	198
13	203
13	208
13	212
13	216
13	221
13	224
13	229
13	232
13	237
13	240
13	245
13	248
13	253
13	256
13	261
13	264
13	268
13	272
13	276
13	280
13	284
13	288
13	293
13	297
13	302
13	307
13	312
13	317
13	323
13	329
13	335
13	342
13	349
13	357
13	365
13	374
13	383
13	393
13	403
13	413
13	423
13	433
13	445
14	161
14	170
14	177
14	183
14	188
14	193
14	197
14	202
14	206
14	210
14	214
14	218
14	222
14	226
14	230
14	234
14	238
14	243
14	247
14	251
14	256
14	260
14	265
14	269
14	274
14	278
14	283
14	288
14	293
14	298
14	303
14	308
14	313
14	318
14	324
14	329
14	335
14	341
14	347
14	354
14	361
14	368
14	375
14	382
14	390
14	397
14	404
14	411
14	418
14	425
14	433
14	441
14	449
14	458
14	468
14	480
15	160
15	169
15	176
15	182
15	187
15	192
15	196
15	201
15	205
15	209
15	213
15	217
15	221
15	225
15	229
15	233
15	237
15	241
15	245
15	249
15	252
15	256
15	260
15	263
15	267
15	271
15	274
15	278
15	282
15	286
15	290
15	294
15	298
15	302
15	306
15	310
15	314
15	318
15	322
15	326
15	331
15	335
15	340
15	344
15	349
15	354
15	359
15	364
15	369
15	374
15	379
15	384
15	389
15	394
15	399
15	404
15	409
15	414
15	419
15	424
15	429
15	434
15	439
15	444
15	450
15	456
15	462
15	469
15	476
15	484
15	493
15	503
16	159
16	168
16	174
16	180
16	185
16	190
16	194
16	199
16	203
16	207
16	211
16	215
16	219
16	223
16	227
16	231
16	235
16	239
16	242
16	246
16	250
16	253
16	257
16	260
16	263
16	267
16	270
16	273
16	277
16	280
16	284
16	287
16	291
16	294
16	298
16	301
16	305
16	308
16	312
16	315
16	319
16	322
16	326
16	329
16	333
16	336
16	340
16	343
16	347
16	350
16	354
16	357
16	361
16	364
16	368
16	371
16	375
16	378
16	382
16	385
16	389
16	392
16	396
16	399
16	402
16	406
16	409
16	412
16	415
16	418
16	421
16	424
16	427
16	430
16	434
16	436
16	440
16	443
16	447
16	450
16	454
16	458
16	462
16	466
16	470
16	475
16	480
16	485
16	491
16	497
16	504
16	512
16	521
16	533
17	159
17	168
17	175
17	181
17	187
17	192
17	198
17	203
17	208
17	213
17	218
17	222
17	227
17	231
17	236
17	240
17	244
17	248
17	252
17	256
17	260
17	263
17	267
17	270
17	274
17	277
17	281
17	285
17	288
17	292
17	296
17	299
17	303
17	306
17	310
17	313
17	317
17	320
17	324
17	327
17	331
17	334
17	338
17	341
17	344
17	348
17	351
17	354
17	357
17	360
17	363
17	366
17	369
17	372
17	375
17	378
17	381
17	384
17	387
17	390
17	393
17	396
17	399
17	402
17	404
17	407
17	410
17	412
17	415
17	418
17	420
17	423
17	426
17	428
17	431
17	434
17	436
17	439
17	442
17	445
17	448
17	451
17	454
17	457
17	460
17	464
17	467
17	471
17	475
17	479
17	484
17	488
17	494
17	499
17	505
17	512
17	519
17	528
17	538
18	162
18	171
18	179
18	186
18	192
18	198
18	203
18	208
18	213
18	218
18	222
18	227
18	231
18	236
18	240
18	244
18	248
18	252
18	256
18	260
18	264
18	268
18	272
18	276
18	280
18	284
18	288
18	292
18	296
18	300
18	304
18	308
18	312
18	316
18	320
18	324
18	328
18	332
18	336
18	340
18	343
18	347
18	350
18	354
18	357
18	361
18	364
18	367
18	371
18	374
18	377
18	381
18	383
18	387
18	390
18	393
18	396
18	399
18	402
18	405
18	408
18	411
18	414
18	417
18	420
18	423
18	426
18	429
18	432
18	435
18	438
18	442
18	445
18	449
18	452
18	456
18	460
18	464
18	468
18	473
18	478
18	483
18	489
18	495
18	502
18	510
18	519
18	530
19	169
19	179
19	187
19	193
19	199
19	204
19	209
19	213
19	218
19	222
19	226
19	230
19	234
19	238
19	242
19	245
19	249
19	253
19	256
19	260
19	264
19	267
19	271
19	275
19	279
19	283
19	287
19	291
19	296
19	300
19	304
19	309
19	313
19	317
19	321
19	325
19	329
19	333
19	337
19	341
19	345
19	349
19	353
19	357
19	361
19	364
19	368
19	372
19	375
19	379
19	382
19	386
19	389
19	393
19	396
19	400
19	403
19	407
19	410
19	414
19	417
19	421
19	424
19	428
19	432
19	436
19	440
19	444
19	448
19	453
19	458
19	463
19	468
19	474
19	480
19	487
19	495
19	504
19	514
20	171
20	180
20	188
20	194
20	200
20	205
20	211
20	215
20	220
20	224
20	229
20	232
20	237
20	240
20	244
20	248
20	251
20	255
20	259
20	262
20	266
20	270
20	274
20	278
20	282
20	287
20	291
20	296
20	300
20	305
20	310
20	314
20	319
20	323
20	328
20	332
20	337
20	341
20	346
20	350
20	354
20	359
20	363
20	367
20	371
20	375
20	379
20	382
20	386
20	389
20	393
20	396
20	400
20	403
20	406
20	410
20	413
20	417
20	420
20	424
20	427
20	431
20	435
20	438
20	443
20	446
20	451
20	455
20	460
20	465
20	470
20	476
20	482
20	489
20	497
20	506
20	516
21	173
21	183
21	191
21	199
21	206
21	212
21	218
21	223
21	229
21	233
21	238
21	243
21	247
21	252
21	256
21	261
21	266
21	271
21	276
21	281
21	287
21	292
21	298
21	304
21	310
21	316
21	322
21	328
21	333
21	339
21	344
21	349
21	354
21	359
21	363
21	368
21	372
21	376
21	380
21	384
21	388
21	391
21	395
21	398
21	402
21	405
21	409
21	412
21	416
21	419
21	423
21	426
21	430
21	434
21	437
21	441
21	445
21	449
21	454
21	458
21	463
21	468
21	474
21	480
21	486
21	493
21	501
21	510
21	520
22	181
22	191
22	200
22	208
22	215
22	222
22	228
22	234
22	240
22	246
22	252
22	258
22	264
22	270
22	277
22	284
22	291
22	298
22	305
22	312
22	319
22	325
22	331
22	336
22	341
22	346
22	351
22	355
22	360
22	364
22	369
22	373
22	377
22	381
22	385
22	389
22	393
22	396
22	400
22	403
22	407
22	410
22	414
22	417
22	421
22	424
22	428
22	431
22	435
22	439
22	443
22	447
22	451
22	455
22	459
22	464
22	468
22	474
22	479
22	485
22	491
22	498
22	506
22	515
22	526
23	197
23	208
23	219
23	229
23	239
23	248
23	257
23	266
23	275
23	284
23	293
23	301
23	308
23	314
23	320
23	325
23	331
23	335
23	340
23	344
23	348
23	352
23	356
23	360
23	364
23	368
23	372
23	376
23	380
23	384
23	388
23	392
23	396
23	400
23	404
23	408
23	412
23	416
23	420
23	424
23	428
23	432
23	436
23	440
23	444
23	448
23	453
23	457
23	462
23	466
23	471
23	476
23	481
23	487
23	493
23	499
23	506
23	514
23	523
23	534
24	196
24	208
24	220
24	231
24	242
24	252
24	262
24	271
24	280
24	288
24	295
24	301
24	306
24	311
24	315
24	320
24	323
24	328
24	331
24	335
24	339
24	342
24	346
24	349
24	353
24	356
24	360
24	364
24	368
24	372
24	376
24	380
24	385
24	389
24	394
24	399
24	404
24	409
24	415
24	420
24	426
24	431
24	437
24	442
24	448
24	453
24	459
24	464
24	470
24	475
24	481
24	487
24	493
24	499
24	506
24	513
24	521
24	530
24	542
25	173
25	184
25	194
25	203
25	212
25	221
25	230
25	239
25	248
25	257
25	265
25	272
25	279
25	285
25	291
25	295
25	300
25	303
25	307
25	311
25	313
25	317
25	320
25	323
25	326
25	329
25	332
25	335
25	338
25	341
25	344
25	347
25	351
25	354
25	358
25	361
25	366
25	369
25	374
25	378
25	383
25	388
25	394
25	399
25	405
25	411
25	418
25	425
25	432
25	439
25	446
25	453
25	460
25	466
25	472
25	478
25	484
25	490
25	496
25	502
25	509
25	516
25	524
25	533
25	544
26	168
26	177
26	185
26	192
26	199
26	205
26	211
26	217
26	224
26	231
26	238
26	246
26	253
26	260
26	265
26	271
26	275
26	280
26	284
26	288
26	292
26	295
26	299
26	302
26	305
26	308
26	311
26	314
26	317
26	320
26	323
26	326
26	329
26	332
26	335
26	338
26	341
26	345
26	348
26	352
26	356
26	359
26	364
26	368
26	373
26	378
26	384
26	390
26	396
26	403
26	410
26	418
26	426
26	435
26	444
26	453
26	461
26	469
26	476
26	482
26	488
26	494
26	500
26	506
26	513
26	520
26	527
26	535
26	545
27	167
27	176
27	183
27	190
27	196
27	202
27	208
27	213
27	219
27	225
27	231
27	237
27	243
27	249
27	255
27	261
27	265
27	270
27	274
27	278
27	282
27	285
27	289
27	292
27	296
27	299
27	303
27	306
27	309
27	313
27	316
27	320
27	324
27	327
27	331
27	335
27	339
27	344
27	348
27	354
27	359
27	365
27	371
27	378
27	385
27	393
27	401
27	410
27	419
27	428
27	437
27	446
27	456
27	465
27	474
27	482
27	490
27	497
27	504
27	511
27	519
27	527
27	536
27	547
28	171
28	181
28	190
28	198
28	205
28	212
28	219
28	226
28	233
28	241
28	249
28	256
28	263
28	269
28	275
28	281
28	287
28	292
28	298
28	303
28	308
28	314
28	319
28	325
28	331
28	337
28	344
28	351
28	358
28	366
28	374
28	382
28	390
28	398
28	406
28	414
28	422
28	430
28	438
28	446
28	454
28	462
28	470
28	478
28	486
28	494
28	502
28	510
28	518
28	526
28	535
28	545
29	188
29	199
29	210
29	221
29	232
29	243
29	254
29	265
29	276
29	286
29	296
29	305
29	314
29	323
29	332
29	341
29	350
29	358
29	366
29	373
29	380
29	387
29	393
29	399
29	405
29	411
29	416
29	421
29	426
29	431
29	436
29	441
29	446
29	451
29	457
29	462
29	468
29	474
29	480
29	486
29	492
29	499
29	506
29	513
29	520
29	528
29	537
29	547
30	307
30	318
30	328
30	336
30	344
30	351
30	357
30	363
30	368
30	373
30	378
30	383
30	387
30	392
30	395
30	400
30	403
30	407
30	411
30	414
30	418
30	421
30	424
30	428
30	431
30	434
30	437
30	441
30	444
30	447
30	451
30	454
30	458
30	461
30	465
30	469
30	473
30	477
30	482
30	486
30	491
30	496
30	501
30	507
30	513
30	520
30	527
30	536
30	546
31	299
31	309
31	318
31	325
31	332
31	337
31	342
31	347
31	351
31	354
31	358
31	362
31	364
31	368
31	371
31	373
31	377
31	379
31	382
31	385
31	387
31	390
31	393
31	395
31	398
31	401
31	403
31	406
31	408
31	411
31	413
31	416
31	418
31	421
31	423
31	425
31	428
31	430
31	433
31	435
31	438
31	440
31	443
31	445
31	448
31	450
31	454
31	456
31	459
31	462
31	465
31	468
31	471
31	475
31	478
31	482
31	485
31	489
31	493
31	497
31	501
31	506
31	511
31	516
31	522
31	528
31	535
31	543
31	553
32	289
32	299
32	307
32	313
32	319
32	323
32	328
32	331
32	334
32	338
32	341
32	343
32	346
32	349
32	351
32	353
32	355
32	358
32	360
32	362
32	363
32	366
32	368
32	369
32	372
32	373
32	375
32	377
32	379
32	380
32	382
32	384
32	386
32	387
32	389
32	391
32	393
32	395
32	396
32	399
32	400
32	402
32	404
32	406
32	408
32	410
32	412
32	414
32	416
32	418
32	420
32	423
32	424
32	427
32	429
32	431
32	434
32	436
32	439
32	441
32	444
32	447
32	449
32	453
32	455
32	459
32	462
32	466
32	469
32	473
32	477
32	480
32	484
32	488
32	492
32	496
32	500
32	505
32	509
32	515
32	520
32	526
32	532
32	539
32	547
32	557
33	276
33	287
33	294
33	301
33	305
33	311
33	313
33	318
33	321
33	323
33	327
33	329
33	332
33	333
33	336
33	339
33	341
33	342
33	345
33	347
33	349
33	351
33	352
33	355
33	356
33	358
33	360
33	362
33	364
33	366
33	367
33	370
33	371
33	374
33	375
33	377
33	379
33	381
33	384
33	385
33	387
33	390
33	392
33	394
33	397
33	399
33	401
33	404
33	406
33	409
33	411
33	414
33	417
33	419
33	423
33	425
33	429
33	432
33	436
33	439
33	444
33	447
33	452
33	456
33	461
33	466
33	471
33	477
33	482
33	487
33	492
33	497
33	502
33	507
33	513
33	518
33	525
33	532
33	539
33	547
33	557
34	256
34	267
34	276
34	284
34	291
34	296
34	301
34	304
34	309
34	311
34	314
34	318
34	320
34	323
34	326
34	329
34	331
34	334
34	336
34	339
34	341
34	344
34	346
34	349
34	351
34	354
34	356
34	359
34	362
34	364
34	367
34	370
34	373
34	376
34	379
34	382
34	386
34	389
34	393
34	397
34	400
34	405
34	408
34	413
34	417
34	422
34	427
34	432
34	438
34	444
34	451
34	458
34	466
34	474
34	482
34	490
34	497
34	504
34	511
34	517
34	524
34	531
34	539
34	548
34	559
35	181
35	193
35	204
35	215
35	226
35	237
35	247
35	257
35	265
35	272
35	278
35	283
35	289
35	293
35	298
35	302
35	306
35	310
35	313
35	317
35	320
35	324
35	327
35	331
35	334
35	338
35	341
35	345
35	348
35	352
35	356
35	360
35	364
35	368
35	373
35	377
35	382
35	387
35	392
35	398
35	404
35	410
35	417
35	424
35	432
35	441
35	451
35	464
35	481
35	492
35	502
35	511
35	519
35	527
35	536
35	546
36	169
36	180
36	190
36	199
36	208
36	217
36	226
36	235
36	244
36	252
36	260
36	266
36	272
36	276
36	281
36	284
36	289
36	292
36	296
36	299
36	303
36	306
36	309
36	313
36	316
36	319
36	323
36	326
36	329
36	333
36	336
36	340
36	344
36	348
36	352
36	357
36	361
36	366
36	371
36	377
36	383
36	389
36	396
36	403
36	411
36	420
36	430
36	511
36	522
36	533
36	545
37	170
37	181
37	191
37	200
37	209
37	218
37	226
37	234
37	242
37	249
37	256
37	262
37	267
37	272
37	276
37	280
37	284
37	288
37	291
37	295
37	298
37	302
37	305
37	309
37	313
37	316
37	320
37	324
37	328
37	332
37	336
37	341
37	345
37	350
37	355
37	360
37	366
37	372
37	379
37	386
37	394
37	403
37	413
37	425
38	196
38	207
38	217
38	226
38	234
38	242
38	249
38	254
38	260
38	264
38	269
38	273
38	277
38	281
38	285
38	289
38	293
38	297
38	301
38	305
38	309
38	313
38	318
38	322
38	327
38	332
38	337
38	343
38	348
38	354
38	360
38	367
38	375
38	383
38	392
38	402
38	414
39	210
39	220
39	229
39	238
39	246
39	253
39	259
39	265
39	271
39	276
39	282
39	287
39	293
39	298
39	304
39	309
39	315
39	321
39	327
39	333
39	340
39	347
39	355
39	363
39	372
39	382
39	393
40	231
40	242
40	253
40	263
40	273
40	283
40	293
40	302
40	311
40	319
40	327
40	335
40	343
40	352
40	361
40	371
40	382
40	395
63	350
63	362
63	373
63	383
63	393
63	403
63	413
63	425
64	317
64	328
64	338
64	347
64	355
64	363
64	371
64	379
64	387
64	395
64	403
64	412
64	422
64	433
65	316
65	327
65	337
65	346
65	355
65	364
65	373
65	382
65	392
65	403
65	415
65	442
65	454
65	465
65	476
66	302
66	312
66	321
66	330
66	338
66	346
66	354
66	362
66	370
66	378
66	386
66	394
66	402
66	411
66	420
66	429
66	438
66	446
66	454
66	461
66	468
66	475
66	482
66	490
66	499
66	509
67	297
67	305
67	312
67	318
67	323
67	328
67	333
67	338
67	342
67	347
67	351
67	356
67	360
67	365
67	369
67	374
67	378
67	383
67	387
67	392
67	397
67	402
67	407
67	412
67	418
67	424
67	430
67	436
67	441
67	446
67	451
67	456
67	461
67	466
67	471
67	476
67	482
67	488
67	494
67	501
67	509
67	518
67	530
68	297
68	304
68	311
68	315
68	320
68	323
68	328
68	331
68	335
68	338
68	342
68	345
68	348
68	352
68	354
68	358
68	361
68	364
68	368
68	371
68	375
68	378
68	382
68	385
68	389
68	393
68	397
68	401
68	406
68	410
68	415
68	419
68	424
68	428
68	432
68	436
68	440
68	444
68	448
68	452
68	456
68	460
68	465
68	469
68	474
68	479
68	485
68	491
68	498
68	506
68	515
68	526
69	301
69	311
69	319
69	325
69	331
69	337
69	342
69	347
69	352
69	357
69	363
69	368
69	374
69	380
69	386
69	392
69	398
69	403
69	409
69	414
69	419
69	423
69	427
69	431
69	434
69	438
69	442
69	445
69	449
69	453
69	457
69	461
69	465
69	469
69	474
69	479
69	485
69	491
69	498
69	506
69	515
70	309
70	320
70	329
70	338
70	346
70	354
70	361
70	368
70	374
70	380
70	386
70	391
70	396
70	401
70	405
70	409
70	412
70	416
70	419
70	422
70	425
70	428
70	431
70	434
70	437
70	440
70	443
70	446
70	449
70	453
70	456
70	460
70	464
70	468
70	472
70	477
70	482
70	488
70	494
70	501
70	509
70	519
71	302
71	311
71	319
71	325
71	331
71	336
71	341
71	345
71	350
71	354
71	358
71	362
71	365
71	369
71	372
71	376
71	379
71	382
71	385
71	388
71	391
71	393
71	396
71	399
71	401
71	404
71	406
71	409
71	411
71	414
71	416
71	419
71	421
71	424
71	426
71	429
71	431
71	434
71	437
71	439
71	443
71	445
71	448
71	452
71	455
71	458
71	462
71	466
71	469
71	474
71	478
71	483
71	488
71	494
71	500
71	507
71	516
71	527
72	303
72	312
72	319
72	324
72	329
72	333
72	337
72	341
72	344
72	348
72	351
72	354
72	357
72	360
72	362
72	365
72	368
72	370
72	373
72	375
72	378
72	380
72	383
72	385
72	387
72	390
72	392
72	394
72	397
72	399
72	401
72	404
72	406
72	408
72	411
72	414
72	416
72	419
72	422
72	425
72	428
72	431
72	434
72	437
72	441
72	444
72	448
72	451
72	455
72	459
72	462
72	466
72	470
72	474
72	478
72	483
72	488
72	493
72	499
72	506
72	514
72	523
72	535
73	320
73	330
73	338
73	345
73	352
73	358
73	364
73	370
73	376
73	382
73	388
73	395
73	402
73	409
73	417
73	425
73	432
73	439
73	445
73	451
73	456
73	461
73	465
73	470
73	474
73	479
73	484
73	489
73	495
73	501
73	507
73	515
73	524
73	535
74	411
74	421
74	430
74	437
74	443
74	449
74	453
74	458
74	462
74	467
74	471
74	476
74	481
74	486
74	492
74	498
74	505
74	513
74	522
75	308
75	318
75	327
75	335
75	343
75	351
75	358
75	365
75	372
75	379
75	385
75	391
75	397
75	403
75	409
75	415
75	420
75	425
75	430
75	435
75	440
75	445
75	450
75	455
75	460
75	466
75	472
75	479
75	487
75	496
75	507
76	307
76	317
76	325
76	332
76	339
76	345
76	351
76	357
76	363
76	368
76	374
76	379
76	384
76	389
76	394
76	399
76	404
76	409
76	415
76	420
76	426
76	432
76	438
76	445
76	453
76	462
77	348
77	360
77	371
77	383
77	396
-1	-1
