-1	-1
0	157
0	166
0	173
0	180
0	185
0	191
0	195
0	200
0	204
0	209
0	213
0	217
0	221
0	225
0	229
0	232
0	236
0	240
0	243
0	247
0	250
0	254
0	258
0	262
0	266
0	270
0	275
0	279
0	285
0	290
0	296
0	303
0	311
0	320
1	163
1	173
1	181
1	189
1	196
1	202
1	208
1	214
1	220
1	225
1	230
1	235
1	240
1	245
1	250
1	255
1	260
1	265
1	271
1	277
1	284
1	291
1	299
1	309
2	168
2	178
2	186
2	193
2	200
2	207
2	213
2	219
2	225
2	230
2	236
2	241
2	246
2	251
2	257
2	263
2	269
2	276
2	283
2	291
2	300
2	311
3	167
3	177
3	185
3	192
3	199
3	205
3	211
3	217
3	223
3	228
3	233
3	238
3	243
3	248
3	253
3	258
3	264
3	270
3	277
3	284
3	292
3	301
3	312
4	159
4	169
4	177
4	184
4	190
4	196
4	202
4	207
4	213
4	218
4	223
4	228
4	233
4	238
4	243
4	248
4	253
4	258
4	263
4	269
4	275
4	281
4	288
4	296
4	305
4	316
5	152
5	161
5	169
5	175
5	181
5	186
5	191
5	196
5	201
5	205
5	210
5	214
5	218
5	222
5	226
5	230
5	234
5	238
5	242
5	246
5	250
5	255
5	259
5	264
5	268
5	274
5	279
5	285
5	292
5	299
5	307
5	317
6	149
6	158
6	165
6	171
6	176
6	181
6	185
6	190
6	194
6	198
6	202
6	206
6	210
6	213
6	217
6	220
6	224
6	227
6	231
6	234
6	238
6	241
6	245
6	248
6	252
6	255
6	259
6	263
6	267
6	271
6	276
6	280
6	286
6	291
6	297
6	304
6	312
6	321
6	333
7	148
7	157
7	163
7	169
7	174
7	179
7	183
7	188
7	192
7	196
7	200
7	204
7	208
7	211
7	215
7	218
7	222
7	225
7	228
7	232
7	234
7	238
7	241
7	244
7	247
7	250
7	253
7	256
7	259
7	263
7	266
7	270
7	274
7	278
7	282
7	287
7	292
7	297
7	303
7	310
7	317
7	326
7	337
8	154
8	163
8	171
8	177
8	183
8	188
8	193
8	198
8	202
8	206
8	210
8	213
8	217
8	221
8	224
8	228
8	231
8	234
8	237
8	240
8	243
8	246
8	249
8	252
8	255
8	258
8	261
8	264
8	267
8	270
8	274
8	277
8	281
8	285
8	289
8	294
8	299
8	305
8	311
8	318
8	326
8	335
8	346
9	159
9	168
9	175
9	181
9	186
9	191
9	195
9	200
9	203
9	207
9	211
9	213
9	217
9	220
9	223
9	226
9	229
9	232
9	235
9	238
9	241
9	243
9	246
9	249
9	251
9	254
9	257
9	259
9	263
9	265
9	268
9	271
9	275
9	277
9	281
9	285
9	288
9	293
9	297
9	302
9	307
9	313
9	319
9	326
9	334
9	343
9	355
10	158
10	166
10	172
10	178
10	182
10	187
10	191
10	194
10	198
10	201
10	204
10	208
10	211
10	214
10	217
10	220
10	223
10	226
10	229
10	232
10	235
10	238
10	241
10	244
10	247
10	250
10	253
10	256
10	259
10	262
10	266
10	269
10	273
10	276
10	280
10	284
10	288
10	293
10	298
10	303
10	309
10	316
10	323
10	331
10	340
10	352
11	159
11	168
11	175
11	181
11	186
11	191
11	195
11	200
11	203
11	208
11	211
11	216
11	219
11	223
11	227
11	231
11	235
11	239
11	243
11	247
11	251
11	255
11	259
11	264
11	268
11	273
11	278
11	283
11	289
11	295
11	302
11	309
11	317
11	326
11	336
12	162
12	172
12	180
12	187
12	193
12	199
12	204
12	210
12	215
12	220
12	224
12	229
12	233
12	238
12	242
12	247
12	251
12	256
12	261
12	266
12	271
12	277
12	283
12	289
12	296
12	303
12	311
12	319
12	328
12	338
12	349
13	161
13	171
13	179
13	186
13	193
13	199
13	205
13	211
13	216
13	222
13	227
13	232
13	237
13	242
13	247
13	252
13	257
13	262
13	268
13	274
13	280
13	286
13	292
13	299
13	306
13	314
13	322
13	331
13	340
13	350
13	361
13	373
14	158
14	167
14	174
14	181
14	187
14	193
14	198
14	203
14	208
14	213
14	218
14	222
14	227
14	231
14	236
14	240
14	245
14	249
14	254
14	258
14	263
14	268
14	273
14	278
14	283
14	288
14	293
14	298
14	304
14	309
14	315
14	321
14	327
14	334
14	341
14	348
14	356
14	364
14	372
14	381
14	390
14	399
14	408
14	417
14	426
14	435
14	445
14	456
15	152
15	161
15	168
15	174
15	180
15	184
15	189
15	193
15	198
15	201
15	205
15	209
15	212
15	216
15	220
15	223
15	227
15	230
15	234
15	237
15	241
15	244
15	248
15	251
15	254
15	258
15	261
15	264
15	268
15	271
15	274
15	278
15	281
15	285
15	288
15	292
15	295
15	299
15	303
15	306
15	310
15	314
15	318
15	322
15	326
15	330
15	335
15	339
15	344
15	348
15	353
15	358
15	363
15	368
15	374
15	380
15	386
15	392
15	398
15	404
15	410
15	415
15	421
15	427
15	433
15	439
15	446
15	453
15	461
15	470
15	480
16	150
16	159
16	166
16	172
16	177
16	182
16	186
16	191
16	194
16	199
16	202
16	206
16	210
16	213
16	217
16	220
16	224
16	227
16	231
16	234
16	237
16	241
16	244
16	247
16	251
16	253
16	257
16	260
16	263
16	266
16	269
16	272
16	275
16	278
16	281
16	284
16	287
16	290
16	293
16	296
16	299
16	302
16	305
16	308
16	311
16	314
16	317
16	320
16	324
16	327
16	330
16	334
16	337
16	341
16	344
16	348
16	352
16	356
16	360
16	364
16	368
16	373
16	377
16	382
16	386
16	391
16	395
16	400
16	404
16	408
16	412
16	416
16	420
16	424
16	428
16	432
16	437
16	441
16	446
16	451
16	456
16	462
16	468
16	475
16	482
16	491
16	501
17	157
17	166
17	173
17	180
17	186
17	191
17	196
17	201
17	205
17	210
17	214
17	218
17	222
17	226
17	230
17	233
17	237
17	241
17	244
17	248
17	251
17	255
17	258
17	262
17	265
17	269
17	272
17	276
17	279
17	283
17	287
17	290
17	294
17	298
17	301
17	305
17	309
17	313
17	317
17	321
17	325
17	329
17	333
17	337
17	341
17	345
17	349
17	354
17	358
17	363
17	367
17	372
17	376
17	381
17	385
17	389
17	393
17	397
17	401
17	404
17	408
17	411
17	415
17	418
17	422
17	425
17	429
17	432
17	436
17	439
17	443
17	447
17	451
17	456
17	460
17	465
17	470
17	476
17	482
17	489
17	497
17	506
18	162
18	172
18	180
18	187
18	193
18	199
18	204
18	209
18	214
18	219
18	223
18	228
18	232
18	236
18	240
18	244
18	248
18	253
18	257
18	262
18	266
18	271
18	276
18	281
18	286
18	291
18	296
18	301
18	305
18	310
18	314
18	319
18	323
18	328
18	332
18	337
18	341
18	346
18	350
18	355
18	359
18	364
18	368
18	372
18	376
18	380
18	384
18	388
18	392
18	395
18	399
18	402
18	406
18	409
18	412
18	416
18	419
18	422
18	426
18	429
18	433
18	436
18	440
18	444
18	448
18	452
18	457
18	462
18	467
18	473
18	479
18	486
18	494
18	503
18	514
19	167
19	177
19	185
19	192
19	199
19	205
19	211
19	217
19	222
19	228
19	233
19	239
19	244
19	249
19	255
19	260
19	266
19	272
19	278
19	284
19	290
19	295
19	301
19	306
19	311
19	316
19	321
19	326
19	331
19	336
19	341
19	346
19	351
19	355
19	360
19	364
19	368
19	372
19	376
19	380
19	384
19	388
19	392
19	396
19	400
19	403
19	407
19	411
19	414
19	418
19	422
19	426
19	430
19	434
19	438
19	443
19	448
19	453
19	459
19	465
19	472
19	479
19	487
19	497
20	178
20	189
20	198
20	207
20	215
20	223
20	231
20	239
20	246
20	253
20	260
20	267
20	274
20	281
20	288
20	295
20	301
20	307
20	313
20	319
20	324
20	330
20	335
20	340
20	345
20	350
20	355
20	360
20	364
20	369
20	373
20	378
20	382
20	386
20	390
20	394
20	398
20	402
20	406
20	410
20	415
20	419
20	424
20	428
20	433
20	438
20	444
20	450
20	457
20	464
20	472
20	481
20	492
21	180
21	190
21	199
21	207
21	215
21	223
21	230
21	237
21	244
21	251
21	258
21	265
21	272
21	279
21	286
21	293
21	300
21	307
21	313
21	319
21	325
21	331
21	336
21	341
21	346
21	351
21	355
21	360
21	363
21	368
21	371
21	375
21	379
21	382
21	386
21	390
21	393
21	397
21	400
21	404
21	407
21	411
21	414
21	418
21	422
21	426
21	430
21	434
21	438
21	443
21	448
21	453
21	459
21	465
21	472
21	479
21	487
21	497
22	179
22	190
22	199
22	208
22	217
22	226
22	235
22	244
22	252
22	260
22	268
22	276
22	284
22	292
22	299
22	306
22	312
22	318
22	323
22	328
22	332
22	336
22	341
22	344
22	348
22	351
22	355
22	358
22	361
22	364
22	367
22	370
22	373
22	376
22	379
22	382
22	385
22	388
22	391
22	394
22	397
22	400
22	403
22	406
22	409
22	412
22	415
22	418
22	421
22	425
22	428
22	431
22	435
22	438
22	442
22	446
22	450
22	455
22	459
22	464
22	469
22	475
22	481
22	488
22	496
22	505
22	516
23	179
23	189
23	199
23	208
23	217
23	226
23	235
23	244
23	253
23	261
23	269
23	277
23	284
23	291
23	297
23	303
23	308
23	313
23	317
23	321
23	325
23	329
23	332
23	335
23	339
23	341
23	345
23	347
23	351
23	353
23	356
23	359
23	362
23	364
23	367
23	370
23	373
23	376
23	378
23	382
23	384
23	387
23	390
23	393
23	396
23	399
23	402
23	405
23	408
23	411
23	414
23	417
23	420
23	423
23	426
23	429
23	432
23	435
23	438
23	442
23	445
23	449
23	452
23	456
23	460
23	464
23	468
23	473
23	477
23	483
23	488
23	495
23	502
23	510
23	520
24	172
24	182
24	190
24	198
24	205
24	212
24	219
24	226
24	233
24	240
24	247
24	253
24	259
24	265
24	271
24	277
24	282
24	287
24	291
24	295
24	299
24	303
24	306
24	310
24	313
24	316
24	320
24	322
24	326
24	328
24	332
24	334
24	338
24	340
24	344
24	347
24	350
24	354
24	357
24	360
24	364
24	367
24	371
24	375
24	378
24	382
24	386
24	390
24	394
24	398
24	402
24	406
24	410
24	414
24	418
24	421
24	425
24	429
24	432
24	436
24	439
24	443
24	446
24	450
24	454
24	458
24	462
24	466
24	470
24	475
24	479
24	485
24	490
24	496
24	503
24	511
24	520
25	167
25	177
25	185
25	193
25	200
25	207
25	214
25	220
25	226
25	232
25	238
25	244
25	250
25	255
25	260
25	265
25	270
25	274
25	278
25	282
25	285
25	289
25	292
25	295
25	298
25	301
25	304
25	307
25	310
25	312
25	315
25	318
25	320
25	324
25	326
25	329
25	332
25	335
25	338
25	341
25	345
25	348
25	352
25	355
25	359
25	363
25	367
25	371
25	376
25	380
25	386
25	391
25	397
25	402
25	408
25	414
25	420
25	425
25	431
25	436
25	441
25	446
25	451
25	456
25	461
25	466
25	472
25	477
25	483
25	490
25	497
25	506
25	516
26	168
26	178
26	187
26	195
26	202
26	209
26	216
26	222
26	228
26	233
26	239
26	244
26	249
26	253
26	258
26	261
26	265
26	269
26	272
26	275
26	279
26	281
26	284
26	287
26	290
26	292
26	295
26	298
26	301
26	303
26	306
26	309
26	312
26	315
26	318
26	321
26	324
26	327
26	331
26	334
26	338
26	342
26	346
26	350
26	355
26	359
26	364
26	369
26	375
26	381
26	387
26	394
26	401
26	408
26	415
26	423
26	430
26	437
26	444
26	451
26	458
26	466
26	474
26	482
26	491
26	502
27	171
27	181
27	190
27	198
27	206
27	213
27	220
27	227
27	233
27	239
27	244
27	249
27	254
27	259
27	263
27	268
27	272
27	276
27	280
27	284
27	288
27	292
27	296
27	300
27	304
27	308
27	312
27	316
27	321
27	325
27	330
27	335
27	340
27	346
27	352
27	358
27	364
27	371
27	378
27	385
27	392
27	400
27	408
27	416
27	423
27	430
27	437
27	444
27	451
27	458
27	465
27	472
27	480
27	488
27	497
27	508
28	176
28	186
28	195
28	204
28	213
28	222
28	230
28	238
28	246
28	254
28	261
28	268
28	274
28	281
28	287
28	293
28	299
28	305
28	311
28	317
28	323
28	329
28	335
28	341
28	347
28	353
28	359
28	365
28	371
28	377
28	383
28	389
28	395
28	401
28	407
28	413
28	418
28	423
28	428
28	433
28	437
28	442
28	446
28	451
28	455
28	460
28	465
28	470
28	475
28	480
28	486
28	492
28	499
28	507
28	516
29	226
29	237
29	248
29	258
29	268
29	277
29	285
29	293
29	300
29	307
29	313
29	319
29	324
29	330
29	334
29	339
29	344
29	348
29	353
29	357
29	362
29	366
29	370
29	374
29	378
29	382
29	386
29	390
29	394
29	398
29	402
29	405
29	409
29	412
29	416
29	419
29	422
29	425
29	429
29	431
29	435
29	437
29	441
29	443
29	446
29	449
29	452
29	455
29	458
29	461
29	464
29	467
29	470
29	474
29	477
29	481
29	485
29	489
29	494
29	498
29	504
29	509
29	516
29	523
29	532
29	544
30	251
30	262
30	272
30	281
30	289
30	296
30	302
30	308
30	313
30	318
30	322
30	326
30	330
30	333
30	336
30	340
30	342
30	345
30	348
30	351
30	353
30	356
30	359
30	361
30	364
30	367
30	369
30	372
30	374
30	377
30	379
30	382
30	384
30	387
30	389
30	392
30	394
30	396
30	399
30	401
30	403
30	406
30	408
30	410
30	412
30	415
30	416
30	419
30	421
30	423
30	425
30	428
30	429
30	432
30	434
30	436
30	439
30	440
30	443
30	445
30	447
30	450
30	452
30	454
30	457
30	459
30	462
30	464
30	467
30	469
30	472
30	475
30	478
30	481
30	484
30	487
30	491
30	495
30	498
30	503
30	507
30	512
30	518
30	524
30	531
30	540
31	179
31	191
31	202
31	213
31	225
31	237
31	248
31	258
31	267
31	275
31	282
31	289
31	294
31	300
31	303
31	308
31	311
31	315
31	318
31	321
31	324
31	327
31	330
31	332
31	334
31	337
31	339
31	341
31	343
31	345
31	347
31	349
31	351
31	353
31	354
31	357
31	358
31	360
31	362
31	364
31	365
31	367
31	369
31	371
31	372
31	374
31	376
31	378
31	379
31	381
31	383
31	385
31	386
31	388
31	390
31	392
31	393
31	395
31	397
31	399
31	400
31	402
31	404
31	406
31	407
31	409
31	411
31	413
31	414
31	416
31	418
31	420
31	422
31	424
31	425
31	428
31	429
31	432
31	434
31	435
31	438
31	440
31	442
31	445
31	446
31	449
31	451
31	454
31	456
31	459
31	462
31	465
31	467
31	471
31	474
31	477
31	481
31	484
31	488
31	492
31	496
31	501
31	506
31	512
31	518
31	525
31	534
31	545
32	166
32	176
32	185
32	194
32	203
32	212
32	221
32	230
32	239
32	247
32	255
32	262
32	269
32	275
32	281
32	285
32	290
32	293
32	298
32	301
32	304
32	307
32	311
32	312
32	316
32	318
32	321
32	323
32	326
32	328
32	331
32	333
32	335
32	338
32	340
32	342
32	344
32	347
32	349
32	351
32	353
32	356
32	358
32	360
32	362
32	365
32	367
32	369
32	371
32	374
32	376
32	378
32	381
32	383
32	385
32	388
32	390
32	393
32	395
32	398
32	400
32	403
32	405
32	408
32	410
32	413
32	416
32	418
32	421
32	424
32	427
32	430
32	433
32	437
32	439
32	444
32	447
32	451
32	455
32	459
32	464
32	469
32	474
32	480
32	486
32	493
32	500
32	508
32	517
33	161
33	171
33	180
33	188
33	196
33	203
33	210
33	217
33	224
33	231
33	238
33	245
33	251
33	257
33	263
33	269
33	273
33	278
33	282
33	285
33	290
33	292
33	296
33	299
33	302
33	305
33	308
33	311
33	313
33	317
33	319
33	322
33	325
33	328
33	331
33	334
33	337
33	340
33	343
33	346
33	349
33	352
33	355
33	358
33	361
33	365
33	368
33	371
33	375
33	378
33	382
33	386
33	389
33	394
33	397
33	402
33	406
33	410
33	415
33	419
33	424
33	429
33	435
33	440
33	446
33	453
33	460
33	468
33	477
33	488
34	161
34	171
34	180
34	188
34	195
34	202
34	209
34	216
34	223
34	230
34	237
34	243
34	249
34	254
34	259
34	263
34	268
34	271
34	275
34	278
34	282
34	284
34	288
34	291
34	293
34	296
34	299
34	302
34	304
34	307
34	310
34	313
34	315
34	319
34	321
34	325
34	327
34	331
34	334
34	337
34	341
34	344
34	348
34	352
34	356
34	360
34	365
34	369
34	375
34	380
34	386
34	392
34	398
34	405
34	412
34	420
34	428
34	437
34	448
35	158
35	168
35	176
35	183
35	190
35	196
35	202
35	208
35	214
35	220
35	226
35	231
35	237
35	242
35	247
35	251
35	255
35	259
35	262
35	265
35	269
35	271
35	274
35	277
35	280
35	282
35	285
35	288
35	290
35	293
35	296
35	298
35	301
35	304
35	307
35	310
35	313
35	316
35	319
35	323
35	326
35	330
35	334
35	338
35	342
35	347
35	352
35	357
35	363
35	369
35	376
35	384
35	392
35	401
35	411
36	154
36	163
36	171
36	178
36	184
36	190
36	196
36	201
36	207
36	212
36	217
36	222
36	227
36	232
36	237
36	241
36	245
36	249
36	252
36	255
36	259
36	261
36	264
36	267
36	270
36	272
36	275
36	278
36	280
36	283
36	286
36	288
36	291
36	294
36	297
36	300
36	303
36	306
36	309
36	313
36	316
36	320
36	324
36	328
36	333
36	338
36	343
36	349
36	355
36	362
36	369
36	377
36	386
36	397
37	154
37	163
37	170
37	176
37	182
37	188
37	194
37	199
37	204
37	209
37	214
37	219
37	224
37	229
37	233
37	238
37	242
37	246
37	250
37	253
37	257
37	260
37	264
37	267
37	271
37	274
37	277
37	281
37	284
37	288
37	291
37	295
37	299
37	303
37	307
37	312
37	316
37	321
37	326
37	332
37	338
37	345
37	353
37	362
37	372
37	384
38	162
38	172
38	181
38	189
38	197
38	204
38	211
38	218
38	224
38	230
38	236
38	241
38	246
38	251
38	256
38	261
38	266
38	271
38	276
38	281
38	287
38	292
38	298
38	304
38	311
38	318
38	326
38	334
38	343
38	354
39	190
39	201
39	212
39	223
39	233
39	243
39	252
39	261
39	270
39	279
39	288
39	297
39	307
39	317
39	329
40	266
40	277
40	288
40	299
40	310
40	323
41	276
41	288
41	301
44	227
44	238
44	249
44	260
44	271
44	282
44	294
45	212
45	224
45	235
45	246
45	257
45	268
45	279
45	291
46	200
46	212
46	224
46	237
46	250
46	263
48	267
48	280
49	270
49	282
49	295
50	269
63	307
63	319
63	331
63	344
64	287
64	297
64	306
64	314
64	322
64	330
64	337
64	345
64	353
64	361
64	369
64	377
64	385
64	393
64	401
64	409
64	417
64	425
64	433
64	442
64	451
64	461
64	473
65	282
65	292
65	301
65	309
65	316
65	323
65	329
65	335
65	341
65	347
65	353
65	359
65	365
65	371
65	377
65	383
65	389
65	396
65	403
65	410
65	417
65	424
65	431
65	437
65	444
65	451
65	458
65	465
65	473
65	482
65	493
66	281
66	292
66	302
66	312
66	322
66	331
66	340
66	349
66	358
66	367
66	376
66	385
66	394
66	404
66	413
66	421
66	429
66	435
66	441
66	446
66	452
66	457
66	463
66	469
66	475
66	482
66	489
66	497
66	507
67	269
67	279
67	287
67	294
67	300
67	306
67	312
67	318
67	324
67	330
67	336
67	342
67	348
67	355
67	362
67	369
67	377
67	385
67	393
67	401
67	409
67	416
67	422
67	428
67	432
67	437
67	441
67	445
67	449
67	453
67	457
67	461
67	465
67	469
67	474
67	479
67	485
67	491
67	498
67	506
67	515
68	268
68	277
68	283
68	289
68	294
68	299
68	303
68	308
68	312
68	316
68	320
68	324
68	328
68	332
68	336
68	340
68	344
68	348
68	352
68	356
68	360
68	364
68	368
68	373
68	377
68	382
68	386
68	391
68	395
68	400
68	404
68	409
68	413
68	418
68	422
68	426
68	430
68	434
68	438
68	442
68	446
68	450
68	455
68	459
68	464
68	469
68	475
68	481
68	488
68	496
68	505
69	273
69	283
69	291
69	298
69	304
69	310
69	316
69	321
69	327
69	332
69	337
69	342
69	347
69	352
69	357
69	362
69	367
69	372
69	377
69	382
69	387
69	392
69	397
69	402
69	407
69	413
69	418
69	424
69	430
69	436
69	443
69	451
69	460
69	470
70	280
70	290
70	299
70	307
70	315
70	323
70	330
70	337
70	344
70	351
70	358
70	365
70	372
70	379
70	386
70	393
70	400
70	407
70	413
70	420
70	426
70	433
70	440
70	447
70	455
70	463
70	472
70	484
71	273
71	282
71	289
71	295
71	301
71	306
71	311
71	315
71	320
71	324
71	328
71	332
71	336
71	340
71	344
71	348
71	352
71	356
71	360
71	364
71	368
71	372
71	376
71	380
71	384
71	388
71	391
71	395
71	399
71	402
71	406
71	409
71	413
71	416
71	420
71	423
71	427
71	430
71	434
71	437
71	441
71	445
71	449
71	454
71	458
71	464
71	469
71	475
71	482
71	490
71	500
72	272
72	281
72	287
72	292
72	297
72	301
72	304
72	308
72	311
72	314
72	317
72	320
72	323
72	325
72	329
72	331
72	333
72	336
72	339
72	341
72	343
72	346
72	348
72	351
72	353
72	355
72	358
72	360
72	362
72	365
72	367
72	369
72	372
72	374
72	376
72	379
72	381
72	383
72	386
72	388
72	390
72	392
72	395
72	397
72	399
72	401
72	404
72	406
72	408
72	410
72	413
72	415
72	417
72	419
72	422
72	424
72	426
72	429
72	431
72	434
72	436
72	439
72	442
72	445
72	448
72	451
72	455
72	458
72	462
72	466
72	471
72	476
72	482
72	488
72	496
72	505
73	286
73	294
73	301
73	307
73	312
73	317
73	322
73	326
73	330
73	333
73	337
73	341
73	343
73	347
73	350
73	353
73	356
73	359
73	362
73	364
73	368
73	370
73	373
73	376
73	378
73	381
73	384
73	386
73	389
73	392
73	394
73	397
73	400
73	402
73	405
73	408
73	410
73	414
73	416
73	419
73	423
73	426
73	429
73	433
73	437
73	441
73	446
73	450
73	456
73	461
73	467
73	474
73	482
73	492
74	446
74	458
75	280
75	290
75	299
75	307
75	315
75	323
75	331
75	339
75	347
75	355
75	363
75	371
75	379
75	387
75	395
75	403
75	411
75	419
75	426
75	432
75	438
75	444
75	449
75	455
75	460
75	466
75	472
75	478
75	485
75	493
75	503
76	280
76	290
76	298
76	305
76	312
76	318
76	324
76	330
76	336
76	342
76	347
76	353
76	358
76	364
76	369
76	375
76	380
76	386
76	391
76	397
76	402
76	408
76	413
76	419
76	424
76	429
76	434
76	439
76	444
76	449
76	454
76	459
76	464
76	469
76	475
76	481
76	488
76	496
76	506
77	311
77	322
77	333
77	343
77	353
77	363
77	372
77	381
77	390
77	399
77	408
77	417
77	427
77	437
77	448
-1	-1
