-1	-1
0	176
0	186
0	195
0	203
0	210
0	217
0	224
0	230
0	237
0	244
0	252
0	260
0	269
0	280
1	188
1	199
1	209
1	218
1	227
1	236
1	245
1	255
2	192
2	203
2	213
2	222
2	231
2	241
2	252
3	190
3	201
3	211
3	220
3	229
3	238
3	248
3	260
4	186
4	197
4	206
4	215
4	223
4	231
4	239
4	248
4	258
5	180
5	191
5	200
5	209
5	217
5	224
5	231
5	239
5	247
5	256
5	266
6	171
6	181
6	190
6	198
6	205
6	212
6	219
6	225
6	231
6	237
6	244
6	251
6	259
6	267
6	276
6	287
7	163
7	173
7	181
7	189
7	195
7	201
7	207
7	212
7	217
7	222
7	226
7	231
7	235
7	240
7	245
7	250
7	256
7	262
7	268
7	275
7	283
7	292
7	303
8	161
8	171
8	179
8	185
8	191
8	196
8	201
8	205
8	210
8	213
8	218
8	221
8	225
8	228
8	232
8	235
8	239
8	243
8	246
8	250
8	254
8	258
8	263
8	268
8	273
8	279
8	285
8	292
8	300
8	309
8	320
9	157
9	166
9	173
9	180
9	185
9	190
9	194
9	199
9	202
9	206
9	210
9	213
9	216
9	220
9	222
9	226
9	228
9	232
9	234
9	238
9	240
9	244
9	247
9	250
9	254
9	257
9	261
9	265
9	269
9	274
9	278
9	284
9	289
9	296
9	303
9	311
9	320
9	332
10	150
10	159
10	165
10	171
10	176
10	181
10	185
10	190
10	193
10	197
10	201
10	204
10	207
10	211
10	213
10	217
10	220
10	222
10	225
10	228
10	231
10	233
10	237
10	239
10	242
10	245
10	248
10	251
10	255
10	258
10	262
10	266
10	269
10	274
10	278
10	283
10	288
10	294
10	300
10	307
10	315
10	324
10	334
11	150
11	159
11	165
11	171
11	175
11	180
11	183
11	187
11	191
11	193
11	197
11	200
11	203
11	206
11	209
11	212
11	214
11	217
11	220
11	222
11	225
11	227
11	230
11	233
11	235
11	238
11	241
11	244
11	246
11	249
11	253
11	255
11	259
11	262
11	266
11	269
11	274
11	277
11	282
11	287
11	292
11	298
11	304
11	311
11	318
11	326
11	335
11	345
11	357
12	150
12	159
12	164
12	170
12	173
12	177
12	181
12	183
12	187
12	190
12	193
12	196
12	199
12	202
12	204
12	207
12	210
12	212
12	215
12	218
12	220
12	223
12	225
12	228
12	230
12	233
12	236
12	238
12	241
12	244
12	247
12	250
12	254
12	257
12	260
12	264
12	268
12	272
12	276
12	281
12	286
12	291
12	297
12	303
12	309
12	316
12	323
12	331
12	339
12	348
12	357
12	368
13	152
13	161
13	168
13	173
13	178
13	182
13	186
13	190
13	193
13	197
13	200
13	203
13	206
13	210
13	212
13	216
13	219
13	222
13	226
13	228
13	232
13	235
13	239
13	242
13	246
13	250
13	254
13	258
13	262
13	267
13	271
13	276
13	281
13	286
13	291
13	297
13	303
13	309
13	315
13	322
13	329
13	336
13	343
13	351
13	359
13	368
13	378
13	389
14	158
14	167
14	174
14	180
14	185
14	190
14	195
14	200
14	204
14	209
14	213
14	218
14	222
14	226
14	231
14	235
14	240
14	244
14	249
14	253
14	258
14	262
14	267
14	271
14	276
14	281
14	286
14	291
14	296
14	301
14	306
14	311
14	316
14	321
14	327
14	332
14	338
14	343
14	349
14	355
14	361
14	367
14	374
14	382
14	391
14	401
14	413
15	158
15	168
15	175
15	181
15	187
15	192
15	197
15	202
15	206
15	211
15	215
15	220
15	224
15	228
15	232
15	236
15	240
15	244
15	248
15	252
15	256
15	260
15	264
15	268
15	271
15	275
15	279
15	282
15	286
15	290
15	294
15	298
15	302
15	306
15	310
15	314
15	318
15	322
15	326
15	330
15	334
15	338
15	342
15	346
15	351
15	355
15	359
15	364
15	368
15	374
15	379
15	385
15	392
15	399
15	407
15	416
15	427
16	160
16	170
16	178
16	185
16	191
16	197
16	202
16	208
16	213
16	218
16	223
16	227
16	232
16	236
16	241
16	245
16	249
16	253
16	257
16	261
16	264
16	268
16	271
16	275
16	278
16	281
16	285
16	288
16	291
16	295
16	298
16	301
16	305
16	308
16	312
16	315
16	319
16	322
16	326
16	329
16	333
16	337
16	340
16	344
16	348
16	351
16	355
16	359
16	363
16	367
16	371
16	376
16	380
16	386
16	391
16	397
16	404
16	412
16	421
16	433
17	167
17	177
17	186
17	194
17	201
17	208
17	214
17	220
17	226
17	232
17	238
17	243
17	249
17	253
17	258
17	262
17	267
17	271
17	275
17	279
17	282
17	286
17	289
17	293
17	296
17	300
17	303
17	307
17	310
17	314
17	317
17	321
17	325
17	328
17	332
17	336
17	339
17	343
17	347
17	351
17	355
17	359
17	363
17	367
17	372
17	376
17	381
17	387
17	393
17	400
17	407
17	416
17	427
18	167
18	177
18	186
18	194
18	202
18	210
18	218
18	225
18	232
18	239
18	246
18	253
18	260
18	266
18	272
18	278
18	283
18	288
18	293
18	298
18	303
18	308
18	313
18	318
18	323
18	328
18	333
18	338
18	344
18	349
18	355
18	361
18	367
18	374
18	382
18	391
18	401
19	171
19	182
19	191
19	200
19	209
19	218
19	227
19	236
19	245
19	254
19	263
19	272
19	280
19	288
19	296
19	304
19	312
19	321
19	330
19	339
19	348
19	358
19	370
20	178
20	189
20	199
20	208
20	217
20	226
20	235
20	245
20	255
20	266
20	277
20	288
20	299
20	311
21	186
21	197
21	208
21	218
21	228
21	238
21	249
21	260
21	271
21	282
21	293
21	304
21	317
22	190
22	201
22	211
22	221
22	231
22	241
22	252
22	263
22	275
22	287
22	299
22	312
22	327
23	197
23	208
23	218
23	227
23	236
23	246
23	256
23	266
23	277
23	288
23	299
23	310
23	321
23	332
23	344
23	356
24	190
24	201
24	211
24	220
24	228
24	236
24	244
24	252
24	260
24	268
24	277
24	286
24	295
24	304
24	313
24	322
24	331
24	340
24	349
24	358
24	367
24	377
24	388
25	182
25	193
25	203
25	212
25	220
25	228
25	235
25	242
25	249
25	256
25	263
25	270
25	277
25	284
25	291
25	298
25	305
25	312
25	319
25	325
25	331
25	337
25	343
25	349
25	355
25	361
25	367
25	374
25	381
25	388
25	396
25	405
25	415
26	180
26	191
26	200
26	208
26	216
26	223
26	230
26	236
26	242
26	248
26	254
26	260
26	266
26	272
26	278
26	283
26	289
26	294
26	300
26	305
26	310
26	315
26	320
26	324
26	329
26	333
26	337
26	342
26	346
26	350
26	354
26	358
26	362
26	366
26	370
26	375
26	379
26	385
26	390
26	396
26	402
26	409
26	417
26	426
26	437
27	188
27	198
27	207
27	215
27	222
27	229
27	235
27	241
27	246
27	252
27	257
27	262
27	267
27	271
27	276
27	280
27	284
27	288
27	292
27	296
27	300
27	304
27	308
27	312
27	315
27	319
27	323
27	326
27	330
27	333
27	337
27	340
27	344
27	347
27	351
27	354
27	358
27	361
27	365
27	368
27	372
27	376
27	380
27	384
27	388
27	393
27	398
27	404
27	410
27	417
27	425
27	434
27	445
28	180
28	191
28	200
28	208
28	216
28	223
28	229
28	234
28	240
28	244
28	249
28	253
28	258
28	261
28	265
28	269
28	272
28	276
28	279
28	283
28	286
28	290
28	293
28	296
28	300
28	303
28	306
28	310
28	312
28	316
28	319
28	322
28	325
28	329
28	331
28	335
28	338
28	341
28	345
28	348
28	351
28	355
28	358
28	361
28	365
28	368
28	372
28	376
28	380
28	385
28	389
28	394
28	399
28	405
28	411
28	418
28	426
28	435
28	446
29	176
29	186
29	195
29	203
29	211
29	218
29	224
29	230
29	235
29	240
29	245
29	250
29	253
29	258
29	261
29	265
29	269
29	272
29	276
29	279
29	283
29	286
29	290
29	293
29	296
29	300
29	303
29	306
29	310
29	313
29	316
29	320
29	322
29	326
29	329
29	332
29	335
29	338
29	341
29	344
29	347
29	350
29	353
29	356
29	359
29	362
29	365
29	368
29	371
29	375
29	378
29	382
29	386
29	389
29	394
29	398
29	403
29	408
29	414
29	420
29	427
29	435
29	444
29	455
30	187
30	198
30	208
30	217
30	225
30	232
30	239
30	245
30	251
30	256
30	261
30	266
30	271
30	275
30	280
30	284
30	288
30	292
30	296
30	300
30	304
30	308
30	312
30	315
30	319
30	322
30	325
30	329
30	332
30	335
30	338
30	341
30	343
30	347
30	349
30	352
30	354
30	357
30	360
30	362
30	365
30	367
30	370
30	373
30	376
30	378
30	382
30	385
30	388
30	392
30	395
30	399
30	403
30	407
30	412
30	417
30	422
30	428
30	435
30	442
30	451
30	462
31	207
31	218
31	228
31	238
31	247
31	255
31	262
31	269
31	275
31	281
31	286
31	291
31	296
31	300
31	304
31	308
31	312
31	315
31	319
31	322
31	325
31	329
31	331
31	334
31	337
31	340
31	342
31	344
31	347
31	349
31	352
31	353
31	356
31	358
31	360
31	363
31	364
31	367
31	369
31	371
31	374
31	376
31	378
31	381
31	384
31	386
31	389
31	392
31	395
31	398
31	402
31	405
31	409
31	413
31	417
31	422
31	427
31	433
31	439
31	446
31	455
31	465
32	211
32	223
32	234
32	245
32	255
32	264
32	272
32	279
32	284
32	290
32	293
32	298
32	301
32	304
32	308
32	311
32	313
32	317
32	319
32	322
32	325
32	327
32	330
32	332
32	335
32	337
32	340
32	342
32	344
32	347
32	349
32	351
32	354
32	356
32	358
32	361
32	363
32	366
32	368
32	370
32	374
32	376
32	378
32	382
32	385
32	388
32	391
32	395
32	398
32	403
32	407
32	412
32	417
32	423
32	429
32	437
32	446
32	457
33	202
33	213
33	224
33	234
33	244
33	253
33	261
33	268
33	274
33	280
33	283
33	288
33	291
33	294
33	298
33	301
33	303
33	307
33	309
33	312
33	315
33	317
33	320
33	323
33	325
33	328
33	331
33	333
33	336
33	339
33	341
33	344
33	347
33	349
33	352
33	355
33	358
33	360
33	364
33	367
33	370
33	374
33	377
33	381
33	385
33	389
33	394
33	399
33	405
33	411
33	418
33	426
33	436
34	199
34	210
34	220
34	230
34	239
34	248
34	255
34	261
34	266
34	271
34	275
34	280
34	283
34	287
34	291
34	294
34	298
34	301
34	304
34	308
34	311
34	315
34	318
34	322
34	325
34	329
34	333
34	337
34	341
34	345
34	349
34	353
34	357
34	362
34	366
34	371
34	376
34	382
34	388
34	395
34	403
34	412
34	424
35	196
35	207
35	218
35	228
35	237
35	245
35	252
35	257
35	262
35	266
35	270
35	273
35	277
35	280
35	283
35	287
35	290
35	293
35	297
35	300
35	303
35	307
35	310
35	314
35	318
35	322
35	326
35	330
35	335
35	339
35	345
35	350
35	356
35	362
35	368
35	375
35	383
35	392
35	403
36	189
36	200
36	210
36	220
36	229
36	237
36	243
36	249
36	253
36	258
36	262
36	265
36	269
36	272
36	276
36	279
36	283
36	286
36	290
36	293
36	297
36	301
36	305
36	309
36	314
36	318
36	324
36	329
36	335
36	341
36	348
36	355
36	363
36	372
36	382
37	179
37	189
37	198
37	206
37	214
37	221
37	228
37	234
37	240
37	244
37	249
37	253
37	257
37	261
37	264
37	268
37	271
37	275
37	278
37	282
37	286
37	289
37	294
37	297
37	302
37	306
37	311
37	316
37	321
37	327
37	333
37	339
37	346
37	354
37	362
37	371
37	382
38	178
38	188
38	196
38	204
38	211
38	218
38	224
38	230
38	235
38	241
38	245
38	250
38	254
38	259
38	263
38	267
38	271
38	276
38	280
38	285
38	289
38	294
38	299
38	305
38	310
38	316
38	323
38	330
38	337
38	345
38	354
38	364
38	375
39	178
39	188
39	197
39	205
39	212
39	219
39	225
39	231
39	237
39	242
39	247
39	252
39	256
39	261
39	265
39	270
39	275
39	280
39	285
39	290
39	296
39	302
39	309
39	316
39	324
39	333
39	343
39	355
40	177
40	187
40	195
40	203
40	210
40	217
40	224
40	230
40	236
40	242
40	248
40	254
40	260
40	266
40	272
40	278
40	285
40	292
40	300
40	309
40	319
41	187
41	198
41	208
41	217
41	226
41	234
41	242
41	250
41	258
41	266
41	274
41	282
41	291
41	301
41	313
42	181
42	192
42	203
42	213
42	223
42	233
42	243
42	252
42	261
42	271
42	281
42	292
42	304
43	191
43	202
43	212
43	222
43	232
43	242
43	252
43	262
43	272
43	283
43	295
44	209
44	221
44	234
44	249
64	281
64	292
64	303
64	314
64	326
65	261
65	272
65	282
65	291
65	300
65	309
65	318
65	327
65	337
65	347
65	357
65	367
65	379
66	253
66	262
66	270
66	276
66	282
66	288
66	294
66	300
66	306
66	312
66	319
66	326
66	333
66	341
66	349
66	357
66	365
66	373
66	382
66	392
67	252
67	261
67	267
67	272
67	277
67	281
67	285
67	289
67	293
67	297
67	301
67	305
67	309
67	313
67	317
67	321
67	326
67	330
67	335
67	340
67	345
67	351
67	356
67	362
67	368
67	375
67	382
67	390
67	399
68	257
68	264
68	271
68	274
68	280
68	282
68	287
68	290
68	293
68	296
68	299
68	302
68	305
68	308
68	311
68	314
68	317
68	320
68	323
68	326
68	329
68	333
68	336
68	339
68	343
68	346
68	350
68	354
68	358
68	363
68	367
68	373
68	378
68	385
68	392
68	401
69	260
69	270
69	278
69	284
69	290
69	294
69	299
69	303
69	307
69	311
69	314
69	318
69	321
69	324
69	328
69	331
69	334
69	338
69	341
69	344
69	348
69	351
69	355
69	358
69	362
69	366
69	370
69	375
69	379
69	385
69	391
69	398
69	406
69	416
70	258
70	268
70	276
70	284
70	291
70	298
70	304
70	310
70	315
70	320
70	324
70	329
70	333
70	337
70	341
70	344
70	348
70	351
70	355
70	358
70	362
70	366
70	370
70	375
70	379
70	384
70	389
70	395
70	402
70	410
70	419
71	257
71	265
71	272
71	278
71	283
71	289
71	294
71	299
71	304
71	309
71	314
71	319
71	324
71	329
71	334
71	339
71	344
71	349
71	355
71	360
71	366
71	372
71	379
71	386
71	395
71	405
72	260
72	269
72	276
72	282
72	287
72	292
72	296
72	301
72	305
72	309
72	313
72	317
72	321
72	325
72	329
72	333
72	337
72	341
72	346
72	350
72	355
72	359
72	364
72	369
72	374
72	380
72	386
72	393
72	401
72	410
73	286
73	295
73	303
73	310
73	316
73	322
73	327
73	332
73	337
73	341
73	346
73	350
73	354
73	359
73	363
73	367
73	372
73	376
73	381
73	386
73	392
73	398
73	405
73	413
73	423
74	328
74	338
74	347
74	355
74	362
74	369
74	376
74	384
74	393
74	403
76	299
76	311
76	324
-1	-1
