-1	-1
0	188
0	199
0	208
0	216
0	224
0	231
0	238
0	245
0	252
0	259
0	266
0	274
0	283
0	293
1	201
1	212
1	222
1	231
1	240
1	249
1	258
1	268
2	208
2	219
2	229
2	239
2	248
2	258
2	269
3	208
3	219
3	229
3	239
3	249
3	259
3	270
4	207
4	218
4	228
4	237
4	246
4	255
4	264
4	274
4	285
5	200
5	211
5	221
5	230
5	238
5	246
5	254
5	262
5	271
5	281
5	292
6	189
6	199
6	208
6	216
6	224
6	231
6	238
6	245
6	252
6	259
6	266
6	274
6	282
6	291
6	301
7	177
7	187
7	195
7	202
7	209
7	215
7	221
7	227
7	232
7	238
7	243
7	248
7	253
7	258
7	264
7	270
7	276
7	283
7	291
7	299
7	308
7	319
8	172
8	182
8	190
8	196
8	202
8	207
8	212
8	217
8	222
8	226
8	231
8	235
8	240
8	244
8	249
8	253
8	258
8	263
8	268
8	273
8	279
8	285
8	292
8	299
8	307
8	316
8	326
9	169
9	179
9	187
9	193
9	199
9	204
9	209
9	213
9	218
9	222
9	226
9	230
9	233
9	237
9	240
9	244
9	247
9	251
9	254
9	258
9	261
9	265
9	268
9	272
9	276
9	280
9	285
9	289
9	295
9	300
9	306
9	312
9	319
9	327
9	336
9	345
9	355
9	367
10	164
10	172
10	179
10	184
10	190
10	194
10	199
10	203
10	207
10	211
10	215
10	219
10	222
10	226
10	229
10	233
10	236
10	239
10	242
10	245
10	248
10	251
10	254
10	257
10	260
10	264
10	267
10	270
10	274
10	277
10	281
10	285
10	289
10	294
10	298
10	304
10	309
10	315
10	321
10	328
10	336
10	344
10	353
10	363
10	374
10	385
11	161
11	170
11	177
11	183
11	188
11	192
11	196
11	201
11	203
11	208
11	211
11	214
11	218
11	221
11	223
11	227
11	229
11	232
11	235
11	238
11	240
11	243
11	246
11	248
11	251
11	253
11	256
11	258
11	261
11	264
11	266
11	269
11	272
11	275
11	278
11	281
11	285
11	288
11	292
11	296
11	299
11	304
11	308
11	313
11	318
11	323
11	328
11	334
11	340
11	347
11	354
11	362
11	370
11	378
11	387
11	397
11	407
11	418
11	429
12	158
12	167
12	173
12	179
12	183
12	187
12	191
12	194
12	198
12	201
12	204
12	208
12	211
12	213
12	217
12	219
12	222
12	225
12	228
12	231
12	233
12	236
12	239
12	241
12	244
12	247
12	249
12	252
12	255
12	258
12	260
12	264
12	266
12	269
12	273
12	276
12	279
12	283
12	286
12	290
12	294
12	298
12	302
12	307
12	311
12	316
12	321
12	326
12	332
12	338
12	344
12	350
12	357
12	364
12	371
12	378
12	386
12	394
12	403
12	413
12	423
13	157
13	164
13	171
13	175
13	180
13	183
13	188
13	191
13	194
13	198
13	201
13	204
13	207
13	210
13	212
13	215
13	218
13	220
13	223
13	226
13	228
13	231
13	233
13	236
13	238
13	241
13	244
13	246
13	249
13	252
13	255
13	257
13	260
13	264
13	266
13	270
13	273
13	276
13	280
13	283
13	287
13	291
13	295
13	299
13	303
13	308
13	312
13	317
13	322
13	327
13	332
13	337
13	342
13	348
13	354
13	360
13	366
13	372
13	378
13	385
13	392
13	400
13	409
13	419
14	157
14	164
14	171
14	175
14	181
14	185
14	190
14	193
14	198
14	201
14	205
14	208
14	212
14	215
14	218
14	222
14	224
14	228
14	231
14	234
14	237
14	240
14	244
14	247
14	250
14	254
14	257
14	261
14	265
14	269
14	273
14	277
14	281
14	285
14	289
14	294
14	298
14	303
14	307
14	312
14	317
14	322
14	327
14	332
14	337
14	342
14	347
14	352
14	357
14	362
14	368
14	373
14	379
14	385
14	391
14	398
14	405
14	413
14	422
14	433
15	158
15	167
15	173
15	179
15	184
15	189
15	193
15	198
15	202
15	206
15	210
15	214
15	218
15	222
15	226
15	230
15	233
15	237
15	241
15	245
15	249
15	253
15	257
15	261
15	265
15	269
15	274
15	278
15	283
15	287
15	292
15	296
15	301
15	306
15	311
15	316
15	321
15	326
15	331
15	336
15	341
15	346
15	351
15	356
15	361
15	366
15	371
15	376
15	381
15	386
15	392
15	398
15	404
15	411
15	418
15	426
15	435
15	446
16	157
16	166
16	173
16	180
16	186
16	192
16	197
16	202
16	207
16	212
16	217
16	222
16	227
16	231
16	236
16	240
16	245
16	249
16	254
16	258
16	263
16	267
16	272
16	276
16	281
16	285
16	290
16	294
16	299
16	303
16	308
16	312
16	316
16	320
16	324
16	328
16	332
16	336
16	340
16	344
16	348
16	352
16	356
16	360
16	364
16	368
16	372
16	376
16	380
16	384
16	388
16	392
16	397
16	401
16	406
16	411
16	416
16	422
16	428
16	435
16	443
16	452
16	463
17	153
17	162
17	170
17	176
17	182
17	188
17	193
17	199
17	204
17	209
17	214
17	219
17	223
17	228
17	232
17	237
17	241
17	245
17	249
17	253
17	257
17	261
17	265
17	269
17	273
17	277
17	281
17	285
17	289
17	293
17	297
17	301
17	304
17	308
17	311
17	315
17	318
17	322
17	325
17	329
17	332
17	335
17	339
17	342
17	345
17	349
17	352
17	355
17	358
17	361
17	364
17	367
17	370
17	373
17	376
17	379
17	382
17	385
17	388
17	391
17	395
17	398
17	402
17	405
17	409
17	413
17	417
17	422
17	427
17	432
17	438
17	444
17	451
17	459
17	469
18	157
18	166
18	173
18	180
18	186
18	192
18	197
18	203
18	208
18	213
18	218
18	223
18	228
18	233
18	237
18	242
18	246
18	251
18	255
18	260
18	264
18	269
18	273
18	277
18	281
18	285
18	289
18	293
18	297
18	301
18	304
18	308
18	312
18	315
18	319
18	322
18	326
18	329
18	333
18	336
18	340
18	343
18	346
18	350
18	353
18	356
18	359
18	362
18	365
18	368
18	371
18	374
18	377
18	380
18	384
18	387
18	390
18	394
18	397
18	401
18	405
18	409
18	414
18	418
18	424
18	429
18	436
18	443
18	451
18	461
19	159
19	168
19	176
19	183
19	189
19	195
19	201
19	206
19	211
19	216
19	221
19	226
19	231
19	236
19	241
19	246
19	251
19	256
19	261
19	266
19	271
19	276
19	281
19	286
19	291
19	296
19	301
19	306
19	311
19	316
19	321
19	326
19	331
19	336
19	340
19	345
19	349
19	354
19	358
19	363
19	367
19	372
19	377
19	382
19	387
19	393
19	398
19	405
19	412
19	420
19	429
19	439
20	169
20	179
20	187
20	194
20	201
20	207
20	213
20	219
20	225
20	231
20	237
20	243
20	249
20	255
20	261
20	267
20	274
20	281
20	288
20	295
20	302
20	309
20	316
20	323
20	330
20	337
20	344
20	351
20	359
20	367
20	375
20	383
20	392
20	402
20	413
21	178
21	188
21	197
21	205
21	213
21	220
21	227
21	234
21	241
21	248
21	255
21	262
21	270
21	278
21	286
21	295
21	304
21	313
21	322
21	332
21	342
21	351
21	360
21	369
21	378
21	388
21	399
21	414
22	181
22	192
22	201
22	210
22	218
22	225
22	232
22	239
22	245
22	252
22	259
22	266
22	274
22	282
22	290
22	299
22	308
22	318
22	328
22	338
22	348
22	358
22	368
22	379
22	391
23	187
23	198
23	207
23	216
23	224
23	231
23	238
23	245
23	252
23	259
23	266
23	274
23	282
23	290
23	299
23	308
23	318
23	328
23	338
23	348
23	358
23	369
23	380
23	392
24	192
24	203
24	213
24	222
24	230
24	238
24	245
24	252
24	259
24	266
24	273
24	281
24	289
24	297
24	305
24	313
24	321
24	329
24	337
24	345
24	353
24	361
24	369
24	377
24	385
24	393
24	402
24	412
24	422
24	433
24	445
25	182
25	193
25	202
25	210
25	218
25	226
25	233
25	240
25	247
25	253
25	260
25	266
25	273
25	280
25	287
25	294
25	301
25	308
25	315
25	322
25	328
25	334
25	340
25	346
25	352
25	358
25	364
25	370
25	375
25	381
25	386
25	392
25	398
25	404
25	410
25	417
25	424
25	432
25	440
25	449
25	459
26	178
26	188
26	196
26	203
26	210
26	216
26	222
26	228
26	234
26	240
26	245
26	250
26	255
26	260
26	265
26	270
26	275
26	280
26	285
26	290
26	295
26	300
26	305
26	310
26	315
26	320
26	324
26	329
26	333
26	338
26	342
26	346
26	350
26	354
26	358
26	362
26	366
26	370
26	374
26	378
26	382
26	385
26	389
26	393
26	397
26	401
26	405
26	409
26	414
26	418
26	423
26	428
26	434
26	440
26	446
26	453
26	461
26	470
26	481
27	177
27	186
27	194
27	201
27	207
27	213
27	218
27	223
27	228
27	232
27	237
27	241
27	245
27	249
27	253
27	257
27	261
27	264
27	268
27	272
27	275
27	279
27	283
27	286
27	290
27	293
27	297
27	300
27	304
27	307
27	311
27	314
27	318
27	321
27	325
27	328
27	332
27	335
27	338
27	342
27	345
27	348
27	352
27	354
27	358
27	361
27	364
27	367
27	370
27	373
27	376
27	379
27	382
27	385
27	388
27	391
27	394
27	397
27	400
27	404
27	407
27	410
27	414
27	417
27	421
27	425
27	429
27	434
27	438
27	444
27	449
27	455
27	462
27	470
27	479
28	176
28	185
28	193
28	200
28	206
28	212
28	218
28	223
28	228
28	233
28	237
28	242
28	245
28	250
28	253
28	257
28	261
28	264
28	268
28	271
28	274
28	278
28	281
28	284
28	287
28	290
28	293
28	296
28	299
28	302
28	305
28	308
28	311
28	314
28	317
28	320
28	323
28	326
28	329
28	332
28	335
28	338
28	341
28	344
28	347
28	350
28	353
28	356
28	359
28	362
28	365
28	368
28	371
28	374
28	377
28	380
28	383
28	386
28	389
28	392
28	395
28	398
28	401
28	405
28	408
28	412
28	415
28	419
28	423
28	427
28	431
28	436
28	441
28	446
28	452
28	458
28	465
28	473
28	483
29	179
29	189
29	198
29	206
29	213
29	220
29	226
29	232
29	238
29	243
29	248
29	253
29	258
29	262
29	266
29	270
29	273
29	277
29	281
29	284
29	288
29	291
29	294
29	297
29	301
29	303
29	307
29	310
29	313
29	317
29	320
29	323
29	327
29	330
29	333
29	337
29	340
29	343
29	347
29	350
29	354
29	357
29	361
29	364
29	368
29	371
29	375
29	378
29	382
29	385
29	388
29	392
29	395
29	398
29	402
29	405
29	409
29	413
29	417
29	421
29	425
29	429
29	434
29	438
29	443
29	448
29	454
29	460
29	467
29	475
29	484
30	192
30	203
30	212
30	221
30	229
30	237
30	244
30	251
30	258
30	264
30	270
30	275
30	280
30	285
30	290
30	294
30	299
30	303
30	308
30	312
30	317
30	322
30	326
30	331
30	336
30	340
30	345
30	349
30	354
30	358
30	363
30	367
30	372
30	376
30	380
30	384
30	388
30	392
30	396
30	400
30	405
30	409
30	414
30	418
30	423
30	428
30	433
30	438
30	444
30	450
30	456
30	463
30	470
30	478
30	488
31	206
31	217
31	228
31	238
31	247
31	256
31	264
31	271
31	278
31	285
31	292
31	298
31	304
31	310
31	316
31	322
31	327
31	332
31	337
31	342
31	346
31	351
31	354
31	359
31	362
31	366
31	370
31	373
31	377
31	380
31	383
31	387
31	390
31	393
31	397
31	400
31	404
31	407
31	411
31	414
31	418
31	422
31	426
31	430
31	435
31	439
31	444
31	449
31	455
31	461
31	468
31	476
31	485
31	496
32	222
32	233
32	243
32	253
32	262
32	271
32	280
32	288
32	296
32	303
32	309
32	314
32	320
32	324
32	329
32	332
32	336
32	340
32	343
32	347
32	350
32	353
32	356
32	359
32	362
32	364
32	367
32	370
32	372
32	374
32	377
32	379
32	382
32	384
32	386
32	389
32	391
32	393
32	396
32	398
32	400
32	403
32	405
32	408
32	410
32	413
32	416
32	418
32	421
32	424
32	427
32	430
32	434
32	437
32	441
32	445
32	449
32	454
32	458
32	464
32	469
32	475
32	482
32	490
32	499
33	226
33	237
33	247
33	256
33	265
33	274
33	282
33	290
33	296
33	302
33	306
33	311
33	314
33	318
33	321
33	324
33	327
33	330
33	332
33	335
33	338
33	340
33	342
33	345
33	347
33	350
33	352
33	353
33	356
33	358
33	360
33	362
33	364
33	366
33	368
33	370
33	372
33	374
33	376
33	378
33	380
33	382
33	384
33	386
33	388
33	390
33	392
33	394
33	396
33	398
33	400
33	403
33	405
33	407
33	410
33	412
33	415
33	417
33	420
33	423
33	426
33	429
33	432
33	436
33	439
33	443
33	447
33	451
33	456
33	460
33	466
33	471
33	477
33	484
33	492
33	501
34	230
34	241
34	251
34	260
34	269
34	277
34	284
34	290
34	295
34	300
34	303
34	307
34	311
34	313
34	317
34	320
34	322
34	325
34	328
34	330
34	332
34	335
34	337
34	340
34	342
34	344
34	347
34	349
34	351
34	353
34	356
34	358
34	360
34	362
34	365
34	367
34	369
34	371
34	374
34	376
34	378
34	381
34	383
34	386
34	388
34	390
34	394
34	396
34	398
34	402
34	405
34	408
34	411
34	415
34	418
34	422
34	426
34	430
34	435
34	439
34	444
34	449
34	455
34	461
34	468
34	476
34	485
34	495
35	216
35	227
35	237
35	246
35	255
35	263
35	271
35	278
35	283
35	288
35	292
35	296
35	300
35	303
35	307
35	310
35	313
35	316
35	319
35	322
35	325
35	328
35	331
35	334
35	337
35	340
35	343
35	346
35	349
35	352
35	355
35	358
35	362
35	365
35	368
35	372
35	375
35	379
35	383
35	387
35	391
35	396
35	400
35	405
35	410
35	416
35	422
35	429
35	436
35	444
35	453
35	463
36	202
36	213
36	224
36	234
36	242
36	250
36	257
36	263
36	269
36	274
36	279
36	283
36	287
36	291
36	294
36	298
36	301
36	305
36	308
36	312
36	315
36	318
36	322
36	325
36	329
36	332
36	336
36	339
36	344
36	347
36	352
36	356
36	360
36	365
36	369
36	374
36	379
36	385
36	391
36	397
36	404
36	412
36	421
36	431
36	445
37	202
37	213
37	223
37	232
37	240
37	247
37	253
37	259
37	264
37	269
37	272
37	276
37	280
37	283
37	286
37	290
37	293
37	296
37	299
37	303
37	305
37	309
37	312
37	316
37	319
37	323
37	327
37	330
37	335
37	338
37	343
37	347
37	352
37	357
37	362
37	367
37	373
37	379
37	385
37	392
37	399
37	407
37	416
37	427
38	207
38	217
38	226
38	234
38	241
38	248
38	254
38	260
38	264
38	269
38	272
38	276
38	280
38	282
38	286
38	289
38	292
38	295
38	298
38	301
38	305
38	307
38	311
38	314
38	318
38	321
38	325
38	329
38	333
38	337
38	342
38	346
38	351
38	356
38	362
38	368
38	374
38	381
38	388
38	396
38	405
38	415
39	208
39	218
39	227
39	235
39	242
39	248
39	253
39	258
39	263
39	267
39	271
39	275
39	279
39	283
39	287
39	291
39	295
39	299
39	303
39	307
39	312
39	316
39	321
39	326
39	331
39	337
39	343
39	349
39	356
39	363
39	371
39	379
39	388
39	398
40	197
40	208
40	217
40	225
40	232
40	239
40	245
40	251
40	255
40	260
40	264
40	269
40	273
40	277
40	281
40	285
40	289
40	294
40	298
40	303
40	308
40	313
40	318
40	324
40	330
40	337
40	345
40	353
40	362
40	372
41	199
41	209
41	218
41	226
41	233
41	240
41	246
41	252
41	258
41	263
41	268
41	273
41	278
41	283
41	288
41	293
41	298
41	304
41	310
41	316
41	323
41	331
41	340
41	350
41	362
42	196
42	206
42	214
42	222
42	229
42	236
42	243
42	250
42	257
42	264
42	270
42	276
42	283
42	289
42	296
42	303
42	310
42	318
42	326
42	335
42	345
42	356
43	187
43	197
43	205
43	212
43	219
43	225
43	231
43	237
43	244
43	250
43	257
43	264
43	271
43	278
43	285
43	292
43	299
43	307
43	315
43	324
43	334
43	345
44	186
44	196
44	204
44	212
44	219
44	226
44	233
44	240
44	247
44	255
44	263
44	271
44	279
44	287
44	296
44	306
44	317
45	188
45	199
45	209
45	219
45	229
45	239
45	250
45	263
45	276
64	286
64	297
64	308
64	319
64	330
64	341
64	354
65	279
65	289
65	298
65	307
65	316
65	325
65	334
65	343
65	352
65	362
65	372
65	382
65	392
65	404
66	272
66	282
66	290
66	297
66	304
66	310
66	316
66	322
66	328
66	334
66	341
66	348
66	355
66	362
66	369
66	376
66	383
66	390
66	397
66	405
66	414
66	424
67	271
67	280
67	287
67	292
67	297
67	302
67	306
67	311
67	314
67	319
67	323
67	327
67	331
67	335
67	339
67	343
67	347
67	351
67	355
67	359
67	364
67	368
67	373
67	377
67	382
67	387
67	392
67	397
67	402
67	408
67	414
67	421
67	428
67	437
67	448
68	272
68	281
68	286
68	292
68	294
68	299
68	302
68	305
68	309
68	311
68	314
68	317
68	320
68	322
68	325
68	328
68	330
68	333
68	335
68	338
68	340
68	343
68	345
68	348
68	350
68	353
68	356
68	358
68	361
68	364
68	367
68	369
68	373
68	376
68	379
68	382
68	386
68	389
68	393
68	396
68	400
68	404
68	408
68	413
68	417
68	423
68	428
68	435
68	442
68	451
69	274
69	282
69	289
69	293
69	298
69	302
69	304
69	309
69	311
69	314
69	317
69	320
69	322
69	325
69	327
69	330
69	332
69	334
69	337
69	339
69	341
69	343
69	345
69	348
69	349
69	352
69	354
69	356
69	358
69	360
69	363
69	364
69	367
69	369
69	371
69	374
69	376
69	378
69	380
69	383
69	385
69	387
69	390
69	392
69	395
69	397
69	400
69	403
69	406
69	409
69	412
69	416
69	419
69	424
69	427
69	432
69	437
69	443
69	449
69	457
69	467
70	286
70	296
70	305
70	313
70	320
70	326
70	332
70	337
70	342
70	346
70	351
70	354
70	358
70	361
70	364
70	368
70	371
70	373
70	377
70	379
70	382
70	385
70	388
70	390
70	394
70	396
70	399
70	402
70	405
70	408
70	411
70	415
70	418
70	422
70	426
70	430
70	435
70	440
70	446
70	453
70	461
70	471
71	280
71	290
71	298
71	305
71	312
71	319
71	325
71	331
71	337
71	343
71	349
71	355
71	361
71	366
71	372
71	377
71	382
71	387
71	392
71	397
71	402
71	407
71	413
71	419
71	426
71	434
71	443
71	454
72	281
72	290
72	297
72	303
72	309
72	314
72	319
72	323
72	328
72	332
72	336
72	340
72	344
72	348
72	352
72	356
72	360
72	365
72	369
72	374
72	378
72	383
72	388
72	393
72	398
72	404
72	410
72	417
72	424
72	433
72	443
73	297
73	307
73	315
73	322
73	328
73	333
73	339
73	344
73	349
73	353
73	358
73	362
73	367
73	371
73	375
73	380
73	384
73	388
73	393
73	397
73	402
73	407
73	412
73	418
73	424
73	431
73	439
73	448
74	359
74	370
74	379
74	388
74	396
74	404
74	413
74	423
76	308
76	319
76	330
76	340
76	351
76	362
-1	-1
