-1	-1
0	209
0	219
0	228
0	235
0	242
0	248
0	253
0	259
0	263
0	268
0	272
0	276
0	280
0	284
0	288
0	292
0	296
0	300
0	304
0	308
0	313
0	317
0	322
0	327
0	333
0	339
0	346
0	354
0	364
1	219
1	229
1	238
1	246
1	253
1	260
1	266
1	272
1	278
1	284
1	290
1	296
1	302
1	308
1	315
1	322
1	330
1	339
1	350
2	221
2	232
2	242
2	251
2	259
2	266
2	273
2	280
2	286
2	293
2	300
2	307
2	314
2	322
2	331
2	342
3	220
3	231
3	240
3	249
3	257
3	265
3	272
3	279
3	286
3	293
3	300
3	307
3	314
3	322
3	331
3	342
4	219
4	230
4	239
4	248
4	256
4	263
4	270
4	277
4	283
4	289
4	295
4	301
4	307
4	314
4	321
4	329
4	338
4	348
5	218
5	228
5	237
5	245
5	252
5	259
5	266
5	272
5	278
5	284
5	290
5	295
5	301
5	307
5	313
5	319
5	326
5	334
5	343
5	353
6	210
6	220
6	229
6	237
6	244
6	250
6	256
6	262
6	267
6	272
6	277
6	282
6	287
6	292
6	297
6	302
6	307
6	312
6	317
6	323
6	329
6	336
6	343
6	351
6	360
6	370
7	207
7	216
7	224
7	231
7	237
7	243
7	248
7	253
7	258
7	262
7	267
7	271
7	275
7	280
7	283
7	288
7	291
7	295
7	299
7	303
7	307
7	311
7	315
7	319
7	324
7	329
7	334
7	340
7	346
7	353
7	360
7	368
7	377
7	388
8	197
8	205
8	212
8	218
8	223
8	228
8	233
8	237
8	241
8	245
8	249
8	253
8	256
8	260
8	263
8	267
8	270
8	273
8	277
8	280
8	283
8	287
8	290
8	293
8	296
8	299
8	302
8	305
8	308
8	312
8	315
8	318
8	322
8	326
8	329
8	334
8	338
8	343
8	348
8	354
8	360
8	366
8	373
8	381
8	390
8	401
9	197
9	204
9	211
9	216
9	221
9	225
9	229
9	232
9	236
9	239
9	242
9	245
9	248
9	251
9	253
9	257
9	259
9	262
9	264
9	267
9	270
9	272
9	275
9	277
9	280
9	282
9	285
9	287
9	290
9	292
9	294
9	297
9	299
9	302
9	304
9	306
9	309
9	311
9	314
9	316
9	319
9	322
9	325
9	328
9	331
9	335
9	338
9	342
9	346
9	350
9	355
9	359
9	365
9	370
9	376
9	383
9	391
9	400
9	410
9	423
10	191
10	200
10	206
10	212
10	216
10	221
10	224
10	229
10	232
10	235
10	239
10	241
10	244
10	247
10	250
10	252
10	255
10	258
10	260
10	263
10	265
10	268
10	271
10	273
10	275
10	278
10	280
10	283
10	285
10	287
10	290
10	292
10	295
10	297
10	299
10	302
10	304
10	307
10	309
10	312
10	315
10	317
10	320
10	324
10	326
10	329
10	333
10	336
10	340
10	344
10	348
10	353
10	358
10	363
10	369
10	375
10	382
10	390
10	399
10	409
10	420
10	432
11	192
11	201
11	207
11	212
11	217
11	221
11	224
11	228
11	231
11	234
11	237
11	240
11	243
11	246
11	249
11	251
11	254
11	257
11	259
11	262
11	264
11	267
11	269
11	272
11	274
11	276
11	279
11	281
11	283
11	286
11	288
11	290
11	293
11	295
11	298
11	300
11	303
11	305
11	308
11	310
11	314
11	316
11	319
11	322
11	326
11	328
11	333
11	336
11	340
11	345
11	349
11	354
11	359
11	365
11	371
11	378
11	385
11	393
11	402
11	412
11	422
11	432
11	443
12	191
12	200
12	207
12	212
12	217
12	222
12	225
12	230
12	232
12	236
12	239
12	242
12	245
12	249
12	251
12	255
12	257
12	261
12	263
12	266
12	269
12	272
12	274
12	277
12	280
12	283
12	285
12	288
12	291
12	294
12	296
12	300
12	302
12	306
12	308
12	312
12	315
12	318
12	322
12	325
12	329
12	333
12	337
12	342
12	346
12	351
12	356
12	362
12	368
12	375
12	382
12	390
12	398
12	407
12	416
12	425
12	434
12	444
12	454
12	465
13	192
13	201
13	209
13	214
13	220
13	223
13	228
13	232
13	235
13	239
13	242
13	246
13	249
13	253
13	256
13	259
13	263
13	266
13	269
13	273
13	276
13	279
13	283
13	286
13	289
13	293
13	296
13	300
13	303
13	307
13	311
13	315
13	319
13	323
13	327
13	332
13	337
13	342
13	347
13	353
13	359
13	365
13	371
13	378
13	385
13	393
13	401
13	409
13	417
13	425
13	434
13	443
13	453
13	464
14	197
14	206
14	213
14	220
14	226
14	232
14	237
14	242
14	247
14	251
14	256
14	260
14	264
14	269
14	273
14	277
14	281
14	285
14	289
14	294
14	298
14	303
14	308
14	313
14	318
14	323
14	328
14	334
14	339
14	345
14	351
14	357
14	364
14	371
14	378
14	385
14	392
14	399
14	407
14	415
14	423
14	431
14	439
14	448
14	457
14	467
14	479
15	201
15	211
15	220
15	228
15	235
15	242
15	249
15	255
15	261
15	267
15	273
15	278
15	283
15	288
15	293
15	298
15	304
15	309
15	315
15	321
15	327
15	333
15	339
15	345
15	351
15	358
15	364
15	371
15	378
15	385
15	392
15	399
15	406
15	413
15	420
15	427
15	434
15	441
15	448
15	455
15	463
15	471
15	480
15	490
16	202
16	212
16	221
16	229
16	237
16	244
16	251
16	258
16	264
16	270
16	276
16	282
16	288
16	294
16	300
16	306
16	312
16	318
16	324
16	330
16	336
16	342
16	348
16	354
16	360
16	365
16	371
16	376
16	382
16	387
16	393
16	398
16	404
16	409
16	414
16	419
16	424
16	429
16	434
16	439
16	444
16	449
16	454
16	460
16	466
16	472
16	478
16	485
16	493
16	502
16	513
17	199
17	209
17	218
17	226
17	233
17	240
17	247
17	253
17	259
17	265
17	271
17	277
17	283
17	289
17	295
17	301
17	307
17	312
17	317
17	322
17	327
17	332
17	336
17	341
17	345
17	350
17	354
17	359
17	363
17	367
17	371
17	375
17	379
17	383
17	387
17	391
17	395
17	399
17	403
17	407
17	411
17	415
17	419
17	422
17	426
17	429
17	433
17	436
17	440
17	444
17	447
17	451
17	455
17	459
17	463
17	467
17	472
17	477
17	482
17	488
17	495
17	502
17	510
17	520
18	198
18	208
18	216
18	223
18	230
18	236
18	242
18	248
18	254
18	260
18	266
18	272
18	278
18	284
18	289
18	295
18	300
18	305
18	310
18	315
18	320
18	324
18	328
18	332
18	336
18	340
18	344
18	348
18	351
18	355
18	359
18	362
18	366
18	369
18	373
18	376
18	380
18	383
18	387
18	390
18	394
18	397
18	401
18	404
18	408
18	411
18	414
18	418
18	421
18	424
18	427
18	430
18	434
18	436
18	440
18	443
18	447
18	450
18	454
18	458
18	462
18	466
18	471
18	476
18	481
18	487
18	494
18	502
18	511
18	523
19	199
19	209
19	217
19	224
19	231
19	237
19	243
19	249
19	255
19	261
19	267
19	273
19	279
19	285
19	291
19	297
19	303
19	309
19	314
19	320
19	324
19	329
19	333
19	338
19	342
19	346
19	350
19	354
19	358
19	362
19	366
19	370
19	374
19	378
19	382
19	386
19	390
19	394
19	398
19	402
19	406
19	410
19	414
19	418
19	422
19	426
19	430
19	435
19	439
19	444
19	449
19	455
19	461
19	467
19	474
19	482
19	491
19	503
20	209
20	219
20	228
20	236
20	243
20	250
20	257
20	264
20	271
20	278
20	285
20	292
20	299
20	306
20	313
20	320
20	326
20	332
20	338
20	344
20	350
20	356
20	362
20	368
20	374
20	380
20	386
20	392
20	399
20	406
20	413
20	420
20	427
20	434
20	441
20	449
20	458
20	468
21	228
21	239
21	249
21	258
21	266
21	274
21	282
21	290
21	298
21	307
21	315
21	323
21	331
21	339
21	348
21	357
21	366
21	375
21	384
21	393
21	402
21	411
21	420
21	429
21	439
21	449
21	461
22	231
22	242
22	252
22	261
22	270
22	279
22	288
22	297
22	306
22	315
22	325
22	335
22	345
22	355
22	365
22	375
22	385
22	395
22	405
22	414
22	423
22	432
22	442
22	452
22	463
23	242
23	253
23	263
23	273
23	282
23	291
23	301
23	311
23	321
23	331
23	341
23	351
23	361
23	371
23	381
23	391
23	400
23	409
23	418
23	426
23	434
23	443
23	452
23	461
23	471
23	484
24	249
24	260
24	270
24	279
24	288
24	296
24	305
24	314
24	323
24	332
24	341
24	350
24	358
24	366
24	374
24	381
24	388
24	395
24	401
24	407
24	413
24	419
24	425
24	431
24	437
24	443
24	449
24	455
24	462
24	469
24	476
24	484
24	493
24	504
25	238
25	249
25	259
25	268
25	276
25	284
25	291
25	298
25	305
25	312
25	319
25	326
25	333
25	340
25	347
25	354
25	360
25	366
25	372
25	378
25	383
25	388
25	393
25	398
25	402
25	407
25	411
25	415
25	419
25	423
25	427
25	431
25	435
25	439
25	443
25	447
25	451
25	455
25	459
25	464
25	468
25	473
25	478
25	483
25	489
25	495
25	502
25	510
25	519
25	531
26	222
26	233
26	242
26	251
26	259
26	267
26	274
26	281
26	288
26	294
26	300
26	306
26	312
26	318
26	324
26	330
26	336
26	342
26	347
26	352
26	357
26	362
26	366
26	371
26	374
26	379
26	382
26	386
26	390
26	393
26	397
26	400
26	403
26	406
26	409
26	412
26	415
26	418
26	421
26	424
26	427
26	430
26	433
26	436
26	439
26	442
26	445
26	448
26	451
26	454
26	457
26	460
26	464
26	466
26	470
26	474
26	477
26	481
26	485
26	489
26	494
26	498
26	504
26	510
26	517
26	525
26	534
26	545
27	219
27	229
27	238
27	246
27	253
27	260
27	267
27	274
27	280
27	286
27	292
27	298
27	304
27	309
27	314
27	320
27	325
27	330
27	335
27	340
27	344
27	349
27	353
27	357
27	361
27	365
27	369
27	372
27	376
27	379
27	383
27	386
27	390
27	393
27	396
27	400
27	403
27	406
27	410
27	413
27	416
27	420
27	422
27	426
27	429
27	432
27	435
27	438
27	441
27	444
27	447
27	450
27	454
27	457
27	460
27	464
27	467
27	471
27	475
27	479
27	484
27	488
27	494
27	499
27	505
27	512
27	520
27	529
27	540
28	219
28	229
28	238
28	246
28	253
28	260
28	267
28	273
28	279
28	285
28	291
28	296
28	301
28	306
28	311
28	315
28	320
28	324
28	328
28	332
28	336
28	340
28	343
28	347
28	350
28	354
28	357
28	361
28	364
28	368
28	371
28	375
28	378
28	382
28	385
28	389
28	392
28	396
28	400
28	403
28	407
28	411
28	415
28	419
28	423
28	427
28	431
28	435
28	439
28	443
28	447
28	452
28	456
28	461
28	465
28	470
28	475
28	480
28	486
28	492
28	499
28	506
28	515
28	525
29	222
29	233
29	242
29	250
29	258
29	265
29	272
29	279
29	285
29	291
29	296
29	302
29	307
29	312
29	316
29	321
29	324
29	328
29	331
29	335
29	338
29	341
29	345
29	348
29	351
29	354
29	358
29	361
29	364
29	368
29	371
29	375
29	378
29	382
29	385
29	389
29	393
29	396
29	400
29	404
29	407
29	411
29	415
29	419
29	423
29	427
29	431
29	435
29	439
29	443
29	447
29	451
29	455
29	459
29	463
29	467
29	471
29	475
29	479
29	484
29	489
29	494
29	500
29	506
29	513
29	521
29	530
29	542
30	236
30	247
30	257
30	266
30	275
30	283
30	291
30	299
30	306
30	312
30	318
30	323
30	328
30	332
30	336
30	340
30	344
30	348
30	352
30	356
30	360
30	364
30	368
30	372
30	376
30	380
30	384
30	388
30	392
30	396
30	400
30	404
30	408
30	412
30	415
30	419
30	423
30	426
30	430
30	433
30	437
30	440
30	444
30	447
30	451
30	454
30	458
30	461
30	465
30	468
30	472
30	476
30	480
30	484
30	488
30	493
30	498
30	504
30	510
30	517
30	525
30	534
30	544
31	240
31	251
31	261
31	271
31	281
31	291
31	300
31	309
31	317
31	324
31	331
31	337
31	343
31	349
31	354
31	360
31	365
31	370
31	375
31	380
31	384
31	389
31	393
31	397
31	401
31	404
31	408
31	411
31	414
31	418
31	420
31	423
31	426
31	429
31	432
31	434
31	437
31	440
31	443
31	445
31	448
31	451
31	454
31	457
31	460
31	463
31	466
31	469
31	473
31	476
31	479
31	483
31	487
31	491
31	496
31	500
31	506
31	511
31	517
31	524
31	532
31	542
32	238
32	249
32	259
32	269
32	279
32	289
32	299
32	309
32	318
32	327
32	335
32	342
32	349
32	355
32	361
32	365
32	370
32	373
32	378
32	381
32	384
32	388
32	391
32	394
32	397
32	400
32	402
32	405
32	408
32	410
32	413
32	415
32	418
32	420
32	422
32	425
32	427
32	429
32	431
32	434
32	436
32	438
32	440
32	443
32	445
32	447
32	450
32	452
32	455
32	457
32	460
32	463
32	466
32	468
32	472
32	475
32	478
32	482
32	486
32	489
32	494
32	498
32	504
32	509
32	516
32	523
32	532
32	544
33	240
33	251
33	260
33	269
33	278
33	287
33	295
33	304
33	313
33	321
33	329
33	336
33	342
33	348
33	352
33	357
33	361
33	364
33	368
33	371
33	373
33	377
33	379
33	382
33	385
33	387
33	390
33	393
33	395
33	398
33	400
33	403
33	405
33	408
33	410
33	412
33	415
33	417
33	419
33	422
33	424
33	426
33	429
33	431
33	433
33	436
33	438
33	440
33	443
33	446
33	448
33	451
33	454
33	457
33	459
33	463
33	466
33	469
33	473
33	477
33	481
33	486
33	490
33	496
33	501
33	508
33	516
33	525
34	240
34	251
34	260
34	269
34	278
34	286
34	294
34	302
34	310
34	318
34	326
34	333
34	340
34	344
34	350
34	353
34	357
34	361
34	363
34	367
34	370
34	373
34	376
34	379
34	382
34	385
34	388
34	391
34	394
34	397
34	400
34	403
34	406
34	409
34	412
34	415
34	418
34	421
34	424
34	427
34	430
34	433
34	436
34	439
34	443
34	446
34	450
34	454
34	458
34	462
34	467
34	472
34	477
34	483
34	489
34	496
34	504
34	514
35	250
35	261
35	271
35	280
35	289
35	297
35	305
35	313
35	320
35	327
35	333
35	338
35	343
35	347
35	352
35	355
35	360
35	363
35	367
35	371
35	374
35	378
35	382
35	386
35	390
35	394
35	398
35	403
35	407
35	412
35	417
35	422
35	427
35	432
35	437
35	443
35	449
35	456
35	463
35	471
35	480
35	490
36	243
36	254
36	264
36	273
36	282
36	290
36	298
36	306
36	313
36	320
36	326
36	331
36	336
36	341
36	345
36	350
36	354
36	358
36	363
36	367
36	372
36	376
36	381
36	386
36	391
36	396
36	402
36	407
36	413
36	419
36	425
36	432
36	439
36	446
36	454
36	463
36	474
37	247
37	258
37	267
37	275
37	283
37	291
37	298
37	305
37	312
37	318
37	323
37	328
37	332
37	337
37	341
37	345
37	349
37	353
37	357
37	361
37	365
37	369
37	374
37	378
37	383
37	388
37	393
37	399
37	405
37	411
37	417
37	424
37	431
37	438
37	446
37	455
37	465
38	256
38	266
38	275
38	283
38	290
38	297
38	303
38	309
38	314
38	320
38	324
38	329
38	332
38	337
38	340
38	344
38	348
38	352
38	356
38	360
38	364
38	368
38	373
38	377
38	382
38	387
38	393
38	398
38	404
38	410
38	417
38	424
38	432
38	440
38	449
38	459
39	256
39	266
39	275
39	283
39	291
39	298
39	304
39	310
39	315
39	320
39	324
39	328
39	332
39	336
39	340
39	344
39	348
39	352
39	356
39	361
39	365
39	370
39	375
39	380
39	386
39	392
39	399
39	407
39	415
39	424
39	434
39	445
40	241
40	252
40	262
40	271
40	279
40	286
40	293
40	299
40	304
40	310
40	314
40	319
40	323
40	327
40	331
40	335
40	339
40	343
40	347
40	351
40	356
40	360
40	365
40	370
40	376
40	382
40	389
40	396
40	404
40	413
40	423
41	231
41	241
41	250
41	258
41	266
41	273
41	280
41	286
41	292
41	297
41	302
41	307
41	311
41	316
41	320
41	324
41	329
41	333
41	338
41	342
41	347
41	352
41	357
41	363
41	369
41	375
41	382
41	390
41	399
41	408
41	418
41	429
42	232
42	242
42	250
42	258
42	265
42	272
42	278
42	284
42	290
42	295
42	300
42	305
42	310
42	315
42	320
42	324
42	329
42	333
42	338
42	343
42	348
42	353
42	358
42	364
42	370
42	376
42	383
42	391
42	399
42	408
42	418
42	428
42	439
43	233
43	243
43	252
43	260
43	267
43	274
43	281
43	288
43	294
43	301
43	307
43	313
43	319
43	325
43	331
43	337
43	343
43	349
43	356
43	363
43	371
43	379
43	388
43	398
43	408
43	419
43	432
44	226
44	236
44	245
44	253
44	261
44	269
44	276
44	283
44	290
44	298
44	306
44	314
44	322
44	330
44	338
44	347
44	356
44	366
44	377
45	222
45	233
45	243
45	253
45	263
45	273
45	283
45	294
45	318
45	330
45	343
46	227
46	238
46	249
46	260
46	271
64	356
64	368
64	379
64	390
64	402
64	413
64	424
64	435
64	446
65	328
65	338
65	347
65	355
65	363
65	372
65	381
65	390
65	399
65	408
65	417
65	426
65	435
65	444
65	454
65	465
66	321
66	330
66	337
66	343
66	349
66	354
66	359
66	364
66	369
66	374
66	379
66	385
66	391
66	397
66	404
66	411
66	418
66	425
66	433
66	441
66	449
66	458
66	468
66	479
67	322
67	331
67	336
67	342
67	345
67	350
67	353
67	357
67	361
67	364
67	368
67	371
67	375
67	378
67	382
67	385
67	389
67	393
67	396
67	400
67	404
67	408
67	412
67	417
67	421
67	426
67	430
67	435
67	440
67	445
67	450
67	456
67	462
67	468
67	475
67	483
67	492
67	504
68	329
68	337
68	343
68	348
68	352
68	356
68	360
68	363
68	366
68	370
68	372
68	376
68	378
68	382
68	384
68	387
68	390
68	393
68	396
68	399
68	402
68	405
68	408
68	411
68	414
68	417
68	420
68	424
68	427
68	430
68	434
68	437
68	441
68	445
68	449
68	453
68	457
68	462
68	467
68	473
68	479
68	486
68	494
68	504
69	342
69	352
69	360
69	367
69	373
69	378
69	382
69	387
69	391
69	394
69	398
69	402
69	405
69	409
69	412
69	416
69	419
69	423
69	426
69	430
69	434
69	437
69	441
69	445
69	449
69	454
69	458
69	463
69	468
69	474
69	480
69	487
69	495
69	505
70	331
70	341
70	350
70	358
70	366
70	373
70	380
70	387
70	393
70	399
70	404
70	409
70	413
70	418
70	422
70	426
70	430
70	434
70	438
70	442
70	446
70	450
70	454
70	458
70	463
70	467
70	472
70	477
70	483
70	489
70	496
70	504
70	514
71	328
71	336
71	343
71	349
71	354
71	359
71	364
71	369
71	373
71	378
71	382
71	387
71	391
71	396
71	400
71	405
71	409
71	413
71	417
71	421
71	425
71	429
71	433
71	436
71	440
71	444
71	447
71	451
71	455
71	459
71	463
71	468
71	472
71	477
71	482
71	488
71	495
71	502
71	511
71	523
72	332
72	341
72	348
72	353
72	359
72	363
72	368
72	372
72	376
72	380
72	383
72	387
72	391
72	394
72	398
72	402
72	405
72	409
72	413
72	417
72	421
72	425
72	429
72	434
72	438
72	443
72	448
72	453
72	458
72	464
72	470
72	477
72	484
72	492
72	502
73	358
73	368
73	376
73	383
73	389
73	394
73	400
73	405
73	410
73	415
73	420
73	425
73	430
73	435
73	440
73	445
73	450
73	455
73	461
73	467
73	473
73	480
73	487
73	496
73	507
74	401
74	412
74	421
74	429
74	436
74	443
74	450
74	457
74	464
74	471
74	479
74	488
74	499
75	348
75	359
75	370
75	381
75	393
76	353
76	364
76	374
76	384
76	394
76	404
76	415
-1	-1
