-1	-1
0	299
0	307
0	313
0	318
0	322
0	326
0	330
0	333
0	337
0	340
0	342
0	346
0	348
0	351
0	353
0	356
0	359
0	361
0	363
0	366
0	368
0	371
0	372
0	375
0	377
0	379
0	382
0	383
0	386
0	388
0	390
0	393
0	395
0	397
0	400
0	402
0	405
0	407
0	410
0	413
0	416
0	418
0	422
0	425
0	428
0	432
0	436
0	440
0	445
0	450
0	456
0	463
0	471
0	481
1	307
1	315
1	322
1	328
1	333
1	338
1	342
1	347
1	351
1	355
1	359
1	362
1	366
1	369
1	373
1	376
1	380
1	383
1	386
1	390
1	393
1	397
1	400
1	404
1	408
1	412
1	416
1	421
1	426
1	431
1	437
1	444
1	452
1	462
2	309
2	319
2	327
2	334
2	340
2	345
2	351
2	355
2	360
2	365
2	370
2	374
2	379
2	383
2	388
2	392
2	397
2	402
2	407
2	413
2	419
2	426
2	434
2	443
2	454
3	313
3	323
3	331
3	339
3	346
3	352
3	358
3	364
3	370
3	375
3	381
3	386
3	392
3	397
3	403
3	409
3	416
3	424
3	433
3	444
4	321
4	331
4	340
4	348
4	355
4	362
4	369
4	376
4	383
4	390
4	397
4	405
4	414
4	424
5	328
5	339
5	348
5	357
5	365
5	373
5	381
5	389
5	398
5	408
6	337
6	348
6	358
6	367
6	376
6	385
6	395
6	405
7	339
7	350
7	360
7	369
7	378
7	387
7	397
7	408
8	209
8	221
8	339
8	350
8	360
8	370
8	380
8	390
8	400
8	411
9	189
9	200
9	210
9	220
9	230
9	241
9	322
9	333
9	344
9	354
9	364
9	373
9	382
9	391
9	401
9	411
10	181
10	191
10	200
10	208
10	216
10	224
10	232
10	240
10	249
10	260
10	319
10	330
10	340
10	350
10	359
10	367
10	375
10	383
10	391
10	399
10	407
10	416
10	426
11	177
11	187
11	196
11	204
11	212
11	219
11	227
11	235
11	244
11	254
11	330
11	342
11	353
11	363
11	372
11	380
11	388
11	396
11	404
11	413
11	423
12	171
12	181
12	190
12	198
12	205
12	212
12	219
12	226
12	234
12	242
12	251
12	263
12	359
12	370
12	380
12	389
12	397
12	405
12	414
12	424
12	436
13	171
13	181
13	190
13	199
13	207
13	215
13	223
13	232
13	242
13	255
13	376
13	388
13	399
14	177
14	188
14	198
14	207
14	216
14	226
14	237
14	369
14	381
14	392
14	405
15	182
15	193
15	204
15	215
15	226
15	371
15	382
15	393
15	405
16	187
16	198
16	209
16	220
16	386
16	398
17	192
17	204
17	216
17	377
17	389
17	401
18	179
18	190
18	200
18	210
18	220
18	231
18	380
18	392
18	405
19	178
19	189
19	198
19	207
19	216
19	226
19	237
20	168
20	178
20	186
20	194
20	201
20	208
20	215
20	222
20	230
20	239
20	249
20	379
20	392
21	161
21	170
21	178
21	184
21	190
21	196
21	202
21	207
21	213
21	218
21	224
21	230
21	236
21	243
21	251
21	260
21	359
21	371
21	382
21	393
21	404
21	415
22	160
22	169
22	176
22	182
22	187
22	192
22	197
22	201
22	206
22	210
22	214
22	219
22	223
22	228
22	233
22	238
22	244
22	250
22	257
22	265
22	275
22	287
22	307
22	319
22	331
22	342
22	353
22	364
22	374
22	384
22	393
22	402
22	411
22	421
22	433
23	162
23	171
23	179
23	185
23	191
23	196
23	201
23	205
23	210
23	213
23	218
23	222
23	226
23	230
23	235
23	239
23	245
23	250
23	256
23	263
23	271
23	280
23	291
23	304
23	316
23	328
23	339
23	350
23	360
23	370
23	380
23	389
23	398
23	407
23	417
23	428
24	161
24	171
24	179
24	186
24	192
24	198
24	203
24	208
24	213
24	217
24	222
24	226
24	231
24	236
24	241
24	247
24	253
24	260
24	268
24	277
24	288
24	339
24	351
24	362
24	372
24	382
24	392
24	402
24	413
25	167
25	176
25	184
25	191
25	197
25	203
25	209
25	214
25	219
25	224
25	229
25	235
25	241
25	247
25	254
25	262
25	272
25	285
25	317
25	329
25	341
25	352
25	363
25	373
25	383
25	393
25	403
25	414
26	168
26	178
26	186
26	193
26	199
26	204
26	210
26	214
26	219
26	224
26	229
26	234
26	239
26	245
26	251
26	258
26	266
26	275
26	286
26	298
26	309
26	320
26	330
26	340
26	350
26	360
26	369
26	378
26	387
26	396
26	405
26	415
26	426
27	167
27	177
27	185
27	192
27	198
27	203
27	208
27	212
27	216
27	220
27	224
27	228
27	233
27	237
27	242
27	247
27	253
27	259
27	266
27	274
27	284
27	295
27	305
27	315
27	325
27	335
27	345
27	354
27	363
27	372
27	380
27	388
27	397
27	406
27	416
28	159
28	168
28	175
28	182
28	187
28	192
28	197
28	202
28	206
28	211
28	214
28	219
28	223
28	227
28	232
28	236
28	241
28	246
28	252
28	258
28	265
28	273
28	283
28	294
28	305
28	316
28	327
28	337
28	347
28	356
28	365
28	374
28	382
28	390
28	398
28	407
28	417
29	154
29	162
29	169
29	174
29	179
29	183
29	187
29	191
29	194
29	198
29	201
29	204
29	207
29	210
29	213
29	216
29	219
29	222
29	225
29	228
29	231
29	235
29	238
29	242
29	246
29	250
29	255
29	259
29	265
29	271
29	278
29	286
29	295
29	304
29	313
29	322
29	331
29	340
29	349
29	358
29	366
29	374
29	381
29	388
29	395
29	402
29	410
29	419
29	429
30	152
30	161
30	167
30	172
30	176
30	181
30	183
30	188
30	191
30	194
30	198
30	201
30	204
30	207
30	210
30	213
30	216
30	219
30	222
30	225
30	228
30	231
30	235
30	238
30	242
30	246
30	250
30	255
30	259
30	265
30	271
30	278
30	286
30	295
30	304
30	313
30	322
30	331
30	340
30	349
30	358
30	367
30	375
30	383
30	391
30	399
30	407
30	416
30	426
31	157
31	164
31	171
31	175
31	180
31	183
31	187
31	191
31	193
31	197
31	200
31	203
31	206
31	209
31	212
31	215
31	218
31	221
31	224
31	227
31	230
31	234
31	237
31	240
31	245
31	248
31	253
31	257
31	262
31	267
31	273
31	280
31	288
31	297
31	306
31	315
31	324
31	333
31	343
31	353
31	363
31	372
31	381
31	390
31	399
31	409
31	421
32	159
32	168
32	175
32	182
32	188
32	193
32	198
32	202
32	206
32	210
32	214
32	218
32	222
32	226
32	230
32	235
32	239
32	244
32	249
32	255
32	261
32	268
32	276
32	285
32	295
32	305
32	315
32	325
32	335
32	345
32	355
32	366
32	376
32	386
32	396
32	407
33	161
33	170
33	178
33	185
33	192
33	198
33	204
33	210
33	216
33	222
33	229
33	236
33	244
33	253
33	264
33	369
33	381
33	392
33	403
34	167
34	177
34	185
34	193
34	201
34	208
34	215
34	223
34	231
34	240
34	250
34	368
34	380
34	392
35	173
35	183
35	192
35	201
35	209
35	217
35	225
35	234
35	244
35	348
35	360
35	371
35	382
35	393
35	405
36	176
36	186
36	195
36	203
36	210
36	217
36	224
36	232
36	240
36	250
36	326
36	338
36	350
36	361
36	372
36	383
36	394
36	405
37	173
37	184
37	194
37	203
37	211
37	219
37	228
37	237
37	248
37	311
37	323
37	334
37	345
37	355
37	365
37	375
37	384
37	394
37	404
37	414
37	425
38	170
38	180
38	189
38	197
38	205
38	213
38	221
38	230
38	240
38	299
38	310
38	320
38	330
38	339
38	348
38	358
38	368
38	378
38	388
38	398
38	408
38	419
38	432
39	170
39	180
39	189
39	198
39	206
39	214
39	222
39	231
39	241
39	292
39	302
39	311
39	320
39	329
39	338
39	348
39	358
39	369
39	381
40	179
40	190
40	200
40	210
40	220
40	230
40	292
40	302
40	311
40	320
40	329
40	339
40	349
40	360
41	178
41	188
41	197
41	205
41	213
41	221
41	230
41	240
41	288
41	298
41	307
41	315
41	323
41	332
41	341
41	351
41	362
42	188
42	199
42	209
42	218
42	228
42	239
42	297
42	307
42	316
42	325
42	334
42	344
42	354
42	366
43	192
43	204
43	215
44	186
44	197
44	207
44	216
44	226
44	237
45	192
45	203
45	213
45	223
45	234
50	183
50	194
50	204
50	214
50	224
50	235
51	177
51	187
51	196
51	204
51	212
51	220
51	228
51	236
51	246
52	190
52	201
52	211
52	221
52	231
52	243
55	179
55	190
55	200
55	210
55	220
55	231
56	173
56	184
56	194
56	203
56	212
56	221
56	230
56	240
57	167
57	177
57	185
57	192
57	199
57	206
57	213
57	220
57	227
57	235
57	244
57	254
58	160
58	169
58	176
58	182
58	187
58	192
58	196
58	201
58	204
58	209
58	212
58	217
58	220
58	225
58	229
58	234
58	239
58	245
58	251
58	258
58	266
58	276
59	159
59	167
59	172
59	177
59	181
59	184
59	188
59	191
59	193
59	197
59	199
59	202
59	204
59	207
59	209
59	212
59	213
59	216
59	218
59	221
59	223
59	225
59	228
59	230
59	233
59	236
59	238
59	242
59	245
59	248
59	252
59	256
59	259
59	264
59	268
59	274
59	280
59	287
59	295
59	305
60	160
60	168
60	172
60	177
60	181
60	183
60	187
60	190
60	192
60	193
60	197
60	199
60	201
60	202
60	205
60	207
60	209
60	211
60	212
60	214
60	216
60	218
60	219
60	221
60	223
60	225
60	227
60	228
60	230
60	233
60	234
60	236
60	238
60	240
60	243
60	245
60	247
60	249
60	253
60	255
60	258
60	261
60	265
60	267
60	272
60	276
60	280
60	285
60	290
60	296
60	303
60	311
60	321
61	160
61	169
61	175
61	181
61	186
61	191
61	195
61	200
61	203
61	207
61	211
61	213
61	217
61	220
61	224
61	227
61	231
61	234
61	238
61	242
61	246
61	251
61	256
61	261
61	267
61	274
61	282
61	291
62	172
62	183
62	194
62	205
62	216
62	228
63	180
63	190
63	199
63	208
63	216
63	224
63	232
63	241
63	251
64	172
64	181
64	189
64	195
64	201
64	207
64	212
64	217
64	222
64	227
64	232
64	237
64	242
64	248
64	254
64	261
64	269
64	279
65	181
65	191
65	200
65	207
65	213
65	219
65	224
65	230
65	235
65	241
65	247
65	254
65	261
65	269
65	279
68	180
68	190
68	199
68	207
68	215
68	223
68	231
68	240
68	250
69	173
69	182
69	190
69	196
69	202
69	207
69	212
69	217
69	222
69	227
69	232
69	237
69	242
69	248
69	254
69	261
69	269
69	279
70	180
70	190
70	199
70	206
70	213
70	219
70	225
70	231
70	237
70	244
70	251
70	259
70	269
73	188
73	199
73	209
73	219
73	229
73	241
74	173
74	183
74	191
74	198
74	205
74	212
74	218
74	224
74	230
74	236
74	243
74	250
74	258
74	268
75	180
75	190
75	199
75	207
75	214
75	221
75	228
75	235
75	242
75	250
75	259
75	270
-1	-1
