-1	-1
0	308
0	315
0	321
0	324
0	329
0	332
0	335
0	338
0	341
0	343
0	346
0	349
0	351
0	353
0	355
0	358
0	360
0	362
0	363
0	365
0	367
0	369
0	371
0	372
0	374
0	376
0	378
0	379
0	381
0	383
0	385
0	386
0	388
0	390
0	392
0	394
0	395
0	397
0	399
0	401
0	403
0	405
0	407
0	409
0	411
0	414
0	416
0	418
0	421
0	424
0	426
0	429
0	432
0	436
0	438
0	443
0	446
0	451
0	456
0	461
0	467
0	474
0	482
0	493
1	313
1	322
1	329
1	333
1	338
1	342
1	346
1	350
1	354
1	358
1	362
1	365
1	369
1	372
1	376
1	379
1	383
1	386
1	390
1	393
1	397
1	401
1	405
1	409
1	414
1	418
1	423
1	428
1	434
1	440
1	447
1	456
1	467
2	317
2	325
2	332
2	338
2	344
2	350
2	356
2	362
2	367
2	373
2	378
2	384
2	389
2	395
2	400
2	406
2	412
2	418
2	425
2	433
2	442
2	454
3	319
3	328
3	336
3	344
3	351
3	358
3	365
3	372
3	379
3	386
3	393
3	400
3	408
3	416
3	425
3	436
4	328
4	339
4	349
4	358
4	367
4	376
4	385
4	394
4	403
4	413
4	424
5	340
5	351
5	361
5	371
5	381
5	391
5	401
5	411
5	424
6	340
6	351
6	361
6	371
6	381
6	391
6	401
6	411
6	425
7	338
7	349
7	359
7	369
7	378
7	387
7	396
7	406
7	417
8	350
8	361
8	371
8	381
8	391
8	401
8	411
8	424
9	201
9	212
9	222
9	231
9	241
9	255
9	347
9	358
9	368
9	377
9	386
9	395
9	404
9	413
9	423
9	435
10	178
10	188
10	197
10	205
10	213
10	221
10	229
10	237
10	246
10	256
10	340
10	351
10	361
10	370
10	379
10	388
10	397
10	406
10	416
10	427
11	167
11	177
11	186
11	194
11	201
11	208
11	214
11	220
11	225
11	231
11	237
11	243
11	250
11	258
11	267
11	278
11	336
11	347
11	357
11	366
11	374
11	382
11	390
11	398
11	407
11	416
11	427
12	166
12	175
12	183
12	190
12	196
12	202
12	207
12	212
12	217
12	222
12	227
12	232
12	237
12	243
12	249
12	256
12	263
12	272
12	283
12	329
12	341
12	352
12	362
12	372
12	382
12	392
12	402
12	413
13	161
13	171
13	179
13	185
13	191
13	197
13	202
13	207
13	212
13	216
13	221
13	225
13	230
13	235
13	240
13	246
13	252
13	259
13	267
13	276
13	358
13	370
13	382
13	394
14	168
14	178
14	186
14	193
14	200
14	207
14	213
14	219
14	225
14	231
14	238
14	246
14	255
14	265
15	172
15	182
15	191
15	200
15	208
15	216
15	224
15	232
15	241
15	252
15	389
15	402
16	179
16	190
16	200
16	210
16	220
16	230
16	381
16	393
16	405
17	177
17	188
17	198
17	208
17	218
17	229
17	380
17	391
17	402
17	414
18	180
18	191
18	201
18	211
18	221
18	232
18	388
18	400
18	413
19	171
19	182
19	191
19	200
19	209
19	218
19	227
19	237
19	387
19	399
19	413
20	168
20	178
20	187
20	195
20	203
20	210
20	218
20	226
20	234
20	243
20	254
20	370
20	382
20	393
20	404
21	162
21	172
21	180
21	187
21	194
21	200
21	206
21	212
21	218
21	224
21	231
21	238
21	246
21	255
21	359
21	371
21	381
21	391
21	401
21	411
21	423
22	158
22	168
22	175
22	181
22	187
22	192
22	197
22	202
22	207
22	212
22	216
22	221
22	226
22	231
22	237
22	243
22	250
22	258
22	267
22	368
22	379
22	389
22	398
22	407
22	417
22	428
23	153
23	162
23	170
23	176
23	182
23	187
23	192
23	196
23	201
23	205
23	209
23	213
23	217
23	221
23	225
23	229
23	234
23	238
23	244
23	249
23	255
23	262
23	270
23	280
23	362
23	374
23	384
23	394
23	403
23	413
23	423
23	435
24	158
24	167
24	174
24	180
24	186
24	191
24	196
24	201
24	206
24	211
24	215
24	220
24	224
24	229
24	233
24	238
24	243
24	248
24	254
24	261
24	269
24	278
24	342
24	354
24	365
24	375
24	385
24	394
24	403
24	413
24	423
25	161
25	171
25	179
25	186
25	192
25	198
25	204
25	210
25	215
25	220
25	225
25	230
25	235
25	240
25	246
25	252
25	258
25	265
25	274
25	284
25	350
25	362
25	373
25	383
25	392
25	401
25	410
25	420
25	433
26	162
26	172
26	181
26	189
26	196
26	202
26	208
26	213
26	219
26	224
26	229
26	234
26	239
26	245
26	251
26	257
26	265
26	274
26	285
26	336
26	348
26	359
26	370
26	380
26	389
26	398
26	407
26	416
26	426
27	161
27	171
27	179
27	187
27	194
27	200
27	206
27	211
27	216
27	221
27	225
27	230
27	235
27	240
27	245
27	251
27	257
27	264
27	272
27	282
27	312
27	323
27	334
27	344
27	354
27	364
27	374
27	383
27	392
27	401
27	410
27	419
27	429
28	158
28	168
28	175
28	182
28	188
28	193
28	198
28	202
28	206
28	210
28	214
28	218
28	222
28	225
28	229
28	233
28	237
28	241
28	246
28	250
28	256
28	261
28	267
28	274
28	282
28	292
28	303
28	313
28	323
28	332
28	341
28	350
28	359
28	367
28	375
28	383
28	391
28	399
28	407
28	416
28	425
28	435
29	153
29	162
29	170
29	175
29	181
29	185
29	190
29	193
29	198
29	201
29	204
29	208
29	211
29	214
29	217
29	220
29	223
29	226
29	229
29	232
29	235
29	238
29	242
29	245
29	249
29	253
29	257
29	262
29	267
29	273
29	279
29	287
29	296
29	306
29	316
29	326
29	336
29	346
29	356
29	365
29	374
29	383
29	392
29	400
29	408
29	416
29	424
29	433
29	443
30	151
30	160
30	166
30	172
30	176
30	181
30	184
30	188
30	191
30	194
30	198
30	201
30	203
30	207
30	209
30	212
30	215
30	217
30	220
30	223
30	225
30	228
30	230
30	234
30	236
30	239
30	242
30	245
30	248
30	252
30	255
30	259
30	264
30	268
30	274
30	279
30	286
30	293
30	301
30	310
30	320
30	330
30	340
30	350
30	360
30	370
30	379
30	388
30	396
30	404
30	411
30	418
30	426
30	434
30	443
30	454
31	151
31	160
31	166
31	171
31	174
31	179
31	182
31	185
31	189
31	191
31	194
31	197
31	199
31	202
31	204
31	207
31	209
31	212
31	214
31	217
31	219
31	222
31	224
31	227
31	229
31	232
31	235
31	237
31	240
31	244
31	246
31	250
31	254
31	257
31	262
31	266
31	271
31	277
31	283
31	290
31	298
31	307
31	317
31	327
31	338
31	349
31	359
31	369
31	378
31	387
31	395
31	403
31	411
31	419
31	427
31	436
31	446
32	157
32	166
32	173
32	179
32	184
32	189
32	193
32	198
32	202
32	206
32	210
32	214
32	218
32	222
32	226
32	230
32	235
32	239
32	245
32	250
32	256
32	263
32	271
32	281
32	339
32	351
32	362
32	373
32	383
32	393
32	403
32	413
32	423
32	434
33	163
33	173
33	181
33	188
33	194
33	200
33	206
33	212
33	218
33	224
33	231
33	238
33	246
33	255
33	369
33	380
33	391
33	402
33	413
33	424
34	171
34	181
34	190
34	198
34	206
34	214
34	222
34	230
34	239
34	249
34	379
34	390
34	401
34	412
34	424
35	177
35	187
35	196
35	205
35	214
35	223
35	232
35	242
35	371
35	382
35	392
35	402
35	412
35	422
35	434
36	177
36	187
36	196
36	204
36	212
36	220
36	228
36	237
36	247
36	367
36	378
36	388
36	398
36	408
36	418
36	428
37	188
37	199
37	209
37	219
37	229
37	240
37	376
37	387
37	398
37	409
37	420
37	432
38	191
38	202
38	213
38	223
38	234
38	396
38	408
38	420
39	191
39	202
39	213
39	223
39	234
40	200
40	212
40	223
40	234
41	196
41	207
41	218
41	229
42	210
42	222
42	401
42	413
42	426
43	399
43	411
43	422
43	435
44	201
44	212
44	223
51	211
51	224
55	181
55	192
55	202
55	212
55	222
55	233
56	176
56	186
56	195
56	204
56	212
56	220
56	229
56	238
56	249
57	168
57	177
57	184
57	191
57	197
57	203
57	209
57	215
57	221
57	227
57	234
57	242
57	251
57	262
58	167
58	174
58	181
58	186
58	191
58	195
58	200
58	203
58	207
58	211
58	215
58	219
58	223
58	227
58	232
58	236
58	241
58	247
58	253
58	260
58	268
58	278
59	163
59	171
59	177
59	182
59	185
59	190
59	192
59	195
59	199
59	201
59	203
59	206
59	209
59	211
59	213
59	216
59	218
59	221
59	223
59	226
59	228
59	231
59	234
59	237
59	239
59	243
59	246
59	249
59	254
59	257
59	262
59	267
59	273
59	279
59	286
59	295
59	305
60	163
60	171
60	177
60	182
60	185
60	190
60	192
60	194
60	198
60	200
60	202
60	204
60	207
60	209
60	211
60	212
60	215
60	217
60	219
60	221
60	223
60	225
60	227
60	229
60	231
60	234
60	235
60	238
60	240
60	243
60	245
60	248
60	250
60	254
60	256
60	259
60	263
60	266
60	270
60	275
60	279
60	285
60	291
60	298
60	306
60	316
61	167
61	176
61	183
61	190
61	195
61	201
61	205
61	210
61	213
61	217
61	221
61	224
61	228
61	231
61	235
61	239
61	243
61	247
61	252
61	257
61	262
61	268
61	275
61	283
61	293
62	169
62	179
62	188
62	197
62	206
62	215
62	225
62	235
63	170
63	180
63	188
63	195
63	202
63	209
63	216
63	223
63	230
63	237
63	245
63	254
63	265
64	176
64	184
64	191
64	198
64	203
64	209
64	213
64	218
64	222
64	227
64	231
64	236
64	241
64	246
64	252
64	258
64	265
64	273
64	283
65	190
65	200
65	209
65	216
65	222
65	227
65	232
65	237
65	242
65	247
65	253
65	259
65	266
65	274
65	283
65	295
66	222
66	232
66	242
66	252
66	264
68	183
68	193
68	202
68	210
68	217
68	224
68	231
68	239
68	248
68	258
69	178
69	187
69	193
69	199
69	204
69	209
69	213
69	218
69	222
69	227
69	231
69	236
69	241
69	246
69	252
69	258
69	265
69	273
69	283
70	186
70	195
70	203
70	210
70	216
70	222
70	227
70	233
70	238
70	244
70	250
70	257
70	265
70	274
70	285
73	198
73	209
73	220
73	232
74	182
74	192
74	200
74	208
74	215
74	222
74	229
74	236
74	244
74	253
74	263
75	189
75	199
75	208
75	216
75	223
75	231
75	239
75	247
75	256
-1	-1
