-1	-1
0	527
0	536
0	543
0	550
0	555
0	561
0	566
0	571
0	576
0	581
0	586
0	590
0	595
0	599
0	604
0	608
0	613
0	617
0	622
0	626
0	631
0	635
0	640
0	645
0	650
0	656
0	663
0	670
0	679
0	689
1	547
1	557
1	566
1	575
1	583
1	591
1	599
1	607
1	615
1	623
1	631
1	640
1	650
2	566
2	577
2	587
2	597
2	607
2	616
2	625
2	635
2	646
3	579
3	590
3	601
3	612
3	623
3	634
4	586
4	598
4	610
4	623
9	560
9	574
9	587
9	602
9	617
10	360
10	371
10	381
10	390
10	399
10	408
10	417
10	426
10	435
10	445
10	556
10	568
10	580
10	591
10	603
10	615
11	347
11	357
11	365
11	373
11	380
11	387
11	394
11	401
11	408
11	415
11	422
11	429
11	437
11	446
11	456
12	343
12	353
12	361
12	368
12	375
12	382
12	388
12	394
12	400
12	406
12	412
12	418
12	424
12	430
12	437
12	444
12	452
12	461
13	348
13	358
13	367
13	375
13	383
13	390
13	397
13	404
13	411
13	418
13	425
13	432
13	440
13	448
13	458
14	358
14	369
14	379
14	388
14	397
14	405
14	413
14	421
14	429
14	438
14	448
15	360
15	371
15	381
15	390
15	398
15	406
15	414
15	422
15	430
15	439
15	449
16	351
16	361
16	370
16	379
16	387
16	394
16	401
16	408
16	415
16	422
16	430
16	438
16	447
16	457
17	347
17	357
17	365
17	373
17	380
17	387
17	394
17	401
17	408
17	415
17	422
17	429
17	436
17	444
17	453
17	463
17	568
18	347
18	357
18	365
18	372
18	379
18	386
18	392
18	398
18	404
18	410
18	416
18	422
18	428
18	434
18	440
18	447
18	455
18	464
18	475
19	340
19	349
19	356
19	362
19	368
19	373
19	378
19	383
19	388
19	393
19	397
19	402
19	406
19	411
19	416
19	421
19	426
19	431
19	436
19	442
19	448
19	455
19	463
19	472
19	485
20	338
20	347
20	353
20	359
20	364
20	369
20	373
20	378
20	382
20	386
20	390
20	394
20	398
20	401
20	405
20	409
20	412
20	416
20	420
20	423
20	427
20	431
20	435
20	439
20	444
20	448
20	454
20	459
20	466
20	473
20	482
20	494
21	339
21	348
21	354
21	360
21	365
21	370
21	374
21	379
21	383
21	387
21	391
21	394
21	398
21	401
21	405
21	408
21	411
21	415
21	418
21	421
21	425
21	428
21	431
21	435
21	438
21	442
21	446
21	450
21	455
21	459
21	465
21	471
21	478
21	486
21	496
21	532
21	544
21	555
21	567
22	343
22	352
22	360
22	366
22	372
22	377
22	382
22	386
22	391
22	394
22	399
22	402
22	406
22	409
22	413
22	416
22	420
22	423
22	426
22	430
22	433
22	437
22	440
22	444
22	448
22	452
22	456
22	461
22	466
22	472
22	478
22	485
22	494
22	504
22	516
22	528
22	539
22	550
22	561
22	572
22	585
23	348
23	358
23	366
23	373
23	379
23	384
23	390
23	394
23	399
23	403
23	408
23	412
23	416
23	420
23	423
23	427
23	431
23	434
23	438
23	441
23	445
23	449
23	453
23	457
23	462
23	467
23	472
23	478
23	485
23	493
23	502
23	512
23	523
23	534
23	545
23	556
23	568
24	347
24	357
24	365
24	372
24	379
24	385
24	391
24	396
24	401
24	406
24	411
24	415
24	420
24	424
24	428
24	432
24	435
24	439
24	443
24	446
24	450
24	454
24	458
24	463
24	467
24	473
24	478
24	485
24	492
24	500
24	510
24	520
24	531
24	542
24	555
25	350
25	360
25	369
25	377
25	384
25	391
25	397
25	403
25	409
25	414
25	419
25	424
25	429
25	433
25	437
25	441
25	445
25	449
25	454
25	458
25	463
25	468
25	474
25	480
25	487
25	495
25	504
25	514
25	525
25	537
26	351
26	361
26	370
26	378
26	385
26	392
26	398
26	404
26	410
26	415
26	421
26	426
26	431
26	436
26	441
26	446
26	451
26	456
26	462
26	468
26	475
26	483
26	493
27	349
27	359
27	368
27	375
27	382
27	388
27	394
27	400
27	406
27	412
27	418
27	423
27	428
27	433
27	438
27	443
27	448
27	453
27	458
27	464
27	470
27	477
27	485
27	495
28	343
28	352
28	360
28	367
28	373
28	379
28	385
28	390
28	395
28	400
28	405
28	410
28	415
28	420
28	424
28	429
28	433
28	437
28	442
28	446
28	451
28	456
28	461
28	467
28	473
28	480
28	488
28	497
28	508
28	520
28	532
28	545
29	341
29	350
29	356
29	362
29	367
29	372
29	376
29	380
29	384
29	388
29	391
29	395
29	398
29	402
29	405
29	408
29	412
29	414
29	418
29	421
29	424
29	427
29	430
29	434
29	437
29	440
29	444
29	447
29	451
29	455
29	459
29	464
29	468
29	474
29	480
29	487
29	495
29	505
29	515
29	526
29	537
29	548
29	560
30	340
30	349
30	355
30	361
30	364
30	369
30	372
30	375
30	379
30	381
30	384
30	387
30	390
30	392
30	395
30	398
30	400
30	403
30	405
30	408
30	411
30	413
30	416
30	418
30	421
30	423
30	426
30	428
30	431
30	434
30	436
30	439
30	442
30	445
30	448
30	451
30	455
30	458
30	462
30	466
30	470
30	475
30	480
30	486
30	493
30	501
30	510
30	519
30	528
30	537
30	547
30	557
30	568
31	341
31	350
31	357
31	362
31	367
31	371
31	375
31	379
31	382
31	386
31	389
31	393
31	396
31	400
31	402
31	406
31	409
31	412
31	415
31	418
31	421
31	423
31	427
31	429
31	432
31	435
31	437
31	440
31	443
31	446
31	449
31	452
31	456
31	459
31	463
31	467
31	471
31	476
31	481
31	487
31	494
31	502
31	510
31	519
31	527
31	535
31	543
31	551
31	560
31	569
31	579
31	595
32	340
32	349
32	355
32	361
32	366
32	371
32	376
32	381
32	385
32	389
32	393
32	397
32	400
32	403
32	407
32	410
32	413
32	416
32	419
32	422
32	425
32	428
32	431
32	434
32	437
32	440
32	443
32	446
32	449
32	453
32	456
32	460
32	464
32	468
32	473
32	478
32	484
32	491
32	499
32	508
32	517
32	526
32	535
32	544
32	553
32	563
32	574
33	339
33	348
33	354
33	360
33	364
33	369
33	372
33	376
33	380
33	383
33	386
33	390
33	392
33	396
33	398
33	402
33	404
33	408
33	410
33	413
33	416
33	419
33	422
33	425
33	428
33	431
33	434
33	437
33	440
33	444
33	447
33	451
33	455
33	459
33	464
33	469
33	475
33	482
33	490
33	499
33	509
33	518
33	527
33	535
33	543
33	551
33	560
33	570
33	582
34	347
34	356
34	363
34	370
34	375
34	380
34	385
34	390
34	394
34	399
34	403
34	408
34	412
34	416
34	420
34	424
34	428
34	433
34	437
34	442
34	447
34	452
34	458
34	464
34	471
34	479
34	489
34	501
34	511
34	520
34	528
34	535
34	542
34	549
34	556
34	564
34	572
34	581
34	591
34	604
35	351
35	361
35	370
35	378
35	386
35	393
35	400
35	405
35	411
35	416
35	421
35	426
35	431
35	436
35	441
35	446
35	452
35	458
35	465
35	473
35	482
35	494
35	506
35	515
35	523
35	530
35	536
35	542
35	548
35	554
35	560
35	566
35	573
35	580
35	588
35	597
35	608
36	348
36	357
36	365
36	372
36	378
36	384
36	390
36	394
36	399
36	404
36	408
36	413
36	417
36	422
36	426
36	431
36	436
36	441
36	446
36	452
36	458
36	465
36	473
36	482
36	497
36	508
36	517
36	524
36	530
36	535
36	541
36	546
36	551
36	557
36	563
36	569
36	576
36	583
36	591
36	600
36	611
37	350
37	359
37	367
37	374
37	380
37	386
37	392
37	397
37	403
37	408
37	414
37	419
37	424
37	430
37	436
37	442
37	448
37	455
37	463
37	473
37	507
37	517
37	525
37	532
37	539
37	545
37	552
37	559
37	566
37	574
37	583
37	593
37	605
38	358
38	369
38	379
38	388
38	397
38	405
38	412
38	419
38	426
38	433
38	440
38	448
38	457
38	468
38	516
38	526
38	536
38	546
38	556
38	567
39	369
39	380
39	389
39	397
39	404
39	411
39	418
39	425
39	431
39	437
39	444
39	451
39	459
39	468
39	480
39	512
39	523
39	534
39	545
39	556
40	367
40	377
40	385
40	392
40	399
40	406
40	413
40	420
40	426
40	433
40	440
40	447
40	455
40	464
40	474
41	372
41	383
41	393
41	403
41	412
41	421
41	430
41	439
41	449
42	402
42	413
42	424
42	435
43	391
43	402
43	412
43	422
43	433
44	382
44	393
44	403
44	413
44	423
44	433
44	444
45	422
47	386
47	397
47	407
47	416
47	425
47	435
47	446
48	368
48	378
48	387
48	395
48	402
48	409
48	416
48	423
48	431
48	439
48	448
48	459
49	368
49	378
49	387
49	395
49	403
49	411
49	419
49	427
49	435
49	444
49	454
50	418
50	429
50	440
50	451
51	399
51	411
51	422
51	432
51	443
52	366
52	376
52	385
52	394
52	402
52	410
52	418
52	426
52	435
52	445
52	457
53	353
53	363
53	371
53	378
53	384
53	390
53	396
53	402
53	407
53	413
53	419
53	425
53	432
53	439
53	447
53	456
53	467
54	348
54	358
54	365
54	372
54	378
54	384
54	390
54	396
54	402
54	408
54	414
54	420
54	426
54	433
54	440
54	447
54	455
54	465
55	349
55	359
55	368
55	376
55	384
55	392
55	400
55	408
55	416
55	424
55	431
55	438
55	445
55	452
55	460
55	469
55	480
56	369
56	380
56	390
56	399
56	407
56	414
56	421
56	427
56	432
56	437
56	442
56	447
56	452
56	457
56	463
56	469
56	476
56	484
56	494
57	360
57	370
57	379
57	387
57	394
57	400
57	405
57	411
57	415
57	420
57	423
57	427
57	431
57	434
57	438
57	442
57	445
57	449
57	453
57	457
57	462
57	467
57	472
57	478
57	485
57	493
57	503
58	353
58	362
58	370
58	375
58	381
58	385
58	390
58	393
58	398
58	401
58	404
58	408
58	411
58	413
58	416
58	419
58	422
58	424
58	427
58	430
58	433
58	435
58	438
58	441
58	444
58	447
58	450
58	454
58	457
58	462
58	466
58	471
58	476
58	482
58	489
58	497
58	507
59	350
59	359
59	364
59	370
59	373
59	378
59	381
59	383
59	387
59	390
59	392
59	394
59	397
59	400
59	402
59	403
59	406
59	408
59	410
59	412
59	414
59	416
59	418
59	420
59	422
59	425
59	426
59	429
59	431
59	434
59	436
59	438
59	441
59	444
59	446
59	449
59	453
59	456
59	459
59	464
59	467
59	472
59	477
59	483
59	490
59	498
59	508
60	350
60	359
60	364
60	369
60	372
60	376
60	379
60	382
60	384
60	387
60	390
60	392
60	394
60	397
60	399
60	401
60	403
60	406
60	408
60	410
60	413
60	415
60	417
60	420
60	422
60	425
60	427
60	430
60	433
60	436
60	439
60	442
60	446
60	449
60	454
60	457
60	463
60	468
60	474
60	481
60	489
60	499
61	352
61	361
61	369
61	375
61	381
61	387
61	393
61	399
61	405
61	412
61	419
61	426
61	434
61	442
61	451
61	461
62	420
62	431
62	440
62	449
62	458
62	468
63	401
63	412
63	421
63	429
63	435
63	441
63	446
63	451
63	457
63	463
63	469
63	476
63	484
63	493
63	504
64	380
64	390
64	399
64	407
64	413
64	419
64	424
64	429
64	433
64	437
64	441
64	445
64	449
64	453
64	457
64	462
64	466
64	471
64	477
64	483
64	490
64	498
64	508
65	368
65	377
65	384
65	391
65	396
65	401
65	405
65	410
65	413
65	417
65	421
65	424
65	428
65	432
65	435
65	439
65	443
65	447
65	451
65	456
65	461
65	467
65	473
65	480
65	488
65	498
66	366
66	374
66	381
66	386
66	391
66	395
66	400
66	403
66	408
66	411
66	416
66	419
66	424
66	428
66	433
66	438
66	443
66	449
66	455
66	462
66	470
66	480
67	382
67	393
67	404
69	351
69	362
69	373
69	384
69	397
69	432
70	342
70	351
70	359
70	366
70	373
70	380
70	387
70	394
70	401
70	408
70	415
70	422
70	429
70	435
70	442
70	448
70	455
70	462
70	470
70	479
71	342
71	351
71	357
71	363
71	368
71	373
71	378
71	383
71	388
71	392
71	397
71	401
71	406
71	410
71	415
71	419
71	423
71	427
71	431
71	434
71	438
71	442
71	445
71	449
71	453
71	457
71	461
71	465
71	469
71	474
71	479
71	485
71	492
71	500
71	509
72	349
72	357
72	363
72	369
72	373
72	378
72	382
72	386
72	390
72	393
72	397
72	400
72	403
72	407
72	410
72	413
72	416
72	419
72	422
72	425
72	428
72	431
72	433
72	436
72	439
72	442
72	444
72	447
72	450
72	453
72	456
72	459
72	463
72	466
72	470
72	474
72	478
72	483
72	488
72	494
72	500
72	507
72	516
73	358
73	366
73	372
73	378
73	382
73	387
73	391
73	394
73	398
73	401
73	405
73	408
73	411
73	414
73	418
73	420
73	424
73	427
73	430
73	434
73	437
73	441
73	445
73	449
73	453
73	458
73	463
73	468
73	474
73	481
73	489
73	499
74	376
74	386
74	395
74	403
74	411
74	420
74	430
-1	-1
