-1	-1
0	331
0	340
0	345
0	351
0	354
0	359
0	362
0	365
0	369
0	372
0	374
0	378
0	380
0	382
0	385
0	387
0	390
0	392
0	394
0	396
0	399
0	401
0	402
0	404
0	407
0	408
0	410
0	412
0	414
0	416
0	418
0	419
0	422
0	423
0	425
0	427
0	429
0	430
0	432
0	434
0	436
0	437
0	439
0	441
0	443
0	445
0	446
0	448
0	450
0	452
0	454
0	455
0	457
0	459
0	461
0	463
0	465
0	466
0	469
0	470
0	472
0	474
0	476
0	478
0	480
0	482
0	484
0	486
0	488
0	491
0	493
0	496
0	498
0	501
0	504
0	507
0	509
0	514
0	516
0	520
0	525
0	528
0	534
0	539
0	545
0	552
0	560
0	570
1	340
1	349
1	356
1	362
1	368
1	372
1	377
1	381
1	385
1	389
1	393
1	396
1	400
1	403
1	407
1	410
1	413
1	416
1	419
1	422
1	425
1	428
1	431
1	434
1	437
1	440
1	443
1	446
1	449
1	452
1	455
1	458
1	461
1	464
1	467
1	470
1	473
1	476
1	479
1	483
1	486
1	490
1	494
1	498
1	502
1	507
1	512
1	517
1	523
1	530
1	538
1	548
2	342
2	351
2	359
2	365
2	371
2	376
2	381
2	386
2	391
2	395
2	400
2	404
2	408
2	412
2	416
2	420
2	423
2	427
2	431
2	434
2	438
2	441
2	445
2	448
2	452
2	456
2	459
2	463
2	467
2	470
2	474
2	478
2	482
2	486
2	490
2	495
2	500
2	505
2	511
2	517
2	525
2	534
2	545
3	347
3	356
3	364
3	371
3	378
3	384
3	390
3	396
3	402
3	407
3	412
3	417
3	422
3	427
3	432
3	437
3	442
3	447
3	452
3	457
3	461
3	466
3	471
3	475
3	480
3	485
3	490
3	496
3	502
3	508
3	515
3	523
3	533
4	349
4	359
4	368
4	377
4	385
4	393
4	400
4	407
4	414
4	421
4	428
4	435
4	442
4	449
4	455
4	461
4	467
4	473
4	479
4	485
4	491
4	498
4	505
4	513
4	522
4	534
5	360
5	371
5	381
5	390
5	398
5	406
5	413
5	420
5	427
5	434
5	441
5	448
5	455
5	462
5	469
5	476
5	483
5	490
5	497
5	505
5	514
5	525
6	360
6	371
6	380
6	388
6	396
6	403
6	410
6	416
6	422
6	428
6	434
6	440
6	447
6	453
6	460
6	466
6	472
6	478
6	484
6	491
6	498
6	505
6	513
6	522
6	534
7	356
7	367
7	377
7	385
7	393
7	400
7	407
7	414
7	421
7	427
7	433
7	439
7	445
7	451
7	457
7	463
7	468
7	473
7	478
7	483
7	488
7	493
7	498
7	504
7	510
7	517
7	525
7	534
7	545
8	196
8	208
8	220
8	232
8	244
8	257
8	269
8	352
8	363
8	373
8	382
8	390
8	398
8	406
8	413
8	420
8	427
8	434
8	441
8	448
8	455
8	461
8	467
8	473
8	479
8	484
8	490
8	495
8	501
8	507
8	514
8	521
8	529
8	538
9	178
9	189
9	199
9	208
9	217
9	226
9	235
9	244
9	253
9	262
9	272
9	282
9	295
9	347
9	358
9	368
9	377
9	386
9	394
9	402
9	409
9	416
9	423
9	430
9	436
9	443
9	449
9	456
9	462
9	468
9	474
9	480
9	486
9	492
9	498
9	504
9	510
9	517
9	525
9	534
9	545
10	177
10	187
10	196
10	204
10	212
10	220
10	228
10	236
10	244
10	252
10	260
10	269
10	278
10	288
10	340
10	351
10	361
10	370
10	379
10	388
10	397
10	405
10	413
10	420
10	427
10	434
10	441
10	448
10	455
10	462
10	469
10	475
10	482
10	488
10	495
10	502
10	509
10	517
10	526
10	537
11	177
11	188
11	198
11	207
11	216
11	225
11	234
11	243
11	252
11	261
11	271
11	281
11	342
11	353
11	362
11	371
11	380
11	388
11	396
11	403
11	410
11	417
11	423
11	429
11	435
11	441
11	447
11	454
11	461
11	468
11	475
11	482
11	489
11	496
11	504
11	512
11	521
11	533
12	192
12	203
12	214
12	225
12	236
12	246
12	257
12	268
12	349
12	360
12	370
12	379
12	388
12	396
12	404
12	411
12	418
12	425
12	432
12	439
12	446
12	453
12	461
12	469
12	477
12	485
12	493
12	502
12	512
12	524
13	219
13	231
13	243
13	255
13	349
13	360
13	370
13	380
13	389
13	398
13	406
13	414
13	423
13	432
13	441
13	450
13	460
13	470
13	480
13	490
13	501
14	218
14	230
14	242
14	255
14	356
14	367
14	378
14	389
14	399
14	409
14	419
14	429
14	440
14	451
14	463
14	475
14	487
15	197
15	208
15	218
15	228
15	238
15	248
15	259
15	273
15	358
15	369
15	380
15	391
15	401
15	411
15	421
15	432
15	443
15	455
15	468
15	481
16	190
16	201
16	211
16	220
16	229
16	237
16	246
16	255
16	264
16	274
16	286
16	352
16	363
16	373
16	383
16	392
16	401
16	410
16	419
16	428
16	438
16	448
16	459
16	469
16	479
16	490
16	504
17	182
17	193
17	202
17	211
17	219
17	226
17	233
17	240
17	247
17	255
17	263
17	272
17	282
17	294
17	356
17	367
17	377
17	386
17	394
17	402
17	410
17	418
17	426
17	435
17	444
17	453
17	462
17	471
17	479
17	487
17	496
17	506
17	517
18	172
18	182
18	191
18	199
18	206
18	213
18	219
18	225
18	231
18	237
18	243
18	249
18	256
18	263
18	270
18	278
18	286
18	296
18	341
18	352
18	362
18	371
18	379
18	387
18	394
18	401
18	408
18	415
18	422
18	430
18	438
18	446
18	454
18	462
18	469
18	476
18	483
18	490
18	497
18	505
18	514
18	524
19	170
19	180
19	188
19	195
19	201
19	207
19	212
19	217
19	222
19	227
19	232
19	237
19	242
19	247
19	252
19	257
19	263
19	268
19	274
19	280
19	287
19	295
19	304
19	315
19	328
19	339
19	349
19	358
19	367
19	375
19	383
19	391
19	398
19	405
19	412
19	418
19	424
19	430
19	436
19	443
19	449
19	456
19	462
19	468
19	474
19	480
19	486
19	492
19	498
19	504
19	511
19	518
19	526
19	536
20	168
20	177
20	184
20	191
20	196
20	202
20	207
20	212
20	217
20	222
20	226
20	231
20	236
20	241
20	246
20	251
20	255
20	260
20	265
20	270
20	275
20	281
20	287
20	294
20	301
20	310
20	320
20	331
20	341
20	350
20	358
20	366
20	374
20	382
20	389
20	396
20	403
20	409
20	415
20	421
20	427
20	433
20	439
20	445
20	451
20	457
20	463
20	468
20	473
20	478
20	483
20	488
20	493
20	498
20	503
20	508
20	514
20	520
20	527
20	535
20	544
20	555
21	161
21	170
21	178
21	184
21	190
21	195
21	200
21	204
21	209
21	213
21	217
21	221
21	225
21	229
21	233
21	237
21	241
21	245
21	249
21	253
21	257
21	261
21	265
21	269
21	274
21	278
21	284
21	289
21	295
21	302
21	310
21	319
21	328
21	337
21	346
21	355
21	363
21	371
21	379
21	387
21	395
21	403
21	411
21	418
21	425
21	432
21	439
21	447
21	455
21	462
21	469
21	474
21	480
21	485
21	490
21	495
21	500
21	506
21	512
21	518
21	525
21	533
21	542
21	553
22	162
22	171
22	179
22	185
22	191
22	196
22	201
22	206
22	211
22	216
22	221
22	226
22	230
22	235
22	239
22	244
22	248
22	252
22	256
22	260
22	264
22	268
22	272
22	277
22	281
22	286
22	291
22	297
22	303
22	310
22	318
22	327
22	336
22	345
22	354
22	363
22	372
22	381
22	390
22	399
22	408
22	417
22	427
22	437
22	448
22	459
22	469
22	478
22	487
22	495
22	503
22	512
22	522
22	534
23	167
23	176
23	183
23	190
23	196
23	202
23	207
23	213
23	218
23	223
23	228
23	233
23	238
23	243
23	247
23	252
23	255
23	260
23	264
23	268
23	272
23	277
23	281
23	286
23	291
23	297
23	303
23	310
23	318
23	327
23	336
23	346
23	356
23	366
23	376
23	386
23	396
23	406
23	416
23	427
23	439
23	480
23	494
24	167
24	176
24	183
24	190
24	196
24	201
24	206
24	211
24	216
24	221
24	226
24	231
24	235
24	240
24	244
24	249
24	253
24	257
24	261
24	265
24	269
24	274
24	278
24	283
24	288
24	294
24	300
24	307
24	315
24	324
24	334
24	344
24	353
24	362
24	371
24	380
24	389
24	399
24	409
24	419
24	430
24	443
24	469
25	164
25	173
25	181
25	187
25	193
25	198
25	203
25	208
25	212
25	217
25	221
25	226
25	230
25	234
25	238
25	242
25	245
25	249
25	252
25	256
25	259
25	263
25	266
25	270
25	274
25	278
25	282
25	286
25	291
25	296
25	301
25	307
25	314
25	322
25	330
25	339
25	348
25	357
25	366
25	375
25	385
25	395
25	405
25	416
25	427
26	166
26	174
26	181
26	186
26	191
26	195
26	200
26	203
26	207
26	211
26	214
26	218
26	221
26	224
26	228
26	231
26	234
26	237
26	241
26	243
26	247
26	250
26	253
26	256
26	259
26	263
26	266
26	269
26	273
26	276
26	280
26	284
26	288
26	293
26	297
26	303
26	308
26	315
26	322
26	330
26	338
26	347
26	356
26	365
26	374
26	383
26	392
26	401
26	411
26	421
26	432
26	445
27	158
27	167
27	173
27	179
27	183
27	188
27	192
27	194
27	199
27	201
27	204
27	207
27	210
27	212
27	215
27	217
27	220
27	222
27	224
27	227
27	229
27	231
27	233
27	236
27	238
27	240
27	242
27	244
27	247
27	248
27	251
27	253
27	255
27	257
27	259
27	262
27	264
27	266
27	268
27	271
27	273
27	276
27	278
27	281
27	284
27	286
27	289
27	293
27	296
27	299
27	304
27	307
27	312
27	317
27	322
27	328
27	334
27	340
27	347
27	354
27	361
27	368
27	376
27	384
27	392
27	400
27	408
27	416
27	425
27	435
27	446
27	458
27	471
27	483
28	157
28	165
28	171
28	176
28	181
28	185
28	190
28	193
28	197
28	201
28	203
28	207
28	210
28	213
28	216
28	219
28	221
28	224
28	226
28	229
28	231
28	233
28	236
28	238
28	240
28	242
28	244
28	246
28	248
28	250
28	252
28	254
28	256
28	258
28	260
28	262
28	264
28	266
28	268
28	270
28	273
28	275
28	277
28	279
28	282
28	285
28	287
28	290
28	293
28	296
28	299
28	303
28	306
28	310
28	315
28	319
28	325
28	330
28	336
28	342
28	348
28	354
28	361
28	368
28	375
28	382
28	389
28	396
28	403
28	411
28	419
28	427
28	436
28	446
28	456
28	467
28	477
28	487
28	498
29	159
29	168
29	175
29	181
29	186
29	191
29	195
29	200
29	204
29	209
29	213
29	217
29	221
29	225
29	229
29	233
29	237
29	241
29	245
29	249
29	253
29	257
29	261
29	265
29	269
29	273
29	277
29	282
29	286
29	291
29	296
29	302
29	308
29	315
29	323
29	331
29	339
29	347
29	355
29	363
29	371
29	379
29	387
29	395
29	403
29	411
29	419
29	428
29	437
29	447
29	457
29	467
29	477
29	487
29	497
29	508
30	167
30	176
30	183
30	190
30	196
30	202
30	207
30	212
30	216
30	221
30	225
30	229
30	233
30	237
30	241
30	245
30	249
30	253
30	257
30	261
30	265
30	269
30	274
30	278
30	283
30	288
30	294
30	300
30	307
30	315
30	324
30	333
30	341
30	349
30	356
30	363
30	370
30	377
30	384
30	391
30	398
30	406
30	414
30	422
30	430
30	439
30	448
30	458
30	468
30	478
30	487
30	496
30	506
30	517
31	168
31	177
31	185
31	193
31	200
31	207
31	213
31	219
31	225
31	231
31	236
31	242
31	247
31	253
31	258
31	264
31	270
31	276
31	283
31	290
31	298
31	307
31	318
31	329
31	338
31	346
31	353
31	359
31	365
31	371
31	377
31	383
31	389
31	395
31	401
31	407
31	414
31	421
31	428
31	436
31	444
31	453
31	462
31	471
31	480
31	488
31	496
31	505
31	515
31	527
32	170
32	180
32	189
32	197
32	204
32	211
32	218
32	225
32	232
32	239
32	246
32	253
32	261
32	269
32	278
32	288
32	331
32	341
32	349
32	356
32	363
32	369
32	375
32	381
32	387
32	393
32	399
32	405
32	411
32	418
32	425
32	432
32	440
32	448
32	457
32	466
32	474
32	482
32	490
32	498
32	506
32	515
32	526
33	171
33	181
33	190
33	199
33	207
33	214
33	221
33	227
33	233
33	239
33	245
33	251
33	258
33	265
33	272
33	280
33	289
33	329
33	339
33	347
33	353
33	359
33	364
33	370
33	375
33	380
33	385
33	390
33	396
33	401
33	407
33	413
33	419
33	426
33	433
33	440
33	448
33	456
33	464
33	472
33	480
33	488
33	496
33	504
33	513
33	523
34	177
34	187
34	196
34	205
34	214
34	223
34	232
34	241
34	250
34	260
34	270
34	333
34	342
34	350
34	356
34	362
34	367
34	372
34	377
34	382
34	387
34	392
34	397
34	403
34	408
34	414
34	420
34	426
34	433
34	440
34	447
34	455
34	463
34	471
34	479
34	487
34	495
34	503
34	512
34	522
35	180
35	191
35	201
35	210
35	219
35	229
35	239
35	249
35	259
35	269
35	281
35	330
35	340
35	347
35	353
35	359
35	364
35	369
35	374
35	379
35	384
35	389
35	395
35	400
35	406
35	412
35	418
35	425
35	432
35	439
35	447
35	455
35	463
35	471
35	479
35	487
35	495
35	503
35	512
35	522
35	534
36	187
36	198
36	208
36	218
36	227
36	237
36	247
36	256
36	265
36	275
36	286
36	329
36	339
36	347
36	354
36	361
36	368
36	375
36	382
36	389
36	396
36	403
36	411
36	419
36	427
36	436
36	445
36	455
36	465
36	475
36	484
36	493
36	502
36	511
36	521
37	182
37	193
37	203
37	213
37	224
37	235
37	247
37	259
37	332
37	342
37	351
37	360
37	369
37	378
37	387
37	396
37	405
37	414
37	423
37	432
37	442
37	452
37	462
37	472
37	481
37	490
37	499
37	508
37	518
38	179
38	189
38	198
38	207
38	216
38	225
38	235
38	245
38	254
38	263
38	273
38	284
38	331
38	342
38	352
38	362
38	372
38	381
38	390
38	399
38	409
38	419
38	429
38	439
38	449
38	460
38	470
38	479
38	487
38	495
38	503
38	512
38	522
38	535
39	187
39	198
39	208
39	219
39	230
39	241
39	251
39	260
39	269
39	279
39	291
39	330
39	341
39	351
39	361
39	371
39	381
39	391
39	401
39	411
39	422
39	433
39	445
39	457
39	468
39	478
39	486
39	494
39	502
39	510
39	519
39	529
40	340
40	351
40	362
40	373
40	384
40	395
40	406
40	417
40	428
40	441
40	456
40	468
40	479
40	490
40	500
40	511
41	190
41	201
41	211
41	221
41	231
41	241
41	252
41	264
41	347
41	361
41	469
42	188
42	198
42	207
42	215
42	223
42	231
42	239
42	247
42	255
42	263
42	272
42	282
42	342
43	201
43	212
43	222
43	231
43	240
43	248
43	256
43	264
43	273
43	283
44	232
45	193
45	204
45	215
45	225
45	235
45	245
45	256
46	188
46	199
46	208
46	217
46	225
46	233
46	240
46	247
46	255
46	263
46	272
46	282
46	382
46	395
46	407
47	198
47	209
47	219
47	228
47	236
47	244
47	252
47	260
47	269
47	279
47	382
47	394
47	405
47	416
48	201
48	213
48	224
48	235
48	246
48	257
48	386
48	397
48	408
48	420
48	476
48	488
48	499
49	189
49	200
49	209
49	218
49	227
49	236
49	245
49	254
49	263
49	273
49	285
49	482
49	495
50	187
50	197
50	205
50	212
50	219
50	225
50	231
50	237
50	243
50	249
50	255
50	261
50	267
50	274
50	281
50	289
50	298
51	198
51	208
51	216
51	223
51	230
51	236
51	242
51	248
51	254
51	260
51	266
51	272
51	278
51	285
51	293
51	302
52	230
52	242
52	253
52	265
53	222
53	235
53	248
54	189
54	200
54	209
54	218
54	226
54	234
54	242
54	249
54	257
54	265
54	274
54	284
55	187
55	197
55	206
55	213
55	220
55	226
55	232
55	238
55	243
55	249
55	254
55	259
55	265
55	270
55	276
55	283
55	290
55	298
55	308
56	189
56	200
56	209
56	217
56	224
56	231
56	237
56	243
56	248
56	254
56	259
56	265
56	271
56	277
56	284
56	292
56	301
56	315
57	180
57	191
57	201
57	211
57	221
57	231
57	241
57	251
57	262
58	172
58	182
58	191
58	199
58	206
58	213
58	220
58	228
58	236
58	244
58	252
58	260
58	269
58	279
59	168
59	177
59	184
59	190
59	195
59	200
59	205
59	210
59	214
59	219
59	223
59	228
59	232
59	237
59	241
59	246
59	251
59	255
59	260
59	265
59	270
59	276
59	282
59	288
59	295
59	304
59	314
60	161
60	170
60	176
60	182
60	185
60	190
60	193
60	197
60	200
60	203
60	206
60	209
60	212
60	214
60	218
60	220
60	223
60	226
60	228
60	231
60	234
60	236
60	239
60	242
60	244
60	247
60	249
60	252
60	254
60	257
60	259
60	262
60	265
60	267
60	270
60	273
60	276
60	279
60	282
60	286
60	289
60	293
60	297
60	301
60	306
60	311
60	317
60	324
60	331
60	339
60	348
60	358
61	162
61	171
61	177
61	182
61	185
61	190
61	192
61	195
61	198
61	201
61	202
61	205
61	208
61	210
61	212
61	214
61	216
61	219
61	220
61	222
61	224
61	226
61	228
61	230
61	232
61	233
61	235
61	237
61	239
61	241
61	242
61	244
61	246
61	248
61	249
61	251
61	253
61	254
61	256
61	258
61	260
61	261
61	263
61	265
61	266
61	268
61	270
61	272
61	274
61	275
61	277
61	279
61	281
61	284
61	285
61	287
61	290
61	292
61	295
61	297
61	300
61	303
61	306
61	309
61	313
61	316
61	320
61	325
61	329
61	335
61	340
61	346
61	353
61	361
61	370
61	380
62	169
62	178
62	185
62	191
62	196
62	201
62	205
62	210
62	213
62	217
62	220
62	223
62	226
62	229
62	232
62	234
62	238
62	240
62	243
62	245
62	248
62	251
62	252
62	255
62	258
62	260
62	262
62	265
62	267
62	269
62	272
62	274
62	276
62	279
62	281
62	284
62	287
62	289
62	293
62	296
62	299
62	303
62	306
62	310
62	315
62	319
62	325
62	330
62	336
62	343
62	350
62	358
62	367
62	378
65	183
65	193
65	202
65	210
65	218
65	226
65	234
65	242
65	250
65	258
65	266
65	275
65	284
65	295
66	178
66	186
66	192
66	198
66	203
66	208
66	212
66	217
66	221
66	225
66	229
66	233
66	237
66	241
66	245
66	249
66	253
66	257
66	261
66	265
66	269
66	274
66	278
66	283
66	288
66	294
66	300
66	307
66	315
66	325
67	178
67	186
67	192
67	197
67	202
67	205
67	210
67	212
67	216
67	219
67	222
67	225
67	228
67	231
67	234
67	237
67	240
67	243
67	246
67	249
67	251
67	254
67	257
67	260
67	262
67	265
67	268
67	271
67	274
67	277
67	280
67	284
67	287
67	291
67	295
67	299
67	304
67	308
67	314
67	320
67	327
67	335
67	345
68	192
68	202
68	210
68	217
68	224
68	230
68	236
68	242
68	247
68	252
68	257
68	262
68	267
68	272
68	278
68	284
68	290
68	297
68	305
68	315
71	211
71	223
71	235
71	247
71	260
72	182
72	192
72	200
72	207
72	214
72	220
72	226
72	232
72	238
72	244
72	250
72	256
72	262
72	268
72	274
72	281
72	288
72	296
72	306
73	180
73	189
73	195
73	201
73	206
73	211
73	215
73	220
73	223
73	228
73	231
73	235
73	239
73	242
73	246
73	250
73	253
73	257
73	260
73	264
73	267
73	271
73	275
73	279
73	283
73	288
73	293
73	298
73	304
73	311
73	319
73	328
74	188
74	197
74	204
74	211
74	217
74	222
74	227
74	232
74	237
74	241
74	246
74	250
74	255
74	259
74	264
74	268
74	273
74	278
74	283
74	288
74	294
74	301
74	309
74	318
-1	-1
