-1	-1
0	310
0	322
0	333
0	344
0	426
0	434
0	441
0	447
0	452
0	456
0	461
0	463
0	467
0	470
0	473
0	476
0	479
0	481
0	484
0	486
0	489
0	491
0	493
0	496
0	498
0	501
0	502
0	505
0	507
0	509
0	512
0	513
0	516
0	518
0	520
0	522
0	525
0	526
0	529
0	531
0	533
0	535
0	538
0	539
0	542
0	544
0	546
0	549
0	551
0	554
0	556
0	559
0	562
0	565
0	567
0	571
0	574
0	577
0	581
0	585
0	589
0	594
0	599
0	605
0	611
0	618
0	626
0	636
1	437
1	447
1	455
1	462
1	468
1	473
1	479
1	483
1	488
1	492
1	497
1	501
1	505
1	509
1	513
1	517
1	521
1	524
1	528
1	532
1	535
1	539
1	543
1	547
1	551
1	555
1	559
1	564
1	569
1	575
1	581
1	588
1	596
1	605
2	442
2	452
2	460
2	468
2	474
2	480
2	486
2	491
2	496
2	501
2	506
2	511
2	515
2	520
2	524
2	529
2	533
2	538
2	542
2	547
2	552
2	557
2	563
2	569
2	576
2	584
2	593
2	604
3	452
3	462
3	471
3	479
3	486
3	493
3	499
3	505
3	511
3	516
3	522
3	527
3	533
3	538
3	544
3	550
3	556
3	563
3	571
3	580
3	590
4	461
4	472
4	481
4	489
4	497
4	504
4	511
4	518
4	524
4	531
4	537
4	544
4	551
4	558
4	566
4	575
4	586
5	467
5	477
5	485
5	493
5	500
5	507
5	513
5	519
5	525
5	531
5	537
5	543
5	549
5	556
5	564
5	573
5	583
6	462
6	472
6	480
6	487
6	493
6	499
6	505
6	511
6	516
6	522
6	527
6	532
6	537
6	543
6	548
6	554
6	560
6	567
6	575
6	584
6	595
7	461
7	471
7	480
7	488
7	495
7	502
7	508
7	514
7	520
7	525
7	531
7	536
7	542
7	548
7	554
7	560
7	567
7	575
7	584
7	595
8	462
8	473
8	482
8	491
8	499
8	507
8	514
8	521
8	528
8	535
8	542
8	549
8	557
8	566
8	576
9	459
9	470
9	480
9	489
9	498
9	506
9	514
9	522
9	529
9	536
9	544
9	552
9	561
9	571
9	584
10	341
10	457
10	467
10	476
10	485
10	493
10	501
10	508
10	515
10	522
10	529
10	536
10	543
10	550
10	558
10	567
10	577
11	281
11	293
11	304
11	315
11	325
11	335
11	345
11	356
11	471
11	482
11	492
11	501
11	510
11	518
11	526
11	534
11	542
11	550
11	558
11	567
11	578
12	266
12	277
12	287
12	296
12	305
12	313
12	321
12	329
12	338
12	347
12	356
12	366
12	378
12	466
12	477
12	487
12	497
12	506
12	514
12	522
12	530
12	538
12	546
12	554
12	563
12	573
13	261
13	271
13	280
13	288
13	295
13	302
13	309
13	315
13	321
13	327
13	333
13	339
13	346
13	353
13	360
13	368
13	377
13	387
13	461
13	472
13	482
13	492
13	501
13	510
13	519
13	527
13	535
13	543
13	552
13	562
13	573
14	256
14	265
14	273
14	280
14	287
14	293
14	299
14	305
14	310
14	316
14	321
14	326
14	331
14	336
14	341
14	346
14	351
14	357
14	363
14	369
14	376
14	383
14	391
14	401
14	472
14	483
14	494
14	505
14	515
14	525
14	535
14	545
14	555
14	566
15	252
15	262
15	270
15	277
15	284
15	290
15	296
15	302
15	308
15	313
15	319
15	324
15	330
15	335
15	340
15	345
15	350
15	355
15	360
15	365
15	371
15	377
15	384
15	391
15	399
15	409
15	482
15	495
15	507
15	518
15	529
15	540
15	551
15	563
16	260
16	270
16	279
16	287
16	295
16	303
16	310
16	317
16	324
16	331
16	337
16	343
16	349
16	355
16	361
16	367
16	374
16	381
16	389
16	398
16	409
16	461
16	476
16	490
16	504
16	517
16	529
16	540
16	552
17	270
17	281
17	291
17	301
17	311
17	320
17	329
17	338
17	346
17	354
17	362
17	370
17	379
17	389
17	482
17	494
17	506
17	517
17	528
17	539
17	550
17	563
18	276
18	287
18	297
18	307
18	317
18	327
18	337
18	346
18	355
18	364
18	374
18	385
18	479
18	491
18	502
18	512
18	521
18	530
18	539
18	548
18	558
18	570
19	271
19	282
19	292
19	302
19	312
19	322
19	332
19	341
19	350
19	360
19	370
19	482
19	494
19	505
19	515
19	525
19	535
19	545
19	555
20	268
20	279
20	289
20	298
20	307
20	316
20	325
20	334
20	343
20	352
20	362
20	373
20	470
20	482
20	493
20	503
20	513
20	523
20	533
20	543
20	553
20	565
21	262
21	272
21	281
21	289
21	296
21	303
21	310
21	317
21	324
21	331
21	338
21	345
21	353
21	361
21	370
21	380
21	460
21	471
21	482
21	492
21	502
21	511
21	520
21	529
21	538
21	547
21	557
21	568
22	259
22	269
22	276
22	283
22	289
22	294
22	300
22	305
22	310
22	315
22	320
22	325
22	330
22	335
22	340
22	345
22	351
22	357
22	363
22	370
22	377
22	386
22	396
22	456
22	467
22	477
22	487
22	496
22	505
22	514
22	523
22	532
22	541
22	550
22	559
22	569
23	258
23	267
23	274
23	281
23	286
23	291
23	296
23	301
23	305
23	310
23	314
23	318
23	322
23	326
23	330
23	334
23	338
23	342
23	346
23	350
23	355
23	359
23	364
23	369
23	375
23	381
23	388
23	396
23	406
23	439
23	450
23	460
23	470
23	479
23	488
23	497
23	505
23	513
23	521
23	529
23	537
23	545
23	553
23	561
23	570
23	580
24	259
24	268
24	275
24	281
24	286
24	291
24	296
24	301
24	305
24	310
24	313
24	318
24	321
24	325
24	329
24	332
24	336
24	340
24	343
24	347
24	351
24	355
24	359
24	363
24	368
24	373
24	378
24	384
24	390
24	397
24	406
24	416
24	427
24	438
24	448
24	457
24	465
24	473
24	481
24	488
24	495
24	502
24	509
24	516
24	523
24	530
24	537
24	544
24	551
24	558
24	566
24	575
24	585
25	263
25	273
25	281
25	289
25	295
25	301
25	307
25	313
25	318
25	323
25	328
25	332
25	337
25	341
25	345
25	349
25	353
25	357
25	361
25	366
25	370
25	375
25	380
25	386
25	392
25	399
25	407
25	416
25	426
25	436
25	445
25	453
25	461
25	469
25	476
25	483
25	490
25	497
25	504
25	511
25	518
25	524
25	530
25	536
25	542
25	548
25	555
25	562
25	569
25	577
25	586
25	597
26	267
26	277
26	286
26	294
26	301
26	308
26	314
26	320
26	326
26	331
26	336
26	341
26	346
26	351
26	355
26	360
26	364
26	369
26	374
26	379
26	385
26	391
26	398
26	406
26	415
26	425
26	435
26	444
26	453
26	461
26	469
26	476
26	483
26	490
26	497
26	504
26	511
26	518
26	524
26	531
26	537
26	543
26	549
26	555
26	561
26	568
26	575
26	583
26	592
26	603
27	267
27	277
27	285
27	292
27	299
27	305
27	311
27	317
27	322
27	328
27	333
27	338
27	343
27	347
27	352
27	356
27	360
27	365
27	369
27	374
27	378
27	384
27	389
27	395
27	402
27	410
27	419
27	428
27	437
27	446
27	454
27	462
27	469
27	476
27	483
27	489
27	495
27	501
27	507
27	513
27	519
27	525
27	531
27	537
27	543
27	548
27	554
27	559
27	565
27	571
27	577
27	584
27	592
27	601
27	612
28	269
28	279
28	288
28	296
28	303
28	309
28	315
28	321
28	326
28	331
28	336
28	341
28	345
28	350
28	354
28	358
28	362
28	366
28	370
28	374
28	378
28	383
28	388
28	393
28	399
28	405
28	412
28	420
28	428
28	436
28	444
28	451
28	458
28	465
28	471
28	477
28	483
28	489
28	494
28	499
28	504
28	509
28	514
28	519
28	524
28	529
28	534
28	539
28	543
28	548
28	552
28	557
28	562
28	567
28	572
28	578
28	584
28	591
28	598
28	606
28	616
29	266
29	276
29	284
29	291
29	298
29	303
29	309
29	314
29	319
29	323
29	328
29	332
29	337
29	341
29	345
29	349
29	353
29	357
29	361
29	364
29	368
29	372
29	376
29	380
29	384
29	388
29	393
29	398
29	403
29	409
29	415
29	422
29	429
29	436
29	443
29	450
29	456
29	462
29	468
29	474
29	480
29	486
29	491
29	496
29	501
29	506
29	511
29	516
29	521
29	525
29	530
29	534
29	539
29	543
29	548
29	552
29	557
29	562
29	567
29	572
29	578
29	584
29	591
29	598
29	607
29	618
30	257
30	266
30	273
30	280
30	285
30	290
30	294
30	299
30	303
30	307
30	311
30	314
30	318
30	321
30	325
30	328
30	332
30	335
30	338
30	341
30	344
30	347
30	350
30	353
30	356
30	359
30	362
30	365
30	368
30	371
30	374
30	377
30	380
30	384
30	387
30	390
30	395
30	398
30	403
30	407
30	412
30	417
30	422
30	428
30	433
30	439
30	444
30	449
30	454
30	459
30	464
30	469
30	474
30	479
30	484
30	489
30	494
30	499
30	504
30	509
30	514
30	519
30	524
30	529
30	534
30	539
30	544
30	549
30	554
30	559
30	565
30	571
30	577
30	584
30	592
30	601
30	612
31	253
31	262
31	269
31	274
31	279
31	283
31	287
31	291
31	293
31	297
31	300
31	303
31	306
31	309
31	312
31	315
31	318
31	321
31	323
31	326
31	329
31	331
31	334
31	336
31	339
31	341
31	343
31	346
31	348
31	350
31	353
31	355
31	357
31	359
31	362
31	364
31	366
31	369
31	371
31	374
31	376
31	379
31	381
31	385
31	387
31	390
31	394
31	397
31	400
31	405
31	408
31	413
31	417
31	422
31	427
31	432
31	437
31	442
31	447
31	452
31	457
31	461
31	466
31	470
31	475
31	479
31	484
31	489
31	494
31	499
31	505
31	510
31	516
31	522
31	528
31	534
31	540
31	547
31	554
31	561
31	569
31	577
31	586
31	597
32	257
32	265
32	272
32	277
32	282
32	286
32	290
32	293
32	297
32	300
32	303
32	307
32	310
32	313
32	316
32	319
32	322
32	325
32	328
32	331
32	333
32	336
32	339
32	341
32	344
32	346
32	349
32	351
32	354
32	356
32	359
32	361
32	364
32	366
32	369
32	371
32	374
32	377
32	379
32	383
32	385
32	389
32	392
32	396
32	399
32	404
32	408
32	413
32	418
32	423
32	429
32	434
32	440
32	445
32	450
32	455
32	460
32	465
32	470
32	475
32	480
32	485
32	491
32	496
32	502
32	508
32	514
32	520
32	527
32	534
32	541
32	548
32	555
32	563
32	571
32	580
32	590
33	258
33	267
33	274
33	280
33	285
33	291
33	295
33	300
33	304
33	309
33	313
33	317
33	321
33	325
33	329
33	332
33	336
33	339
33	343
33	346
33	350
33	352
33	356
33	359
33	362
33	365
33	368
33	371
33	375
33	378
33	382
33	386
33	389
33	394
33	398
33	403
33	408
33	414
33	420
33	427
33	434
33	440
33	446
33	452
33	458
33	464
33	470
33	476
33	482
33	488
33	494
33	500
33	506
33	512
33	518
33	524
33	530
33	536
33	542
33	548
33	555
33	562
33	569
33	577
33	586
33	596
34	259
34	268
34	274
34	280
34	285
34	290
34	295
34	300
34	304
34	309
34	312
34	316
34	320
34	323
34	327
34	331
34	334
34	338
34	341
34	345
34	348
34	352
34	355
34	359
34	362
34	366
34	369
34	373
34	377
34	381
34	386
34	390
34	396
34	401
34	407
34	414
34	421
34	428
34	435
34	442
34	449
34	455
34	461
34	467
34	472
34	478
34	483
34	488
34	493
34	498
34	503
34	508
34	513
34	518
34	523
34	528
34	533
34	538
34	544
34	549
34	555
34	561
34	567
34	573
34	580
34	587
34	595
34	605
35	262
35	272
35	281
35	289
35	297
35	304
35	311
35	318
35	324
35	330
35	336
35	341
35	346
35	351
35	356
35	361
35	366
35	371
35	377
35	383
35	389
35	396
35	404
35	413
35	422
35	430
35	438
35	445
35	452
35	458
35	463
35	469
35	474
35	479
35	484
35	489
35	493
35	498
35	503
35	508
35	513
35	518
35	523
35	528
35	533
35	538
35	543
35	548
35	553
35	558
35	563
35	568
35	574
35	580
35	587
35	595
35	604
35	614
36	270
36	281
36	291
36	301
36	311
36	320
36	329
36	337
36	344
36	351
36	358
36	365
36	372
36	379
36	387
36	396
36	407
36	418
36	427
36	435
36	442
36	449
36	454
36	459
36	464
36	469
36	473
36	478
36	482
36	486
36	491
36	495
36	500
36	504
36	509
36	514
36	519
36	524
36	529
36	534
36	539
36	544
36	549
36	554
36	559
36	564
36	569
36	575
36	580
36	586
36	593
36	600
36	608
36	618
37	281
37	293
37	305
37	316
37	326
37	335
37	343
37	351
37	358
37	365
37	373
37	381
37	390
37	401
37	417
37	427
37	435
37	442
37	448
37	453
37	458
37	462
37	467
37	471
37	476
37	480
37	485
37	489
37	494
37	499
37	504
37	509
37	515
37	521
37	527
37	533
37	539
37	546
37	553
37	560
37	567
37	575
37	583
37	592
37	603
38	289
38	301
38	312
38	322
38	332
38	341
38	350
38	358
38	366
38	375
38	385
38	427
38	436
38	443
38	450
38	455
38	461
38	466
38	471
38	476
38	481
38	487
38	493
38	499
38	506
38	513
38	520
38	528
38	537
38	546
38	556
38	567
39	320
39	332
39	343
39	354
39	365
39	429
39	439
39	446
39	453
39	459
39	465
39	472
39	479
39	486
39	494
39	502
39	511
39	520
39	530
39	541
39	554
40	440
40	451
40	461
40	470
40	479
40	489
40	500
40	511
40	523
41	458
41	470
41	482
41	494
51	351
52	321
52	333
52	345
52	356
53	298
53	309
53	319
53	328
53	337
53	346
53	356
53	366
54	300
54	311
54	321
54	331
54	340
54	349
54	359
54	369
55	312
55	324
55	335
55	346
55	357
55	369
56	287
56	297
56	306
56	315
56	323
56	331
56	339
56	347
56	356
56	365
56	376
57	278
57	288
57	296
57	303
57	310
57	316
57	322
57	328
57	334
57	340
57	346
57	352
57	358
57	365
57	372
57	380
57	390
58	282
58	293
58	302
58	311
58	319
58	327
58	334
58	341
58	348
58	355
58	362
58	370
58	378
58	388
59	280
59	290
59	299
59	308
59	316
59	324
59	332
59	339
59	346
59	354
59	362
59	370
59	380
60	270
60	279
60	287
60	293
60	299
60	304
60	310
60	315
60	320
60	325
60	330
60	334
60	339
60	343
60	348
60	353
60	358
60	363
60	368
60	374
60	381
60	388
60	397
60	408
61	268
61	276
61	282
61	288
61	293
61	298
61	302
61	306
61	310
61	313
61	317
61	321
61	323
61	327
61	330
61	333
61	336
61	339
61	342
61	345
61	348
61	351
61	354
61	357
61	360
61	364
61	367
61	371
61	375
61	379
61	384
61	388
61	394
61	399
61	406
61	414
61	423
61	433
62	268
62	278
62	286
62	293
62	300
62	306
62	312
62	318
62	323
62	328
62	332
62	337
62	341
62	344
62	348
62	352
62	355
62	359
62	362
62	366
62	369
62	373
62	377
62	381
62	386
62	390
62	396
62	401
62	407
62	414
62	422
62	431
62	441
62	453
63	267
63	277
63	286
63	294
63	302
63	310
63	318
63	326
63	333
63	340
63	347
63	353
63	359
63	365
63	371
63	378
63	385
63	393
63	402
63	414
63	548
64	263
64	272
64	280
64	286
64	292
64	298
64	303
64	308
64	313
64	318
64	323
64	328
64	333
64	338
64	343
64	348
64	354
64	359
64	365
64	371
64	378
64	386
64	395
64	406
65	263
65	272
65	279
65	284
65	289
65	293
65	297
65	301
65	304
65	308
65	311
65	314
65	318
65	321
65	324
65	327
65	330
65	333
65	336
65	339
65	342
65	345
65	348
65	351
65	355
65	357
65	361
65	364
65	368
65	371
65	375
65	379
65	383
65	388
65	393
65	398
65	405
65	412
65	420
65	429
65	439
66	269
66	278
66	285
66	291
66	296
66	301
66	305
66	310
66	313
66	317
66	321
66	324
66	328
66	331
66	334
66	338
66	341
66	344
66	347
66	350
66	353
66	356
66	359
66	362
66	365
66	368
66	371
66	375
66	377
66	381
66	385
66	388
66	393
66	397
66	402
66	407
66	413
66	419
66	426
66	434
66	443
66	453
67	282
67	293
67	303
67	312
67	321
67	330
67	338
67	345
67	352
67	359
67	365
67	371
67	377
67	383
67	390
67	397
67	406
67	416
68	276
68	286
68	295
68	303
68	311
68	319
68	327
68	335
68	343
68	351
68	359
68	368
68	377
68	388
69	268
69	277
69	284
69	290
69	295
69	301
69	305
69	310
69	314
69	319
69	323
69	327
69	331
69	335
69	339
69	344
69	348
69	353
69	357
69	362
69	366
69	371
69	376
69	382
69	388
69	395
69	403
69	412
69	423
70	268
70	276
70	282
70	287
70	292
70	295
70	300
70	302
70	306
70	309
70	312
70	315
70	318
70	321
70	324
70	327
70	330
70	332
70	335
70	338
70	340
70	343
70	346
70	348
70	351
70	354
70	356
70	359
70	362
70	365
70	367
70	370
70	374
70	376
70	379
70	383
70	386
70	389
70	394
70	397
70	402
70	407
70	412
70	418
70	425
70	433
70	442
71	271
71	280
71	288
71	294
71	300
71	305
71	310
71	315
71	320
71	324
71	329
71	332
71	337
71	340
71	344
71	348
71	351
71	355
71	358
71	362
71	365
71	368
71	372
71	375
71	379
71	383
71	387
71	391
71	396
71	400
71	406
71	412
71	419
71	427
71	436
72	340
72	352
72	363
72	374
73	270
73	281
73	291
73	300
73	309
73	318
73	327
73	336
73	346
73	357
73	369
74	262
74	271
74	279
74	286
74	292
74	298
74	303
74	308
74	313
74	318
74	323
74	328
74	333
74	338
74	343
74	348
74	353
74	359
74	365
74	371
74	377
74	384
74	391
74	399
74	409
75	268
75	277
75	284
75	290
75	295
75	300
75	304
75	309
75	313
75	317
75	321
75	325
75	329
75	333
75	337
75	341
75	345
75	349
75	353
75	357
75	361
75	365
75	369
75	374
75	378
75	383
75	388
75	394
75	400
75	407
75	415
75	424
76	289
76	299
76	308
76	316
76	324
76	331
76	338
76	345
76	352
76	359
76	366
76	374
76	382
76	391
76	401
-1	-1
