-1	-1
0	367
0	377
0	384
0	390
0	395
0	401
0	406
0	411
0	416
0	421
0	426
0	431
0	436
0	442
0	448
0	455
0	462
0	471
0	481
1	378
1	388
1	396
1	404
1	411
1	418
1	425
1	433
1	441
1	450
1	463
2	382
2	392
2	401
2	409
2	417
2	425
2	434
2	444
2	456
3	386
3	396
3	405
3	414
3	423
3	432
3	442
4	388
4	398
4	408
4	417
4	427
4	438
5	391
5	402
5	413
5	424
5	436
6	210
6	223
6	401
6	413
6	426
7	179
7	191
7	202
7	213
7	224
7	235
7	249
8	166
8	177
8	187
8	196
8	205
8	214
8	223
8	232
8	241
8	250
8	260
8	270
8	283
9	158
9	168
9	177
9	185
9	193
9	201
9	208
9	215
9	222
9	229
9	236
9	243
9	250
9	257
9	265
9	273
9	282
9	292
10	157
10	167
10	175
10	183
10	190
10	197
10	204
10	210
10	216
10	222
10	228
10	234
10	240
10	246
10	252
10	258
10	265
10	272
10	279
10	287
10	296
10	307
11	152
11	162
11	170
11	177
11	184
11	191
11	197
11	203
11	209
11	215
11	221
11	227
11	233
11	239
11	245
11	251
11	257
11	263
11	269
11	276
11	283
11	291
11	300
12	158
12	168
12	177
12	185
12	192
12	199
12	206
12	213
12	220
12	227
12	234
12	241
12	248
12	256
12	264
12	272
12	281
12	291
13	167
13	178
13	188
13	197
13	206
13	215
13	224
13	233
13	242
13	251
13	260
13	270
13	281
14	171
14	182
14	192
14	202
14	211
14	220
14	229
14	238
14	247
14	256
14	265
14	275
14	287
15	162
15	173
15	183
15	192
15	200
15	208
15	216
15	224
15	231
15	239
15	246
15	254
15	262
15	270
15	278
15	287
15	298
16	160
16	170
16	179
16	187
16	195
16	202
16	209
16	216
16	223
16	230
16	237
16	244
16	251
16	258
16	265
16	273
16	281
16	290
16	300
17	158
17	168
17	177
17	185
17	192
17	199
17	205
17	211
17	217
17	223
17	229
17	235
17	241
17	247
17	253
17	259
17	265
17	272
17	279
17	286
17	294
17	303
17	315
18	157
18	167
18	175
18	182
18	189
18	195
18	201
18	206
18	211
18	216
18	221
18	226
18	231
18	235
18	240
18	244
18	249
18	253
18	258
18	263
18	268
18	273
18	278
18	284
18	290
18	296
18	303
18	311
18	321
19	150
19	160
19	168
19	174
19	180
19	185
19	190
19	195
19	200
19	204
19	208
19	212
19	216
19	220
19	224
19	228
19	232
19	235
19	239
19	243
19	247
19	251
19	255
19	259
19	263
19	267
19	271
19	276
19	280
19	285
19	290
19	296
19	302
19	309
19	317
19	327
19	339
20	148
20	157
20	164
20	171
20	176
20	181
20	186
20	190
20	194
20	198
20	202
20	206
20	210
20	213
20	217
20	220
20	224
20	227
20	231
20	234
20	237
20	241
20	243
20	247
20	250
20	253
20	256
20	260
20	263
20	266
20	270
20	273
20	277
20	280
20	285
20	288
20	293
20	297
20	302
20	307
20	313
20	320
20	328
20	337
20	348
21	148
21	157
21	164
21	170
21	176
21	181
21	186
21	191
21	195
21	200
21	203
21	208
21	211
21	215
21	219
21	222
21	226
21	229
21	233
21	236
21	240
21	243
21	247
21	250
21	253
21	257
21	260
21	264
21	267
21	271
21	274
21	278
21	282
21	286
21	290
21	295
21	299
21	305
21	310
21	316
21	323
21	331
21	340
21	351
22	151
22	161
22	169
22	176
22	182
22	188
22	193
22	198
22	203
22	208
22	212
22	217
22	221
22	226
22	230
22	234
22	238
22	242
22	246
22	250
22	254
22	258
22	262
22	266
22	270
22	274
22	278
22	283
22	287
22	292
22	297
22	303
22	309
22	316
22	324
22	334
22	346
23	152
23	162
23	170
23	177
23	184
23	190
23	196
23	202
23	207
23	212
23	217
23	222
23	227
23	232
23	237
23	242
23	247
23	252
23	257
23	262
23	267
23	272
23	277
23	282
23	288
23	294
23	300
23	307
23	315
23	325
24	152
24	162
24	170
24	177
24	183
24	189
24	194
24	200
24	205
24	210
24	215
24	220
24	224
24	229
24	233
24	238
24	242
24	247
24	251
24	256
24	261
24	266
24	271
24	276
24	281
24	287
24	293
24	299
24	306
24	314
24	324
25	157
25	167
25	175
25	182
25	189
25	195
25	201
25	206
25	211
25	216
25	221
25	226
25	231
25	236
25	241
25	245
25	250
25	255
25	260
25	265
25	270
25	275
25	280
25	286
25	292
25	298
25	305
25	313
25	323
26	149
26	159
26	167
26	173
26	179
26	184
26	190
26	194
26	199
26	203
26	208
26	212
26	216
26	220
26	224
26	228
26	232
26	236
26	240
26	244
26	248
26	252
26	256
26	260
26	264
26	268
26	272
26	276
26	280
26	285
26	289
26	295
26	300
26	306
26	313
26	321
26	330
26	341
27	142
27	151
27	158
27	163
27	169
27	173
27	178
27	182
27	186
27	190
27	193
27	197
27	200
27	203
27	207
27	210
27	213
27	216
27	219
27	222
27	225
27	228
27	231
27	234
27	237
27	240
27	243
27	245
27	249
27	251
27	254
27	257
27	260
27	263
27	266
27	269
27	272
27	275
27	278
27	281
27	285
27	288
27	292
27	295
27	299
27	303
27	307
27	312
27	317
27	323
27	330
27	337
27	346
27	356
28	141
28	150
28	156
28	161
28	166
28	170
28	174
28	178
28	182
28	185
28	189
28	192
28	194
28	198
28	201
28	203
28	206
28	209
28	211
28	214
28	216
28	219
28	221
28	224
28	226
28	229
28	231
28	233
28	236
28	238
28	240
28	243
28	245
28	247
28	250
28	252
28	255
28	257
28	259
28	262
28	264
28	267
28	269
28	272
28	274
28	277
28	279
28	282
28	285
28	287
28	290
28	294
28	296
28	300
28	303
28	307
28	310
28	315
28	319
28	324
28	329
28	335
28	342
28	349
28	357
28	367
29	144
29	152
29	159
29	164
29	169
29	173
29	177
29	181
29	184
29	188
29	191
29	194
29	197
29	200
29	203
29	206
29	209
29	211
29	214
29	217
29	219
29	222
29	225
29	227
29	230
29	233
29	235
29	238
29	241
29	243
29	246
29	248
29	251
29	254
29	256
29	259
29	262
29	264
29	267
29	270
29	273
29	276
29	278
29	282
29	285
29	288
29	291
29	295
29	298
29	302
29	306
29	310
29	315
29	319
29	325
29	330
29	337
29	344
29	352
29	361
29	371
30	147
30	155
30	162
30	168
30	173
30	178
30	182
30	187
30	191
30	195
30	199
30	203
30	207
30	210
30	214
30	217
30	221
30	224
30	228
30	231
30	234
30	237
30	241
30	243
30	247
30	250
30	253
30	256
30	259
30	263
30	266
30	269
30	273
30	276
30	279
30	283
30	286
30	290
30	294
30	297
30	302
30	306
30	311
30	316
30	322
30	328
30	335
30	343
30	352
30	362
30	374
31	148
31	157
31	164
31	171
31	177
31	182
31	187
31	192
31	196
31	201
31	205
31	209
31	213
31	217
31	221
31	225
31	229
31	233
31	237
31	241
31	245
31	249
31	253
31	257
31	261
31	265
31	269
31	273
31	277
31	282
31	286
31	291
31	296
31	301
31	306
31	312
31	318
31	326
31	334
31	343
31	353
31	365
32	149
32	159
32	167
32	174
32	180
32	186
32	191
32	197
32	202
32	207
32	212
32	217
32	222
32	227
32	232
32	237
32	242
32	246
32	251
32	255
32	260
32	264
32	269
32	274
32	279
32	284
32	289
32	295
32	301
32	307
32	314
32	322
32	331
32	341
32	352
32	364
33	156
33	165
33	173
33	180
33	186
33	192
33	198
33	204
33	209
33	215
33	220
33	225
33	230
33	235
33	240
33	245
33	250
33	255
33	260
33	265
33	270
33	275
33	280
33	285
33	291
33	297
33	303
33	310
33	318
33	327
33	337
33	347
33	357
33	368
33	381
34	158
34	168
34	176
34	183
34	190
34	197
34	203
34	209
34	215
34	221
34	227
34	233
34	238
34	244
34	249
34	255
34	260
34	266
34	272
34	278
34	284
34	291
34	298
34	306
34	315
34	326
34	337
34	348
34	358
34	368
34	378
34	389
35	153
35	163
35	171
35	179
35	185
35	191
35	197
35	202
35	207
35	212
35	217
35	222
35	227
35	232
35	237
35	242
35	247
35	252
35	257
35	262
35	268
35	274
35	280
35	286
35	293
35	300
35	308
35	318
35	329
35	340
35	350
35	359
35	368
35	377
35	386
35	396
35	407
36	158
36	168
36	176
36	183
36	189
36	195
36	200
36	205
36	210
36	215
36	220
36	225
36	230
36	235
36	240
36	245
36	250
36	256
36	261
36	267
36	273
36	279
36	286
36	293
36	301
36	310
36	320
36	331
36	341
36	350
36	358
36	366
36	374
36	382
36	391
36	401
36	412
37	159
37	169
37	177
37	185
37	192
37	199
37	206
37	213
37	220
37	226
37	232
37	238
37	244
37	250
37	256
37	262
37	268
37	275
37	282
37	289
37	297
37	306
37	317
37	329
37	340
37	350
37	359
37	367
37	375
37	384
37	393
37	403
37	415
38	167
38	177
38	186
38	194
38	201
38	208
38	214
38	220
38	226
38	232
38	238
38	244
38	250
38	256
38	262
38	268
38	275
38	282
38	290
38	298
38	308
38	338
38	349
38	359
38	369
38	379
38	390
38	403
39	167
39	177
39	186
39	194
39	202
39	210
39	218
39	226
39	234
39	242
39	250
39	258
39	266
39	274
39	283
39	293
39	304
39	342
39	353
39	363
39	372
39	382
39	392
39	404
40	170
40	181
40	191
40	201
40	211
40	220
40	229
40	238
40	247
40	256
40	265
40	275
40	347
40	357
40	367
40	377
40	387
40	399
41	187
41	198
41	209
41	219
41	229
41	239
41	249
41	260
42	210
42	223
42	235
42	249
43	199
43	210
43	220
43	230
43	240
43	250
43	261
44	186
44	196
44	205
44	214
44	222
44	230
44	238
44	247
44	256
44	266
44	277
45	186
45	197
45	207
45	217
45	227
45	238
45	249
45	261
47	242
50	198
50	209
50	220
50	231
50	242
50	252
50	262
50	273
51	190
51	201
51	212
51	222
51	232
51	242
51	252
51	262
51	274
52	188
52	199
52	210
52	220
52	230
52	240
52	249
52	258
52	268
52	278
52	289
53	181
53	192
53	202
53	212
53	221
53	230
53	238
53	246
53	253
53	260
53	267
53	274
53	282
53	290
53	299
53	310
54	177
54	187
54	196
54	204
54	211
54	218
54	224
54	230
54	236
54	242
54	247
54	253
54	258
54	264
54	270
54	276
54	283
54	290
54	298
54	308
55	170
55	180
55	189
55	197
55	204
55	211
55	218
55	224
55	231
55	237
55	244
55	251
55	258
55	265
55	272
55	280
55	289
55	300
56	168
56	179
56	188
56	197
56	205
56	213
56	221
56	229
56	237
56	244
56	251
56	258
56	265
56	272
56	280
56	288
56	297
57	163
57	173
57	182
57	190
57	197
57	204
57	210
57	216
57	222
57	228
57	233
57	238
57	243
57	248
57	252
57	257
57	261
57	266
57	270
57	275
57	279
57	284
57	289
57	295
57	301
57	307
57	315
57	324
57	335
58	158
58	168
58	175
58	182
58	187
58	192
58	197
58	201
58	205
58	209
58	213
58	216
58	220
58	223
58	226
58	230
58	232
58	236
58	238
58	242
58	244
58	247
58	250
58	252
58	255
58	258
58	260
58	263
58	266
58	268
58	271
58	274
58	276
58	279
58	282
58	285
58	288
58	292
58	295
58	299
58	303
58	307
58	312
58	317
58	323
58	329
58	336
58	345
58	355
59	151
59	160
59	167
59	172
59	177
59	181
59	184
59	188
59	191
59	194
59	197
59	200
59	202
59	205
59	208
59	210
59	212
59	215
59	217
59	219
59	222
59	223
59	226
59	228
59	230
59	232
59	234
59	236
59	238
59	240
59	242
59	244
59	246
59	248
59	250
59	252
59	254
59	256
59	258
59	260
59	262
59	265
59	266
59	269
59	271
59	274
59	276
59	279
59	282
59	285
59	288
59	291
59	295
59	298
59	302
59	306
59	311
59	316
59	322
59	329
59	337
59	346
59	357
60	149
60	157
60	162
60	167
60	171
60	174
60	178
60	181
60	183
60	187
60	189
60	192
60	194
60	197
60	199
60	201
60	203
60	206
60	208
60	210
60	212
60	214
60	216
60	218
60	220
60	222
60	224
60	226
60	228
60	230
60	233
60	235
60	237
60	239
60	242
60	244
60	247
60	249
60	252
60	255
60	257
60	260
60	264
60	266
60	270
60	274
60	277
60	282
60	286
60	291
60	296
60	302
60	309
60	317
60	327
61	149
61	157
61	162
61	167
61	171
61	175
61	179
61	182
61	186
61	190
61	193
61	197
61	201
61	205
61	209
61	214
61	218
61	223
61	228
61	233
61	239
61	245
61	251
61	257
61	264
61	271
61	278
61	286
61	294
61	304
62	152
62	161
62	169
62	176
62	183
62	190
62	197
62	204
62	211
62	218
62	225
62	231
62	238
62	244
62	250
62	256
62	261
62	267
62	272
62	277
62	282
62	288
62	294
62	300
62	307
62	315
62	324
62	335
63	160
63	170
63	179
63	186
63	192
63	198
63	203
63	209
63	213
63	218
63	222
63	227
63	231
63	235
63	239
63	242
63	246
63	249
63	253
63	256
63	260
63	263
63	266
63	270
63	272
63	276
63	279
63	282
63	286
63	289
63	293
63	297
63	301
63	306
63	310
63	316
63	321
63	328
63	335
63	343
63	352
63	364
64	160
64	169
64	176
64	182
64	187
64	192
64	195
64	200
64	203
64	207
64	210
64	213
64	216
64	219
64	222
64	225
64	228
64	231
64	233
64	236
64	239
64	241
64	244
64	247
64	249
64	252
64	255
64	257
64	260
64	263
64	266
64	269
64	272
64	275
64	278
64	282
64	285
64	289
64	293
64	297
64	302
64	307
64	313
64	319
64	326
64	335
64	345
64	357
65	159
65	168
65	174
65	180
65	185
65	190
65	194
65	199
65	203
65	207
65	211
65	215
65	219
65	223
65	227
65	231
65	236
65	240
65	245
65	250
65	255
65	261
65	267
65	274
65	282
65	291
65	302
66	170
66	181
66	192
66	203
66	214
66	226
67	202
67	213
67	223
67	233
67	242
67	251
67	259
67	267
67	275
67	283
67	291
67	300
67	311
68	173
68	183
68	191
68	198
68	204
68	210
68	216
68	221
68	226
68	231
68	236
68	241
68	245
68	250
68	254
68	258
68	262
68	266
68	270
68	274
68	278
68	282
68	287
68	291
68	296
68	301
68	307
68	313
68	320
68	328
68	338
69	160
69	169
69	176
69	182
69	187
69	192
69	196
69	201
69	204
69	208
69	212
69	215
69	219
69	222
69	225
69	229
69	231
69	235
69	238
69	241
69	244
69	247
69	250
69	253
69	256
69	259
69	262
69	265
69	268
69	272
69	275
69	279
69	282
69	286
69	290
69	295
69	299
69	305
69	310
69	317
69	325
69	334
69	345
70	158
70	167
70	173
70	179
70	184
70	189
70	194
70	198
70	203
70	207
70	212
70	216
70	220
70	225
70	229
70	234
70	238
70	243
70	248
70	253
70	259
70	265
70	272
70	280
70	289
70	301
73	202
73	213
73	223
73	233
73	242
73	251
73	260
73	268
73	276
73	284
73	292
73	301
73	311
74	176
74	186
74	194
74	201
74	208
74	214
74	220
74	226
74	232
74	238
74	243
74	249
74	254
74	259
74	264
74	269
74	274
74	279
74	284
74	289
74	295
74	301
74	307
74	314
74	322
74	332
75	173
75	183
75	191
75	199
75	206
75	213
75	220
75	226
75	232
75	238
75	244
75	250
75	256
75	262
75	269
75	276
75	283
75	291
75	299
75	309
-1	-1
