-1	-1
0	417
0	426
0	433
0	440
0	445
0	450
0	454
0	459
0	463
0	467
0	471
0	475
0	479
0	484
0	488
0	493
0	498
0	504
0	510
0	517
0	524
0	532
0	542
1	439
1	449
1	458
1	466
1	474
1	482
1	491
1	500
1	510
2	451
2	462
2	472
2	482
2	493
3	457
3	468
3	478
3	489
4	462
4	475
8	236
8	248
8	259
8	270
8	281
8	292
8	304
9	208
9	219
9	228
9	237
9	245
9	253
9	261
9	269
9	277
9	285
9	293
9	301
9	310
9	319
9	330
10	200
10	210
10	218
10	225
10	232
10	239
10	245
10	251
10	257
10	263
10	269
10	275
10	281
10	287
10	294
10	301
10	308
10	316
10	325
10	335
11	192
11	202
11	210
11	217
11	223
11	229
11	234
11	240
11	245
11	250
11	255
11	260
11	265
11	270
11	276
11	281
11	287
11	293
11	299
11	306
11	314
11	323
11	333
12	198
12	208
12	216
12	224
12	231
12	238
12	245
12	252
12	259
12	266
12	273
12	280
12	287
12	295
12	303
12	312
12	323
13	207
13	217
13	226
13	234
13	242
13	250
13	258
13	266
13	274
13	283
13	292
13	302
13	314
14	220
14	231
14	241
14	251
14	261
14	271
14	281
14	291
14	302
15	209
15	220
15	230
15	239
15	248
15	256
15	264
15	272
15	280
15	289
15	298
15	308
15	320
16	201
16	211
16	220
16	228
16	236
16	243
16	250
16	257
16	264
16	271
16	278
16	286
16	294
16	302
16	311
16	321
17	199
17	209
17	218
17	226
17	234
17	241
17	248
17	255
17	262
17	268
17	275
17	281
17	288
17	295
17	302
17	309
17	317
17	326
17	337
18	198
18	208
18	217
18	225
18	232
18	239
18	246
18	252
18	258
18	264
18	270
18	276
18	282
18	288
18	294
18	300
18	306
18	313
18	320
18	328
18	337
18	348
19	198
19	208
19	216
19	223
19	230
19	236
19	242
19	248
19	253
19	258
19	263
19	268
19	273
19	278
19	283
19	288
19	293
19	298
19	303
19	308
19	313
19	318
19	324
19	330
19	337
19	345
19	354
20	192
20	202
20	210
20	216
20	222
20	227
20	232
20	237
20	242
20	246
20	251
20	254
20	259
20	262
20	267
20	270
20	274
20	278
20	282
20	285
20	289
20	293
20	296
20	300
20	303
20	307
20	310
20	314
20	318
20	322
20	326
20	331
20	336
20	341
20	347
20	354
20	362
20	371
21	190
21	199
21	207
21	213
21	219
21	224
21	229
21	233
21	238
21	242
21	246
21	250
21	254
21	258
21	262
21	265
21	269
21	272
21	276
21	279
21	283
21	286
21	290
21	293
21	296
21	300
21	303
21	306
21	310
21	313
21	317
21	320
21	325
21	328
21	333
21	338
21	343
21	349
21	356
21	364
21	374
22	191
22	200
22	208
22	214
22	220
22	225
22	231
22	235
22	240
22	245
22	249
22	254
22	258
22	262
22	266
22	270
22	274
22	278
22	282
22	286
22	290
22	293
22	297
22	301
22	304
22	308
22	312
22	316
22	320
22	325
22	329
22	335
22	340
22	346
22	353
22	361
22	371
23	191
23	201
23	209
23	216
23	222
23	228
23	233
23	239
23	244
23	249
23	254
23	259
23	263
23	268
23	272
23	277
23	281
23	285
23	289
23	293
23	297
23	301
23	305
23	309
23	314
23	318
23	323
23	328
23	334
23	340
23	347
23	355
23	364
24	190
24	200
24	208
24	215
24	221
24	227
24	233
24	238
24	243
24	248
24	253
24	258
24	263
24	267
24	272
24	276
24	281
24	285
24	290
24	294
24	299
24	303
24	308
24	313
24	318
24	323
24	329
24	335
24	342
24	350
24	360
25	190
25	199
25	207
25	213
25	219
25	224
25	229
25	234
25	239
25	243
25	248
25	252
25	256
25	260
25	264
25	268
25	271
25	275
25	278
25	282
25	285
25	289
25	292
25	296
25	299
25	303
25	307
25	310
25	315
25	318
25	323
25	327
25	332
25	337
25	343
25	350
25	358
25	367
26	188
26	197
26	203
26	209
26	213
26	218
26	222
26	226
26	230
26	233
26	237
26	240
26	243
26	246
26	249
26	252
26	255
26	258
26	261
26	263
26	266
26	269
26	271
26	274
26	277
26	279
26	282
26	285
26	287
26	290
26	293
26	295
26	298
26	301
26	304
26	306
26	310
26	312
26	316
26	318
26	322
26	325
26	329
26	333
26	337
26	342
26	347
26	353
26	359
26	367
26	376
26	388
26	411
26	423
26	436
27	182
27	191
27	198
27	203
27	209
27	213
27	218
27	221
27	225
27	228
27	232
27	234
27	238
27	240
27	243
27	245
27	248
27	251
27	253
27	255
27	258
27	260
27	263
27	265
27	267
27	270
27	272
27	274
27	277
27	279
27	281
27	284
27	286
27	288
27	291
27	293
27	295
27	298
27	300
27	302
27	305
27	307
27	309
27	312
27	315
27	317
27	320
27	323
27	326
27	329
27	332
27	336
27	339
27	344
27	347
27	353
27	358
27	364
27	371
27	379
27	389
27	401
27	415
28	180
28	189
28	195
28	201
28	205
28	210
28	213
28	217
28	221
28	223
28	227
28	230
28	232
28	235
28	238
28	241
28	243
28	246
28	249
28	251
28	254
28	256
28	259
28	261
28	264
28	266
28	269
28	271
28	273
28	276
28	278
28	280
28	283
28	285
28	287
28	290
28	292
28	295
28	297
28	299
28	302
28	305
28	307
28	310
28	313
28	316
28	318
28	322
28	325
28	328
28	332
28	336
28	340
28	345
28	350
28	356
28	362
28	369
28	378
28	389
29	184
29	193
29	200
29	205
29	211
29	215
29	220
29	224
29	228
29	232
29	236
29	240
29	243
29	247
29	250
29	253
29	257
29	260
29	263
29	266
29	269
29	272
29	275
29	278
29	281
29	284
29	287
29	290
29	293
29	296
29	299
29	303
29	306
29	309
29	313
29	316
29	320
29	324
29	328
29	333
29	338
29	344
29	350
29	357
29	365
29	375
30	189
30	198
30	205
30	211
30	216
30	221
30	226
30	230
30	235
30	239
30	243
30	247
30	251
30	255
30	259
30	263
30	267
30	271
30	274
30	278
30	282
30	285
30	289
30	293
30	296
30	300
30	304
30	308
30	312
30	316
30	321
30	326
30	331
30	337
30	343
30	350
30	358
30	368
31	193
31	203
31	211
31	218
31	224
31	230
31	235
31	241
31	246
31	251
31	256
31	261
31	265
31	270
31	274
31	279
31	283
31	288
31	292
31	297
31	301
31	306
31	311
31	316
31	322
31	328
31	335
31	343
31	353
32	198
32	208
32	216
32	223
32	229
32	235
32	240
32	245
32	250
32	255
32	260
32	265
32	270
32	275
32	280
32	285
32	290
32	295
32	300
32	305
32	311
32	317
32	323
32	330
32	338
32	347
32	418
32	430
32	442
33	199
33	208
33	215
33	222
33	228
33	234
33	240
33	245
33	251
33	256
33	261
33	266
33	271
33	275
33	280
33	285
33	290
33	295
33	300
33	305
33	311
33	317
33	324
33	331
33	340
33	351
33	406
33	416
33	426
33	435
33	445
33	456
34	199
34	209
34	217
34	224
34	231
34	237
34	243
34	249
34	254
34	260
34	265
34	270
34	275
34	281
34	286
34	292
34	297
34	303
34	309
34	316
34	323
34	331
34	341
34	403
34	413
34	422
34	431
34	440
34	450
34	462
35	200
35	210
35	219
35	227
35	234
35	241
35	248
35	254
35	261
35	267
35	273
35	279
35	285
35	291
35	297
35	303
35	309
35	316
35	324
35	333
35	343
35	403
35	413
35	422
35	430
35	438
35	447
35	457
35	469
36	207
36	217
36	226
36	234
36	242
36	250
36	257
36	264
36	271
36	278
36	284
36	291
36	298
36	305
36	313
36	322
36	332
36	407
36	417
36	425
36	433
36	441
36	449
36	458
36	468
37	206
37	216
37	224
37	232
37	239
37	246
37	253
37	260
37	267
37	274
37	281
37	289
37	297
37	305
37	314
37	324
37	335
37	407
37	417
37	426
37	435
37	444
37	454
37	465
38	207
38	217
38	225
38	233
38	241
38	248
38	255
38	262
38	269
38	276
38	283
38	290
38	297
38	305
38	313
38	322
38	332
38	402
38	412
38	421
38	430
38	439
38	448
38	458
39	216
39	226
39	235
39	243
39	251
39	258
39	265
39	272
39	279
39	286
39	294
39	302
39	311
39	321
39	403
39	413
39	421
39	429
39	436
39	444
39	452
39	461
39	471
40	217
40	227
40	236
40	244
40	252
40	260
40	268
40	276
40	284
40	293
40	302
40	312
40	324
40	408
40	418
40	427
40	436
40	445
40	455
40	466
41	220
41	231
41	241
41	251
41	261
41	271
41	281
41	291
41	302
41	315
41	412
41	423
41	434
41	445
44	261
44	276
45	241
45	252
45	263
45	274
45	285
45	296
46	228
46	239
46	249
46	259
46	269
46	279
46	289
46	301
47	227
47	238
47	248
47	258
47	268
47	278
47	289
47	300
48	256
48	267
48	278
48	288
48	298
48	308
49	252
49	263
49	273
49	282
49	291
49	300
49	310
49	323
50	246
50	257
50	267
50	277
50	287
50	297
50	309
51	272
51	284
51	295
51	306
52	250
52	261
52	272
52	282
52	291
52	300
52	308
52	317
52	326
52	337
53	230
53	241
53	251
53	260
53	269
53	277
53	285
53	293
53	301
53	309
53	317
53	326
53	337
54	219
54	230
54	239
54	248
54	257
54	266
54	275
54	284
54	293
54	303
54	314
55	229
55	240
55	251
55	261
55	270
55	279
55	288
55	297
55	306
55	316
56	218
56	228
56	237
56	245
56	253
56	260
56	267
56	273
56	279
56	285
56	291
56	296
56	302
56	307
56	313
56	319
56	326
56	334
56	343
56	355
57	203
57	213
57	221
57	228
57	234
57	240
57	245
57	250
57	254
57	259
57	262
57	266
57	270
57	273
57	277
57	280
57	283
57	287
57	290
57	293
57	297
57	300
57	304
57	307
57	311
57	315
57	318
57	323
57	327
57	332
57	337
57	343
57	349
57	357
57	366
58	198
58	206
58	212
58	218
58	222
58	227
58	231
58	234
58	238
58	241
58	244
58	247
58	250
58	253
58	255
58	258
58	261
58	263
58	266
58	268
58	271
58	273
58	276
58	278
58	281
58	283
58	286
58	288
58	291
58	294
58	297
58	299
58	303
58	306
58	309
58	313
58	316
58	320
58	325
58	329
58	335
58	340
58	347
58	355
58	364
59	191
59	200
59	205
59	211
59	213
59	218
59	221
59	224
59	227
59	230
59	232
59	235
59	238
59	240
59	243
59	245
59	248
59	250
59	253
59	255
59	258
59	260
59	263
59	266
59	268
59	271
59	274
59	277
59	280
59	283
59	287
59	290
59	294
59	298
59	302
59	307
59	311
59	317
59	323
59	329
59	337
59	346
60	190
60	199
60	204
60	210
60	213
60	218
60	221
60	225
60	228
60	232
60	235
60	239
60	243
60	246
60	250
60	254
60	258
60	262
60	267
60	271
60	276
60	281
60	286
60	291
60	297
60	303
60	309
60	316
60	323
60	331
60	341
61	194
61	203
61	212
61	220
61	228
61	236
61	244
61	251
61	258
61	265
61	271
61	277
61	283
61	288
61	293
61	298
61	303
61	308
61	313
61	318
61	324
61	329
61	336
61	343
61	351
61	361
62	200
62	210
62	219
62	227
62	234
62	241
62	247
62	252
62	257
62	262
62	266
62	271
62	274
62	278
62	281
62	284
62	288
62	291
62	293
62	297
62	299
62	302
62	305
62	308
62	310
62	314
62	316
62	319
62	323
62	325
62	329
62	332
62	336
62	339
62	344
62	348
62	353
62	358
62	365
62	372
62	381
62	392
63	201
63	210
63	218
63	224
63	230
63	234
63	239
63	242
63	246
63	250
63	253
63	256
63	260
63	262
63	265
63	268
63	271
63	273
63	276
63	278
63	281
63	283
63	285
63	288
63	290
63	292
63	295
63	297
63	299
63	302
63	304
63	306
63	309
63	311
63	314
63	316
63	318
63	321
63	324
63	326
63	329
63	333
63	335
63	339
63	343
63	347
63	351
63	356
63	361
63	367
63	374
63	382
63	392
63	404
64	201
64	210
64	216
64	222
64	226
64	231
64	234
64	238
64	242
64	245
64	249
64	252
64	255
64	258
64	262
64	264
64	268
64	271
64	274
64	278
64	281
64	285
64	288
64	292
64	296
64	300
64	305
64	309
64	315
64	320
64	327
64	335
64	344
65	210
65	220
65	229
65	237
65	245
65	253
65	262
65	271
65	281
65	292
65	305
66	270
66	281
66	292
66	302
66	312
66	324
67	227
67	237
67	246
67	254
67	261
67	268
67	274
67	280
67	286
67	291
67	296
67	301
67	306
67	311
67	317
67	323
67	329
67	336
67	344
67	353
68	208
68	218
68	225
68	231
68	237
68	242
68	247
68	251
68	255
68	259
68	263
68	267
68	271
68	274
68	278
68	281
68	284
68	288
68	291
68	294
68	297
68	301
68	304
68	307
68	311
68	314
68	318
68	321
68	325
68	329
68	334
68	338
68	344
68	349
68	356
68	364
68	374
69	202
69	211
69	218
69	223
69	228
69	232
69	236
69	240
69	243
69	247
69	251
69	254
69	258
69	261
69	264
69	268
69	271
69	274
69	278
69	281
69	285
69	288
69	292
69	296
69	299
69	304
69	308
69	313
69	317
69	323
69	328
69	335
69	342
69	351
69	364
70	209
70	219
70	227
70	234
70	241
70	248
70	256
70	264
70	273
70	283
72	300
72	312
73	232
73	243
73	252
73	261
73	269
73	276
73	283
73	290
73	296
73	302
73	308
73	314
73	320
73	326
73	333
73	340
73	348
73	358
74	217
74	226
74	234
74	241
74	248
74	254
74	260
74	265
74	271
74	276
74	281
74	286
74	291
74	295
74	300
74	304
74	309
74	313
74	318
74	322
74	327
74	332
74	337
74	343
74	350
74	358
74	367
75	219
75	229
75	238
75	246
75	254
75	262
75	269
75	276
75	283
75	290
75	298
75	306
75	314
75	323
75	333
-1	-1
