-1	-1
0	497
0	504
0	510
0	513
0	518
0	521
0	524
0	527
0	531
0	532
0	536
0	538
0	541
0	543
0	546
0	548
0	551
0	553
0	555
0	558
0	560
0	562
0	564
0	566
0	569
0	570
0	572
0	574
0	576
0	578
0	580
0	582
0	583
0	585
0	587
0	589
0	590
0	592
0	593
0	595
0	597
0	598
0	600
0	602
0	603
0	605
0	606
0	608
0	610
0	611
0	613
0	615
0	616
0	618
0	620
0	621
0	623
0	625
0	627
0	628
0	630
0	632
0	634
0	636
0	638
0	639
0	642
0	644
0	646
0	648
0	650
0	653
0	655
0	657
0	660
0	663
0	665
0	668
0	671
0	675
0	677
0	682
0	685
0	689
0	694
0	699
0	705
0	711
0	718
0	727
1	507
1	516
1	523
1	530
1	535
1	541
1	546
1	551
1	556
1	561
1	565
1	570
1	574
1	578
1	582
1	586
1	590
1	593
1	597
1	600
1	603
1	606
1	609
1	612
1	615
1	618
1	621
1	624
1	627
1	630
1	634
1	636
1	640
1	643
1	647
1	650
1	654
1	658
1	662
1	667
1	671
1	677
1	682
1	688
1	695
1	703
1	713
2	517
2	527
2	536
2	544
2	551
2	558
2	565
2	572
2	579
2	585
2	591
2	597
2	602
2	607
2	612
2	617
2	622
2	627
2	632
2	637
2	642
2	647
2	653
2	659
2	665
2	672
2	679
2	688
2	698
3	521
3	532
3	541
3	549
3	557
3	565
3	572
3	579
3	587
3	594
3	601
3	608
3	615
3	622
3	629
3	636
3	643
3	650
3	657
3	665
3	674
3	684
4	522
4	533
4	542
4	550
4	558
4	565
4	572
4	579
4	586
4	593
4	600
4	607
4	614
4	621
4	628
4	635
4	642
4	649
4	657
4	666
4	676
4	688
5	518
5	528
5	537
5	544
5	551
5	557
5	563
5	569
5	575
5	581
5	586
5	592
5	598
5	604
5	610
5	616
5	622
5	628
5	634
5	640
5	646
5	653
5	660
5	667
5	675
5	684
5	695
6	361
6	516
6	526
6	534
6	541
6	547
6	553
6	558
6	563
6	568
6	572
6	577
6	581
6	586
6	590
6	595
6	599
6	604
6	608
6	613
6	618
6	623
6	628
6	633
6	637
6	642
6	647
6	652
6	657
6	663
6	669
6	676
6	684
6	693
6	704
7	321
7	332
7	342
7	351
7	360
7	369
7	378
7	388
7	399
7	510
7	520
7	528
7	534
7	540
7	545
7	550
7	554
7	558
7	562
7	565
7	569
7	572
7	576
7	579
7	583
7	586
7	590
7	593
7	597
7	600
7	604
7	607
7	611
7	615
7	619
7	623
7	627
7	631
7	635
7	639
7	643
7	647
7	651
7	656
7	660
7	665
7	670
7	676
7	682
7	689
7	697
7	706
8	307
8	317
8	325
8	333
8	340
8	347
8	353
8	359
8	365
8	371
8	377
8	383
8	390
8	397
8	405
8	415
8	508
8	518
8	525
8	531
8	537
8	542
8	547
8	551
8	555
8	559
8	563
8	566
8	570
8	573
8	576
8	580
8	582
8	586
8	589
8	592
8	595
8	598
8	601
8	604
8	607
8	610
8	614
8	617
8	620
8	624
8	627
8	631
8	634
8	638
8	641
8	645
8	648
8	652
8	656
8	660
8	665
8	669
8	674
8	679
8	685
8	691
8	698
8	706
8	716
9	298
9	307
9	314
9	321
9	327
9	333
9	338
9	343
9	348
9	353
9	358
9	363
9	368
9	373
9	378
9	383
9	388
9	394
9	400
9	407
9	415
9	425
9	507
9	517
9	524
9	531
9	536
9	542
9	547
9	552
9	556
9	561
9	564
9	569
9	572
9	576
9	579
9	583
9	586
9	589
9	592
9	595
9	598
9	601
9	604
9	607
9	610
9	614
9	616
9	620
9	623
9	626
9	630
9	633
9	636
9	640
9	643
9	647
9	650
9	654
9	658
9	662
9	666
9	670
9	675
9	680
9	686
9	692
9	699
9	707
9	717
10	299
10	309
10	317
10	323
10	329
10	335
10	340
10	346
10	351
10	357
10	362
10	367
10	372
10	377
10	383
10	388
10	395
10	402
10	410
10	419
10	501
10	511
10	519
10	525
10	531
10	534
10	539
10	543
10	547
10	551
10	554
10	558
10	561
10	565
10	568
10	571
10	574
10	577
10	580
10	583
10	586
10	589
10	592
10	595
10	598
10	601
10	603
10	606
10	609
10	612
10	614
10	617
10	620
10	622
10	625
10	628
10	630
10	634
10	636
10	639
10	642
10	645
10	648
10	651
10	654
10	657
10	661
10	664
10	668
10	672
10	676
10	680
10	685
10	689
10	695
10	701
10	707
10	715
10	724
10	736
11	297
11	307
11	315
11	322
11	329
11	336
11	343
11	350
11	357
11	364
11	371
11	378
11	386
11	395
11	405
11	507
11	516
11	523
11	530
11	535
11	540
11	545
11	550
11	554
11	559
11	563
11	567
11	571
11	575
11	579
11	582
11	586
11	589
11	593
11	596
11	599
11	602
11	605
11	608
11	611
11	613
11	617
11	619
11	622
11	625
11	627
11	630
11	633
11	635
11	638
11	641
11	643
11	646
11	649
11	651
11	655
11	657
11	660
11	664
11	666
11	670
11	673
11	677
11	680
11	684
11	688
11	692
11	697
11	702
11	708
11	714
11	721
11	730
11	743
12	302
12	312
12	321
12	330
12	338
12	346
12	354
12	362
12	370
12	379
12	389
12	512
12	521
12	529
12	535
12	541
12	546
12	551
12	555
12	560
12	564
12	569
12	573
12	577
12	581
12	585
12	589
12	592
12	596
12	600
12	603
12	606
12	610
12	612
12	616
12	618
12	622
12	624
12	627
12	630
12	633
12	635
12	638
12	641
12	644
12	646
12	650
12	652
12	656
12	658
12	662
12	665
12	668
12	672
12	675
12	679
12	683
12	687
12	692
12	697
12	702
12	708
12	715
12	723
12	733
13	311
13	322
13	333
13	343
13	353
13	363
13	373
13	384
13	518
13	528
13	536
13	543
13	550
13	556
13	562
13	568
13	574
13	579
13	584
13	589
13	594
13	599
13	603
13	608
13	612
13	616
13	620
13	623
13	627
13	630
13	634
13	637
13	641
13	644
13	648
13	651
13	655
13	658
13	662
13	666
13	670
13	674
13	678
13	683
13	688
13	693
13	699
13	706
13	714
13	723
13	735
14	320
14	332
14	343
14	354
14	365
14	376
14	521
14	531
14	540
14	548
14	556
14	563
14	570
14	577
14	584
14	590
14	596
14	602
14	607
14	612
14	617
14	621
14	626
14	630
14	634
14	638
14	642
14	646
14	650
14	655
14	659
14	664
14	668
14	674
14	679
14	685
14	691
14	698
14	706
14	716
15	328
15	340
15	352
15	364
15	521
15	531
15	540
15	549
15	557
15	564
15	571
15	578
15	585
15	592
15	599
15	605
15	611
15	616
15	621
15	626
15	631
15	636
15	641
15	646
15	651
15	656
15	661
15	667
15	673
15	679
15	686
15	694
15	703
15	715
16	322
16	334
16	345
16	356
16	367
16	378
16	526
16	537
16	547
16	556
16	564
16	572
16	580
16	588
16	595
16	602
16	609
16	616
16	622
16	628
16	634
16	640
16	646
16	652
16	658
16	664
16	671
16	678
16	686
16	695
16	707
17	326
17	337
17	348
17	358
17	368
17	378
17	389
17	520
17	531
17	541
17	550
17	559
17	567
17	575
17	583
17	591
17	598
17	605
17	612
17	619
17	626
17	633
17	639
17	646
17	653
17	660
17	667
17	675
17	684
17	694
18	312
18	323
18	333
18	342
18	351
18	360
18	369
18	378
18	388
18	520
18	531
18	542
18	552
18	562
18	571
18	580
18	589
18	598
18	606
18	614
18	622
18	630
18	638
18	646
18	654
18	663
18	672
18	683
19	309
19	320
19	329
19	338
19	346
19	354
19	362
19	369
19	377
19	385
19	394
19	404
19	511
19	522
19	532
19	542
19	552
19	562
19	572
19	582
19	592
19	601
19	610
19	619
19	628
19	637
19	646
19	655
19	665
19	676
20	302
20	312
20	321
20	329
20	336
20	343
20	350
20	356
20	362
20	368
20	374
20	380
20	387
20	394
20	402
20	411
20	424
20	516
20	527
20	538
20	548
20	559
20	570
20	581
20	593
20	604
20	615
20	626
20	637
20	649
21	298
21	308
21	316
21	323
21	330
21	337
21	343
21	349
21	354
21	360
21	365
21	370
21	375
21	381
21	386
21	392
21	398
21	405
21	413
21	423
21	520
21	531
21	542
21	553
21	564
21	575
21	587
21	599
21	611
21	625
22	296
22	305
22	313
22	320
22	326
22	332
22	338
22	343
22	348
22	353
22	357
22	362
22	366
22	371
22	375
22	380
22	384
22	389
22	394
22	399
22	405
22	411
22	418
22	426
22	436
22	512
22	523
22	534
22	545
22	556
22	567
22	578
22	589
22	600
22	611
22	622
22	633
22	644
22	654
22	664
22	674
22	685
23	293
23	303
23	311
23	318
23	324
23	330
23	335
23	340
23	344
23	349
23	353
23	357
23	361
23	365
23	369
23	373
23	377
23	381
23	385
23	389
23	394
23	398
23	403
23	408
23	414
23	420
23	427
23	436
23	447
23	506
23	517
23	527
23	537
23	547
23	557
23	567
23	577
23	586
23	595
23	604
23	613
23	622
23	631
23	639
23	647
23	654
23	661
23	668
23	675
23	683
23	691
23	700
23	711
24	292
24	302
24	310
24	317
24	324
24	330
24	336
24	341
24	346
24	351
24	356
24	360
24	365
24	369
24	373
24	377
24	381
24	385
24	389
24	394
24	398
24	403
24	408
24	414
24	420
24	427
24	435
24	445
24	502
24	513
24	523
24	533
24	543
24	553
24	563
24	573
24	583
24	592
24	601
24	610
24	619
24	627
24	635
24	642
24	649
24	655
24	661
24	667
24	673
24	679
24	685
24	692
24	699
24	707
24	717
25	298
25	308
25	316
25	323
25	330
25	336
25	342
25	348
25	353
25	359
25	364
25	369
25	374
25	379
25	383
25	388
25	393
25	398
25	403
25	408
25	414
25	421
25	428
25	437
25	448
25	502
25	513
25	523
25	533
25	543
25	553
25	563
25	573
25	583
25	593
25	603
25	613
25	623
25	633
25	642
25	650
25	658
25	665
25	673
25	681
25	689
25	698
25	709
26	300
26	310
26	319
26	326
26	333
26	340
26	346
26	352
26	358
26	363
26	369
26	374
26	379
26	384
26	389
26	394
26	399
26	405
26	411
26	418
26	426
26	435
26	446
26	512
26	523
26	534
26	544
26	554
26	564
26	574
26	585
26	596
26	637
26	649
26	661
26	674
27	301
27	311
27	319
27	326
27	333
27	339
27	345
27	351
27	357
27	363
27	369
27	374
27	379
27	384
27	389
27	394
27	400
27	406
27	413
27	420
27	428
27	438
27	520
27	532
27	543
27	554
27	565
27	576
27	588
28	302
28	312
28	321
28	329
28	336
28	343
28	350
28	356
28	362
28	368
28	373
28	378
28	383
28	388
28	393
28	398
28	403
28	408
28	414
28	420
28	427
28	436
28	446
28	506
28	517
28	527
28	537
28	547
28	557
28	568
28	579
28	590
29	302
29	313
29	322
29	330
29	337
29	344
29	350
29	356
29	361
29	366
29	371
29	375
29	380
29	384
29	388
29	393
29	397
29	402
29	407
29	412
29	418
29	424
29	431
29	439
29	449
29	499
29	510
29	519
29	528
29	537
29	546
29	556
29	566
29	576
29	586
29	597
29	609
30	297
30	306
30	314
30	321
30	327
30	332
30	337
30	342
30	346
30	351
30	354
30	359
30	362
30	366
30	369
30	373
30	376
30	379
30	383
30	386
30	389
30	393
30	396
30	400
30	404
30	408
30	413
30	417
30	423
30	429
30	436
30	444
30	454
30	497
30	507
30	516
30	524
30	532
30	540
30	548
30	557
30	566
30	575
30	584
30	594
30	604
30	615
30	628
31	290
31	299
31	306
31	312
31	318
31	323
31	329
31	333
31	338
31	341
31	345
31	349
31	352
31	355
31	358
31	361
31	364
31	367
31	370
31	373
31	376
31	379
31	382
31	385
31	388
31	392
31	395
31	399
31	403
31	407
31	412
31	417
31	423
31	429
31	436
31	445
31	456
31	490
31	501
31	511
31	520
31	528
31	536
31	544
31	552
31	561
31	570
31	579
31	589
31	599
31	610
32	288
32	296
32	302
32	308
32	313
32	318
32	322
32	327
32	331
32	335
32	339
32	343
32	347
32	351
32	353
32	357
32	360
32	363
32	366
32	369
32	372
32	375
32	378
32	381
32	385
32	388
32	392
32	395
32	399
32	403
32	407
32	412
32	417
32	423
32	430
32	438
32	448
32	483
32	494
32	504
32	513
32	522
32	531
32	540
32	549
32	558
32	568
32	578
32	589
32	602
33	287
33	295
33	302
33	306
33	311
33	314
33	319
33	322
33	325
33	329
33	332
33	335
33	338
33	341
33	344
33	347
33	350
33	353
33	356
33	359
33	362
33	365
33	368
33	371
33	374
33	377
33	381
33	384
33	388
33	391
33	396
33	399
33	404
33	409
33	415
33	421
33	428
33	436
33	446
33	481
33	491
33	500
33	509
33	517
33	525
33	533
33	541
33	549
33	558
33	567
33	577
33	587
33	598
33	609
33	621
34	288
34	297
34	303
34	309
34	313
34	317
34	321
34	324
34	328
34	331
34	334
34	337
34	340
34	343
34	345
34	349
34	351
34	354
34	357
34	359
34	363
34	365
34	368
34	371
34	374
34	377
34	380
34	384
34	387
34	391
34	395
34	399
34	404
34	409
34	415
34	421
34	428
34	437
34	481
34	491
34	500
34	508
34	515
34	522
34	529
34	536
34	544
34	552
34	560
34	569
34	578
34	588
34	599
34	610
35	291
35	301
35	309
35	316
35	323
35	330
35	336
35	342
35	347
35	352
35	357
35	362
35	366
35	371
35	375
35	380
35	385
35	390
35	396
35	402
35	409
35	417
35	426
35	482
35	492
35	500
35	507
35	513
35	519
35	525
35	531
35	537
35	544
35	551
35	558
35	566
35	574
35	583
35	593
35	604
35	616
35	637
35	650
35	663
35	675
35	687
36	292
36	301
36	309
36	315
36	321
36	327
36	332
36	337
36	342
36	347
36	352
36	357
36	362
36	367
36	372
36	377
36	383
36	388
36	394
36	401
36	408
36	417
36	428
36	481
36	490
36	498
36	504
36	510
36	515
36	520
36	525
36	530
36	535
36	540
36	546
36	552
36	558
36	565
36	572
36	580
36	588
36	597
36	607
36	618
36	630
36	641
36	652
36	662
36	672
36	682
36	692
36	702
37	294
37	303
37	310
37	316
37	321
37	326
37	331
37	335
37	339
37	343
37	347
37	351
37	355
37	359
37	363
37	367
37	371
37	376
37	380
37	385
37	390
37	396
37	402
37	409
37	417
37	427
37	480
37	489
37	496
37	502
37	507
37	512
37	517
37	521
37	526
37	530
37	535
37	539
37	544
37	549
37	555
37	560
37	566
37	572
37	579
37	587
37	595
37	604
37	614
37	625
37	636
37	647
37	658
37	669
37	679
37	690
37	704
38	298
38	308
38	317
38	325
38	332
38	339
38	345
38	351
38	356
38	361
38	366
38	371
38	376
38	381
38	387
38	393
38	400
38	407
38	416
38	427
38	481
38	490
38	498
38	504
38	510
38	515
38	520
38	525
38	530
38	535
38	541
38	547
38	553
38	559
38	566
38	574
38	582
38	591
38	600
38	610
38	620
38	631
38	643
38	658
39	300
39	310
39	319
39	328
39	337
39	345
39	353
39	361
39	368
39	375
39	382
39	389
39	397
39	406
39	417
39	489
39	499
39	507
39	514
39	521
39	528
39	535
39	543
39	551
39	560
39	570
39	580
39	591
39	602
39	614
40	299
40	309
40	317
40	324
40	331
40	337
40	343
40	349
40	355
40	361
40	368
40	375
40	382
40	390
40	399
40	409
40	491
40	501
40	510
40	518
40	526
40	534
40	542
40	551
40	560
40	570
40	581
41	302
41	312
41	320
41	327
41	334
41	340
41	346
41	352
41	358
41	364
41	370
41	376
41	383
41	390
41	398
41	408
41	490
41	501
41	511
41	520
41	529
41	538
41	547
41	557
41	567
41	579
42	321
42	333
42	343
42	353
42	362
42	371
42	380
42	390
42	491
42	502
42	511
42	520
42	529
42	538
42	548
42	558
42	569
42	680
42	693
43	321
43	333
43	346
43	358
43	371
43	498
43	508
43	518
43	528
43	538
43	550
44	316
44	327
44	337
44	347
44	357
44	367
44	378
45	320
45	331
45	341
45	350
45	359
45	368
45	377
45	387
46	357
46	369
46	381
47	332
47	344
47	356
47	368
48	313
48	324
48	333
48	342
48	350
48	358
48	367
48	376
48	386
49	316
49	326
49	334
49	342
49	349
49	356
49	363
49	370
49	377
49	385
49	394
49	404
50	337
50	348
50	357
50	365
50	373
50	381
50	390
50	400
51	332
51	344
51	355
51	365
51	375
51	385
51	396
52	310
52	320
52	329
52	337
52	345
52	353
52	361
52	369
52	378
52	387
52	398
53	301
53	310
53	318
53	324
53	330
53	335
53	340
53	345
53	350
53	355
53	360
53	365
53	370
53	376
53	382
53	388
53	395
53	403
53	413
54	300
54	309
54	315
54	321
54	325
54	330
54	333
54	338
54	341
54	345
54	348
54	352
54	355
54	359
54	362
54	366
54	369
54	373
54	376
54	380
54	384
54	388
54	393
54	398
54	404
54	410
54	417
54	425
54	435
55	303
55	313
55	322
55	330
55	337
55	343
55	349
55	354
55	359
55	363
55	368
55	372
55	377
55	381
55	386
55	391
55	396
55	402
55	408
55	415
55	423
55	433
56	310
56	321
56	332
56	343
56	354
56	364
56	373
56	382
56	391
56	400
56	411
57	298
57	308
57	316
57	324
57	332
57	339
57	346
57	354
57	362
57	370
57	379
57	388
57	399
58	291
58	300
58	307
58	313
58	319
58	324
58	329
58	333
58	338
58	342
58	347
58	351
58	356
58	360
58	365
58	370
58	375
58	380
58	386
58	392
58	399
58	407
58	417
59	289
59	297
59	302
59	307
59	311
59	314
59	318
59	321
59	324
59	327
59	330
59	332
59	335
59	338
59	340
59	343
59	345
59	348
59	350
59	353
59	355
59	358
59	360
59	363
59	365
59	368
59	370
59	374
59	376
59	379
59	382
59	385
59	388
59	392
59	395
59	399
59	404
59	408
59	414
59	419
59	426
59	434
59	444
60	291
60	300
60	304
60	310
60	312
60	316
60	320
60	322
60	324
60	328
60	330
60	332
60	334
60	337
60	339
60	341
60	342
60	345
60	347
60	349
60	351
60	352
60	354
60	356
60	358
60	360
60	361
60	363
60	365
60	367
60	368
60	370
60	372
60	374
60	376
60	377
60	379
60	382
60	383
60	385
60	387
60	389
60	392
60	394
60	396
60	399
60	401
60	405
60	407
60	410
60	414
60	417
60	421
60	425
60	429
60	435
60	440
60	447
60	455
60	465
61	301
61	310
61	317
61	323
61	329
61	333
61	338
61	341
61	345
61	348
61	352
61	353
61	357
61	360
61	362
61	364
61	367
61	369
61	371
61	373
61	376
61	377
61	380
61	382
61	384
61	386
61	389
61	390
61	393
61	396
61	397
61	400
61	403
61	406
61	408
61	412
61	415
61	418
61	422
61	426
61	430
61	435
61	440
61	446
61	453
61	461
61	472
62	358
62	367
62	373
62	379
62	384
62	389
62	394
62	399
62	404
62	410
62	416
62	423
62	431
62	440
64	322
64	333
64	344
64	354
64	365
64	377
65	308
65	317
65	324
65	331
65	337
65	343
65	349
65	354
65	360
65	365
65	371
65	377
65	383
65	390
65	397
65	405
65	415
66	307
66	315
66	321
66	326
66	331
66	335
66	340
66	343
66	347
66	351
66	354
66	358
66	361
66	365
66	368
66	372
66	375
66	379
66	382
66	386
66	390
66	394
66	398
66	403
66	408
66	414
66	420
66	427
66	436
66	447
67	318
67	328
67	336
67	343
67	349
67	354
67	360
67	364
67	369
67	373
67	377
67	381
67	385
67	389
67	394
67	398
67	403
67	408
67	414
67	420
67	427
67	435
67	445
68	386
68	398
71	313
71	323
71	332
71	340
71	348
71	356
71	364
71	372
71	381
71	391
72	304
72	313
72	320
72	326
72	331
72	336
72	341
72	345
72	350
72	354
72	358
72	363
72	367
72	372
72	376
72	381
72	386
72	391
72	397
72	403
72	410
72	418
72	427
73	304
73	312
73	319
73	324
73	329
73	333
73	337
73	341
73	344
73	348
73	351
73	355
73	358
73	362
73	365
73	368
73	372
73	375
73	378
73	382
73	385
73	389
73	393
73	397
73	401
73	406
73	410
73	416
73	422
73	429
73	437
73	447
74	318
74	328
74	336
74	343
74	350
74	357
74	363
74	369
74	375
74	381
74	387
74	393
74	399
74	406
74	414
74	423
74	434
-1	-1
