-1	-1
0	196
0	208
0	219
0	230
0	242
0	357
0	364
0	371
0	375
0	380
0	383
0	387
0	391
0	393
0	397
0	400
0	402
0	405
0	408
0	410
0	413
0	415
0	418
0	420
0	422
0	425
0	427
0	429
0	432
0	433
0	436
0	438
0	440
0	442
0	444
0	446
0	448
0	450
0	452
0	454
0	456
0	458
0	460
0	462
0	464
0	466
0	468
0	470
0	472
0	473
0	476
0	477
0	479
0	481
0	483
0	485
0	487
0	489
0	491
0	494
0	495
0	498
0	500
0	503
0	505
0	508
0	510
0	514
0	516
0	519
0	523
0	526
0	530
0	535
0	539
0	545
0	551
0	558
0	566
0	576
1	363
1	372
1	380
1	387
1	393
1	399
1	404
1	409
1	414
1	419
1	423
1	428
1	432
1	436
1	440
1	444
1	448
1	452
1	456
1	460
1	464
1	468
1	471
1	475
1	478
1	482
1	486
1	489
1	494
1	497
1	502
1	506
1	511
1	516
1	522
1	528
1	536
1	545
1	556
2	371
2	381
2	390
2	398
2	405
2	412
2	418
2	424
2	430
2	436
2	441
2	447
2	452
2	458
2	463
2	469
2	474
2	479
2	484
2	489
2	494
2	499
2	505
2	511
2	518
2	526
2	535
3	389
3	400
3	410
3	419
3	427
3	435
3	443
3	451
3	459
3	467
3	475
3	482
3	490
3	498
3	506
3	516
4	417
4	429
4	440
4	451
4	462
4	473
4	484
4	495
6	221
6	234
6	247
6	259
6	274
7	169
7	180
7	190
7	200
7	210
7	220
7	229
7	238
7	247
7	256
7	265
7	274
7	284
8	159
8	169
8	178
8	186
8	194
8	202
8	210
8	218
8	225
8	232
8	239
8	246
8	253
8	260
8	267
8	275
8	284
8	294
9	157
9	166
9	173
9	180
9	186
9	192
9	198
9	204
9	210
9	216
9	222
9	228
9	234
9	239
9	245
9	250
9	256
9	262
9	268
9	274
9	281
9	289
9	298
9	309
9	380
9	391
9	402
9	413
9	424
9	436
9	450
10	158
10	167
10	174
10	181
10	187
10	193
10	199
10	205
10	211
10	217
10	223
10	229
10	235
10	241
10	247
10	253
10	259
10	265
10	271
10	277
10	284
10	292
10	301
10	387
10	398
10	409
10	419
10	430
10	441
10	452
10	463
10	475
11	169
11	180
11	190
11	200
11	210
11	219
11	228
11	236
11	244
11	252
11	260
11	269
11	279
11	391
11	402
11	413
11	423
11	433
11	444
11	455
11	466
11	478
12	398
12	409
12	420
12	430
12	440
12	451
12	462
12	473
12	485
13	391
13	402
13	413
13	423
13	433
13	443
13	453
13	463
13	473
13	484
14	390
14	401
14	412
14	422
14	432
14	442
14	452
14	462
14	473
14	485
15	386
15	397
15	407
15	417
15	426
15	435
15	445
15	455
15	465
15	476
16	378
16	389
16	398
16	407
16	416
16	425
16	434
16	443
16	452
16	461
16	471
16	481
16	492
17	379
17	390
17	400
17	409
17	418
17	427
17	436
17	445
17	454
17	463
17	472
17	482
17	493
18	379
18	390
18	400
18	409
18	418
18	427
18	436
18	445
18	454
18	463
18	472
18	482
18	492
18	504
19	378
19	388
19	397
19	406
19	414
19	422
19	430
19	438
19	446
19	455
19	464
19	473
19	483
19	494
20	181
20	192
20	203
20	214
20	225
20	237
20	379
20	390
20	399
20	408
20	416
20	424
20	432
20	441
20	450
20	459
20	468
20	478
20	489
21	169
21	180
21	190
21	199
21	208
21	217
21	226
21	236
21	246
21	382
21	393
21	403
21	412
21	421
21	430
21	439
21	449
21	459
21	469
21	479
21	489
21	505
22	159
22	169
22	177
22	185
22	192
22	199
22	206
22	212
22	219
22	226
22	233
22	240
22	248
22	256
22	266
22	376
22	387
22	397
22	407
22	416
22	425
22	434
22	443
22	453
22	463
22	473
22	483
22	493
22	504
23	152
23	161
23	169
23	175
23	181
23	186
23	192
23	197
23	202
23	207
23	212
23	217
23	222
23	227
23	232
23	237
23	243
23	249
23	255
23	262
23	270
23	279
23	368
23	379
23	389
23	398
23	407
23	415
23	423
23	431
23	440
23	449
23	458
23	467
23	476
23	485
23	495
23	506
24	153
24	162
24	170
24	176
24	182
24	187
24	192
24	196
24	201
24	204
24	209
24	212
24	217
24	220
24	225
24	228
24	233
24	237
24	241
24	246
24	250
24	255
24	260
24	266
24	272
24	279
24	287
24	297
24	359
24	369
24	378
24	386
24	394
24	402
24	409
24	416
24	424
24	432
24	440
24	448
24	456
24	464
24	472
24	481
24	490
24	500
24	511
25	159
25	168
25	176
25	182
25	187
25	192
25	195
25	200
25	203
25	207
25	210
25	214
25	217
25	221
25	224
25	228
25	231
25	235
25	238
25	242
25	245
25	249
25	253
25	257
25	261
25	266
25	270
25	276
25	281
25	287
25	294
25	302
25	312
25	356
25	366
25	375
25	383
25	391
25	398
25	405
25	412
25	419
25	427
25	435
25	443
25	451
25	459
25	467
25	475
25	483
25	492
25	501
25	511
25	523
26	160
26	170
26	179
26	186
26	192
26	197
26	202
26	205
26	210
26	213
26	217
26	221
26	224
26	228
26	231
26	235
26	238
26	242
26	245
26	249
26	252
26	256
26	259
26	263
26	267
26	271
26	276
26	280
26	286
26	291
26	298
26	306
26	315
26	327
26	351
26	362
26	372
26	381
26	389
26	396
26	403
26	410
26	417
26	424
26	431
26	438
26	445
26	452
26	459
26	466
26	473
26	480
26	487
26	495
26	503
26	512
26	522
26	535
27	162
27	172
27	181
27	189
27	196
27	203
27	209
27	215
27	221
27	226
27	231
27	236
27	241
27	245
27	250
27	254
27	258
27	263
27	267
27	272
27	277
27	282
27	288
27	294
27	301
27	309
27	319
27	350
27	361
27	371
27	380
27	388
27	395
27	402
27	409
27	416
27	423
27	430
27	437
27	444
27	451
27	458
27	465
27	472
27	479
27	486
27	493
27	501
27	509
27	518
27	530
28	163
28	172
28	180
28	187
28	193
28	199
28	205
28	211
28	216
28	222
28	227
28	232
28	237
28	242
28	247
28	252
28	256
28	261
28	265
28	270
28	275
28	280
28	285
28	291
28	297
28	304
28	312
28	322
28	347
28	358
28	367
28	375
28	382
28	389
28	395
28	402
28	408
28	415
28	422
28	429
28	436
28	443
28	450
28	457
28	464
28	471
28	478
28	485
28	492
28	499
28	507
28	516
28	527
29	158
29	168
29	176
29	183
29	190
29	197
29	203
29	209
29	215
29	221
29	227
29	233
29	239
29	245
29	251
29	256
29	262
29	267
29	272
29	277
29	283
29	289
29	296
29	303
29	311
29	321
29	348
29	359
29	368
29	376
29	383
29	390
29	396
29	402
29	408
29	414
29	420
29	427
29	434
29	441
29	447
29	454
29	460
29	466
29	472
29	478
29	485
29	492
29	499
29	507
29	516
29	526
30	158
30	167
30	174
30	181
30	187
30	193
30	199
30	205
30	211
30	216
30	222
30	227
30	233
30	238
30	244
30	249
30	255
30	260
30	265
30	270
30	275
30	280
30	286
30	292
30	298
30	305
30	313
30	323
30	335
30	347
30	358
30	368
30	377
30	385
30	392
30	399
30	406
30	413
30	420
30	428
30	435
30	442
30	449
30	456
30	463
30	470
30	477
30	484
30	492
30	500
30	509
30	519
31	152
31	161
31	168
31	173
31	179
31	183
31	188
31	192
31	197
31	201
31	205
31	209
31	213
31	217
31	221
31	225
31	229
31	233
31	237
31	241
31	245
31	249
31	253
31	257
31	261
31	265
31	269
31	274
31	278
31	283
31	288
31	293
31	299
31	305
31	312
31	320
31	330
31	341
31	352
31	362
31	371
31	380
31	389
31	397
31	405
31	414
31	423
31	432
31	441
31	450
31	459
31	468
31	477
31	486
31	496
31	507
32	150
32	159
32	164
32	170
32	173
32	178
32	182
32	186
32	190
32	194
32	198
32	202
32	205
32	209
32	212
32	216
32	219
32	223
32	226
32	229
32	232
32	235
32	238
32	241
32	244
32	247
32	250
32	253
32	256
32	259
32	263
32	266
32	269
32	273
32	276
32	280
32	284
32	288
32	293
32	297
32	303
32	308
32	315
32	323
32	332
32	342
32	352
32	361
32	369
32	377
32	385
32	393
32	401
32	409
32	417
32	426
32	435
32	445
32	455
32	466
32	477
32	489
33	151
33	160
33	165
33	171
33	175
33	180
33	184
33	188
33	192
33	196
33	200
33	204
33	208
33	212
33	215
33	219
33	222
33	226
33	229
33	232
33	235
33	238
33	241
33	244
33	247
33	250
33	253
33	256
33	259
33	261
33	265
33	267
33	270
33	273
33	276
33	279
33	282
33	286
33	289
33	293
33	297
33	301
33	306
33	311
33	317
33	323
33	330
33	338
33	346
33	354
33	362
33	369
33	376
33	383
33	390
33	397
33	404
33	411
33	418
33	426
33	434
33	443
33	452
33	462
33	472
33	482
33	493
34	159
34	168
34	175
34	181
34	186
34	191
34	195
34	200
34	203
34	208
34	211
34	215
34	218
34	222
34	225
34	228
34	232
34	234
34	238
34	241
34	244
34	247
34	250
34	253
34	256
34	259
34	262
34	265
34	268
34	271
34	274
34	277
34	280
34	283
34	286
34	289
34	293
34	296
34	300
34	305
34	309
34	315
34	320
34	327
34	334
34	341
34	349
34	357
34	365
34	372
34	379
34	386
34	392
34	398
34	404
34	411
34	418
34	425
34	432
34	439
34	447
34	455
34	463
34	472
34	481
34	491
34	502
35	163
35	172
35	180
35	185
35	191
35	194
35	199
35	202
35	206
35	209
35	212
35	215
35	218
35	221
35	224
35	227
35	230
35	233
35	235
35	239
35	241
35	244
35	247
35	250
35	253
35	256
35	259
35	262
35	265
35	268
35	272
35	275
35	278
35	282
35	286
35	290
35	295
35	299
35	305
35	311
35	318
35	326
35	334
35	343
35	352
35	360
35	368
35	375
35	382
35	388
35	394
35	400
35	406
35	412
35	418
35	424
35	430
35	437
35	444
35	451
35	458
35	466
35	474
35	482
35	491
35	501
35	512
36	163
36	173
36	182
36	190
36	198
36	204
36	210
36	214
36	219
36	223
36	227
36	231
36	235
36	239
36	243
36	247
36	251
36	255
36	259
36	263
36	267
36	272
36	276
36	281
36	287
36	293
36	300
36	308
36	318
36	330
36	341
36	351
36	360
36	368
36	375
36	381
36	387
36	392
36	397
36	402
36	407
36	412
36	417
36	422
36	427
36	433
36	439
36	445
36	451
36	458
36	465
36	472
36	480
36	488
36	497
36	506
36	516
37	197
37	208
37	217
37	224
37	231
37	237
37	243
37	249
37	255
37	261
37	268
37	275
37	283
37	292
37	303
37	342
37	352
37	361
37	368
37	374
37	380
37	385
37	390
37	395
37	400
37	405
37	410
37	415
37	420
37	425
37	430
37	435
37	440
37	446
37	452
37	458
37	465
37	472
37	479
37	486
37	493
37	501
37	509
37	518
37	528
38	208
38	218
38	227
38	235
38	243
38	251
38	259
38	267
38	276
38	286
38	341
38	351
38	359
38	366
38	372
38	378
38	384
38	390
38	395
38	401
38	406
38	412
38	418
38	424
38	430
38	436
38	443
38	450
38	457
38	464
38	472
38	480
38	488
38	497
38	506
38	516
38	527
39	207
39	218
39	227
39	235
39	243
39	251
39	260
39	270
39	282
39	340
39	349
39	356
39	363
39	369
39	375
39	381
39	387
39	393
39	400
39	407
39	414
39	422
39	430
39	439
39	449
39	460
39	473
40	209
40	220
40	230
40	239
40	248
40	258
40	269
40	342
40	352
40	361
40	370
40	379
40	388
40	397
40	407
40	417
40	428
41	201
41	212
41	222
41	231
41	240
41	249
41	258
41	268
41	348
41	359
41	369
41	379
41	389
41	399
41	409
41	419
41	430
41	479
41	492
42	189
42	199
42	208
42	217
42	225
42	233
42	241
42	249
42	257
42	266
42	276
42	352
42	363
42	374
42	385
42	395
42	405
42	415
42	426
42	490
42	504
43	190
43	200
43	209
43	217
43	225
43	233
43	241
43	249
43	258
43	268
43	352
43	363
43	374
43	385
43	396
43	408
44	231
49	240
50	222
50	233
50	244
50	255
51	216
51	227
51	237
51	247
51	257
51	412
52	196
52	207
52	217
52	227
52	236
52	245
52	254
52	264
52	276
52	401
52	413
52	425
53	198
53	209
53	219
53	229
53	238
53	247
53	257
53	268
54	211
54	222
54	233
54	243
54	253
54	264
55	190
55	201
55	212
55	222
55	231
55	240
55	249
55	258
55	268
56	173
56	183
56	192
56	200
56	207
56	214
56	221
56	228
56	235
56	242
56	249
56	256
56	264
56	273
56	283
57	167
57	175
57	182
57	188
57	193
57	198
57	203
57	207
57	212
57	216
57	221
57	225
57	230
57	234
57	239
57	243
57	248
57	253
57	258
57	264
57	270
57	276
57	283
57	291
57	301
58	161
58	170
58	176
58	182
58	185
58	190
58	193
58	197
58	200
58	203
58	206
58	209
58	212
58	214
58	217
58	220
58	223
58	225
58	229
58	231
58	235
58	237
58	241
58	244
58	247
58	250
58	254
58	257
58	261
58	265
58	269
58	274
58	278
58	284
58	290
58	297
58	305
58	315
59	161
59	170
59	176
59	181
59	186
59	190
59	194
59	198
59	201
59	204
59	208
59	210
59	213
59	216
59	219
59	221
59	224
59	226
59	229
59	232
59	234
59	237
59	240
59	243
59	246
59	248
59	252
59	255
59	258
59	262
59	265
59	269
59	273
59	277
59	282
59	287
59	293
59	299
59	307
59	317
60	163
60	173
60	182
60	191
60	199
60	207
60	213
60	219
60	223
60	228
60	232
60	236
60	240
60	244
60	248
60	252
60	256
60	260
60	264
60	268
60	273
60	278
60	283
60	289
60	296
60	304
60	313
61	211
61	220
61	227
61	232
61	237
61	241
61	245
61	249
61	253
61	257
61	261
61	265
61	269
61	274
61	278
61	283
61	288
61	294
61	300
61	307
61	316
61	327
62	202
62	214
62	224
62	231
62	237
62	242
62	247
62	251
62	255
62	260
62	264
62	268
62	273
62	277
62	282
62	287
62	293
62	299
62	306
62	314
62	324
63	178
63	188
63	196
63	203
63	210
63	217
63	224
63	231
63	237
63	243
63	248
63	253
63	258
63	263
63	268
63	273
63	279
63	285
63	292
63	299
63	308
63	319
64	168
64	177
64	183
64	189
64	193
64	198
64	202
64	205
64	209
64	213
64	216
64	220
64	224
64	228
64	232
64	236
64	240
64	245
64	249
64	254
64	258
64	263
64	268
64	273
64	278
64	284
64	291
64	298
64	307
64	319
65	162
65	171
65	176
65	182
65	184
65	189
65	192
65	194
65	198
65	201
65	202
65	206
65	208
65	211
65	213
65	215
65	218
65	220
65	222
65	225
65	227
65	229
65	232
65	235
65	237
65	240
65	243
65	246
65	249
65	252
65	255
65	258
65	262
65	265
65	269
65	273
65	277
65	281
65	286
65	291
65	297
65	303
65	310
65	319
65	330
66	161
66	170
66	175
66	181
66	184
66	189
66	192
66	196
66	200
66	203
66	206
66	210
66	212
66	215
66	218
66	221
66	223
66	226
66	229
66	231
66	234
66	237
66	239
66	243
66	245
66	249
66	252
66	255
66	259
66	262
66	266
66	270
66	274
66	278
66	283
66	288
66	294
66	300
66	307
66	316
66	327
67	177
67	190
67	206
67	216
67	224
67	231
67	237
67	243
67	249
67	255
67	261
67	268
67	275
67	283
67	292
67	303
68	247
68	258
68	269
70	187
70	198
70	208
70	218
70	229
71	169
71	178
71	185
71	192
71	198
71	203
71	208
71	213
71	218
71	223
71	228
71	234
71	240
71	246
71	253
71	261
71	269
71	279
72	164
72	172
72	179
72	183
72	188
72	192
72	196
72	200
72	203
72	206
72	210
72	212
72	216
72	219
72	222
72	225
72	228
72	231
72	235
72	238
72	242
72	245
72	249
72	253
72	257
72	262
72	267
72	272
72	278
72	285
72	293
72	302
73	167
73	174
73	181
73	186
73	191
73	195
73	200
73	203
73	207
73	211
73	214
73	217
73	221
73	223
73	227
73	230
73	233
73	236
73	239
73	243
73	246
73	249
73	253
73	257
73	261
73	265
73	270
73	275
73	280
73	286
73	293
73	301
73	311
74	199
74	210
74	220
74	229
74	237
74	245
74	253
74	261
74	269
74	278
74	289
-1	-1
