-1	-1
0	280
0	290
0	296
0	302
0	306
0	312
0	314
0	320
0	322
0	326
0	330
0	334
0	336
0	340
0	344
0	346
0	350
0	352
0	356
0	358
0	362
0	364
0	368
0	370
0	372
0	376
0	378
0	380
0	384
0	386
0	388
0	392
0	394
0	396
0	398
0	402
0	404
0	406
0	408
0	410
0	412
0	416
0	418
0	420
0	422
0	424
0	426
0	428
0	432
0	434
0	436
0	438
0	440
0	442
0	444
0	448
0	450
0	452
0	454
0	456
0	458
0	462
0	464
0	466
0	468
0	470
0	474
0	476
0	478
0	480
0	484
0	486
0	488
0	490
0	494
0	496
0	498
0	502
0	504
0	508
0	510
0	514
0	516
0	518
0	522
0	524
0	528
0	530
0	534
0	536
0	540
0	544
0	546
0	550
0	554
0	556
0	560
0	564
0	568
0	570
0	576
0	580
0	584
0	590
0	596
0	602
0	608
0	616
1	288
1	298
1	304
1	310
1	316
1	320
1	326
1	330
1	334
1	340
1	344
1	348
1	352
1	356
1	362
1	364
1	370
1	372
1	376
1	380
1	384
1	388
1	392
1	394
1	398
1	402
1	404
1	408
1	412
1	414
1	418
1	422
1	424
1	428
1	430
1	434
1	436
1	440
1	444
1	446
1	450
1	454
1	456
1	460
1	464
1	468
1	472
1	476
1	480
1	484
1	488
1	492
1	496
1	500
1	506
1	510
1	514
1	520
1	524
1	530
1	534
1	540
1	544
1	550
1	556
1	560
1	566
1	572
1	580
1	588
1	596
1	608
2	298
2	306
2	314
2	320
2	326
2	332
2	338
2	344
2	350
2	354
2	360
2	364
2	370
2	374
2	380
2	384
2	388
2	392
2	398
2	402
2	406
2	410
2	414
2	418
2	422
2	426
2	430
2	436
2	440
2	444
2	448
2	454
2	458
2	462
2	468
2	472
2	478
2	482
2	488
2	494
2	498
2	504
2	510
2	516
2	522
2	528
2	534
2	540
2	548
2	554
2	562
2	570
2	578
2	590
3	300
3	310
3	320
3	328
3	334
3	342
3	348
3	354
3	360
3	366
3	372
3	376
3	382
3	386
3	392
3	396
3	402
3	406
3	412
3	416
3	422
3	426
3	432
3	436
3	442
3	448
3	454
3	460
3	466
3	472
3	478
3	486
3	492
3	500
3	508
3	516
3	524
3	532
3	540
3	550
3	560
4	312
4	322
4	332
4	342
4	350
4	358
4	364
4	372
4	378
4	384
4	390
4	396
4	402
4	408
4	414
4	420
4	426
4	432
4	438
4	446
4	452
4	460
4	466
4	474
4	482
4	490
4	500
4	508
4	518
4	528
4	540
5	320
5	332
5	342
5	350
5	360
5	368
5	376
5	384
5	392
5	400
5	408
5	416
5	424
5	432
5	440
5	448
5	458
5	466
5	476
5	484
5	494
5	504
5	516
6	330
6	342
6	352
6	362
6	372
6	382
6	392
6	402
6	412
6	422
6	432
6	442
6	450
6	460
6	468
6	478
6	488
6	498
6	508
6	520
7	332
7	344
7	354
7	364
7	374
7	384
7	394
7	404
7	414
7	424
7	434
7	444
7	454
7	462
7	472
7	480
7	490
7	498
7	508
7	518
7	530
8	38
8	48
8	60
8	70
8	80
8	90
8	102
8	112
8	124
8	134
8	146
8	328
8	338
8	350
8	360
8	370
8	380
8	390
8	400
8	410
8	420
8	430
8	440
8	450
8	460
8	468
8	478
8	486
8	494
8	502
8	512
8	520
8	530
8	542
8	554
9	38
9	48
9	58
9	68
9	76
9	86
9	94
9	102
9	110
9	118
9	128
9	136
9	146
9	156
9	166
9	322
9	332
9	342
9	352
9	362
9	372
9	380
9	390
9	398
9	406
9	414
9	422
9	430
9	438
9	446
9	454
9	462
9	470
9	478
9	488
9	496
9	504
9	514
9	522
9	532
9	542
9	552
9	562
10	4
10	14
10	22
10	30
10	38
10	46
10	54
10	60
10	68
10	74
10	82
10	88
10	96
10	104
10	112
10	120
10	128
10	136
10	142
10	150
10	158
10	166
10	174
10	184
10	324
10	334
10	344
10	354
10	364
10	372
10	380
10	388
10	396
10	404
10	410
10	418
10	426
10	434
10	442
10	450
10	458
10	466
10	474
10	482
10	490
10	498
10	506
10	514
10	524
10	534
10	544
10	556
11	12
11	22
11	30
11	38
11	46
11	52
11	60
11	66
11	72
11	78
11	84
11	90
11	96
11	102
11	108
11	114
11	120
11	126
11	132
11	138
11	144
11	150
11	158
11	164
11	172
11	182
11	192
11	356
11	368
11	378
11	386
11	394
11	402
11	410
11	418
11	426
11	434
11	442
11	450
11	458
11	466
11	474
11	482
11	490
11	496
11	504
11	512
11	520
11	528
11	536
11	546
11	554
11	564
11	574
11	584
12	2
12	12
12	20
12	28
12	34
12	42
12	48
12	54
12	60
12	66
12	72
12	78
12	84
12	90
12	96
12	102
12	108
12	112
12	118
12	124
12	130
12	134
12	140
12	146
12	150
12	156
12	162
12	170
12	176
12	184
12	194
12	204
12	372
12	384
12	394
12	406
12	416
12	428
12	440
12	452
12	464
12	474
12	484
12	494
12	502
12	510
12	518
12	526
12	534
12	544
12	552
12	562
12	572
12	584
13	10
13	20
13	28
13	36
13	44
13	50
13	56
13	62
13	68
13	74
13	78
13	84
13	88
13	94
13	98
13	104
13	108
13	114
13	118
13	124
13	128
13	134
13	138
13	144
13	148
13	154
13	158
13	164
13	170
13	178
13	184
13	192
13	202
13	378
13	388
13	400
13	410
13	422
13	434
13	446
13	488
13	500
13	510
13	522
13	534
13	546
14	12
14	22
14	30
14	40
14	46
14	54
14	60
14	66
14	72
14	76
14	82
14	88
14	92
14	98
14	102
14	108
14	112
14	118
14	122
14	128
14	132
14	138
14	144
14	150
14	156
14	162
14	170
14	178
14	186
14	386
14	398
14	408
14	420
14	434
15	10
15	20
15	28
15	36
15	44
15	50
15	56
15	62
15	68
15	74
15	80
15	86
15	90
15	96
15	102
15	108
15	112
15	118
15	124
15	130
15	136
15	142
15	148
15	156
15	164
15	172
15	182
16	8
16	18
16	26
16	34
16	40
16	48
16	54
16	60
16	66
16	72
16	78
16	84
16	90
16	96
16	102
16	108
16	114
16	120
16	128
16	134
16	142
16	148
16	156
16	166
16	176
17	10
17	20
17	30
17	38
17	46
17	54
17	60
17	68
17	74
17	82
17	88
17	96
17	102
17	110
17	116
17	124
17	130
17	138
17	146
17	154
17	162
17	172
17	522
17	534
17	546
17	558
18	8
18	18
18	28
18	36
18	44
18	50
18	58
18	64
18	72
18	78
18	86
18	92
18	100
18	106
18	114
18	120
18	128
18	134
18	142
18	150
18	160
18	170
18	328
18	340
18	352
18	402
18	414
18	426
18	520
18	532
18	542
18	554
19	6
19	16
19	24
19	32
19	38
19	46
19	52
19	58
19	64
19	70
19	76
19	82
19	88
19	94
19	100
19	106
19	112
19	118
19	124
19	132
19	138
19	146
19	154
19	162
19	172
19	184
19	330
19	342
19	354
19	366
19	378
19	394
19	406
19	418
19	428
19	440
19	532
19	546
20	2
20	10
20	18
20	24
20	30
20	36
20	40
20	46
20	50
20	56
20	60
20	66
20	70
20	76
20	80
20	86
20	92
20	98
20	102
20	108
20	114
20	120
20	126
20	132
20	138
20	146
20	152
20	160
20	170
20	180
20	340
20	352
20	362
20	372
20	382
20	392
20	402
20	412
20	424
20	434
20	446
20	510
20	522
20	532
20	544
20	554
20	566
21	2
21	10
21	16
21	22
21	26
21	30
21	34
21	40
21	42
21	48
21	50
21	54
21	58
21	62
21	66
21	70
21	74
21	78
21	82
21	86
21	90
21	96
21	100
21	104
21	108
21	114
21	118
21	124
21	128
21	134
21	138
21	144
21	150
21	156
21	164
21	172
21	180
21	338
21	350
21	360
21	370
21	378
21	388
21	396
21	406
21	414
21	424
21	434
21	444
21	454
21	466
21	476
21	488
21	498
21	508
21	518
21	528
21	538
21	548
21	558
21	570
22	2
22	10
22	14
22	20
22	24
22	30
22	34
22	38
22	42
22	44
22	48
22	52
22	56
22	58
22	62
22	66
22	70
22	72
22	76
22	80
22	84
22	86
22	90
22	94
22	98
22	100
22	104
22	108
22	112
22	116
22	118
22	124
22	126
22	132
22	136
22	140
22	144
22	148
22	154
22	158
22	164
22	170
22	178
22	186
22	194
22	330
22	342
22	354
22	364
22	374
22	384
22	394
22	404
22	414
22	424
22	436
22	446
22	456
22	466
22	476
22	486
22	496
22	506
22	516
22	524
22	534
22	544
22	554
22	564
22	574
22	586
23	2
23	10
23	18
23	24
23	30
23	34
23	40
23	44
23	48
23	52
23	56
23	60
23	64
23	68
23	72
23	74
23	78
23	82
23	84
23	88
23	92
23	94
23	98
23	102
23	104
23	108
23	110
23	114
23	116
23	120
23	124
23	126
23	130
23	134
23	138
23	140
23	144
23	148
23	152
23	156
23	162
23	166
23	172
23	178
23	184
23	190
23	198
23	208
23	320
23	330
23	342
23	352
23	364
23	374
23	384
23	394
23	404
23	416
23	426
23	438
23	448
23	458
23	468
23	478
23	488
23	496
23	506
23	514
23	522
23	532
23	540
23	550
23	558
23	568
23	578
23	590
24	2
24	10
24	18
24	26
24	32
24	36
24	42
24	46
24	50
24	54
24	58
24	62
24	66
24	70
24	74
24	78
24	82
24	84
24	88
24	92
24	96
24	98
24	102
24	106
24	110
24	112
24	116
24	120
24	122
24	126
24	130
24	132
24	136
24	140
24	142
24	146
24	150
24	152
24	156
24	160
24	164
24	168
24	172
24	176
24	182
24	188
24	194
24	200
24	208
24	218
24	310
24	320
24	330
24	340
24	350
24	360
24	370
24	380
24	388
24	398
24	406
24	416
24	424
24	434
24	442
24	452
24	462
24	472
24	482
24	492
24	502
24	512
24	522
24	532
24	542
24	552
24	564
25	2
25	12
25	20
25	28
25	34
25	40
25	46
25	52
25	56
25	60
25	66
25	70
25	74
25	80
25	84
25	88
25	92
25	96
25	100
25	104
25	108
25	112
25	116
25	120
25	122
25	126
25	130
25	132
25	136
25	140
25	142
25	146
25	150
25	152
25	156
25	160
25	162
25	166
25	170
25	174
25	178
25	182
25	188
25	192
25	198
25	206
25	214
25	222
25	320
25	330
25	340
25	350
25	360
25	370
25	380
25	390
25	398
25	408
25	416
25	426
25	436
25	446
25	456
26	2
26	12
26	20
26	28
26	34
26	40
26	46
26	52
26	58
26	62
26	68
26	72
26	78
26	82
26	88
26	92
26	96
26	100
26	104
26	108
26	112
26	116
26	120
26	124
26	128
26	132
26	134
26	138
26	142
26	144
26	148
26	152
26	154
26	158
26	162
26	166
26	168
26	172
26	176
26	180
26	186
26	190
26	196
26	202
26	208
26	216
26	226
26	316
26	328
26	338
26	348
26	356
26	366
26	374
26	384
26	392
26	402
26	410
26	420
26	430
26	442
27	2
27	10
27	18
27	24
27	30
27	34
27	40
27	44
27	48
27	52
27	58
27	62
27	66
27	70
27	74
27	78
27	82
27	86
27	90
27	94
27	98
27	102
27	106
27	110
27	114
27	118
27	122
27	124
27	128
27	132
27	136
27	140
27	142
27	146
27	150
27	154
27	156
27	160
27	164
27	168
27	172
27	176
27	182
27	186
27	192
27	198
27	204
27	212
27	222
27	312
27	322
27	332
27	342
27	352
27	360
27	370
27	378
27	386
27	394
27	402
27	412
27	420
27	430
27	440
27	450
27	460
27	474
27	522
27	534
27	544
27	556
28	2
28	8
28	14
28	20
28	24
28	28
28	32
28	36
28	40
28	42
28	46
28	50
28	52
28	56
28	58
28	62
28	64
28	68
28	70
28	74
28	76
28	80
28	82
28	86
28	88
28	92
28	94
28	98
28	100
28	104
28	106
28	110
28	112
28	116
28	118
28	122
28	124
28	128
28	130
28	134
28	136
28	140
28	142
28	146
28	148
28	152
28	154
28	158
28	160
28	164
28	168
28	172
28	176
28	180
28	184
28	188
28	194
28	198
28	204
28	212
28	220
28	230
28	302
28	312
28	320
28	330
28	338
28	346
28	354
28	362
28	370
28	378
28	386
28	394
28	402
28	410
28	418
28	428
28	438
28	448
28	458
28	470
28	492
28	504
28	516
28	528
28	540
28	550
28	562
29	2
29	6
29	12
29	16
29	20
29	24
29	28
29	32
29	34
29	38
29	40
29	44
29	46
29	50
29	52
29	54
29	56
29	60
29	62
29	64
29	66
29	68
29	70
29	72
29	76
29	78
29	80
29	82
29	84
29	86
29	88
29	90
29	92
29	94
29	96
29	98
29	100
29	102
29	104
29	106
29	108
29	110
29	112
29	114
29	116
29	118
29	120
29	122
29	124
29	128
29	132
29	134
29	136
29	138
29	140
29	142
29	144
29	148
29	150
29	152
29	154
29	156
29	160
29	162
29	164
29	168
29	170
29	174
29	176
29	180
29	184
29	186
29	190
29	196
29	200
29	206
29	210
29	218
29	224
29	234
29	308
29	320
29	330
29	340
29	348
29	358
29	368
29	378
29	388
29	398
29	408
29	418
29	428
29	438
29	448
29	460
29	470
29	482
29	492
29	504
29	516
29	528
29	540
29	550
29	562
29	574
30	2
30	8
30	14
30	18
30	22
30	28
30	32
30	34
30	38
30	42
30	44
30	48
30	50
30	52
30	54
30	58
30	60
30	62
30	64
30	68
30	70
30	72
30	74
30	76
30	78
30	80
30	82
30	86
30	90
30	92
30	94
30	96
30	98
30	100
30	102
30	104
30	106
30	108
30	110
30	112
30	114
30	116
30	118
30	120
30	122
30	124
30	126
30	128
30	130
30	132
30	134
30	136
30	138
30	140
30	142
30	144
30	146
30	148
30	150
30	152
30	154
30	156
30	158
30	160
30	162
30	164
30	166
30	170
30	172
30	174
30	178
30	180
30	184
30	186
30	190
30	194
30	196
30	200
30	206
30	210
30	216
30	222
30	228
30	236
30	246
30	328
30	340
30	352
30	362
30	376
30	400
30	452
30	464
30	476
30	486
30	498
30	510
30	524
30	536
30	548
30	560
30	574
31	2
31	10
31	16
31	22
31	26
31	32
31	36
31	40
31	44
31	48
31	52
31	54
31	58
31	60
31	64
31	66
31	70
31	72
31	74
31	78
31	80
31	82
31	84
31	88
31	90
31	92
31	94
31	96
31	98
31	102
31	106
31	108
31	110
31	112
31	114
31	116
31	118
31	120
31	122
31	124
31	126
31	128
31	130
31	132
31	134
31	136
31	138
31	140
31	142
31	144
31	146
31	148
31	150
31	152
31	154
31	156
31	158
31	160
31	162
31	164
31	166
31	170
31	172
31	174
31	178
31	180
31	184
31	186
31	190
31	194
31	196
31	200
31	206
31	210
31	216
31	222
31	228
31	236
31	246
31	312
31	324
31	336
31	346
31	358
31	368
31	380
31	392
31	402
31	414
31	450
31	462
31	474
31	484
31	496
31	532
31	544
31	556
32	2
32	12
32	22
32	30
32	38
32	44
32	50
32	54
32	60
32	62
32	66
32	70
32	74
32	78
32	80
32	84
32	88
32	90
32	94
32	96
32	100
32	102
32	106
32	108
32	112
32	114
32	118
32	120
32	124
32	126
32	130
32	132
32	136
32	138
32	142
32	144
32	148
32	150
32	152
32	156
32	158
32	162
32	164
32	168
32	170
32	174
32	178
32	182
32	186
32	190
32	194
32	198
32	204
32	210
32	218
32	226
32	236
32	302
32	314
32	324
32	334
32	344
32	354
32	364
32	374
32	384
32	394
32	404
32	414
32	424
32	436
32	448
32	540
32	550
32	562
32	574
33	22
33	32
33	42
33	50
33	56
33	62
33	68
33	72
33	78
33	82
33	88
33	92
33	96
33	102
33	106
33	110
33	114
33	118
33	122
33	126
33	130
33	134
33	138
33	142
33	146
33	150
33	154
33	158
33	162
33	166
33	170
33	174
33	178
33	184
33	190
33	196
33	204
33	212
33	222
33	332
33	344
33	356
33	366
33	376
33	386
33	396
33	406
33	416
33	426
33	438
33	448
33	546
33	558
33	572
34	22
34	32
34	42
34	50
34	56
34	62
34	68
34	74
34	80
34	86
34	92
34	96
34	102
34	108
34	112
34	118
34	122
34	128
34	132
34	138
34	142
34	148
34	152
34	158
34	164
34	170
34	178
34	184
34	192
34	202
34	362
34	374
34	384
34	396
34	406
34	416
34	426
34	436
34	446
34	458
34	552
34	566
35	32
35	42
35	52
35	60
35	66
35	74
35	80
35	86
35	92
35	98
35	104
35	110
35	116
35	122
35	128
35	134
35	140
35	146
35	152
35	158
35	166
35	172
35	180
35	190
35	200
35	302
35	314
35	326
35	336
35	346
35	356
35	366
35	376
35	386
35	394
35	404
35	412
35	422
35	430
35	440
35	448
35	458
35	468
35	478
35	488
35	500
35	510
35	520
35	530
35	540
35	550
35	558
35	566
35	574
35	582
35	590
35	600
35	610
36	40
36	50
36	60
36	68
36	74
36	82
36	88
36	94
36	100
36	106
36	112
36	118
36	124
36	130
36	136
36	142
36	148
36	154
36	160
36	166
36	174
36	182
36	190
36	288
36	300
36	310
36	318
36	328
36	336
36	344
36	352
36	360
36	368
36	378
36	386
36	394
36	402
36	410
36	418
36	426
36	434
36	442
36	450
36	460
36	468
36	478
36	488
36	498
36	508
36	516
36	524
36	532
36	538
36	546
36	552
36	558
36	564
36	568
36	574
36	580
36	586
36	592
36	598
36	604
36	612
36	620
37	40
37	50
37	60
37	68
37	74
37	82
37	88
37	94
37	100
37	106
37	112
37	118
37	124
37	128
37	134
37	140
37	146
37	152
37	158
37	164
37	172
37	180
37	188
37	200
37	280
37	292
37	302
37	310
37	318
37	326
37	332
37	340
37	346
37	354
37	360
37	368
37	376
37	384
37	392
37	400
37	410
37	418
37	428
37	436
37	444
37	452
37	462
37	470
37	480
37	488
37	498
37	506
37	516
37	524
37	532
37	540
37	548
37	554
37	562
37	568
37	574
37	580
37	586
37	594
37	600
37	608
37	618
38	40
38	50
38	60
38	68
38	74
38	82
38	88
38	94
38	100
38	106
38	112
38	118
38	122
38	128
38	134
38	140
38	146
38	152
38	158
38	164
38	172
38	180
38	188
38	200
38	268
38	278
38	288
38	298
38	306
38	312
38	318
38	324
38	330
38	336
38	342
38	346
38	352
38	358
38	364
38	370
38	376
38	382
38	390
38	398
38	406
38	416
38	426
38	436
38	446
38	454
38	464
38	472
38	482
38	494
38	506
38	520
39	40
39	50
39	60
39	68
39	74
39	82
39	88
39	96
39	102
39	110
39	116
39	124
39	130
39	138
39	144
39	152
39	160
39	170
39	180
39	262
39	272
39	280
39	288
39	296
39	302
39	308
39	314
39	320
39	324
39	330
39	334
39	340
39	344
39	350
39	356
39	360
39	366
39	372
39	378
39	386
39	394
39	402
39	412
39	422
40	42
40	54
40	62
40	72
40	80
40	88
40	94
40	102
40	108
40	116
40	122
40	130
40	136
40	144
40	150
40	158
40	166
40	174
40	184
40	262
40	272
40	278
40	286
40	292
40	300
40	306
40	312
40	318
40	324
40	330
40	336
40	342
40	348
40	356
40	364
40	372
40	380
40	390
40	404
41	48
41	58
41	68
41	76
41	84
41	92
41	100
41	106
41	114
41	120
41	128
41	134
41	142
41	148
41	156
41	164
41	172
41	180
41	194
41	264
41	274
41	280
41	288
41	294
41	300
41	306
41	312
41	318
41	324
41	330
41	336
41	342
41	350
41	358
41	366
41	376
41	386
41	398
42	52
42	62
42	72
42	82
42	90
42	98
42	106
42	114
42	122
42	130
42	138
42	146
42	154
42	162
42	172
42	184
42	266
42	276
42	284
42	292
42	298
42	306
42	312
42	320
42	326
42	334
42	342
42	350
42	358
42	368
42	380
43	54
43	64
43	74
43	82
43	90
43	98
43	106
43	112
43	120
43	126
43	134
43	140
43	148
43	156
43	164
43	172
43	184
43	264
43	274
43	282
43	292
43	300
43	308
43	316
43	324
43	332
43	342
43	352
43	366
44	52
44	64
44	72
44	82
44	90
44	98
44	106
44	114
44	122
44	130
44	138
44	146
44	154
44	164
44	176
44	264
44	272
44	280
44	288
44	294
44	302
44	308
44	316
44	324
44	334
44	344
44	356
45	58
45	68
45	78
45	88
45	98
45	106
45	116
45	124
45	134
45	142
45	152
45	162
45	284
45	294
45	304
45	314
46	72
46	84
46	94
46	104
46	114
46	122
46	130
46	138
46	146
46	156
46	164
46	174
47	80
47	92
47	104
47	114
47	126
47	136
47	148
47	158
47	172
48	76
48	88
48	98
48	108
48	118
48	128
48	140
48	150
49	68
49	80
49	90
49	98
49	108
49	116
49	124
49	132
49	140
49	150
49	160
49	170
50	62
50	72
50	82
50	92
50	102
50	110
50	120
50	128
50	138
50	148
50	158
51	58
51	70
51	80
51	88
51	98
51	106
51	114
51	122
51	130
51	138
51	146
51	156
51	166
52	56
52	66
52	76
52	84
52	92
52	98
52	106
52	112
52	118
52	124
52	130
52	136
52	142
52	148
52	154
52	162
52	168
52	176
52	186
53	48
53	58
53	68
53	76
53	82
53	90
53	96
53	102
53	108
53	114
53	120
53	126
53	132
53	138
53	144
53	150
53	156
53	164
53	170
53	178
53	188
53	198
54	50
54	60
54	70
54	80
54	88
54	98
54	108
54	118
54	128
54	138
54	150
54	160
54	172
55	44
55	54
55	64
55	74
55	82
55	90
55	98
55	106
55	114
55	122
55	130
55	140
55	150
55	160
55	172
56	38
56	48
56	56
56	64
56	70
56	78
56	84
56	90
56	96
56	102
56	108
56	114
56	120
56	126
56	132
56	138
56	146
56	152
56	160
56	170
56	180
57	30
57	40
57	50
57	56
57	62
57	68
57	74
57	80
57	84
57	90
57	94
57	100
57	104
57	110
57	116
57	120
57	126
57	132
57	138
57	144
57	150
57	158
57	164
57	172
57	182
57	192
58	22
58	30
58	38
58	46
58	52
58	56
58	62
58	66
58	72
58	76
58	80
58	84
58	90
58	94
58	98
58	104
58	108
58	112
58	118
58	122
58	128
58	132
58	138
58	144
58	148
58	154
58	160
58	168
58	174
58	182
58	192
58	202
59	18
59	26
59	32
59	38
59	42
59	46
59	50
59	54
59	58
59	62
59	66
59	68
59	72
59	74
59	78
59	82
59	84
59	88
59	90
59	94
59	96
59	100
59	102
59	106
59	108
59	112
59	114
59	118
59	120
59	124
59	126
59	130
59	132
59	136
59	138
59	142
59	146
59	148
59	152
59	156
59	160
59	164
59	168
59	172
59	176
59	182
59	186
59	192
59	198
59	206
59	216
60	14
60	22
60	28
60	34
60	38
60	42
60	46
60	50
60	54
60	56
60	60
60	62
60	66
60	68
60	72
60	76
60	78
60	80
60	82
60	84
60	88
60	90
60	92
60	94
60	96
60	98
60	100
60	102
60	104
60	106
60	108
60	110
60	112
60	116
60	118
60	120
60	122
60	124
60	126
60	128
60	130
60	132
60	134
60	136
60	138
60	140
60	142
60	144
60	146
60	148
60	150
60	152
60	154
60	156
60	158
60	160
60	162
60	164
60	166
60	168
60	170
60	174
60	176
60	178
60	180
60	184
60	186
60	190
60	194
60	196
60	200
60	206
60	210
60	216
60	222
60	228
60	238
61	10
61	20
61	26
61	32
61	36
61	40
61	44
61	48
61	52
61	54
61	58
61	60
61	62
61	64
61	68
61	70
61	72
61	74
61	76
61	78
61	80
61	82
61	84
61	86
61	88
61	90
61	92
61	94
61	96
61	98
61	100
61	102
61	104
61	106
61	108
61	110
61	112
61	114
61	116
61	118
61	120
61	122
61	124
61	126
61	128
61	130
61	132
61	134
61	136
61	138
61	140
61	142
61	144
61	146
61	148
61	150
61	152
61	154
61	156
61	158
61	160
61	162
61	164
61	166
61	168
61	170
61	172
61	174
61	176
61	178
61	180
61	184
61	186
61	190
61	192
61	194
61	196
61	200
61	202
61	206
61	208
61	212
61	216
61	220
61	226
61	230
61	236
61	244
61	252
62	12
62	20
62	28
62	32
62	38
62	42
62	44
62	48
62	52
62	54
62	58
62	60
62	64
62	66
62	70
62	72
62	74
62	78
62	80
62	82
62	86
62	88
62	90
62	94
62	96
62	98
62	100
62	104
62	106
62	108
62	110
62	114
62	116
62	118
62	120
62	122
62	124
62	128
62	130
62	132
62	134
62	136
62	138
62	142
62	144
62	146
62	148
62	150
62	152
62	156
62	158
62	160
62	162
62	164
62	168
62	170
62	172
62	176
62	178
62	180
62	184
62	186
62	190
62	194
62	196
62	200
62	204
62	208
62	214
62	218
62	224
62	232
62	240
62	250
63	20
63	30
63	38
63	44
63	52
63	56
63	62
63	68
63	72
63	78
63	82
63	88
63	94
63	98
63	104
63	110
63	118
63	124
63	132
63	140
63	148
63	156
63	164
63	170
63	178
63	184
63	192
63	198
63	206
63	216
64	30
64	40
64	50
64	58
64	64
64	72
64	78
64	86
64	92
64	98
64	106
64	112
64	118
64	124
64	132
64	138
64	144
64	150
64	158
64	164
64	170
64	176
64	182
64	188
64	194
64	202
64	212
64	222
65	40
65	50
65	58
65	66
65	72
65	78
65	84
65	90
65	96
65	100
65	106
65	110
65	116
65	120
65	124
65	130
65	134
65	138
65	142
65	146
65	150
65	154
65	158
65	162
65	166
65	170
65	174
65	178
65	184
65	188
65	192
65	198
65	204
65	210
65	216
65	226
65	236
66	52
66	62
66	72
66	82
66	90
66	98
66	106
66	114
66	122
66	128
66	136
66	142
66	148
66	154
66	160
66	166
66	172
66	178
66	186
66	192
66	200
66	210
68	62
68	72
68	82
68	92
68	100
68	110
68	118
68	128
68	136
68	146
68	156
68	166
68	176
68	188
69	52
69	62
69	70
69	78
69	84
69	90
69	94
69	100
69	106
69	110
69	116
69	120
69	126
69	130
69	136
69	140
69	146
69	150
69	156
69	160
69	166
69	170
69	176
69	182
69	188
69	194
69	202
69	210
69	220
70	50
70	60
70	68
70	74
70	80
70	84
70	90
70	94
70	98
70	102
70	106
70	110
70	114
70	118
70	122
70	126
70	130
70	132
70	136
70	140
70	144
70	146
70	150
70	154
70	158
70	162
70	166
70	170
70	174
70	178
70	182
70	186
70	192
70	196
70	202
70	208
70	216
70	226
71	42
71	52
71	60
71	70
71	78
71	86
71	92
71	100
71	106
71	114
71	120
71	128
71	134
71	142
71	150
71	158
71	166
71	176
71	184
71	196
72	40
72	50
72	60
72	68
72	78
72	90
73	52
73	62
73	74
73	84
73	96
73	106
73	118
74	48
74	58
74	68
74	76
74	82
74	90
74	96
74	104
74	110
74	118
74	124
74	132
74	138
74	146
74	152
74	160
74	166
74	174
74	182
74	190
74	198
74	208
75	62
75	72
75	80
75	88
75	96
75	102
75	110
75	116
75	122
75	128
75	134
75	140
75	146
75	152
75	158
75	164
75	170
75	176
75	184
75	190
75	198
75	208
75	218
-1	-1
