-1	-1
0	332
0	343
0	353
0	362
0	370
0	378
0	386
0	394
0	403
0	412
0	422
1	352
1	363
1	374
1	385
1	396
2	367
2	379
2	392
3	367
3	379
3	392
4	349
4	361
4	372
4	383
4	394
4	405
5	333
5	344
5	354
5	363
5	372
5	381
5	390
5	399
5	408
5	418
6	326
6	335
6	343
6	351
6	358
6	365
6	372
6	379
6	386
6	393
6	400
6	408
6	416
6	425
6	435
7	320
7	330
7	338
7	344
7	350
7	356
7	362
7	367
7	373
7	378
7	384
7	389
7	395
7	401
7	407
7	413
7	419
7	426
7	434
7	443
7	454
8	319
8	328
8	335
8	341
8	346
8	351
8	356
8	360
8	365
8	369
8	374
8	378
8	383
8	387
8	392
8	396
8	401
8	405
8	410
8	415
8	420
8	425
8	431
8	437
8	444
8	452
8	461
9	318
9	327
9	333
9	339
9	344
9	349
9	353
9	358
9	362
9	366
9	370
9	374
9	378
9	382
9	385
9	389
9	392
9	396
9	399
9	403
9	406
9	410
9	414
9	418
9	422
9	426
9	431
9	436
9	441
9	447
9	454
9	462
9	471
10	313
10	322
10	330
10	335
10	341
10	345
10	350
10	353
10	357
10	361
10	364
10	367
10	371
10	373
10	377
10	380
10	383
10	386
10	389
10	392
10	395
10	398
10	401
10	404
10	407
10	410
10	414
10	417
10	421
10	425
10	428
10	433
10	437
10	442
10	447
10	453
10	460
10	468
10	477
11	312
11	322
11	330
11	336
11	342
11	348
11	353
11	358
11	362
11	366
11	370
11	373
11	377
11	380
11	383
11	387
11	390
11	393
11	396
11	399
11	402
11	405
11	408
11	411
11	414
11	417
11	420
11	424
11	427
11	431
11	435
11	439
11	444
11	448
11	454
11	460
11	467
11	475
11	485
12	212
12	224
12	236
12	247
12	311
12	321
12	329
12	336
12	342
12	348
12	353
12	358
12	363
12	367
12	371
12	375
12	379
12	382
12	386
12	389
12	393
12	396
12	400
12	403
12	407
12	410
12	414
12	417
12	421
12	425
12	429
12	434
12	438
12	444
12	449
12	456
12	463
12	472
12	484
13	171
13	182
13	193
13	203
13	213
13	223
13	232
13	241
13	250
13	260
13	310
13	320
13	329
13	337
13	343
13	349
13	354
13	360
13	364
13	369
13	373
13	378
13	382
13	386
13	390
13	394
13	398
13	402
13	406
13	410
13	415
13	419
13	424
13	429
13	435
13	441
13	448
13	456
13	466
14	161
14	172
14	181
14	190
14	198
14	206
14	214
14	222
14	230
14	238
14	246
14	254
14	263
14	274
14	317
14	327
14	336
14	344
14	352
14	359
14	366
14	372
14	378
14	384
14	390
14	395
14	401
14	406
14	412
14	417
14	423
14	429
14	436
14	444
14	453
14	464
15	158
15	168
15	177
15	185
15	192
15	199
15	206
15	213
15	220
15	227
15	234
15	241
15	248
15	256
15	265
15	276
15	317
15	328
15	338
15	347
15	355
15	363
15	370
15	376
15	382
15	388
15	394
15	399
15	405
15	410
15	416
15	422
15	428
15	435
15	443
15	452
15	463
16	156
16	165
16	173
16	180
16	187
16	193
16	199
16	205
16	211
16	217
16	223
16	229
16	235
16	242
16	249
16	257
16	266
16	276
16	317
16	328
16	338
16	347
16	355
16	363
16	370
16	376
16	382
16	388
16	394
16	400
16	406
16	412
16	418
16	425
16	432
16	440
16	449
17	150
17	159
17	167
17	173
17	179
17	185
17	190
17	195
17	200
17	205
17	210
17	215
17	220
17	225
17	230
17	235
17	240
17	245
17	250
17	256
17	262
17	269
17	277
17	286
17	297
17	308
17	318
17	328
17	337
17	345
17	353
17	360
17	367
17	374
17	381
17	387
17	394
17	400
17	407
17	414
17	421
17	429
17	438
17	448
18	148
18	157
18	164
18	170
18	175
18	180
18	185
18	190
18	194
18	199
18	203
18	207
18	211
18	215
18	219
18	223
18	227
18	231
18	235
18	239
18	243
18	247
18	251
18	256
18	260
18	266
18	271
18	277
18	284
18	292
18	301
18	311
18	321
18	330
18	339
18	347
18	354
18	361
18	368
18	375
18	381
18	388
18	394
18	401
18	408
18	415
18	422
18	430
18	439
18	450
19	151
19	160
19	168
19	174
19	180
19	185
19	190
19	194
19	199
19	203
19	207
19	211
19	215
19	219
19	223
19	227
19	231
19	235
19	239
19	243
19	247
19	251
19	256
19	260
19	266
19	271
19	277
19	284
19	292
19	301
19	311
19	321
19	330
19	339
19	348
19	356
19	364
19	372
19	379
19	386
19	393
19	400
19	408
19	416
19	425
19	435
20	160
20	170
20	179
20	187
20	194
20	201
20	207
20	213
20	219
20	225
20	230
20	236
20	242
20	248
20	254
20	261
20	269
20	278
20	289
20	322
20	333
20	343
20	353
20	362
20	371
20	379
20	387
20	395
20	404
20	413
20	423
20	435
21	171
21	182
21	192
21	202
21	211
21	220
21	229
21	238
21	247
21	257
21	346
21	357
21	368
21	378
21	388
21	398
21	408
21	419
22	177
22	188
22	198
22	208
22	218
22	228
22	238
22	249
22	342
22	354
22	365
22	376
22	387
22	398
23	178
23	189
23	199
23	209
23	219
23	229
23	239
24	160
24	171
24	180
24	189
24	197
24	205
24	213
24	221
24	229
24	238
24	248
25	151
25	161
25	169
25	176
25	183
25	189
25	195
25	201
25	207
25	213
25	219
25	225
25	231
25	237
25	244
25	252
25	261
25	271
26	149
26	158
26	165
26	171
26	176
26	181
26	185
26	190
26	194
26	198
26	202
26	206
26	210
26	214
26	218
26	222
26	226
26	230
26	235
26	239
26	244
26	249
26	255
26	261
26	268
26	276
26	286
27	149
27	158
27	164
27	170
27	175
27	180
27	184
27	189
27	192
27	196
27	200
27	203
27	207
27	210
27	213
27	217
27	220
27	223
27	227
27	230
27	233
27	237
27	240
27	244
27	248
27	252
27	256
27	261
27	266
27	271
27	277
27	284
27	292
27	301
27	311
27	322
27	333
27	344
27	355
27	366
27	377
27	388
27	400
28	149
28	158
28	165
28	171
28	176
28	181
28	186
28	190
28	194
28	198
28	202
28	205
28	209
28	212
28	215
28	218
28	221
28	224
28	227
28	230
28	233
28	236
28	239
28	242
28	245
28	248
28	252
28	255
28	259
28	263
28	267
28	272
28	277
28	283
28	289
28	296
28	304
28	313
28	322
28	331
28	340
28	349
28	358
28	367
28	376
28	385
28	394
28	404
28	414
28	425
29	156
29	165
29	173
29	180
29	186
29	192
29	197
29	202
29	206
29	211
29	214
29	219
29	222
29	226
29	229
29	233
29	236
29	240
29	243
29	247
29	250
29	254
29	257
29	261
29	265
29	269
29	274
29	279
29	285
29	291
29	298
29	306
29	314
29	322
29	330
29	338
29	346
29	354
29	363
29	372
29	381
29	390
29	400
29	410
29	422
30	158
30	168
30	177
30	185
30	192
30	199
30	205
30	211
30	217
30	222
30	227
30	232
30	236
30	241
30	244
30	249
30	253
30	257
30	262
30	266
30	271
30	277
30	283
30	290
30	298
30	306
30	314
30	322
30	330
30	338
30	346
30	354
30	362
30	370
30	379
30	388
30	397
30	407
30	418
31	157
31	167
31	176
31	184
31	192
31	199
31	206
31	212
31	218
31	224
31	230
31	235
31	240
31	245
31	250
31	255
31	260
31	266
31	272
31	278
31	285
31	293
31	302
31	311
31	320
31	328
31	336
31	344
31	352
31	360
31	368
31	376
31	384
31	392
31	400
31	409
31	419
32	151
32	161
32	170
32	178
32	185
32	192
32	199
32	205
32	211
32	217
32	223
32	229
32	235
32	241
32	247
32	253
32	259
32	265
32	272
32	279
32	287
32	297
32	307
32	317
32	327
32	337
32	347
32	357
32	366
32	375
32	384
32	393
32	402
32	412
32	425
33	149
33	158
33	166
33	173
33	179
33	185
33	191
33	196
33	202
33	207
33	213
33	218
33	224
33	229
33	235
33	240
33	246
33	251
33	257
33	263
33	269
33	276
33	284
33	294
33	305
33	316
33	327
33	338
33	349
33	359
33	369
33	379
33	389
33	400
33	413
34	148
34	157
34	163
34	169
34	174
34	179
34	183
34	188
34	192
34	196
34	201
34	205
34	209
34	213
34	217
34	221
34	225
34	229
34	234
34	238
34	243
34	247
34	252
34	257
34	262
34	268
34	274
34	281
34	289
34	298
34	308
34	319
34	330
34	341
34	351
34	361
34	370
34	379
34	388
34	398
34	408
35	145
35	153
35	160
35	164
35	170
35	173
35	178
35	181
35	184
35	188
35	191
35	194
35	197
35	200
35	203
35	206
35	209
35	212
35	216
35	218
35	222
35	225
35	228
35	232
35	235
35	239
35	242
35	246
35	250
35	254
35	258
35	263
35	267
35	273
35	278
35	285
35	292
35	300
35	309
35	319
35	329
35	339
35	349
35	359
35	369
35	378
35	387
35	396
35	406
35	416
36	147
36	155
36	161
36	165
36	170
36	173
36	177
36	180
36	182
36	186
36	188
36	191
36	193
36	196
36	198
36	201
36	203
36	206
36	208
36	211
36	213
36	216
36	218
36	221
36	223
36	226
36	228
36	231
36	233
36	236
36	238
36	241
36	244
36	246
36	249
36	252
36	255
36	258
36	261
36	265
36	268
36	272
36	276
36	280
36	285
36	290
36	296
36	302
36	309
36	317
36	325
36	333
36	341
36	350
36	359
36	368
36	377
36	385
36	394
36	403
36	412
36	422
36	434
37	148
37	157
37	163
37	169
37	173
37	178
37	182
37	185
37	189
37	192
37	195
37	199
37	201
37	204
37	207
37	210
37	212
37	215
37	217
37	220
37	222
37	225
37	227
37	230
37	232
37	234
37	237
37	239
37	241
37	244
37	246
37	248
37	251
37	253
37	256
37	258
37	261
37	264
37	266
37	269
37	272
37	275
37	278
37	282
37	286
37	289
37	294
37	298
37	304
37	309
37	315
37	321
37	327
37	334
37	341
37	348
37	356
37	364
37	372
37	380
37	388
37	396
37	404
37	413
37	422
37	433
38	152
38	161
38	169
38	175
38	181
38	185
38	190
38	194
38	198
38	202
38	205
38	209
38	212
38	215
38	218
38	221
38	223
38	226
38	229
38	231
38	234
38	236
38	239
38	241
38	244
38	246
38	249
38	251
38	254
38	256
38	259
38	261
38	264
38	267
38	269
38	273
38	275
38	279
38	282
38	286
38	289
38	294
38	298
38	303
38	308
38	313
38	318
38	324
38	330
38	336
38	342
38	349
38	356
38	363
38	370
38	377
38	384
38	391
38	398
38	405
38	412
38	420
38	429
38	439
39	160
39	170
39	178
39	185
39	192
39	198
39	203
39	208
39	212
39	216
39	220
39	224
39	228
39	231
39	235
39	238
39	242
39	245
39	249
39	252
39	256
39	259
39	263
39	266
39	270
39	274
39	278
39	283
39	288
39	293
39	299
39	305
39	311
39	317
39	323
39	329
39	335
39	341
39	347
39	354
39	360
39	367
39	373
39	379
39	385
39	391
39	396
39	402
39	407
39	413
39	419
39	426
39	433
39	441
39	450
39	463
40	167
40	177
40	185
40	193
40	200
40	207
40	213
40	219
40	225
40	230
40	235
40	240
40	245
40	250
40	255
40	260
40	266
40	272
40	279
40	286
40	295
40	303
40	311
40	318
40	325
40	331
40	337
40	343
40	349
40	354
40	360
40	365
40	371
40	376
40	381
40	386
40	391
40	395
40	400
40	404
40	409
40	414
40	419
40	424
40	430
40	436
40	443
40	450
40	459
40	469
41	163
41	173
41	182
41	190
41	198
41	205
41	212
41	219
41	226
41	232
41	238
41	244
41	250
41	256
41	263
41	270
41	278
41	287
41	298
41	308
41	316
41	323
41	330
41	336
41	342
41	347
41	352
41	357
41	362
41	367
41	372
41	377
41	382
41	387
41	392
41	396
41	401
41	405
41	410
41	414
41	419
41	424
41	429
41	435
41	441
41	448
41	456
41	465
41	476
42	166
42	176
42	185
42	193
42	201
42	208
42	215
42	222
42	229
42	236
42	243
42	250
42	257
42	265
42	274
42	284
42	297
42	307
42	315
42	322
42	329
42	335
42	341
42	346
42	352
42	357
42	362
42	367
42	372
42	377
42	382
42	387
42	392
42	397
42	402
42	407
42	412
42	417
42	423
42	429
42	435
42	442
42	450
42	459
42	470
43	180
43	191
43	201
43	210
43	219
43	227
43	235
43	243
43	252
43	262
43	273
43	301
43	311
43	319
43	326
43	332
43	338
43	344
43	350
43	356
43	362
43	368
43	374
43	380
43	387
43	394
43	401
43	408
43	416
43	424
43	433
43	443
44	183
44	194
44	204
44	214
44	224
44	234
44	244
44	254
44	318
44	328
44	336
44	344
44	352
44	360
44	368
44	376
44	385
44	395
44	405
44	416
45	181
45	192
45	202
45	212
45	222
45	232
45	242
45	252
45	265
45	336
45	348
45	360
46	176
46	187
46	197
46	206
46	215
46	224
46	233
46	242
46	251
46	261
47	197
47	208
47	218
47	228
47	238
47	248
47	260
50	189
50	200
50	211
50	222
50	235
51	196
51	208
51	220
51	233
52	340
52	352
52	364
52	376
52	389
53	200
53	212
53	224
53	342
53	354
53	366
53	378
53	390
53	402
53	414
54	190
54	202
54	215
54	381
54	394
54	407
54	419
54	432
55	170
55	180
55	189
55	198
55	207
55	216
55	225
55	235
55	245
55	255
55	266
55	382
55	394
55	406
55	417
55	429
56	168
56	178
56	186
56	193
56	200
56	207
56	214
56	221
56	228
56	235
56	242
56	249
56	257
56	265
56	275
57	172
57	183
57	193
57	203
57	212
57	221
57	229
57	237
57	244
57	251
57	259
57	267
57	276
57	288
58	176
58	187
58	198
58	208
58	217
58	225
58	233
58	241
58	249
58	257
58	265
58	274
58	285
59	169
59	180
59	189
59	198
59	206
59	214
59	222
59	230
59	238
59	245
59	252
59	259
59	267
59	276
59	286
60	162
60	172
60	180
60	188
60	195
60	201
60	207
60	213
60	218
60	223
60	228
60	233
60	238
60	243
60	248
60	253
60	258
60	263
60	269
60	275
60	282
60	290
60	299
60	309
60	321
61	157
61	165
61	172
61	178
61	183
61	188
61	192
61	196
61	200
61	203
61	207
61	210
61	213
61	217
61	220
61	223
61	226
61	229
61	232
61	235
61	238
61	241
61	245
61	247
61	251
61	255
61	258
61	263
61	267
61	272
61	277
61	283
61	289
61	296
61	304
61	313
61	324
62	152
62	161
62	167
62	172
62	175
62	180
62	182
62	186
62	189
62	192
62	194
62	197
62	200
62	202
62	204
62	207
62	209
62	212
62	213
62	216
62	218
62	221
62	223
62	225
62	228
62	230
62	233
62	235
62	238
62	240
62	243
62	246
62	248
62	251
62	255
62	257
62	261
62	265
62	268
62	273
62	277
62	282
62	287
62	293
62	300
62	308
62	317
62	327
62	338
63	151
63	160
63	167
63	172
63	177
63	181
63	185
63	189
63	192
63	196
63	199
63	203
63	206
63	210
63	213
63	217
63	220
63	224
63	227
63	231
63	234
63	238
63	241
63	244
63	248
63	251
63	255
63	258
63	262
63	266
63	270
63	275
63	279
63	285
63	291
63	298
63	305
63	313
63	321
63	330
63	339
63	349
64	151
64	160
64	168
64	175
64	182
64	188
64	194
64	200
64	205
64	211
64	215
64	220
64	224
64	228
64	232
64	235
64	239
64	242
64	245
64	248
64	252
64	254
64	258
64	261
64	265
64	268
64	272
64	276
64	280
64	285
64	289
64	295
64	300
64	306
64	312
64	319
64	326
64	334
64	343
64	353
64	364
65	153
65	162
65	169
65	175
65	181
65	185
65	190
65	194
65	198
65	202
65	205
65	209
65	212
65	215
65	219
65	221
65	224
65	227
65	230
65	232
65	235
65	238
65	240
65	243
65	246
65	248
65	251
65	254
65	257
65	259
65	263
65	266
65	269
65	273
65	277
65	281
65	286
65	291
65	297
65	303
65	309
65	316
65	323
65	331
65	339
65	348
65	358
66	159
66	168
66	175
66	181
66	186
66	191
66	195
66	200
66	203
66	208
66	211
66	215
66	219
66	222
66	226
66	230
66	234
66	238
66	242
66	246
66	251
66	256
66	261
66	267
66	273
66	280
66	288
66	298
66	309
66	320
66	331
66	344
67	210
67	222
67	234
67	245
67	256
67	267
68	246
68	257
70	186
70	198
70	209
70	220
70	230
70	240
70	249
70	258
70	268
70	279
71	159
71	169
71	178
71	186
71	193
71	200
71	207
71	213
71	219
71	225
71	231
71	236
71	241
71	246
71	251
71	256
71	261
71	266
71	272
71	278
71	285
71	293
71	302
71	313
72	157
72	165
72	172
72	178
72	183
72	188
72	193
72	197
72	202
72	206
72	210
72	214
72	218
72	222
72	225
72	229
72	232
72	236
72	239
72	243
72	246
72	250
72	254
72	257
72	262
72	266
72	270
72	275
72	280
72	286
72	293
72	301
72	310
73	167
73	176
73	184
73	191
73	197
73	203
73	209
73	214
73	220
73	225
73	231
73	237
73	243
73	250
73	257
73	265
73	275
75	170
75	181
75	190
75	199
75	207
75	215
75	223
75	231
75	239
75	247
75	254
75	262
75	270
75	279
75	289
76	166
76	175
76	183
76	190
76	196
76	202
76	208
76	214
76	220
76	225
76	231
76	236
76	242
76	247
76	253
76	259
76	265
76	272
76	279
76	287
76	297
77	182
77	193
77	203
77	212
77	221
77	230
77	240
77	250
77	264
-1	-1
