-1	-1
0	349
0	359
0	368
0	376
0	384
0	392
0	399
0	406
0	413
0	421
0	429
0	438
0	448
1	360
1	371
1	381
1	391
1	400
1	409
1	419
1	429
2	362
2	373
2	383
2	393
2	403
2	413
2	423
2	435
3	358
3	369
3	379
3	389
3	398
3	407
3	417
3	427
4	356
4	366
4	375
4	384
4	393
4	401
4	409
4	418
4	427
4	437
5	349
5	359
5	368
5	376
5	383
5	390
5	397
5	404
5	411
5	418
5	426
5	434
5	443
5	453
6	347
6	357
6	365
6	372
6	379
6	385
6	391
6	397
6	403
6	408
6	414
6	420
6	426
6	432
6	438
6	445
6	453
6	462
6	474
7	343
7	352
7	360
7	366
7	372
7	377
7	382
7	387
7	391
7	396
7	400
7	404
7	409
7	413
7	417
7	422
7	426
7	431
7	436
7	441
7	447
7	453
7	460
7	468
7	477
8	341
8	350
8	358
8	364
8	370
8	374
8	379
8	382
8	386
8	390
8	393
8	397
8	400
8	403
8	407
8	410
8	413
8	417
8	420
8	423
8	427
8	430
8	434
8	438
8	442
8	446
8	451
8	456
8	461
8	467
8	474
8	482
8	492
9	342
9	351
9	359
9	365
9	371
9	375
9	380
9	383
9	388
9	391
9	394
9	398
9	401
9	404
9	407
9	410
9	413
9	416
9	419
9	422
9	425
9	428
9	431
9	435
9	437
9	441
9	445
9	448
9	453
9	457
9	462
9	467
9	473
9	479
9	486
9	495
9	506
10	342
10	352
10	360
10	366
10	372
10	376
10	381
10	385
10	389
10	393
10	397
10	400
10	404
10	407
10	411
10	413
10	417
10	420
10	423
10	426
10	429
10	433
10	436
10	439
10	443
10	446
10	450
10	454
10	458
10	463
10	468
10	474
10	480
10	487
10	495
10	505
11	338
11	347
11	354
11	361
11	366
11	371
11	376
11	381
11	385
11	390
11	393
11	398
11	401
11	405
11	409
11	412
11	416
11	419
11	423
11	426
11	430
11	434
11	437
11	441
11	445
11	449
11	454
11	458
11	464
11	469
11	476
11	483
11	491
11	501
12	257
12	270
12	338
12	347
12	354
12	360
12	365
12	370
12	374
12	379
12	383
12	387
12	391
12	395
12	399
12	403
12	407
12	411
12	415
12	419
12	423
12	427
12	431
12	435
12	439
12	443
12	447
12	452
12	457
12	462
12	468
12	474
12	481
12	489
12	499
13	226
13	238
13	249
13	260
13	271
13	284
13	342
13	352
13	360
13	367
13	373
13	379
13	385
13	390
13	396
13	401
13	407
13	412
13	418
13	423
13	428
13	433
13	438
13	444
13	449
13	455
13	461
13	468
13	476
13	485
13	496
14	198
14	209
14	219
14	229
14	238
14	247
14	256
14	265
14	274
14	284
14	347
14	357
14	365
14	373
14	381
14	388
14	395
14	402
14	409
14	416
14	423
14	430
14	437
14	444
14	451
14	459
14	468
14	478
15	188
15	198
15	207
15	216
15	224
15	232
15	240
15	248
15	256
15	264
15	272
15	281
15	293
15	342
15	353
15	362
15	371
15	379
15	387
15	394
15	401
15	408
15	415
15	422
15	429
15	435
15	442
15	449
15	456
15	464
15	473
15	484
16	181
16	191
16	200
16	208
16	215
16	222
16	228
16	234
16	240
16	246
16	252
16	258
16	265
16	272
16	280
16	289
16	338
16	349
16	358
16	367
16	375
16	383
16	390
16	397
16	404
16	411
16	417
16	423
16	429
16	435
16	441
16	447
16	454
16	461
16	469
16	479
17	176
17	185
17	193
17	200
17	206
17	212
17	218
17	223
17	229
17	234
17	240
17	245
17	251
17	257
17	263
17	269
17	276
17	284
17	293
17	304
17	338
17	349
17	359
17	368
17	376
17	384
17	391
17	398
17	405
17	411
17	417
17	423
17	429
17	435
17	441
17	448
17	455
17	463
17	472
17	483
18	172
18	181
18	189
18	195
18	201
18	206
18	211
18	215
18	220
18	224
18	228
18	232
18	236
18	240
18	244
18	248
18	253
18	257
18	262
18	266
18	271
18	276
18	282
18	288
18	295
18	303
18	313
18	324
18	335
18	345
18	354
18	362
18	370
18	377
18	384
18	391
18	398
18	404
18	410
18	416
18	422
18	428
18	434
18	440
18	447
18	454
18	462
18	471
18	483
19	177
19	185
19	192
19	198
19	203
19	208
19	212
19	216
19	220
19	224
19	228
19	231
19	235
19	239
19	242
19	246
19	249
19	253
19	256
19	260
19	264
19	268
19	272
19	276
19	281
19	286
19	291
19	297
19	304
19	312
19	321
19	330
19	339
19	348
19	357
19	365
19	373
19	381
19	389
19	396
19	403
19	410
19	417
19	424
19	431
19	438
19	446
19	454
19	463
19	474
20	186
20	195
20	203
20	210
20	216
20	221
20	226
20	231
20	235
20	240
20	244
20	248
20	252
20	256
20	260
20	264
20	268
20	272
20	277
20	281
20	286
20	292
20	298
20	305
20	313
20	322
20	331
20	340
20	349
20	358
20	367
20	376
20	385
20	393
20	401
20	409
20	417
20	425
20	433
20	441
20	450
20	460
21	192
21	202
21	211
21	219
21	226
21	233
21	239
21	245
21	251
21	256
21	261
21	266
21	272
21	278
21	284
21	291
21	299
21	308
21	319
21	330
21	341
21	352
21	363
21	374
21	385
21	396
21	406
21	416
21	427
21	439
22	209
22	220
22	230
22	239
22	248
22	257
22	266
22	276
22	288
22	392
22	405
22	417
23	208
23	219
23	230
23	240
23	250
23	261
23	275
24	189
24	200
24	210
24	219
24	228
24	237
24	246
24	255
24	265
24	276
25	176
25	185
25	193
25	201
25	208
25	215
25	222
25	229
25	236
25	243
25	250
25	257
25	265
25	274
25	285
26	168
26	177
26	183
26	189
26	194
26	199
26	204
26	209
26	213
26	218
26	222
26	227
26	231
26	236
26	240
26	245
26	250
26	255
26	260
26	266
26	272
26	279
26	287
26	297
27	166
27	174
27	181
27	186
27	191
27	195
27	200
27	203
27	207
27	211
27	214
27	218
27	221
27	225
27	228
27	232
27	235
27	239
27	242
27	246
27	249
27	253
27	257
27	261
27	266
27	270
27	275
27	280
27	286
27	293
27	301
27	310
27	322
27	335
27	347
27	359
27	371
27	384
28	168
28	177
28	183
28	189
28	193
28	198
28	202
28	206
28	210
28	213
28	217
28	220
28	223
28	227
28	230
28	233
28	236
28	239
28	242
28	245
28	248
28	251
28	255
28	257
28	261
28	265
28	268
28	272
28	276
28	280
28	285
28	290
28	296
28	302
28	309
28	318
28	328
28	338
28	348
28	358
28	369
28	380
28	392
29	177
29	186
29	193
29	200
29	205
29	211
29	215
29	220
29	224
29	228
29	232
29	235
29	239
29	242
29	245
29	249
29	252
29	255
29	258
29	262
29	265
29	268
29	272
29	276
29	279
29	284
29	288
29	293
29	298
29	304
29	311
29	319
29	328
29	337
29	347
29	357
29	368
29	379
29	390
29	402
30	182
30	192
30	201
30	209
30	215
30	221
30	227
30	232
30	237
30	241
30	245
30	249
30	253
30	256
30	260
30	264
30	267
30	271
30	275
30	279
30	284
30	288
30	294
30	299
30	306
30	313
30	321
30	330
30	340
30	351
31	187
31	198
31	207
31	215
31	223
31	230
31	236
31	242
31	247
31	252
31	257
31	261
31	266
31	270
31	275
31	280
31	285
31	291
31	297
31	304
31	312
31	321
31	331
31	342
31	354
32	191
32	202
32	212
32	221
32	229
32	237
32	244
32	251
32	257
32	263
32	269
32	275
32	281
32	288
32	295
32	303
32	313
32	325
33	191
33	202
33	212
33	221
33	230
33	238
33	246
33	253
33	260
33	266
33	273
33	280
33	287
33	295
33	305
34	177
34	187
34	195
34	203
34	210
34	217
34	224
34	231
34	237
34	244
34	250
34	256
34	262
34	268
34	275
34	282
34	290
34	299
34	309
35	169
35	178
35	185
35	191
35	197
35	202
35	207
35	212
35	216
35	221
35	225
35	230
35	234
35	239
35	244
35	249
35	254
35	259
35	264
35	270
35	276
35	282
35	289
35	297
35	306
35	317
36	162
36	171
36	178
36	183
36	188
36	192
36	196
36	200
36	203
36	207
36	210
36	213
36	216
36	219
36	222
36	225
36	228
36	231
36	234
36	237
36	241
36	244
36	248
36	251
36	255
36	258
36	262
36	266
36	270
36	274
36	278
36	283
36	287
36	293
36	298
36	305
36	312
36	320
36	329
36	339
36	349
36	359
36	370
36	383
37	160
37	169
37	175
37	181
37	184
37	189
37	192
37	195
37	199
37	201
37	204
37	207
37	210
37	212
37	215
37	217
37	220
37	222
37	225
37	227
37	230
37	232
37	235
37	237
37	240
37	243
37	245
37	248
37	251
37	254
37	256
37	259
37	262
37	265
37	268
37	271
37	274
37	277
37	280
37	284
37	287
37	291
37	295
37	299
37	305
37	310
37	316
37	323
37	331
37	339
37	348
37	357
37	366
37	375
37	385
37	396
38	162
38	171
38	178
38	183
38	188
38	192
38	196
38	200
38	203
38	207
38	210
38	213
38	216
38	219
38	222
38	224
38	227
38	230
38	232
38	235
38	237
38	240
38	242
38	245
38	247
38	250
38	252
38	255
38	257
38	260
38	262
38	265
38	267
38	270
38	273
38	275
38	278
38	281
38	284
38	287
38	290
38	294
38	297
38	301
38	306
38	310
38	316
38	321
38	327
38	334
38	341
38	348
38	355
38	362
38	370
38	378
38	387
38	396
38	406
38	417
39	169
39	178
39	185
39	191
39	196
39	201
39	205
39	210
39	213
39	217
39	221
39	224
39	227
39	231
39	233
39	237
39	239
39	242
39	245
39	248
39	251
39	253
39	256
39	259
39	261
39	264
39	266
39	269
39	271
39	274
39	277
39	279
39	282
39	285
39	288
39	291
39	295
39	298
39	302
39	306
39	310
39	315
39	320
39	326
39	332
39	338
39	345
39	352
39	359
39	366
39	374
39	382
39	391
39	400
39	410
39	421
39	433
40	177
40	186
40	193
40	200
40	205
40	211
40	215
40	220
40	224
40	229
40	232
40	236
40	240
40	243
40	246
40	250
40	252
40	256
40	258
40	262
40	264
40	267
40	270
40	273
40	276
40	279
40	282
40	286
40	289
40	293
40	297
40	301
40	306
40	311
40	317
40	323
40	330
40	337
40	344
40	352
40	360
40	367
40	375
40	383
40	392
40	402
40	412
40	423
40	436
41	181
41	191
41	199
41	205
41	211
41	217
41	222
41	227
41	231
41	236
41	240
41	244
41	248
41	251
41	255
41	258
41	262
41	265
41	269
41	272
41	276
41	279
41	283
41	287
41	291
41	296
41	300
41	306
41	311
41	317
41	324
41	331
41	339
41	347
41	355
41	362
41	369
41	376
41	384
41	392
41	401
41	410
41	420
41	431
41	445
42	188
42	198
42	206
42	213
42	220
42	226
42	232
42	238
42	243
42	249
42	253
42	258
42	263
42	267
42	272
42	277
42	282
42	287
42	293
42	299
42	306
42	314
42	323
42	332
42	341
42	350
42	359
42	368
42	377
42	386
42	396
42	406
42	417
42	431
43	192
43	203
43	212
43	221
43	229
43	237
43	244
43	251
43	258
43	265
43	272
43	279
43	287
43	296
43	307
43	336
43	347
43	357
43	367
43	377
43	388
43	399
44	206
44	217
44	227
44	236
44	245
44	254
44	263
44	273
44	283
44	339
44	349
44	358
44	367
44	376
44	385
44	395
44	406
44	418
44	433
45	209
45	220
45	230
45	239
45	248
45	257
45	266
45	275
45	285
45	340
45	351
45	361
45	371
45	381
45	392
46	207
46	218
46	228
46	237
46	246
46	254
46	262
46	271
46	280
46	291
47	202
47	213
47	223
47	232
47	241
47	250
47	259
47	268
47	278
47	289
48	212
48	223
48	234
48	245
48	256
48	267
49	227
49	239
49	250
49	263
51	250
51	262
54	219
54	231
54	242
54	253
54	265
55	217
55	228
55	238
55	248
55	257
55	267
55	277
56	211
56	222
56	231
56	240
56	248
56	256
56	264
56	272
56	281
56	291
57	208
57	218
57	227
57	235
57	243
57	251
57	259
57	267
57	275
57	284
57	294
58	191
58	201
58	209
58	216
58	223
58	229
58	235
58	241
58	247
58	253
58	260
58	267
58	274
58	282
58	291
58	302
59	182
59	191
59	199
59	205
59	211
59	215
59	220
59	224
59	229
59	233
59	237
59	241
59	245
59	249
59	253
59	257
59	262
59	266
59	271
59	276
59	281
59	287
59	293
59	300
59	308
59	318
60	180
60	190
60	198
60	204
60	210
60	214
60	219
60	223
60	228
60	232
60	236
60	240
60	244
60	248
60	252
60	256
60	260
60	264
60	268
60	272
60	276
60	280
60	285
60	290
60	296
60	302
60	309
60	317
60	326
60	337
61	173
61	182
61	190
61	196
61	202
61	207
61	212
61	217
61	221
61	225
61	230
61	233
61	238
61	241
61	245
61	248
61	252
61	255
61	258
61	262
61	264
61	268
61	271
61	275
61	278
61	282
61	286
61	290
61	295
61	299
61	305
61	310
61	317
61	325
61	334
61	344
62	169
62	178
62	184
62	190
62	194
62	199
62	202
62	206
62	210
62	212
62	216
62	219
62	222
62	224
62	228
62	230
62	232
62	235
62	238
62	240
62	242
62	245
62	247
62	249
62	252
62	253
62	256
62	258
62	260
62	263
62	265
62	267
62	270
62	272
62	275
62	277
62	280
62	283
62	286
62	289
62	292
62	296
62	299
62	304
62	308
62	313
62	318
62	324
62	331
62	339
62	348
62	360
63	168
63	177
63	183
63	189
63	193
63	198
63	202
63	205
63	209
63	212
63	215
63	218
63	221
63	223
63	226
63	229
63	231
63	233
63	236
63	238
63	240
63	242
63	244
63	247
63	248
63	251
63	253
63	255
63	257
63	259
63	262
63	264
63	266
63	268
63	271
63	273
63	276
63	278
63	281
63	284
63	287
63	289
63	293
63	296
63	299
63	304
63	307
63	312
63	317
63	323
63	329
63	336
63	345
63	355
64	171
64	181
64	189
64	196
64	202
64	208
64	214
64	219
64	224
64	229
64	234
64	239
64	244
64	249
64	253
64	258
64	262
64	266
64	270
64	274
64	278
64	282
64	286
64	290
64	295
64	300
64	306
64	312
64	319
64	327
64	337
65	172
65	181
65	189
65	195
65	201
65	207
65	212
65	218
65	223
65	228
65	233
65	238
65	243
65	247
65	252
65	255
65	260
65	263
65	267
65	270
65	274
65	277
65	281
65	284
65	288
65	292
65	296
65	300
65	305
65	310
65	316
65	322
65	329
65	338
65	349
66	180
66	189
66	197
66	203
66	209
66	215
66	221
66	226
66	231
66	236
66	241
66	245
66	250
66	254
66	259
66	263
66	268
66	272
66	277
66	282
66	287
66	293
66	299
66	306
66	315
66	325
67	197
67	207
67	216
67	225
67	234
67	243
67	252
67	261
67	270
67	279
67	289
68	191
68	201
68	210
68	219
68	227
68	235
68	243
68	251
68	259
68	267
68	275
68	283
68	292
68	303
69	188
69	198
69	206
69	213
69	220
69	227
69	233
69	239
69	245
69	251
69	257
69	264
69	271
69	278
69	286
69	295
69	306
70	200
70	211
70	221
70	230
70	239
70	248
70	257
70	266
70	275
70	285
71	198
71	209
71	219
71	228
71	237
71	246
71	254
71	262
71	270
71	278
71	286
71	295
71	306
72	188
72	198
72	206
72	213
72	220
72	226
72	232
72	238
72	243
72	249
72	254
72	259
72	264
72	269
72	274
72	279
72	285
72	291
72	297
72	305
72	314
72	325
73	199
73	209
73	218
73	226
73	233
73	240
73	246
73	252
73	258
73	265
73	272
73	280
73	288
73	298
75	190
75	201
75	211
75	220
75	228
75	236
75	244
75	252
75	260
75	268
75	276
75	285
75	295
76	189
76	199
76	207
76	214
76	221
76	227
76	233
76	239
76	244
76	250
76	255
76	261
76	266
76	272
76	278
76	285
76	292
76	300
76	309
77	208
77	218
77	227
77	235
77	243
77	251
77	259
77	268
77	277
77	288
-1	-1
