-1	-1
0	299
0	313
0	451
0	462
0	472
0	481
0	490
0	499
0	508
0	517
0	526
0	536
0	546
1	482
1	494
1	506
1	518
1	530
5	329
5	477
5	488
5	499
5	510
5	521
5	532
5	543
6	298
6	309
6	319
6	329
6	339
6	350
6	462
6	473
6	482
6	491
6	500
6	509
6	518
6	526
6	534
6	542
6	551
6	560
6	571
7	310
7	321
7	332
7	344
7	457
7	467
7	475
7	483
7	490
7	497
7	504
7	511
7	518
7	525
7	532
7	538
7	545
7	552
7	560
7	569
7	579
8	449
8	459
8	468
8	475
8	482
8	488
8	494
8	500
8	506
8	512
8	518
8	524
8	530
8	536
8	542
8	548
8	555
8	562
8	570
8	580
9	442
9	451
9	459
9	465
9	471
9	475
9	480
9	484
9	488
9	492
9	496
9	500
9	504
9	508
9	512
9	516
9	520
9	524
9	528
9	532
9	536
9	540
9	545
9	549
9	554
9	559
9	564
9	570
9	576
9	583
9	591
9	601
10	443
10	452
10	460
10	466
10	471
10	475
10	480
10	482
10	486
10	489
10	492
10	495
10	498
10	501
10	503
10	506
10	508
10	511
10	513
10	516
10	518
10	521
10	523
10	526
10	528
10	531
10	533
10	536
10	538
10	541
10	544
10	546
10	549
10	552
10	555
10	558
10	561
10	565
10	568
10	572
10	576
10	580
10	585
10	590
10	596
10	603
10	611
10	621
11	287
11	298
11	309
11	320
11	331
11	429
11	439
11	447
11	453
11	459
11	463
11	468
11	472
11	475
11	479
11	482
11	485
11	488
11	491
11	493
11	496
11	498
11	501
11	503
11	505
11	508
11	510
11	512
11	514
11	517
11	519
11	521
11	523
11	526
11	527
11	530
11	532
11	534
11	536
11	538
11	541
11	543
11	545
11	547
11	550
11	552
11	555
11	557
11	559
11	563
11	565
11	568
11	571
11	575
11	577
11	582
11	585
11	589
11	594
11	599
11	605
11	611
11	619
11	628
12	271
12	282
12	292
12	302
12	311
12	320
12	330
12	340
12	428
12	437
12	444
12	451
12	456
12	461
12	466
12	471
12	475
12	480
12	483
12	488
12	491
12	494
12	498
12	501
12	502
12	506
12	508
12	511
12	512
12	515
12	517
12	519
12	522
12	523
12	525
12	528
12	529
12	532
12	533
12	535
12	538
12	539
12	541
12	543
12	545
12	547
12	549
12	551
12	554
12	555
12	558
12	560
12	563
12	565
12	568
12	570
12	574
12	576
12	579
12	583
12	586
12	590
12	594
12	598
12	603
12	608
12	615
12	622
12	631
13	260
13	270
13	279
13	287
13	295
13	302
13	309
13	316
13	323
13	331
13	339
13	348
13	359
13	427
13	437
13	445
13	452
13	459
13	464
13	470
13	474
13	479
13	484
13	489
13	493
13	498
13	502
13	506
13	510
13	513
13	517
13	520
13	523
13	527
13	530
13	533
13	536
13	539
13	542
13	545
13	548
13	551
13	555
13	558
13	562
13	565
13	569
13	573
13	577
13	582
13	587
13	593
13	599
13	606
13	615
13	626
14	257
14	267
14	275
14	283
14	290
14	297
14	303
14	309
14	315
14	321
14	328
14	335
14	342
14	350
14	359
14	428
14	438
14	446
14	453
14	459
14	464
14	469
14	474
14	479
14	483
14	488
14	492
14	497
14	501
14	506
14	510
14	514
14	518
14	522
14	526
14	530
14	533
14	537
14	541
14	544
14	548
14	551
14	555
14	559
14	563
14	567
14	572
14	576
14	581
14	587
14	593
14	600
14	608
14	618
15	259
15	269
15	278
15	286
15	294
15	302
15	310
15	318
15	326
15	335
15	345
15	356
15	433
15	442
15	450
15	456
15	461
15	466
15	471
15	475
15	480
15	484
15	488
15	493
15	497
15	501
15	506
15	510
15	514
15	519
15	522
15	526
15	530
15	533
15	537
15	541
15	544
15	548
15	551
15	555
15	558
15	562
15	566
15	570
15	575
15	579
15	584
15	589
15	595
15	602
15	610
15	619
16	437
16	445
16	452
16	458
16	463
16	468
16	472
16	477
16	481
16	485
16	489
16	493
16	497
16	501
16	505
16	509
16	513
16	517
16	521
16	525
16	529
16	533
16	537
16	542
16	546
16	550
16	555
16	559
16	564
16	569
16	574
16	580
16	586
16	593
16	601
16	611
17	437
17	446
17	453
17	460
17	465
17	470
17	474
17	479
17	483
17	487
17	491
17	495
17	499
17	503
17	507
17	511
17	515
17	519
17	523
17	527
17	531
17	536
17	540
17	545
17	549
17	554
17	559
17	564
17	569
17	575
17	581
17	588
17	596
17	605
18	439
18	449
18	457
18	463
18	469
18	474
18	479
18	483
18	487
18	491
18	494
18	498
18	501
18	505
18	508
18	512
18	516
18	519
18	523
18	527
18	531
18	535
18	539
18	543
18	547
18	551
18	556
18	560
18	565
18	570
18	576
18	582
18	589
18	597
18	606
19	446
19	455
19	463
19	470
19	475
19	481
19	485
19	490
19	493
19	498
19	501
19	505
19	509
19	512
19	516
19	519
19	523
19	527
19	530
19	534
19	538
19	542
19	546
19	550
19	554
19	558
19	563
19	567
19	573
19	578
19	585
19	592
19	600
19	610
20	447
20	458
20	467
20	474
20	481
20	487
20	493
20	498
20	503
20	508
20	513
20	518
20	522
20	527
20	532
20	537
20	542
20	547
20	552
20	557
20	563
20	569
20	576
20	584
20	593
20	604
21	306
21	318
21	333
21	457
21	467
21	476
21	484
21	491
21	498
21	504
21	510
21	516
21	522
21	528
21	534
21	540
21	546
21	553
21	560
21	568
21	577
21	588
22	288
22	299
22	310
22	320
22	330
22	342
22	469
22	480
22	490
22	498
22	506
22	514
22	522
22	530
22	538
22	547
22	556
22	567
23	276
23	286
23	296
23	305
23	314
23	323
23	332
23	342
23	353
23	497
23	510
23	522
23	533
23	545
24	263
24	273
24	282
24	290
24	297
24	304
24	311
24	317
24	323
24	329
24	336
24	343
24	351
24	360
24	373
25	258
25	268
25	275
25	282
25	288
25	293
25	299
25	304
25	309
25	314
25	319
25	324
25	329
25	334
25	339
25	345
25	351
25	358
25	366
25	375
25	386
26	253
26	262
26	270
26	276
26	282
26	287
26	292
26	296
26	301
26	304
26	309
26	312
26	316
26	320
26	323
26	327
26	331
26	335
26	339
26	343
26	347
26	352
26	357
26	363
26	369
26	376
26	384
26	394
26	406
27	252
27	261
27	269
27	275
27	281
27	286
27	291
27	295
27	300
27	303
27	308
27	311
27	315
27	318
27	322
27	325
27	329
27	332
27	336
27	339
27	343
27	347
27	351
27	355
27	359
27	364
27	369
27	375
27	382
27	390
27	399
27	409
27	419
27	429
27	439
27	449
27	459
27	469
27	480
28	257
28	266
28	273
28	280
28	286
28	291
28	296
28	301
28	305
28	310
28	314
28	318
28	322
28	326
28	330
28	334
28	338
28	342
28	346
28	350
28	355
28	359
28	365
28	370
28	377
28	384
28	393
28	403
28	413
28	423
28	433
28	442
28	451
28	460
28	469
28	478
28	488
28	498
28	508
28	520
29	260
29	270
29	278
29	285
29	292
29	298
29	304
29	310
29	315
29	321
29	326
29	331
29	336
29	341
29	346
29	351
29	357
29	363
29	370
29	377
29	386
29	397
29	408
29	418
29	427
29	436
29	444
29	452
29	459
29	466
29	473
29	480
29	487
29	494
29	501
29	508
29	515
29	523
29	531
29	539
29	547
29	555
29	564
29	574
29	585
30	262
30	272
30	281
30	289
30	296
30	303
30	310
30	316
30	322
30	328
30	334
30	340
30	346
30	352
30	358
30	365
30	372
30	380
30	390
30	401
30	411
30	421
30	430
30	438
30	445
30	452
30	458
30	464
30	470
30	476
30	481
30	486
30	491
30	496
30	501
30	506
30	511
30	515
30	520
30	525
30	530
30	535
30	540
30	545
30	551
30	556
30	562
30	568
30	575
30	583
30	592
31	263
31	273
31	282
31	290
31	298
31	305
31	312
31	319
31	326
31	333
31	339
31	346
31	353
31	360
31	368
31	377
31	406
31	417
31	426
31	434
31	441
31	447
31	453
31	458
31	463
31	468
31	472
31	477
31	481
31	485
31	489
31	492
31	496
31	500
31	503
31	507
31	510
31	514
31	517
31	521
31	524
31	528
31	531
31	535
31	539
31	543
31	547
31	551
31	556
31	560
31	566
31	571
31	577
31	584
31	592
31	602
32	262
32	272
32	281
32	289
32	296
32	303
32	309
32	315
32	321
32	327
32	333
32	339
32	345
32	351
32	358
32	365
32	373
32	382
32	394
32	406
32	416
32	424
32	431
32	438
32	444
32	450
32	455
32	460
32	464
32	469
32	472
32	477
32	480
32	484
32	488
32	492
32	496
32	500
32	504
32	508
32	512
32	515
32	519
32	523
32	527
32	531
32	535
32	539
32	543
32	547
32	552
32	557
32	562
32	568
32	574
32	581
32	589
32	599
33	258
33	267
33	274
33	281
33	287
33	293
33	298
33	303
33	308
33	313
33	318
33	322
33	327
33	331
33	336
33	340
33	345
33	349
33	354
33	358
33	364
33	369
33	375
33	382
33	390
33	399
33	407
33	415
33	422
33	429
33	435
33	441
33	447
33	453
33	458
33	463
33	468
33	473
33	478
33	483
33	488
33	494
33	499
33	505
33	510
33	516
33	521
33	527
33	532
33	538
33	544
33	550
33	557
33	564
33	572
33	581
33	593
34	251
34	260
34	267
34	273
34	278
34	283
34	287
34	292
34	295
34	300
34	303
34	307
34	311
34	314
34	317
34	321
34	323
34	327
34	330
34	333
34	336
34	339
34	342
34	345
34	348
34	351
34	354
34	357
34	361
34	364
34	368
34	372
34	376
34	381
34	386
34	392
34	398
34	404
34	410
34	416
34	422
34	428
34	434
34	440
34	447
34	453
34	460
34	467
34	474
34	481
34	489
34	497
34	505
34	514
34	523
34	533
34	544
34	557
35	249
35	258
35	264
35	270
35	274
35	279
35	282
35	286
35	289
35	292
35	295
35	298
35	301
35	304
35	307
35	310
35	312
35	315
35	318
35	320
35	323
35	325
35	328
35	330
35	333
35	335
35	338
35	340
35	343
35	346
35	348
35	351
35	354
35	357
35	360
35	364
35	367
35	371
35	375
35	379
35	384
35	389
35	395
35	401
35	407
35	413
35	419
35	426
35	433
35	440
35	447
35	455
35	463
35	472
35	482
35	495
36	251
36	260
36	267
36	272
36	277
36	282
36	285
36	290
36	292
36	296
36	299
36	302
36	305
36	308
36	311
36	313
36	316
36	319
36	321
36	323
36	326
36	328
36	331
36	333
36	336
36	338
36	341
36	344
36	346
36	349
36	352
36	355
36	358
36	362
36	365
36	369
36	373
36	377
36	382
36	387
36	393
36	400
36	407
36	414
36	421
36	428
36	435
36	442
36	450
36	458
36	467
36	477
36	489
37	252
37	261
37	269
37	274
37	280
37	284
37	289
37	293
37	297
37	301
37	304
37	308
37	311
37	315
37	318
37	321
37	325
37	328
37	331
37	335
37	338
37	341
37	345
37	348
37	352
37	356
37	360
37	365
37	370
37	376
37	382
37	389
37	397
37	406
37	414
37	422
37	430
37	437
37	444
37	451
37	458
37	466
37	474
37	483
37	493
38	258
38	267
38	273
38	279
38	284
38	289
38	293
38	297
38	301
38	305
38	309
38	312
38	316
38	319
38	323
38	326
38	330
38	333
38	337
38	341
38	345
38	349
38	354
38	358
38	364
38	369
38	376
38	384
38	393
38	403
38	413
38	422
38	430
38	438
38	444
38	451
38	457
38	464
38	471
38	478
38	486
38	495
38	505
38	516
39	262
39	272
39	280
39	287
39	294
39	300
39	306
39	312
39	317
39	322
39	327
39	332
39	337
39	343
39	348
39	355
39	362
39	370
39	379
39	419
39	430
39	439
39	445
39	451
39	457
39	463
39	469
39	475
39	481
39	488
39	496
39	504
39	513
39	523
39	535
40	266
40	275
40	283
40	291
40	298
40	305
40	311
40	317
40	323
40	329
40	335
40	341
40	348
40	355
40	363
40	373
40	427
40	437
40	444
40	451
40	457
40	463
40	469
40	475
40	481
40	488
40	495
40	503
40	512
40	522
40	533
41	271
41	281
41	290
41	298
41	305
41	312
41	319
41	326
41	333
41	340
41	347
41	355
41	364
41	375
41	428
41	438
41	447
41	455
41	462
41	469
41	476
41	484
41	492
41	501
41	511
41	523
42	272
42	282
42	291
42	299
42	306
42	313
42	320
42	327
42	334
42	341
42	349
42	358
42	440
42	451
42	462
42	473
42	485
43	280
43	290
43	299
43	307
43	315
43	322
43	329
43	336
43	344
43	352
43	362
44	302
44	313
44	323
44	333
44	344
45	307
45	318
45	329
45	340
46	319
47	309
47	321
48	302
48	313
48	324
48	335
49	319
52	319
53	316
53	328
54	301
54	312
54	323
54	334
54	346
55	289
55	299
55	308
55	317
55	325
55	333
55	342
55	352
55	365
56	282
56	292
56	300
56	307
56	314
56	320
56	326
56	332
56	338
56	344
56	351
56	359
56	368
56	379
57	291
57	301
57	310
57	318
57	325
57	332
57	338
57	345
57	352
57	360
57	369
58	297
58	308
58	318
58	327
58	336
58	345
58	355
59	279
59	289
59	298
59	305
59	312
59	318
59	324
59	330
59	336
59	343
59	350
59	358
59	367
60	271
60	281
60	290
60	298
60	304
60	310
60	315
60	321
60	326
60	331
60	336
60	342
60	347
60	353
60	360
60	368
60	377
61	269
61	278
61	286
61	293
61	300
61	306
61	312
61	318
61	324
61	330
61	336
61	342
61	348
61	355
61	363
61	372
62	267
62	275
62	282
62	287
62	292
62	297
62	301
62	305
62	310
62	313
62	318
62	321
62	325
62	329
62	333
62	337
62	341
62	346
62	350
62	355
62	360
62	366
62	373
62	381
62	390
63	263
63	271
63	277
63	282
63	286
63	290
63	293
63	296
63	300
63	302
63	305
63	308
63	310
63	313
63	315
63	318
63	320
63	322
63	325
63	327
63	329
63	332
63	334
63	336
63	339
63	341
63	344
63	346
63	349
63	352
63	355
63	357
63	361
63	364
63	367
63	371
63	375
63	379
63	384
63	389
63	395
63	402
63	410
63	420
64	262
64	271
64	277
64	282
64	285
64	290
64	292
64	295
64	299
64	301
64	303
64	306
64	308
64	311
64	312
64	314
64	317
64	319
64	321
64	322
64	325
64	326
64	328
64	330
64	332
64	333
64	335
64	337
64	339
64	341
64	343
64	345
64	346
64	349
64	350
64	353
64	355
64	357
64	359
64	362
64	364
64	367
64	369
64	372
64	375
64	378
64	381
64	385
64	388
64	393
64	397
64	403
64	408
64	415
64	423
64	432
64	444
65	268
65	278
65	286
65	293
65	300
65	306
65	312
65	317
65	322
65	326
65	331
65	333
65	338
65	341
65	345
65	348
65	352
65	356
65	359
65	364
65	368
65	373
65	378
65	384
65	390
65	397
65	406
65	416
66	272
66	282
66	291
66	300
66	308
66	316
66	324
66	332
66	340
66	347
66	355
66	363
66	372
66	383
67	278
67	287
67	295
67	302
67	309
67	315
67	321
67	327
67	333
67	339
67	345
67	351
67	357
67	364
67	371
67	379
67	389
68	291
68	301
68	310
68	318
68	326
68	333
68	340
68	347
68	354
68	362
68	371
68	382
70	290
70	301
70	310
70	319
70	328
70	337
70	346
70	356
71	279
71	288
71	295
71	302
71	308
71	313
71	318
71	323
71	328
71	333
71	338
71	343
71	348
71	354
71	360
71	367
71	375
71	384
72	280
72	290
72	298
72	305
72	311
72	317
72	323
72	328
72	333
72	338
72	344
72	349
72	355
72	361
72	368
72	376
72	386
75	287
75	297
75	306
75	314
75	322
75	330
75	338
75	346
75	355
75	365
76	297
76	307
76	316
76	324
76	332
76	340
76	348
76	357
76	368
-1	-1
