-1	-1
0	330
0	341
0	351
0	360
0	369
0	378
0	388
0	399
1	357
1	369
6	342
6	353
6	364
6	374
6	385
6	397
7	337
7	348
7	358
7	367
7	376
7	385
7	395
7	406
8	321
8	331
8	340
8	348
8	356
8	363
8	370
8	377
8	384
8	392
8	400
8	409
8	419
9	320
9	330
9	339
9	347
9	354
9	361
9	368
9	374
9	381
9	387
9	394
9	401
9	409
9	418
9	428
10	316
10	325
10	333
10	340
10	346
10	352
10	357
10	362
10	367
10	372
10	377
10	382
10	387
10	392
10	397
10	403
10	409
10	416
10	423
10	431
10	440
10	451
11	312
11	321
11	329
11	335
11	341
11	346
11	351
11	355
11	360
11	364
11	369
11	373
11	377
11	381
11	385
11	389
11	394
11	398
11	403
11	408
11	414
11	420
11	426
11	433
11	441
11	450
11	460
12	169
12	180
12	190
12	200
12	211
12	310
12	319
12	326
12	332
12	336
12	341
12	345
12	349
12	353
12	356
12	360
12	363
12	367
12	370
12	374
12	377
12	381
12	384
12	388
12	391
12	395
12	399
12	403
12	407
12	412
12	417
12	422
12	428
12	434
12	441
12	449
12	458
12	468
13	161
13	171
13	179
13	186
13	193
13	200
13	207
13	215
13	223
13	232
13	243
13	306
13	314
13	321
13	327
13	332
13	336
13	341
13	344
13	348
13	351
13	355
13	358
13	361
13	364
13	368
13	370
13	374
13	377
13	380
13	384
13	387
13	390
13	394
13	397
13	401
13	405
13	409
13	414
13	418
13	424
13	429
13	435
13	442
13	449
13	457
13	467
14	166
14	175
14	183
14	190
14	197
14	204
14	211
14	218
14	226
14	235
14	245
14	302
14	311
14	319
14	325
14	331
14	336
14	341
14	345
14	350
14	354
14	358
14	362
14	366
14	370
14	374
14	378
14	382
14	386
14	390
14	395
14	399
14	404
14	409
14	414
14	420
14	426
14	433
14	441
14	450
14	460
15	168
15	178
15	186
15	193
15	200
15	206
15	213
15	220
15	227
15	235
15	244
15	255
15	307
15	316
15	323
15	330
15	336
15	342
15	347
15	352
15	357
15	362
15	367
15	372
15	377
15	382
15	387
15	392
15	397
15	402
15	408
15	414
15	421
15	428
15	436
15	446
16	162
16	172
16	180
16	187
16	193
16	199
16	205
16	211
16	217
16	223
16	229
16	236
16	244
16	253
16	265
16	306
16	315
16	323
16	330
16	336
16	342
16	347
16	352
16	357
16	362
16	367
16	372
16	377
16	382
16	387
16	392
16	397
16	402
16	407
16	413
16	419
16	426
16	434
16	443
16	454
17	160
17	169
17	177
17	183
17	189
17	194
17	200
17	205
17	210
17	215
17	221
17	227
17	233
17	240
17	248
17	257
17	303
17	313
17	321
17	329
17	335
17	341
17	347
17	352
17	358
17	363
17	368
17	373
17	378
17	383
17	388
17	394
17	399
17	405
17	411
17	417
17	424
17	432
17	441
17	453
18	162
18	172
18	180
18	187
18	193
18	199
18	205
18	211
18	217
18	223
18	230
18	238
18	247
18	258
18	316
18	326
18	335
18	344
18	352
18	360
18	368
18	375
18	383
18	391
18	399
18	407
18	416
18	425
18	436
19	177
19	187
19	195
19	202
19	209
19	216
19	224
19	232
19	241
19	254
19	332
19	344
19	355
19	366
19	377
19	388
19	399
19	411
20	191
20	202
20	212
20	222
20	233
20	337
20	349
20	360
20	372
21	341
21	352
21	363
21	375
22	342
22	354
22	366
24	352
24	364
24	376
24	389
25	202
25	215
25	338
25	349
25	359
25	369
25	379
25	389
25	399
25	410
26	182
26	193
26	203
26	213
26	223
26	234
26	321
26	332
26	342
26	351
26	359
26	366
26	373
26	380
26	388
26	396
26	404
26	413
26	423
26	435
27	170
27	180
27	189
27	197
27	204
27	212
27	220
27	228
27	237
27	248
27	318
27	329
27	338
27	346
27	353
27	360
27	367
27	373
27	379
27	386
27	393
27	400
27	408
27	417
27	427
28	161
28	170
28	178
28	184
28	190
28	196
28	201
28	206
28	212
28	217
28	223
28	229
28	236
28	243
28	251
28	261
28	321
28	332
28	342
28	351
28	360
28	368
28	375
28	382
28	389
28	397
28	405
28	414
28	424
28	436
29	158
29	166
29	172
29	178
29	183
29	187
29	192
29	195
29	200
29	203
29	207
29	211
29	214
29	218
29	222
29	226
29	230
29	235
29	239
29	245
29	250
29	256
29	263
29	271
29	281
29	293
29	307
29	319
29	329
29	338
29	347
29	355
29	363
29	370
29	377
29	384
29	391
29	398
29	405
29	413
29	422
29	432
30	158
30	166
30	172
30	178
30	183
30	187
30	192
30	195
30	200
30	203
30	207
30	211
30	214
30	218
30	222
30	226
30	230
30	235
30	239
30	244
30	249
30	255
30	262
30	270
30	279
30	290
30	303
30	315
30	326
30	335
30	343
30	351
30	359
30	366
30	373
30	379
30	385
30	392
30	399
30	406
30	414
30	423
30	433
31	162
31	172
31	180
31	187
31	193
31	199
31	205
31	211
31	216
31	222
31	227
31	233
31	239
31	246
31	254
31	263
31	274
31	321
31	332
31	342
31	351
31	359
31	367
31	375
31	383
31	391
31	399
31	408
31	418
31	429
32	178
32	188
32	197
32	205
32	212
32	219
32	226
32	233
32	241
32	250
32	260
32	327
32	339
32	350
32	361
32	371
32	382
32	393
33	180
33	191
33	200
33	209
33	217
33	225
33	233
33	241
33	250
33	261
34	182
34	193
34	203
34	212
34	221
34	229
34	238
34	247
34	258
35	172
35	182
35	191
35	199
35	207
35	215
35	222
35	229
35	237
35	245
35	254
35	265
36	163
36	172
36	180
36	186
36	192
36	198
36	203
36	208
36	213
36	218
36	223
36	228
36	233
36	238
36	244
36	250
36	257
36	265
36	274
36	285
36	297
36	311
36	324
36	336
36	347
36	358
36	369
36	381
37	158
37	166
37	172
37	177
37	182
37	186
37	190
37	193
37	197
37	201
37	203
37	207
37	210
37	213
37	216
37	219
37	222
37	225
37	228
37	231
37	235
37	238
37	242
37	246
37	249
37	254
37	258
37	263
37	268
37	274
37	281
37	288
37	296
37	304
37	312
37	321
37	329
37	337
37	345
37	353
37	361
37	369
37	377
37	386
37	395
37	405
37	416
38	153
38	161
38	167
38	172
38	176
38	181
38	183
38	187
38	191
38	193
38	196
38	199
38	202
38	204
38	207
38	209
38	212
38	214
38	216
38	219
38	221
38	223
38	226
38	228
38	230
38	233
38	235
38	237
38	240
38	243
38	245
38	248
38	251
38	254
38	257
38	260
38	264
38	268
38	272
38	277
38	282
38	287
38	293
38	299
38	305
38	312
38	319
38	326
38	333
38	339
38	345
38	351
38	357
38	364
38	370
38	377
38	384
38	391
38	398
38	406
38	415
38	425
39	157
39	164
39	171
39	175
39	181
39	184
39	189
39	192
39	195
39	199
39	202
39	204
39	208
39	210
39	213
39	215
39	218
39	221
39	223
39	226
39	228
39	231
39	234
39	236
39	239
39	242
39	245
39	248
39	251
39	255
39	258
39	263
39	267
39	272
39	277
39	283
39	289
39	296
39	303
39	310
39	317
39	324
39	331
39	337
39	343
39	349
39	355
39	361
39	367
39	373
39	379
39	385
39	391
39	397
39	404
39	411
39	419
39	428
39	439
40	164
40	173
40	180
40	185
40	191
40	195
40	200
40	204
40	208
40	212
40	216
40	220
40	224
40	228
40	232
40	236
40	240
40	245
40	250
40	256
40	262
40	269
40	277
40	286
40	295
40	304
40	312
40	320
40	328
40	335
40	342
40	349
40	355
40	361
40	367
40	373
40	379
40	385
40	391
40	398
40	405
40	412
40	420
40	429
40	440
41	171
41	180
41	188
41	194
41	200
41	205
41	211
41	215
41	220
41	225
41	230
41	235
41	241
41	247
41	254
41	262
41	271
41	282
41	292
41	301
41	310
41	318
41	326
41	333
41	340
41	347
41	354
41	361
41	368
41	375
41	382
41	390
41	398
41	406
41	415
41	425
41	437
42	173
42	183
42	191
42	198
42	204
42	210
42	216
42	222
42	228
42	234
42	240
42	247
42	255
42	264
42	275
42	289
42	300
42	310
42	319
42	328
42	336
42	344
42	352
42	360
42	368
42	376
42	384
42	393
42	402
42	411
42	421
42	433
43	180
43	190
43	198
43	205
43	212
43	219
43	226
43	233
43	241
43	250
43	260
43	300
43	311
43	320
43	329
43	338
43	346
43	354
43	362
43	370
43	377
43	385
43	393
43	401
43	410
43	419
43	430
44	180
44	190
44	198
44	206
44	213
44	220
44	227
44	235
44	243
44	253
44	306
44	316
44	325
44	333
44	341
44	349
44	356
44	363
44	370
44	376
44	383
44	390
44	397
44	405
44	413
44	422
44	433
45	181
45	191
45	200
45	208
45	216
45	224
45	233
45	243
45	255
45	313
45	324
45	334
45	343
45	352
45	360
45	368
45	375
45	382
45	390
45	398
45	406
45	415
45	425
46	186
46	196
46	205
46	213
46	221
46	229
46	238
46	248
46	336
46	349
46	361
46	373
46	386
47	187
47	197
47	206
47	214
47	222
47	230
47	239
47	249
48	190
48	200
48	209
48	218
48	227
48	237
49	193
49	204
49	214
49	224
49	234
50	196
50	207
50	217
50	228
51	206
51	218
55	201
55	212
55	223
55	234
56	187
56	197
56	205
56	213
56	221
56	229
56	238
56	248
57	187
57	196
57	204
57	211
57	218
57	224
57	231
57	238
57	246
57	255
57	266
58	188
58	198
58	206
58	213
58	220
58	227
58	234
58	241
58	249
58	258
59	190
59	200
59	209
59	217
59	225
59	233
59	242
59	253
60	196
60	206
60	214
60	222
60	230
60	238
60	247
60	258
61	189
61	199
61	207
61	214
61	221
61	228
61	235
61	242
61	250
61	259
62	179
62	188
62	195
62	202
62	207
62	213
62	218
62	223
62	228
62	234
62	239
62	245
62	252
62	260
62	269
63	172
63	181
63	187
63	192
63	196
63	201
63	204
63	208
63	212
63	215
63	219
63	222
63	226
63	229
63	233
63	237
63	241
63	245
63	249
63	254
63	259
63	265
63	272
63	280
63	289
64	172
64	181
64	187
64	192
64	195
64	200
64	203
64	207
64	210
64	213
64	216
64	219
64	222
64	225
64	228
64	231
64	234
64	237
64	241
64	244
64	248
64	252
64	256
64	261
64	266
64	272
64	278
64	286
64	295
64	305
65	182
65	191
65	198
65	203
65	208
65	213
65	217
65	222
65	226
65	230
65	235
65	239
65	244
65	249
65	255
65	261
65	268
65	276
65	286
66	187
66	197
66	204
66	211
66	217
66	223
66	229
66	235
66	241
66	248
66	256
66	265
66	276
67	179
67	188
67	195
67	202
67	208
67	214
67	219
67	225
67	230
67	236
67	242
67	249
67	256
67	265
67	275
68	180
68	189
68	196
68	203
68	209
68	215
68	221
68	227
68	234
68	241
68	249
68	258
69	198
69	209
69	219
69	229
69	240
70	217
70	231
71	191
71	201
71	211
71	221
71	231
71	243
72	191
72	201
72	210
72	218
72	226
72	235
72	245
73	221
73	234
-1	-1
