-1	-1
0	153
0	163
0	172
0	180
0	189
0	198
0	208
1	163
1	174
1	185
7	190
7	202
7	213
7	224
7	235
7	247
8	171
8	182
8	193
8	203
8	213
8	223
8	232
8	241
8	250
8	259
8	268
8	278
8	288
8	298
8	308
8	318
8	328
8	338
8	348
8	358
8	369
9	157
9	167
9	176
9	185
9	194
9	203
9	212
9	221
9	230
9	239
9	248
9	257
9	265
9	274
9	283
9	292
9	301
9	310
9	318
9	326
9	334
9	342
9	350
9	358
9	366
9	375
9	385
9	396
10	167
10	178
10	188
10	196
10	203
10	210
10	216
10	222
10	228
10	234
10	240
10	246
10	252
10	258
10	264
10	270
10	276
10	282
10	289
10	296
10	303
10	310
10	316
10	323
10	329
10	335
10	341
10	347
10	353
10	359
10	366
10	373
10	381
10	390
10	400
11	152
11	162
11	171
11	179
11	186
11	193
11	200
11	206
11	212
11	218
11	223
11	229
11	234
11	239
11	244
11	249
11	254
11	259
11	264
11	269
11	274
11	279
11	285
11	290
11	296
11	301
11	307
11	312
11	318
11	323
11	329
11	334
11	340
11	346
11	352
11	358
11	364
11	371
11	378
11	386
11	395
11	405
12	152
12	162
12	170
12	178
12	185
12	191
12	197
12	202
12	208
12	213
12	218
12	223
12	227
12	232
12	236
12	241
12	245
12	250
12	254
12	259
12	263
12	268
12	273
12	277
12	282
12	287
12	292
12	297
12	302
12	307
12	312
12	317
12	322
12	327
12	332
12	337
12	342
12	347
12	353
12	358
12	364
12	370
12	377
12	385
12	394
12	404
12	416
13	151
13	160
13	168
13	175
13	182
13	188
13	194
13	200
13	205
13	210
13	215
13	220
13	224
13	229
13	233
13	237
13	241
13	245
13	249
13	253
13	257
13	262
13	266
13	271
13	275
13	280
13	285
13	290
13	295
13	300
13	305
13	310
13	315
13	320
13	325
13	330
13	335
13	341
13	346
13	352
13	358
13	365
13	372
13	380
13	389
13	399
14	152
14	162
14	171
14	179
14	187
14	194
14	201
14	207
14	213
14	219
14	224
14	230
14	235
14	240
14	245
14	250
14	255
14	260
14	266
14	271
14	277
14	283
14	289
14	295
14	301
14	307
14	313
14	319
14	326
14	333
14	340
14	347
14	355
14	363
14	372
14	383
15	157
15	167
15	176
15	184
15	192
15	199
15	206
15	212
15	218
15	224
15	230
15	236
15	242
15	248
15	254
15	260
15	266
15	273
15	280
15	287
15	295
15	303
15	311
15	319
15	327
15	336
15	345
15	355
15	366
16	159
16	170
16	180
16	188
16	195
16	202
16	209
16	215
16	221
16	227
16	233
16	239
16	245
16	251
16	258
16	265
16	272
16	279
16	287
16	295
16	303
16	312
16	321
16	330
16	340
16	350
16	361
17	159
17	170
17	180
17	189
17	198
17	206
17	214
17	221
17	228
17	235
17	242
17	249
17	257
17	265
17	273
17	281
17	289
17	297
17	305
17	314
17	323
17	332
17	341
17	350
17	360
17	370
17	382
18	157
18	167
18	176
18	185
18	193
18	201
18	208
18	215
18	222
18	229
18	237
18	245
18	253
18	261
18	269
18	277
18	285
18	293
18	301
18	309
18	317
18	325
18	332
18	339
18	346
18	353
18	361
18	369
18	377
18	386
18	396
18	406
18	417
18	428
18	440
19	157
19	166
19	174
19	182
19	189
19	196
19	203
19	210
19	217
19	224
19	231
19	238
19	245
19	252
19	259
19	266
19	273
19	280
19	287
19	293
19	299
19	305
19	311
19	317
19	323
19	328
19	334
19	339
19	344
19	349
19	354
19	359
19	365
19	370
19	376
19	382
19	388
19	395
19	402
19	409
19	417
19	425
19	433
19	442
19	451
19	461
19	471
19	483
20	151
20	160
20	167
20	174
20	180
20	186
20	192
20	197
20	203
20	208
20	214
20	220
20	226
20	232
20	238
20	244
20	250
20	256
20	262
20	268
20	274
20	280
20	286
20	291
20	296
20	301
20	306
20	311
20	316
20	321
20	325
20	330
20	334
20	339
20	343
20	347
20	351
20	355
20	359
20	364
20	368
20	373
20	377
20	382
20	387
20	392
20	398
20	404
20	410
20	416
20	423
20	430
20	437
20	445
20	454
20	463
20	474
21	151
21	160
21	167
21	173
21	179
21	184
21	190
21	195
21	200
21	205
21	210
21	215
21	220
21	225
21	230
21	235
21	240
21	245
21	250
21	255
21	260
21	264
21	269
21	273
21	278
21	282
21	287
21	291
21	295
21	299
21	303
21	307
21	311
21	315
21	319
21	323
21	327
21	331
21	335
21	339
21	343
21	347
21	351
21	355
21	359
21	363
21	367
21	371
21	375
21	379
21	384
21	388
21	393
21	398
21	403
21	409
21	415
21	421
21	428
21	436
21	445
21	455
21	467
22	150
22	159
22	166
22	172
22	178
22	183
22	188
22	193
22	198
22	203
22	207
22	212
22	216
22	221
22	225
22	230
22	234
22	238
22	242
22	246
22	250
22	254
22	258
22	262
22	265
22	269
22	272
22	276
22	279
22	283
22	286
22	290
22	293
22	297
22	300
22	304
22	307
22	311
22	315
22	318
22	322
22	326
22	330
22	334
22	338
22	342
22	346
22	350
22	354
22	358
22	362
22	366
22	370
22	374
22	378
22	383
22	387
22	392
22	397
22	403
22	409
22	416
22	423
22	431
22	440
22	450
23	150
23	159
23	166
23	173
23	179
23	184
23	190
23	194
23	199
23	203
23	207
23	211
23	215
23	219
23	223
23	226
23	230
23	233
23	237
23	240
23	244
23	247
23	251
23	254
23	257
23	261
23	264
23	267
23	271
23	273
23	277
23	280
23	283
23	286
23	290
23	293
23	296
23	300
23	303
23	307
23	310
23	314
23	318
23	321
23	325
23	329
23	332
23	336
23	340
23	343
23	347
23	351
23	354
23	358
23	362
23	366
23	370
23	374
23	378
23	383
23	387
23	392
23	397
23	403
23	409
23	416
23	423
23	431
23	440
23	451
24	150
24	159
24	166
24	172
24	178
24	183
24	188
24	192
24	197
24	201
24	204
24	209
24	212
24	216
24	219
24	223
24	226
24	230
24	233
24	236
24	240
24	243
24	247
24	250
24	254
24	257
24	261
24	264
24	268
24	271
24	275
24	278
24	282
24	285
24	289
24	292
24	296
24	299
24	303
24	307
24	310
24	314
24	318
24	322
24	326
24	330
24	334
24	338
24	342
24	345
24	349
24	352
24	356
24	359
24	363
24	366
24	370
24	374
24	378
24	382
24	386
24	390
24	395
24	399
24	405
24	410
24	416
24	422
24	429
24	437
24	446
24	458
25	151
25	160
25	168
25	175
25	181
25	187
25	192
25	197
25	202
25	206
25	211
25	214
25	219
25	222
25	227
25	230
25	235
25	238
25	243
25	247
25	251
25	255
25	259
25	264
25	268
25	273
25	277
25	282
25	286
25	291
25	295
25	299
25	303
25	307
25	311
25	314
25	318
25	321
25	325
25	328
25	332
25	334
25	338
25	341
25	344
25	347
25	350
25	353
25	356
25	359
25	362
25	365
25	368
25	371
25	375
25	377
25	381
25	385
25	388
25	392
25	396
25	400
25	404
25	408
25	413
25	418
25	423
25	429
25	435
25	442
25	450
25	459
26	156
26	165
26	173
26	180
26	187
26	193
26	199
26	204
26	209
26	214
26	219
26	224
26	229
26	234
26	239
26	243
26	248
26	253
26	258
26	263
26	268
26	273
26	278
26	282
26	287
26	291
26	295
26	299
26	302
26	305
26	309
26	311
26	314
26	317
26	320
26	322
26	324
26	327
26	330
26	331
26	334
26	336
26	339
26	341
26	343
26	345
26	348
26	350
26	352
26	354
26	357
26	359
26	361
26	364
26	366
26	368
26	371
26	374
26	376
26	379
26	382
26	385
26	388
26	391
26	394
26	397
26	401
26	404
26	408
26	412
26	416
26	420
26	425
26	430
26	436
26	442
26	449
26	457
26	466
27	157
27	166
27	174
27	181
27	187
27	193
27	199
27	204
27	209
27	214
27	219
27	224
27	229
27	234
27	239
27	244
27	249
27	254
27	259
27	263
27	268
27	272
27	276
27	280
27	284
27	288
27	291
27	294
27	298
27	301
27	303
27	306
27	309
27	311
27	313
27	316
27	318
27	321
27	322
27	325
27	327
27	329
27	332
27	333
27	336
27	338
27	340
27	342
27	345
27	346
27	349
27	351
27	353
27	356
27	358
27	360
27	363
27	365
27	368
27	370
27	374
27	376
27	379
27	382
27	385
27	388
27	392
27	395
27	399
27	403
27	407
27	411
27	416
27	420
27	425
27	430
27	436
27	442
27	449
27	457
27	467
28	152
28	161
28	169
28	175
28	181
28	186
28	191
28	196
28	201
28	206
28	211
28	216
28	221
28	225
28	230
28	234
28	239
28	243
28	247
28	251
28	254
28	258
28	262
28	265
28	269
28	272
28	275
28	278
28	281
28	284
28	287
28	290
28	292
28	295
28	298
28	300
28	303
28	305
28	308
28	311
28	313
28	316
28	318
28	321
28	324
28	326
28	329
28	332
28	334
28	337
28	340
28	342
28	346
28	348
28	351
28	355
28	357
28	361
28	364
28	368
28	371
28	375
28	379
28	384
28	388
28	393
28	398
28	404
28	410
28	416
28	423
28	430
28	438
28	447
28	458
29	154
29	162
29	169
29	175
29	181
29	186
29	191
29	195
29	199
29	203
29	207
29	211
29	214
29	218
29	221
29	225
29	228
29	232
29	235
29	238
29	241
29	244
29	247
29	250
29	252
29	255
29	258
29	260
29	263
29	265
29	268
29	270
29	273
29	275
29	277
29	280
29	282
29	284
29	287
29	289
29	291
29	294
29	296
29	298
29	301
29	303
29	305
29	308
29	310
29	312
29	315
29	317
29	320
29	322
29	325
29	327
29	330
29	333
29	336
29	338
29	342
29	345
29	348
29	351
29	355
29	358
29	362
29	366
29	370
29	375
29	379
29	385
29	390
29	396
29	403
29	410
29	418
29	426
29	435
29	445
29	457
30	159
30	169
30	177
30	184
30	190
30	194
30	199
30	203
30	207
30	211
30	213
30	217
30	220
30	223
30	226
30	229
30	232
30	234
30	238
30	240
30	243
30	246
30	248
30	251
30	253
30	256
30	258
30	261
30	263
30	265
30	268
30	270
30	272
30	275
30	277
30	279
30	282
30	284
30	286
30	289
30	291
30	293
30	296
30	298
30	300
30	303
30	306
30	308
30	311
30	314
30	316
30	319
30	322
30	325
30	328
30	331
30	335
30	338
30	342
30	346
30	350
30	355
30	359
30	364
30	369
30	375
30	381
30	388
30	396
30	405
30	416
31	166
31	176
31	184
31	191
31	196
31	201
31	204
31	209
31	212
31	215
31	219
31	221
31	223
31	227
31	229
31	231
31	234
31	236
31	239
31	241
31	243
31	245
31	248
31	250
31	252
31	254
31	256
31	259
31	260
31	263
31	265
31	267
31	269
31	272
31	274
31	276
31	278
31	281
31	283
31	285
31	288
31	290
31	293
31	295
31	298
31	300
31	304
31	306
31	309
31	312
31	315
31	318
31	321
31	325
31	328
31	332
31	336
31	340
31	345
31	349
31	355
31	360
31	366
31	373
31	381
31	390
31	403
32	170
32	180
32	188
32	194
32	200
32	204
32	209
32	213
32	217
32	221
32	224
32	228
32	231
32	234
32	237
32	240
32	243
32	246
32	249
32	252
32	255
32	258
32	261
32	263
32	267
32	269
32	272
32	275
32	278
32	281
32	284
32	287
32	290
32	294
32	297
32	300
32	304
32	307
32	311
32	315
32	319
32	323
32	328
32	332
32	337
32	342
32	348
32	354
32	361
32	369
32	378
32	389
33	171
33	181
33	190
33	197
33	203
33	208
33	213
33	217
33	222
33	225
33	230
33	233
33	237
33	241
33	244
33	248
33	251
33	255
33	258
33	262
33	266
33	269
33	274
33	277
33	281
33	285
33	289
33	293
33	297
33	302
33	306
33	311
33	316
33	321
33	326
33	332
33	338
33	345
33	352
33	360
33	369
34	172
34	182
34	191
34	198
34	204
34	210
34	215
34	220
34	224
34	229
34	233
34	237
34	241
34	245
34	249
34	253
34	257
34	261
34	265
34	269
34	274
34	278
34	283
34	287
34	292
34	297
34	302
34	308
34	314
34	320
34	327
34	334
34	342
34	351
34	362
35	171
35	182
35	191
35	199
35	206
35	213
35	220
35	226
35	232
35	238
35	244
35	250
35	256
35	262
35	268
35	275
35	281
35	288
35	295
35	302
35	309
35	316
35	324
35	332
35	341
35	351
36	188
36	199
36	208
36	216
36	223
36	230
36	237
36	243
36	249
36	255
36	261
36	267
36	274
36	281
36	288
36	295
36	302
36	310
36	318
36	327
36	337
36	349
37	188
37	199
37	209
37	218
37	226
37	234
37	242
37	250
37	258
37	266
37	274
37	282
37	290
37	298
37	306
37	314
37	323
37	333
37	344
38	192
38	203
38	212
38	221
38	229
38	237
38	244
38	251
38	258
38	265
38	273
38	281
38	289
38	297
38	305
38	314
38	323
38	333
39	198
39	209
39	218
39	227
39	235
39	243
39	250
39	257
39	264
39	271
39	278
39	285
39	293
39	301
39	310
39	320
39	331
40	199
40	210
40	220
40	229
40	238
40	247
40	256
40	265
40	274
40	283
40	292
40	301
40	311
40	322
41	203
41	214
41	223
41	232
41	240
41	248
41	256
41	264
41	272
41	280
41	289
41	298
41	308
41	319
42	208
42	219
42	229
42	238
42	247
42	255
42	263
42	271
42	279
42	288
42	297
42	307
42	317
42	328
43	222
43	235
43	248
43	261
43	274
43	287
43	301
44	216
44	227
44	237
44	247
44	257
44	267
44	277
44	288
45	218
45	229
45	240
45	250
45	260
45	270
45	280
45	290
45	301
45	314
56	241
56	253
56	264
56	275
56	287
57	219
57	229
57	238
57	246
57	254
57	262
57	270
57	278
57	286
57	295
57	304
57	314
57	325
58	210
58	220
58	228
58	234
58	240
58	245
58	250
58	255
58	260
58	265
58	270
58	275
58	280
58	285
58	290
58	296
58	301
58	307
58	314
58	321
58	329
58	338
58	349
59	208
59	216
59	222
59	228
59	232
59	236
59	240
59	243
59	247
59	250
59	253
59	256
59	259
59	262
59	264
59	267
59	270
59	273
59	275
59	278
59	281
59	284
59	287
59	290
59	293
59	296
59	299
59	303
59	306
59	310
59	314
59	318
59	322
59	327
59	332
59	337
59	343
59	349
59	356
59	364
59	373
59	383
60	207
60	216
60	222
60	228
60	232
60	236
60	240
60	242
60	246
60	249
60	252
60	254
60	257
60	260
60	262
60	264
60	267
60	269
60	271
60	274
60	276
60	278
60	281
60	283
60	285
60	287
60	290
60	292
60	294
60	297
60	299
60	302
60	304
60	307
60	309
60	313
60	315
60	318
60	321
60	325
60	328
60	332
60	336
60	340
60	345
60	349
60	355
60	360
60	366
60	373
60	381
60	390
61	199
61	209
61	218
61	227
61	235
61	242
61	249
61	256
61	262
61	268
61	273
61	279
61	284
61	289
61	294
61	299
61	304
61	309
61	314
61	319
61	325
61	330
61	336
61	342
61	349
61	356
61	364
61	372
61	381
61	394
62	191
62	200
62	207
62	213
62	219
62	225
62	231
62	237
62	243
62	249
62	255
62	261
62	268
62	275
62	282
62	289
62	296
62	304
62	312
62	320
62	328
62	336
62	344
62	352
62	360
62	368
62	376
62	385
62	395
63	189
63	197
63	202
63	207
63	212
63	215
63	220
63	223
63	227
63	231
63	234
63	238
63	241
63	245
63	248
63	252
63	255
63	259
63	262
63	266
63	269
63	273
63	276
63	280
63	284
63	288
63	292
63	296
63	300
63	304
63	308
63	312
63	316
63	320
63	324
63	328
63	332
63	337
63	341
63	345
63	349
63	353
63	357
63	361
63	365
63	369
63	374
63	378
63	383
63	388
63	394
63	400
63	407
63	415
63	424
64	189
64	198
64	203
64	208
64	212
64	215
64	219
64	222
64	224
64	228
64	230
64	233
64	235
64	238
64	241
64	243
64	245
64	248
64	250
64	252
64	255
64	257
64	259
64	262
64	264
64	266
64	269
64	271
64	273
64	275
64	278
64	280
64	282
64	284
64	287
64	289
64	291
64	294
64	296
64	298
64	301
64	303
64	305
64	308
64	310
64	312
64	315
64	317
64	319
64	322
64	324
64	326
64	329
64	331
64	333
64	336
64	338
64	340
64	343
64	345
64	347
64	350
64	352
64	354
64	357
64	359
64	361
64	364
64	366
64	368
64	371
64	374
64	376
64	379
64	382
64	385
64	388
64	391
64	395
64	398
64	402
64	406
64	411
64	416
64	422
64	428
64	436
64	446
65	191
65	200
65	207
65	212
65	217
65	221
65	224
65	228
65	231
65	234
65	238
65	240
65	243
65	246
65	249
65	251
65	254
65	257
65	259
65	262
65	264
65	267
65	269
65	272
65	273
65	276
65	278
65	281
65	282
65	285
65	287
65	289
65	291
65	293
65	295
65	297
65	299
65	301
65	303
65	305
65	307
65	309
65	311
65	312
65	314
65	316
65	318
65	320
65	321
65	323
65	325
65	327
65	328
65	330
65	332
65	333
65	335
65	337
65	338
65	340
65	342
65	343
65	345
65	347
65	348
65	350
65	352
65	354
65	355
65	357
65	359
65	361
65	363
65	365
65	366
65	369
65	370
65	373
65	375
65	377
65	379
65	382
65	385
65	387
65	390
65	393
65	396
65	399
65	403
65	407
65	411
65	416
65	421
65	427
65	434
65	443
66	207
66	219
66	230
66	241
66	252
66	262
66	271
66	279
66	285
66	291
66	296
66	301
66	304
66	309
66	312
66	315
66	319
66	322
66	325
66	328
66	331
66	334
66	337
66	340
66	343
66	346
66	349
66	352
66	355
66	358
66	362
66	365
66	369
66	373
66	377
66	382
66	387
66	393
66	399
66	407
66	416
67	202
67	213
67	224
67	235
67	246
67	257
67	269
67	283
68	198
68	207
68	215
68	222
68	229
68	236
68	243
68	249
68	256
68	262
68	269
68	276
68	283
68	290
68	297
68	305
68	313
68	321
68	329
68	337
68	345
68	353
68	361
68	369
68	377
68	386
68	396
69	193
69	202
69	209
69	215
69	221
69	225
69	230
69	234
69	239
69	243
69	247
69	251
69	255
69	259
69	263
69	267
69	271
69	275
69	279
69	283
69	287
69	291
69	295
69	299
69	304
69	308
69	313
69	317
69	322
69	326
69	331
69	335
69	340
69	344
69	349
69	353
69	358
69	362
69	367
69	371
69	376
69	381
69	386
69	392
69	398
69	405
69	413
69	423
70	201
70	211
70	220
70	228
70	235
70	242
70	248
70	254
70	260
70	265
70	271
70	276
70	281
70	286
70	291
70	296
70	301
70	305
70	310
70	314
70	319
70	323
70	327
70	331
70	335
70	339
70	343
70	347
70	351
70	355
70	359
70	363
70	367
70	372
70	377
70	382
70	388
70	394
70	401
70	409
70	418
71	327
71	339
71	350
71	362
73	201
73	211
73	220
73	229
73	238
73	246
73	254
73	262
73	271
73	280
73	289
73	299
73	309
73	320
73	334
73	349
73	360
73	370
73	380
73	391
74	199
74	208
74	216
74	223
74	229
74	235
74	241
74	246
74	252
74	257
74	262
74	267
74	272
74	277
74	282
74	287
74	293
74	298
74	304
74	310
74	316
74	322
74	328
74	334
74	340
74	347
74	353
74	359
74	365
74	371
74	377
74	383
74	389
74	395
74	402
74	410
74	419
74	430
75	208
75	218
75	226
75	233
75	240
75	246
75	252
75	258
75	264
75	270
75	275
75	281
75	286
75	292
75	297
75	303
75	308
75	314
75	319
75	325
75	331
75	337
75	343
75	349
75	355
75	361
75	367
75	373
75	379
75	385
75	391
75	398
75	406
75	415
75	425
-1	-1
