-1	-1
0	151
0	160
0	167
0	173
0	179
0	185
0	191
0	197
0	203
0	210
0	217
0	225
0	234
0	244
0	255
1	170
1	181
1	192
1	203
2	182
5	171
5	183
5	195
5	208
6	181
6	194
6	206
6	218
6	230
6	242
6	254
6	266
6	278
6	290
6	303
7	172
7	183
7	194
7	204
7	214
7	223
7	232
7	241
7	250
7	259
7	267
7	275
7	283
7	291
7	299
7	307
7	315
7	323
7	331
7	339
7	348
7	357
7	366
7	376
7	386
7	397
8	161
8	171
8	181
8	190
8	199
8	207
8	215
8	222
8	229
8	236
8	243
8	249
8	255
8	261
8	267
8	273
8	279
8	284
8	290
8	295
8	301
8	307
8	313
8	319
8	325
8	331
8	337
8	344
8	351
8	358
8	365
8	373
8	381
8	389
8	398
8	408
8	419
9	158
9	168
9	177
9	186
9	194
9	202
9	209
9	216
9	222
9	228
9	233
9	239
9	244
9	249
9	254
9	259
9	263
9	268
9	272
9	277
9	281
9	286
9	290
9	295
9	299
9	304
9	308
9	313
9	318
9	323
9	328
9	333
9	338
9	344
9	350
9	356
9	362
9	369
9	376
9	384
9	392
9	401
9	412
10	157
10	167
10	176
10	185
10	193
10	201
10	208
10	214
10	220
10	225
10	231
10	235
10	240
10	245
10	249
10	254
10	258
10	263
10	267
10	271
10	275
10	279
10	283
10	287
10	291
10	295
10	299
10	304
10	308
10	313
10	317
10	322
10	326
10	331
10	336
10	341
10	347
10	353
10	359
10	366
10	374
10	382
10	391
10	402
11	152
11	162
11	171
11	179
11	187
11	195
11	202
11	209
11	216
11	222
11	228
11	233
11	238
11	243
11	248
11	252
11	257
11	261
11	266
11	270
11	274
11	278
11	283
11	287
11	292
11	296
11	301
11	306
11	311
11	316
11	321
11	327
11	333
11	339
11	346
11	353
11	361
11	369
11	378
11	388
12	157
12	167
12	176
12	184
12	192
12	200
12	208
12	216
12	224
12	231
12	238
12	245
12	251
12	257
12	263
12	269
12	275
12	281
12	287
12	294
12	301
12	308
12	316
12	324
12	333
12	342
12	352
12	362
12	373
12	384
12	397
13	159
13	169
13	178
13	186
13	194
13	202
13	210
13	219
13	228
13	238
13	248
13	258
13	269
13	280
13	292
13	305
13	318
13	330
13	341
13	351
13	361
13	370
13	379
13	388
13	397
13	406
13	415
13	425
13	435
13	446
13	457
13	468
14	158
14	168
14	176
14	184
14	191
14	198
14	205
14	213
14	221
14	229
14	238
14	248
14	259
14	271
14	284
14	296
14	307
14	317
14	327
14	336
14	344
14	352
14	359
14	366
14	373
14	379
14	386
14	392
14	399
14	406
14	413
14	420
14	427
14	435
14	443
14	451
14	459
14	467
14	476
14	485
14	495
14	506
15	157
15	166
15	173
15	180
15	186
15	192
15	198
15	204
15	210
15	216
15	222
15	229
15	236
15	243
15	251
15	259
15	267
15	276
15	284
15	292
15	300
15	308
15	315
15	322
15	329
15	335
15	341
15	347
15	353
15	358
15	363
15	368
15	373
15	378
15	383
15	388
15	393
15	398
15	403
15	408
15	413
15	418
15	424
15	429
15	435
15	441
15	447
15	454
15	461
15	468
15	475
15	482
15	490
15	498
15	507
15	517
16	151
16	160
16	167
16	173
16	179
16	184
16	189
16	194
16	199
16	204
16	209
16	214
16	219
16	224
16	229
16	234
16	239
16	245
16	251
16	257
16	263
16	269
16	275
16	281
16	287
16	293
16	299
16	304
16	310
16	315
16	320
16	324
16	329
16	333
16	338
16	342
16	346
16	350
16	354
16	358
16	362
16	366
16	370
16	374
16	378
16	382
16	386
16	390
16	395
16	399
16	404
16	408
16	413
16	418
16	423
16	428
16	434
16	439
16	445
16	451
16	457
16	463
16	469
16	476
16	483
16	490
16	497
16	505
16	513
16	522
16	533
17	148
17	157
17	163
17	169
17	174
17	179
17	183
17	188
17	192
17	197
17	201
17	205
17	210
17	214
17	219
17	223
17	228
17	232
17	237
17	242
17	247
17	252
17	257
17	262
17	267
17	272
17	277
17	282
17	287
17	292
17	297
17	302
17	306
17	311
17	315
17	320
17	324
17	329
17	333
17	337
17	341
17	345
17	349
17	353
17	357
17	361
17	365
17	369
17	373
17	377
17	381
17	386
17	390
17	395
17	399
17	405
17	410
17	416
17	422
17	428
17	434
17	440
17	447
17	453
17	460
17	466
17	473
17	480
17	487
17	494
17	502
17	510
17	519
17	529
18	147
18	155
18	161
18	166
18	171
18	175
18	180
18	184
18	189
18	193
18	197
18	201
18	205
18	209
18	214
18	218
18	223
18	227
18	232
18	236
18	241
18	246
18	251
18	256
18	261
18	266
18	271
18	277
18	282
18	287
18	293
18	298
18	304
18	309
18	315
18	321
18	327
18	333
18	339
18	345
18	351
18	357
18	363
18	369
18	375
18	381
18	387
18	393
18	399
18	406
18	413
18	420
18	427
18	434
18	441
18	448
18	455
18	462
18	469
18	476
18	484
18	492
18	500
18	509
18	519
18	531
19	146
19	154
19	161
19	167
19	173
19	178
19	183
19	188
19	193
19	198
19	203
19	208
19	214
19	219
19	225
19	230
19	236
19	242
19	248
19	254
19	260
19	266
19	273
19	279
19	286
19	293
19	300
19	307
19	314
19	321
19	328
19	336
19	344
19	351
19	358
19	365
19	372
19	379
19	385
19	391
19	397
19	404
19	411
19	418
19	425
19	432
19	439
19	446
19	453
19	460
19	467
19	474
19	481
19	488
19	495
19	503
19	511
19	520
19	530
20	143
20	151
20	158
20	163
20	168
20	173
20	178
20	183
20	187
20	192
20	197
20	202
20	207
20	212
20	217
20	222
20	228
20	233
20	239
20	245
20	251
20	257
20	264
20	271
20	278
20	285
20	292
20	299
20	307
20	315
20	323
20	331
20	339
20	347
20	354
20	361
20	368
20	374
20	380
20	386
20	392
20	398
20	404
20	410
20	416
20	422
20	428
20	434
20	440
20	446
20	452
20	458
20	464
20	470
20	476
20	482
20	488
20	494
20	501
20	508
20	515
20	523
20	532
20	543
21	148
21	156
21	162
21	168
21	173
21	178
21	182
21	187
21	191
21	196
21	200
21	205
21	209
21	214
21	219
21	224
21	229
21	235
21	240
21	246
21	252
21	258
21	265
21	272
21	279
21	286
21	293
21	301
21	309
21	317
21	325
21	333
21	340
21	347
21	354
21	361
21	367
21	373
21	379
21	385
21	391
21	397
21	403
21	409
21	415
21	421
21	428
21	435
21	442
21	449
21	456
21	463
21	470
21	477
21	484
21	491
21	497
21	504
21	511
21	519
21	528
21	538
22	150
22	159
22	165
22	171
22	176
22	181
22	185
22	190
22	194
22	199
22	203
22	208
22	212
22	217
22	221
22	226
22	231
22	236
22	241
22	246
22	252
22	257
22	263
22	269
22	275
22	282
22	289
22	296
22	303
22	310
22	317
22	324
22	331
22	337
22	343
22	349
22	355
22	361
22	367
22	373
22	378
22	384
22	390
22	396
22	402
22	408
22	415
22	422
22	429
22	437
22	445
22	453
22	461
22	469
22	477
22	485
22	494
22	503
22	513
22	525
23	150
23	159
23	166
23	172
23	177
23	182
23	186
23	191
23	195
23	199
23	203
23	207
23	211
23	215
23	219
23	223
23	227
23	231
23	235
23	239
23	244
23	248
23	253
23	258
23	263
23	268
23	273
23	278
23	284
23	289
23	295
23	300
23	306
23	312
23	318
23	324
23	330
23	336
23	342
23	348
23	354
23	360
23	366
23	372
23	378
23	384
23	390
23	396
23	403
23	410
23	417
23	425
23	433
23	441
23	449
23	457
23	465
23	474
23	483
23	493
23	504
24	157
24	166
24	173
24	180
24	185
24	190
24	194
24	199
24	203
24	207
24	211
24	215
24	219
24	223
24	227
24	231
24	235
24	239
24	244
24	248
24	253
24	258
24	263
24	268
24	273
24	278
24	283
24	288
24	293
24	298
24	303
24	308
24	313
24	318
24	324
24	329
24	335
24	341
24	347
24	353
24	359
24	366
24	373
24	380
24	387
24	394
24	402
24	410
24	418
24	426
24	434
24	442
24	450
24	458
24	466
24	475
24	485
24	496
25	159
25	169
25	176
25	182
25	188
25	193
25	197
25	202
25	206
25	210
25	214
25	218
25	223
25	227
25	232
25	236
25	241
25	246
25	251
25	256
25	261
25	266
25	271
25	277
25	282
25	288
25	293
25	299
25	304
25	310
25	316
25	322
25	328
25	334
25	340
25	347
25	354
25	361
25	368
25	375
25	382
25	389
25	396
25	404
25	412
25	419
25	426
25	433
25	440
25	446
25	453
25	460
25	467
25	474
25	482
25	490
25	499
25	511
26	158
26	168
26	175
26	181
26	186
26	191
26	195
26	200
26	204
26	208
26	212
26	216
26	220
26	224
26	228
26	232
26	237
26	241
26	246
26	251
26	256
26	261
26	266
26	272
26	277
26	283
26	289
26	295
26	301
26	308
26	315
26	322
26	329
26	336
26	343
26	350
26	357
26	364
26	371
26	378
26	384
26	391
26	397
26	404
26	411
26	417
26	423
26	429
26	435
26	441
26	446
26	452
26	457
26	463
26	468
26	474
26	480
26	487
26	494
26	502
26	512
27	159
27	168
27	175
27	181
27	186
27	191
27	195
27	200
27	204
27	208
27	212
27	216
27	220
27	224
27	228
27	232
27	237
27	241
27	246
27	251
27	256
27	261
27	267
27	273
27	279
27	286
27	293
27	300
27	307
27	315
27	323
27	331
27	339
27	347
27	354
27	361
27	367
27	373
27	379
27	385
27	391
27	397
27	403
27	409
27	415
27	421
27	427
27	433
27	439
27	445
27	451
27	457
27	463
27	469
27	475
27	481
27	488
27	496
27	505
27	515
28	157
28	166
28	173
28	180
28	186
28	192
28	197
28	202
28	207
28	212
28	217
28	222
28	227
28	232
28	237
28	243
28	248
28	254
28	260
28	267
28	274
28	281
28	288
28	296
28	304
28	312
28	320
28	328
28	335
28	342
28	349
28	355
28	361
28	367
28	373
28	379
28	385
28	391
28	397
28	403
28	409
28	416
28	423
28	430
28	437
28	444
28	451
28	458
28	465
28	472
28	479
28	486
28	494
28	503
28	513
29	158
29	168
29	176
29	183
29	190
29	196
29	202
29	208
29	214
29	220
29	226
29	232
29	238
29	245
29	252
29	259
29	266
29	274
29	282
29	290
29	298
29	306
29	313
29	320
29	326
29	332
29	337
29	342
29	347
29	352
29	356
29	361
29	365
29	370
29	374
29	379
29	383
29	388
29	393
29	398
29	404
29	410
29	416
29	423
29	430
29	438
29	447
29	456
29	465
29	474
29	483
29	492
29	502
29	515
30	157
30	166
30	174
30	181
30	188
30	194
30	200
30	206
30	211
30	217
30	222
30	228
30	234
30	240
30	246
30	252
30	258
30	265
30	272
30	279
30	286
30	293
30	300
30	306
30	312
30	318
30	323
30	328
30	332
30	336
30	340
30	343
30	347
30	350
30	353
30	356
30	360
30	363
30	366
30	370
30	373
30	377
30	380
30	385
30	388
30	393
30	397
30	402
30	407
30	413
30	419
30	426
30	434
30	443
30	454
30	466
30	478
30	490
30	504
31	152
31	162
31	170
31	177
31	184
31	190
31	196
31	202
31	207
31	212
31	217
31	222
31	227
31	232
31	237
31	242
31	247
31	252
31	257
31	263
31	268
31	274
31	279
31	285
31	290
31	295
31	300
31	304
31	309
31	313
31	317
31	321
31	325
31	329
31	332
31	335
31	339
31	341
31	344
31	347
31	350
31	353
31	356
31	359
31	362
31	365
31	368
31	371
31	375
31	377
31	381
31	385
31	388
31	393
31	397
31	402
31	407
31	413
31	419
31	426
31	435
31	445
32	157
32	166
32	174
32	181
32	188
32	194
32	200
32	206
32	211
32	216
32	221
32	226
32	231
32	236
32	241
32	246
32	251
32	256
32	261
32	266
32	271
32	275
32	280
32	284
32	289
32	292
32	297
32	300
32	304
32	307
32	311
32	313
32	317
32	320
32	322
32	326
32	328
32	331
32	334
32	337
32	340
32	343
32	346
32	349
32	353
32	356
32	360
32	364
32	368
32	372
32	377
32	381
32	387
32	392
32	398
32	405
32	413
32	423
33	158
33	167
33	174
33	181
33	187
33	193
33	198
33	203
33	208
33	212
33	217
33	221
33	226
33	230
33	234
33	238
33	242
33	246
33	250
33	254
33	258
33	262
33	265
33	269
33	272
33	276
33	279
33	282
33	285
33	288
33	291
33	294
33	297
33	300
33	303
33	306
33	309
33	312
33	315
33	318
33	321
33	324
33	327
33	330
33	334
33	337
33	340
33	344
33	348
33	352
33	356
33	361
33	366
33	371
33	377
33	384
33	391
33	400
33	411
34	161
34	170
34	178
34	185
34	191
34	196
34	201
34	206
34	211
34	215
34	219
34	223
34	227
34	231
34	234
34	238
34	241
34	244
34	248
34	250
34	254
34	257
34	260
34	263
34	266
34	269
34	271
34	274
34	277
34	279
34	282
34	284
34	287
34	289
34	292
34	294
34	297
34	299
34	302
34	304
34	307
34	309
34	312
34	314
34	317
34	319
34	322
34	325
34	327
34	330
34	333
34	336
34	338
34	342
34	345
34	348
34	352
34	355
34	359
34	363
34	367
34	372
34	377
34	383
34	389
34	396
34	405
34	416
35	167
35	177
35	186
35	193
35	200
35	205
35	211
35	215
35	220
35	224
35	228
35	232
35	235
35	239
35	242
35	245
35	248
35	251
35	253
35	257
35	259
35	262
35	265
35	267
35	270
35	273
35	275
35	278
35	281
35	283
35	286
35	289
35	291
35	294
35	297
35	299
35	302
35	305
35	308
35	310
35	314
35	316
35	319
35	322
35	325
35	328
35	331
35	334
35	337
35	340
35	344
35	347
35	351
35	355
35	358
35	363
35	367
35	372
35	377
35	383
35	389
35	396
35	405
35	416
36	169
36	180
36	189
36	197
36	203
36	208
36	212
36	217
36	221
36	224
36	228
36	232
36	235
36	239
36	242
36	245
36	249
36	251
36	254
36	257
36	260
36	263
36	265
36	269
36	271
36	274
36	277
36	280
36	282
36	286
36	288
36	291
36	294
36	297
36	300
36	303
36	306
36	309
36	313
36	316
36	320
36	324
36	327
36	332
36	336
36	340
36	345
36	350
36	355
36	361
36	367
36	374
36	382
36	392
37	171
37	182
37	191
37	199
37	205
37	211
37	214
37	219
37	222
37	226
37	229
37	232
37	235
37	239
37	241
37	245
37	247
37	251
37	253
37	257
37	259
37	263
37	265
37	269
37	272
37	275
37	278
37	281
37	284
37	287
37	290
37	294
37	296
37	300
37	303
37	306
37	310
37	313
37	317
37	320
37	324
37	328
37	332
37	337
37	341
37	346
37	352
37	358
37	365
37	373
37	382
37	395
38	170
38	181
38	190
38	198
38	205
38	211
38	217
38	222
38	227
38	232
38	235
38	240
38	243
38	247
38	251
38	254
38	258
38	261
38	265
38	268
38	272
38	276
38	279
38	284
38	287
38	292
38	296
38	300
38	305
38	309
38	314
38	319
38	325
38	331
38	337
38	344
38	352
38	361
38	371
39	168
39	178
39	187
39	195
39	202
39	209
39	215
39	221
39	227
39	232
39	238
39	243
39	248
39	253
39	258
39	263
39	268
39	273
39	278
39	283
39	288
39	293
39	298
39	304
39	310
39	316
39	323
39	330
39	338
39	347
39	357
40	177
40	188
40	198
40	207
40	214
40	221
40	227
40	233
40	239
40	244
40	250
40	255
40	261
40	266
40	272
40	278
40	284
40	290
40	296
40	303
40	310
40	317
40	325
40	333
40	342
40	352
40	363
41	191
41	202
41	212
41	221
41	229
41	237
41	244
41	251
41	258
41	265
41	272
41	279
41	286
41	294
41	302
41	311
41	321
41	333
42	198
42	209
42	219
42	229
42	239
42	248
42	257
42	266
42	275
42	285
42	295
42	306
43	199
43	211
43	222
43	233
43	244
43	255
43	266
43	278
44	201
44	213
44	225
44	237
44	249
44	260
44	272
44	284
44	296
45	212
45	224
45	235
45	246
45	257
45	268
45	279
45	289
45	299
45	309
45	319
45	330
45	341
46	211
46	222
46	232
46	242
46	251
46	260
46	269
46	279
46	289
46	299
46	309
46	319
46	329
46	339
46	350
47	226
47	237
47	247
47	256
47	265
47	274
47	283
47	292
47	301
47	311
47	321
47	333
48	240
48	251
48	261
48	271
48	280
48	289
48	298
48	307
48	316
48	326
48	336
48	348
49	240
49	252
49	263
49	274
49	284
49	294
49	304
49	314
49	324
49	334
49	345
50	226
50	237
50	247
50	257
50	267
50	277
50	287
50	297
50	308
50	319
50	331
51	226
51	237
51	247
51	256
51	265
51	274
51	283
51	292
51	301
51	310
51	319
51	329
51	339
51	350
52	220
52	232
52	243
52	254
52	264
52	273
52	282
52	290
52	298
52	306
52	314
52	322
52	330
52	338
52	346
52	355
52	364
52	374
53	211
53	222
53	233
53	243
53	253
53	263
53	273
53	283
53	292
53	301
53	310
53	319
53	328
53	337
53	346
53	356
53	366
53	377
54	221
54	232
54	242
54	252
54	261
54	270
54	279
54	288
54	297
54	306
54	315
54	325
54	335
54	347
55	216
55	227
55	237
55	247
55	256
55	264
55	272
55	279
55	286
55	293
55	300
55	307
55	315
55	323
55	331
55	339
55	348
55	358
55	370
56	220
56	231
56	242
56	252
56	262
56	271
56	280
56	288
56	296
56	304
56	312
56	319
56	326
56	333
56	341
56	349
56	357
56	366
56	376
56	388
57	213
57	224
57	234
57	243
57	252
57	261
57	270
57	279
57	287
57	295
57	303
57	311
57	320
57	329
57	338
57	347
57	356
57	366
57	377
58	209
58	219
58	228
58	236
58	243
58	250
58	257
58	263
58	270
58	276
58	282
58	288
58	294
58	300
58	306
58	312
58	318
58	325
58	332
58	339
58	347
58	356
58	366
58	378
59	222
59	233
59	242
59	250
59	257
59	263
59	269
59	274
59	279
59	283
59	288
59	292
59	296
59	300
59	304
59	308
59	312
59	316
59	320
59	324
59	328
59	333
59	337
59	342
59	347
59	353
59	359
59	366
59	373
59	381
59	391
60	226
60	237
60	247
60	255
60	262
60	269
60	274
60	280
60	284
60	289
60	292
60	296
60	300
60	303
60	307
60	310
60	313
60	317
60	320
60	323
60	327
60	330
60	334
60	337
60	341
60	345
60	348
60	353
60	357
60	362
60	367
60	372
60	378
60	384
60	391
60	399
60	409
61	208
61	218
61	227
61	235
61	242
61	249
61	256
61	263
61	270
61	277
61	284
61	290
61	296
61	302
61	308
61	313
61	319
61	324
61	329
61	335
61	340
61	346
61	352
61	358
61	364
61	371
61	378
61	386
61	395
61	406
62	202
62	211
62	219
62	225
62	231
62	236
62	241
62	246
62	250
62	255
62	259
62	264
62	268
62	273
62	278
62	283
62	288
62	293
62	299
62	305
62	311
62	317
62	323
62	330
62	337
62	344
62	351
62	358
62	366
62	374
62	382
62	391
62	401
63	203
63	212
63	219
63	224
63	229
63	232
63	236
63	240
63	243
63	246
63	250
63	252
63	255
63	258
63	261
63	264
63	267
63	270
63	273
63	276
63	279
63	282
63	285
63	288
63	291
63	294
63	297
63	300
63	304
63	307
63	310
63	314
63	317
63	321
63	324
63	328
63	331
63	335
63	339
63	343
63	347
63	351
63	355
63	359
63	364
63	368
63	373
63	378
63	383
63	388
63	394
63	400
63	407
63	415
63	424
63	435
64	209
64	219
64	226
64	232
64	236
64	241
64	243
64	247
64	250
64	252
64	255
64	258
64	261
64	262
64	265
64	268
64	270
64	272
64	275
64	277
64	279
64	282
64	283
64	286
64	288
64	290
64	292
64	295
64	296
64	299
64	301
64	303
64	305
64	308
64	309
64	312
64	314
64	316
64	318
64	321
64	323
64	325
64	327
64	330
64	332
64	334
64	336
64	339
64	341
64	343
64	346
64	348
64	350
64	353
64	355
64	357
64	360
64	362
64	365
64	367
64	370
64	372
64	375
64	378
64	380
64	384
64	386
64	389
64	392
64	395
64	398
64	402
64	405
64	409
64	413
64	417
64	422
64	427
64	433
64	439
64	446
64	455
64	466
65	212
65	223
65	233
65	241
65	249
65	254
65	260
65	263
65	268
65	271
65	275
65	278
65	282
65	284
65	288
65	290
65	293
65	296
65	298
65	301
65	303
65	306
65	308
65	311
65	312
65	315
65	317
65	319
65	322
65	323
65	326
65	328
65	330
65	332
65	334
65	336
65	338
65	340
65	342
65	344
65	346
65	348
65	350
65	352
65	353
65	356
65	357
65	359
65	361
65	363
65	365
65	366
65	369
65	370
65	372
65	374
65	376
65	378
65	380
65	382
65	384
65	386
65	388
65	390
65	392
65	395
65	396
65	399
65	401
65	404
65	406
65	408
65	411
65	414
65	416
65	419
65	423
65	426
65	429
65	434
65	437
65	442
65	447
65	453
65	459
65	467
65	476
66	201
66	211
66	220
66	229
66	238
66	247
66	256
66	265
66	274
66	282
66	290
66	297
66	304
66	310
66	316
66	322
66	327
66	332
66	336
66	341
66	344
66	349
66	352
66	356
66	359
66	363
66	366
66	369
66	372
66	375
66	378
66	381
66	384
66	387
66	390
66	394
66	396
66	400
66	403
66	407
66	410
66	415
66	418
66	423
66	427
66	433
66	438
66	445
66	453
66	462
67	199
67	208
67	215
67	221
67	227
67	233
67	238
67	244
67	249
67	255
67	261
67	267
67	273
67	280
67	287
67	294
67	302
67	310
67	319
67	328
67	337
67	347
67	357
67	367
67	377
67	387
67	398
68	199
68	207
68	213
68	218
68	222
68	226
68	230
68	233
68	237
68	240
68	244
68	247
68	251
68	254
68	257
68	261
68	264
68	268
68	271
68	275
68	278
68	282
68	286
68	290
68	294
68	298
68	302
68	307
68	311
68	316
68	320
68	325
68	330
68	335
68	340
68	345
68	351
68	356
68	362
68	368
68	374
68	380
68	386
68	392
68	398
68	405
68	412
68	420
68	429
69	201
69	210
69	215
69	221
69	224
69	229
69	232
69	235
69	239
69	242
69	244
69	248
69	250
69	253
69	256
69	258
69	261
69	264
69	266
69	269
69	272
69	274
69	277
69	280
69	282
69	285
69	288
69	290
69	293
69	296
69	298
69	301
69	304
69	307
69	309
69	313
69	315
69	318
69	321
69	324
69	327
69	330
69	333
69	336
69	339
69	342
69	345
69	348
69	351
69	354
69	357
69	360
69	363
69	366
69	369
69	372
69	375
69	378
69	381
69	385
69	388
69	391
69	395
69	398
69	402
69	405
69	409
69	413
69	417
69	421
69	426
69	431
69	437
69	443
69	450
69	458
69	468
70	218
70	228
70	236
70	243
70	250
70	256
70	262
70	267
70	272
70	277
70	281
70	285
70	290
70	293
70	297
70	301
70	304
70	308
70	311
70	315
70	318
70	321
70	325
70	328
70	331
70	334
70	337
70	340
70	343
70	346
70	349
70	352
70	354
70	358
70	360
70	363
70	366
70	368
70	371
70	374
70	376
70	379
70	382
70	384
70	387
70	389
70	392
70	394
70	397
70	399
70	402
70	405
70	407
70	410
70	413
70	416
70	419
70	422
70	426
70	429
70	433
70	437
70	441
70	446
70	451
70	457
70	464
70	472
70	482
71	318
71	329
71	339
71	348
71	356
71	363
71	370
71	376
71	382
71	388
71	394
71	399
71	405
71	411
71	417
71	424
71	431
71	439
71	449
72	210
72	221
72	231
72	241
72	251
72	262
72	274
73	201
73	210
73	218
73	224
73	230
73	236
73	241
73	247
73	252
73	258
73	263
73	269
73	275
73	281
73	287
73	293
73	299
73	306
73	313
73	320
73	327
73	335
73	343
73	351
73	360
73	369
73	378
73	388
73	398
73	408
73	419
74	200
74	209
74	215
74	221
74	225
74	230
74	234
74	238
74	242
74	246
74	250
74	253
74	257
74	260
74	264
74	267
74	271
74	274
74	278
74	281
74	285
74	288
74	292
74	296
74	299
74	303
74	307
74	311
74	315
74	319
74	323
74	327
74	331
74	335
74	339
74	343
74	347
74	352
74	356
74	361
74	365
74	370
74	375
74	380
74	385
74	390
74	395
74	400
74	405
74	410
74	415
74	421
74	427
74	433
74	440
74	448
74	457
75	208
75	217
75	224
75	231
75	236
75	242
75	246
75	251
75	255
75	260
75	264
75	269
75	273
75	277
75	281
75	285
75	289
75	293
75	297
75	301
75	305
75	309
75	313
75	317
75	321
75	325
75	329
75	333
75	337
75	341
75	345
75	349
75	353
75	357
75	361
75	365
75	369
75	373
75	377
75	381
75	385
75	389
75	393
75	397
75	401
75	405
75	409
75	413
75	417
75	422
75	426
75	431
75	436
75	442
75	448
75	455
75	463
75	472
76	322
76	334
76	345
76	356
76	367
76	377
76	387
76	397
76	407
76	417
76	427
76	438
-1	-1
