-1	-1
0	282
0	291
0	298
0	303
0	309
0	314
0	319
0	324
0	329
0	335
0	341
0	347
0	354
0	362
0	371
0	381
1	291
1	301
1	309
1	317
1	325
1	334
1	343
1	354
2	299
2	310
2	320
2	331
3	310
3	324
5	311
5	323
5	337
6	312
6	325
6	458
6	470
6	482
6	494
6	506
6	519
6	531
6	543
7	308
7	319
7	330
7	342
7	355
7	411
7	423
7	434
7	444
7	454
7	463
7	472
7	481
7	489
7	497
7	505
7	514
7	523
7	532
7	541
7	551
7	561
7	574
8	302
8	313
8	324
8	334
8	345
8	356
8	367
8	378
8	389
8	400
8	410
8	420
8	430
8	439
8	448
8	456
8	463
8	470
8	477
8	484
8	491
8	498
8	505
8	512
8	519
8	527
8	535
8	543
8	551
8	560
8	569
8	580
9	307
9	318
9	329
9	340
9	351
9	362
9	372
9	382
9	392
9	401
9	410
9	419
9	427
9	435
9	443
9	450
9	457
9	464
9	470
9	476
9	482
9	488
9	494
9	500
9	506
9	512
9	518
9	525
9	531
9	538
9	545
9	552
9	559
9	566
9	574
9	583
9	593
10	301
10	312
10	322
10	332
10	342
10	351
10	360
10	369
10	377
10	385
10	393
10	400
10	407
10	414
10	421
10	427
10	433
10	439
10	445
10	450
10	456
10	461
10	466
10	471
10	476
10	481
10	486
10	491
10	496
10	501
10	506
10	511
10	517
10	522
10	528
10	534
10	540
10	546
10	552
10	559
10	566
10	574
10	583
10	593
11	306
11	317
11	327
11	337
11	346
11	355
11	363
11	371
11	378
11	385
11	392
11	398
11	404
11	410
11	416
11	422
11	428
11	434
11	439
11	445
11	450
11	455
11	460
11	465
11	470
11	475
11	480
11	485
11	490
11	495
11	500
11	505
11	510
11	516
11	521
11	527
11	533
11	539
11	545
11	552
11	559
11	566
11	574
11	583
11	594
12	301
12	312
12	322
12	331
12	339
12	347
12	354
12	361
12	367
12	373
12	379
12	384
12	389
12	394
12	399
12	404
12	409
12	414
12	419
12	424
12	429
12	434
12	439
12	444
12	449
12	454
12	459
12	465
12	470
12	476
12	481
12	487
12	493
12	499
12	505
12	512
12	519
12	526
12	533
12	541
12	549
12	558
12	568
12	580
13	297
13	307
13	316
13	324
13	332
13	339
13	346
13	352
13	358
13	363
13	368
13	373
13	378
13	382
13	387
13	392
13	396
13	401
13	406
13	411
13	416
13	421
13	426
13	431
13	436
13	442
13	447
13	453
13	459
13	465
13	472
13	479
13	486
13	494
13	502
13	511
13	520
13	530
13	540
13	552
14	290
14	300
14	308
14	316
14	323
14	330
14	336
14	342
14	347
14	352
14	357
14	362
14	367
14	372
14	376
14	381
14	386
14	391
14	396
14	401
14	406
14	411
14	416
14	422
14	428
14	434
14	440
14	447
14	454
14	462
14	470
14	478
14	487
14	496
14	506
14	517
15	288
15	297
15	305
15	312
15	319
15	325
15	331
15	337
15	342
15	347
15	352
15	357
15	362
15	367
15	372
15	377
15	382
15	387
15	392
15	398
15	403
15	409
15	415
15	421
15	428
15	435
15	443
15	451
15	459
15	468
15	477
15	486
15	496
15	506
15	517
15	528
15	540
15	553
16	288
16	298
16	306
16	313
16	320
16	327
16	333
16	339
16	345
16	351
16	357
16	363
16	369
16	375
16	381
16	387
16	393
16	399
16	405
16	411
16	418
16	425
16	433
16	441
16	449
16	458
16	467
16	476
16	485
16	495
16	505
16	515
16	525
16	535
16	545
16	555
16	565
16	575
17	287
17	297
17	305
17	313
17	320
17	327
17	334
17	341
17	348
17	355
17	362
17	369
17	375
17	382
17	388
17	395
17	401
17	408
17	415
17	422
17	430
17	438
17	446
17	455
17	464
17	473
17	482
17	490
17	498
17	506
17	514
17	522
17	530
17	538
17	546
17	554
17	562
17	570
17	578
17	587
17	597
18	286
18	295
18	303
18	310
18	316
18	322
18	328
18	333
18	339
18	344
18	350
18	356
18	362
18	368
18	374
18	380
18	386
18	392
18	398
18	405
18	412
18	419
18	426
18	433
18	441
18	449
18	456
18	464
18	471
18	478
18	485
18	492
18	499
18	505
18	511
18	517
18	523
18	529
18	534
18	540
18	545
18	551
18	556
18	562
18	567
18	573
18	579
18	586
18	593
18	601
18	610
18	620
19	281
19	290
19	298
19	304
19	310
19	315
19	320
19	325
19	330
19	335
19	340
19	345
19	350
19	355
19	360
19	365
19	370
19	375
19	380
19	385
19	390
19	395
19	400
19	405
19	410
19	415
19	420
19	426
19	431
19	437
19	443
19	449
19	455
19	461
19	467
19	472
19	478
19	483
19	488
19	493
19	498
19	502
19	507
19	511
19	515
19	519
19	523
19	527
19	531
19	534
19	538
19	542
19	545
19	549
19	553
19	556
19	560
19	564
19	568
19	572
19	577
19	581
19	586
19	591
19	597
19	603
19	609
19	616
19	624
19	634
20	281
20	290
20	296
20	302
20	305
20	310
20	313
20	317
20	321
20	324
20	328
20	331
20	335
20	338
20	342
20	345
20	349
20	353
20	357
20	361
20	365
20	369
20	373
20	377
20	381
20	385
20	389
20	394
20	398
20	403
20	407
20	412
20	416
20	421
20	426
20	431
20	436
20	441
20	446
20	451
20	455
20	460
20	464
20	469
20	473
20	477
20	481
20	485
20	489
20	492
20	496
20	499
20	503
20	506
20	509
20	513
20	515
20	519
20	522
20	525
20	528
20	531
20	534
20	537
20	540
20	543
20	546
20	549
20	553
20	556
20	559
20	563
20	566
20	570
20	574
20	577
20	582
20	586
20	590
20	595
20	600
20	606
20	612
20	618
20	625
20	633
20	643
21	281
21	290
21	296
21	302
21	306
21	311
21	314
21	318
21	322
21	325
21	329
21	332
21	336
21	339
21	343
21	346
21	350
21	353
21	357
21	360
21	364
21	367
21	371
21	374
21	378
21	381
21	385
21	388
21	392
21	395
21	399
21	403
21	406
21	410
21	414
21	418
21	422
21	426
21	430
21	434
21	438
21	442
21	446
21	450
21	453
21	457
21	461
21	464
21	468
21	471
21	474
21	478
21	481
21	484
21	487
21	490
21	493
21	496
21	499
21	502
21	505
21	508
21	511
21	513
21	517
21	519
21	522
21	525
21	528
21	531
21	534
21	537
21	540
21	543
21	546
21	549
21	553
21	556
21	560
21	563
21	567
21	571
21	575
21	579
21	584
21	588
21	594
21	599
21	605
21	611
21	618
21	626
21	635
21	646
22	283
22	291
22	298
22	303
22	308
22	312
22	316
22	320
22	323
22	327
22	330
22	334
22	337
22	341
22	344
22	348
22	351
22	355
22	358
22	362
22	365
22	369
22	372
22	376
22	379
22	382
22	386
22	389
22	392
22	396
22	399
22	402
22	406
22	409
22	413
22	416
22	420
22	423
22	427
22	430
22	434
22	438
22	441
22	445
22	449
22	452
22	456
22	460
22	463
22	467
22	470
22	474
22	477
22	481
22	484
22	487
22	491
22	494
22	497
22	501
22	504
22	507
22	511
22	514
22	517
22	521
22	524
22	528
22	531
22	535
22	539
22	543
22	547
22	551
22	555
22	559
22	564
22	568
22	573
22	578
22	584
22	590
22	596
22	603
22	610
22	618
22	627
22	639
23	287
23	295
23	301
23	306
23	311
23	315
23	320
23	323
23	327
23	331
23	334
23	338
23	341
23	345
23	348
23	352
23	355
23	358
23	362
23	365
23	368
23	372
23	375
23	378
23	382
23	385
23	389
23	392
23	396
23	399
23	403
23	406
23	410
23	414
23	417
23	421
23	425
23	429
23	433
23	437
23	441
23	445
23	449
23	453
23	457
23	461
23	465
23	469
23	473
23	477
23	481
23	485
23	489
23	493
23	497
23	501
23	505
23	509
23	514
23	518
23	523
23	528
23	533
23	538
23	543
23	548
23	554
23	559
23	565
23	571
23	577
23	583
23	589
23	596
23	603
23	611
23	619
23	629
24	288
24	297
24	303
24	309
24	314
24	319
24	323
24	327
24	331
24	334
24	338
24	341
24	344
24	348
24	351
24	354
24	358
24	361
24	364
24	368
24	371
24	374
24	378
24	381
24	384
24	388
24	391
24	395
24	398
24	402
24	405
24	409
24	413
24	417
24	421
24	425
24	429
24	434
24	438
24	443
24	448
24	453
24	458
24	463
24	468
24	473
24	478
24	483
24	489
24	494
24	500
24	505
24	511
24	517
24	523
24	529
24	535
24	541
24	547
24	553
24	559
24	565
24	571
24	577
24	583
24	589
24	596
24	603
24	610
24	618
24	627
24	637
25	288
25	297
25	304
25	311
25	316
25	321
25	326
25	330
25	334
25	338
25	342
25	346
25	350
25	354
25	358
25	361
25	365
25	369
25	372
25	376
25	380
25	384
25	388
25	392
25	396
25	401
25	405
25	410
25	415
25	420
25	425
25	430
25	436
25	442
25	448
25	454
25	460
25	466
25	472
25	478
25	484
25	490
25	496
25	502
25	508
25	514
25	520
25	526
25	531
25	537
25	542
25	548
25	553
25	559
25	564
25	569
25	574
25	579
25	584
25	590
25	596
25	602
25	608
25	615
25	622
25	630
25	639
25	650
26	288
26	298
26	305
26	312
26	318
26	324
26	330
26	335
26	341
26	346
26	351
26	356
26	361
26	366
26	371
26	376
26	381
26	386
26	391
26	396
26	401
26	407
26	413
26	419
26	425
26	431
26	437
26	443
26	449
26	455
26	461
26	467
26	473
26	479
26	485
26	491
26	496
26	502
26	507
26	512
26	517
26	522
26	527
26	532
26	536
26	541
26	545
26	550
26	554
26	559
26	563
26	568
26	572
26	577
26	582
26	587
26	593
26	599
26	605
26	612
26	620
26	629
26	639
27	291
27	301
27	309
27	316
27	323
27	329
27	335
27	341
27	347
27	353
27	359
27	365
27	371
27	377
27	383
27	389
27	395
27	401
27	407
27	413
27	419
27	425
27	431
27	437
27	443
27	449
27	455
27	461
27	466
27	472
27	477
27	482
27	487
27	491
27	496
27	500
27	504
27	508
27	512
27	515
27	519
27	522
27	526
27	529
27	533
27	536
27	540
27	543
27	547
27	550
27	554
27	557
27	561
27	565
27	569
27	573
27	577
27	582
27	587
27	592
27	598
27	605
27	612
27	621
27	632
28	296
28	306
28	314
28	321
28	328
28	334
28	340
28	346
28	352
28	357
28	363
28	368
28	374
28	379
28	385
28	390
28	396
28	402
28	408
28	413
28	419
28	424
28	429
28	434
28	439
28	444
28	449
28	453
28	458
28	462
28	466
28	470
28	474
28	478
28	481
28	485
28	488
28	492
28	495
28	499
28	502
28	505
28	509
28	512
28	515
28	518
28	521
28	524
28	527
28	530
28	533
28	536
28	539
28	543
28	546
28	549
28	553
28	556
28	560
28	564
28	568
28	572
28	577
28	582
28	587
28	593
28	600
28	608
28	617
29	297
29	307
29	315
29	322
29	329
29	334
29	340
29	345
29	350
29	355
29	360
29	364
29	369
29	373
29	378
29	383
29	387
29	392
29	397
29	401
29	406
29	410
29	415
29	419
29	423
29	427
29	431
29	434
29	438
29	441
29	445
29	448
29	451
29	455
29	458
29	461
29	464
29	467
29	470
29	473
29	476
29	479
29	482
29	484
29	487
29	490
29	492
29	495
29	498
29	500
29	503
29	506
29	508
29	511
29	514
29	517
29	520
29	523
29	526
29	529
29	533
29	536
29	539
29	544
29	547
29	552
29	556
29	561
29	566
29	571
29	577
29	584
29	592
29	601
29	614
30	297
30	306
30	313
30	320
30	325
30	331
30	335
30	340
30	344
30	348
30	352
30	356
30	360
30	363
30	367
30	370
30	374
30	377
30	381
30	384
30	388
30	391
30	395
30	398
30	402
30	406
30	409
30	413
30	416
30	420
30	423
30	427
30	430
30	433
30	436
30	439
30	442
30	444
30	447
30	450
30	452
30	455
30	457
30	460
30	462
30	465
30	467
30	470
30	472
30	475
30	477
30	480
30	482
30	485
30	487
30	490
30	492
30	495
30	498
30	500
30	503
30	506
30	508
30	511
30	514
30	517
30	519
30	523
30	526
30	529
30	533
30	536
30	540
30	544
30	548
30	552
30	557
30	561
30	567
30	572
30	578
30	585
30	593
30	603
31	298
31	307
31	314
31	320
31	326
31	331
31	336
31	341
31	345
31	350
31	354
31	358
31	362
31	365
31	369
31	372
31	375
31	379
31	382
31	385
31	388
31	391
31	394
31	397
31	400
31	403
31	406
31	409
31	412
31	414
31	418
31	420
31	423
31	426
31	429
31	431
31	434
31	437
31	440
31	442
31	445
31	448
31	450
31	453
31	455
31	458
31	461
31	463
31	465
31	468
31	470
31	473
31	475
31	478
31	480
31	483
31	486
31	488
31	491
31	494
31	497
31	500
31	503
31	506
31	509
31	513
31	516
31	520
31	524
31	528
31	532
31	537
31	542
31	547
31	553
31	559
31	566
31	574
31	584
32	297
32	307
32	316
32	324
32	331
32	338
32	344
32	350
32	355
32	360
32	365
32	370
32	374
32	378
32	382
32	386
32	390
32	393
32	397
32	400
32	403
32	406
32	409
32	412
32	414
32	417
32	420
32	422
32	425
32	427
32	430
32	432
32	435
32	437
32	440
32	442
32	445
32	447
32	450
32	453
32	455
32	458
32	461
32	464
32	467
32	470
32	473
32	476
32	479
32	483
32	486
32	489
32	493
32	496
32	500
32	504
32	508
32	512
32	517
32	521
32	526
32	531
32	537
32	543
32	550
32	558
32	567
32	578
33	297
33	308
33	317
33	325
33	333
33	340
33	347
33	354
33	361
33	367
33	373
33	379
33	385
33	391
33	396
33	401
33	406
33	411
33	415
33	420
33	424
33	428
33	432
33	436
33	440
33	444
33	448
33	452
33	456
33	460
33	464
33	468
33	472
33	476
33	480
33	485
33	489
33	494
33	499
33	504
33	510
33	516
33	522
33	529
33	536
33	544
33	553
33	563
34	297
34	307
34	316
34	324
34	332
34	340
34	348
34	356
34	364
34	371
34	378
34	384
34	390
34	396
34	401
34	406
34	411
34	416
34	421
34	426
34	431
34	436
34	441
34	446
34	451
34	456
34	461
34	466
34	471
34	476
34	482
34	487
34	493
34	499
34	505
34	511
34	518
34	525
34	533
34	542
34	552
35	299
35	309
35	317
35	324
35	331
35	338
35	345
35	352
35	359
35	366
35	373
35	380
35	386
35	392
35	397
35	402
35	407
35	411
35	416
35	420
35	424
35	428
35	432
35	436
35	440
35	444
35	448
35	453
35	457
35	462
35	467
35	472
35	477
35	482
35	488
35	494
35	500
35	506
35	512
35	519
35	526
35	533
35	541
35	550
35	560
36	308
36	318
36	327
36	335
36	344
36	353
36	362
36	371
36	380
36	389
36	398
36	406
36	414
36	421
36	428
36	434
36	440
36	446
36	452
36	458
36	464
36	470
36	476
36	482
36	488
36	495
36	502
36	510
36	518
36	527
36	537
36	548
37	328
37	340
37	354
37	377
37	389
37	400
37	410
37	420
37	429
37	438
37	447
37	455
37	463
37	471
37	479
37	487
37	495
37	503
37	512
37	521
37	531
37	545
38	322
38	334
38	346
38	359
38	372
38	383
38	393
38	402
38	411
38	419
38	426
38	433
38	440
38	447
38	454
38	461
38	468
38	476
38	484
38	492
38	500
38	509
38	518
38	528
38	539
39	322
39	333
39	344
39	357
39	396
39	407
39	417
39	426
39	434
39	441
39	448
39	455
39	462
39	469
39	476
39	483
39	491
39	499
39	508
39	518
39	530
40	447
40	458
40	468
40	477
40	486
40	496
40	506
40	518
45	419
45	432
46	417
46	428
46	439
46	450
46	461
46	472
47	452
47	464
47	475
47	487
50	411
50	423
50	435
50	447
50	459
50	473
51	452
51	465
51	477
51	490
53	378
53	390
53	401
53	412
53	423
53	434
53	446
54	371
54	382
54	392
54	401
54	410
54	419
54	428
54	437
54	446
54	455
54	464
54	474
54	485
55	378
55	389
55	399
55	408
55	416
55	424
55	432
55	440
55	448
55	455
55	462
55	470
55	478
55	486
55	495
55	504
55	514
56	396
56	408
56	419
56	429
56	439
56	448
56	457
56	466
56	474
56	482
56	490
56	498
56	506
56	515
56	524
56	534
56	546
57	371
57	382
57	392
57	402
57	411
57	420
57	429
57	438
57	447
57	457
57	467
57	477
57	487
57	497
57	507
57	517
57	527
57	538
57	551
58	357
58	367
58	375
58	383
58	390
58	397
58	403
58	409
58	415
58	421
58	427
58	433
58	439
58	445
58	451
58	458
58	465
58	472
58	480
58	488
58	497
58	507
58	518
59	351
59	361
59	369
59	374
59	380
59	384
59	389
59	393
59	397
59	401
59	404
59	408
59	411
59	415
59	418
59	422
59	425
59	428
59	432
59	435
59	438
59	442
59	445
59	449
59	452
59	456
59	459
59	464
59	467
59	472
59	476
59	480
59	485
59	490
59	495
59	501
59	507
59	514
59	521
59	529
59	538
59	548
60	352
60	361
60	368
60	373
60	378
60	382
60	384
60	389
60	391
60	393
60	397
60	399
60	402
60	403
60	407
60	409
60	411
60	413
60	415
60	418
60	420
60	421
60	424
60	426
60	428
60	430
60	432
60	434
60	436
60	438
60	440
60	442
60	444
60	446
60	448
60	450
60	452
60	454
60	456
60	458
60	460
60	462
60	465
60	466
60	469
60	471
60	474
60	476
60	478
60	481
60	484
60	486
60	489
60	492
60	495
60	498
60	501
60	505
60	507
60	511
60	515
60	518
60	523
60	527
60	532
60	537
60	542
60	548
60	555
60	563
60	572
60	584
61	358
61	368
61	375
61	381
61	384
61	389
61	392
61	395
61	398
61	401
61	403
61	406
61	408
61	411
61	412
61	414
61	417
61	419
61	421
61	422
61	424
61	426
61	428
61	430
61	431
61	433
61	434
61	436
61	438
61	439
61	441
61	442
61	444
61	446
61	447
61	449
61	450
61	452
61	453
61	455
61	456
61	458
61	459
61	461
61	462
61	464
61	465
61	467
61	468
61	470
61	472
61	473
61	475
61	476
61	478
61	480
61	481
61	483
61	485
61	486
61	488
61	490
61	492
61	494
61	495
61	497
61	499
61	501
61	503
61	505
61	507
61	509
61	511
61	514
61	516
61	518
61	520
61	524
61	525
61	528
61	531
61	534
61	537
61	539
61	543
61	546
61	549
61	554
61	557
61	562
61	566
61	571
61	577
61	584
61	592
61	601
62	342
62	354
62	366
62	377
62	387
62	396
62	403
62	410
62	415
62	421
62	425
62	430
62	433
62	437
62	441
62	443
62	447
62	450
62	452
62	455
62	457
62	460
62	462
62	464
62	467
62	469
62	471
62	473
62	475
62	477
62	480
62	481
62	483
62	485
62	487
62	489
62	491
62	493
62	495
62	497
62	499
62	501
62	503
62	505
62	507
62	509
62	511
62	513
62	515
62	517
62	519
62	521
62	524
62	526
62	528
62	530
62	533
62	535
62	537
62	540
62	542
62	545
62	547
62	550
62	553
62	556
62	559
62	562
62	566
62	569
62	574
62	577
62	582
62	587
62	593
62	599
62	607
62	616
63	330
63	340
63	348
63	356
63	364
63	372
63	380
63	389
63	399
63	410
63	460
63	471
63	480
63	488
63	494
63	500
63	505
63	510
63	514
63	519
63	523
63	528
63	532
63	536
63	541
63	545
63	550
63	554
63	559
63	564
63	569
63	575
63	582
63	589
63	598
64	327
64	335
64	342
64	347
64	352
64	357
64	362
64	367
64	372
64	377
64	382
64	387
64	392
64	398
64	404
64	410
64	417
64	424
64	432
64	441
64	451
64	464
65	324
65	332
65	338
65	342
65	346
65	350
65	353
65	356
65	360
65	362
65	365
65	368
65	371
65	374
65	377
65	380
65	383
65	386
65	389
65	392
65	395
65	398
65	402
65	405
65	408
65	412
65	416
65	419
65	424
65	427
65	432
65	436
65	441
65	446
65	451
65	457
65	463
65	469
65	476
65	483
65	491
65	500
65	510
65	521
65	534
66	327
66	334
66	340
66	343
66	348
66	351
66	353
66	357
66	359
66	362
66	363
66	367
66	369
66	371
66	373
66	376
66	378
66	380
66	382
66	384
66	387
66	388
66	391
66	393
66	395
66	397
66	399
66	402
66	404
66	406
66	408
66	411
66	413
66	415
66	418
66	420
66	423
66	425
66	428
66	430
66	433
66	436
66	438
66	441
66	444
66	447
66	449
66	453
66	456
66	459
66	462
66	466
66	469
66	473
66	477
66	480
66	485
66	488
66	493
66	497
66	502
66	507
66	512
66	517
66	523
66	529
66	535
66	542
66	549
66	556
66	564
66	572
66	581
66	591
67	337
67	346
67	353
67	359
67	363
67	368
67	371
67	375
67	379
67	382
67	385
67	388
67	391
67	394
67	397
67	400
67	402
67	405
67	408
67	410
67	413
67	416
67	418
67	421
67	423
67	426
67	429
67	431
67	434
67	436
67	439
67	442
67	444
67	447
67	450
67	452
67	455
67	458
67	460
67	463
67	466
67	468
67	471
67	474
67	477
67	479
67	483
67	485
67	488
67	491
67	494
67	497
67	500
67	504
67	506
67	510
67	513
67	517
67	520
67	524
67	527
67	531
67	535
67	538
67	542
67	546
67	550
67	554
67	558
67	562
67	566
67	571
67	575
67	580
67	585
67	591
67	597
67	604
67	612
67	622
68	396
68	407
68	417
68	426
68	434
68	442
68	449
68	456
68	462
68	468
68	473
68	478
68	483
68	488
68	492
68	497
68	501
68	505
68	509
68	513
68	517
68	521
68	524
68	528
68	531
68	535
68	538
68	542
68	545
68	549
68	552
68	555
68	559
68	562
68	566
68	569
68	573
68	576
68	580
68	584
68	588
68	593
68	598
68	604
68	610
68	617
68	626
68	637
69	511
69	522
69	531
69	539
69	547
69	554
69	561
69	568
69	575
69	583
69	592
69	603
71	329
71	339
71	347
71	354
71	361
71	368
71	375
71	382
71	389
71	396
71	404
71	412
71	420
71	429
71	438
71	448
71	459
72	326
72	333
72	340
72	345
72	350
72	354
72	359
72	363
72	367
72	371
72	375
72	379
72	383
72	387
72	391
72	395
72	399
72	403
72	407
72	411
72	415
72	419
72	424
72	428
72	433
72	437
72	442
72	447
72	452
72	457
72	463
72	469
72	475
72	481
72	488
72	495
72	502
72	510
72	518
72	527
72	536
72	546
72	556
72	566
72	577
73	328
73	335
73	341
73	346
73	351
73	354
73	359
73	362
73	366
73	370
73	373
73	376
73	380
73	383
73	386
73	389
73	392
73	395
73	398
73	401
73	404
73	407
73	410
73	413
73	416
73	419
73	422
73	425
73	428
73	431
73	435
73	438
73	441
73	445
73	448
73	452
73	455
73	459
73	462
73	466
73	469
73	473
73	477
73	481
73	485
73	489
73	493
73	497
73	502
73	506
73	511
73	516
73	521
73	526
73	531
73	536
73	541
73	546
73	551
73	557
73	562
73	568
73	574
73	580
73	587
73	594
73	602
73	612
74	342
74	352
74	361
74	369
74	376
74	383
74	389
74	395
74	401
74	406
74	412
74	417
74	422
74	427
74	432
74	437
74	442
74	447
74	452
74	457
74	462
74	467
74	472
74	477
74	482
74	487
74	492
74	497
74	502
74	507
74	512
74	517
74	522
74	527
74	532
74	537
74	542
74	547
74	552
74	557
74	562
74	567
74	572
74	577
74	582
74	588
74	594
74	601
74	609
74	618
75	549
75	561
75	572
-1	-1
