-1	-1
10	210
10	222
10	234
10	246
10	258
10	270
10	282
10	294
10	306
11	182
11	193
11	203
11	213
11	223
11	232
11	241
11	250
11	259
11	268
11	277
11	286
11	295
11	304
11	313
11	322
11	332
11	342
11	352
11	362
11	372
11	383
11	394
12	172
12	183
12	193
12	202
12	210
12	218
12	225
12	232
12	239
12	246
12	252
12	259
12	265
12	271
12	277
12	283
12	289
12	295
12	302
12	308
12	315
12	322
12	329
12	336
12	343
12	350
12	357
12	364
12	372
12	380
12	388
12	396
12	405
12	414
12	424
13	171
13	181
13	190
13	198
13	205
13	212
13	218
13	224
13	230
13	235
13	241
13	246
13	251
13	256
13	261
13	266
13	271
13	276
13	281
13	286
13	291
13	296
13	301
13	306
13	312
13	317
13	323
13	328
13	334
13	340
13	346
13	352
13	358
13	364
13	370
13	376
13	383
13	390
13	397
13	405
13	413
13	422
13	432
13	445
14	172
14	182
14	191
14	199
14	206
14	213
14	219
14	225
14	231
14	236
14	242
14	247
14	252
14	257
14	262
14	267
14	272
14	277
14	282
14	288
14	293
14	298
14	304
14	309
14	315
14	320
14	326
14	332
14	338
14	344
14	350
14	356
14	362
14	368
14	375
14	382
14	389
14	396
14	404
14	412
14	421
14	431
15	167
15	177
15	186
15	193
15	200
15	206
15	212
15	218
15	224
15	230
15	235
15	241
15	246
15	252
15	257
15	263
15	268
15	274
15	280
15	286
15	292
15	298
15	304
15	310
15	316
15	322
15	328
15	335
15	342
15	349
15	356
15	363
15	370
15	377
15	385
15	393
15	402
15	412
15	422
15	435
16	159
16	169
16	178
16	186
16	193
16	200
16	207
16	214
16	221
16	228
16	235
16	242
16	249
16	256
16	263
16	270
16	277
16	284
16	291
16	298
16	305
16	312
16	319
16	326
16	333
16	340
16	347
16	354
16	361
16	369
16	377
16	385
16	394
16	403
16	412
16	422
16	432
17	152
17	161
17	169
17	175
17	181
17	187
17	193
17	199
17	205
17	211
17	217
17	223
17	229
17	235
17	241
17	247
17	253
17	259
17	265
17	271
17	278
17	284
17	291
17	297
17	304
17	310
17	317
17	324
17	331
17	337
17	344
17	350
17	356
17	362
17	369
17	376
17	383
17	390
17	397
17	404
17	411
17	418
17	426
17	434
17	443
17	453
17	465
18	150
18	159
18	165
18	171
18	176
18	181
18	186
18	191
18	196
18	201
18	206
18	211
18	216
18	221
18	226
18	231
18	236
18	241
18	246
18	251
18	256
18	261
18	266
18	271
18	276
18	281
18	286
18	291
18	296
18	301
18	306
18	311
18	316
18	321
18	326
18	331
18	336
18	341
18	346
18	351
18	355
18	360
18	364
18	369
18	373
18	378
18	383
18	388
18	393
18	398
18	403
18	408
18	414
18	419
18	425
18	431
18	437
18	444
18	452
18	461
18	471
19	150
19	159
19	165
19	171
19	175
19	180
19	183
19	188
19	191
19	195
19	199
19	203
19	206
19	210
19	214
19	217
19	221
19	225
19	228
19	232
19	236
19	240
19	243
19	247
19	251
19	255
19	259
19	263
19	267
19	271
19	275
19	279
19	283
19	287
19	291
19	295
19	299
19	303
19	307
19	311
19	315
19	319
19	323
19	327
19	331
19	335
19	339
19	343
19	347
19	351
19	355
19	359
19	363
19	367
19	371
19	375
19	379
19	384
19	388
19	393
19	397
19	402
19	407
19	412
19	417
19	422
19	428
19	434
19	440
19	447
19	455
19	464
19	474
20	150
20	159
20	165
20	171
20	175
20	180
20	183
20	188
20	191
20	195
20	198
20	202
20	205
20	208
20	212
20	214
20	218
20	221
20	224
20	227
20	230
20	233
20	236
20	239
20	242
20	245
20	248
20	251
20	254
20	257
20	260
20	263
20	266
20	269
20	272
20	275
20	278
20	281
20	285
20	288
20	291
20	295
20	298
20	302
20	305
20	309
20	312
20	316
20	320
20	324
20	328
20	332
20	336
20	340
20	345
20	349
20	354
20	358
20	363
20	368
20	373
20	378
20	384
20	389
20	395
20	401
20	407
20	414
20	421
20	428
20	436
20	445
20	455
21	156
21	164
21	171
21	178
21	183
21	189
21	193
21	198
21	202
21	206
21	210
21	213
21	217
21	221
21	224
21	228
21	231
21	235
21	238
21	242
21	245
21	248
21	252
21	255
21	259
21	262
21	266
21	269
21	273
21	276
21	280
21	284
21	288
21	292
21	296
21	300
21	305
21	309
21	314
21	318
21	323
21	328
21	333
21	339
21	345
21	351
21	357
21	364
21	371
21	378
21	386
21	394
21	403
21	413
21	424
22	158
22	168
22	176
22	183
22	189
22	195
22	200
22	205
22	210
22	215
22	220
22	225
22	230
22	235
22	240
22	245
22	250
22	255
22	260
22	265
22	270
22	276
22	281
22	287
22	293
22	299
22	306
22	313
22	320
22	328
22	336
22	344
22	353
22	362
22	371
22	381
22	392
22	404
23	157
23	166
23	173
23	180
23	186
23	192
23	197
23	203
23	208
23	214
23	219
23	225
23	230
23	236
23	242
23	248
23	254
23	261
23	268
23	275
23	282
23	289
23	297
23	305
23	313
23	322
23	331
23	341
23	351
23	361
23	372
23	383
23	395
24	158
24	167
24	174
24	180
24	185
24	190
24	195
24	200
24	204
24	209
24	214
24	219
24	224
24	229
24	234
24	239
24	245
24	251
24	257
24	263
24	269
24	276
24	283
24	290
24	297
24	305
24	313
24	321
24	329
24	338
24	347
24	356
24	365
24	374
24	384
24	394
24	404
24	414
24	424
24	435
25	161
25	170
25	177
25	182
25	187
25	192
25	196
25	200
25	204
25	208
25	212
25	216
25	220
25	224
25	228
25	233
25	237
25	242
25	247
25	252
25	257
25	262
25	268
25	273
25	279
25	285
25	291
25	297
25	303
25	309
25	316
25	323
25	330
25	337
25	344
25	351
25	358
25	365
25	372
25	379
25	386
25	393
25	400
25	407
25	414
25	421
25	428
25	435
25	443
25	451
25	460
25	471
26	162
26	171
26	178
26	183
26	188
26	192
26	196
26	200
26	203
26	207
26	211
26	214
26	218
26	222
26	225
26	229
26	233
26	237
26	241
26	245
26	249
26	253
26	257
26	262
26	266
26	271
26	275
26	280
26	284
26	289
26	294
26	299
26	304
26	309
26	314
26	319
26	324
26	329
26	334
26	339
26	344
26	349
26	354
26	359
26	364
26	369
26	374
26	379
26	384
26	389
26	394
26	398
26	403
26	407
26	412
26	416
26	421
26	425
26	430
26	435
26	440
26	446
26	452
26	458
26	465
26	473
26	482
26	493
27	161
27	170
27	177
27	183
27	189
27	193
27	198
27	202
27	206
27	210
27	214
27	218
27	222
27	225
27	229
27	233
27	236
27	240
27	244
27	247
27	251
27	255
27	258
27	262
27	266
27	269
27	273
27	276
27	280
27	283
27	287
27	290
27	294
27	297
27	301
27	304
27	307
27	311
27	313
27	317
27	320
27	323
27	326
27	329
27	332
27	335
27	338
27	341
27	345
27	347
27	351
27	354
27	357
27	360
27	363
27	366
27	369
27	372
27	375
27	378
27	381
27	384
27	387
27	390
27	394
27	396
27	400
27	403
27	406
27	410
27	413
27	417
27	420
27	424
27	427
27	431
27	435
27	439
27	444
27	448
27	453
27	458
27	464
27	470
27	477
27	485
27	494
27	505
28	163
28	172
28	180
28	187
28	193
28	199
28	204
28	209
28	213
28	218
28	222
28	226
28	230
28	234
28	238
28	241
28	245
28	248
28	252
28	255
28	258
28	262
28	264
28	268
28	271
28	273
28	277
28	279
28	282
28	285
28	287
28	290
28	293
28	295
28	298
28	300
28	303
28	305
28	308
28	310
28	312
28	315
28	317
28	319
28	322
28	324
28	326
28	329
28	331
28	333
28	336
28	338
28	340
28	342
28	345
28	347
28	349
28	351
28	354
28	356
28	358
28	360
28	363
28	365
28	367
28	369
28	372
28	374
28	376
28	379
28	381
28	384
28	386
28	388
28	391
28	394
28	396
28	399
28	402
28	405
28	407
28	410
28	414
28	416
28	420
28	423
28	426
28	430
28	434
28	437
28	442
28	446
28	451
28	456
28	461
28	467
28	473
28	480
28	487
28	496
28	506
29	170
29	180
29	189
29	196
29	202
29	208
29	213
29	218
29	222
29	227
29	231
29	235
29	239
29	242
29	246
29	249
29	252
29	255
29	258
29	261
29	264
29	267
29	270
29	272
29	275
29	278
29	280
29	283
29	285
29	288
29	291
29	293
29	296
29	298
29	301
29	303
29	306
29	308
29	311
29	313
29	315
29	318
29	320
29	322
29	325
29	327
29	329
29	332
29	334
29	336
29	339
29	341
29	343
29	346
29	348
29	350
29	353
29	355
29	357
29	360
29	362
29	364
29	367
29	369
29	371
29	374
29	376
29	379
29	381
29	384
29	387
29	389
29	392
29	395
29	398
29	401
29	404
29	407
29	410
29	414
29	417
29	421
29	424
29	428
29	432
29	436
29	440
29	445
29	449
29	455
29	460
29	466
29	472
29	479
29	487
29	496
29	506
30	172
30	183
30	192
30	200
30	207
30	213
30	219
30	224
30	229
30	233
30	238
30	242
30	246
30	250
30	254
30	257
30	261
30	264
30	268
30	271
30	275
30	278
30	282
30	285
30	289
30	292
30	296
30	299
30	303
30	306
30	310
30	313
30	317
30	320
30	324
30	327
30	331
30	334
30	338
30	341
30	345
30	348
30	352
30	356
30	359
30	363
30	367
30	371
30	375
30	379
30	383
30	387
30	392
30	396
30	401
30	406
30	411
30	416
30	421
30	427
30	432
30	438
30	444
30	450
30	457
30	464
30	472
30	480
30	489
30	499
31	168
31	178
31	187
31	195
31	202
31	209
31	216
31	222
31	228
31	234
31	239
31	244
31	249
31	254
31	259
31	264
31	269
31	274
31	279
31	284
31	289
31	294
31	299
31	304
31	309
31	314
31	319
31	324
31	329
31	334
31	339
31	345
31	350
31	356
31	362
31	368
31	374
31	381
31	388
31	395
31	402
31	409
31	416
31	423
31	430
31	437
31	445
31	453
31	461
31	470
31	479
31	489
31	501
32	176
32	186
32	195
32	204
32	212
32	220
32	228
32	236
32	243
32	250
32	257
32	264
32	272
32	279
32	287
32	295
32	303
32	311
32	319
32	327
32	335
32	343
32	351
32	359
32	367
32	375
32	383
32	391
32	399
32	407
32	414
32	421
32	428
32	435
32	442
32	449
32	457
32	466
32	475
32	485
33	180
33	191
33	201
33	210
33	219
33	228
33	236
33	244
33	252
33	260
33	268
33	276
33	285
33	294
33	303
33	312
33	321
33	330
33	339
33	348
33	357
33	366
33	375
33	384
33	392
33	399
33	406
33	412
33	418
33	424
33	430
33	436
33	442
33	448
33	455
33	462
33	470
33	479
33	489
34	181
34	191
34	200
34	208
34	216
34	224
34	232
34	240
34	248
34	256
34	264
34	272
34	281
34	290
34	299
34	308
34	317
34	326
34	335
34	344
34	353
34	362
34	370
34	378
34	385
34	391
34	397
34	402
34	407
34	412
34	417
34	422
34	427
34	432
34	437
34	442
34	448
34	454
34	460
34	467
34	475
34	484
34	495
35	180
35	190
35	198
35	205
35	212
35	219
35	225
35	231
35	237
35	243
35	250
35	257
35	264
35	271
35	278
35	286
35	294
35	302
35	310
35	318
35	326
35	334
35	341
35	348
35	355
35	362
35	369
35	375
35	381
35	385
35	390
35	394
35	399
35	403
35	407
35	411
35	415
35	419
35	424
35	428
35	433
35	438
35	444
35	450
35	457
35	465
35	474
35	485
36	178
36	188
36	195
36	201
36	207
36	212
36	217
36	222
36	227
36	231
36	236
36	240
36	245
36	249
36	254
36	258
36	263
36	268
36	273
36	278
36	284
36	289
36	295
36	301
36	307
36	313
36	319
36	325
36	331
36	336
36	342
36	347
36	352
36	357
36	362
36	366
36	371
36	374
36	379
36	382
36	386
36	390
36	394
36	398
36	402
36	406
36	410
36	415
36	419
36	424
36	429
36	435
36	441
36	448
36	456
36	466
37	177
37	185
37	192
37	197
37	202
37	205
37	210
37	212
37	216
37	219
37	222
37	225
37	228
37	231
37	234
37	237
37	240
37	243
37	246
37	249
37	252
37	255
37	258
37	261
37	264
37	267
37	270
37	274
37	277
37	281
37	285
37	288
37	292
37	296
37	300
37	304
37	308
37	312
37	316
37	320
37	324
37	328
37	332
37	335
37	339
37	342
37	345
37	349
37	351
37	355
37	357
37	361
37	363
37	366
37	369
37	372
37	375
37	378
37	381
37	384
37	387
37	390
37	394
37	397
37	401
37	405
37	409
37	414
37	418
37	424
37	429
37	435
37	442
37	450
37	460
38	178
38	186
38	192
38	196
38	201
38	203
38	207
38	210
38	212
38	215
38	218
38	220
38	222
38	225
38	227
38	229
38	232
38	233
38	236
38	238
38	240
38	242
38	244
38	247
38	248
38	251
38	253
38	255
38	257
38	260
38	262
38	264
38	267
38	269
38	271
38	274
38	276
38	279
38	281
38	284
38	287
38	289
38	292
38	295
38	298
38	300
38	304
38	306
38	309
38	312
38	315
38	318
38	321
38	323
38	326
38	329
38	331
38	334
38	336
38	339
38	341
38	344
38	346
38	349
38	351
38	353
38	356
38	358
38	360
38	363
38	365
38	368
38	370
38	373
38	375
38	378
38	381
38	384
38	387
38	390
38	394
38	397
38	400
38	405
38	408
38	413
38	417
38	422
38	427
38	433
38	440
38	448
38	458
39	178
39	188
39	195
39	201
39	206
39	211
39	215
39	219
39	223
39	226
39	230
39	233
39	236
39	239
39	242
39	245
39	248
39	251
39	253
39	256
39	259
39	261
39	264
39	267
39	269
39	272
39	274
39	277
39	279
39	282
39	284
39	287
39	289
39	292
39	294
39	297
39	299
39	302
39	304
39	307
39	309
39	312
39	314
39	316
39	319
39	321
39	323
39	326
39	328
39	330
39	333
39	335
39	337
39	340
39	342
39	344
39	347
39	349
39	351
39	354
39	356
39	359
39	361
39	364
39	366
39	369
39	372
39	375
39	377
39	381
39	384
39	387
39	391
39	395
39	398
39	403
39	407
39	412
39	417
39	423
39	430
39	438
39	447
40	189
40	199
40	208
40	215
40	221
40	226
40	231
40	235
40	240
40	243
40	247
40	251
40	254
40	258
40	261
40	264
40	267
40	271
40	273
40	276
40	279
40	282
40	284
40	287
40	290
40	292
40	295
40	297
40	300
40	302
40	305
40	307
40	310
40	312
40	314
40	317
40	319
40	321
40	324
40	326
40	328
40	331
40	333
40	336
40	338
40	340
40	343
40	345
40	348
40	350
40	353
40	355
40	358
40	361
40	364
40	367
40	369
40	373
40	376
40	379
40	383
40	387
40	391
40	396
40	400
40	406
40	412
40	418
40	426
40	435
40	446
41	196
41	207
41	216
41	223
41	230
41	235
41	241
41	245
41	250
41	253
41	257
41	261
41	264
41	268
41	271
41	274
41	277
41	280
41	283
41	286
41	289
41	292
41	294
41	297
41	300
41	302
41	305
41	308
41	310
41	313
41	316
41	318
41	321
41	324
41	326
41	329
41	332
41	335
41	338
41	341
41	344
41	347
41	350
41	354
41	357
41	361
41	365
41	369
41	374
41	379
41	385
41	391
41	398
41	406
41	415
41	425
42	202
42	213
42	223
42	232
42	240
42	247
42	253
42	259
42	263
42	268
42	272
42	275
42	279
42	282
42	286
42	289
42	292
42	295
42	298
42	301
42	304
42	307
42	310
42	313
42	316
42	319
42	323
42	326
42	329
42	333
42	336
42	340
42	344
42	348
42	352
42	357
42	361
42	366
42	372
42	378
42	385
42	392
42	400
42	409
43	207
43	218
43	228
43	238
43	247
43	255
43	262
43	269
43	275
43	281
43	286
43	291
43	296
43	301
43	305
43	310
43	314
43	319
43	323
43	328
43	332
43	337
43	342
43	347
43	352
43	358
43	364
43	370
43	377
43	385
43	394
43	404
44	200
44	211
44	220
44	229
44	237
44	245
44	252
44	259
44	266
44	273
44	280
44	287
44	294
44	301
44	308
44	315
44	322
44	329
44	337
44	345
44	353
44	362
44	372
44	384
45	218
45	228
45	237
45	245
45	253
45	260
45	267
45	274
45	281
45	289
45	297
45	305
45	313
45	322
45	331
45	341
45	354
46	247
46	257
46	266
46	274
46	282
46	290
46	298
46	306
46	314
46	323
46	332
46	342
46	354
47	276
47	287
47	297
47	307
47	317
47	327
47	338
48	281
48	294
48	309
49	237
49	249
49	260
49	271
49	282
49	293
49	305
50	238
50	249
50	259
50	269
50	279
50	289
50	299
50	310
51	261
51	273
51	284
51	295
51	308
53	261
53	273
53	284
53	295
53	307
54	230
54	242
54	253
54	264
54	274
54	284
54	295
54	306
54	317
54	330
55	219
55	230
55	240
55	249
55	258
55	266
55	274
55	282
55	290
55	299
55	308
55	318
55	329
55	341
56	249
56	260
56	270
56	279
56	288
56	296
56	304
56	313
56	322
56	332
56	342
56	355
57	288
57	299
57	310
57	320
57	330
57	340
57	350
57	361
58	326
58	339
58	352
59	252
59	263
59	274
59	284
59	294
59	304
59	315
59	326
59	337
59	348
59	360
60	229
60	240
60	249
60	257
60	265
60	272
60	279
60	286
60	293
60	300
60	307
60	314
60	321
60	328
60	336
60	344
60	352
60	361
60	370
60	380
60	391
60	404
61	221
61	231
61	240
61	248
61	254
61	260
61	265
61	270
61	274
61	279
61	283
61	287
61	291
61	295
61	299
61	303
61	307
61	311
61	315
61	319
61	323
61	327
61	331
61	335
61	339
61	344
61	348
61	353
61	358
61	364
61	370
61	376
61	383
61	390
61	398
61	407
61	417
62	223
62	233
62	241
62	249
62	254
62	260
62	263
62	268
62	272
62	275
62	279
62	282
62	284
62	288
62	291
62	293
62	296
62	299
62	301
62	304
62	306
62	309
62	311
62	314
62	316
62	319
62	321
62	324
62	326
62	329
62	331
62	334
62	336
62	339
62	341
62	344
62	347
62	349
62	353
62	355
62	358
62	361
62	365
62	367
62	371
62	375
62	378
62	383
62	387
62	392
62	397
62	402
62	408
62	415
62	422
62	430
62	440
63	219
63	229
63	237
63	244
63	250
63	256
63	261
63	266
63	271
63	275
63	280
63	283
63	287
63	291
63	293
63	297
63	300
63	302
63	305
63	308
63	310
63	312
63	315
63	317
63	320
63	322
63	324
63	326
63	329
63	331
63	333
63	335
63	338
63	339
63	342
63	344
63	346
63	348
63	351
63	353
63	355
63	358
63	360
63	363
63	365
63	368
63	370
63	373
63	376
63	378
63	382
63	385
63	388
63	392
63	395
63	399
63	403
63	407
63	412
63	417
63	423
63	429
63	436
63	444
63	454
64	212
64	221
64	228
64	233
64	238
64	242
64	246
64	250
64	254
64	257
64	261
64	265
64	268
64	272
64	276
64	279
64	283
64	287
64	291
64	295
64	299
64	303
64	307
64	311
64	315
64	319
64	323
64	327
64	330
64	334
64	337
64	341
64	344
64	348
64	351
64	355
64	358
64	362
64	366
64	369
64	373
64	377
64	381
64	385
64	389
64	394
64	398
64	403
64	408
64	414
64	420
64	427
64	435
64	444
64	455
65	208
65	218
65	225
65	231
65	235
65	240
65	243
65	247
65	250
65	253
65	256
65	259
65	262
65	264
65	267
65	270
65	272
65	275
65	277
65	280
65	283
65	285
65	288
65	290
65	293
65	296
65	298
65	301
65	304
65	307
65	309
65	313
65	315
65	318
65	321
65	324
65	327
65	330
65	334
65	337
65	340
65	344
65	347
65	351
65	354
65	358
65	361
65	364
65	368
65	371
65	374
65	378
65	381
65	384
65	388
65	391
65	395
65	398
65	402
65	406
65	410
65	415
65	419
65	425
65	430
65	436
65	443
65	451
65	460
66	199
66	209
66	217
66	224
66	231
66	237
66	242
66	247
66	252
66	256
66	260
66	263
66	267
66	271
66	273
66	277
66	280
66	283
66	286
66	289
66	292
66	295
66	298
66	301
66	303
66	307
66	309
66	312
66	315
66	317
66	320
66	323
66	325
66	328
66	331
66	333
66	336
66	339
66	341
66	344
66	346
66	349
66	351
66	354
66	356
66	359
66	361
66	363
66	366
66	368
66	370
66	372
66	375
66	377
66	379
66	381
66	384
66	386
66	388
66	391
66	393
66	396
66	398
66	401
66	404
66	406
66	409
66	412
66	415
66	418
66	422
66	425
66	429
66	433
66	437
66	442
66	447
66	453
66	459
66	467
66	476
67	191
67	200
67	207
67	213
67	218
67	223
67	228
67	233
67	238
67	243
67	248
67	253
67	258
67	263
67	269
67	274
67	280
67	286
67	292
67	298
67	303
67	309
67	314
67	319
67	324
67	329
67	333
67	337
67	341
67	345
67	349
67	352
67	356
67	359
67	362
67	365
67	368
67	371
67	374
67	377
67	380
67	383
67	386
67	389
67	392
67	395
67	398
67	401
67	405
67	407
67	411
67	414
67	418
67	421
67	426
67	429
67	434
67	438
67	444
67	449
67	456
67	463
67	472
68	190
68	199
68	204
68	210
68	213
68	218
68	221
68	225
68	229
68	232
68	236
68	239
68	243
68	246
68	250
68	254
68	258
68	262
68	266
68	270
68	275
68	279
68	285
68	290
68	296
68	302
68	309
68	316
68	324
68	332
68	340
68	348
68	356
68	364
68	372
68	380
68	387
68	393
68	399
68	404
68	410
68	415
68	421
68	427
68	434
68	441
68	449
68	458
68	469
69	198
69	208
69	215
69	222
69	228
69	234
69	240
69	246
69	252
69	258
69	264
69	270
69	277
69	284
69	291
69	298
69	306
69	314
69	322
69	330
69	339
69	348
69	357
69	366
69	374
69	382
69	390
69	397
69	404
69	411
69	418
69	425
69	433
69	441
69	449
69	458
69	469
70	202
70	212
70	221
70	230
70	238
70	246
70	255
70	264
70	273
70	282
70	292
70	302
70	313
70	324
70	335
70	347
70	360
70	372
70	383
70	394
70	404
70	413
70	421
70	429
70	436
70	443
70	451
70	459
70	468
70	478
71	193
71	202
71	210
71	216
71	222
71	227
71	232
71	237
71	242
71	247
71	252
71	257
71	262
71	267
71	272
71	277
71	283
71	288
71	294
71	300
71	306
71	313
71	320
71	327
71	335
71	343
71	352
71	361
71	370
71	379
71	388
71	396
71	403
71	410
71	416
71	422
71	428
71	434
71	440
71	447
71	454
71	461
71	469
71	478
72	192
72	201
72	207
72	212
72	217
72	222
72	225
72	230
72	233
72	237
72	241
72	244
72	248
72	251
72	255
72	258
72	262
72	265
72	268
72	272
72	275
72	279
72	282
72	286
72	289
72	293
72	296
72	300
72	304
72	308
72	312
72	316
72	320
72	324
72	328
72	333
72	337
72	342
72	347
72	352
72	357
72	362
72	367
72	372
72	377
72	382
72	387
72	392
72	397
72	402
72	407
72	413
72	418
72	424
72	430
72	437
72	444
72	452
72	462
73	212
73	223
73	232
73	240
73	248
73	255
73	262
73	268
73	274
73	280
73	285
73	291
73	296
73	301
73	306
73	311
73	316
73	321
73	326
73	331
73	336
73	341
73	345
73	350
73	355
73	359
73	364
73	369
73	374
73	379
73	384
73	389
73	395
73	401
73	408
73	416
73	424
73	433
73	443
73	454
74	429
74	440
74	450
74	460
74	472
75	200
75	210
75	219
75	227
75	234
75	241
75	248
75	255
75	262
75	269
75	277
75	285
75	293
75	302
75	311
75	321
75	332
75	344
75	392
75	403
75	413
75	422
75	430
75	437
75	444
75	451
75	458
75	465
75	473
75	482
75	493
76	199
76	209
76	217
76	224
76	230
76	236
76	242
76	248
76	253
76	259
76	264
76	270
76	275
76	281
76	286
76	292
76	298
76	304
76	310
76	316
76	322
76	329
76	336
76	343
76	350
76	358
76	366
76	374
76	382
76	390
76	398
76	406
76	414
76	422
76	430
76	438
76	446
76	455
76	465
76	476
77	232
77	243
77	254
77	264
77	274
77	284
77	294
77	304
77	314
77	324
77	334
77	344
77	355
77	366
77	378
-1	-1
