-1	-1
10	200
11	181
11	192
11	203
11	214
11	225
12	181
12	192
12	203
12	213
12	223
12	233
12	244
13	178
13	188
13	198
13	207
13	216
13	224
13	232
13	240
13	249
13	258
13	268
13	279
14	170
14	180
14	189
14	197
14	204
14	211
14	218
14	225
14	232
14	239
14	246
14	253
14	260
14	268
14	276
14	285
14	295
14	305
14	316
14	327
14	337
14	347
14	358
14	370
15	168
15	178
15	187
15	195
15	203
15	210
15	217
15	223
15	229
15	235
15	241
15	247
15	253
15	259
15	266
15	273
15	281
15	289
15	298
15	307
15	316
15	325
15	334
15	343
15	352
15	362
15	372
15	384
16	168
16	178
16	186
16	194
16	201
16	208
16	215
16	221
16	227
16	233
16	239
16	245
16	251
16	257
16	264
16	271
16	278
16	286
16	294
16	302
16	311
16	320
16	329
16	338
16	347
16	356
16	366
16	377
17	163
17	172
17	180
17	187
17	194
17	201
17	207
17	213
17	219
17	225
17	231
17	237
17	243
17	249
17	255
17	262
17	269
17	276
17	283
17	291
17	299
17	307
17	316
17	325
17	334
17	343
17	352
17	361
17	370
17	380
17	391
18	159
18	168
18	175
18	181
18	187
18	192
18	198
18	203
18	208
18	213
18	218
18	223
18	228
18	234
18	239
18	245
18	251
18	257
18	263
18	269
18	275
18	282
18	289
18	296
18	303
18	310
18	317
18	324
18	331
18	338
18	345
18	352
18	359
18	366
18	373
18	380
18	387
18	395
18	403
18	412
18	423
19	158
19	166
19	173
19	179
19	184
19	189
19	193
19	198
19	202
19	206
19	211
19	215
19	219
19	223
19	227
19	231
19	235
19	239
19	244
19	248
19	253
19	257
19	262
19	266
19	271
19	276
19	280
19	285
19	290
19	295
19	300
19	305
19	310
19	315
19	320
19	325
19	330
19	334
19	339
19	343
19	348
19	352
19	357
19	361
19	366
19	370
19	375
19	380
19	385
19	390
19	396
19	402
19	408
19	415
19	423
19	432
19	442
20	153
20	162
20	169
20	174
20	179
20	183
20	187
20	191
20	194
20	198
20	201
20	205
20	208
20	211
20	215
20	218
20	221
20	224
20	227
20	230
20	233
20	236
20	239
20	242
20	245
20	248
20	251
20	254
20	257
20	260
20	264
20	267
20	270
20	274
20	277
20	280
20	284
20	287
20	291
20	294
20	298
20	301
20	305
20	308
20	312
20	316
20	319
20	323
20	327
20	330
20	334
20	337
20	341
20	344
20	348
20	351
20	355
20	358
20	362
20	366
20	369
20	373
20	377
20	381
20	385
20	389
20	394
20	398
20	403
20	408
20	414
20	420
20	427
20	435
20	444
20	455
21	158
21	167
21	173
21	179
21	184
21	189
21	193
21	197
21	201
21	204
21	208
21	211
21	215
21	218
21	221
21	224
21	227
21	230
21	233
21	236
21	239
21	242
21	245
21	248
21	251
21	254
21	257
21	260
21	263
21	266
21	269
21	272
21	275
21	278
21	281
21	284
21	287
21	290
21	293
21	296
21	299
21	303
21	306
21	309
21	313
21	316
21	320
21	323
21	327
21	330
21	334
21	338
21	341
21	345
21	349
21	353
21	357
21	361
21	365
21	369
21	374
21	378
21	383
21	388
21	393
21	399
21	405
21	412
21	419
21	427
21	437
22	160
22	169
22	177
22	184
22	190
22	196
22	202
22	207
22	212
22	217
22	222
22	226
22	231
22	235
22	239
22	243
22	247
22	251
22	255
22	259
22	263
22	267
22	271
22	275
22	279
22	283
22	287
22	291
22	296
22	300
22	305
22	309
22	314
22	319
22	324
22	329
22	334
22	339
22	345
22	351
22	357
22	363
22	370
22	377
22	385
22	393
22	402
22	412
23	162
23	171
23	179
23	186
23	193
23	199
23	205
23	211
23	217
23	223
23	229
23	235
23	241
23	247
23	253
23	259
23	265
23	271
23	277
23	283
23	289
23	295
23	301
23	308
23	315
23	322
23	329
23	336
23	344
23	352
23	360
23	369
23	378
23	388
23	398
24	162
24	171
24	179
24	185
24	191
24	197
24	202
24	208
24	213
24	219
24	224
24	230
24	236
24	242
24	248
24	254
24	260
24	267
24	274
24	281
24	288
24	295
24	302
24	309
24	317
24	325
24	333
24	341
24	349
24	358
24	367
24	376
24	386
24	396
24	407
25	168
25	177
25	184
25	190
25	195
25	200
25	205
25	210
25	215
25	220
25	225
25	230
25	235
25	240
25	246
25	251
25	257
25	263
25	269
25	275
25	281
25	287
25	293
25	299
25	305
25	311
25	318
25	324
25	331
25	338
25	345
25	352
25	359
25	366
25	373
25	380
25	387
25	395
25	403
25	411
25	420
25	430
26	169
26	178
26	185
26	191
26	195
26	200
26	204
26	208
26	212
26	216
26	220
26	224
26	228
26	232
26	236
26	240
26	245
26	249
26	254
26	258
26	263
26	267
26	272
26	276
26	281
26	285
26	290
26	294
26	299
26	303
26	308
26	312
26	317
26	321
26	326
26	330
26	335
26	339
26	344
26	348
26	353
26	357
26	362
26	367
26	372
26	377
26	382
26	387
26	392
26	397
26	402
26	408
26	414
26	420
26	427
26	434
26	442
26	451
26	461
27	170
27	179
27	186
27	192
27	196
27	201
27	204
27	208
27	211
27	215
27	218
27	221
27	225
27	228
27	231
27	234
27	238
27	240
27	244
27	247
27	250
27	253
27	256
27	259
27	262
27	265
27	268
27	271
27	274
27	277
27	280
27	283
27	286
27	289
27	292
27	295
27	298
27	301
27	304
27	307
27	310
27	313
27	316
27	319
27	322
27	325
27	328
27	331
27	334
27	337
27	340
27	343
27	346
27	349
27	352
27	356
27	358
27	362
27	365
27	368
27	372
27	375
27	378
27	382
27	385
27	389
27	392
27	396
27	399
27	403
27	407
27	411
27	415
27	419
27	424
27	429
27	434
27	440
27	446
27	453
27	461
27	469
27	479
28	171
28	180
28	186
28	192
28	196
28	201
28	204
28	208
28	212
28	214
28	218
28	221
28	224
28	227
28	230
28	233
28	236
28	239
28	242
28	245
28	248
28	251
28	253
28	256
28	259
28	261
28	264
28	267
28	269
28	272
28	275
28	277
28	280
28	282
28	285
28	287
28	290
28	292
28	295
28	297
28	300
28	302
28	305
28	307
28	310
28	312
28	315
28	317
28	320
28	322
28	325
28	327
28	330
28	333
28	335
28	338
28	341
28	343
28	346
28	349
28	351
28	354
28	357
28	359
28	362
28	365
28	368
28	370
28	374
28	376
28	379
28	382
28	385
28	388
28	391
28	394
28	397
28	400
28	403
28	406
28	409
28	413
28	416
28	420
28	424
28	428
28	432
28	437
28	442
28	447
28	453
28	459
28	466
28	473
28	481
28	490
28	501
29	170
29	179
29	186
29	192
29	198
29	203
29	208
29	212
29	217
29	221
29	225
29	229
29	233
29	237
29	240
29	244
29	247
29	251
29	253
29	257
29	260
29	263
29	266
29	269
29	272
29	274
29	277
29	280
29	282
29	285
29	288
29	290
29	293
29	295
29	298
29	300
29	303
29	305
29	308
29	310
29	313
29	315
29	318
29	320
29	323
29	325
29	328
29	330
29	333
29	335
29	338
29	340
29	343
29	346
29	348
29	351
29	354
29	356
29	359
29	362
29	364
29	367
29	370
29	373
29	375
29	379
29	381
29	384
29	387
29	390
29	393
29	396
29	399
29	402
29	405
29	408
29	411
29	415
29	418
29	422
29	426
29	429
29	434
29	438
29	443
29	448
29	453
29	459
29	465
29	472
29	479
29	487
29	496
29	507
30	173
30	183
30	192
30	200
30	207
30	213
30	219
30	224
30	229
30	233
30	238
30	242
30	246
30	250
30	254
30	258
30	261
30	265
30	268
30	272
30	275
30	278
30	282
30	284
30	288
30	291
30	294
30	297
30	300
30	303
30	306
30	309
30	312
30	315
30	318
30	321
30	324
30	327
30	330
30	333
30	336
30	339
30	342
30	345
30	348
30	351
30	354
30	357
30	360
30	363
30	366
30	369
30	373
30	376
30	379
30	383
30	386
30	390
30	393
30	397
30	400
30	404
30	407
30	411
30	415
30	419
30	423
30	427
30	432
30	437
30	442
30	447
30	453
30	459
30	465
30	472
30	479
30	487
30	496
30	506
31	176
31	186
31	195
31	203
31	210
31	217
31	223
31	229
31	234
31	239
31	244
31	249
31	253
31	258
31	262
31	267
31	271
31	276
31	280
31	285
31	289
31	294
31	298
31	303
31	308
31	313
31	318
31	323
31	328
31	333
31	338
31	343
31	348
31	353
31	358
31	364
31	369
31	375
31	381
31	387
31	393
31	399
31	405
31	411
31	417
31	423
31	430
31	437
31	444
31	452
31	460
31	468
31	477
31	486
31	497
32	173
32	183
32	192
32	200
32	208
32	215
32	222
32	229
32	236
32	243
32	249
32	256
32	262
32	269
32	276
32	283
32	290
32	297
32	304
32	311
32	318
32	325
32	332
32	340
32	348
32	356
32	364
32	372
32	380
32	387
32	394
32	401
32	408
32	415
32	423
32	431
32	440
32	449
32	459
32	470
33	177
33	187
33	195
33	203
33	210
33	217
33	224
33	231
33	238
33	245
33	252
33	259
33	266
33	273
33	280
33	288
33	296
33	304
33	312
33	320
33	328
33	336
33	344
33	352
33	360
33	367
33	374
33	381
33	387
33	393
33	398
33	404
33	409
33	415
33	421
33	427
33	433
33	440
33	447
33	455
33	464
33	474
34	177
34	187
34	196
34	203
34	210
34	216
34	222
34	228
34	234
34	240
34	246
34	252
34	258
34	265
34	272
34	279
34	286
34	293
34	301
34	309
34	317
34	325
34	333
34	341
34	348
34	355
34	361
34	367
34	372
34	377
34	382
34	386
34	391
34	394
34	399
34	402
34	407
34	410
34	415
34	419
34	424
34	428
34	433
34	438
34	444
34	450
34	456
34	463
34	471
34	480
34	491
35	187
35	197
35	205
35	212
35	218
35	224
35	230
35	235
35	240
35	245
35	250
35	255
35	261
35	266
35	272
35	278
35	284
35	290
35	296
35	302
35	308
35	314
35	320
35	326
35	332
35	337
35	342
35	347
35	352
35	356
35	360
35	363
35	367
35	371
35	373
35	377
35	380
35	383
35	386
35	389
35	392
35	395
35	398
35	401
35	405
35	407
35	411
35	415
35	418
35	422
35	426
35	430
35	435
35	439
35	445
35	450
35	457
35	464
35	472
35	481
35	492
36	188
36	198
36	206
36	213
36	219
36	225
36	230
36	235
36	240
36	245
36	250
36	254
36	259
36	263
36	268
36	272
36	277
36	282
36	287
36	292
36	297
36	302
36	307
36	312
36	316
36	321
36	325
36	330
36	333
36	337
36	341
36	343
36	347
36	350
36	352
36	355
36	358
36	361
36	363
36	366
36	368
36	371
36	373
36	376
36	378
36	381
36	383
36	386
36	388
36	391
36	394
36	396
36	399
36	402
36	405
36	408
36	411
36	415
36	418
36	422
36	426
36	430
36	435
36	440
36	446
36	452
36	459
36	467
36	476
36	487
37	172
37	182
37	191
37	199
37	205
37	211
37	216
37	221
37	225
37	230
37	234
37	238
37	242
37	246
37	250
37	254
37	258
37	262
37	266
37	270
37	274
37	278
37	282
37	286
37	290
37	294
37	298
37	302
37	306
37	310
37	313
37	317
37	320
37	324
37	327
37	331
37	333
37	337
37	340
37	342
37	345
37	348
37	351
37	353
37	356
37	359
37	361
37	364
37	367
37	369
37	372
37	375
37	377
37	380
37	383
37	386
37	389
37	392
37	395
37	398
37	402
37	405
37	409
37	413
37	417
37	422
37	427
37	433
37	439
37	447
37	456
38	170
38	180
38	189
38	196
38	202
38	207
38	211
38	215
38	219
38	222
38	226
38	229
38	232
38	235
38	239
38	241
38	245
38	248
38	251
38	254
38	257
38	260
38	263
38	266
38	269
38	273
38	276
38	279
38	283
38	286
38	289
38	293
38	296
38	299
38	302
38	305
38	308
38	311
38	314
38	317
38	320
38	322
38	325
38	328
38	330
38	333
38	336
38	338
38	341
38	343
38	346
38	349
38	351
38	354
38	357
38	359
38	362
38	365
38	368
38	371
38	374
38	377
38	380
38	384
38	387
38	391
38	395
38	399
38	404
38	408
38	414
38	420
38	427
38	435
38	445
39	188
39	198
39	204
39	210
39	213
39	218
39	221
39	224
39	228
39	231
39	233
39	236
39	239
39	242
39	244
39	247
39	250
39	252
39	255
39	258
39	260
39	263
39	266
39	268
39	271
39	274
39	276
39	279
39	282
39	284
39	287
39	290
39	292
39	295
39	297
39	300
39	302
39	305
39	307
39	310
39	312
39	314
39	317
39	319
39	322
39	324
39	326
39	329
39	331
39	334
39	336
39	339
39	341
39	344
39	347
39	349
39	352
39	355
39	358
39	361
39	364
39	367
39	371
39	374
39	378
39	382
39	386
39	391
39	396
39	401
39	407
39	414
39	422
39	431
40	193
40	202
40	210
40	216
40	221
40	225
40	230
40	233
40	237
40	241
40	243
40	247
40	249
40	252
40	255
40	257
40	260
40	262
40	265
40	267
40	270
40	272
40	275
40	277
40	280
40	282
40	284
40	287
40	289
40	291
40	294
40	296
40	298
40	301
40	303
40	305
40	307
40	310
40	312
40	314
40	316
40	319
40	320
40	323
40	325
40	327
40	329
40	332
40	334
40	336
40	339
40	341
40	344
40	346
40	349
40	351
40	355
40	357
40	360
40	364
40	366
40	370
40	374
40	377
40	381
40	386
40	390
40	395
40	400
40	406
40	413
40	421
40	431
41	192
41	202
41	210
41	217
41	223
41	229
41	234
41	239
41	243
41	247
41	251
41	254
41	258
41	261
41	264
41	267
41	270
41	272
41	275
41	278
41	280
41	283
41	285
41	288
41	290
41	293
41	295
41	298
41	300
41	303
41	305
41	308
41	310
41	313
41	316
41	318
41	321
41	324
41	327
41	329
41	333
41	335
41	339
41	342
41	345
41	349
41	352
41	356
41	360
41	364
41	368
41	373
41	378
41	384
41	390
41	397
41	405
41	414
42	197
42	207
42	216
42	224
42	232
42	239
42	246
42	252
42	258
42	263
42	268
42	273
42	277
42	282
42	286
42	290
42	294
42	298
42	302
42	306
42	310
42	315
42	319
42	324
42	329
42	334
42	340
42	346
42	352
42	359
42	367
42	376
42	386
42	398
43	192
43	202
43	211
43	219
43	226
43	233
43	240
43	246
43	252
43	258
43	264
43	270
43	275
43	280
43	285
43	290
43	295
43	300
43	305
43	310
43	315
43	320
43	326
43	331
43	337
43	343
43	349
43	356
43	364
43	373
43	383
43	394
44	198
44	209
44	218
44	226
44	233
44	240
44	246
44	252
44	258
44	264
44	270
44	276
44	282
44	288
44	294
44	300
44	306
44	312
44	318
44	324
44	330
44	336
44	342
44	348
44	355
44	362
44	370
44	379
44	389
45	219
45	230
45	239
45	247
45	255
45	262
45	269
45	276
45	283
45	290
45	297
45	305
45	313
45	321
45	329
45	337
45	346
45	355
45	365
45	377
46	250
46	261
46	272
46	282
46	292
46	302
46	312
46	323
47	261
47	273
47	284
47	294
47	304
47	314
47	325
47	336
48	222
48	234
48	245
48	256
48	267
48	277
48	287
48	296
48	305
48	314
48	323
48	332
48	341
48	351
48	363
49	226
49	237
49	247
49	257
49	266
49	275
49	284
49	293
49	302
49	311
49	320
49	330
49	340
49	350
49	364
50	236
50	247
50	257
50	267
50	276
50	285
50	295
50	305
50	315
50	326
51	232
51	244
51	256
51	268
51	280
51	292
52	267
52	279
52	290
52	301
52	312
52	325
53	271
53	282
53	293
53	303
53	313
53	323
53	333
53	344
54	236
54	248
54	259
54	270
54	281
54	292
54	303
54	314
54	325
54	336
54	348
55	241
55	252
55	262
55	272
55	282
55	292
55	302
55	313
56	257
56	269
56	280
56	291
56	302
56	313
56	326
57	246
57	258
57	269
57	280
57	292
57	304
57	317
58	248
58	259
58	269
58	279
58	289
58	299
58	309
58	319
58	329
58	339
58	350
58	362
59	237
59	247
59	256
59	265
59	273
59	281
59	289
59	297
59	305
59	313
59	321
59	329
59	337
59	345
59	353
59	362
59	371
59	381
59	393
60	221
60	231
60	240
60	247
60	253
60	259
60	264
60	270
60	275
60	280
60	285
60	290
60	295
60	300
60	305
60	310
60	315
60	320
60	326
60	331
60	337
60	343
60	349
60	356
60	363
60	371
60	380
60	390
60	401
61	220
61	230
61	239
61	245
61	251
61	256
61	261
61	264
61	269
61	272
61	275
61	279
61	282
61	285
61	288
61	291
61	294
61	297
61	300
61	303
61	306
61	309
61	312
61	315
61	318
61	321
61	324
61	327
61	330
61	334
61	337
61	340
61	344
61	347
61	351
61	355
61	359
61	364
61	369
61	375
61	381
61	387
61	394
61	402
61	412
62	218
62	228
62	237
62	244
62	251
62	256
62	261
62	265
62	270
62	273
62	277
62	280
62	283
62	286
62	289
62	292
62	294
62	297
62	300
62	302
62	304
62	307
62	309
62	311
62	314
62	316
62	318
62	321
62	323
62	325
62	328
62	330
62	332
62	335
62	337
62	339
62	342
62	345
62	347
62	350
62	353
62	356
62	358
62	362
62	365
62	368
62	372
62	376
62	379
62	384
62	388
62	393
62	398
62	404
62	411
62	419
62	428
63	213
63	222
63	230
63	236
63	242
63	247
63	252
63	257
63	262
63	267
63	272
63	277
63	281
63	286
63	290
63	295
63	299
63	303
63	307
63	311
63	315
63	319
63	322
63	326
63	330
63	333
63	337
63	340
63	344
63	348
63	351
63	355
63	359
63	363
63	367
63	372
63	376
63	381
63	386
63	392
63	398
63	405
63	412
63	420
63	429
64	211
64	220
64	227
64	232
64	237
64	241
64	244
64	248
64	251
64	254
64	258
64	261
64	264
64	267
64	270
64	273
64	276
64	279
64	282
64	285
64	288
64	291
64	294
64	297
64	301
64	304
64	307
64	311
64	314
64	318
64	321
64	325
64	329
64	332
64	336
64	340
64	344
64	348
64	352
64	356
64	360
64	364
64	368
64	372
64	376
64	380
64	385
64	389
64	394
64	399
64	405
64	411
64	417
64	425
64	434
64	445
65	210
65	220
65	228
65	233
65	239
65	242
65	247
65	250
65	253
65	256
65	260
65	262
65	265
65	268
65	271
65	273
65	276
65	278
65	281
65	283
65	286
65	288
65	291
65	293
65	295
65	298
65	300
65	302
65	305
65	307
65	309
65	312
65	314
65	316
65	319
65	321
65	323
65	326
65	328
65	330
65	333
65	335
65	337
65	340
65	342
65	344
65	347
65	349
65	351
65	354
65	356
65	358
65	361
65	363
65	365
65	368
65	370
65	372
65	375
65	377
65	379
65	382
65	385
65	387
65	390
65	393
65	396
65	399
65	402
65	406
65	409
65	413
65	417
65	422
65	427
65	433
65	439
65	447
65	456
66	203
66	212
66	220
66	227
66	234
66	240
66	246
66	252
66	257
66	262
66	267
66	271
66	275
66	279
66	283
66	287
66	291
66	294
66	298
66	301
66	304
66	307
66	310
66	313
66	316
66	319
66	321
66	324
66	327
66	329
66	332
66	334
66	337
66	339
66	341
66	343
66	346
66	348
66	350
66	352
66	354
66	356
66	358
66	360
66	362
66	364
66	366
66	368
66	370
66	372
66	374
66	376
66	378
66	380
66	383
66	385
66	387
66	389
66	392
66	395
66	397
66	399
66	403
66	405
66	408
66	412
66	415
66	419
66	423
66	427
66	432
66	437
66	443
66	450
66	458
66	468
67	201
67	210
67	216
67	222
67	227
67	232
67	237
67	242
67	247
67	252
67	257
67	262
67	268
67	274
67	280
67	287
67	294
67	301
67	308
67	315
67	322
67	328
67	334
67	340
67	345
67	350
67	354
67	359
67	363
67	368
67	372
67	377
67	381
67	386
67	390
67	395
67	399
67	404
67	409
67	414
67	420
67	426
67	433
67	441
67	451
68	202
68	211
68	218
68	223
68	228
68	233
68	237
68	242
68	246
68	251
68	255
68	260
68	265
68	270
68	275
68	281
68	287
68	293
68	299
68	306
68	313
68	321
68	329
68	337
68	346
68	355
68	363
68	371
68	379
68	385
68	391
68	397
68	403
68	409
68	415
68	422
68	429
68	437
68	446
69	212
69	223
69	232
69	241
69	249
69	257
69	266
69	275
69	284
69	294
69	304
69	314
69	324
69	334
69	344
69	354
69	363
69	371
69	379
69	386
69	393
69	400
69	407
69	414
69	422
69	431
69	441
70	206
70	215
70	223
70	231
70	239
70	247
70	255
70	263
70	271
70	279
70	288
70	297
70	307
70	318
70	330
70	378
70	389
70	399
70	409
70	418
70	428
70	438
71	202
71	211
71	218
71	224
71	230
71	234
71	239
71	244
71	248
71	253
71	257
71	262
71	266
71	271
71	276
71	281
71	286
71	291
71	296
71	301
71	307
71	312
71	318
71	324
71	330
71	337
71	344
71	351
71	358
71	366
71	374
71	381
71	388
71	395
71	401
71	407
71	413
71	419
71	425
71	432
71	439
71	447
71	456
71	466
72	206
72	214
72	221
72	226
72	231
72	235
72	240
72	243
72	248
72	251
72	255
72	259
72	262
72	266
72	269
72	273
72	276
72	280
72	283
72	287
72	290
72	294
72	297
72	301
72	304
72	308
72	311
72	315
72	319
72	322
72	326
72	330
72	334
72	338
72	342
72	346
72	350
72	354
72	358
72	363
72	367
72	372
72	376
72	381
72	385
72	390
72	394
72	399
72	403
72	408
72	413
72	418
72	423
72	429
72	435
72	442
72	449
72	458
72	469
73	252
73	263
73	272
73	281
73	289
73	296
73	303
73	309
73	315
73	321
73	327
73	332
73	338
73	343
73	348
73	353
73	358
73	363
73	368
73	373
73	378
73	384
73	390
73	397
73	404
73	412
73	421
73	431
75	210
75	220
75	228
75	235
75	242
75	249
75	256
75	263
75	270
75	277
75	284
75	291
75	299
75	307
75	315
75	324
75	333
75	343
75	353
75	364
75	376
75	387
75	398
75	408
75	417
75	426
75	435
75	444
75	454
76	211
76	221
76	229
76	236
76	242
76	248
76	254
76	260
76	265
76	271
76	276
76	282
76	287
76	293
76	299
76	305
76	311
76	317
76	323
76	329
76	336
76	343
76	350
76	357
76	365
76	373
76	381
76	389
76	397
76	405
76	413
76	421
76	429
76	437
76	446
76	456
77	259
77	271
77	282
77	293
77	304
77	315
77	326
77	337
77	349
77	363
-1	-1
