-1	-1
0	351
0	361
0	370
0	378
0	386
0	394
0	403
0	413
0	425
1	359
1	370
1	380
1	390
1	401
2	361
2	372
2	382
2	393
3	371
3	383
4	368
4	379
4	391
5	363
5	374
5	385
6	369
6	381
6	394
7	381
8	380
9	368
9	379
9	390
9	402
9	414
9	426
9	438
9	450
9	462
9	474
10	366
10	377
10	388
10	399
10	410
10	420
10	430
10	440
10	450
10	460
10	470
10	480
10	490
10	501
10	514
10	527
10	540
11	361
11	372
11	382
11	392
11	402
11	412
11	422
11	432
11	442
11	452
11	461
11	471
11	481
11	492
11	504
12	366
12	377
12	387
12	398
12	409
12	420
12	431
12	442
12	453
12	464
12	475
12	487
13	362
13	373
13	384
13	395
13	406
13	417
13	429
13	440
13	451
13	462
13	473
13	484
14	372
14	384
14	396
14	408
14	420
14	432
14	444
14	456
14	468
15	371
15	382
15	393
15	404
15	415
15	426
15	437
15	449
16	361
16	371
16	380
16	389
16	398
16	406
16	414
16	423
16	432
16	441
16	451
16	461
16	473
17	361
17	371
17	380
17	389
17	397
17	405
17	412
17	419
17	426
17	433
17	440
17	447
17	455
17	463
17	472
17	481
17	491
17	501
17	512
17	523
17	535
17	548
17	561
17	575
18	358
18	368
18	377
18	385
18	392
18	399
18	405
18	411
18	416
18	422
18	427
18	432
18	437
18	442
18	447
18	452
18	457
18	463
18	468
18	474
18	480
18	486
18	493
18	500
18	507
18	514
18	521
18	529
18	537
18	545
18	553
18	562
18	571
18	581
18	592
19	357
19	367
19	375
19	383
19	390
19	396
19	402
19	407
19	412
19	416
19	421
19	425
19	429
19	433
19	437
19	441
19	445
19	449
19	453
19	457
19	461
19	465
19	469
19	474
19	478
19	483
19	488
19	493
19	498
19	503
19	509
19	515
19	521
19	527
19	533
19	540
19	547
19	555
19	563
19	572
19	581
19	591
19	603
20	352
20	361
20	369
20	376
20	383
20	389
20	395
20	400
20	405
20	410
20	414
20	419
20	423
20	427
20	431
20	435
20	439
20	443
20	447
20	452
20	456
20	461
20	465
20	470
20	475
20	480
20	485
20	491
20	497
20	503
20	509
20	516
20	523
20	530
20	537
20	545
20	553
20	562
20	571
20	581
20	592
20	604
21	349
21	358
21	365
21	372
21	378
21	384
21	390
21	396
21	402
21	408
21	414
21	419
21	425
21	430
21	436
21	442
21	448
21	454
21	460
21	466
21	472
21	478
21	485
21	492
21	499
21	506
21	513
21	520
21	528
21	536
21	544
21	552
21	561
21	570
21	579
21	589
21	599
21	610
21	623
22	347
22	356
22	364
22	371
22	378
22	385
22	392
22	399
22	406
22	413
22	420
22	427
22	434
22	441
22	448
22	455
22	462
22	469
22	476
22	483
22	491
22	499
22	507
22	515
22	523
22	531
22	539
22	547
22	555
22	563
22	572
22	581
22	590
22	599
22	608
22	618
22	629
23	347
23	356
23	364
23	371
23	378
23	385
23	392
23	399
23	406
23	414
23	422
23	430
23	438
23	446
23	454
23	462
23	470
23	478
23	486
23	494
23	502
23	510
23	518
23	526
23	533
23	541
23	549
23	557
23	565
23	573
23	581
23	590
23	599
23	608
23	618
23	629
24	342
24	351
24	359
24	366
24	372
24	378
24	384
24	390
24	396
24	403
24	409
24	416
24	423
24	430
24	437
24	444
24	451
24	458
24	465
24	472
24	479
24	486
24	493
24	500
24	506
24	512
24	518
24	524
24	530
24	536
24	542
24	548
24	554
24	561
24	568
24	575
24	583
24	591
24	600
24	610
24	621
25	341
25	350
25	357
25	363
25	369
25	374
25	380
25	385
25	391
25	396
25	402
25	407
25	413
25	419
25	425
25	431
25	437
25	443
25	449
25	455
25	461
25	467
25	472
25	478
25	483
25	489
25	494
25	499
25	504
25	509
25	514
25	519
25	523
25	528
25	532
25	537
25	541
25	546
25	551
25	556
25	561
25	567
25	573
25	579
25	586
25	594
25	602
25	611
25	622
26	340
26	349
26	355
26	361
26	366
26	371
26	375
26	380
26	384
26	388
26	392
26	396
26	400
26	404
26	408
26	412
26	416
26	421
26	425
26	430
26	434
26	439
26	443
26	448
26	452
26	457
26	461
26	465
26	469
26	473
26	477
26	481
26	485
26	489
26	493
26	497
26	501
26	505
26	509
26	513
26	516
26	520
26	524
26	528
26	532
26	536
26	540
26	545
26	549
26	554
26	559
26	564
26	570
26	576
26	583
26	590
26	598
26	606
26	615
26	625
27	341
27	350
27	355
27	361
27	364
27	369
27	372
27	376
27	379
27	382
27	385
27	389
27	391
27	395
27	398
27	401
27	404
27	407
27	410
27	413
27	416
27	419
27	423
27	426
27	429
27	433
27	436
27	440
27	443
27	447
27	450
27	454
27	457
27	461
27	464
27	468
27	471
27	475
27	478
27	482
27	485
27	489
27	492
27	496
27	499
27	503
27	506
27	510
27	513
27	517
27	521
27	525
27	529
27	533
27	537
27	542
27	546
27	551
27	556
27	562
27	568
27	575
27	582
27	589
27	596
27	604
27	612
27	620
27	629
27	640
28	342
28	351
28	358
28	363
28	368
28	372
28	375
28	379
28	382
28	385
28	388
28	391
28	394
28	397
28	400
28	403
28	405
28	409
28	411
28	414
28	417
28	420
28	423
28	426
28	429
28	432
28	435
28	438
28	441
28	444
28	447
28	450
28	453
28	456
28	459
28	462
28	465
28	468
28	471
28	474
28	477
28	480
28	484
28	486
28	490
28	493
28	496
28	500
28	503
28	507
28	510
28	514
28	518
28	522
28	526
28	530
28	535
28	539
28	544
28	549
28	554
28	559
28	565
28	571
28	577
28	583
28	589
28	595
28	601
28	607
28	613
28	620
28	627
28	635
28	644
28	654
29	343
29	352
29	359
29	364
29	369
29	373
29	377
29	381
29	384
29	388
29	391
29	394
29	397
29	400
29	403
29	406
29	409
29	412
29	415
29	418
29	421
29	424
29	427
29	430
29	433
29	436
29	439
29	442
29	445
29	448
29	451
29	454
29	457
29	460
29	463
29	466
29	469
29	472
29	475
29	478
29	481
29	485
29	488
29	492
29	495
29	499
29	503
29	506
29	510
29	514
29	518
29	522
29	526
29	530
29	535
29	539
29	544
29	548
29	553
29	558
29	563
29	568
29	574
29	579
29	585
29	591
29	597
29	603
29	608
29	614
29	620
29	626
29	632
29	639
29	647
29	656
29	666
30	347
30	355
30	362
30	367
30	372
30	377
30	381
30	385
30	389
30	392
30	396
30	399
30	403
30	406
30	410
30	413
30	416
30	420
30	423
30	426
30	430
30	433
30	436
30	440
30	443
30	446
30	450
30	453
30	457
30	460
30	464
30	467
30	471
30	475
30	478
30	482
30	486
30	490
30	494
30	498
30	502
30	506
30	511
30	515
30	520
30	524
30	529
30	534
30	538
30	543
30	548
30	553
30	558
30	563
30	568
30	574
30	579
30	585
30	591
30	597
30	604
30	610
30	617
30	624
30	631
30	639
30	648
30	658
31	350
31	360
31	368
31	375
31	382
31	388
31	393
31	398
31	403
31	408
31	412
31	417
31	421
31	425
31	429
31	433
31	437
31	441
31	445
31	449
31	453
31	457
31	462
31	466
31	471
31	475
31	480
31	484
31	489
31	494
31	498
31	503
31	508
31	512
31	517
31	521
31	526
31	530
31	535
31	539
31	544
31	548
31	553
31	557
31	562
31	566
31	571
31	576
31	581
31	586
31	592
31	598
31	605
31	612
31	619
31	627
31	636
31	646
32	351
32	361
32	369
32	376
32	382
32	388
32	393
32	398
32	403
32	408
32	412
32	417
32	421
32	425
32	429
32	433
32	437
32	441
32	445
32	449
32	453
32	457
32	461
32	465
32	469
32	473
32	477
32	482
32	486
32	490
32	495
32	499
32	503
32	508
32	511
32	516
32	519
32	523
32	527
32	530
32	533
32	537
32	540
32	543
32	547
32	550
32	553
32	557
32	560
32	564
32	567
32	571
32	575
32	579
32	584
32	588
32	594
32	599
32	606
32	613
32	621
32	630
32	640
33	348
33	357
33	364
33	370
33	375
33	380
33	384
33	389
33	392
33	396
33	400
33	403
33	407
33	410
33	413
33	417
33	420
33	423
33	426
33	429
33	432
33	435
33	438
33	441
33	444
33	447
33	450
33	453
33	456
33	459
33	462
33	465
33	468
33	471
33	474
33	477
33	480
33	483
33	486
33	489
33	492
33	496
33	498
33	502
33	505
33	508
33	511
33	514
33	517
33	520
33	523
33	526
33	529
33	531
33	534
33	537
33	539
33	542
33	545
33	547
33	550
33	553
33	556
33	559
33	562
33	566
33	568
33	573
33	576
33	580
33	585
33	589
33	595
33	600
33	607
33	614
33	623
33	634
34	347
34	354
34	361
34	365
34	370
34	373
34	377
34	381
34	384
34	387
34	391
34	393
34	396
34	399
34	402
34	404
34	407
34	409
34	412
34	414
34	417
34	419
34	421
34	424
34	426
34	428
34	431
34	432
34	435
34	437
34	439
34	441
34	444
34	445
34	448
34	450
34	452
34	454
34	457
34	458
34	461
34	463
34	465
34	467
34	470
34	471
34	474
34	476
34	478
34	480
34	482
34	485
34	486
34	489
34	491
34	493
34	495
34	497
34	500
34	501
34	504
34	506
34	508
34	510
34	513
34	515
34	517
34	519
34	522
34	524
34	526
34	529
34	531
34	534
34	536
34	538
34	541
34	544
34	546
34	549
34	552
34	555
34	558
34	561
34	565
34	568
34	572
34	576
34	580
34	585
34	590
34	596
34	603
34	611
34	620
35	350
35	359
35	365
35	371
35	375
35	380
35	383
35	387
35	391
35	393
35	397
35	400
35	402
35	405
35	407
35	410
35	412
35	414
35	417
35	419
35	421
35	423
35	425
35	428
35	429
35	432
35	433
35	436
35	438
35	440
35	442
35	443
35	446
35	448
35	449
35	452
35	453
35	455
35	457
35	459
35	461
35	463
35	465
35	467
35	469
35	471
35	473
35	475
35	477
35	479
35	481
35	483
35	485
35	487
35	489
35	491
35	493
35	495
35	497
35	499
35	501
35	503
35	505
35	507
35	509
35	511
35	513
35	515
35	517
35	519
35	522
35	524
35	526
35	528
35	531
35	533
35	536
35	538
35	541
35	544
35	546
35	549
35	553
35	555
35	559
35	563
35	566
35	570
35	575
35	579
35	585
35	591
35	598
35	606
35	616
36	367
36	376
36	383
36	390
36	395
36	400
36	404
36	409
36	412
36	415
36	419
36	422
36	424
36	428
36	431
36	433
36	436
36	439
36	441
36	444
36	446
36	449
36	451
36	454
36	456
36	459
36	461
36	464
36	466
36	469
36	471
36	474
36	476
36	479
36	481
36	484
36	486
36	489
36	491
36	494
36	497
36	499
36	502
36	505
36	508
36	510
36	514
36	517
36	520
36	524
36	527
36	531
36	535
36	538
36	543
36	547
36	552
36	557
36	563
36	570
36	578
36	588
37	377
37	387
37	395
37	402
37	409
37	414
37	420
37	424
37	429
37	433
37	437
37	441
37	445
37	449
37	453
37	456
37	460
37	463
37	467
37	470
37	474
37	477
37	481
37	485
37	488
37	492
37	496
37	500
37	504
37	508
37	513
37	517
37	522
37	527
37	533
37	539
37	546
37	554
37	563
37	574
38	379
38	390
38	399
38	407
38	414
38	421
38	427
38	433
38	439
38	444
38	449
38	454
38	459
38	464
38	469
38	474
38	479
38	484
38	489
38	494
38	500
38	506
38	512
38	518
38	525
38	533
38	541
38	550
38	564
39	382
39	393
39	403
39	412
39	420
39	428
39	435
39	442
39	449
39	456
39	463
39	470
39	477
39	484
39	491
39	498
39	506
39	514
39	522
39	531
39	541
39	553
40	391
40	402
40	412
40	421
40	430
40	438
40	446
40	454
40	462
40	470
40	478
40	486
40	494
40	502
40	510
40	519
40	528
40	537
40	547
41	401
41	412
41	422
41	432
41	441
41	449
41	457
41	465
41	473
41	481
41	489
41	497
41	505
41	514
41	523
41	533
41	544
42	416
42	427
42	437
42	446
42	455
42	463
42	471
42	479
42	487
42	495
42	504
42	513
42	523
42	535
43	429
43	440
43	450
43	460
43	469
43	478
43	487
43	497
43	507
43	518
44	441
44	452
44	463
44	474
44	485
44	496
44	507
44	521
45	458
45	470
45	482
45	494
45	506
46	449
46	461
46	473
46	485
47	446
47	458
47	469
47	480
47	491
47	503
60	456
60	468
60	480
60	492
61	468
61	480
61	491
61	502
61	513
61	524
61	537
62	438
62	449
62	458
62	466
62	474
62	481
62	488
62	495
62	502
62	510
62	518
62	526
62	535
62	545
62	556
63	429
63	439
63	447
63	453
63	459
63	464
63	469
63	474
63	478
63	483
63	487
63	492
63	496
63	501
63	505
63	510
63	514
63	519
63	524
63	529
63	534
63	540
63	546
63	553
63	560
63	568
63	578
64	420
64	430
64	438
64	444
64	450
64	454
64	459
64	462
64	466
64	469
64	472
64	475
64	478
64	481
64	483
64	486
64	489
64	491
64	494
64	497
64	499
64	502
64	504
64	507
64	510
64	512
64	515
64	518
64	520
64	523
64	526
64	528
64	532
64	534
64	538
64	541
64	545
64	548
64	552
64	556
64	560
64	565
64	569
64	575
64	580
64	587
64	595
64	604
65	402
65	412
65	420
65	427
65	434
65	440
65	446
65	451
65	456
65	460
65	464
65	468
65	471
65	474
65	477
65	480
65	482
65	485
65	488
65	490
65	492
65	495
65	497
65	500
65	502
65	504
65	506
65	509
65	511
65	513
65	515
65	518
65	519
65	522
65	524
65	526
65	529
65	531
65	534
65	536
65	539
65	541
65	544
65	547
65	549
65	553
65	556
65	559
65	563
65	566
65	570
65	575
65	579
65	585
65	590
65	596
65	603
65	612
65	624
66	398
66	406
66	412
66	418
66	422
66	427
66	431
66	435
66	439
66	443
66	447
66	451
66	455
66	459
66	463
66	467
66	472
66	476
66	480
66	484
66	488
66	492
66	496
66	500
66	504
66	508
66	512
66	516
66	520
66	525
66	529
66	534
66	538
66	543
66	548
66	553
66	558
66	564
66	569
66	575
66	582
66	589
66	597
66	607
67	399
67	408
67	413
67	418
67	422
67	425
67	429
67	432
67	435
67	438
67	441
67	444
67	447
67	450
67	453
67	456
67	459
67	462
67	465
67	468
67	471
67	474
67	477
67	481
67	484
67	488
67	491
67	495
67	499
67	503
67	507
67	511
67	516
67	520
67	525
67	529
67	534
67	538
67	543
67	547
67	552
67	556
67	561
67	565
67	570
67	574
67	579
67	584
67	589
67	595
67	601
67	608
67	616
67	626
68	409
68	418
68	424
68	430
68	434
68	439
68	442
68	446
68	450
68	453
68	456
68	460
68	462
68	466
68	469
68	472
68	475
68	478
68	481
68	484
68	487
68	490
68	494
68	496
68	500
68	503
68	506
68	510
68	513
68	516
68	520
68	522
68	526
68	529
68	532
68	535
68	538
68	541
68	544
68	547
68	550
68	552
68	555
68	558
68	561
68	564
68	566
68	570
68	572
68	576
68	578
68	582
68	585
68	589
68	593
68	597
68	602
68	607
68	613
68	619
68	626
68	635
68	646
69	403
69	414
69	424
69	433
69	441
69	449
69	456
69	463
69	469
69	475
69	481
69	486
69	492
69	497
69	502
69	507
69	512
69	516
69	521
69	525
69	529
69	533
69	537
69	541
69	544
69	548
69	551
69	554
69	558
69	561
69	565
69	568
69	572
69	576
69	580
69	584
69	588
69	593
69	598
69	604
69	611
69	619
69	628
70	396
70	404
70	411
70	417
70	423
70	429
70	435
70	441
70	447
70	453
70	460
70	467
70	474
70	482
70	490
70	499
70	508
70	518
70	528
70	538
70	548
70	558
70	568
70	579
71	398
71	406
71	412
71	417
71	422
71	426
71	431
71	435
71	439
71	443
71	447
71	451
71	455
71	459
71	464
71	468
71	473
71	478
71	483
71	488
71	494
71	500
71	506
71	512
71	519
71	526
71	533
71	540
71	547
71	554
71	561
71	568
71	575
71	583
71	591
71	600
71	610
72	409
72	418
72	426
72	433
72	439
72	445
72	451
72	456
72	461
72	466
72	471
72	476
72	481
72	486
72	491
72	496
72	501
72	507
72	512
72	518
72	523
72	529
72	535
72	541
72	547
72	552
72	558
72	564
72	570
72	576
72	582
72	589
72	596
72	605
72	615
75	400
75	410
75	419
75	427
75	435
75	443
75	450
75	458
75	466
75	474
75	482
75	491
75	500
75	509
75	519
75	529
75	539
75	549
75	559
75	569
75	579
75	588
75	597
75	607
75	619
76	412
76	422
76	431
76	440
76	448
76	456
76	464
76	472
76	480
76	488
76	496
76	504
76	512
76	520
76	528
76	536
76	544
76	552
76	560
76	568
76	576
76	584
76	592
76	601
76	610
76	621
-1	-1
