-1	-1
0	262
0	271
0	278
0	283
0	289
0	293
0	298
0	303
0	308
0	313
0	318
0	323
0	328
0	334
0	340
0	346
0	353
0	360
0	368
0	376
0	385
0	395
1	269
1	278
1	285
1	292
1	298
1	304
1	310
1	316
1	322
1	329
1	336
1	344
1	352
1	361
1	371
1	385
2	269
2	278
2	285
2	292
2	298
2	304
2	310
2	316
2	323
2	330
2	338
2	346
2	355
2	365
3	269
3	279
3	287
3	294
3	301
3	308
3	315
3	322
3	330
3	338
3	347
3	357
3	368
4	272
4	282
4	291
4	300
4	309
4	318
4	327
4	337
4	348
8	291
8	302
8	313
8	324
8	335
8	346
8	358
8	370
9	287
9	298
9	308
9	317
9	326
9	335
9	344
9	353
9	362
9	371
9	380
9	389
9	399
9	409
9	419
9	429
9	440
9	452
10	287
10	297
10	306
10	315
10	324
10	332
10	340
10	348
10	355
10	362
10	369
10	376
10	383
10	390
10	397
10	404
10	412
10	420
10	428
10	436
10	445
10	454
10	464
10	474
10	485
10	498
11	281
11	291
11	300
11	308
11	316
11	323
11	330
11	337
11	344
11	351
11	357
11	363
11	369
11	375
11	381
11	387
11	393
11	399
11	405
11	411
11	417
11	424
11	430
11	437
11	444
11	451
11	458
11	466
11	474
11	482
11	491
11	500
11	510
11	521
11	532
11	544
12	279
12	289
12	298
12	307
12	315
12	323
12	331
12	339
12	347
12	355
12	363
12	370
12	377
12	385
12	393
12	401
12	409
12	417
12	426
12	435
12	444
12	454
12	465
12	476
13	276
13	286
13	295
13	303
13	311
13	319
13	327
13	335
13	343
13	352
13	361
13	370
13	380
13	390
13	401
13	412
14	280
14	291
14	300
14	309
14	317
14	325
14	333
14	341
14	350
14	359
14	369
14	379
14	390
14	403
15	280
15	290
15	299
15	307
15	314
15	321
15	328
15	335
15	342
15	350
15	358
15	366
15	375
15	384
15	394
15	404
15	415
16	272
16	282
16	290
16	297
16	303
16	309
16	314
16	320
16	325
16	330
16	335
16	340
16	346
16	351
16	357
16	363
16	369
16	376
16	383
16	390
16	398
16	407
16	417
16	428
17	268
17	277
17	284
17	290
17	295
17	300
17	304
17	308
17	312
17	315
17	319
17	323
17	326
17	330
17	334
17	337
17	341
17	345
17	349
17	353
17	357
17	362
17	366
17	371
17	376
17	381
17	387
17	393
17	399
17	406
17	413
17	421
17	429
17	438
17	448
17	459
18	261
18	270
18	276
18	282
18	285
18	290
18	293
18	297
18	300
18	303
18	306
18	309
18	312
18	314
18	317
18	320
18	322
18	325
18	328
18	330
18	333
18	336
18	339
18	341
18	345
18	347
18	350
18	354
18	356
18	360
18	363
18	367
18	370
18	374
18	378
18	382
18	386
18	391
18	396
18	401
18	406
18	412
18	418
18	424
18	431
18	438
18	446
18	454
18	463
18	473
18	484
19	260
19	269
19	275
19	281
19	284
19	289
19	292
19	295
19	299
19	302
19	305
19	308
19	311
19	314
19	317
19	320
19	323
19	325
19	329
19	331
19	334
19	337
19	340
19	343
19	346
19	349
19	352
19	355
19	358
19	361
19	365
19	368
19	372
19	375
19	379
19	383
19	387
19	391
19	396
19	400
19	405
19	410
19	415
19	421
19	427
19	433
19	440
19	447
19	455
19	464
19	474
19	485
20	260
20	269
20	275
20	281
20	285
20	290
20	293
20	298
20	301
20	305
20	308
20	312
20	314
20	318
20	321
20	324
20	327
20	330
20	333
20	336
20	339
20	341
20	344
20	347
20	349
20	352
20	355
20	357
20	360
20	363
20	366
20	368
20	372
20	374
20	377
20	380
20	384
20	386
20	390
20	393
20	397
20	400
20	404
20	408
20	412
20	416
20	421
20	426
20	431
20	436
20	442
20	448
20	454
20	461
20	468
20	476
20	485
20	495
20	506
21	261
21	270
21	277
21	283
21	288
21	292
21	296
21	300
21	303
21	307
21	310
21	313
21	317
21	320
21	323
21	326
21	329
21	332
21	334
21	337
21	340
21	342
21	345
21	347
21	350
21	352
21	354
21	357
21	359
21	361
21	364
21	366
21	368
21	371
21	373
21	375
21	378
21	380
21	383
21	385
21	388
21	390
21	393
21	395
21	398
21	400
21	404
21	406
21	409
21	412
21	415
21	418
21	421
21	425
21	428
21	432
21	435
21	439
21	443
21	447
21	451
21	456
21	460
21	465
21	470
21	476
21	482
21	489
21	496
21	504
21	513
21	523
21	534
22	262
22	272
22	280
22	286
22	292
22	297
22	302
22	306
22	310
22	314
22	318
22	321
22	325
22	328
22	332
22	335
22	338
22	341
22	344
22	347
22	350
22	353
22	356
22	359
22	362
22	365
22	368
22	371
22	374
22	377
22	380
22	383
22	386
22	389
22	392
22	395
22	398
22	401
22	404
22	407
22	410
22	413
22	416
22	419
22	422
22	426
22	428
22	432
22	435
22	439
22	442
22	446
22	449
22	453
22	457
22	461
22	465
22	469
22	474
22	478
22	483
22	488
22	494
22	499
22	505
22	511
22	518
22	525
22	533
22	541
22	550
22	559
22	569
22	580
23	268
23	278
23	286
23	293
23	299
23	305
23	310
23	315
23	320
23	324
23	329
23	333
23	337
23	341
23	344
23	348
23	351
23	354
23	357
23	360
23	363
23	365
23	368
23	371
23	373
23	376
23	378
23	381
23	383
23	386
23	388
23	391
23	393
23	396
23	398
23	401
23	404
23	406
23	409
23	412
23	414
23	417
23	420
23	423
23	425
23	428
23	431
23	434
23	437
23	440
23	443
23	446
23	449
23	453
23	456
23	460
23	464
23	467
23	472
23	476
23	480
23	485
23	489
23	495
23	500
23	506
23	512
23	518
23	525
23	532
23	539
23	546
23	554
23	562
23	571
23	580
23	590
23	601
24	268
24	277
24	284
24	291
24	297
24	303
24	308
24	313
24	318
24	323
24	328
24	332
24	336
24	341
24	344
24	348
24	351
24	354
24	357
24	361
24	362
24	366
24	368
24	371
24	373
24	375
24	378
24	380
24	382
24	384
24	387
24	388
24	391
24	393
24	395
24	397
24	399
24	401
24	403
24	405
24	407
24	409
24	412
24	413
24	416
24	418
24	420
24	423
24	425
24	427
24	429
24	432
24	434
24	437
24	439
24	442
24	445
24	447
24	450
24	453
24	456
24	459
24	462
24	465
24	468
24	472
24	475
24	479
24	483
24	487
24	491
24	496
24	501
24	506
24	512
24	518
24	524
24	531
24	538
24	546
24	554
24	563
24	572
24	581
24	591
24	603
25	276
25	285
25	293
25	300
25	306
25	312
25	318
25	324
25	330
25	335
25	340
25	345
25	350
25	354
25	359
25	363
25	367
25	371
25	374
25	378
25	381
25	385
25	388
25	391
25	394
25	398
25	400
25	404
25	407
25	410
25	413
25	416
25	419
25	422
25	425
25	428
25	431
25	434
25	437
25	440
25	443
25	446
25	449
25	452
25	456
25	459
25	462
25	466
25	469
25	473
25	477
25	481
25	485
25	489
25	494
25	498
25	504
25	509
25	515
25	521
25	527
25	534
25	541
25	548
25	556
25	564
25	573
25	583
25	595
26	278
26	288
26	297
26	304
26	311
26	318
26	324
26	330
26	336
26	341
26	346
26	351
26	354
26	359
26	362
26	366
26	370
26	373
26	377
26	380
26	383
26	387
26	390
26	393
26	396
26	399
26	402
26	405
26	408
26	411
26	414
26	417
26	420
26	423
26	426
26	429
26	433
26	436
26	439
26	443
26	447
26	450
26	455
26	458
26	463
26	467
26	472
26	477
26	482
26	488
26	494
26	500
26	507
26	515
26	523
26	532
26	542
26	553
27	280
27	290
27	298
27	305
27	312
27	318
27	324
27	330
27	336
27	342
27	347
27	352
27	357
27	361
27	365
27	369
27	373
27	376
27	380
27	383
27	386
27	389
27	392
27	394
27	398
27	400
27	403
27	405
27	408
27	411
27	413
27	415
27	418
27	420
27	423
27	425
27	428
27	430
27	433
27	436
27	438
27	441
27	444
27	447
27	449
27	453
27	456
27	459
27	463
27	466
27	470
27	474
27	478
27	483
27	487
27	493
27	498
27	505
27	512
27	520
27	529
27	540
28	278
28	288
28	296
28	303
28	310
28	316
28	322
28	328
28	334
28	340
28	346
28	352
28	358
28	364
28	370
28	376
28	381
28	386
28	391
28	395
28	400
28	403
28	407
28	411
28	414
28	418
28	421
28	424
28	428
28	431
28	434
28	437
28	441
28	444
28	447
28	451
28	454
28	458
28	461
28	465
28	469
28	473
28	477
28	482
28	487
28	492
28	498
28	504
28	511
28	519
28	528
28	538
29	279
29	289
29	297
29	304
29	311
29	317
29	323
29	329
29	335
29	341
29	347
29	353
29	359
29	365
29	371
29	377
29	383
29	389
29	394
29	400
29	405
29	411
29	416
29	422
29	427
29	432
29	437
29	442
29	446
29	451
29	455
29	460
29	464
29	469
29	473
29	478
29	482
29	487
29	492
29	497
29	503
29	509
29	516
29	524
29	533
29	544
30	279
30	289
30	297
30	304
30	311
30	317
30	323
30	329
30	335
30	341
30	347
30	354
30	360
30	367
30	374
30	381
30	388
30	394
30	400
30	406
30	412
30	417
30	422
30	427
30	431
30	435
30	439
30	442
30	446
30	449
30	452
30	455
30	458
30	461
30	464
30	467
30	470
30	473
30	476
30	479
30	482
30	485
30	488
30	492
30	495
30	499
30	503
30	507
30	511
30	516
30	521
30	526
30	532
30	539
30	547
30	556
30	567
31	278
31	288
31	296
31	304
31	311
31	318
31	325
31	332
31	339
31	346
31	353
31	360
31	367
31	374
31	381
31	388
31	395
31	402
31	409
31	416
31	422
31	428
31	433
31	438
31	442
31	446
31	450
31	453
31	457
31	460
31	463
31	466
31	469
31	472
31	475
31	478
31	481
31	485
31	488
31	491
31	495
31	498
31	502
31	506
31	510
31	515
31	519
31	525
31	530
31	536
31	543
31	551
31	560
32	280
32	290
32	299
32	307
32	315
32	323
32	331
32	339
32	346
32	353
32	360
32	367
32	373
32	379
32	385
32	391
32	397
32	403
32	409
32	415
32	421
32	427
32	433
32	439
32	445
32	451
32	457
32	462
32	468
32	473
32	478
32	483
32	487
32	492
32	496
32	501
32	506
32	511
32	516
32	521
32	527
32	533
32	540
32	548
32	557
32	567
33	289
33	300
33	310
33	320
33	330
33	340
33	350
33	360
33	369
33	378
33	386
33	394
33	401
33	408
33	414
33	420
33	426
33	432
33	438
33	443
33	448
33	453
33	458
33	462
33	466
33	470
33	473
33	477
33	481
33	483
33	487
33	490
33	493
33	496
33	499
33	502
33	505
33	508
33	511
33	514
33	517
33	520
33	524
33	527
33	531
33	535
33	539
33	544
33	548
33	554
33	560
33	567
33	575
33	584
33	595
34	283
34	293
34	302
34	311
34	319
34	327
34	335
34	343
34	351
34	359
34	367
34	375
34	384
34	393
34	402
34	411
34	419
34	427
34	435
34	442
34	449
34	455
34	461
34	466
34	471
34	474
34	479
34	482
34	485
34	489
34	491
34	494
34	497
34	500
34	503
34	505
34	508
34	511
34	514
34	517
34	520
34	523
34	526
34	529
34	533
34	536
34	540
34	544
34	548
34	553
34	558
34	564
34	570
34	577
34	585
34	594
34	605
35	288
35	298
35	307
35	315
35	323
35	331
35	339
35	346
35	353
35	360
35	366
35	372
35	378
35	384
35	390
35	397
35	404
35	411
35	418
35	426
35	434
35	442
35	450
35	458
35	466
35	474
35	482
35	489
35	496
35	502
35	508
35	514
35	520
35	526
35	532
35	538
35	545
35	552
35	560
35	568
35	577
35	588
36	287
36	297
36	306
36	315
36	324
36	333
36	342
36	350
36	358
36	366
36	373
36	380
36	387
36	394
36	401
36	407
36	414
36	420
36	426
36	432
36	438
36	444
36	450
36	456
36	462
36	468
36	474
36	480
36	486
36	492
36	498
36	503
36	509
36	514
36	519
36	523
36	528
36	532
36	537
36	541
36	546
36	551
36	556
36	562
36	568
36	575
36	582
36	590
36	599
37	280
37	290
37	299
37	307
37	315
37	323
37	331
37	339
37	348
37	357
37	366
37	376
37	386
37	396
37	405
37	414
37	422
37	430
37	438
37	445
37	452
37	459
37	465
37	471
37	477
37	482
37	488
37	493
37	498
37	502
37	507
37	511
37	514
37	518
37	521
37	524
37	528
37	531
37	534
37	537
37	540
37	544
37	547
37	550
37	554
37	557
37	561
37	565
37	569
37	574
37	579
37	585
37	591
37	598
37	606
37	615
38	287
38	297
38	307
38	317
38	327
38	337
38	346
38	355
38	364
38	373
38	382
38	391
38	401
38	411
38	422
38	434
38	447
38	463
38	476
38	487
38	497
38	505
38	512
38	518
38	523
38	528
38	533
38	537
38	542
38	546
38	551
38	556
38	561
38	566
38	572
38	578
38	585
38	592
38	600
38	610
39	292
39	304
39	315
39	327
39	338
39	348
39	357
39	366
39	374
39	382
39	390
39	398
39	406
39	414
39	423
39	432
39	442
39	452
39	463
39	475
39	529
39	540
39	550
39	559
39	568
39	577
39	587
39	598
40	298
40	310
40	376
40	387
40	398
40	408
40	418
40	427
40	436
40	445
40	454
40	463
40	472
40	482
40	492
40	502
40	512
40	522
40	532
40	541
40	549
40	556
40	562
40	568
40	575
40	582
40	589
40	597
40	605
40	615
40	626
41	508
41	520
41	531
41	540
41	548
41	555
41	562
41	569
41	576
41	583
41	590
41	598
41	606
41	615
41	625
42	578
42	589
42	600
42	611
42	625
43	569
43	579
43	588
43	596
43	604
43	612
43	620
43	629
43	639
44	312
44	562
44	572
44	581
44	589
44	596
44	603
44	610
44	617
44	625
44	634
44	644
44	655
62	347
62	358
62	368
62	377
62	386
62	395
62	404
62	413
62	422
62	431
62	440
62	449
62	458
62	468
62	478
62	488
62	498
62	509
62	520
62	532
62	545
63	337
63	347
63	355
63	362
63	369
63	375
63	381
63	387
63	393
63	399
63	404
63	410
63	415
63	421
63	426
63	432
63	438
63	444
63	450
63	456
63	462
63	468
63	474
63	480
63	486
63	493
63	499
63	506
63	513
63	520
63	527
63	534
63	542
63	550
63	558
63	566
63	574
63	583
63	592
63	602
63	613
64	333
64	342
64	350
64	355
64	361
64	365
64	370
64	373
64	378
64	381
64	385
64	388
64	392
64	395
64	399
64	402
64	405
64	409
64	412
64	415
64	418
64	422
64	424
64	428
64	431
64	434
64	438
64	441
64	444
64	448
64	451
64	454
64	458
64	461
64	465
64	468
64	472
64	475
64	479
64	482
64	486
64	489
64	493
64	496
64	500
64	504
64	507
64	511
64	515
64	519
64	523
64	527
64	531
64	535
64	539
64	543
64	547
64	551
64	556
64	560
64	565
64	569
64	574
64	578
64	583
64	588
64	593
64	598
64	604
64	610
64	616
64	623
64	631
64	640
65	332
65	341
65	348
65	352
65	357
65	361
65	363
65	368
65	370
65	373
65	376
65	379
65	381
65	383
65	386
65	388
65	391
65	392
65	395
65	397
65	399
65	401
65	403
65	405
65	407
65	409
65	411
65	413
65	415
65	417
65	419
65	421
65	423
65	425
65	427
65	429
65	431
65	432
65	435
65	436
65	438
65	440
65	442
65	444
65	446
65	447
65	450
65	451
65	453
65	455
65	457
65	459
65	461
65	463
65	465
65	466
65	469
65	470
65	472
65	474
65	476
65	478
65	480
65	482
65	484
65	486
65	488
65	490
65	492
65	494
65	496
65	498
65	500
65	502
65	504
65	506
65	508
65	510
65	512
65	514
65	516
65	518
65	520
65	523
65	524
65	527
65	529
65	531
65	533
65	536
65	538
65	540
65	542
65	545
65	547
65	549
65	552
65	554
65	556
65	559
65	561
65	563
65	566
65	568
65	570
65	573
65	575
65	578
65	580
65	583
65	586
65	588
65	591
65	594
65	597
65	599
65	603
65	606
65	609
65	613
65	616
65	620
65	625
65	629
65	635
65	640
65	647
65	654
65	663
66	338
66	347
66	353
66	358
66	362
66	366
66	370
66	372
66	376
66	379
66	381
66	383
66	386
66	389
66	391
66	392
66	395
66	397
66	399
66	401
66	403
66	405
66	407
66	409
66	411
66	412
66	414
66	416
66	418
66	419
66	421
66	422
66	424
66	426
66	427
66	429
66	431
66	432
66	433
66	435
66	437
66	438
66	440
66	441
66	443
66	444
66	446
66	447
66	449
66	450
66	452
66	453
66	454
66	456
66	458
66	459
66	460
66	462
66	463
66	465
66	466
66	467
66	469
66	470
66	472
66	473
66	474
66	476
66	477
66	479
66	480
66	481
66	483
66	484
66	486
66	487
66	488
66	490
66	491
66	493
66	494
66	495
66	497
66	498
66	500
66	501
66	502
66	504
66	505
66	507
66	508
66	509
66	511
66	512
66	514
66	515
66	517
66	518
66	519
66	521
66	523
66	524
66	525
66	527
66	528
66	530
66	531
66	533
66	534
66	536
66	537
66	539
66	540
66	542
66	543
66	545
66	546
66	548
66	549
66	551
66	553
66	554
66	555
66	557
66	559
66	560
66	562
66	564
66	565
66	567
66	568
66	570
66	572
66	574
66	575
66	577
66	579
66	581
66	583
66	585
66	587
66	589
66	591
66	593
66	595
66	597
66	599
66	602
66	604
66	607
66	609
66	612
66	615
66	618
66	621
66	625
66	628
66	633
66	637
66	642
66	647
66	654
66	661
66	670
67	371
67	382
67	391
67	399
67	405
67	411
67	415
67	420
67	423
67	428
67	431
67	434
67	438
67	441
67	443
67	447
67	449
67	452
67	455
67	457
67	460
67	463
67	465
67	468
67	470
67	473
67	475
67	478
67	480
67	482
67	485
67	487
67	489
67	492
67	494
67	496
67	499
67	501
67	503
67	505
67	508
67	510
67	512
67	514
67	517
67	519
67	521
67	523
67	526
67	528
67	530
67	532
67	535
67	537
67	539
67	541
67	544
67	546
67	548
67	551
67	553
67	555
67	558
67	560
67	563
67	565
67	568
67	570
67	574
67	576
67	579
67	583
67	586
67	589
67	594
67	597
67	602
67	607
67	612
67	618
67	625
67	633
67	643
70	347
70	357
70	366
70	375
70	384
70	392
70	401
70	410
70	419
70	428
70	438
70	448
70	459
70	470
70	482
70	495
71	337
71	345
71	352
71	358
71	363
71	368
71	373
71	377
71	382
71	386
71	391
71	395
71	400
71	404
71	409
71	413
71	418
71	422
71	427
71	432
71	437
71	442
71	447
71	452
71	457
71	462
71	467
71	473
71	478
71	484
71	490
71	496
71	502
71	508
71	514
71	520
71	526
71	532
71	538
71	545
71	551
71	558
71	565
71	572
71	579
71	586
71	593
71	600
71	607
71	615
71	624
71	635
72	332
72	341
72	346
72	352
72	355
72	360
72	362
72	366
72	369
72	372
72	375
72	378
72	381
72	383
72	386
72	389
72	391
72	394
72	396
72	399
72	401
72	404
72	406
72	409
72	411
72	414
72	416
72	419
72	421
72	424
72	426
72	429
72	431
72	434
72	436
72	439
72	441
72	444
72	446
72	449
72	452
72	454
72	457
72	460
72	462
72	465
72	468
72	470
72	473
72	476
72	478
72	481
72	484
72	487
72	489
72	493
72	495
72	498
72	501
72	504
72	507
72	510
72	513
72	516
72	519
72	522
72	525
72	528
72	531
72	534
72	537
72	540
72	544
72	546
72	550
72	553
72	556
72	560
72	563
72	566
72	570
72	573
72	576
72	580
72	583
72	587
72	590
72	594
72	597
72	601
72	605
72	609
72	614
72	618
72	623
72	628
72	634
72	641
72	649
72	659
73	336
73	343
73	350
73	353
73	358
73	362
73	365
73	369
73	372
73	374
73	378
73	381
73	383
73	386
73	389
73	391
73	394
73	396
73	399
73	401
73	403
73	406
73	408
73	411
73	413
73	415
73	418
73	420
73	422
73	425
73	427
73	429
73	432
73	434
73	436
73	439
73	441
73	443
73	446
73	448
73	450
73	453
73	455
73	457
73	460
73	462
73	464
73	467
73	469
73	471
73	474
73	476
73	478
73	481
73	483
73	485
73	488
73	490
73	492
73	495
73	497
73	499
73	502
73	504
73	506
73	509
73	511
73	514
73	516
73	518
73	521
73	523
73	526
73	528
73	531
73	533
73	536
73	538
73	541
73	543
73	546
73	548
73	551
73	553
73	556
73	558
73	561
73	564
73	566
73	569
73	572
73	574
73	577
73	580
73	583
73	585
73	588
73	591
73	594
73	597
73	600
73	604
73	607
73	611
73	615
73	619
73	624
73	628
73	634
73	640
73	647
73	655
73	665
74	351
74	362
74	371
74	379
74	387
74	394
74	401
74	408
74	414
74	420
74	426
74	432
74	438
74	444
74	449
74	455
74	460
74	466
74	471
74	476
74	481
74	486
74	491
74	496
74	501
74	506
74	511
74	516
74	521
74	526
74	531
74	536
74	541
74	546
74	551
74	557
74	562
74	568
74	574
74	580
74	587
74	594
74	602
74	611
74	623
-1	-1
