-1	-1
0	267
0	276
0	283
0	290
0	296
0	302
0	307
0	313
0	318
0	324
0	330
0	336
0	343
0	351
0	359
0	368
0	379
1	273
1	283
1	292
1	300
1	307
1	314
1	321
1	329
1	337
1	346
1	356
1	368
2	277
2	287
2	296
2	304
2	312
2	321
2	330
2	340
2	351
3	273
3	283
3	292
3	301
3	309
3	318
3	327
3	337
3	348
4	277
4	288
4	298
4	308
4	318
4	328
4	340
5	282
5	293
5	303
5	313
5	324
5	336
6	281
6	292
6	303
6	313
6	324
6	336
7	278
7	289
7	299
7	309
7	319
7	329
7	340
7	351
7	362
7	375
8	277
8	288
8	298
8	307
8	316
8	325
8	334
8	343
8	352
8	361
8	370
8	379
8	389
8	399
8	410
9	286
9	297
9	307
9	316
9	325
9	333
9	341
9	349
9	356
9	363
9	370
9	377
9	384
9	391
9	398
9	406
9	414
9	422
9	431
9	440
9	450
9	461
9	472
9	483
9	495
10	282
10	293
10	303
10	312
10	321
10	329
10	337
10	344
10	351
10	357
10	363
10	369
10	375
10	381
10	386
10	392
10	398
10	404
10	410
10	416
10	423
10	430
10	437
10	445
10	453
10	461
10	469
10	477
10	485
10	493
10	501
10	510
10	520
10	531
11	281
11	292
11	302
11	311
11	319
11	327
11	335
11	343
11	351
11	358
11	365
11	372
11	379
11	386
11	393
11	400
11	407
11	414
11	421
11	429
11	437
11	446
11	455
11	464
11	473
11	482
11	491
11	500
11	509
11	519
11	530
12	290
12	301
12	311
12	320
12	329
12	339
12	349
12	359
12	370
12	381
12	393
12	406
13	291
13	302
13	312
13	321
13	330
13	340
13	350
13	361
13	374
14	290
14	301
14	310
14	319
14	328
14	337
14	346
14	356
14	367
15	283
15	293
15	302
15	310
15	318
15	326
15	334
15	342
15	350
15	359
15	369
15	380
16	278
16	288
16	296
16	303
16	310
16	316
16	322
16	328
16	335
16	342
16	349
16	356
16	364
16	372
16	381
16	391
16	402
17	276
17	285
17	293
17	300
17	306
17	312
17	317
17	323
17	328
17	334
17	339
17	345
17	351
17	357
17	363
17	370
17	377
17	385
17	393
17	402
17	412
18	270
18	279
18	286
18	292
18	298
18	303
18	308
18	312
18	317
18	321
18	325
18	329
18	334
18	338
18	343
18	347
18	352
18	357
18	362
18	367
18	373
18	379
18	385
18	392
18	399
18	407
18	416
18	426
19	267
19	275
19	282
19	287
19	292
19	296
19	301
19	304
19	308
19	312
19	315
19	319
19	322
19	326
19	329
19	333
19	336
19	340
19	343
19	347
19	351
19	355
19	359
19	363
19	367
19	372
19	376
19	381
19	386
19	391
19	397
19	403
19	409
19	416
19	424
19	433
19	443
19	455
20	261
20	270
20	276
20	281
20	284
20	289
20	292
20	295
20	299
20	301
20	304
20	307
20	309
20	312
20	314
20	317
20	319
20	322
20	324
20	327
20	329
20	332
20	334
20	337
20	339
20	342
20	345
20	347
20	350
20	353
20	356
20	358
20	362
20	365
20	368
20	371
20	375
20	378
20	382
20	385
20	389
20	393
20	397
20	401
20	406
20	410
20	416
20	421
20	427
20	433
20	440
20	448
20	457
20	467
21	259
21	268
21	273
21	279
21	282
21	286
21	290
21	292
21	295
21	298
21	301
21	303
21	306
21	309
21	311
21	314
21	316
21	319
21	321
21	324
21	326
21	329
21	331
21	334
21	336
21	339
21	341
21	344
21	346
21	349
21	351
21	354
21	356
21	359
21	361
21	364
21	366
21	369
21	371
21	374
21	376
21	379
21	382
21	384
21	387
21	390
21	393
21	396
21	399
21	402
21	406
21	408
21	413
21	416
21	420
21	424
21	428
21	433
21	438
21	443
21	449
21	455
21	462
21	469
21	477
21	486
21	496
22	258
22	267
22	273
22	279
22	283
22	288
22	292
22	296
22	300
22	304
22	308
22	311
22	315
22	318
22	322
22	325
22	329
22	332
22	335
22	339
22	341
22	345
22	348
22	351
22	354
22	357
22	360
22	362
22	365
22	368
22	371
22	373
22	376
22	379
22	381
22	384
22	387
22	389
22	392
22	395
22	397
22	400
22	403
22	406
22	408
22	412
22	414
22	418
22	420
22	424
22	427
22	431
22	434
22	438
22	442
22	446
22	450
22	455
22	459
22	465
22	470
22	476
22	482
22	489
22	496
22	504
22	513
22	523
22	536
23	258
23	267
23	274
23	281
23	286
23	292
23	297
23	302
23	307
23	311
23	316
23	320
23	324
23	328
23	332
23	335
23	339
23	342
23	345
23	348
23	351
23	354
23	357
23	360
23	362
23	365
23	368
23	371
23	373
23	376
23	379
23	381
23	384
23	387
23	389
23	392
23	395
23	397
23	400
23	403
23	405
23	408
23	411
23	414
23	416
23	420
23	422
23	426
23	428
23	432
23	435
23	438
23	442
23	445
23	449
23	452
23	456
23	460
23	464
23	468
23	472
23	477
23	481
23	486
23	491
23	496
23	501
23	507
23	513
23	519
23	526
23	534
23	542
23	551
23	561
24	259
24	269
24	278
24	285
24	292
24	298
24	304
24	310
24	315
24	320
24	325
24	330
24	333
24	337
24	341
24	342
24	346
24	349
24	351
24	353
24	356
24	358
24	360
24	362
24	364
24	366
24	368
24	370
24	372
24	374
24	376
24	378
24	380
24	382
24	383
24	386
24	387
24	389
24	391
24	393
24	395
24	397
24	398
24	401
24	403
24	404
24	407
24	408
24	410
24	413
24	414
24	417
24	418
24	421
24	423
24	425
24	427
24	430
24	432
24	434
24	437
24	439
24	442
24	445
24	447
24	450
24	453
24	456
24	458
24	462
24	465
24	468
24	471
24	475
24	478
24	482
24	486
24	489
24	494
24	498
24	503
24	507
24	512
24	517
24	523
24	529
24	536
24	543
24	551
24	560
24	570
25	261
25	271
25	280
25	288
25	295
25	302
25	308
25	314
25	320
25	325
25	330
25	334
25	339
25	342
25	346
25	349
25	352
25	354
25	358
25	360
25	362
25	364
25	367
25	369
25	371
25	372
25	375
25	377
25	378
25	381
25	382
25	383
25	386
25	387
25	389
25	391
25	392
25	394
25	396
25	397
25	399
25	401
25	402
25	404
25	406
25	407
25	409
25	411
25	412
25	414
25	416
25	417
25	419
25	421
25	423
25	424
25	426
25	428
25	430
25	431
25	434
25	435
25	437
25	439
25	441
25	443
25	445
25	447
25	449
25	451
25	454
25	455
25	458
25	460
25	463
25	465
25	468
25	470
25	473
25	476
25	478
25	482
25	485
25	488
25	492
25	495
25	499
25	503
25	507
25	512
25	517
25	522
25	528
25	534
25	541
25	549
25	558
25	568
26	268
26	278
26	287
26	295
26	302
26	309
26	315
26	321
26	327
26	332
26	337
26	342
26	346
26	351
26	355
26	360
26	363
26	368
26	371
26	375
26	379
26	382
26	385
26	389
26	392
26	395
26	398
26	401
26	404
26	407
26	410
26	413
26	416
26	419
26	421
26	424
26	427
26	429
26	432
26	435
26	437
26	440
26	443
26	445
26	448
26	450
26	453
26	456
26	458
26	461
26	464
26	467
26	469
26	473
26	475
26	479
26	482
26	485
26	489
26	492
26	496
26	499
26	504
26	508
26	513
26	518
26	523
26	529
26	536
26	543
26	551
26	561
27	278
27	288
27	297
27	304
27	311
27	317
27	323
27	329
27	334
27	339
27	343
27	348
27	352
27	356
27	360
27	364
27	368
27	372
27	375
27	379
27	382
27	386
27	389
27	392
27	396
27	399
27	402
27	405
27	408
27	411
27	414
27	417
27	420
27	423
27	426
27	429
27	433
27	436
27	439
27	443
27	446
27	450
27	453
27	457
27	460
27	464
27	468
27	472
27	476
27	481
27	486
27	491
27	496
27	502
27	508
27	515
27	523
27	532
27	543
28	276
28	286
28	294
28	301
28	307
28	313
28	318
28	323
28	328
28	333
28	338
28	343
28	348
28	353
28	358
28	363
28	368
28	372
28	377
28	381
28	385
28	389
28	392
28	395
28	399
28	401
28	404
28	407
28	410
28	412
28	415
28	417
28	420
28	422
28	425
28	427
28	430
28	432
28	435
28	437
28	440
28	443
28	445
28	448
28	451
28	454
28	457
28	460
28	464
28	467
28	471
28	475
28	479
28	484
28	488
28	494
28	499
28	506
28	513
28	521
28	531
29	280
29	290
29	299
29	307
29	314
29	320
29	326
29	332
29	338
29	345
29	352
29	359
29	367
29	375
29	383
29	390
29	396
29	402
29	406
29	411
29	415
29	419
29	423
29	427
29	431
29	434
29	438
29	442
29	445
29	449
29	453
29	457
29	461
29	465
29	469
29	474
29	479
29	485
29	491
29	497
29	504
29	512
29	521
29	533
30	282
30	293
30	302
30	310
30	318
30	325
30	332
30	339
30	346
30	354
30	363
30	372
30	382
30	392
30	401
30	410
30	419
30	427
30	434
30	441
30	448
30	455
30	462
30	469
30	477
30	486
30	496
31	286
31	296
31	305
31	313
31	320
31	327
31	334
31	341
31	348
31	356
31	365
31	374
31	384
31	394
31	403
31	412
31	420
31	427
31	433
31	438
31	443
31	448
31	453
31	457
31	462
31	467
31	472
31	477
31	483
31	489
31	496
31	504
31	513
31	524
32	288
32	298
32	307
32	315
32	323
32	331
32	339
32	347
32	356
32	366
32	377
32	411
32	421
32	430
32	437
32	443
32	448
32	453
32	458
32	463
32	468
32	473
32	478
32	484
32	490
32	497
32	504
32	512
32	521
32	533
33	289
33	299
33	308
33	316
33	324
33	332
33	341
33	350
33	360
33	371
33	441
33	452
33	462
33	471
33	480
33	489
33	499
33	510
34	287
34	297
34	306
34	315
34	324
34	333
34	342
34	352
34	363
34	458
34	468
34	476
34	484
34	492
34	500
34	508
34	517
34	527
35	287
35	297
35	306
35	314
35	322
35	331
35	340
35	349
35	358
35	367
35	377
35	387
35	398
35	456
35	465
35	473
35	480
35	487
35	494
35	501
35	508
35	516
35	525
35	535
35	546
36	296
36	307
36	317
36	327
36	337
36	346
36	355
36	364
36	373
36	382
36	391
36	400
36	409
36	419
36	429
36	440
36	451
36	462
36	472
36	481
36	489
36	496
36	503
36	511
36	519
36	528
36	538
36	549
37	299
37	310
37	320
37	330
37	341
37	352
37	363
37	374
37	385
37	396
37	406
37	416
37	426
37	436
37	446
37	455
37	463
37	471
37	478
37	483
37	489
37	493
37	498
37	503
37	507
37	512
37	517
37	522
37	528
37	534
37	540
37	547
37	555
37	564
37	575
38	302
38	313
38	323
38	333
38	343
38	354
38	365
38	377
38	442
38	453
38	462
38	470
38	476
38	481
38	485
38	490
38	493
38	497
38	501
38	504
38	508
38	511
38	515
38	518
38	522
38	526
38	530
38	535
38	539
38	545
38	550
38	556
38	563
38	571
38	580
39	310
39	322
39	333
39	343
39	353
39	363
39	373
39	383
39	393
39	404
39	416
39	469
39	479
39	487
39	493
39	499
39	505
39	511
39	516
39	522
39	528
39	534
39	541
39	548
39	556
39	566
40	341
40	353
40	364
40	374
40	384
40	394
40	404
40	414
40	425
40	437
40	500
40	511
40	521
40	530
40	539
40	549
40	561
41	472
41	484
41	494
41	503
41	511
41	518
41	524
41	530
41	536
41	542
41	548
41	555
41	563
41	571
41	580
41	593
42	316
42	496
42	506
42	514
42	521
42	528
42	534
42	541
42	547
42	554
42	561
42	569
42	577
42	586
42	597
43	548
43	559
43	570
43	582
44	538
44	548
44	557
44	565
44	573
44	582
44	591
44	601
45	518
45	529
45	539
45	548
45	556
45	564
45	572
45	581
45	590
45	600
46	531
46	544
62	371
62	383
62	394
62	405
62	416
62	427
62	438
62	450
62	463
63	347
63	357
63	366
63	374
63	382
63	389
63	396
63	403
63	410
63	417
63	424
63	431
63	438
63	445
63	452
63	460
63	468
63	476
63	484
63	493
63	502
63	511
63	521
63	531
63	542
64	338
64	347
64	354
64	361
64	366
64	372
64	376
64	381
64	385
64	390
64	394
64	398
64	402
64	406
64	410
64	414
64	418
64	422
64	426
64	430
64	434
64	438
64	442
64	446
64	450
64	455
64	459
64	464
64	468
64	473
64	478
64	483
64	488
64	493
64	498
64	503
64	508
64	514
64	519
64	525
64	531
64	537
64	544
64	551
64	558
64	566
64	575
64	586
65	337
65	344
65	351
65	355
65	360
65	363
65	367
65	371
65	373
65	377
65	380
65	382
65	385
65	388
65	391
65	393
65	395
65	398
65	401
65	402
65	405
65	408
65	410
65	412
65	415
65	417
65	419
65	422
65	424
65	426
65	429
65	431
65	433
65	436
65	438
65	440
65	443
65	445
65	447
65	450
65	452
65	454
65	457
65	459
65	462
65	464
65	467
65	469
65	472
65	474
65	477
65	479
65	482
65	485
65	487
65	490
65	493
65	495
65	498
65	501
65	504
65	506
65	509
65	512
65	515
65	518
65	521
65	524
65	527
65	530
65	533
65	536
65	539
65	543
65	546
65	550
65	554
65	558
65	562
65	567
65	571
65	577
65	582
65	588
65	595
65	604
65	615
66	338
66	346
66	352
66	356
66	361
66	363
66	368
66	371
66	373
66	376
66	379
66	381
66	383
66	386
66	388
66	390
66	392
66	394
66	396
66	398
66	400
66	402
66	403
66	406
66	407
66	409
66	411
66	412
66	414
66	416
66	418
66	419
66	421
66	422
66	424
66	426
66	427
66	429
66	431
66	432
66	434
66	435
66	437
66	439
66	440
66	442
66	443
66	445
66	447
66	448
66	450
66	451
66	453
66	454
66	456
66	458
66	459
66	461
66	462
66	464
66	466
66	467
66	469
66	470
66	472
66	474
66	475
66	477
66	478
66	480
66	482
66	483
66	485
66	486
66	488
66	490
66	491
66	493
66	495
66	496
66	498
66	500
66	501
66	503
66	505
66	506
66	508
66	510
66	511
66	513
66	515
66	517
66	518
66	520
66	522
66	524
66	525
66	527
66	529
66	531
66	533
66	535
66	536
66	539
66	540
66	543
66	545
66	546
66	549
66	551
66	554
66	556
66	558
66	561
66	564
66	566
66	569
66	573
66	576
66	579
66	584
66	587
66	592
66	597
66	603
66	609
66	617
66	627
67	358
67	368
67	376
67	382
67	388
67	393
67	397
67	402
67	404
67	409
67	411
67	414
67	418
67	420
67	423
67	425
67	428
67	431
67	432
67	435
67	437
67	440
67	442
67	443
67	446
67	448
67	450
67	452
67	454
67	456
67	458
67	460
67	462
67	463
67	466
67	467
67	469
67	471
67	473
67	474
67	476
67	478
67	480
67	481
67	483
67	485
67	487
67	488
67	490
67	492
67	493
67	495
67	497
67	499
67	500
67	502
67	504
67	505
67	507
67	509
67	510
67	512
67	514
67	516
67	517
67	519
67	521
67	523
67	524
67	526
67	528
67	530
67	532
67	534
67	535
67	538
67	539
67	542
67	544
67	546
67	548
67	550
67	553
67	555
67	558
67	560
67	564
67	566
67	569
67	573
67	576
67	580
67	585
67	589
67	595
67	601
67	608
67	617
68	441
68	452
68	462
68	471
68	479
68	487
68	495
68	503
68	511
68	519
68	527
68	536
68	546
70	356
70	367
70	377
70	387
70	397
70	407
70	418
70	429
70	441
71	339
71	348
71	355
71	362
71	368
71	374
71	380
71	385
71	390
71	395
71	400
71	405
71	410
71	415
71	421
71	426
71	432
71	438
71	444
71	450
71	456
71	463
71	470
71	477
71	484
71	491
71	499
71	507
71	515
71	523
71	531
71	539
71	548
71	557
71	566
71	576
71	588
72	337
72	344
72	351
72	354
72	360
72	363
72	367
72	371
72	373
72	377
72	380
72	383
72	386
72	389
72	392
72	395
72	398
72	401
72	403
72	407
72	409
72	412
72	415
72	418
72	420
72	424
72	426
72	429
72	432
72	435
72	438
72	441
72	444
72	447
72	450
72	453
72	456
72	459
72	462
72	466
72	468
72	472
72	475
72	478
72	482
72	485
72	489
72	492
72	496
72	499
72	503
72	507
72	510
72	514
72	518
72	522
72	526
72	530
72	534
72	538
72	542
72	546
72	550
72	555
72	559
72	564
72	568
72	573
72	578
72	584
72	590
72	597
72	605
72	615
73	337
73	344
73	351
73	354
73	360
73	362
73	367
73	370
73	373
73	376
73	379
73	382
73	384
73	387
73	390
73	392
73	395
73	397
73	400
73	402
73	405
73	407
73	410
73	412
73	414
73	417
73	419
73	421
73	424
73	426
73	428
73	431
73	433
73	435
73	438
73	440
73	442
73	445
73	447
73	449
73	452
73	454
73	456
73	459
73	461
73	464
73	466
73	468
73	471
73	473
73	476
73	478
73	481
73	483
73	486
73	488
73	491
73	493
73	496
73	498
73	501
73	503
73	506
73	508
73	511
73	514
73	516
73	519
73	522
73	524
73	527
73	530
73	533
73	535
73	539
73	541
73	544
73	547
73	550
73	553
73	556
73	559
73	563
73	566
73	569
73	574
73	577
73	582
73	586
73	591
73	596
73	602
73	609
73	617
73	627
74	351
74	361
74	370
74	378
74	385
74	391
74	397
74	403
74	409
74	414
74	419
74	424
74	429
74	434
74	439
74	443
74	448
74	452
74	457
74	461
74	466
74	470
74	474
74	479
74	483
74	487
74	492
74	496
74	500
74	505
74	509
74	514
74	518
74	523
74	527
74	532
74	537
74	542
74	547
74	552
74	558
74	564
74	571
74	578
74	587
74	598
-1	-1
