-1	-1
0	240
0	250
0	258
0	264
0	270
0	275
0	281
0	286
0	292
0	297
0	303
0	309
0	315
0	322
0	329
0	337
0	345
0	354
0	364
1	250
1	260
1	268
1	275
1	282
1	289
1	296
1	303
1	311
1	319
1	328
1	337
1	347
2	252
2	262
2	271
2	279
2	286
2	293
2	301
2	309
2	317
2	326
2	336
2	347
3	251
3	261
3	270
3	278
3	286
3	294
3	302
3	310
3	319
3	328
3	338
4	250
4	260
4	269
4	278
4	286
4	294
4	302
4	310
4	319
4	329
4	339
4	351
5	249
5	260
5	270
5	280
5	289
5	299
5	309
5	319
5	330
5	342
5	355
6	267
6	279
6	291
7	269
7	281
7	292
7	304
7	316
7	328
7	340
7	352
7	365
8	262
8	273
8	283
8	293
8	303
8	312
8	321
8	330
8	339
8	348
8	357
8	366
8	376
8	386
8	397
8	409
8	422
9	257
9	267
9	276
9	284
9	292
9	300
9	308
9	315
9	322
9	329
9	335
9	342
9	349
9	356
9	363
9	370
9	377
9	384
9	392
9	400
9	408
9	416
9	424
9	433
9	442
9	451
9	460
9	470
9	480
9	491
9	503
10	258
10	268
10	277
10	285
10	292
10	299
10	306
10	313
10	319
10	325
10	331
10	337
10	343
10	349
10	355
10	361
10	367
10	374
10	380
10	387
10	394
10	401
10	408
10	415
10	422
10	429
10	436
10	443
10	450
10	457
10	465
10	473
10	481
10	489
10	498
10	507
10	517
10	528
11	257
11	267
11	276
11	284
11	292
11	300
11	308
11	316
11	323
11	330
11	337
11	344
11	351
11	358
11	366
11	374
11	382
11	390
11	399
11	408
11	417
11	426
11	434
11	442
11	450
11	458
11	466
11	475
11	484
11	493
11	502
11	512
11	522
11	532
11	542
11	553
11	564
11	576
12	257
12	267
12	276
12	284
12	292
12	300
12	308
12	316
12	324
12	332
12	341
12	350
12	359
12	369
12	379
12	391
13	252
13	262
13	271
13	280
13	288
13	296
13	304
13	312
13	320
13	328
13	336
13	345
13	354
13	364
13	374
13	386
14	251
14	261
14	270
14	278
14	285
14	292
14	299
14	306
14	313
14	320
14	327
14	334
14	341
14	349
14	357
14	366
14	375
14	385
14	396
15	248
15	258
15	266
15	273
15	280
15	286
15	292
15	297
15	303
15	308
15	314
15	319
15	325
15	330
15	336
15	342
15	348
15	355
15	362
15	369
15	377
15	386
15	395
15	405
16	243
16	253
16	261
16	268
16	274
16	280
16	284
16	289
16	293
16	298
16	302
16	306
16	311
16	315
16	319
16	324
16	328
16	333
16	337
16	342
16	347
16	352
16	357
16	363
16	369
16	375
16	382
16	389
16	397
16	405
16	414
16	424
17	239
17	248
17	255
17	261
17	266
17	271
17	275
17	280
17	283
17	287
17	291
17	294
17	298
17	301
17	305
17	308
17	311
17	315
17	318
17	321
17	325
17	328
17	331
17	335
17	338
17	342
17	345
17	349
17	353
17	357
17	361
17	365
17	369
17	374
17	378
17	384
17	389
17	395
17	401
17	408
17	415
17	423
17	432
17	442
17	455
18	237
18	245
18	251
18	256
18	261
18	264
18	269
18	272
18	275
18	279
18	282
18	285
18	288
18	291
18	294
18	297
18	300
18	302
18	305
18	308
18	310
18	313
18	316
18	318
18	321
18	324
18	326
18	329
18	332
18	335
18	337
18	340
18	343
18	346
18	349
18	352
18	355
18	358
18	362
18	365
18	369
18	372
18	376
18	380
18	384
18	388
18	393
18	398
18	403
18	408
18	414
18	420
18	427
18	435
18	443
18	452
18	462
19	237
19	245
19	252
19	256
19	261
19	264
19	268
19	271
19	274
19	277
19	280
19	283
19	285
19	289
19	291
19	294
19	296
19	299
19	302
19	304
19	307
19	309
19	312
19	314
19	317
19	319
19	322
19	324
19	327
19	329
19	332
19	334
19	337
19	339
19	342
19	344
19	347
19	349
19	352
19	354
19	357
19	359
19	362
19	365
19	367
19	370
19	373
19	376
19	379
19	382
19	385
19	388
19	392
19	395
19	399
19	403
19	407
19	411
19	416
19	421
19	426
19	432
19	438
19	445
19	452
19	460
19	469
19	479
19	490
20	233
20	242
20	249
20	254
20	260
20	263
20	268
20	271
20	275
20	278
20	282
20	284
20	288
20	291
20	293
20	297
20	299
20	302
20	305
20	308
20	310
20	313
20	316
20	318
20	321
20	323
20	326
20	328
20	331
20	333
20	335
20	338
20	340
20	342
20	344
20	347
20	349
20	351
20	353
20	355
20	358
20	359
20	362
20	364
20	366
20	368
20	371
20	373
20	375
20	377
20	380
20	382
20	384
20	387
20	389
20	392
20	394
20	397
20	399
20	403
20	405
20	408
20	411
20	415
20	417
20	421
20	425
20	428
20	433
20	437
20	442
20	447
20	452
20	458
20	464
20	471
20	478
20	486
20	495
20	505
20	517
21	233
21	242
21	250
21	256
21	262
21	267
21	272
21	276
21	281
21	284
21	289
21	292
21	296
21	300
21	303
21	307
21	311
21	314
21	318
21	321
21	325
21	328
21	331
21	334
21	337
21	340
21	342
21	345
21	348
21	350
21	352
21	355
21	357
21	360
21	362
21	363
21	366
21	368
21	370
21	372
21	374
21	376
21	378
21	380
21	382
21	384
21	386
21	388
21	390
21	392
21	394
21	396
21	398
21	400
21	403
21	405
21	407
21	409
21	412
21	414
21	417
21	419
21	422
21	425
21	427
21	430
21	434
21	436
21	439
21	443
21	446
21	450
21	454
21	458
21	462
21	467
21	471
21	476
21	481
21	487
21	493
21	500
21	507
21	515
21	524
21	534
22	236
22	245
22	253
22	260
22	266
22	272
22	277
22	282
22	287
22	292
22	297
22	302
22	307
22	312
22	316
22	321
22	325
22	329
22	333
22	337
22	341
22	344
22	348
22	351
22	354
22	358
22	361
22	364
22	367
22	370
22	372
22	375
22	378
22	380
22	383
22	385
22	388
22	390
22	392
22	395
22	397
22	399
22	402
22	403
22	406
22	408
22	410
22	413
22	415
22	417
22	419
22	422
22	424
22	426
22	429
22	431
22	434
22	436
22	439
22	441
22	444
22	447
22	449
22	453
22	455
22	459
22	462
22	465
22	469
22	472
22	476
22	479
22	484
22	487
22	492
22	496
22	501
22	506
22	512
22	518
22	525
22	532
22	540
22	549
22	558
22	568
22	579
23	238
23	248
23	256
23	263
23	270
23	276
23	283
23	289
23	295
23	301
23	307
23	313
23	318
23	323
23	327
23	332
23	334
23	339
23	342
23	345
23	348
23	351
23	353
23	356
23	359
23	361
23	364
23	366
23	369
23	371
23	374
23	376
23	379
23	381
23	383
23	386
23	388
23	390
23	393
23	395
23	397
23	400
23	401
23	404
23	406
23	408
23	410
23	412
23	414
23	416
23	418
23	420
23	422
23	424
23	426
23	428
23	430
23	432
23	434
23	436
23	438
23	440
23	443
23	445
23	447
23	449
23	452
23	454
23	456
23	459
23	461
23	464
23	467
23	469
23	472
23	475
23	478
23	481
23	485
23	487
23	491
23	495
23	498
23	503
23	507
23	511
23	516
23	521
23	526
23	532
23	538
23	545
23	552
23	560
23	568
23	577
23	587
23	598
24	239
24	249
24	258
24	266
24	273
24	280
24	287
24	293
24	299
24	305
24	311
24	316
24	321
24	326
24	331
24	335
24	340
24	343
24	347
24	351
24	353
24	357
24	360
24	362
24	364
24	367
24	370
24	372
24	373
24	376
24	379
24	380
24	382
24	385
24	386
24	389
24	391
24	393
24	395
24	397
24	399
24	401
24	403
24	405
24	407
24	409
24	411
24	413
24	415
24	417
24	419
24	421
24	423
24	425
24	427
24	429
24	431
24	433
24	435
24	437
24	439
24	442
24	443
24	446
24	448
24	450
24	453
24	455
24	457
24	460
24	462
24	465
24	467
24	470
24	472
24	475
24	478
24	480
24	484
24	486
24	490
24	493
24	497
24	500
24	504
24	508
24	512
24	516
24	521
24	526
24	531
24	537
24	543
24	549
24	556
24	564
24	572
24	581
24	591
24	602
25	258
25	269
25	278
25	286
25	293
25	300
25	306
25	312
25	317
25	322
25	326
25	331
25	335
25	339
25	343
25	347
25	351
25	355
25	359
25	363
25	366
25	370
25	373
25	376
25	379
25	382
25	384
25	387
25	390
25	392
25	394
25	397
25	399
25	401
25	403
25	406
25	408
25	410
25	412
25	415
25	417
25	419
25	422
25	424
25	426
25	429
25	431
25	434
25	436
25	439
25	441
25	444
25	447
25	449
25	452
25	455
25	458
25	460
25	464
25	466
25	470
25	473
25	476
25	480
25	483
25	487
25	491
25	495
25	499
25	504
25	508
25	513
25	518
25	524
25	530
25	537
25	544
25	552
25	561
25	571
26	267
26	277
26	286
26	294
26	302
26	309
26	315
26	321
26	326
26	331
26	336
26	341
26	346
26	351
26	356
26	360
26	365
26	370
26	374
26	379
26	383
26	388
26	391
26	395
26	399
26	402
26	406
26	409
26	413
26	416
26	419
26	423
26	426
26	429
26	433
26	436
26	440
26	444
26	448
26	452
26	456
26	460
26	465
26	469
26	474
26	479
26	485
26	490
26	496
26	502
26	509
26	516
26	524
26	533
26	543
26	555
27	266
27	277
27	286
27	295
27	304
27	312
27	320
27	328
27	336
27	344
27	352
27	359
27	366
27	373
27	380
27	386
27	392
27	397
27	402
27	407
27	412
27	416
27	421
27	425
27	430
27	434
27	439
27	443
27	448
27	453
27	458
27	463
27	468
27	474
27	480
27	486
27	493
27	500
27	507
27	515
27	523
27	532
27	543
28	257
28	268
28	278
28	287
28	296
28	304
28	312
28	320
28	328
28	335
28	342
28	349
28	356
28	363
28	370
28	377
28	384
28	391
28	397
28	402
28	407
28	412
28	415
28	420
28	423
28	427
28	431
28	434
28	438
28	441
28	445
28	448
28	452
28	455
28	459
28	463
28	466
28	470
28	474
28	478
28	483
28	487
28	492
28	497
28	503
28	509
28	516
28	523
28	531
28	540
28	553
29	260
29	271
29	281
29	291
29	301
29	311
29	321
29	330
29	339
29	347
29	355
29	363
29	371
29	379
29	388
29	397
29	405
29	412
29	417
29	422
29	426
29	431
29	434
29	438
29	441
29	444
29	448
29	451
29	454
29	457
29	461
29	464
29	467
29	471
29	474
29	478
29	481
29	485
29	489
29	493
29	497
29	502
29	507
29	512
29	518
29	524
29	531
29	538
29	546
29	556
30	261
30	272
30	282
30	292
30	302
30	312
30	322
30	332
30	342
30	351
30	361
30	371
30	381
30	392
30	403
30	413
30	422
30	430
30	438
30	444
30	450
30	455
30	461
30	466
30	471
30	476
30	481
30	486
30	491
30	496
30	502
30	508
30	514
30	521
30	528
30	536
30	545
30	555
31	268
31	279
31	289
31	299
31	309
31	319
31	328
31	336
31	344
31	352
31	360
31	368
31	377
31	386
31	396
31	406
31	417
31	427
31	437
31	446
31	454
31	461
31	468
31	474
31	480
31	485
31	490
31	495
31	500
31	506
31	511
31	517
31	523
31	530
31	537
31	545
31	554
31	564
32	268
32	279
32	289
32	298
32	307
32	316
32	325
32	334
32	343
32	351
32	359
32	367
32	375
32	384
32	393
32	403
32	413
32	424
32	434
32	443
32	451
32	458
32	463
32	469
32	473
32	478
32	481
32	485
32	489
32	492
32	496
32	499
32	503
32	506
32	510
32	514
32	517
32	522
32	526
32	530
32	535
32	540
32	546
32	552
32	559
32	567
32	576
32	586
33	266
33	277
33	286
33	295
33	304
33	313
33	322
33	331
33	340
33	349
33	358
33	368
33	378
33	388
33	399
33	410
33	422
33	433
33	444
33	453
33	461
33	468
33	473
33	478
33	482
33	486
33	490
33	493
33	497
33	500
33	504
33	507
33	511
33	514
33	518
33	522
33	526
33	530
33	535
33	539
33	545
33	550
33	556
33	563
33	570
33	578
33	588
33	600
34	276
34	287
34	298
34	309
34	319
34	329
34	338
34	347
34	355
34	363
34	372
34	381
34	390
34	400
34	410
34	420
34	430
34	440
34	449
34	458
34	467
34	475
34	482
34	489
34	495
34	501
34	507
34	512
34	518
34	523
34	529
34	535
34	541
34	547
34	554
34	562
34	571
34	581
34	594
35	287
35	317
35	328
35	338
35	347
35	355
35	363
35	371
35	379
35	387
35	395
35	403
35	412
35	421
35	430
35	439
35	448
35	456
35	464
35	471
35	478
35	484
35	490
35	495
35	500
35	504
35	509
35	512
35	517
35	520
35	525
35	528
35	533
35	537
35	542
35	546
35	551
35	556
35	562
35	568
35	575
35	583
35	591
35	600
35	609
35	619
35	629
35	641
36	291
36	328
36	340
36	351
36	362
36	372
36	381
36	390
36	399
36	408
36	417
36	426
36	435
36	444
36	453
36	462
36	471
36	479
36	486
36	492
36	498
36	502
36	507
36	511
36	515
36	519
36	523
36	527
36	531
36	535
36	539
36	544
36	548
36	553
36	558
36	564
36	570
36	577
36	584
36	592
36	600
36	608
36	616
36	624
36	632
36	641
36	650
36	660
36	673
37	298
37	310
37	321
37	331
37	341
37	351
37	361
37	371
37	382
37	392
37	402
37	411
37	420
37	428
37	436
37	444
37	452
37	460
37	469
37	478
37	487
37	496
37	505
37	513
37	521
37	528
37	534
37	540
37	546
37	553
37	560
37	567
37	575
37	583
37	592
37	601
37	610
37	619
37	628
37	636
37	645
37	654
37	663
37	673
37	684
38	309
38	320
38	330
38	339
38	347
38	355
38	363
38	371
38	379
38	387
38	396
38	405
38	414
38	423
38	432
38	440
38	448
38	456
38	464
38	472
38	480
38	488
38	496
38	504
38	511
38	518
38	523
38	529
38	533
38	538
38	543
38	547
38	552
38	557
38	562
38	567
38	573
38	578
38	584
38	590
38	596
38	603
38	610
38	617
38	624
38	631
38	638
38	645
38	652
38	660
38	668
38	676
38	685
38	695
38	706
39	328
39	339
39	349
39	358
39	366
39	374
39	382
39	390
39	398
39	407
39	416
39	426
39	436
39	446
39	456
39	466
39	475
39	484
39	493
39	501
39	509
39	516
39	522
39	527
39	532
39	537
39	542
39	547
39	552
39	557
39	562
39	567
39	572
39	577
39	582
39	587
39	592
39	597
39	602
39	608
39	613
39	618
39	623
39	628
39	633
39	638
39	644
39	649
39	655
39	661
39	667
39	674
39	681
39	689
39	697
39	706
39	717
40	389
40	401
40	412
40	423
40	435
40	537
40	547
40	556
40	564
40	572
40	579
40	586
40	593
40	599
40	605
40	611
40	617
40	622
40	627
40	632
40	637
40	643
40	648
40	654
40	660
40	667
40	675
40	683
40	692
40	702
41	541
41	551
41	559
41	567
41	574
41	581
41	589
41	597
41	604
41	611
41	618
41	625
41	632
41	640
41	648
41	657
41	667
42	541
42	552
42	562
42	571
42	580
42	589
42	598
42	607
42	617
42	627
42	638
43	578
43	589
43	600
43	611
43	625
44	581
44	593
44	606
61	371
61	384
61	398
62	331
62	342
62	352
62	361
62	370
62	378
62	386
62	394
62	403
62	412
62	421
62	430
62	440
62	450
62	461
62	473
63	321
63	331
63	339
63	346
63	352
63	358
63	364
63	369
63	374
63	379
63	384
63	389
63	394
63	399
63	405
63	410
63	416
63	422
63	428
63	434
63	440
63	447
63	454
63	461
63	469
63	477
63	485
63	494
63	503
63	513
63	523
63	533
63	543
63	553
63	563
63	573
63	583
63	595
64	318
64	326
64	332
64	338
64	342
64	347
64	351
64	354
64	358
64	361
64	365
64	368
64	371
64	374
64	377
64	380
64	383
64	386
64	389
64	392
64	395
64	398
64	401
64	404
64	407
64	410
64	413
64	416
64	419
64	423
64	426
64	429
64	433
64	436
64	440
64	444
64	447
64	451
64	455
64	459
64	463
64	468
64	472
64	477
64	482
64	487
64	492
64	497
64	503
64	508
64	514
64	520
64	526
64	532
64	538
64	544
64	550
64	556
64	562
64	568
64	574
64	580
64	586
64	592
64	599
64	606
64	614
64	623
64	634
65	318
65	326
65	332
65	336
65	341
65	343
65	348
65	351
65	353
65	357
65	359
65	362
65	364
65	367
65	369
65	371
65	373
65	376
65	378
65	380
65	382
65	384
65	386
65	388
65	390
65	392
65	394
65	396
65	398
65	400
65	402
65	404
65	406
65	408
65	410
65	412
65	414
65	416
65	418
65	420
65	422
65	424
65	426
65	428
65	430
65	432
65	434
65	436
65	438
65	440
65	442
65	445
65	446
65	449
65	451
65	453
65	456
65	458
65	460
65	463
65	465
65	468
65	470
65	473
65	475
65	478
65	480
65	484
65	486
65	489
65	492
65	495
65	498
65	501
65	504
65	507
65	510
65	514
65	516
65	520
65	523
65	526
65	530
65	533
65	536
65	540
65	543
65	546
65	550
65	552
65	556
65	559
65	562
65	565
65	568
65	571
65	574
65	577
65	580
65	584
65	587
65	590
65	594
65	597
65	601
65	605
65	609
65	614
65	619
65	625
65	631
65	638
65	646
65	656
66	327
66	336
66	343
66	349
66	353
66	358
66	361
66	364
66	368
66	371
66	373
66	376
66	379
66	381
66	383
66	386
66	388
66	390
66	392
66	394
66	396
66	398
66	400
66	402
66	403
66	406
66	407
66	409
66	411
66	412
66	414
66	416
66	418
66	419
66	421
66	422
66	424
66	426
66	427
66	429
66	431
66	432
66	434
66	435
66	437
66	439
66	440
66	442
66	443
66	445
66	447
66	448
66	450
66	451
66	453
66	455
66	456
66	458
66	459
66	461
66	463
66	464
66	466
66	467
66	469
66	471
66	472
66	474
66	476
66	477
66	479
66	481
66	482
66	484
66	486
66	488
66	489
66	491
66	493
66	495
66	496
66	498
66	500
66	502
66	504
66	505
66	507
66	509
66	511
66	513
66	515
66	516
66	519
66	520
66	522
66	524
66	526
66	528
66	530
66	531
66	534
66	535
66	537
66	539
66	541
66	543
66	545
66	546
66	549
66	550
66	552
66	554
66	556
66	558
66	560
66	561
66	564
66	565
66	567
66	569
66	571
66	573
66	575
66	577
66	579
66	581
66	584
66	585
66	588
66	590
66	593
66	595
66	597
66	600
66	603
66	606
66	608
66	612
66	615
66	618
66	623
66	626
66	631
66	636
66	642
66	648
66	656
66	665
67	376
67	385
67	392
67	399
67	403
67	408
67	412
67	415
67	419
67	422
67	424
67	428
67	430
67	432
67	435
67	437
67	440
67	442
67	443
67	446
67	448
67	450
67	452
67	454
67	456
67	458
67	460
67	462
67	463
67	465
67	467
67	469
67	471
67	472
67	474
67	476
67	477
67	479
67	481
67	482
67	484
67	486
67	487
67	489
67	491
67	492
67	494
67	495
67	497
67	499
67	500
67	502
67	503
67	505
67	507
67	508
67	510
67	511
67	513
67	514
67	516
67	518
67	519
67	521
67	522
67	524
67	525
67	527
67	529
67	530
67	532
67	533
67	535
67	536
67	538
67	540
67	541
67	543
67	544
67	546
67	548
67	549
67	551
67	553
67	554
67	556
67	558
67	559
67	561
67	563
67	565
67	566
67	568
67	570
67	572
67	574
67	576
67	578
67	580
67	583
67	585
67	587
67	590
67	593
67	596
67	598
67	602
67	605
67	609
67	613
67	617
67	622
67	627
67	633
67	640
67	649
68	429
68	439
68	448
68	455
68	461
68	467
68	472
68	477
68	481
68	485
68	489
68	493
68	497
68	500
68	504
68	507
68	511
68	514
68	518
68	521
68	525
68	528
68	532
68	535
68	539
68	543
68	547
68	551
68	556
68	560
68	566
68	571
68	577
68	584
68	592
68	602
70	321
70	331
70	340
70	348
70	355
70	362
70	369
70	376
70	383
70	391
70	399
70	407
70	416
70	425
70	435
70	446
71	316
71	324
71	331
71	336
71	341
71	345
71	350
71	353
71	358
71	361
71	365
71	369
71	372
71	376
71	380
71	383
71	387
71	391
71	395
71	399
71	403
71	407
71	411
71	415
71	419
71	424
71	428
71	433
71	438
71	443
71	449
71	455
71	461
71	468
71	475
71	482
71	490
71	498
71	506
71	515
71	524
71	533
71	542
71	551
71	560
71	569
71	577
71	585
71	594
71	604
71	615
72	312
72	321
72	326
72	331
72	334
72	339
72	341
72	344
72	348
72	350
72	353
72	355
72	358
72	361
72	362
72	365
72	368
72	370
72	372
72	375
72	377
72	379
72	382
72	383
72	386
72	388
72	390
72	393
72	394
72	397
72	399
72	401
72	404
72	406
72	408
72	410
72	413
72	415
72	417
72	420
72	422
72	425
72	427
72	430
72	432
72	435
72	437
72	440
72	443
72	445
72	448
72	451
72	454
72	457
72	460
72	463
72	466
72	469
72	473
72	476
72	480
72	483
72	487
72	491
72	495
72	499
72	503
72	507
72	511
72	515
72	519
72	524
72	528
72	533
72	537
72	542
72	546
72	551
72	555
72	560
72	564
72	568
72	572
72	576
72	580
72	584
72	588
72	593
72	597
72	602
72	607
72	613
72	619
72	626
72	634
72	644
73	317
73	324
73	331
73	335
73	340
73	343
73	347
73	351
73	353
73	357
73	360
73	362
73	365
73	368
73	371
73	373
73	376
73	378
73	381
73	383
73	385
73	388
73	390
73	392
73	395
73	397
73	399
73	401
73	404
73	406
73	408
73	410
73	413
73	414
73	417
73	419
73	421
73	423
73	426
73	428
73	430
73	432
73	435
73	437
73	439
73	441
73	444
73	446
73	448
73	451
73	453
73	455
73	458
73	460
73	462
73	465
73	467
73	470
73	472
73	475
73	477
73	480
73	482
73	485
73	487
73	490
73	492
73	495
73	498
73	500
73	503
73	506
73	508
73	511
73	514
73	516
73	519
73	522
73	525
73	527
73	530
73	533
73	536
73	539
73	542
73	545
73	548
73	551
73	554
73	557
73	560
73	563
73	566
73	569
73	572
73	575
73	578
73	581
73	584
73	587
73	590
73	594
73	597
73	601
73	605
73	609
73	614
73	619
73	625
73	631
73	638
73	646
73	657
74	349
74	360
74	370
74	379
74	387
74	394
74	401
74	407
74	413
74	419
74	424
74	430
74	435
74	440
74	445
74	450
74	454
74	459
74	463
74	468
74	472
74	476
74	480
74	484
74	488
74	492
74	496
74	500
74	504
74	508
74	512
74	516
74	520
74	524
74	528
74	532
74	536
74	540
74	544
74	548
74	552
74	556
74	561
74	565
74	570
74	575
74	580
74	586
74	592
74	598
74	605
74	613
74	623
-1	-1
