-1	-1
0	260
0	270
0	278
0	286
0	293
0	300
0	307
0	314
0	321
0	329
0	337
0	345
0	354
0	364
0	376
1	278
1	289
1	300
1	311
1	323
3	292
3	304
3	318
4	279
4	290
4	300
4	310
4	320
4	331
4	344
5	270
5	280
5	289
5	298
5	306
5	314
5	322
5	330
5	339
5	348
5	358
6	263
6	273
6	282
6	290
6	297
6	304
6	311
6	318
6	325
6	332
6	339
6	347
6	355
6	364
6	374
6	386
7	259
7	269
7	277
7	284
7	291
7	297
7	303
7	309
7	314
7	320
7	325
7	331
7	337
7	343
7	349
7	356
7	363
7	371
7	379
7	388
7	398
8	252
8	262
8	270
8	277
8	283
8	289
8	294
8	299
8	304
8	309
8	313
8	318
8	322
8	327
8	331
8	336
8	341
8	346
8	351
8	356
8	362
8	368
8	374
8	381
8	388
8	396
8	405
8	415
8	426
8	438
9	248
9	257
9	264
9	271
9	277
9	283
9	289
9	294
9	299
9	304
9	309
9	314
9	319
9	324
9	329
9	334
9	339
9	344
9	349
9	355
9	360
9	366
9	372
9	379
9	386
9	394
9	402
9	411
9	420
9	430
9	440
9	451
9	462
9	474
9	486
10	253
10	263
10	272
10	280
10	287
10	294
10	301
10	307
10	313
10	319
10	325
10	331
10	337
10	343
10	349
10	355
10	361
10	368
10	375
10	382
10	389
10	397
10	405
10	414
10	423
10	432
10	441
10	450
10	459
10	467
10	475
10	483
10	491
10	499
10	508
10	517
10	527
10	538
11	252
11	262
11	271
11	280
11	288
11	296
11	303
11	310
11	317
11	324
11	331
11	338
11	345
11	352
11	358
11	365
11	372
11	379
11	386
11	394
11	402
11	410
11	418
11	426
11	434
11	442
11	450
11	458
11	466
11	474
11	482
11	490
11	497
11	505
11	513
11	521
11	530
11	539
11	549
11	560
12	257
12	267
12	276
12	284
12	292
12	300
12	307
12	314
12	321
12	328
12	334
12	340
12	346
12	352
12	358
12	364
12	370
12	376
12	382
12	388
12	394
12	400
12	406
12	413
12	420
12	427
12	434
12	442
12	450
12	458
12	466
12	474
12	483
12	492
12	501
12	510
12	519
12	529
12	540
13	258
13	268
13	276
13	284
13	291
13	298
13	305
13	312
13	318
13	324
13	330
13	336
13	341
13	346
13	351
13	356
13	361
13	365
13	370
13	374
13	379
13	383
13	388
13	392
13	397
13	402
13	407
13	412
13	417
13	422
13	428
13	434
13	440
13	446
13	453
13	460
13	467
13	475
13	483
13	491
13	499
13	507
13	516
13	525
13	535
13	546
14	257
14	267
14	275
14	282
14	288
14	294
14	300
14	305
14	311
14	316
14	321
14	326
14	331
14	335
14	340
14	344
14	348
14	352
14	355
14	359
14	362
14	365
14	369
14	372
14	375
14	379
14	382
14	385
14	389
14	392
14	395
14	399
14	402
14	405
14	409
14	412
14	416
14	419
14	423
14	427
14	431
14	435
14	439
14	444
14	448
14	453
14	458
14	463
14	468
14	473
14	479
14	485
14	491
14	497
14	503
14	509
14	516
14	523
14	530
14	538
14	546
14	556
14	568
15	251
15	261
15	269
15	275
15	281
15	287
15	292
15	297
15	302
15	307
15	311
15	316
15	320
15	325
15	329
15	333
15	337
15	341
15	345
15	349
15	352
15	356
15	359
15	362
15	365
15	368
15	371
15	374
15	377
15	380
15	382
15	386
15	388
15	391
15	394
15	397
15	399
15	403
15	405
15	408
15	411
15	414
15	417
15	420
15	423
15	427
15	429
15	434
15	436
15	440
15	444
15	448
15	452
15	456
15	460
15	465
15	469
15	474
15	479
15	484
15	489
15	494
15	499
15	505
15	510
15	516
15	522
15	528
15	535
15	542
15	550
15	559
15	570
16	249
16	259
16	266
16	272
16	278
16	283
16	288
16	293
16	297
16	302
16	306
16	311
16	315
16	319
16	323
16	327
16	331
16	335
16	339
16	343
16	347
16	351
16	354
16	358
16	361
16	365
16	368
16	372
16	375
16	379
16	382
16	386
16	389
16	393
16	396
16	400
16	403
16	407
16	410
16	414
16	418
16	422
16	426
16	430
16	435
16	439
16	444
16	449
16	454
16	459
16	465
16	471
16	477
16	483
16	490
16	497
16	504
16	512
16	520
16	529
16	539
17	248
17	257
17	263
17	269
17	274
17	279
17	283
17	287
17	291
17	294
17	298
17	301
17	305
17	308
17	311
17	315
17	318
17	321
17	325
17	328
17	331
17	334
17	337
17	340
17	344
17	346
17	350
17	353
17	356
17	360
17	363
17	367
17	370
17	374
17	378
17	382
17	386
17	390
17	394
17	398
17	403
17	407
17	412
17	417
17	423
17	429
17	435
17	442
17	449
17	457
17	466
17	476
17	487
18	247
18	256
18	263
18	269
18	273
18	278
18	281
18	285
18	289
18	292
18	295
18	298
18	301
18	304
18	307
18	310
18	312
18	315
18	318
18	321
18	323
18	326
18	329
18	332
18	334
18	337
18	340
18	343
18	345
18	349
18	351
18	355
18	357
18	361
18	364
18	367
18	370
18	374
18	377
18	381
18	385
18	388
18	393
18	397
18	401
18	406
18	411
18	416
18	422
18	428
18	435
18	443
18	452
18	462
19	244
19	253
19	260
19	266
19	271
19	275
19	280
19	283
19	287
19	291
19	293
19	297
19	300
19	303
19	306
19	309
19	312
19	314
19	317
19	320
19	323
19	325
19	328
19	331
19	334
19	336
19	340
19	342
19	345
19	348
19	351
19	354
19	357
19	360
19	364
19	367
19	370
19	374
19	377
19	381
19	385
19	389
19	394
19	398
19	403
19	408
19	414
19	420
19	427
19	435
19	443
19	453
19	465
20	244
20	253
20	261
20	268
20	274
20	280
20	285
20	290
20	294
20	299
20	302
20	307
20	310
20	314
20	318
20	322
20	325
20	329
20	333
20	336
20	340
20	343
20	347
20	351
20	354
20	358
20	362
20	366
20	370
20	374
20	378
20	383
20	387
20	392
20	397
20	403
20	409
20	416
20	423
20	431
20	440
20	450
21	249
21	259
21	268
21	275
21	282
21	288
21	294
21	299
21	304
21	309
21	314
21	319
21	324
21	329
21	334
21	339
21	343
21	348
21	352
21	357
21	361
21	365
21	370
21	374
21	379
21	383
21	388
21	393
21	398
21	404
21	410
21	416
21	423
21	430
21	438
21	447
21	458
22	252
22	262
22	271
22	279
22	285
22	291
22	297
22	303
22	309
22	314
22	320
22	325
22	331
22	336
22	342
22	347
22	352
22	357
22	362
22	367
22	372
22	376
22	381
22	386
22	391
22	396
22	401
22	406
22	412
22	418
22	424
22	431
22	438
22	446
22	455
22	465
23	257
23	267
23	275
23	282
23	289
23	296
23	303
23	310
23	316
23	323
23	330
23	337
23	344
23	351
23	357
23	363
23	369
23	373
23	378
23	382
23	387
23	391
23	396
23	400
23	405
23	409
23	414
23	419
23	424
23	429
23	435
23	441
23	448
23	455
23	463
23	472
23	483
24	253
24	263
24	272
24	280
24	288
24	295
24	302
24	309
24	316
24	323
24	330
24	338
24	346
24	354
24	362
24	369
24	375
24	381
24	385
24	390
24	394
24	399
24	403
24	408
24	412
24	417
24	421
24	426
24	430
24	435
24	440
24	445
24	451
24	457
24	463
24	470
24	478
24	487
24	497
25	256
25	266
25	274
25	282
25	289
25	296
25	303
25	309
25	316
25	323
25	330
25	337
25	345
25	353
25	361
25	369
25	376
25	382
25	388
25	393
25	398
25	403
25	407
25	412
25	416
25	420
25	424
25	428
25	432
25	436
25	440
25	445
25	449
25	454
25	458
25	463
25	468
25	474
25	480
25	486
25	493
25	501
25	510
25	520
26	257
26	267
26	276
26	284
26	292
26	299
26	306
26	313
26	320
26	327
26	335
26	343
26	351
26	359
26	367
26	374
26	380
26	386
26	391
26	396
26	401
26	405
26	410
26	413
26	417
26	421
26	424
26	428
26	431
26	435
26	438
26	442
26	445
26	449
26	452
26	456
26	459
26	463
26	467
26	471
26	475
26	479
26	484
26	488
26	494
26	499
26	505
26	511
26	518
26	526
26	535
26	546
27	256
27	266
27	275
27	283
27	291
27	299
27	307
27	315
27	323
27	331
27	339
27	347
27	354
27	361
27	368
27	374
27	380
27	386
27	391
27	396
27	401
27	405
27	410
27	413
27	418
27	421
27	425
27	429
27	432
27	436
27	439
27	442
27	446
27	449
27	452
27	455
27	458
27	461
27	465
27	467
27	471
27	474
27	478
27	481
27	485
27	489
27	493
27	497
27	502
27	507
27	512
27	518
27	524
27	531
27	539
27	548
28	251
28	262
28	272
28	281
28	290
28	298
28	306
28	314
28	322
28	330
28	338
28	345
28	352
28	359
28	365
28	371
28	376
28	381
28	385
28	390
28	393
28	397
28	401
28	404
28	408
28	411
28	414
28	418
28	420
28	424
28	427
28	430
28	433
28	436
28	439
28	442
28	445
28	448
28	451
28	454
28	457
28	460
28	463
28	466
28	469
28	473
28	476
28	479
28	483
28	486
28	490
28	494
28	498
28	503
28	507
28	513
28	518
28	525
28	532
28	540
28	550
29	248
29	258
29	267
29	275
29	283
29	290
29	297
29	304
29	310
29	317
29	323
29	329
29	335
29	341
29	347
29	352
29	358
29	362
29	367
29	371
29	375
29	379
29	382
29	386
29	389
29	392
29	395
29	398
29	401
29	403
29	406
29	409
29	411
29	413
29	416
29	418
29	421
29	423
29	425
29	428
29	430
29	433
29	435
29	438
29	440
29	443
29	445
29	448
29	450
29	453
29	456
29	458
29	461
29	464
29	467
29	470
29	473
29	477
29	479
29	484
29	487
29	491
29	495
29	499
29	504
29	509
29	515
29	521
29	528
29	536
29	545
30	248
30	258
30	267
30	275
30	282
30	289
30	295
30	301
30	307
30	313
30	319
30	325
30	331
30	337
30	342
30	348
30	353
30	358
30	363
30	368
30	372
30	376
30	380
30	383
30	387
30	390
30	393
30	397
30	400
30	402
30	406
30	408
30	411
30	413
30	416
30	418
30	421
30	422
30	425
30	427
30	429
30	431
30	433
30	435
30	437
30	439
30	441
30	443
30	445
30	447
30	449
30	452
30	454
30	456
30	458
30	461
30	463
30	466
30	468
30	471
30	474
30	476
30	479
30	482
30	485
30	488
30	491
30	495
30	498
30	502
30	506
30	510
30	515
30	520
30	526
30	532
30	539
30	548
30	558
31	257
31	267
31	276
31	284
31	292
31	299
31	306
31	313
31	320
31	327
31	334
31	340
31	346
31	352
31	358
31	363
31	369
31	374
31	379
31	383
31	388
31	392
31	396
31	400
31	403
31	407
31	411
31	413
31	417
31	420
31	422
31	425
31	428
31	430
31	432
31	435
31	437
31	439
31	442
31	443
31	446
31	448
31	450
31	452
31	454
31	456
31	459
31	460
31	463
31	465
31	467
31	470
31	472
31	475
31	477
31	479
31	483
31	485
31	488
31	491
31	494
31	497
31	501
31	504
31	508
31	512
31	517
31	521
31	527
31	533
31	540
31	548
31	557
32	262
32	273
32	282
32	290
32	298
32	305
32	312
32	319
32	326
32	333
32	340
32	347
32	354
32	361
32	367
32	373
32	379
32	384
32	390
32	395
32	400
32	405
32	410
32	414
32	419
32	423
32	427
32	431
32	434
32	438
32	441
32	444
32	447
32	450
32	453
32	456
32	459
32	462
32	465
32	468
32	471
32	474
32	477
32	480
32	484
32	487
32	491
32	495
32	499
32	504
32	508
32	513
32	518
32	524
32	531
32	539
32	548
32	560
33	266
33	276
33	285
33	293
33	301
33	309
33	317
33	325
33	333
33	341
33	349
33	357
33	365
33	373
33	380
33	387
33	394
33	400
33	407
33	413
33	419
33	425
33	431
33	436
33	441
33	446
33	451
33	455
33	460
33	464
33	469
33	473
33	478
33	482
33	487
33	492
33	497
33	503
33	509
33	516
33	523
33	531
33	541
34	267
34	277
34	286
34	295
34	304
34	312
34	320
34	329
34	338
34	347
34	356
34	365
34	374
34	383
34	392
34	401
34	410
34	419
34	428
34	436
34	443
34	450
34	455
34	461
34	465
34	470
34	475
34	479
34	484
34	489
34	494
34	499
34	505
34	511
34	517
34	524
34	532
34	541
34	552
35	266
35	276
35	285
35	294
35	302
35	310
35	318
35	326
35	335
35	345
35	355
35	366
35	378
35	446
35	456
35	464
35	472
35	479
35	486
35	493
35	500
35	507
35	515
35	524
35	534
36	259
36	270
36	279
36	287
36	295
36	302
36	309
36	316
36	324
36	332
36	340
36	349
36	359
36	370
36	382
36	451
36	461
36	469
36	475
36	481
36	486
36	492
36	497
36	503
36	509
36	515
36	522
36	529
36	537
36	546
36	557
37	259
37	270
37	279
37	288
37	296
37	304
37	312
37	320
37	328
37	337
37	347
37	357
37	368
37	380
37	460
37	470
37	478
37	484
37	490
37	496
37	502
37	508
37	514
37	520
37	527
37	535
37	544
37	554
38	268
38	279
38	289
38	299
38	309
38	319
38	329
38	341
38	488
38	499
38	509
38	519
38	530
39	288
39	300
39	312
39	324
39	493
39	503
39	513
39	522
39	532
39	543
40	280
40	292
40	304
40	316
62	399
62	411
62	423
62	436
63	360
63	371
63	381
63	390
63	398
63	406
63	413
63	420
63	427
63	434
63	441
63	449
63	457
63	465
63	473
63	482
63	491
63	500
63	510
63	520
63	531
63	543
64	362
64	373
64	383
64	391
64	399
64	406
64	412
64	418
64	424
64	429
64	434
64	439
64	444
64	449
64	454
64	459
64	464
64	469
64	474
64	479
64	485
64	490
64	496
64	502
64	508
64	514
64	520
64	526
64	532
64	539
64	546
64	553
64	561
64	570
64	580
65	361
65	373
65	384
65	394
65	403
65	411
65	419
65	425
65	431
65	437
65	442
65	447
65	452
65	456
65	461
65	465
65	470
65	473
65	478
65	481
65	486
65	489
65	493
65	497
65	501
65	505
65	509
65	513
65	517
65	521
65	525
65	529
65	533
65	537
65	541
65	545
65	549
65	554
65	558
65	564
65	569
65	575
65	581
65	588
65	596
65	606
66	338
66	348
66	357
66	365
66	373
66	381
66	389
66	397
66	405
66	413
66	421
66	429
66	437
66	444
66	451
66	458
66	464
66	470
66	475
66	481
66	485
66	490
66	494
66	499
66	503
66	507
66	511
66	515
66	519
66	523
66	527
66	531
66	535
66	539
66	543
66	547
66	552
66	556
66	561
66	566
66	571
66	577
66	583
66	590
66	598
66	608
67	336
67	345
67	352
67	359
67	364
67	370
67	374
67	379
67	384
67	388
67	393
67	397
67	402
67	406
67	411
67	416
67	421
67	426
67	431
67	437
67	443
67	449
67	455
67	462
67	469
67	476
67	484
67	492
67	500
67	508
67	516
67	524
67	532
67	541
67	550
67	560
67	571
68	337
68	345
68	352
68	356
68	361
68	364
68	369
68	372
68	375
68	379
68	382
68	385
68	388
68	391
68	394
68	397
68	400
68	403
68	406
68	409
68	412
68	415
68	418
68	421
68	424
68	427
68	430
68	433
68	436
68	439
68	443
68	446
68	449
68	453
68	456
68	460
68	464
68	468
68	472
68	476
68	481
68	485
68	490
68	495
68	500
68	506
68	512
68	518
68	525
68	532
68	539
68	546
68	554
68	562
68	571
68	583
69	338
69	347
69	353
69	359
69	363
69	368
69	372
69	375
69	379
69	382
69	384
69	388
69	390
69	393
69	395
69	398
69	401
69	402
69	405
69	408
69	410
69	412
69	414
69	417
69	419
69	421
69	423
69	426
69	428
69	430
69	432
69	435
69	437
69	439
69	441
69	444
69	446
69	448
69	450
69	453
69	455
69	457
69	460
69	462
69	465
69	467
69	469
69	472
69	475
69	477
69	480
69	483
69	485
69	488
69	491
69	494
69	497
69	500
69	503
69	506
69	509
69	513
69	516
69	520
69	523
69	527
69	531
69	535
69	539
69	543
69	547
69	551
69	556
69	560
69	565
69	570
69	576
69	582
69	589
69	597
69	606
70	352
70	363
70	372
70	380
70	387
70	393
70	399
70	403
70	408
70	412
70	416
70	420
70	423
70	426
70	430
70	432
70	435
70	438
70	441
70	443
70	446
70	448
70	451
70	453
70	455
70	458
70	460
70	462
70	465
70	467
70	469
70	472
70	474
70	476
70	478
70	481
70	483
70	485
70	487
70	490
70	492
70	494
70	497
70	499
70	501
70	504
70	506
70	508
70	511
70	513
70	516
70	518
70	521
70	523
70	526
70	528
70	531
70	534
70	536
70	539
70	542
70	544
70	547
70	550
70	553
70	556
70	559
70	562
70	565
70	568
70	572
70	575
70	579
70	583
70	587
70	592
70	597
70	603
70	609
70	617
70	626
71	368
71	380
71	391
71	402
71	412
71	421
71	429
71	437
71	443
71	449
71	454
71	460
71	464
71	469
71	473
71	477
71	481
71	485
71	489
71	493
71	496
71	500
71	504
71	507
71	511
71	514
71	518
71	521
71	525
71	528
71	532
71	536
71	539
71	544
71	547
71	552
71	556
71	560
71	565
71	569
71	575
71	580
71	586
71	593
71	601
71	610
72	341
72	351
72	360
72	368
72	376
72	384
72	391
72	399
72	407
72	415
72	423
72	432
72	441
72	450
72	460
72	470
72	480
72	490
72	500
72	511
72	522
72	533
72	544
72	556
73	334
73	342
73	349
73	354
73	360
73	364
73	369
73	373
73	377
73	381
73	385
73	389
73	393
73	397
73	401
73	405
73	409
73	413
73	417
73	421
73	426
73	430
73	435
73	440
73	445
73	450
73	456
73	461
73	467
73	473
73	479
73	486
73	493
73	500
73	508
73	516
73	524
73	532
73	540
73	548
73	556
73	564
73	573
73	583
73	595
74	332
74	341
74	347
74	352
74	356
74	361
74	363
74	368
74	371
74	373
74	377
74	380
74	382
74	385
74	388
74	391
74	393
74	396
74	399
74	401
74	404
74	406
74	409
74	412
74	414
74	417
74	419
74	422
74	425
74	427
74	430
74	433
74	435
74	438
74	441
74	444
74	447
74	450
74	453
74	456
74	459
74	462
74	465
74	468
74	472
74	475
74	479
74	482
74	486
74	489
74	493
74	497
74	501
74	505
74	509
74	513
74	517
74	521
74	525
74	529
74	533
74	537
74	541
74	545
74	549
74	553
74	557
74	562
74	566
74	571
74	575
74	580
74	585
74	590
74	596
74	603
74	611
74	620
75	339
75	348
75	355
75	361
75	366
75	371
75	375
75	380
75	383
75	387
75	391
75	394
75	398
75	401
75	404
75	408
75	411
75	414
75	417
75	420
75	423
75	426
75	429
75	432
75	435
75	438
75	441
75	444
75	447
75	450
75	453
75	456
75	459
75	462
75	465
75	468
75	471
75	474
75	477
75	480
75	483
75	486
75	489
75	492
75	495
75	498
75	501
75	504
75	507
75	510
75	513
75	516
75	519
75	522
75	525
75	528
75	531
75	534
75	537
75	540
75	543
75	546
75	549
75	552
75	555
75	558
75	561
75	564
75	567
75	570
75	574
75	577
75	580
75	584
75	587
75	591
75	595
75	599
75	604
75	609
75	615
75	621
75	628
75	637
75	648
76	419
76	430
76	440
76	449
76	457
76	465
76	472
76	479
76	486
76	493
76	500
76	506
76	512
76	518
76	524
76	530
76	536
76	542
76	548
76	554
76	560
76	566
76	572
76	578
76	584
76	591
76	598
76	606
76	615
-1	-1
