-1	-1
0	163
0	173
0	181
0	189
0	196
0	203
0	209
0	215
0	222
0	229
0	236
0	244
0	252
0	261
0	272
1	177
1	187
1	196
1	204
1	212
1	220
1	228
1	237
1	247
1	258
2	179
2	189
2	198
2	207
2	215
2	224
2	233
2	243
2	254
3	181
3	192
3	202
3	212
3	222
3	232
3	243
4	190
4	202
4	214
4	226
7	202
7	215
7	228
7	240
7	251
7	262
7	274
7	287
8	200
8	212
8	223
8	233
8	243
8	253
8	263
8	272
8	281
8	291
8	301
8	311
8	321
8	331
8	342
8	355
9	180
9	191
9	201
9	210
9	219
9	227
9	235
9	243
9	250
9	257
9	264
9	271
9	278
9	285
9	292
9	299
9	306
9	313
9	319
9	326
9	333
9	340
9	347
9	355
9	363
9	372
9	382
10	189
10	200
10	209
10	218
10	226
10	233
10	240
10	246
10	252
10	258
10	263
10	269
10	274
10	279
10	284
10	289
10	294
10	299
10	303
10	308
10	312
10	317
10	321
10	326
10	330
10	335
10	340
10	345
10	350
10	356
10	362
10	368
10	375
10	382
10	390
10	399
10	409
11	187
11	198
11	208
11	217
11	226
11	234
11	241
11	247
11	253
11	259
11	264
11	270
11	274
11	279
11	283
11	288
11	292
11	296
11	300
11	304
11	308
11	312
11	316
11	320
11	324
11	328
11	332
11	336
11	340
11	345
11	349
11	354
11	359
11	365
11	371
11	377
11	384
11	392
11	401
11	413
12	192
12	203
12	213
12	223
12	232
12	240
12	247
12	254
12	260
12	266
12	272
12	278
12	283
12	289
12	294
12	299
12	304
12	309
12	314
12	319
12	324
12	329
12	334
12	339
12	345
12	351
12	358
12	365
12	373
12	383
13	191
13	202
13	213
13	223
13	232
13	241
13	249
13	257
13	265
13	273
13	281
13	289
13	297
13	305
13	313
13	321
13	330
13	340
13	351
14	186
14	196
14	205
14	214
14	223
14	231
14	239
14	247
14	255
14	264
14	273
14	283
14	293
14	304
14	316
15	179
15	189
15	198
15	206
15	213
15	220
15	227
15	234
15	242
15	250
15	258
15	266
15	275
15	285
15	296
16	172
16	182
16	190
16	197
16	204
16	210
16	216
16	222
16	228
16	234
16	240
16	247
16	254
16	261
16	269
16	277
16	286
16	296
16	307
17	170
17	180
17	188
17	195
17	201
17	207
17	213
17	218
17	224
17	229
17	235
17	240
17	246
17	252
17	258
17	265
17	272
17	280
17	288
17	297
17	307
17	318
18	169
18	178
18	185
18	192
18	197
18	202
18	207
18	212
18	216
18	221
18	225
18	230
18	234
18	239
18	243
18	248
18	253
18	258
18	264
18	270
18	276
18	283
18	290
18	298
18	307
18	317
18	329
19	163
19	172
19	180
19	186
19	192
19	196
19	201
19	205
19	209
19	213
19	217
19	221
19	224
19	228
19	232
19	235
19	239
19	243
19	247
19	251
19	256
19	260
19	265
19	270
19	276
19	282
19	288
19	295
19	303
19	311
19	320
19	330
20	162
20	171
20	178
20	183
20	188
20	192
20	196
20	200
20	203
20	207
20	210
20	213
20	216
20	219
20	222
20	225
20	228
20	231
20	234
20	237
20	240
20	243
20	246
20	249
20	253
20	256
20	259
20	263
20	267
20	271
20	275
20	279
20	284
20	289
20	295
20	301
20	307
20	314
20	322
20	331
20	341
20	354
21	162
21	171
21	178
21	183
21	188
21	192
21	196
21	200
21	202
21	206
21	209
21	212
21	214
21	217
21	220
21	222
21	225
21	227
21	230
21	232
21	235
21	237
21	240
21	242
21	245
21	247
21	250
21	253
21	256
21	258
21	262
21	265
21	268
21	272
21	275
21	279
21	283
21	287
21	291
21	296
21	301
21	306
21	312
21	318
21	325
21	332
21	340
21	348
21	357
21	368
22	162
22	171
22	179
22	184
22	190
22	194
22	199
22	202
22	207
22	210
22	213
22	217
22	220
22	223
22	226
22	229
22	232
22	235
22	238
22	241
22	244
22	247
22	250
22	253
22	256
22	259
22	263
22	266
22	269
22	273
22	276
22	280
22	284
22	288
22	292
22	297
22	301
22	306
22	311
22	316
22	322
22	328
22	334
22	341
22	348
22	356
22	364
22	373
22	383
22	395
23	162
23	171
23	179
23	186
23	192
23	198
23	203
23	208
23	213
23	218
23	223
23	227
23	232
23	236
23	240
23	244
23	248
23	252
23	256
23	260
23	264
23	268
23	272
23	276
23	280
23	284
23	288
23	292
23	296
23	300
23	304
23	308
23	313
23	317
23	322
23	326
23	331
23	336
23	341
23	346
23	351
23	357
23	363
23	369
23	376
23	384
23	392
23	401
23	412
24	166
24	175
24	183
24	190
24	197
24	203
24	209
24	214
24	219
24	224
24	229
24	234
24	239
24	243
24	248
24	252
24	256
24	260
24	264
24	268
24	272
24	275
24	279
24	283
24	286
24	290
24	293
24	297
24	300
24	304
24	307
24	311
24	314
24	318
24	321
24	325
24	328
24	332
24	336
24	340
24	344
24	348
24	353
24	357
24	362
24	367
24	373
24	379
24	386
24	393
24	401
24	410
24	420
25	162
25	171
25	179
25	186
25	192
25	198
25	203
25	208
25	213
25	218
25	222
25	227
25	231
25	235
25	239
25	243
25	246
25	250
25	253
25	257
25	260
25	263
25	267
25	270
25	273
25	277
25	280
25	283
25	287
25	290
25	293
25	297
25	300
25	304
25	307
25	311
25	314
25	318
25	321
25	325
25	328
25	332
25	336
25	339
25	344
25	347
25	352
25	356
25	361
25	366
25	372
25	378
25	385
25	393
25	402
25	412
26	160
26	169
26	176
26	182
26	188
26	193
26	198
26	203
26	207
26	212
26	216
26	220
26	224
26	228
26	231
26	235
26	238
26	241
26	244
26	247
26	250
26	252
26	255
26	258
26	260
26	263
26	266
26	268
26	271
26	274
26	276
26	279
26	282
26	285
26	287
26	290
26	293
26	296
26	299
26	302
26	305
26	308
26	312
26	315
26	318
26	322
26	325
26	329
26	333
26	337
26	341
26	346
26	350
26	355
26	360
26	366
26	372
26	379
26	387
26	397
26	408
27	160
27	170
27	178
27	184
27	190
27	195
27	200
27	205
27	210
27	214
27	219
27	223
27	227
27	231
27	234
27	238
27	241
27	244
27	247
27	250
27	252
27	255
27	258
27	260
27	263
27	265
27	268
27	270
27	273
27	275
27	278
27	280
27	283
27	286
27	288
27	291
27	294
27	297
27	300
27	303
27	306
27	309
27	313
27	316
27	320
27	324
27	328
27	332
27	337
27	341
27	347
27	352
27	358
27	365
27	373
27	382
27	394
28	163
28	173
28	181
28	188
28	194
28	200
28	205
28	210
28	215
28	220
28	224
28	229
28	233
28	237
28	241
28	245
28	249
28	252
28	256
28	259
28	262
28	265
28	269
28	271
28	275
28	278
28	281
28	285
28	288
28	291
28	295
28	298
28	302
28	306
28	309
28	314
28	317
28	322
28	327
28	332
28	337
28	343
28	349
28	356
28	364
28	374
29	171
29	181
29	189
29	196
29	202
29	208
29	214
29	220
29	225
29	231
29	235
29	240
29	244
29	248
29	252
29	256
29	260
29	264
29	268
29	271
29	275
29	279
29	283
29	287
29	291
29	295
29	299
29	304
29	308
29	313
29	318
29	324
29	330
29	337
29	344
29	352
29	362
30	177
30	187
30	195
30	203
30	210
30	217
30	224
30	230
30	235
30	241
30	245
30	250
30	253
30	257
30	261
30	264
30	268
30	271
30	275
30	278
30	282
30	285
30	289
30	292
30	296
30	300
30	304
30	308
30	313
30	317
30	323
30	328
30	335
30	342
30	350
30	359
31	172
31	182
31	191
31	199
31	207
31	214
31	221
31	227
31	233
31	239
31	245
31	250
31	255
31	260
31	263
31	268
31	271
31	274
31	278
31	281
31	285
31	288
31	292
31	295
31	299
31	303
31	307
31	311
31	316
31	321
31	326
31	332
31	338
31	345
31	353
31	362
31	375
32	171
32	181
32	190
32	198
32	205
32	212
32	218
32	224
32	230
32	236
32	242
32	247
32	253
32	258
32	263
32	267
32	272
32	275
32	279
32	283
32	286
32	290
32	294
32	298
32	302
32	306
32	310
32	315
32	320
32	325
32	331
32	337
32	344
32	352
32	361
32	374
33	179
33	190
33	199
33	207
33	215
33	222
33	229
33	236
33	242
33	248
33	253
33	259
33	264
33	269
33	274
33	279
33	283
33	288
33	293
33	298
33	303
33	308
33	314
33	320
33	327
33	334
33	342
33	351
33	362
34	176
34	186
34	195
34	203
34	211
34	219
34	227
34	235
34	243
34	250
34	257
34	263
34	269
34	274
34	280
34	285
34	290
34	295
34	300
34	306
34	312
34	318
34	325
34	332
34	340
34	349
34	360
35	172
35	182
35	191
35	199
35	206
35	213
35	220
35	227
35	235
35	242
35	250
35	257
35	264
35	270
35	276
35	281
35	286
35	291
35	296
35	301
35	306
35	311
35	316
35	321
35	327
35	333
35	340
35	347
35	355
35	365
35	376
36	177
36	187
36	196
36	204
36	211
36	218
36	225
36	232
36	239
36	245
36	251
36	257
36	263
36	269
36	275
36	280
36	284
36	289
36	293
36	297
36	301
36	305
36	309
36	313
36	317
36	321
36	326
36	330
36	335
36	340
36	346
36	352
36	359
36	367
36	376
36	387
37	180
37	191
37	201
37	210
37	219
37	227
37	235
37	242
37	249
37	256
37	262
37	268
37	274
37	280
37	285
37	290
37	294
37	298
37	302
37	305
37	309
37	313
37	316
37	320
37	324
37	328
37	332
37	336
37	341
37	346
37	351
37	357
37	363
37	370
37	378
37	387
37	397
38	181
38	192
38	203
38	213
38	223
38	233
38	242
38	251
38	259
38	266
38	273
38	280
38	286
38	292
38	297
38	302
38	306
38	311
38	314
38	319
38	322
38	327
38	331
38	335
38	340
38	345
38	350
38	355
38	361
38	367
38	374
38	382
38	391
38	401
39	178
39	189
39	198
39	207
39	216
39	225
39	234
39	243
39	252
39	261
39	269
39	277
39	284
39	291
39	298
39	304
39	310
39	316
39	321
39	327
39	332
39	338
39	344
39	350
39	357
39	364
39	372
39	381
39	391
39	405
40	179
40	190
40	200
40	209
40	218
40	227
40	236
40	244
40	252
40	260
40	268
40	276
40	284
40	292
40	299
40	306
40	313
40	320
40	327
40	334
40	341
40	348
40	356
40	364
40	373
40	384
41	170
41	180
41	189
41	198
41	207
41	216
41	226
41	236
41	245
41	253
41	261
41	269
41	277
41	286
41	295
41	303
41	311
41	319
41	327
41	335
41	343
41	351
41	360
41	369
41	379
42	170
42	180
42	189
42	198
42	207
42	216
42	226
42	237
42	248
42	259
42	269
42	279
42	289
42	300
42	310
42	319
42	328
42	336
42	344
42	352
42	360
42	369
42	379
42	391
42	403
43	171
43	181
43	190
43	199
43	208
43	217
43	227
43	238
43	253
43	268
43	280
43	293
43	306
43	317
43	326
43	334
43	341
43	348
43	355
43	362
43	370
43	378
43	387
43	397
43	407
43	417
43	429
44	180
44	191
44	201
44	211
44	221
44	232
44	243
44	254
44	265
44	277
44	289
44	301
44	313
44	323
44	331
44	338
44	344
44	350
44	355
44	361
44	366
44	372
44	378
44	384
44	391
44	398
44	405
44	412
44	420
44	429
44	439
45	190
45	201
45	212
45	225
45	237
45	248
45	258
45	268
45	278
45	288
45	299
45	309
45	319
45	329
45	337
45	343
45	349
45	353
45	358
45	363
45	367
45	372
45	377
45	382
45	387
45	392
45	398
45	404
45	410
45	417
45	424
45	432
45	441
45	453
46	247
46	258
46	268
46	277
46	286
46	296
46	306
46	316
46	326
46	335
46	343
46	350
46	356
46	362
46	368
46	374
46	380
46	386
46	392
46	399
46	405
46	412
46	419
46	427
46	436
46	446
47	267
47	278
47	288
47	298
47	309
47	320
47	330
47	340
47	350
47	360
47	370
47	379
47	388
47	397
47	405
47	413
47	421
47	429
47	438
47	447
47	458
48	288
48	300
48	315
48	327
48	338
48	348
48	357
48	366
48	374
48	382
48	390
48	398
48	405
48	412
48	418
48	424
48	431
48	438
48	446
48	454
48	463
48	474
49	346
49	356
49	365
49	373
49	380
49	387
49	394
49	401
49	408
49	415
49	422
49	430
49	438
49	447
49	458
50	252
50	371
50	384
52	198
56	242
56	253
56	263
56	273
56	284
57	256
57	267
57	277
57	287
57	298
61	237
61	248
61	258
61	268
61	278
61	288
61	298
61	308
61	319
61	330
61	341
61	352
61	364
62	226
62	236
62	244
62	252
62	259
62	266
62	273
62	279
62	286
62	293
62	300
62	307
62	315
62	323
62	331
62	339
62	347
62	355
62	363
62	371
62	379
62	388
62	398
62	409
63	200
63	212
63	223
63	232
63	240
63	246
63	252
63	256
63	261
63	265
63	270
63	273
63	278
63	281
63	286
63	289
63	294
63	297
63	302
63	306
63	311
63	316
63	321
63	326
63	332
63	338
63	344
63	350
63	357
63	364
63	371
63	379
63	387
63	396
63	406
64	190
64	201
64	212
64	223
64	232
64	240
64	245
64	251
64	253
64	258
64	261
64	264
64	268
64	271
64	273
64	276
64	279
64	282
64	284
64	287
64	290
64	292
64	295
64	298
64	300
64	303
64	306
64	308
64	311
64	314
64	317
64	320
64	323
64	326
64	329
64	333
64	336
64	340
64	344
64	348
64	353
64	358
64	364
64	370
64	377
64	385
64	394
64	404
65	192
65	203
65	213
65	223
65	232
65	240
65	247
65	253
65	258
65	262
65	266
65	270
65	272
65	276
65	279
65	281
65	284
65	286
65	289
65	291
65	293
65	296
65	298
65	300
65	302
65	305
65	307
65	309
65	311
65	314
65	316
65	318
65	320
65	323
65	325
65	327
65	330
65	332
65	335
65	337
65	340
65	343
65	346
65	349
65	352
65	356
65	359
65	363
65	367
65	371
65	376
65	380
65	386
65	391
65	397
65	404
65	412
65	421
66	190
66	201
66	211
66	221
66	231
66	241
66	251
66	261
66	270
66	276
66	282
66	286
66	291
66	293
66	297
66	300
66	302
66	305
66	308
66	310
66	312
66	315
66	317
66	319
66	322
66	324
66	326
66	328
66	331
66	333
66	335
66	338
66	340
66	342
66	345
66	347
66	350
66	352
66	355
66	358
66	360
66	364
66	366
66	369
66	373
66	376
66	379
66	383
66	386
66	390
66	394
66	398
66	403
66	408
66	414
66	420
66	427
66	435
66	445
67	191
67	202
67	213
67	223
67	233
67	243
67	254
67	267
67	279
67	289
67	297
67	303
67	308
67	312
67	315
67	319
67	322
67	324
67	328
67	331
67	332
67	336
67	338
67	341
67	343
67	346
67	348
67	351
67	353
67	356
67	358
67	361
67	363
67	366
67	368
67	371
67	373
67	376
67	378
67	381
67	384
67	386
67	389
67	392
67	395
67	398
67	401
67	405
67	408
67	412
67	416
67	420
67	425
67	430
67	436
67	442
67	449
67	458
68	188
68	199
68	210
68	221
68	231
68	241
68	251
68	261
68	272
68	301
68	311
68	320
68	326
68	332
68	335
68	340
68	342
68	346
68	349
68	352
68	355
68	358
68	361
68	363
68	366
68	369
68	371
68	374
68	376
68	379
68	381
68	384
68	386
68	389
68	391
68	394
68	397
68	399
68	403
68	405
68	408
68	412
68	415
68	418
68	422
68	426
68	430
68	435
68	440
68	446
68	453
68	461
68	471
69	226
69	236
69	245
69	254
69	263
69	272
69	281
69	291
69	301
69	313
69	325
69	335
69	343
69	350
69	355
69	361
69	365
69	370
69	374
69	379
69	383
69	388
69	392
69	397
69	402
69	407
69	413
69	419
69	426
69	434
69	443
70	230
70	239
70	246
70	252
70	258
70	264
70	270
70	275
70	281
70	287
70	293
70	299
70	306
70	313
70	321
70	330
70	340
70	351
71	229
71	237
71	242
71	247
71	252
71	255
71	260
71	262
71	266
71	269
71	272
71	275
71	279
71	281
71	285
71	288
71	291
71	295
71	298
71	301
71	305
71	308
71	312
71	316
71	320
71	325
71	329
71	334
71	339
71	345
71	351
71	358
71	366
71	375
71	385
71	397
72	229
72	237
72	242
72	246
72	251
72	253
72	257
72	260
72	262
72	265
72	268
72	271
72	272
72	275
72	278
72	280
72	282
72	285
72	287
72	289
72	292
72	294
72	296
72	299
72	301
72	303
72	306
72	308
72	310
72	313
72	315
72	318
72	320
72	323
72	326
72	328
72	331
72	334
72	337
72	340
72	344
72	347
72	351
72	355
72	359
72	363
72	368
72	373
72	378
72	384
72	390
72	396
72	403
72	411
72	420
72	430
73	233
73	242
73	250
73	255
73	261
73	265
73	270
73	273
73	278
73	281
73	284
73	288
73	291
73	294
73	297
73	300
73	303
73	306
73	309
73	312
73	314
73	317
73	320
73	322
73	325
73	328
73	330
73	334
73	336
73	339
73	342
73	345
73	348
73	351
73	354
73	357
73	360
73	364
73	367
73	371
73	375
73	378
73	382
73	386
73	390
73	394
73	398
73	403
73	407
73	412
73	417
73	423
73	429
73	436
73	445
73	455
74	292
74	302
74	311
74	319
74	325
74	331
74	337
74	342
74	347
74	352
74	357
74	362
74	366
74	371
74	375
74	380
74	384
74	389
74	393
74	398
74	402
74	407
74	412
74	417
74	423
74	429
74	436
74	444
74	453
75	371
75	382
75	393
75	403
75	414
-1	-1
