-1	-1
0	281
0	292
0	302
0	311
0	320
0	328
0	336
0	345
0	354
0	364
0	374
0	386
1	291
1	302
1	312
1	322
1	332
1	342
1	352
1	363
2	288
2	299
2	309
2	319
2	328
2	338
2	348
2	359
3	282
3	293
3	303
3	312
3	321
3	330
3	340
3	350
3	362
4	288
4	299
4	310
4	320
4	331
4	342
8	306
8	318
8	329
8	340
8	352
8	381
8	393
8	404
8	415
8	425
8	435
8	445
8	455
8	465
8	475
8	485
8	495
8	505
8	516
9	316
9	328
9	339
9	350
9	362
9	374
9	385
9	395
9	404
9	412
9	420
9	427
9	434
9	441
9	448
9	454
9	460
9	466
9	472
9	478
9	484
9	490
9	496
9	503
9	510
9	517
9	524
9	532
9	541
9	551
9	564
10	310
10	321
10	331
10	341
10	351
10	361
10	371
10	381
10	390
10	398
10	405
10	412
10	418
10	424
10	430
10	435
10	440
10	445
10	450
10	454
10	459
10	463
10	468
10	472
10	477
10	481
10	486
10	490
10	495
10	499
10	504
10	508
10	513
10	518
10	523
10	528
10	534
10	540
10	547
10	554
10	562
10	571
10	581
11	302
11	313
11	323
11	332
11	341
11	350
11	359
11	368
11	377
11	385
11	392
11	399
11	404
11	410
11	414
11	419
11	423
11	428
11	432
11	436
11	440
11	444
11	448
11	452
11	456
11	460
11	464
11	468
11	472
11	476
11	480
11	484
11	488
11	492
11	496
11	500
11	504
11	508
11	512
11	517
11	521
11	526
11	531
11	536
11	542
11	548
11	555
11	562
11	570
11	579
12	306
12	317
12	327
12	336
12	345
12	354
12	363
12	372
12	381
12	389
12	396
12	403
12	409
12	415
12	421
12	426
12	432
12	437
12	442
12	447
12	452
12	457
12	462
12	467
12	473
12	478
12	484
12	490
12	496
12	502
12	508
12	515
12	522
12	529
12	537
12	546
12	556
13	312
13	323
13	334
13	344
13	354
13	364
13	374
13	384
13	393
13	402
13	411
13	420
13	429
13	438
13	447
13	456
13	466
13	477
13	489
14	316
14	327
14	338
14	348
14	358
14	369
14	380
14	390
14	400
14	410
14	421
14	433
15	310
15	321
15	331
15	341
15	351
15	360
15	370
15	380
15	390
15	401
15	413
16	290
16	301
16	311
16	320
16	329
16	337
16	345
16	353
16	361
16	369
16	377
16	385
16	394
16	403
16	413
16	424
17	287
17	297
17	306
17	314
17	322
17	329
17	336
17	342
17	348
17	354
17	360
17	366
17	372
17	379
17	386
17	393
17	401
17	409
17	418
17	428
17	439
18	282
18	292
18	301
18	309
18	316
18	323
18	329
18	335
18	341
18	346
18	352
18	357
18	362
18	368
18	373
18	379
18	385
18	391
18	398
18	405
18	413
18	421
18	430
18	440
18	452
19	280
19	290
19	298
19	305
19	311
19	317
19	322
19	327
19	332
19	336
19	341
19	345
19	349
19	353
19	357
19	361
19	365
19	369
19	374
19	378
19	383
19	388
19	393
19	398
19	404
19	410
19	417
19	424
19	432
19	440
19	449
19	459
20	277
20	286
20	293
20	299
20	304
20	309
20	313
20	317
20	321
20	324
20	328
20	331
20	334
20	338
20	341
20	344
20	347
20	350
20	353
20	356
20	359
20	362
20	365
20	368
20	371
20	375
20	378
20	382
20	385
20	389
20	393
20	397
20	401
20	406
20	411
20	416
20	422
20	428
20	435
20	442
20	450
20	458
20	467
20	477
20	490
21	273
21	282
21	290
21	295
21	301
21	304
21	309
21	312
21	315
21	319
21	321
21	324
21	327
21	330
21	332
21	335
21	338
21	340
21	343
21	345
21	348
21	350
21	353
21	355
21	358
21	360
21	363
21	365
21	368
21	370
21	373
21	376
21	378
21	381
21	384
21	387
21	390
21	394
21	397
21	401
21	405
21	409
21	413
21	418
21	422
21	427
21	432
21	438
21	444
21	451
21	458
21	466
21	474
21	483
21	492
21	502
21	512
21	523
21	536
22	272
22	281
22	288
22	293
22	298
22	302
22	306
22	310
22	313
22	317
22	320
22	323
22	327
22	330
22	332
22	335
22	338
22	341
22	343
22	346
22	348
22	351
22	353
22	355
22	358
22	360
22	363
22	365
22	367
22	370
22	372
22	375
22	377
22	380
22	382
22	385
22	388
22	390
22	394
22	396
22	399
22	403
22	406
22	409
22	413
22	416
22	420
22	424
22	428
22	433
22	437
22	442
22	447
22	452
22	458
22	464
22	470
22	476
22	483
22	490
22	497
22	504
22	511
22	518
22	525
22	533
22	541
22	550
22	561
23	271
23	280
23	287
23	292
23	297
23	302
23	305
23	310
23	313
23	317
23	320
23	324
23	327
23	331
23	333
23	337
23	340
23	343
23	346
23	349
23	352
23	355
23	358
23	361
23	363
23	366
23	369
23	371
23	374
23	377
23	379
23	382
23	385
23	387
23	390
23	393
23	396
23	398
23	402
23	404
23	407
23	410
23	414
23	416
23	420
23	423
23	427
23	430
23	434
23	437
23	441
23	445
23	449
23	453
23	457
23	461
23	465
23	469
23	474
23	478
23	483
23	488
23	493
23	498
23	503
23	508
23	513
23	518
23	524
23	530
23	536
23	543
23	551
23	560
23	570
24	269
24	278
24	284
24	290
24	295
24	300
24	304
24	309
24	313
24	317
24	321
24	325
24	329
24	333
24	337
24	341
24	345
24	349
24	353
24	356
24	360
24	363
24	367
24	370
24	373
24	376
24	379
24	382
24	385
24	388
24	391
24	393
24	396
24	399
24	401
24	404
24	407
24	409
24	412
24	415
24	418
24	420
24	424
24	426
24	429
24	432
24	435
24	438
24	441
24	444
24	447
24	450
24	453
24	456
24	459
24	463
24	466
24	469
24	473
24	476
24	480
24	484
24	488
24	492
24	496
24	500
24	505
24	509
24	514
24	519
24	524
24	530
24	536
24	543
24	551
24	560
25	270
25	279
25	287
25	293
25	299
25	304
25	310
25	314
25	319
25	323
25	328
25	332
25	336
25	340
25	344
25	348
25	352
25	356
25	360
25	363
25	367
25	371
25	374
25	378
25	381
25	384
25	387
25	390
25	393
25	396
25	399
25	402
25	405
25	408
25	411
25	413
25	417
25	419
25	422
25	425
25	427
25	430
25	433
25	436
25	438
25	442
25	444
25	447
25	450
25	453
25	456
25	459
25	462
25	466
25	469
25	473
25	476
25	480
25	484
25	488
25	492
25	496
25	501
25	506
25	511
25	516
25	522
25	528
25	535
25	543
25	552
25	565
26	273
26	283
26	291
26	298
26	304
26	310
26	315
26	320
26	324
26	329
26	333
26	337
26	341
26	345
26	349
26	353
26	356
26	360
26	363
26	367
26	370
26	373
26	377
26	380
26	383
26	386
26	389
26	392
26	395
26	398
26	401
26	404
26	407
26	410
26	413
26	416
26	419
26	422
26	425
26	428
26	431
26	434
26	437
26	440
26	443
26	446
26	449
26	453
26	456
26	459
26	463
26	467
26	471
26	475
26	479
26	484
26	488
26	494
26	499
26	505
26	511
26	518
26	526
26	535
26	546
27	278
27	288
27	296
27	303
27	310
27	316
27	322
27	327
27	332
27	337
27	342
27	347
27	352
27	356
27	361
27	365
27	370
27	373
27	377
27	381
27	383
27	387
27	390
27	393
27	395
27	399
27	401
27	404
27	407
27	409
27	412
27	415
27	417
27	420
27	423
27	426
27	428
27	432
27	434
27	438
27	440
27	444
27	447
27	450
27	454
27	457
27	461
27	465
27	469
27	474
27	478
27	484
27	489
27	495
27	501
27	508
27	516
27	525
27	535
28	276
28	284
28	292
28	299
28	305
28	311
28	316
28	321
28	326
28	331
28	336
28	341
28	345
28	350
28	354
28	359
28	363
28	368
28	372
28	376
28	380
28	383
28	387
28	390
28	393
28	397
28	400
28	403
28	406
28	409
28	412
28	415
28	418
28	421
28	425
28	427
28	431
28	434
28	438
28	441
28	445
28	449
28	453
28	457
28	462
28	466
28	471
28	476
28	482
28	488
28	495
28	503
28	512
28	522
29	279
29	289
29	297
29	304
29	311
29	317
29	323
29	328
29	333
29	338
29	343
29	348
29	353
29	358
29	363
29	368
29	372
29	377
29	381
29	385
29	390
29	393
29	398
29	401
29	405
29	409
29	412
29	416
29	420
29	424
29	428
29	432
29	436
29	440
29	445
29	449
29	454
29	459
29	465
29	471
29	477
29	484
29	492
29	501
29	512
30	281
30	291
30	299
30	306
30	313
30	319
30	325
30	331
30	337
30	343
30	349
30	355
30	361
30	367
30	373
30	379
30	384
30	389
30	393
30	398
30	401
30	405
30	408
30	412
30	414
30	418
30	421
30	424
30	427
30	430
30	433
30	436
30	439
30	443
30	446
30	449
30	453
30	457
30	461
30	466
30	470
30	475
30	480
30	486
30	493
30	500
30	508
30	518
31	288
31	298
31	307
31	315
31	322
31	329
31	336
31	343
31	350
31	357
31	364
31	371
31	378
31	385
31	391
31	397
31	402
31	406
31	411
31	413
31	417
31	420
31	423
31	426
31	429
31	432
31	435
31	438
31	441
31	444
31	447
31	450
31	454
31	457
31	461
31	465
31	469
31	474
31	478
31	484
31	489
31	495
31	502
31	509
31	518
31	529
32	288
32	298
32	307
32	315
32	323
32	330
32	337
32	344
32	351
32	358
32	365
32	372
32	379
32	386
32	393
32	400
32	406
32	412
32	418
32	423
32	428
32	433
32	438
32	443
32	448
32	453
32	458
32	464
32	470
32	476
32	483
32	490
32	498
32	507
32	518
33	279
33	289
33	298
33	306
33	313
33	320
33	327
33	334
33	341
33	347
33	354
33	361
33	368
33	375
33	382
33	389
33	396
33	402
33	408
33	413
33	419
33	423
33	428
33	432
33	436
33	440
33	444
33	448
33	452
33	456
33	460
33	465
33	469
33	474
33	479
33	485
33	491
33	497
33	504
33	512
33	521
33	533
34	278
34	287
34	295
34	302
34	309
34	315
34	321
34	327
34	333
34	339
34	345
34	351
34	357
34	363
34	369
34	376
34	383
34	390
34	397
34	404
34	410
34	415
34	421
34	424
34	429
34	432
34	436
34	439
34	442
34	445
34	448
34	451
34	454
34	457
34	460
34	463
34	466
34	469
34	473
34	476
34	480
34	484
34	488
34	492
34	497
34	502
34	507
34	513
34	519
34	526
34	534
34	544
35	279
35	288
35	296
35	303
35	310
35	317
35	323
35	330
35	336
35	343
35	349
35	356
35	363
35	370
35	377
35	385
35	393
35	401
35	409
35	417
35	424
35	430
35	434
35	439
35	442
35	446
35	450
35	453
35	457
35	460
35	464
35	467
35	471
35	474
35	478
35	482
35	486
35	490
35	495
35	499
35	505
35	510
35	516
35	523
35	531
35	540
36	283
36	293
36	302
36	311
36	319
36	327
36	335
36	343
36	351
36	359
36	367
36	375
36	384
36	393
36	401
36	409
36	417
36	425
36	432
36	439
36	445
36	451
36	457
36	463
36	469
36	475
36	481
36	487
36	494
36	501
36	509
36	518
36	528
37	287
37	297
37	306
37	315
37	323
37	331
37	339
37	347
37	356
37	365
37	375
37	385
37	395
37	405
37	414
37	422
37	429
37	436
37	442
37	448
37	453
37	458
37	463
37	468
37	473
37	478
37	483
37	488
37	494
37	499
37	505
37	511
37	518
37	526
37	535
37	546
38	280
38	290
38	299
38	307
38	315
38	323
38	331
38	339
38	347
38	355
38	364
38	373
38	383
38	394
38	405
38	416
38	426
38	434
38	441
38	448
38	453
38	458
38	462
38	466
38	470
38	473
38	477
38	481
38	484
38	488
38	492
38	496
38	500
38	505
38	509
38	514
38	519
38	525
38	531
38	538
38	546
38	555
39	278
39	288
39	296
39	304
39	311
39	318
39	325
39	332
39	339
39	346
39	354
39	362
39	371
39	380
39	389
39	399
39	409
39	419
39	429
39	439
39	448
39	454
39	460
39	463
39	468
39	471
39	474
39	478
39	481
39	484
39	487
39	491
39	494
39	497
39	501
39	504
39	508
39	512
39	516
39	520
39	525
39	530
39	536
39	542
39	549
39	557
39	567
40	283
40	294
40	304
40	313
40	321
40	329
40	337
40	345
40	354
40	363
40	373
40	383
40	393
40	402
40	411
40	419
40	427
40	435
40	443
40	451
40	458
40	464
40	470
40	474
40	479
40	483
40	487
40	491
40	495
40	499
40	503
40	507
40	512
40	516
40	521
40	526
40	532
40	538
40	545
40	553
40	562
40	574
41	309
41	321
41	334
41	347
41	408
41	419
41	428
41	437
41	445
41	453
41	461
41	469
41	476
41	483
41	490
41	497
41	504
41	511
41	519
41	527
41	536
41	547
42	456
42	466
42	475
42	483
42	491
42	499
42	506
42	514
42	522
42	531
42	541
43	298
43	310
43	322
43	334
43	469
43	479
43	488
43	495
43	501
43	507
43	513
43	519
43	525
43	532
43	539
43	547
43	556
43	567
44	301
44	313
44	325
44	466
44	477
44	486
44	493
44	499
44	504
44	509
44	514
44	518
44	523
44	528
44	533
44	538
44	544
44	550
44	557
44	564
44	572
44	582
44	593
44	605
45	292
45	303
45	314
45	325
45	337
45	438
45	449
45	459
45	469
45	479
45	488
45	495
45	501
45	507
45	512
45	517
45	522
45	527
45	533
45	538
45	544
45	550
45	557
45	565
45	574
45	585
46	291
46	302
46	313
46	324
46	335
46	459
46	470
46	480
46	490
46	499
46	508
46	517
46	526
46	535
46	545
46	556
47	292
47	304
47	315
47	326
47	337
47	482
47	493
47	503
47	512
47	520
47	528
47	536
47	544
47	552
47	561
47	571
47	582
48	309
48	321
48	332
48	344
48	491
48	501
48	510
48	518
48	524
48	530
48	535
48	541
48	546
48	552
48	557
48	563
48	569
48	576
48	583
48	591
48	599
48	608
48	618
49	312
49	324
49	335
49	347
49	411
49	422
49	432
49	442
49	452
49	462
49	473
49	487
49	499
49	509
49	518
49	525
49	531
49	536
49	541
49	546
49	551
49	556
49	561
49	567
49	573
49	579
49	586
49	593
49	600
49	608
49	617
49	627
50	297
50	309
50	320
50	331
50	343
50	522
50	533
50	543
50	553
50	563
50	574
50	585
50	596
50	607
62	328
62	342
62	387
62	399
62	411
62	422
62	433
62	444
62	455
62	467
62	479
62	490
62	501
62	511
62	520
62	529
62	538
62	547
62	556
62	566
62	577
63	319
63	330
63	341
63	352
63	364
63	375
63	385
63	394
63	403
63	411
63	419
63	427
63	435
63	443
63	451
63	459
63	467
63	475
63	484
63	493
63	503
63	513
63	523
63	533
63	543
63	553
63	564
64	299
64	311
64	323
64	334
64	346
64	366
64	376
64	384
64	392
64	399
64	405
64	411
64	416
64	421
64	426
64	431
64	436
64	441
64	446
64	451
64	456
64	461
64	466
64	471
64	476
64	481
64	487
64	493
64	499
64	506
64	513
64	520
64	528
64	537
64	547
64	558
65	296
65	307
65	318
65	329
65	341
65	366
65	376
65	383
65	390
65	394
65	400
65	403
65	408
65	411
65	415
65	418
65	422
65	424
65	428
65	431
65	433
65	437
65	439
65	442
65	445
65	448
65	450
65	453
65	456
65	458
65	461
65	464
65	467
65	469
65	473
65	475
65	478
65	481
65	484
65	487
65	490
65	494
65	497
65	500
65	504
65	507
65	511
65	515
65	519
65	524
65	528
65	533
65	538
65	544
65	550
65	556
65	563
65	570
65	578
65	587
65	597
66	368
66	378
66	385
66	391
66	396
66	401
66	404
66	408
66	411
66	414
66	417
66	420
66	422
66	425
66	427
66	430
66	432
66	434
66	436
66	439
66	441
66	442
66	445
66	447
66	449
66	451
66	452
66	455
66	456
66	458
66	460
66	462
66	464
66	465
66	468
66	469
66	471
66	473
66	475
66	477
66	478
66	480
66	483
66	484
66	486
66	488
66	490
66	492
66	494
66	496
66	498
66	500
66	502
66	505
66	506
66	509
66	511
66	514
66	516
66	518
66	521
66	524
66	526
66	529
66	532
66	535
66	537
66	541
66	544
66	547
66	550
66	554
66	557
66	561
66	565
66	569
66	573
66	578
66	582
66	587
66	593
66	599
66	606
66	614
66	623
66	635
67	319
67	333
67	380
67	390
67	399
67	406
67	412
67	417
67	422
67	426
67	431
67	433
67	437
67	441
67	442
67	446
67	449
67	451
67	453
67	456
67	458
67	461
67	462
67	465
67	467
67	469
67	471
67	473
67	475
67	477
67	479
67	481
67	482
67	484
67	486
67	488
67	490
67	491
67	493
67	495
67	497
67	498
67	500
67	502
67	504
67	505
67	507
67	509
67	511
67	512
67	514
67	516
67	518
67	519
67	521
67	523
67	525
67	527
67	528
67	531
67	533
67	534
67	537
67	538
67	541
67	543
67	545
67	547
67	549
67	552
67	554
67	556
67	558
67	561
67	563
67	566
67	568
67	571
67	574
67	576
67	579
67	582
67	585
67	588
67	591
67	595
67	598
67	602
67	606
67	610
67	615
67	620
67	626
67	633
67	641
67	651
68	442
68	452
68	461
68	468
68	473
68	479
68	482
68	487
68	491
68	493
68	497
68	500
68	502
68	505
68	508
68	510
68	512
68	515
68	517
68	520
68	522
68	523
68	526
68	528
68	530
68	532
68	534
68	536
68	538
68	540
68	542
68	544
68	546
68	548
68	550
68	552
68	554
68	556
68	558
68	560
68	563
68	564
68	567
68	569
68	571
68	574
68	576
68	578
68	581
68	583
68	586
68	588
68	591
68	594
68	597
68	600
68	604
68	607
68	611
68	615
68	619
68	624
68	629
68	635
68	642
68	651
69	488
69	498
69	507
69	514
69	521
69	526
69	532
69	536
69	541
69	545
69	550
69	554
69	558
69	563
69	567
69	572
69	576
69	581
69	586
69	592
69	598
69	605
69	613
69	622
70	377
70	387
70	396
70	405
70	414
70	423
70	432
70	441
70	451
70	461
70	473
71	368
71	377
71	384
71	390
71	396
71	401
71	406
71	411
71	416
71	421
71	426
71	431
71	436
71	441
71	446
71	451
71	456
71	462
71	467
71	473
71	479
71	486
71	493
71	501
71	509
71	518
71	528
72	366
72	373
72	380
72	384
72	389
72	392
72	396
72	400
72	402
72	406
72	409
72	412
72	415
72	418
72	421
72	423
72	426
72	429
72	431
72	434
72	437
72	439
72	442
72	445
72	447
72	450
72	453
72	455
72	458
72	461
72	464
72	467
72	470
72	473
72	476
72	479
72	482
72	486
72	489
72	493
72	496
72	500
72	504
72	508
72	512
72	517
72	521
72	526
72	531
72	537
72	543
72	549
72	556
72	563
72	571
72	579
72	588
72	598
73	368
73	376
73	382
73	387
73	391
73	394
73	398
73	401
73	404
73	407
73	410
73	412
73	415
73	418
73	420
73	422
73	425
73	427
73	430
73	432
73	434
73	437
73	439
73	441
73	443
73	446
73	448
73	450
73	452
73	455
73	456
73	459
73	461
73	463
73	465
73	468
73	469
73	472
73	474
73	476
73	479
73	481
73	483
73	486
73	488
73	490
73	493
73	495
73	498
73	500
73	503
73	505
73	508
73	510
73	514
73	516
73	519
73	522
73	525
73	528
73	531
73	535
73	537
73	541
73	545
73	548
73	552
73	556
73	559
73	564
73	567
73	572
73	576
73	580
73	585
73	589
73	595
73	600
73	606
73	613
73	620
73	629
74	381
74	391
74	399
74	406
74	412
74	418
74	423
74	429
74	433
74	438
74	442
74	447
74	451
74	455
74	459
74	463
74	467
74	471
74	474
74	478
74	482
74	485
74	489
74	492
74	496
74	499
74	503
74	506
74	510
74	513
74	517
74	520
74	524
74	527
74	531
74	534
74	538
74	541
74	545
74	548
74	552
74	556
74	559
74	563
74	567
74	571
74	575
74	579
74	583
74	587
74	592
74	596
74	601
74	607
74	613
74	620
74	628
74	638
75	521
75	532
75	543
75	553
75	563
75	573
75	583
75	594
-1	-1
