-1	-1
0	157
0	166
0	174
0	181
0	188
0	194
0	200
0	206
0	212
0	219
0	226
0	233
0	241
0	249
0	257
0	266
0	275
0	285
0	295
0	306
0	318
0	332
1	162
1	172
1	181
1	189
1	197
1	205
1	213
1	221
1	229
1	238
1	247
1	257
1	267
1	278
1	289
1	302
2	162
2	172
2	181
2	189
2	197
2	204
2	212
2	220
2	228
2	236
2	244
2	253
2	262
2	272
2	282
2	293
2	304
2	316
2	329
3	166
3	176
3	185
3	193
3	201
3	209
3	216
3	224
3	232
3	240
3	248
3	256
3	264
3	273
3	282
3	291
3	301
3	311
3	321
3	331
3	342
3	353
3	365
4	169
4	180
4	189
4	198
4	206
4	214
4	222
4	230
4	238
4	245
4	252
4	259
4	266
4	274
4	282
4	290
4	298
4	306
4	314
4	322
4	330
4	338
4	346
4	354
4	363
4	372
4	381
4	390
4	399
4	409
4	419
4	430
5	172
5	183
5	193
5	203
5	212
5	221
5	229
5	237
5	244
5	251
5	258
5	265
5	272
5	279
5	285
5	292
5	298
5	304
5	310
5	316
5	322
5	328
5	334
5	340
5	346
5	352
5	358
5	364
5	370
5	376
5	383
5	389
5	396
5	403
5	410
5	417
5	425
5	433
5	441
5	450
5	460
5	471
6	162
6	172
6	181
6	190
6	198
6	206
6	214
6	221
6	228
6	235
6	241
6	247
6	253
6	259
6	265
6	270
6	276
6	281
6	287
6	292
6	298
6	303
6	308
6	313
6	318
6	323
6	328
6	333
6	338
6	343
6	348
6	353
6	358
6	363
6	368
6	373
6	378
6	383
6	388
6	393
6	398
6	403
6	408
6	413
6	418
6	424
6	429
6	435
6	441
6	447
6	454
6	461
6	469
6	477
6	486
6	496
6	507
7	157
7	166
7	173
7	180
7	186
7	192
7	198
7	204
7	210
7	216
7	222
7	228
7	234
7	240
7	245
7	251
7	256
7	261
7	266
7	271
7	276
7	281
7	286
7	291
7	296
7	301
7	306
7	311
7	315
7	320
7	324
7	329
7	333
7	338
7	342
7	347
7	351
7	356
7	360
7	365
7	369
7	374
7	378
7	383
7	387
7	392
7	397
7	402
7	407
7	412
7	417
7	422
7	427
7	433
7	439
7	445
7	451
7	458
7	465
7	473
7	481
7	490
7	500
7	511
8	151
8	160
8	168
8	174
8	180
8	185
8	190
8	195
8	200
8	205
8	210
8	215
8	220
8	225
8	230
8	234
8	239
8	243
8	248
8	252
8	256
8	260
8	264
8	268
8	272
8	276
8	280
8	284
8	288
8	292
8	296
8	300
8	304
8	308
8	312
8	316
8	320
8	324
8	328
8	332
8	336
8	340
8	344
8	348
8	352
8	356
8	361
8	365
8	370
8	374
8	379
8	383
8	388
8	393
8	398
8	403
8	408
8	413
8	418
8	424
8	429
8	435
8	441
8	448
8	455
8	463
8	471
8	480
8	490
8	503
9	156
9	164
9	171
9	178
9	184
9	190
9	196
9	201
9	207
9	212
9	217
9	222
9	226
9	231
9	235
9	239
9	243
9	247
9	251
9	254
9	258
9	261
9	264
9	268
9	271
9	274
9	277
9	280
9	283
9	286
9	289
9	292
9	295
9	298
9	301
9	304
9	307
9	310
9	313
9	316
9	319
9	322
9	325
9	328
9	331
9	334
9	337
9	340
9	344
9	347
9	350
9	354
9	357
9	361
9	364
9	368
9	371
9	375
9	378
9	382
9	386
9	389
9	394
9	397
9	402
9	406
9	410
9	415
9	419
9	424
9	428
9	433
9	438
9	443
9	448
9	454
9	460
9	467
9	474
9	482
9	491
9	501
10	152
10	162
10	170
10	177
10	184
10	190
10	196
10	202
10	207
10	212
10	217
10	221
10	226
10	230
10	234
10	238
10	242
10	245
10	249
10	252
10	255
10	259
10	261
10	264
10	267
10	270
10	273
10	275
10	278
10	281
10	283
10	286
10	289
10	291
10	294
10	296
10	299
10	302
10	304
10	307
10	309
10	312
10	315
10	317
10	320
10	323
10	325
10	328
10	331
10	333
10	336
10	339
10	341
10	344
10	347
10	349
10	352
10	355
10	358
10	360
10	364
10	366
10	369
10	372
10	375
10	378
10	381
10	384
10	387
10	390
10	393
10	396
10	399
10	402
10	405
10	408
10	412
10	415
10	418
10	422
10	425
10	429
10	432
10	436
10	440
10	444
10	448
10	452
10	456
10	461
10	465
10	470
10	475
10	480
10	486
10	492
10	499
10	507
10	516
10	527
11	157
11	166
11	173
11	180
11	186
11	192
11	198
11	203
11	208
11	213
11	217
11	222
11	226
11	231
11	235
11	239
11	243
11	247
11	251
11	255
11	259
11	262
11	266
11	269
11	273
11	276
11	279
11	282
11	285
11	288
11	291
11	294
11	297
11	300
11	303
11	306
11	309
11	312
11	314
11	317
11	320
11	322
11	325
11	328
11	330
11	333
11	336
11	338
11	341
11	344
11	346
11	349
11	352
11	354
11	357
11	360
11	362
11	365
11	368
11	371
11	374
11	376
11	380
11	382
11	385
11	388
11	391
11	394
11	397
11	400
11	403
11	406
11	409
11	412
11	415
11	418
11	421
11	424
11	427
11	430
11	433
11	436
11	439
11	443
11	446
11	449
11	453
11	456
11	460
11	464
11	468
11	472
11	477
11	481
11	486
11	491
11	497
11	503
11	510
11	517
11	526
11	536
12	160
12	170
12	178
12	185
12	192
12	198
12	204
12	210
12	216
12	222
12	228
12	234
12	240
12	246
12	252
12	258
12	264
12	270
12	276
12	281
12	287
12	292
12	297
12	302
12	307
12	311
12	316
12	320
12	324
12	328
12	332
12	336
12	340
12	344
12	348
12	352
12	356
12	360
12	364
12	368
12	372
12	376
12	380
12	384
12	388
12	392
12	396
12	400
12	404
12	408
12	411
12	415
12	419
12	422
12	426
12	430
12	433
12	437
12	441
12	445
12	449
12	453
12	457
12	462
12	467
12	472
12	477
12	483
12	489
12	496
12	504
12	513
12	523
13	161
13	171
13	179
13	186
13	193
13	199
13	205
13	211
13	217
13	224
13	231
13	238
13	245
13	252
13	260
13	268
13	276
13	284
13	291
13	298
13	305
13	312
13	319
13	325
13	331
13	337
13	343
13	349
13	356
13	363
13	370
13	377
13	384
13	391
13	399
13	407
13	415
13	423
13	431
13	440
13	449
13	459
14	158
14	168
14	176
14	183
14	190
14	196
14	202
14	208
14	214
14	220
14	226
14	233
14	240
14	248
14	256
14	265
14	274
14	283
14	292
14	301
14	310
14	319
14	328
14	337
14	346
14	356
14	366
14	376
14	387
14	399
15	153
15	162
15	170
15	177
15	183
15	189
15	194
15	199
15	204
15	209
15	214
15	219
15	225
15	230
15	236
15	242
15	249
15	256
15	264
15	273
15	282
15	292
15	302
15	312
15	323
15	334
15	347
16	150
16	159
16	166
16	172
16	177
16	182
16	186
16	191
16	194
16	199
16	202
16	206
16	210
16	214
16	218
16	222
16	226
16	230
16	235
16	239
16	245
16	250
16	256
16	262
16	269
16	276
16	284
16	292
16	301
16	311
16	323
17	147
17	155
17	162
17	166
17	171
17	175
17	179
17	182
17	186
17	189
17	192
17	196
17	199
17	202
17	205
17	208
17	211
17	214
17	217
17	220
17	224
17	227
17	231
17	234
17	238
17	242
17	246
17	250
17	255
17	260
17	265
17	271
17	277
17	284
17	291
17	299
17	308
17	318
17	329
18	147
18	155
18	161
18	165
18	170
18	173
18	178
18	181
18	185
18	188
18	192
18	194
18	198
18	201
18	204
18	207
18	210
18	213
18	216
18	219
18	222
18	225
18	228
18	231
18	235
18	238
18	242
18	245
18	249
18	253
18	257
18	261
18	266
18	270
18	275
18	280
18	286
18	292
18	298
18	305
18	312
18	320
18	328
18	337
18	347
18	358
19	149
19	158
19	164
19	170
19	174
19	179
19	183
19	187
19	191
19	194
19	198
19	201
19	204
19	208
19	211
19	214
19	217
19	220
19	223
19	226
19	229
19	232
19	235
19	238
19	242
19	245
19	248
19	252
19	255
19	259
19	263
19	267
19	271
19	275
19	279
19	284
19	288
19	293
19	298
19	303
19	309
19	315
19	321
19	328
19	335
19	342
19	350
19	358
19	367
19	376
19	386
19	397
19	408
20	158
20	167
20	174
20	181
20	186
20	192
20	196
20	201
20	205
20	210
20	213
20	218
20	221
20	225
20	229
20	232
20	236
20	240
20	243
20	247
20	250
20	254
20	257
20	261
20	265
20	268
20	272
20	276
20	280
20	284
20	288
20	292
20	296
20	300
20	304
20	308
20	313
20	317
20	322
20	327
20	332
20	337
20	342
20	347
20	353
20	358
20	364
20	370
20	376
20	383
20	390
20	397
20	405
20	413
20	421
20	430
20	440
20	451
20	464
21	159
21	168
21	175
21	181
21	187
21	192
21	197
21	202
21	207
21	211
21	216
21	220
21	224
21	228
21	232
21	235
21	239
21	242
21	246
21	249
21	252
21	256
21	259
21	262
21	265
21	268
21	271
21	274
21	277
21	280
21	283
21	286
21	289
21	293
21	295
21	299
21	302
21	305
21	309
21	312
21	315
21	319
21	322
21	326
21	329
21	333
21	336
21	340
21	344
21	347
21	351
21	355
21	359
21	363
21	367
21	371
21	375
21	379
21	384
21	388
21	393
21	398
21	403
21	408
21	413
21	418
21	424
21	430
21	436
21	442
21	449
21	456
21	464
21	472
21	481
21	490
21	500
21	512
22	158
22	168
22	175
22	182
22	188
22	194
22	200
22	205
22	210
22	215
22	220
22	224
22	228
22	232
22	236
22	240
22	243
22	247
22	250
22	253
22	257
22	260
22	263
22	266
22	269
22	272
22	275
22	278
22	281
22	284
22	287
22	290
22	293
22	296
22	299
22	302
22	305
22	308
22	311
22	314
22	317
22	320
22	323
22	326
22	329
22	332
22	335
22	338
22	341
22	344
22	347
22	350
22	353
22	356
22	359
22	363
22	366
22	369
22	373
22	376
22	379
22	383
22	386
22	390
22	393
22	397
22	400
22	404
22	408
22	412
22	416
22	420
22	424
22	428
22	433
22	437
22	442
22	447
22	452
22	457
22	463
22	468
22	474
22	480
22	487
22	494
22	502
22	511
22	521
23	157
23	167
23	176
23	184
23	191
23	198
23	205
23	211
23	216
23	221
23	224
23	229
23	232
23	236
23	239
23	243
23	246
23	249
23	252
23	255
23	258
23	261
23	264
23	267
23	270
23	272
23	275
23	278
23	280
23	283
23	285
23	288
23	290
23	293
23	295
23	298
23	300
23	303
23	305
23	308
23	310
23	313
23	315
23	318
23	320
23	322
23	325
23	327
23	330
23	332
23	334
23	337
23	339
23	341
23	344
23	346
23	348
23	351
23	353
23	355
23	358
23	360
23	362
23	365
23	367
23	369
23	372
23	374
23	376
23	379
23	381
23	383
23	386
23	388
23	390
23	393
23	395
23	398
23	400
23	403
23	405
23	408
23	410
23	413
23	416
23	418
23	421
23	424
23	427
23	430
23	433
23	436
23	439
23	443
23	446
23	449
23	453
23	456
23	460
23	464
23	468
23	472
23	476
23	481
23	486
23	491
23	497
23	503
23	510
23	518
23	527
23	539
24	157
24	168
24	178
24	186
24	194
24	201
24	208
24	213
24	218
24	222
24	225
24	229
24	232
24	234
24	238
24	240
24	243
24	245
24	248
24	251
24	252
24	255
24	258
24	260
24	262
24	265
24	267
24	270
24	272
24	275
24	277
24	280
24	282
24	285
24	287
24	290
24	292
24	295
24	297
24	300
24	302
24	305
24	307
24	310
24	312
24	315
24	317
24	320
24	322
24	325
24	327
24	330
24	332
24	334
24	337
24	339
24	341
24	344
24	346
24	348
24	351
24	352
24	355
24	357
24	359
24	361
24	363
24	365
24	367
24	369
24	371
24	373
24	375
24	377
24	379
24	381
24	383
24	385
24	387
24	389
24	391
24	393
24	395
24	397
24	399
24	401
24	403
24	405
24	407
24	409
24	411
24	413
24	415
24	417
24	419
24	422
24	424
24	426
24	428
24	431
24	433
24	435
24	438
24	440
24	443
24	445
24	448
24	450
24	454
24	456
24	459
24	462
24	465
24	468
24	472
24	475
24	479
24	483
24	487
24	492
24	497
24	503
24	509
24	516
24	525
24	535
25	179
25	189
25	198
25	205
25	211
25	216
25	221
25	225
25	230
25	233
25	237
25	241
25	244
25	247
25	251
25	253
25	257
25	259
25	262
25	265
25	268
25	270
25	273
25	276
25	278
25	281
25	284
25	286
25	289
25	292
25	294
25	297
25	300
25	303
25	306
25	309
25	312
25	315
25	318
25	321
25	324
25	327
25	330
25	334
25	337
25	340
25	344
25	347
25	351
25	354
25	358
25	361
25	365
25	368
25	372
25	375
25	379
25	382
25	386
25	389
25	393
25	397
25	400
25	404
25	408
25	412
25	416
25	420
25	424
25	428
25	432
25	437
25	441
25	446
25	451
25	456
25	462
25	468
25	475
25	483
25	492
25	503
26	183
26	194
26	203
26	211
26	218
26	223
26	229
26	233
26	238
26	242
26	246
26	250
26	253
26	257
26	260
26	263
26	267
26	270
26	273
26	276
26	279
26	282
26	285
26	288
26	291
26	293
26	296
26	299
26	302
26	304
26	307
26	310
26	313
26	315
26	318
26	321
26	324
26	327
26	329
26	333
26	335
26	338
26	341
26	344
26	347
26	350
26	354
26	356
26	360
26	363
26	367
26	370
26	374
26	377
26	381
26	385
26	389
26	393
26	397
26	402
26	407
26	412
26	417
26	423
26	429
26	436
26	443
26	451
26	459
26	469
27	170
27	181
27	191
27	200
27	209
27	217
27	223
27	229
27	233
27	237
27	241
27	244
27	248
27	251
27	254
27	257
27	260
27	263
27	266
27	269
27	272
27	275
27	278
27	281
27	284
27	287
27	290
27	293
27	296
27	299
27	302
27	305
27	308
27	312
27	315
27	318
27	322
27	325
27	329
27	332
27	336
27	339
27	343
27	347
27	351
27	355
27	359
27	363
27	368
27	372
27	377
27	382
27	387
27	392
27	397
27	403
27	409
27	415
27	422
27	429
27	437
27	445
27	454
27	465
28	171
28	182
28	192
28	201
28	210
28	218
28	226
28	233
28	239
28	244
28	250
28	254
28	259
28	262
28	266
28	270
28	273
28	277
28	280
28	283
28	286
28	290
28	292
28	296
28	299
28	302
28	305
28	308
28	311
28	314
28	317
28	320
28	324
28	327
28	330
28	334
28	337
28	341
28	345
28	349
28	354
28	358
28	363
28	368
28	374
28	380
28	386
28	393
28	401
28	409
28	418
28	428
29	190
29	202
29	213
29	222
29	231
29	239
29	247
29	254
29	261
29	267
29	272
29	277
29	281
29	285
29	289
29	292
29	296
29	299
29	302
29	305
29	308
29	311
29	313
29	316
29	319
29	321
29	324
29	327
29	329
29	333
29	335
29	338
29	341
29	344
29	347
29	350
29	354
29	357
29	361
29	365
29	369
29	374
29	378
29	383
29	388
29	394
29	400
29	407
29	415
29	424
29	434
29	446
30	207
30	218
30	227
30	235
30	243
30	250
30	257
30	264
30	271
30	278
30	284
30	290
30	295
30	300
30	304
30	309
30	313
30	317
30	321
30	325
30	329
30	333
30	337
30	341
30	346
30	350
30	355
30	360
30	365
30	370
30	376
30	382
30	389
30	396
30	404
30	413
30	423
30	435
31	192
31	205
31	216
31	227
31	237
31	247
31	256
31	265
31	274
31	282
31	290
31	298
31	306
31	314
31	321
31	328
31	334
31	340
31	346
31	352
31	357
31	363
31	369
31	375
31	381
31	388
31	395
31	402
31	410
31	419
31	429
31	441
32	181
32	193
32	205
32	217
32	228
32	238
32	248
32	258
32	268
32	278
32	288
32	297
32	305
32	313
32	320
32	326
32	331
32	336
32	341
32	344
32	349
32	352
32	356
32	360
32	363
32	367
32	371
32	375
32	379
32	383
32	387
32	392
32	396
32	401
32	406
32	412
32	418
32	424
32	431
32	439
32	447
32	456
32	467
33	219
33	230
33	240
33	249
33	258
33	267
33	276
33	286
33	296
33	306
33	315
33	323
33	330
33	336
33	342
33	346
33	351
33	355
33	360
33	364
33	368
33	373
33	377
33	382
33	386
33	391
33	396
33	401
33	407
33	413
33	419
33	426
33	434
33	443
33	453
33	465
34	228
34	239
34	249
34	259
34	268
34	277
34	286
34	296
34	306
34	317
34	328
34	338
34	348
34	357
34	366
34	374
34	382
34	389
34	396
34	403
34	410
34	417
34	425
34	433
34	442
34	452
35	266
35	277
35	288
35	298
35	308
35	318
35	328
35	337
35	346
35	354
35	361
35	367
35	373
35	378
35	383
35	388
35	392
35	397
35	401
35	406
35	410
35	415
35	419
35	424
35	429
35	434
35	439
35	445
35	451
35	458
35	466
35	475
35	485
36	316
36	328
36	338
36	348
36	356
36	363
36	369
36	373
36	378
36	382
36	386
36	390
36	394
36	398
36	401
36	405
36	409
36	412
36	416
36	420
36	424
36	428
36	432
36	437
36	441
36	446
36	451
36	457
36	463
36	470
36	477
36	486
36	496
37	249
37	261
37	272
37	284
37	359
37	370
37	379
37	388
37	396
37	404
37	412
37	420
37	428
37	436
37	444
37	452
37	461
37	471
37	482
38	262
38	273
38	283
38	293
38	303
38	313
38	323
38	333
38	343
38	353
38	363
38	373
38	382
38	391
38	399
38	406
38	413
38	420
38	427
38	433
38	439
38	445
38	451
38	458
38	465
38	472
38	479
38	487
38	496
38	507
39	281
39	292
39	302
39	311
39	320
39	328
39	336
39	344
39	352
39	359
39	366
39	373
39	379
39	385
39	391
39	396
39	401
39	405
39	410
39	413
39	418
39	421
39	425
39	429
39	432
39	436
39	440
39	443
39	447
39	451
39	455
39	459
39	463
39	467
39	471
39	476
39	481
39	486
39	492
39	498
39	505
39	513
39	522
39	535
40	331
40	343
40	354
40	364
40	373
40	381
40	388
40	394
40	400
40	405
40	410
40	414
40	418
40	422
40	425
40	429
40	432
40	436
40	439
40	443
40	446
40	450
40	454
40	457
40	462
40	466
40	470
40	475
40	480
40	486
40	492
40	499
40	507
40	516
40	527
41	248
41	261
41	417
41	428
41	438
41	448
41	458
41	468
41	480
42	457
42	469
42	481
43	410
43	422
43	433
43	442
43	451
43	459
43	467
43	475
43	483
43	491
43	500
43	510
44	428
44	439
44	449
44	458
44	467
44	476
44	486
44	497
46	240
46	251
46	262
46	272
46	282
46	293
46	304
46	318
47	272
47	283
47	294
47	304
47	314
47	324
47	334
47	344
47	354
47	364
47	374
47	384
47	394
47	404
47	414
47	425
47	435
47	445
47	455
47	464
47	473
47	483
47	493
47	504
48	311
48	323
48	334
48	344
48	354
48	364
48	374
48	383
48	392
48	401
48	410
48	419
48	427
48	435
48	443
48	451
48	459
48	467
48	475
48	484
48	494
48	505
52	340
52	354
52	368
53	327
53	339
53	350
53	361
53	371
53	381
53	391
53	401
53	411
53	421
53	431
53	442
56	236
56	246
56	256
56	265
56	275
56	285
56	296
56	308
57	231
57	241
57	249
57	256
57	263
57	270
57	277
57	284
57	291
57	298
57	305
57	313
57	321
57	329
57	338
57	347
57	357
57	367
57	378
57	389
57	402
58	252
58	263
58	272
58	280
58	288
58	296
58	303
58	310
58	317
58	324
58	331
58	338
58	345
58	353
58	361
58	369
58	377
58	385
58	393
58	401
58	410
58	419
58	428
58	438
58	448
58	458
58	468
58	478
58	489
59	340
59	352
59	364
59	375
59	386
59	397
59	408
59	419
59	430
59	441
59	453
61	257
61	270
61	282
61	295
61	309
62	226
62	236
62	245
62	253
62	261
62	269
62	277
62	285
62	293
62	301
62	309
62	317
62	325
62	333
62	341
62	349
62	357
62	366
62	375
62	384
62	393
62	402
62	411
62	420
62	429
62	439
62	449
62	459
62	469
62	479
62	489
62	501
63	220
63	229
63	237
63	243
63	249
63	254
63	260
63	264
63	269
63	274
63	278
63	283
63	287
63	292
63	296
63	301
63	305
63	310
63	314
63	319
63	324
63	329
63	334
63	339
63	344
63	349
63	354
63	359
63	364
63	369
63	374
63	379
63	384
63	389
63	394
63	399
63	404
63	409
63	415
63	420
63	426
63	431
63	437
63	443
63	449
63	455
63	461
63	467
63	473
63	479
63	485
63	491
63	497
63	504
63	511
63	519
63	528
63	539
64	218
64	227
64	233
64	239
64	243
64	248
64	252
64	256
64	260
64	263
64	266
64	270
64	272
64	276
64	279
64	282
64	285
64	288
64	291
64	293
64	297
64	299
64	302
64	305
64	307
64	310
64	313
64	315
64	318
64	321
64	323
64	326
64	329
64	331
64	334
64	337
64	339
64	342
64	345
64	347
64	350
64	353
64	355
64	358
64	361
64	364
64	366
64	369
64	372
64	375
64	377
64	380
64	383
64	386
64	388
64	392
64	394
64	397
64	400
64	403
64	406
64	409
64	412
64	415
64	418
64	421
64	424
64	427
64	430
64	433
64	436
64	439
64	442
64	445
64	448
64	451
64	454
64	457
64	460
64	463
64	466
64	469
64	472
64	475
64	478
64	481
64	484
64	487
64	490
64	494
64	496
64	500
64	504
64	507
64	511
64	515
64	519
64	524
64	528
64	534
64	540
64	547
64	555
64	565
65	221
65	231
65	239
65	246
65	252
65	257
65	262
65	265
65	270
65	272
65	276
65	279
65	282
65	285
65	288
65	291
65	293
65	296
65	298
65	301
65	303
65	305
65	308
65	310
65	312
65	314
65	316
65	319
65	320
65	322
65	325
65	326
65	329
65	330
65	332
65	334
65	336
65	338
65	340
65	342
65	343
65	346
65	347
65	349
65	351
65	353
65	355
65	356
65	359
65	360
65	362
65	364
65	366
65	367
65	369
65	371
65	373
65	374
65	376
65	378
65	380
65	381
65	383
65	385
65	387
65	388
65	390
65	392
65	394
65	395
65	397
65	399
65	401
65	402
65	404
65	406
65	408
65	409
65	411
65	413
65	415
65	416
65	418
65	420
65	422
65	423
65	425
65	427
65	429
65	430
65	432
65	434
65	436
65	437
65	439
65	441
65	443
65	445
65	446
65	448
65	450
65	452
65	454
65	455
65	457
65	459
65	461
65	463
65	464
65	467
65	468
65	470
65	472
65	474
65	476
65	477
65	480
65	481
65	483
65	485
65	487
65	489
65	491
65	493
65	495
65	497
65	499
65	501
65	504
65	506
65	508
65	510
65	514
65	515
65	518
65	521
65	524
65	527
65	530
65	534
65	537
65	541
65	546
65	550
65	556
65	562
65	569
65	577
65	588
66	267
66	277
66	284
66	291
66	295
66	301
66	304
66	309
66	312
66	315
66	319
66	322
66	324
66	328
66	331
66	333
66	336
66	339
66	341
66	343
66	346
66	348
66	351
66	353
66	355
66	358
66	360
66	362
66	364
66	366
66	369
66	370
66	372
66	375
66	376
66	379
66	381
66	382
66	385
66	387
66	388
66	391
66	392
66	394
66	396
66	398
66	400
66	402
66	403
66	406
66	407
66	409
66	411
66	413
66	415
66	416
66	418
66	420
66	422
66	423
66	425
66	427
66	429
66	430
66	432
66	434
66	436
66	437
66	439
66	441
66	443
66	445
66	446
66	448
66	450
66	452
66	454
66	455
66	458
66	459
66	461
66	463
66	465
66	467
66	469
66	471
66	473
66	475
66	477
66	479
66	482
66	484
66	486
66	489
66	491
66	494
66	496
66	499
66	502
66	505
66	508
66	511
66	515
66	518
66	522
66	526
66	530
66	535
66	540
66	546
66	553
66	561
66	571
67	411
67	423
67	434
67	445
69	223
69	233
69	242
69	251
69	259
69	267
69	275
69	284
69	293
69	302
69	312
69	322
69	333
69	344
69	356
70	214
70	223
70	230
70	236
70	242
70	247
70	252
70	257
70	262
70	266
70	271
70	275
70	280
70	285
70	290
70	295
70	300
70	305
70	310
70	316
70	321
70	327
70	333
70	339
70	345
70	351
70	358
70	365
70	372
70	379
70	386
70	393
70	400
70	408
70	416
70	424
70	432
70	440
70	448
70	457
70	466
70	475
70	484
70	493
70	502
70	512
70	523
71	210
71	219
71	224
71	230
71	233
71	238
71	241
71	244
71	248
71	251
71	253
71	256
71	259
71	262
71	264
71	267
71	270
71	272
71	275
71	277
71	280
71	282
71	285
71	287
71	290
71	292
71	295
71	297
71	300
71	303
71	305
71	308
71	311
71	313
71	316
71	319
71	322
71	325
71	327
71	331
71	333
71	336
71	339
71	342
71	345
71	348
71	351
71	354
71	357
71	360
71	364
71	367
71	370
71	374
71	377
71	381
71	384
71	388
71	391
71	395
71	398
71	402
71	406
71	409
71	413
71	417
71	421
71	425
71	429
71	433
71	437
71	441
71	445
71	449
71	453
71	457
71	461
71	465
71	469
71	473
71	477
71	481
71	486
71	490
71	495
71	499
71	504
71	508
71	513
71	518
71	523
71	529
71	535
71	542
71	550
71	560
72	211
72	220
72	224
72	230
72	232
72	236
72	240
72	242
72	244
72	248
72	250
72	252
72	254
72	257
72	259
72	261
72	263
72	265
72	267
72	269
72	271
72	272
72	275
72	276
72	278
72	280
72	282
72	283
72	285
72	287
72	289
72	291
72	292
72	294
72	296
72	298
72	299
72	301
72	303
72	305
72	306
72	308
72	310
72	312
72	313
72	315
72	317
72	319
72	320
72	322
72	324
72	326
72	327
72	329
72	331
72	333
72	335
72	336
72	338
72	340
72	342
72	344
72	345
72	348
72	349
72	351
72	353
72	355
72	357
72	359
72	360
72	363
72	364
72	366
72	368
72	370
72	372
72	374
72	376
72	378
72	380
72	382
72	384
72	386
72	388
72	390
72	392
72	394
72	396
72	398
72	400
72	402
72	404
72	406
72	408
72	410
72	412
72	414
72	416
72	418
72	420
72	423
72	424
72	427
72	429
72	431
72	433
72	436
72	438
72	440
72	442
72	445
72	447
72	449
72	452
72	454
72	456
72	459
72	461
72	463
72	466
72	468
72	470
72	473
72	475
72	477
72	480
72	482
72	485
72	487
72	489
72	492
72	494
72	497
72	499
72	502
72	504
72	507
72	509
72	512
72	515
72	518
72	520
72	524
72	527
72	530
72	534
72	537
72	542
72	546
72	551
72	556
72	562
72	569
72	577
72	587
73	218
73	226
73	232
73	238
73	242
73	247
73	251
73	254
73	258
73	261
73	264
73	268
73	271
73	273
73	277
73	279
73	282
73	284
73	287
73	290
73	292
73	294
73	297
73	299
73	302
73	303
73	306
73	308
73	311
73	312
73	315
73	317
73	319
73	321
73	323
73	326
73	327
73	330
73	332
73	334
73	336
73	338
73	340
73	342
73	344
73	346
73	348
73	350
73	352
73	354
73	356
73	358
73	360
73	362
73	364
73	366
73	368
73	370
73	372
73	374
73	376
73	378
73	380
73	382
73	384
73	386
73	388
73	390
73	392
73	394
73	396
73	398
73	400
73	402
73	404
73	406
73	408
73	410
73	412
73	414
73	416
73	418
73	420
73	422
73	424
73	426
73	428
73	430
73	433
73	434
73	437
73	439
73	441
73	443
73	446
73	447
73	450
73	452
73	454
73	457
73	459
73	461
73	464
73	466
73	468
73	471
73	473
73	476
73	478
73	480
73	483
73	486
73	488
73	491
73	494
73	496
73	499
73	502
73	505
73	507
73	510
73	514
73	516
73	519
73	523
73	526
73	530
73	534
73	538
73	543
73	547
73	553
73	559
73	566
73	574
73	584
74	290
74	301
74	311
74	320
74	329
74	337
74	345
74	353
74	361
74	368
74	375
74	382
74	389
74	396
74	403
74	410
74	417
74	424
74	431
74	438
74	445
74	452
74	460
74	468
74	477
74	486
74	496
74	507
-1	-1
