-1	-1
8	362
8	373
8	384
8	395
9	359
9	369
9	379
9	389
9	399
9	410
10	353
10	363
10	372
10	380
10	388
10	396
10	405
10	415
10	426
11	348
11	357
11	364
11	371
11	377
11	383
11	389
11	396
11	403
11	411
11	419
11	428
11	438
12	347
12	355
12	362
12	368
12	374
12	380
12	386
12	392
12	398
12	405
12	412
12	420
12	428
12	437
12	447
13	349
13	359
13	367
13	375
13	383
13	391
13	399
13	407
13	416
13	426
13	436
13	448
14	357
14	367
14	377
14	386
14	395
14	405
14	415
14	425
14	436
14	447
15	360
15	371
15	381
15	390
15	399
15	408
15	417
15	426
15	435
15	444
15	453
15	462
15	472
15	485
16	359
16	370
16	380
16	389
16	397
16	405
16	413
16	420
16	427
16	434
16	441
16	448
16	455
16	462
16	469
16	477
16	486
16	496
17	352
17	363
17	373
17	382
17	390
17	397
17	404
17	410
17	416
17	422
17	427
17	432
17	437
17	442
17	447
17	452
17	457
17	462
17	467
17	472
17	477
17	483
17	489
17	496
17	504
17	513
17	525
18	352
18	362
18	371
18	379
18	386
18	392
18	398
18	403
18	408
18	412
18	416
18	421
18	424
18	428
18	432
18	435
18	439
18	442
18	446
18	449
18	453
18	456
18	460
18	463
18	467
18	470
18	474
18	478
18	482
18	486
18	490
18	495
18	500
18	506
18	512
18	519
18	527
18	538
19	352
19	362
19	371
19	379
19	385
19	391
19	396
19	401
19	405
19	410
19	413
19	418
19	421
19	425
19	429
19	432
19	436
19	439
19	443
19	446
19	449
19	453
19	456
19	459
19	463
19	466
19	469
19	473
19	476
19	480
19	484
19	488
19	492
19	497
19	502
19	507
19	513
19	520
19	528
19	538
20	351
20	361
20	369
20	376
20	383
20	389
20	394
20	400
20	405
20	410
20	415
20	420
20	425
20	430
20	434
20	439
20	443
20	448
20	452
20	457
20	461
20	466
20	470
20	475
20	480
20	485
20	491
20	497
20	504
20	512
20	521
21	351
21	360
21	368
21	375
21	381
21	387
21	393
21	398
21	403
21	408
21	413
21	418
21	423
21	428
21	433
21	438
21	443
21	448
21	453
21	458
21	463
21	469
21	475
21	481
21	487
21	494
21	502
21	511
22	349
22	358
22	365
22	371
22	377
22	382
22	387
22	392
22	397
22	402
22	407
22	412
22	417
22	422
22	427
22	432
22	438
22	444
22	450
22	456
22	462
22	468
22	475
22	482
22	490
22	500
23	348
23	356
23	362
23	368
23	373
23	378
23	382
23	387
23	391
23	395
23	399
23	403
23	407
23	412
23	416
23	421
23	426
23	431
23	436
23	441
23	447
23	453
23	459
23	466
23	473
23	481
23	490
23	501
24	342
24	351
24	358
24	364
24	370
24	374
24	379
24	383
24	387
24	391
24	395
24	399
24	403
24	407
24	411
24	415
24	419
24	424
24	428
24	433
24	438
24	443
24	448
24	454
24	460
24	467
24	474
24	482
24	491
24	503
25	349
25	359
25	367
25	374
25	380
25	385
25	390
25	394
25	399
25	403
25	407
25	411
25	415
25	419
25	424
25	428
25	433
25	438
25	443
25	448
25	454
25	460
25	466
25	473
25	480
25	488
25	497
25	508
26	356
26	366
26	374
26	381
26	387
26	392
26	397
26	402
26	406
26	411
26	415
26	419
26	423
26	427
26	432
26	436
26	441
26	446
26	451
26	456
26	461
26	467
26	473
26	479
26	486
26	494
26	503
26	514
27	356
27	367
27	376
27	383
27	390
27	394
27	400
27	403
27	408
27	411
27	415
27	418
27	422
27	425
27	429
27	433
27	436
27	440
27	444
27	448
27	452
27	456
27	460
27	465
27	469
27	474
27	479
27	485
27	491
27	497
27	505
27	514
27	525
28	351
28	362
28	372
28	381
28	389
28	395
28	401
28	405
28	410
28	413
28	417
28	421
28	424
28	428
28	431
28	435
28	438
28	442
28	445
28	449
28	452
28	456
28	460
28	463
28	467
28	471
28	475
28	479
28	484
28	488
28	494
28	499
28	506
28	513
28	521
28	532
29	376
29	386
29	394
29	401
29	407
29	412
29	417
29	421
29	425
29	429
29	433
29	436
29	440
29	443
29	447
29	450
29	453
29	457
29	460
29	463
29	467
29	470
29	474
29	477
29	481
29	485
29	489
29	494
29	498
29	504
29	509
29	516
29	524
29	533
30	380
30	390
30	399
30	407
30	413
30	419
30	424
30	429
30	433
30	437
30	441
30	444
30	448
30	451
30	454
30	457
30	461
30	463
30	467
30	470
30	473
30	477
30	480
30	484
30	487
30	492
30	496
30	501
30	506
30	512
30	518
30	526
30	535
31	381
31	391
31	400
31	407
31	413
31	419
31	424
31	429
31	433
31	437
31	441
31	444
31	448
31	451
31	454
31	458
31	461
31	464
31	467
31	471
31	474
31	477
31	481
31	485
31	488
31	493
31	497
31	502
31	507
31	513
31	520
31	528
31	538
32	381
32	391
32	400
32	408
32	415
32	421
32	427
32	433
32	438
32	443
32	448
32	452
32	457
32	461
32	465
32	470
32	474
32	479
32	484
32	489
32	495
32	501
32	508
32	516
32	526
33	380
33	390
33	398
33	405
33	411
33	417
33	423
33	429
33	434
33	440
33	445
33	450
33	455
33	460
33	465
33	471
33	477
33	483
33	490
33	498
33	507
34	379
34	388
34	395
34	401
34	406
34	411
34	416
34	421
34	425
34	430
34	434
34	439
34	443
34	448
34	452
34	457
34	462
34	467
34	472
34	478
34	484
34	491
34	499
34	508
35	379
35	388
35	395
35	401
35	406
35	411
35	415
35	419
35	422
35	426
35	429
35	432
35	436
35	439
35	442
35	446
35	449
35	453
35	456
35	460
35	464
35	468
35	472
35	477
35	482
35	487
35	493
35	500
35	508
35	518
36	379
36	388
36	393
36	399
36	402
36	406
36	410
36	412
36	415
36	418
36	421
36	422
36	425
36	428
36	430
36	432
36	434
36	437
36	439
36	441
36	443
36	446
36	448
36	450
36	453
36	455
36	458
36	460
36	463
36	466
36	468
36	472
36	475
36	478
36	482
36	486
36	490
36	495
36	499
36	505
36	511
36	518
36	527
37	381
37	390
37	395
37	401
37	404
37	409
37	412
37	415
37	419
37	421
37	424
37	427
37	430
37	432
37	435
37	438
37	440
37	443
37	446
37	448
37	451
37	454
37	457
37	459
37	463
37	466
37	469
37	473
37	476
37	480
37	484
37	488
37	493
37	498
37	504
37	511
37	519
37	529
38	389
38	399
38	407
38	414
38	421
38	426
38	431
38	435
38	440
38	443
38	447
38	451
38	454
38	458
38	462
38	466
38	470
38	474
38	478
38	483
38	488
38	494
38	500
38	507
38	516
38	527
39	389
39	399
39	407
39	414
39	420
39	426
39	431
39	436
39	440
39	444
39	448
39	452
39	456
39	460
39	464
39	468
39	473
39	477
39	482
39	487
39	493
39	499
39	506
39	515
39	526
40	406
40	417
40	427
40	436
40	443
40	450
40	455
40	461
40	466
40	472
40	478
40	484
40	491
40	499
40	508
41	411
41	422
41	431
41	439
41	446
41	452
41	458
41	464
41	470
41	476
41	483
41	490
41	498
41	508
42	403
42	414
42	424
42	433
42	442
42	450
42	458
42	466
42	474
42	482
42	491
42	503
43	442
43	452
43	461
43	470
43	478
43	487
43	497
44	438
44	449
44	459
44	468
44	477
44	486
44	497
45	457
45	467
45	476
45	485
45	495
45	506
46	461
46	471
46	480
46	488
46	497
46	507
47	471
47	483
58	438
58	449
58	459
58	469
58	479
58	490
59	418
59	428
59	437
59	445
59	453
59	461
59	469
59	478
59	488
60	418
60	429
60	439
60	449
60	460
60	473
62	458
62	469
62	480
62	494
63	431
63	442
63	452
63	461
63	470
63	479
63	488
63	498
64	418
64	428
64	437
64	446
64	455
64	464
64	473
64	482
64	492
64	503
65	447
65	459
65	470
65	481
65	491
65	501
65	512
66	420
66	431
66	441
66	450
66	459
66	467
66	474
66	481
66	488
66	494
66	500
66	506
66	513
66	520
66	528
66	537
66	548
67	399
67	409
67	417
67	424
67	431
67	437
67	443
67	448
67	453
67	458
67	463
67	467
67	472
67	475
67	480
67	483
67	487
67	491
67	494
67	498
67	502
67	506
67	510
67	515
67	519
67	525
67	530
67	536
67	543
67	551
67	561
68	390
68	399
68	405
68	411
68	415
68	420
68	424
68	428
68	432
68	435
68	439
68	442
68	445
68	448
68	451
68	453
68	456
68	459
68	461
68	464
68	466
68	469
68	471
68	473
68	476
68	478
68	480
68	483
68	485
68	487
68	490
68	492
68	495
68	497
68	500
68	503
68	506
68	508
68	512
68	515
68	518
68	522
68	526
68	530
68	535
68	540
68	546
68	553
68	562
69	389
69	397
69	402
69	407
69	411
69	413
69	417
69	420
69	422
69	425
69	428
69	430
69	432
69	435
69	437
69	439
69	442
69	443
69	445
69	448
69	449
69	452
69	453
69	455
69	457
69	459
69	461
69	462
69	464
69	466
69	468
69	470
69	471
69	473
69	475
69	477
69	479
69	480
69	483
69	485
69	486
69	489
69	491
69	493
69	496
69	498
69	500
69	504
69	506
69	508
69	512
69	515
69	518
69	522
69	526
69	530
69	535
69	540
69	546
69	553
69	562
70	390
70	399
70	403
70	409
70	412
70	416
70	420
70	422
70	425
70	428
70	431
70	433
70	436
70	439
70	441
70	443
70	446
70	448
70	451
70	453
70	456
70	458
70	461
70	464
70	466
70	469
70	472
70	475
70	478
70	481
70	485
70	488
70	492
70	496
70	500
70	505
70	510
70	516
70	522
70	530
70	539
71	408
71	419
71	429
71	439
71	450
73	459
73	471
73	482
73	492
73	501
73	510
73	519
73	529
74	407
74	417
74	426
74	434
74	442
74	449
74	456
74	463
74	470
74	477
74	484
74	491
74	498
74	506
74	514
74	523
74	534
75	409
75	419
75	428
75	437
75	445
75	453
75	461
75	469
75	478
75	487
75	498
-1	-1
