-1	-1
0	209
0	220
0	230
0	240
0	250
0	261
0	274
4	231
5	216
5	227
5	238
5	251
6	193
6	203
6	212
6	221
6	230
6	239
6	248
6	258
6	269
7	191
7	201
7	210
7	219
7	227
7	235
7	244
7	253
7	263
7	274
7	287
8	199
8	210
8	220
8	229
8	238
8	247
8	257
8	267
8	278
9	192
9	202
9	211
9	219
9	227
9	235
9	243
9	251
9	260
9	269
9	279
9	289
9	300
10	183
10	193
10	201
10	208
10	214
10	220
10	226
10	232
10	238
10	244
10	250
10	257
10	264
10	271
10	278
10	286
10	294
10	302
10	311
10	321
10	331
10	344
11	181
11	190
11	198
11	204
11	210
11	215
11	220
11	225
11	230
11	235
11	240
11	245
11	250
11	256
11	261
11	267
11	273
11	279
11	285
11	291
11	297
11	304
11	311
11	318
11	326
11	334
11	342
11	351
11	361
11	372
12	180
12	190
12	198
12	205
12	211
12	217
12	223
12	228
12	234
12	239
12	245
12	250
12	255
12	260
12	265
12	270
12	275
12	280
12	285
12	290
12	295
12	300
12	305
12	310
12	315
12	320
12	326
12	331
12	337
12	343
12	349
12	356
12	363
12	371
12	379
12	388
12	399
13	182
13	192
13	201
13	209
13	217
13	224
13	231
13	238
13	245
13	252
13	258
13	264
13	270
13	275
13	281
13	286
13	291
13	296
13	301
13	305
13	310
13	314
13	319
13	323
13	328
13	332
13	337
13	342
13	347
13	352
13	357
13	362
13	367
13	373
13	379
13	386
13	393
13	401
13	410
13	421
14	187
14	198
14	208
14	217
14	226
14	235
14	244
14	252
14	260
14	268
14	275
14	282
14	289
14	295
14	301
14	307
14	313
14	319
14	324
14	330
14	335
14	341
14	346
14	351
14	357
14	362
14	368
14	373
14	379
14	385
14	391
14	398
14	405
14	413
14	422
14	433
15	188
15	199
15	209
15	218
15	227
15	236
15	245
15	254
15	262
15	270
15	278
15	286
15	294
15	302
15	310
15	318
15	326
15	334
15	342
15	349
15	356
15	363
15	370
15	377
15	384
15	391
15	399
15	407
15	416
15	426
16	187
16	197
16	206
16	214
16	222
16	230
16	238
16	246
16	253
16	260
16	267
16	274
16	281
16	287
16	294
16	301
16	308
16	315
16	322
16	329
16	336
16	343
16	350
16	358
16	366
16	374
16	382
16	391
16	401
16	412
17	192
17	203
17	212
17	221
17	229
17	237
17	244
17	251
17	258
17	264
17	270
17	275
17	281
17	286
17	291
17	296
17	301
17	306
17	311
17	316
17	321
17	326
17	331
17	336
17	341
17	346
17	351
17	356
17	361
17	366
17	372
17	377
17	383
17	389
17	396
17	403
17	410
17	418
17	427
17	437
17	449
18	191
18	201
18	210
18	219
18	227
18	235
18	242
18	249
18	255
18	261
18	266
18	271
18	275
18	280
18	284
18	288
18	292
18	296
18	300
18	303
18	307
18	311
18	314
18	318
18	321
18	325
18	328
18	332
18	335
18	339
18	342
18	346
18	349
18	353
18	356
18	360
18	363
18	367
18	370
18	374
18	377
18	381
18	385
18	388
18	393
18	396
18	401
18	405
18	410
18	415
18	420
18	426
18	432
18	438
18	445
18	453
18	462
18	472
19	188
19	198
19	207
19	215
19	222
19	229
19	236
19	243
19	250
19	255
19	261
19	265
19	270
19	273
19	278
19	281
19	285
19	288
19	292
19	295
19	298
19	301
19	304
19	307
19	310
19	313
19	316
19	319
19	322
19	325
19	328
19	331
19	333
19	336
19	339
19	341
19	344
19	347
19	349
19	352
19	355
19	357
19	360
19	363
19	365
19	368
19	370
19	373
19	376
19	378
19	381
19	384
19	386
19	389
19	392
19	395
19	398
19	401
19	405
19	408
19	412
19	415
19	419
19	423
19	427
19	431
19	436
19	440
19	446
19	451
19	457
19	463
19	470
19	478
19	487
20	182
20	192
20	200
20	207
20	213
20	219
20	225
20	231
20	237
20	243
20	249
20	254
20	260
20	265
20	270
20	274
20	279
20	283
20	287
20	291
20	295
20	299
20	303
20	307
20	311
20	314
20	318
20	321
20	325
20	328
20	332
20	335
20	339
20	342
20	346
20	349
20	352
20	356
20	359
20	362
20	366
20	369
20	372
20	376
20	379
20	382
20	386
20	389
20	393
20	396
20	400
20	404
20	408
20	412
20	417
20	421
20	426
20	431
20	436
20	442
20	448
20	454
20	461
20	469
20	478
20	488
21	180
21	190
21	198
21	204
21	210
21	215
21	220
21	225
21	230
21	235
21	240
21	245
21	250
21	255
21	260
21	265
21	270
21	275
21	280
21	285
21	290
21	296
21	301
21	307
21	313
21	319
21	325
21	331
21	337
21	343
21	349
21	356
21	362
21	369
21	376
21	383
21	390
21	398
21	406
21	415
21	425
21	436
22	178
22	187
22	194
22	200
22	204
22	209
22	213
22	217
22	221
22	224
22	228
22	232
22	235
22	239
22	243
22	246
22	250
22	254
22	258
22	262
22	266
22	270
22	275
22	279
22	284
22	289
22	294
22	299
22	305
22	311
22	317
22	324
22	331
22	339
22	347
22	356
22	366
22	377
23	176
23	184
23	191
23	196
23	201
23	204
23	209
23	212
23	215
23	219
23	221
23	224
23	227
23	230
23	232
23	235
23	238
23	240
23	243
23	246
23	249
23	251
23	255
23	257
23	260
23	264
23	266
23	270
23	273
23	277
23	280
23	284
23	288
23	292
23	296
23	301
23	306
23	311
23	317
23	323
23	329
23	336
23	344
23	353
23	363
23	374
24	172
24	181
24	189
24	194
24	200
24	203
24	208
24	211
24	215
24	218
24	222
24	224
24	227
24	230
24	233
24	235
24	238
24	241
24	243
24	246
24	249
24	251
24	254
24	257
24	259
24	262
24	265
24	268
24	271
24	274
24	277
24	280
24	284
24	287
24	291
24	295
24	298
24	303
24	307
24	312
24	317
24	322
24	328
24	334
24	341
24	348
24	356
24	365
24	375
25	173
25	182
25	190
25	196
25	202
25	207
25	212
25	216
25	220
25	223
25	227
25	230
25	233
25	236
25	239
25	242
25	245
25	248
25	251
25	253
25	256
25	259
25	261
25	264
25	267
25	269
25	272
25	275
25	278
25	280
25	284
25	286
25	290
25	293
25	296
25	299
25	303
25	306
25	310
25	314
25	318
25	323
25	327
25	332
25	337
25	343
25	349
25	356
25	364
25	373
25	383
25	395
26	172
26	181
26	189
26	195
26	201
26	205
26	210
26	213
26	218
26	221
26	225
26	228
26	232
26	235
26	238
26	242
26	244
26	248
26	251
26	253
26	257
26	259
26	262
26	265
26	268
26	270
26	273
26	276
26	278
26	281
26	284
26	287
26	289
26	293
26	295
26	298
26	301
26	304
26	307
26	310
26	314
26	317
26	321
26	325
26	328
26	333
26	337
26	342
26	347
26	352
26	358
26	364
26	370
26	377
26	385
26	394
26	404
27	178
27	188
27	196
27	202
27	208
27	213
27	218
27	222
27	226
27	231
27	234
27	238
27	242
27	245
27	249
27	252
27	256
27	259
27	262
27	265
27	268
27	271
27	274
27	277
27	280
27	283
27	286
27	289
27	292
27	295
27	298
27	301
27	304
27	307
27	310
27	313
27	316
27	319
27	322
27	326
27	329
27	333
27	336
27	340
27	344
27	348
27	352
27	357
27	361
27	366
27	371
27	376
27	382
27	388
27	395
27	402
27	410
27	419
27	429
28	181
28	191
28	199
28	206
28	212
28	218
28	223
28	229
28	233
28	238
28	243
28	248
28	252
28	257
28	261
28	266
28	270
28	274
28	279
28	282
28	287
28	290
28	294
28	298
28	301
28	305
28	308
28	312
28	315
28	318
28	322
28	325
28	328
28	332
28	335
28	338
28	342
28	345
28	349
28	352
28	356
28	359
28	363
28	367
28	371
28	375
28	379
28	384
28	388
28	393
28	398
28	403
28	409
28	415
28	421
28	428
28	436
28	444
28	453
28	464
29	181
29	191
29	199
29	206
29	212
29	218
29	224
29	230
29	236
29	242
29	248
29	253
29	259
29	264
29	270
29	275
29	280
29	285
29	290
29	294
29	299
29	303
29	307
29	311
29	314
29	318
29	321
29	325
29	328
29	331
29	334
29	338
29	340
29	344
29	347
29	350
29	353
29	356
29	359
29	362
29	365
29	368
29	371
29	374
29	377
29	380
29	383
29	386
29	389
29	393
29	396
29	399
29	403
29	406
29	410
29	414
29	418
29	422
29	427
29	431
29	436
29	441
29	447
29	453
29	459
29	466
29	474
29	483
29	494
30	180
30	190
30	198
30	205
30	212
30	218
30	224
30	230
30	236
30	242
30	248
30	254
30	260
30	265
30	270
30	275
30	280
30	284
30	289
30	293
30	298
30	302
30	306
30	310
30	313
30	317
30	320
30	323
30	327
30	330
30	333
30	336
30	339
30	342
30	344
30	347
30	350
30	352
30	355
30	357
30	360
30	362
30	365
30	367
30	370
30	372
30	374
30	377
30	379
30	381
30	384
30	386
30	388
30	391
30	393
30	396
30	398
30	401
30	404
30	406
30	409
30	412
30	415
30	417
30	421
30	424
30	427
30	430
30	434
30	437
30	441
30	445
30	449
30	454
30	458
30	464
30	469
30	475
30	482
30	489
30	497
30	507
31	188
31	198
31	206
31	214
31	221
31	228
31	234
31	240
31	246
31	251
31	256
31	261
31	264
31	269
31	272
31	276
31	280
31	283
31	287
31	290
31	293
31	297
31	300
31	303
31	306
31	310
31	312
31	316
31	319
31	322
31	325
31	329
31	331
31	335
31	338
31	341
31	344
31	347
31	350
31	353
31	356
31	359
31	362
31	365
31	368
31	371
31	373
31	377
31	379
31	382
31	385
31	388
31	391
31	394
31	397
31	400
31	403
31	406
31	409
31	412
31	416
31	418
31	422
31	425
31	429
31	433
31	437
31	441
31	445
31	450
31	455
31	460
31	466
31	472
31	479
31	487
31	496
31	507
32	192
32	202
32	211
32	219
32	226
32	232
32	238
32	243
32	248
32	252
32	257
32	261
32	263
32	268
32	270
32	273
32	276
32	279
32	281
32	284
32	286
32	289
32	291
32	294
32	296
32	299
32	301
32	303
32	306
32	308
32	311
32	313
32	316
32	318
32	321
32	324
32	326
32	329
32	332
32	335
32	337
32	340
32	343
32	346
32	349
32	352
32	355
32	358
32	361
32	365
32	368
32	371
32	375
32	378
32	382
32	385
32	389
32	393
32	396
32	400
32	404
32	408
32	412
32	416
32	421
32	425
32	430
32	435
32	441
32	447
32	454
32	461
32	469
32	478
33	191
33	201
33	209
33	216
33	223
33	230
33	235
33	241
33	246
33	251
33	255
33	259
33	262
33	266
33	269
33	272
33	275
33	278
33	281
33	282
33	286
33	288
33	290
33	292
33	295
33	297
33	299
33	301
33	303
33	305
33	307
33	309
33	311
33	313
33	315
33	317
33	319
33	321
33	323
33	325
33	327
33	329
33	331
33	334
33	336
33	338
33	340
33	343
33	345
33	348
33	350
33	354
33	356
33	359
33	362
33	365
33	368
33	372
33	375
33	379
33	383
33	387
33	391
33	396
33	400
33	405
33	410
33	416
33	422
33	428
33	435
33	443
33	452
33	463
34	197
34	207
34	215
34	223
34	230
34	236
34	242
34	248
34	253
34	258
34	262
34	266
34	270
34	273
34	277
34	280
34	283
34	286
34	290
34	292
34	295
34	298
34	301
34	302
34	305
34	308
34	310
34	312
34	315
34	317
34	319
34	322
34	324
34	326
34	329
34	331
34	334
34	336
34	338
34	341
34	344
34	346
34	349
34	352
34	355
34	358
34	361
34	365
34	368
34	372
34	376
34	379
34	384
34	388
34	393
34	398
34	403
34	409
34	415
34	422
34	429
34	437
34	447
35	197
35	207
35	215
35	222
35	229
35	235
35	241
35	247
35	253
35	258
35	263
35	268
35	273
35	278
35	282
35	287
35	291
35	295
35	299
35	303
35	307
35	310
35	313
35	317
35	320
35	323
35	326
35	329
35	332
35	335
35	338
35	341
35	344
35	347
35	350
35	354
35	357
35	360
35	364
35	367
35	371
35	375
35	379
35	384
35	388
35	393
35	398
35	404
35	410
35	417
35	425
35	434
35	444
36	202
36	212
36	221
36	229
36	237
36	244
36	251
36	258
36	264
36	270
36	276
36	282
36	288
36	294
36	300
36	305
36	310
36	314
36	319
36	322
36	326
36	330
36	333
36	337
36	340
36	344
36	347
36	351
36	354
36	358
36	362
36	366
36	370
36	374
36	378
36	383
36	388
36	393
36	399
36	405
36	412
36	419
36	427
36	437
37	216
37	226
37	235
37	243
37	251
37	258
37	265
37	272
37	279
37	285
37	291
37	297
37	303
37	309
37	314
37	320
37	324
37	329
37	333
37	337
37	341
37	344
37	348
37	351
37	355
37	358
37	362
37	366
37	370
37	374
37	378
37	383
37	387
37	392
37	397
37	403
37	409
37	416
37	423
37	431
37	440
37	454
38	209
38	219
38	228
38	236
38	244
38	251
38	258
38	265
38	272
38	279
38	286
38	293
38	300
38	307
38	314
38	320
38	326
38	331
38	335
38	340
38	343
38	348
38	351
38	355
38	359
38	363
38	367
38	371
38	375
38	379
38	384
38	388
38	393
38	398
38	404
38	410
38	416
38	423
38	431
38	440
38	450
39	201
39	212
39	221
39	229
39	237
39	245
39	253
39	261
39	269
39	277
39	285
39	293
39	301
39	309
39	317
39	324
39	331
39	337
39	342
39	347
39	351
39	355
39	359
39	363
39	366
39	370
39	374
39	377
39	381
39	385
39	389
39	394
39	398
39	403
39	408
39	414
39	420
39	427
39	435
39	444
39	454
40	211
40	222
40	232
40	242
40	253
40	264
40	274
40	285
40	296
40	307
40	317
40	326
40	334
40	341
40	346
40	351
40	355
40	360
40	363
40	368
40	371
40	375
40	379
40	383
40	387
40	391
40	396
40	400
40	405
40	410
40	416
40	422
40	429
40	436
40	445
40	455
41	232
41	246
41	258
41	269
41	280
41	291
41	302
41	313
41	323
41	332
41	341
41	349
41	355
41	361
41	366
41	371
41	375
41	380
41	384
41	389
41	393
41	398
41	403
41	408
41	413
41	419
41	425
41	432
41	439
41	447
41	457
42	247
42	259
42	270
42	281
42	291
42	302
42	313
42	323
42	333
42	342
42	350
42	357
42	362
42	367
42	372
42	376
42	380
42	384
42	388
42	392
42	396
42	400
42	405
42	409
42	414
42	419
42	425
42	430
42	436
42	443
42	451
42	460
42	471
43	276
43	288
43	300
43	311
43	322
43	333
43	343
43	353
43	361
43	369
43	376
43	382
43	388
43	394
43	400
43	406
43	412
43	418
43	425
43	432
43	440
43	449
43	459
44	347
44	358
44	367
44	375
44	382
44	388
44	394
44	400
44	406
44	412
44	418
44	424
44	431
44	438
44	446
44	455
44	465
45	371
45	382
45	391
45	399
45	406
45	413
45	420
45	427
45	434
45	442
45	450
45	459
45	469
46	370
46	381
46	390
46	398
46	405
46	411
46	417
46	423
46	429
46	435
46	441
46	448
46	455
46	463
46	472
46	483
47	379
47	390
47	400
47	409
47	417
47	424
47	431
47	438
47	445
47	452
47	460
47	468
47	477
47	489
48	396
48	407
48	416
48	424
48	432
48	440
48	447
48	455
48	463
48	471
48	480
48	490
49	402
49	413
49	423
49	432
49	440
49	448
49	455
49	462
49	470
49	478
49	486
49	495
49	505
50	409
50	420
50	429
50	438
50	446
50	453
50	460
50	467
50	474
50	482
50	490
50	499
50	509
51	397
51	408
51	418
51	428
51	437
51	445
51	453
51	461
51	469
51	477
51	486
51	496
51	507
52	430
52	441
52	451
52	461
52	471
52	481
52	491
52	501
52	513
53	439
53	450
53	460
53	470
53	480
53	489
53	499
53	510
54	459
63	288
63	299
63	309
63	319
63	328
63	337
63	346
63	355
63	364
63	373
63	382
63	391
63	401
63	411
63	421
63	432
63	444
64	291
64	302
64	312
64	321
64	329
64	337
64	345
64	352
64	359
64	366
64	373
64	380
64	387
64	395
64	403
64	411
64	419
64	428
64	437
64	447
65	321
65	333
65	344
65	355
65	366
65	377
65	388
65	399
65	410
65	422
65	435
66	297
66	308
66	318
66	327
66	335
66	343
66	351
66	358
66	365
66	372
66	379
66	386
66	393
66	400
66	407
66	414
66	421
66	428
66	435
66	442
66	449
66	457
66	465
66	474
66	483
66	493
67	271
67	282
67	291
67	299
67	306
67	313
67	319
67	325
67	330
67	335
67	340
67	344
67	349
67	353
67	357
67	361
67	365
67	369
67	373
67	376
67	380
67	384
67	387
67	391
67	395
67	398
67	402
67	406
67	409
67	413
67	417
67	421
67	425
67	429
67	433
67	437
67	442
67	446
67	451
67	456
67	461
67	467
67	473
67	479
67	486
67	494
67	503
67	514
68	270
68	281
68	290
68	298
68	306
68	313
68	320
68	325
68	331
68	335
68	340
68	344
68	348
68	352
68	355
68	359
68	362
68	366
68	369
68	372
68	375
68	378
68	381
68	384
68	387
68	390
68	393
68	396
68	399
68	402
68	405
68	408
68	411
68	415
68	418
68	422
68	425
68	429
68	433
68	437
68	441
68	446
68	450
68	455
68	460
68	465
68	470
68	475
68	481
68	487
68	493
68	500
68	507
68	516
68	526
69	263
69	273
69	282
69	290
69	298
69	305
69	312
69	319
69	326
69	333
69	340
69	347
69	354
69	361
69	367
69	373
69	379
69	385
69	392
69	398
69	405
69	412
69	419
69	426
69	433
69	440
69	446
69	452
69	458
69	463
69	468
69	473
69	478
69	482
69	487
69	491
69	496
69	501
69	506
69	512
69	518
69	525
69	533
69	542
70	260
70	269
70	276
70	282
70	288
70	293
70	298
70	302
70	307
70	311
70	315
70	320
70	324
70	328
70	332
70	336
70	340
70	344
70	348
70	352
70	357
70	361
70	366
70	370
70	375
70	379
70	384
70	388
70	393
70	398
70	403
70	408
70	413
70	417
70	422
70	426
70	431
70	435
70	439
70	443
70	447
70	451
70	454
70	458
70	461
70	464
70	468
70	471
70	474
70	477
70	480
70	483
70	486
70	489
70	492
70	495
70	498
70	502
70	505
70	509
70	513
70	517
70	522
70	527
70	532
70	538
70	545
70	553
70	563
71	259
71	267
71	272
71	277
71	281
71	284
71	288
71	291
71	294
71	297
71	300
71	302
71	305
71	308
71	310
71	313
71	315
71	318
71	320
71	323
71	325
71	327
71	330
71	332
71	334
71	337
71	339
71	341
71	344
71	346
71	348
71	351
71	353
71	355
71	358
71	360
71	362
71	365
71	367
71	369
71	372
71	374
71	377
71	379
71	381
71	384
71	386
71	389
71	391
71	394
71	396
71	399
71	401
71	404
71	406
71	409
71	411
71	414
71	416
71	419
71	421
71	424
71	426
71	429
71	431
71	433
71	436
71	438
71	440
71	443
71	445
71	447
71	450
71	452
71	454
71	457
71	459
71	461
71	464
71	466
71	469
71	471
71	474
71	476
71	479
71	482
71	485
71	488
71	491
71	495
71	498
71	502
71	506
71	510
71	515
71	519
71	525
71	531
71	538
71	547
72	259
72	267
72	272
72	277
72	281
72	284
72	288
72	291
72	293
72	297
72	299
72	302
72	304
72	307
72	309
72	311
72	313
72	316
72	317
72	320
72	322
72	323
72	326
72	328
72	330
72	332
72	333
72	336
72	337
72	339
72	341
72	343
72	345
72	347
72	348
72	351
72	352
72	354
72	356
72	358
72	360
72	361
72	363
72	365
72	367
72	369
72	370
72	373
72	374
72	376
72	378
72	380
72	382
72	383
72	386
72	387
72	389
72	391
72	393
72	395
72	397
72	398
72	401
72	402
72	404
72	406
72	408
72	410
72	412
72	414
72	416
72	418
72	420
72	422
72	424
72	426
72	428
72	430
72	432
72	434
72	436
72	438
72	440
72	443
72	445
72	447
72	449
72	452
72	455
72	457
72	459
72	463
72	465
72	468
72	472
72	475
72	478
72	483
72	486
72	491
72	496
72	501
72	507
72	514
72	522
72	533
73	269
73	279
73	288
73	295
73	301
73	307
73	312
73	317
73	322
73	327
73	331
73	336
73	340
73	345
73	349
73	353
73	357
73	361
73	365
73	369
73	373
73	377
73	381
73	385
73	389
73	393
73	397
73	401
73	406
73	410
73	415
73	419
73	424
73	429
73	435
73	441
73	447
73	454
73	461
73	469
73	478
73	487
73	497
74	477
74	488
74	498
74	508
74	518
75	270
75	280
75	289
75	298
75	306
75	314
75	322
75	330
75	338
75	346
75	355
75	364
75	373
75	382
75	391
75	401
75	411
75	421
75	431
75	441
75	450
75	459
75	467
75	475
75	482
75	489
75	496
75	503
75	510
75	517
75	525
75	534
75	545
76	277
76	287
76	296
76	304
76	312
76	320
76	328
76	336
76	343
76	350
76	357
76	365
76	373
76	381
76	389
76	397
76	405
76	413
76	421
76	430
76	439
76	448
76	457
76	466
76	476
76	486
76	497
76	509
-1	-1
