-1	-1
5	187
5	198
5	209
5	220
5	231
5	244
6	173
6	183
6	192
6	201
6	209
6	217
6	225
6	234
6	243
6	252
6	262
6	272
6	283
6	294
7	162
7	171
7	179
7	186
7	192
7	198
7	204
7	210
7	216
7	222
7	228
7	234
7	240
7	247
7	254
7	261
7	269
7	277
7	285
7	294
7	303
7	312
7	322
7	333
7	345
8	159
8	169
8	176
8	182
8	188
8	193
8	198
8	203
8	207
8	212
8	216
8	221
8	225
8	230
8	234
8	239
8	244
8	249
8	254
8	259
8	264
8	269
8	275
8	281
8	287
8	293
8	299
8	306
8	313
8	320
8	328
8	336
8	345
8	354
8	364
9	159
9	168
9	175
9	181
9	187
9	192
9	197
9	202
9	206
9	211
9	214
9	219
9	223
9	227
9	231
9	235
9	239
9	243
9	247
9	251
9	255
9	259
9	263
9	267
9	272
9	276
9	281
9	285
9	290
9	295
9	300
9	306
9	311
9	317
9	323
9	330
9	337
9	345
9	353
9	362
9	373
10	160
10	170
10	178
10	185
10	192
10	198
10	204
10	210
10	215
10	220
10	225
10	230
10	234
10	239
10	243
10	248
10	252
10	257
10	261
10	265
10	270
10	274
10	278
10	283
10	287
10	292
10	296
10	301
10	306
10	311
10	317
10	323
10	329
10	336
10	343
10	351
10	360
10	370
11	160
11	170
11	178
11	185
11	192
11	199
11	205
11	211
11	216
11	222
11	227
11	232
11	237
11	242
11	247
11	252
11	257
11	262
11	267
11	271
11	276
11	280
11	285
11	289
11	294
11	298
11	303
11	308
11	313
11	318
11	324
11	330
11	337
11	344
11	352
11	361
11	373
12	162
12	172
12	181
12	189
12	197
12	204
12	211
12	217
12	223
12	228
12	233
12	238
12	243
12	248
12	253
12	259
12	264
12	270
12	275
12	280
12	285
12	290
12	296
12	301
12	307
12	313
12	319
12	325
12	332
12	339
12	347
12	356
12	366
13	178
13	188
13	198
13	206
13	213
13	220
13	226
13	232
13	238
13	243
13	249
13	255
13	261
13	267
13	273
13	279
13	285
13	291
13	297
13	304
13	311
13	318
13	326
13	335
13	345
13	356
14	181
14	192
14	201
14	210
14	218
14	225
14	231
14	237
14	243
14	249
14	255
14	261
14	267
14	273
14	279
14	285
14	291
14	297
14	304
14	311
14	319
14	327
14	336
14	346
15	176
15	186
15	195
15	203
15	211
15	218
15	225
15	232
15	238
15	244
15	250
15	256
15	261
15	267
15	272
15	278
15	283
15	289
15	295
15	301
15	307
15	313
15	319
15	326
15	333
15	341
15	349
15	358
15	368
16	172
16	182
16	191
16	200
16	208
16	217
16	226
16	235
16	244
16	252
16	260
16	268
16	275
16	282
16	289
16	296
16	302
16	308
16	314
16	320
16	326
16	332
16	338
16	345
16	352
16	359
16	367
16	376
16	386
17	171
17	181
17	190
17	199
17	208
17	218
17	228
17	240
17	280
17	291
17	300
17	309
17	317
17	324
17	331
17	338
17	345
17	352
17	359
17	366
17	374
17	382
17	392
18	168
18	178
18	187
18	196
18	205
18	214
18	224
18	235
18	311
18	322
18	333
18	343
18	353
18	364
19	166
19	176
19	185
19	193
19	201
19	210
19	219
19	229
19	239
19	252
20	159
20	168
20	176
20	183
20	190
20	197
20	204
20	211
20	219
20	227
20	236
20	246
20	257
21	159
21	168
21	175
21	182
21	188
21	194
21	200
21	206
21	212
21	219
21	226
21	234
21	242
21	251
21	261
21	273
22	153
22	162
22	169
22	175
22	181
22	185
22	190
22	195
22	200
22	205
22	210
22	215
22	220
22	226
22	232
22	238
22	245
22	252
22	260
22	269
22	279
22	293
23	149
23	158
23	164
23	170
23	173
23	178
23	181
23	185
23	189
23	192
23	196
23	199
23	203
23	206
23	210
23	213
23	217
23	221
23	225
23	229
23	234
23	238
23	243
23	248
23	254
23	260
23	267
23	275
23	284
23	294
23	306
24	151
24	160
24	166
24	172
24	175
24	180
24	183
24	187
24	190
24	193
24	197
24	200
24	203
24	206
24	209
24	213
24	216
24	219
24	223
24	226
24	230
24	234
24	238
24	242
24	247
24	251
24	257
24	262
24	268
24	275
24	282
24	290
24	299
24	310
25	151
25	160
25	167
25	172
25	177
25	182
25	185
25	190
25	193
25	197
25	200
25	203
25	207
25	210
25	214
25	217
25	221
25	224
25	228
25	232
25	236
25	240
25	244
25	248
25	253
25	258
25	263
25	269
25	275
25	282
25	289
25	297
25	306
25	316
26	150
26	159
26	167
26	173
26	179
26	183
26	188
26	192
26	196
26	200
26	204
26	207
26	211
26	214
26	218
26	222
26	225
26	229
26	233
26	237
26	241
26	245
26	249
26	254
26	258
26	263
26	268
26	273
26	279
26	285
26	291
26	298
26	306
26	314
26	323
26	334
27	158
27	168
27	176
27	183
27	190
27	196
27	202
27	207
27	212
27	217
27	222
27	226
27	231
27	235
27	240
27	244
27	249
27	253
27	258
27	262
27	267
27	272
27	277
27	282
27	287
27	293
27	299
27	305
27	312
27	319
27	327
27	335
27	344
27	354
27	365
27	377
28	167
28	177
28	186
28	194
28	202
28	209
28	215
28	221
28	226
28	231
28	236
28	241
28	245
28	250
28	254
28	258
28	262
28	266
28	270
28	274
28	278
28	282
28	286
28	291
28	295
28	300
28	304
28	309
28	314
28	319
28	324
28	330
28	336
28	342
28	349
28	356
28	363
28	371
28	379
28	388
28	398
29	160
29	171
29	180
29	188
29	196
29	203
29	210
29	216
29	222
29	227
29	232
29	237
29	241
29	245
29	250
29	253
29	257
29	261
29	264
29	268
29	271
29	275
29	278
29	282
29	285
29	289
29	292
29	296
29	299
29	303
29	306
29	310
29	313
29	317
29	320
29	324
29	328
29	332
29	336
29	340
29	345
29	349
29	354
29	358
29	364
29	369
29	375
29	381
29	388
29	396
29	405
29	416
30	168
30	178
30	187
30	195
30	203
30	210
30	216
30	222
30	228
30	233
30	238
30	243
30	247
30	252
30	255
30	260
30	263
30	267
30	271
30	274
30	278
30	281
30	284
30	288
30	291
30	294
30	297
30	300
30	303
30	306
30	309
30	312
30	315
30	318
30	321
30	324
30	327
30	330
30	333
30	336
30	339
30	343
30	346
30	349
30	353
30	356
30	360
30	364
30	368
30	373
30	378
30	383
30	389
30	396
30	404
30	413
30	424
31	173
31	184
31	193
31	201
31	208
31	213
31	219
31	223
31	228
31	232
31	236
31	240
31	244
31	248
31	252
31	256
31	260
31	263
31	267
31	271
31	274
31	278
31	281
31	285
31	288
31	291
31	294
31	297
31	300
31	303
31	306
31	309
31	312
31	315
31	318
31	321
31	324
31	327
31	330
31	334
31	337
31	340
31	344
31	347
31	351
31	355
31	359
31	364
31	368
31	374
31	379
31	386
31	393
31	401
31	411
32	178
32	188
32	197
32	203
32	209
32	213
32	218
32	221
32	225
32	228
32	232
32	234
32	238
32	241
32	243
32	247
32	249
32	252
32	255
32	258
32	261
32	264
32	267
32	270
32	273
32	276
32	279
32	282
32	286
32	289
32	292
32	296
32	299
32	302
32	306
32	309
32	313
32	316
32	320
32	324
32	328
32	332
32	337
32	342
32	347
32	353
32	359
32	366
32	374
32	383
32	394
33	180
33	190
33	199
33	205
33	211
33	214
33	219
33	222
33	225
33	229
33	232
33	234
33	238
33	240
33	242
33	245
33	248
33	250
33	253
33	255
33	258
33	260
33	263
33	265
33	268
33	270
33	273
33	276
33	278
33	281
33	284
33	287
33	290
33	293
33	296
33	299
33	303
33	306
33	310
33	314
33	318
33	322
33	327
33	332
33	337
33	343
33	349
33	356
33	364
33	373
33	384
34	187
34	197
34	205
34	212
34	218
34	222
34	227
34	231
34	234
34	238
34	241
34	243
34	247
34	249
34	252
34	254
34	257
34	260
34	262
34	265
34	267
34	270
34	272
34	275
34	277
34	280
34	283
34	285
34	288
34	291
34	294
34	297
34	300
34	304
34	307
34	311
34	315
34	319
34	323
34	328
34	333
34	338
34	344
34	350
34	357
34	365
34	375
35	197
35	207
35	215
35	222
35	229
35	234
35	239
35	243
35	247
35	251
35	254
35	258
35	261
35	263
35	267
35	269
35	272
35	275
35	278
35	281
35	284
35	287
35	290
35	293
35	296
35	299
35	303
35	306
35	310
35	314
35	318
35	322
35	327
35	332
35	337
35	343
35	349
35	356
35	365
35	375
36	200
36	211
36	220
36	228
36	235
36	241
36	247
36	252
36	257
36	261
36	265
36	269
36	272
36	276
36	279
36	283
36	286
36	289
36	293
36	296
36	300
36	303
36	307
36	311
36	315
36	319
36	324
36	328
36	334
36	339
36	346
36	353
36	361
36	370
37	212
37	222
37	231
37	239
37	246
37	252
37	258
37	263
37	268
37	272
37	276
37	280
37	283
37	287
37	290
37	293
37	297
37	300
37	304
37	307
37	311
37	315
37	319
37	323
37	327
37	332
37	337
37	343
37	349
37	356
37	364
37	373
37	385
38	221
38	231
38	240
38	248
38	255
38	262
38	268
38	273
38	278
38	282
38	286
38	290
38	294
38	298
38	301
38	305
38	309
38	313
38	317
38	321
38	326
38	330
38	335
38	340
38	346
38	352
38	359
38	367
38	377
39	232
39	243
39	253
39	262
39	270
39	277
39	283
39	289
39	293
39	298
39	302
39	306
39	310
39	314
39	318
39	323
39	327
39	332
39	337
39	343
39	349
39	356
39	363
39	371
39	381
40	247
40	258
40	268
40	277
40	284
40	291
40	296
40	301
40	305
40	310
40	314
40	318
40	322
40	326
40	331
40	335
40	340
40	345
40	351
40	357
40	364
40	372
40	381
40	392
41	246
41	257
41	267
41	277
41	286
41	293
41	300
41	305
41	310
41	314
41	319
41	323
41	327
41	331
41	335
41	339
41	344
41	348
41	354
41	359
41	365
41	372
41	379
41	387
41	397
42	249
42	260
42	271
42	281
42	291
42	300
42	307
42	313
42	318
42	322
42	327
42	331
42	335
42	340
42	344
42	349
42	354
42	359
42	365
42	371
42	378
42	386
42	395
42	405
43	278
43	289
43	299
43	308
43	315
43	322
43	328
43	334
43	339
43	345
43	351
43	357
43	364
43	371
43	379
43	388
43	399
44	296
44	307
44	317
44	326
44	334
44	342
44	350
44	358
44	367
44	377
45	312
45	322
45	331
45	339
45	346
45	353
45	360
45	367
45	375
45	384
45	394
46	327
46	337
46	345
46	353
46	361
46	369
46	377
46	386
46	397
47	346
47	357
47	368
47	381
48	359
48	371
61	351
62	271
62	283
62	294
62	305
62	315
62	326
62	337
62	348
62	359
62	371
63	290
63	301
63	312
63	322
63	332
63	342
63	352
63	363
63	374
64	267
64	278
64	288
64	297
64	306
64	314
64	322
64	330
64	338
64	347
64	356
64	365
64	374
64	383
64	394
65	240
65	251
65	260
65	268
65	275
65	282
65	288
65	294
65	300
65	305
65	311
65	316
65	321
65	326
65	331
65	336
65	341
65	347
65	352
65	358
65	363
65	369
65	374
65	380
65	386
65	393
65	400
65	408
65	418
66	226
66	235
66	243
66	250
66	257
66	263
66	269
66	274
66	279
66	283
66	288
66	292
66	296
66	300
66	304
66	308
66	312
66	316
66	320
66	323
66	327
66	330
66	334
66	337
66	341
66	344
66	348
66	351
66	355
66	359
66	362
66	366
66	370
66	374
66	378
66	382
66	386
66	391
66	396
66	401
66	407
66	414
66	422
66	431
67	219
67	228
67	234
67	240
67	244
67	249
67	253
67	257
67	261
67	265
67	269
67	273
67	277
67	281
67	284
67	288
67	291
67	294
67	297
67	300
67	303
67	306
67	309
67	312
67	315
67	318
67	321
67	324
67	327
67	330
67	333
67	336
67	339
67	342
67	345
67	348
67	351
67	354
67	357
67	360
67	363
67	366
67	369
67	373
67	376
67	379
67	383
67	387
67	391
67	396
67	400
67	406
67	411
67	417
67	424
67	433
67	444
68	217
68	224
68	231
68	234
68	239
68	242
68	245
68	249
68	252
68	254
68	258
68	260
68	263
68	266
68	268
68	271
68	274
68	276
68	279
68	282
68	284
68	287
68	290
68	292
68	295
68	297
68	300
68	302
68	304
68	307
68	309
68	312
68	314
68	316
68	319
68	321
68	324
68	326
68	329
68	331
68	334
68	337
68	339
68	342
68	345
68	348
68	351
68	354
68	357
68	360
68	363
68	366
68	369
68	373
68	376
68	380
68	384
68	388
68	393
68	397
68	403
68	408
68	415
68	422
68	431
69	219
69	229
69	236
69	242
69	246
69	251
69	253
69	258
69	261
69	263
69	267
69	269
69	272
69	275
69	277
69	280
69	283
69	285
69	288
69	291
69	293
69	296
69	299
69	301
69	304
69	307
69	309
69	312
69	315
69	317
69	320
69	323
69	325
69	328
69	331
69	333
69	336
69	339
69	342
69	345
69	348
69	351
69	355
69	358
69	362
69	365
69	369
69	373
69	377
69	382
69	387
69	392
69	398
69	405
69	412
69	421
69	434
70	227
70	237
70	246
70	253
70	260
70	265
70	271
70	275
70	280
70	283
70	288
70	291
70	295
70	299
70	303
70	307
70	311
70	315
70	319
70	324
70	328
70	333
70	337
70	342
70	346
70	351
70	356
70	361
70	367
70	373
70	379
70	386
70	394
70	403
70	415
71	221
71	230
71	238
71	244
71	250
71	256
71	262
71	268
71	273
71	279
71	284
71	290
71	295
71	301
71	307
71	313
71	319
71	326
71	333
71	341
71	349
71	358
71	368
71	379
72	220
72	229
72	235
72	241
72	245
72	250
72	254
72	259
72	262
72	267
72	270
72	275
72	278
72	283
72	286
72	291
72	295
72	299
72	304
72	308
72	314
72	319
72	325
72	331
72	337
72	344
72	351
72	358
72	366
72	374
72	383
72	393
72	405
73	230
73	240
73	248
73	255
73	261
73	267
73	272
73	277
73	282
73	286
73	291
73	295
73	300
73	304
73	309
73	313
73	318
73	323
73	328
73	333
73	338
73	344
73	350
73	356
73	363
73	370
73	377
73	385
73	394
73	404
73	416
74	280
74	290
74	299
74	307
74	314
74	320
74	326
74	332
74	338
74	344
74	350
74	356
74	363
74	370
74	377
74	385
74	394
74	404
74	416
75	228
75	238
75	247
75	256
75	265
75	274
75	283
75	293
75	304
75	315
75	325
75	334
75	343
75	352
75	361
75	370
75	380
75	391
75	404
76	229
76	239
76	247
76	254
76	261
76	268
76	275
76	282
76	289
76	296
76	304
76	312
76	321
76	331
77	272
77	284
77	295
77	306
77	317
77	330
-1	-1
