-1	-1
0	380
0	391
0	401
0	411
0	422
1	399
4	402
5	388
5	399
5	410
5	422
6	380
6	391
6	401
6	411
6	421
6	433
7	376
7	387
7	397
7	407
7	417
7	428
8	366
8	376
8	385
8	393
8	401
8	409
8	417
8	426
8	436
8	447
9	358
9	368
9	376
9	383
9	390
9	396
9	402
9	408
9	414
9	420
9	427
9	434
9	442
9	450
9	459
9	470
10	353
10	362
10	370
10	377
10	383
10	389
10	394
10	399
10	404
10	409
10	414
10	419
10	425
10	430
10	436
10	442
10	449
10	456
10	464
10	473
10	483
11	351
11	361
11	369
11	375
11	381
11	386
11	391
11	395
11	400
11	403
11	408
11	411
11	415
11	419
11	423
11	427
11	431
11	436
11	440
11	445
11	450
11	456
11	462
11	468
11	475
11	483
11	492
11	502
11	514
12	358
12	368
12	375
12	382
12	388
12	393
12	399
12	404
12	409
12	414
12	419
12	424
12	429
12	434
12	440
12	446
12	452
12	459
12	466
12	474
12	483
12	493
12	504
13	361
13	371
13	380
13	388
13	395
13	402
13	409
13	416
13	423
13	431
13	439
13	448
13	457
13	466
13	476
13	487
13	499
14	361
14	372
14	381
14	390
14	398
14	406
14	414
14	422
14	430
14	438
14	447
14	456
14	465
14	474
14	484
14	494
14	504
14	515
14	526
15	366
15	376
15	385
15	393
15	401
15	408
15	415
15	422
15	429
15	436
15	443
15	450
15	457
15	464
15	471
15	478
15	485
15	492
15	499
15	506
15	514
15	522
15	530
15	538
15	547
15	556
15	566
15	577
16	362
16	372
16	381
16	389
16	396
16	402
16	408
16	414
16	420
16	426
16	431
16	437
16	442
16	448
16	453
16	458
16	463
16	468
16	473
16	478
16	483
16	488
16	493
16	498
16	504
16	509
16	515
16	520
16	526
16	531
16	537
16	543
16	549
16	555
16	561
16	567
16	574
16	581
16	589
16	597
16	606
16	617
17	359
17	369
17	377
17	384
17	391
17	397
17	403
17	408
17	413
17	418
17	423
17	428
17	432
17	437
17	441
17	445
17	450
17	453
17	458
17	461
17	465
17	469
17	473
17	477
17	480
17	484
17	488
17	491
17	495
17	498
17	502
17	505
17	509
17	512
17	516
17	519
17	523
17	526
17	530
17	533
17	537
17	540
17	544
17	547
17	551
17	555
17	558
17	562
17	566
17	570
17	574
17	578
17	583
17	587
17	592
17	597
17	603
17	609
17	616
17	623
17	631
17	641
18	358
18	368
18	375
18	382
18	388
18	393
18	398
18	403
18	407
18	412
18	416
18	420
18	424
18	428
18	431
18	435
18	438
18	442
18	444
18	448
18	451
18	453
18	457
18	459
18	462
18	465
18	467
18	470
18	473
18	475
18	478
18	481
18	483
18	486
18	488
18	491
18	493
18	496
18	498
18	501
18	503
18	505
18	508
18	510
18	513
18	515
18	517
18	520
18	522
18	525
18	527
18	529
18	532
18	534
18	537
18	539
18	542
18	544
18	547
18	549
18	552
18	554
18	557
18	559
18	562
18	565
18	567
18	570
18	573
18	576
18	579
18	582
18	585
18	588
18	592
18	595
18	599
18	603
18	607
18	612
18	617
18	623
18	629
18	636
18	644
18	654
19	352
19	361
19	369
19	374
19	380
19	384
19	389
19	393
19	397
19	401
19	405
19	409
19	413
19	417
19	420
19	424
19	427
19	431
19	434
19	437
19	441
19	443
19	447
19	449
19	452
19	455
19	458
19	460
19	463
19	466
19	468
19	471
19	473
19	476
19	478
19	481
19	483
19	485
19	488
19	490
19	492
19	495
19	497
19	499
19	502
19	504
19	506
19	509
19	511
19	514
19	516
19	518
19	521
19	524
19	526
19	529
19	531
19	534
19	537
19	539
19	542
19	545
19	547
19	550
19	553
19	556
19	559
19	562
19	565
19	568
19	572
19	575
19	579
19	583
19	587
19	591
19	596
19	601
19	606
19	612
19	618
19	626
19	635
20	349
20	358
20	364
20	370
20	374
20	379
20	383
20	387
20	391
20	394
20	398
20	401
20	404
20	408
20	411
20	414
20	417
20	421
20	424
20	427
20	431
20	434
20	437
20	441
20	444
20	447
20	451
20	454
20	457
20	461
20	464
20	467
20	471
20	474
20	478
20	481
20	485
20	488
20	492
20	496
20	499
20	504
20	507
20	512
20	516
20	521
20	526
20	531
20	537
20	543
20	549
20	556
20	563
20	571
20	580
20	590
21	347
21	355
21	362
21	367
21	372
21	376
21	381
21	383
21	388
21	391
21	394
21	397
21	401
21	403
21	407
21	409
21	413
21	415
21	419
21	422
21	425
21	428
21	431
21	435
21	438
21	442
21	445
21	449
21	453
21	457
21	461
21	465
21	469
21	474
21	479
21	484
21	489
21	495
21	501
21	508
21	516
21	524
21	533
21	544
22	347
22	355
22	362
22	368
22	373
22	378
22	382
22	386
22	390
22	393
22	397
22	400
22	403
22	406
22	410
22	412
22	416
22	419
22	422
22	425
22	428
22	431
22	435
22	438
22	441
22	445
22	448
22	452
22	456
22	460
22	465
22	469
22	474
22	479
22	485
22	491
22	498
22	506
22	515
22	525
23	347
23	356
23	363
23	370
23	375
23	380
23	384
23	388
23	392
23	395
23	399
23	402
23	405
23	408
23	411
23	414
23	417
23	420
23	422
23	426
23	428
23	431
23	434
23	437
23	440
23	443
23	446
23	449
23	453
23	456
23	460
23	464
23	468
23	472
23	477
23	482
23	487
23	493
23	499
23	506
23	514
23	523
23	534
24	350
24	360
24	368
24	374
24	380
24	385
24	390
24	394
24	398
24	402
24	405
24	409
24	412
24	415
24	419
24	421
24	424
24	427
24	430
24	433
24	435
24	439
24	441
24	444
24	447
24	450
24	453
24	456
24	459
24	463
24	466
24	470
24	474
24	478
24	483
24	487
24	493
24	498
24	505
24	512
24	520
24	529
25	353
25	363
25	372
25	380
25	387
25	393
25	399
25	404
25	410
25	414
25	419
25	422
25	426
25	430
25	433
25	437
25	440
25	444
25	447
25	451
25	454
25	458
25	461
25	465
25	469
25	473
25	477
25	482
25	487
25	492
25	498
25	504
25	511
25	519
25	528
25	539
26	352
26	362
26	371
26	379
26	387
26	395
26	402
26	409
26	415
26	421
26	426
26	431
26	435
26	440
26	444
26	448
26	452
26	456
26	460
26	465
26	469
26	474
26	478
26	483
26	488
26	494
26	500
26	506
26	513
26	521
26	530
26	540
27	356
27	367
27	377
27	386
27	395
27	403
27	411
27	419
27	427
27	433
27	439
27	444
27	450
27	454
27	459
27	464
27	468
27	473
27	478
27	483
27	488
27	494
27	499
27	505
27	511
27	518
27	526
27	534
27	543
27	554
28	361
28	372
28	382
28	392
28	401
28	410
28	418
28	426
28	434
28	441
28	447
28	453
28	458
28	463
28	468
28	472
28	477
28	481
28	486
28	490
28	495
28	500
28	505
28	510
28	516
28	522
28	528
28	535
28	542
28	550
28	559
28	569
29	379
29	390
29	400
29	409
29	418
29	427
29	435
29	442
29	449
29	455
29	461
29	466
29	471
29	476
29	480
29	485
29	489
29	493
29	498
29	502
29	506
29	511
29	515
29	520
29	525
29	530
29	535
29	540
29	546
29	552
29	558
29	565
29	572
29	580
29	589
29	599
29	626
29	638
29	649
29	660
29	673
30	371
30	382
30	392
30	401
30	409
30	417
30	424
30	431
30	438
30	444
30	450
30	455
30	460
30	465
30	470
30	474
30	478
30	482
30	486
30	490
30	493
30	497
30	500
30	504
30	507
30	511
30	514
30	517
30	521
30	524
30	528
30	531
30	535
30	538
30	542
30	546
30	549
30	554
30	557
30	562
30	566
30	571
30	576
30	581
30	586
30	592
30	598
30	605
30	613
30	621
30	629
30	637
30	645
30	653
30	661
30	670
30	680
30	694
31	371
31	381
31	390
31	398
31	406
31	413
31	420
31	426
31	431
31	436
31	441
31	445
31	450
31	453
31	458
31	461
31	465
31	468
31	472
31	475
31	478
31	482
31	484
31	488
31	491
31	493
31	497
31	499
31	502
31	505
31	507
31	510
31	513
31	515
31	518
31	521
31	523
31	526
31	529
31	531
31	534
31	537
31	539
31	542
31	545
31	547
31	550
31	553
31	556
31	559
31	562
31	565
31	568
31	571
31	574
31	577
31	581
31	584
31	588
31	592
31	596
31	600
31	605
31	610
31	615
31	620
31	626
31	632
31	638
31	644
31	651
31	658
31	666
31	675
31	685
31	696
32	362
32	373
32	382
32	391
32	399
32	407
32	414
32	420
32	425
32	430
32	433
32	438
32	441
32	444
32	448
32	451
32	453
32	457
32	459
32	462
32	465
32	467
32	470
32	473
32	475
32	478
32	480
32	483
32	486
32	488
32	491
32	494
32	496
32	499
32	502
32	504
32	507
32	509
32	512
32	514
32	517
32	519
32	522
32	525
32	527
32	530
32	533
32	535
32	538
32	541
32	544
32	546
32	549
32	552
32	555
32	558
32	561
32	564
32	567
32	570
32	573
32	576
32	579
32	582
32	585
32	588
32	592
32	595
32	599
32	603
32	607
32	611
32	616
32	621
32	626
32	631
32	637
32	643
32	650
32	657
32	666
32	676
32	687
33	370
33	381
33	392
33	402
33	412
33	420
33	426
33	432
33	435
33	440
33	442
33	446
33	449
33	452
33	454
33	458
33	460
33	462
33	465
33	468
33	470
33	472
33	475
33	477
33	480
33	482
33	484
33	487
33	489
33	492
33	494
33	497
33	499
33	502
33	504
33	507
33	509
33	512
33	515
33	517
33	520
33	523
33	526
33	528
33	532
33	534
33	538
33	540
33	544
33	547
33	550
33	554
33	557
33	561
33	564
33	568
33	572
33	575
33	579
33	583
33	587
33	591
33	595
33	600
33	605
33	610
33	616
33	622
33	628
33	635
33	643
33	652
33	662
34	382
34	394
34	406
34	417
34	426
34	433
34	439
34	443
34	448
34	452
34	455
34	459
34	462
34	464
34	468
34	471
34	472
34	475
34	478
34	480
34	482
34	485
34	487
34	489
34	492
34	494
34	496
34	498
34	501
34	503
34	505
34	508
34	510
34	513
34	515
34	518
34	520
34	523
34	526
34	528
34	531
34	535
34	537
34	541
34	544
34	548
34	551
34	555
34	559
34	563
34	567
34	572
34	576
34	581
34	586
34	592
34	598
34	605
34	613
34	622
34	632
35	382
35	394
35	405
35	416
35	426
35	434
35	441
35	447
35	452
35	457
35	462
35	466
35	470
35	473
35	476
35	480
35	482
35	484
35	488
35	490
35	492
35	494
35	497
35	499
35	501
35	503
35	506
35	508
35	510
35	513
35	515
35	517
35	520
35	522
35	525
35	527
35	530
35	533
35	536
35	539
35	542
35	546
35	549
35	553
35	557
35	561
35	566
35	571
35	576
35	582
35	588
35	595
35	603
35	613
36	376
36	387
36	397
36	407
36	417
36	427
36	436
36	444
36	451
36	458
36	464
36	470
36	475
36	480
36	484
36	489
36	492
36	495
36	499
36	502
36	504
36	508
36	510
36	513
36	516
36	519
36	522
36	525
36	528
36	531
36	535
36	538
36	542
36	546
36	549
36	554
36	558
36	563
36	568
36	574
36	580
36	587
36	595
36	604
36	615
37	389
37	401
37	413
37	424
37	434
37	444
37	453
37	462
37	471
37	479
37	486
37	492
37	498
37	503
37	508
37	513
37	517
37	522
37	526
37	531
37	536
37	541
37	546
37	551
37	557
37	563
37	570
37	577
37	585
37	595
38	389
38	401
38	412
38	423
38	434
38	444
38	454
38	464
38	473
38	482
38	490
38	498
38	505
38	511
38	517
38	523
38	528
38	534
38	540
38	546
38	552
38	558
38	565
38	573
38	581
38	591
39	388
39	399
39	410
39	421
39	432
39	442
39	452
39	462
39	472
39	481
39	490
39	498
39	506
39	513
39	519
39	525
39	531
39	537
39	543
39	549
39	555
39	562
39	569
39	577
39	586
39	596
40	402
40	415
40	427
40	439
40	451
40	463
40	475
40	486
40	497
40	507
40	515
40	522
40	529
40	535
40	541
40	547
40	553
40	559
40	565
40	572
40	579
40	587
40	596
40	606
41	416
41	429
41	442
41	507
41	518
41	526
41	533
41	539
41	544
41	549
41	554
41	559
41	564
41	569
41	574
41	579
41	585
41	591
41	598
41	606
41	615
41	626
42	518
42	528
42	536
42	543
42	549
42	555
42	560
42	565
42	570
42	576
42	581
42	587
42	594
42	601
42	609
42	618
43	538
43	549
43	559
43	569
43	579
43	589
44	566
44	577
44	589
45	562
45	573
45	583
45	593
45	604
46	571
46	582
46	593
46	604
63	472
63	483
63	494
63	505
63	516
64	466
64	476
64	485
64	494
64	503
64	512
64	521
64	530
64	540
64	551
64	563
65	479
65	490
65	499
65	508
65	516
65	524
65	533
65	542
65	551
65	561
65	573
66	496
66	508
66	520
66	532
66	546
67	448
67	458
67	467
67	475
67	482
67	489
67	496
67	503
67	510
67	517
67	524
67	531
67	538
67	545
67	552
67	560
67	568
67	576
67	585
67	594
67	604
67	615
67	626
67	636
67	646
67	657
68	439
68	450
68	459
68	467
68	474
68	481
68	487
68	493
68	498
68	503
68	508
68	512
68	517
68	521
68	526
68	530
68	535
68	539
68	544
68	548
68	553
68	557
68	562
68	566
68	571
68	575
68	580
68	585
68	590
68	595
68	600
68	606
68	612
68	618
68	625
68	632
68	639
68	647
68	656
68	666
69	427
69	437
69	446
69	454
69	462
69	470
69	477
69	484
69	491
69	498
69	504
69	510
69	515
69	520
69	524
69	529
69	532
69	536
69	540
69	543
69	547
69	550
69	554
69	557
69	561
69	563
69	567
69	570
69	573
69	576
69	579
69	583
69	585
69	589
69	592
69	595
69	599
69	602
69	606
69	609
69	613
69	617
69	621
69	625
69	629
69	634
69	638
69	643
69	648
69	654
69	660
69	667
69	675
69	685
70	427
70	435
70	442
70	448
70	453
70	459
70	464
70	469
70	474
70	479
70	484
70	489
70	494
70	499
70	504
70	509
70	514
70	519
70	524
70	529
70	534
70	539
70	543
70	548
70	552
70	556
70	560
70	563
70	567
70	571
70	574
70	578
70	581
70	584
70	587
70	591
70	593
70	597
70	600
70	603
70	606
70	609
70	612
70	616
70	618
70	622
70	625
70	629
70	633
70	637
70	641
70	646
70	650
70	656
70	661
70	667
70	674
70	683
70	694
71	429
71	438
71	443
71	449
71	452
71	457
71	461
71	464
71	468
71	471
71	474
71	477
71	480
71	483
71	486
71	489
71	492
71	495
71	498
71	501
71	504
71	507
71	510
71	514
71	516
71	520
71	523
71	527
71	530
71	534
71	538
71	542
71	546
71	550
71	555
71	559
71	564
71	568
71	573
71	578
71	583
71	588
71	593
71	598
71	603
71	608
71	613
71	618
71	624
71	630
71	636
71	643
71	651
71	660
71	673
72	433
72	441
72	448
72	452
72	457
72	461
72	464
72	468
72	471
72	473
72	477
72	479
72	482
72	484
72	487
72	490
72	492
72	494
72	497
72	499
72	502
72	504
72	506
72	509
72	511
72	513
72	516
72	518
72	520
72	523
72	525
72	528
72	530
72	533
72	535
72	538
72	540
72	543
72	546
72	548
72	551
72	554
72	557
72	559
72	563
72	565
72	569
72	572
72	575
72	579
72	582
72	586
72	589
72	593
72	597
72	601
72	605
72	609
72	614
72	618
72	624
72	629
72	635
72	641
72	648
72	656
72	665
73	457
73	466
73	474
73	481
73	487
73	492
73	497
73	502
73	506
73	511
73	514
73	518
73	522
73	525
73	529
73	532
73	535
73	539
73	542
73	545
73	548
73	551
73	554
73	557
73	560
73	563
73	566
73	569
73	572
73	575
73	578
73	581
73	584
73	587
73	590
73	594
73	597
73	600
73	604
73	607
73	611
73	614
73	618
73	622
73	626
73	630
73	635
73	639
73	645
73	650
73	656
73	663
73	671
73	680
74	550
74	561
74	571
74	580
74	588
74	595
74	602
74	609
74	616
74	623
74	631
74	639
74	648
74	659
75	432
75	442
75	450
75	458
75	465
75	472
75	479
75	486
75	493
75	500
75	507
75	515
75	523
75	532
75	542
75	553
76	438
76	448
76	456
76	463
76	470
76	477
76	483
76	489
76	495
76	501
76	507
76	513
76	519
76	526
76	533
76	540
76	547
76	554
76	562
76	570
76	578
76	587
76	596
76	606
76	616
76	626
76	635
76	644
76	654
76	665
77	536
77	549
77	562
77	576
77	626
77	641
-1	-1
