-1	-1
0	183
0	194
0	204
0	213
0	222
0	231
0	240
0	249
0	259
0	271
1	191
1	202
1	212
1	222
1	232
1	243
2	202
2	214
2	225
2	237
5	199
5	210
5	221
5	232
5	243
6	180
6	190
6	199
6	207
6	215
6	223
6	231
6	239
6	248
6	257
6	267
7	171
7	181
7	190
7	197
7	204
7	210
7	216
7	222
7	228
7	234
7	240
7	247
7	254
7	262
7	270
7	279
7	290
8	170
8	180
8	189
8	197
8	204
8	211
8	217
8	223
8	229
8	235
8	241
8	248
8	255
8	262
8	270
8	279
8	289
8	303
9	171
9	182
9	191
9	199
9	207
9	214
9	221
9	228
9	235
9	242
9	250
9	258
9	267
9	277
9	288
10	161
10	171
10	179
10	187
10	194
10	201
10	207
10	213
10	219
10	225
10	231
10	237
10	243
10	249
10	256
10	263
10	271
10	279
10	288
10	298
10	309
11	161
11	171
11	179
11	186
11	193
11	199
11	204
11	210
11	215
11	220
11	225
11	230
11	235
11	240
11	245
11	250
11	255
11	260
11	266
11	272
11	278
11	285
11	292
11	300
11	308
11	317
11	327
12	163
12	173
12	181
12	189
12	196
12	202
12	208
12	213
12	219
12	224
12	229
12	234
12	239
12	244
12	249
12	254
12	259
12	264
12	269
12	275
12	280
12	286
12	293
12	300
12	308
12	316
12	325
12	335
12	346
13	171
13	181
13	190
13	198
13	205
13	212
13	219
13	226
13	233
13	240
13	246
13	253
13	259
13	266
13	273
13	281
13	289
13	298
13	307
13	317
13	328
13	339
14	171
14	181
14	190
14	198
14	206
14	214
14	222
14	230
14	238
14	246
14	254
14	263
14	272
14	281
14	290
14	300
14	310
14	320
14	330
14	340
14	351
14	362
14	373
14	386
15	169
15	180
15	189
15	198
15	206
15	214
15	222
15	230
15	238
15	246
15	254
15	263
15	272
15	281
15	290
15	299
15	308
15	317
15	325
15	333
15	341
15	349
15	357
15	365
15	373
15	382
15	391
15	400
15	409
15	419
15	429
15	439
15	449
15	460
15	473
16	163
16	173
16	182
16	190
16	197
16	204
16	211
16	217
16	223
16	229
16	235
16	242
16	248
16	255
16	262
16	269
16	276
16	283
16	290
16	297
16	304
16	310
16	316
16	322
16	328
16	334
16	340
16	346
16	352
16	358
16	363
16	369
16	374
16	380
16	386
16	392
16	398
16	404
16	410
16	416
16	422
16	428
16	434
16	440
16	447
16	454
16	461
16	468
16	476
16	484
16	493
16	504
17	163
17	173
17	181
17	189
17	195
17	201
17	207
17	212
17	218
17	223
17	228
17	233
17	238
17	243
17	249
17	254
17	260
17	265
17	271
17	276
17	281
17	286
17	291
17	296
17	300
17	305
17	309
17	313
17	317
17	321
17	325
17	329
17	333
17	337
17	341
17	344
17	348
17	352
17	355
17	359
17	362
17	366
17	369
17	373
17	376
17	380
17	383
17	387
17	390
17	394
17	397
17	401
17	404
17	408
17	411
17	415
17	418
17	422
17	426
17	429
17	433
17	437
17	441
17	445
17	449
17	453
17	457
17	461
17	465
17	469
17	474
17	478
17	483
17	488
17	494
17	500
17	507
17	515
17	525
18	161
18	170
18	178
18	184
18	190
18	195
18	200
18	204
18	209
18	213
18	217
18	221
18	225
18	229
18	233
18	237
18	241
18	245
18	249
18	254
18	258
18	262
18	267
18	271
18	275
18	279
18	283
18	287
18	291
18	294
18	298
18	301
18	304
18	308
18	311
18	314
18	317
18	320
18	323
18	326
18	329
18	331
18	334
18	337
18	339
18	342
18	344
18	347
18	349
18	352
18	354
18	357
18	359
18	361
18	364
18	366
18	368
18	371
18	373
18	375
18	378
18	380
18	382
18	385
18	387
18	389
18	392
18	394
18	396
18	399
18	401
18	404
18	406
18	408
18	411
18	413
18	416
18	418
18	421
18	423
18	426
18	428
18	431
18	433
18	436
18	438
18	441
18	444
18	446
18	449
18	452
18	454
18	457
18	460
18	463
18	466
18	469
18	472
18	476
18	479
18	483
18	487
18	491
18	496
18	501
18	506
18	512
18	519
18	527
18	537
19	163
19	172
19	180
19	185
19	191
19	195
19	200
19	203
19	207
19	211
19	214
19	218
19	221
19	225
19	228
19	232
19	235
19	239
19	243
19	246
19	250
19	254
19	258
19	262
19	266
19	270
19	274
19	278
19	281
19	285
19	288
19	292
19	295
19	298
19	302
19	304
19	308
19	311
19	313
19	317
19	319
19	322
19	325
19	327
19	330
19	332
19	335
19	337
19	340
19	342
19	344
19	347
19	349
19	351
19	353
19	356
19	358
19	360
19	362
19	365
19	366
19	369
19	371
19	373
19	375
19	377
19	380
19	381
19	384
19	386
19	388
19	390
19	393
19	394
19	397
19	399
19	401
19	404
19	406
19	408
19	410
19	413
19	415
19	417
19	420
19	422
19	425
19	427
19	430
19	432
19	435
19	438
19	440
19	444
19	446
19	449
19	453
19	455
19	459
19	462
19	466
19	469
19	474
19	477
19	482
19	487
19	492
19	498
19	505
19	513
19	523
20	160
20	169
20	175
20	181
20	185
20	190
20	193
20	197
20	201
20	204
20	208
20	211
20	214
20	218
20	220
20	224
20	227
20	230
20	233
20	237
20	239
20	243
20	246
20	250
20	253
20	257
20	260
20	264
20	268
20	272
20	276
20	280
20	284
20	288
20	292
20	296
20	300
20	304
20	308
20	312
20	316
20	320
20	324
20	328
20	332
20	336
20	340
20	344
20	348
20	352
20	356
20	360
20	364
20	368
20	372
20	376
20	380
20	384
20	388
20	393
20	397
20	402
20	406
20	411
20	416
20	421
20	426
20	431
20	436
20	442
20	447
20	453
20	459
20	466
20	474
20	483
20	494
21	158
21	167
21	173
21	179
21	183
21	188
21	192
21	196
21	200
21	203
21	207
21	210
21	213
21	216
21	219
21	222
21	225
21	228
21	231
21	233
21	236
21	239
21	242
21	245
21	247
21	251
21	253
21	257
21	259
21	263
21	266
21	269
21	273
21	276
21	280
21	284
21	288
21	292
21	296
21	300
21	305
21	309
21	314
21	319
21	325
21	330
21	336
21	342
21	348
21	355
21	362
21	369
21	377
21	385
21	393
21	402
21	411
21	421
21	432
21	444
22	156
22	164
22	171
22	177
22	183
22	188
22	193
22	197
22	201
22	205
22	209
22	212
22	215
22	219
22	221
22	224
22	227
22	230
22	232
22	235
22	238
22	240
22	243
22	245
22	248
22	250
22	253
22	256
22	258
22	261
22	264
22	267
22	269
22	273
22	276
22	279
22	283
22	286
22	290
22	294
22	298
22	302
22	307
22	311
22	316
22	321
22	327
22	333
22	339
22	346
22	354
22	362
22	371
22	381
22	393
23	153
23	162
23	169
23	175
23	181
23	186
23	191
23	195
23	199
23	203
23	206
23	210
23	213
23	216
23	220
23	222
23	225
23	228
23	231
23	233
23	236
23	239
23	241
23	243
23	246
23	248
23	251
23	253
23	256
23	258
23	261
23	263
23	266
23	268
23	271
23	274
23	276
23	279
23	282
23	285
23	288
23	291
23	295
23	298
23	302
23	306
23	309
23	314
23	318
23	323
23	328
23	334
23	340
23	347
23	354
23	362
23	371
23	381
23	395
24	159
24	168
24	176
24	183
24	189
24	194
24	199
24	203
24	207
24	211
24	214
24	218
24	221
24	224
24	228
24	230
24	233
24	236
24	239
24	241
24	244
24	246
24	249
24	251
24	254
24	256
24	259
24	261
24	263
24	266
24	268
24	271
24	273
24	276
24	278
24	281
24	284
24	286
24	289
24	292
24	295
24	298
24	301
24	305
24	307
24	311
24	315
24	318
24	323
24	327
24	332
24	337
24	343
24	349
24	356
24	364
24	373
24	383
24	395
25	160
25	170
25	178
25	185
25	191
25	197
25	202
25	207
25	212
25	216
25	221
25	224
25	229
25	232
25	237
25	240
25	244
25	248
25	251
25	255
25	258
25	261
25	264
25	267
25	270
25	273
25	276
25	279
25	282
25	285
25	288
25	291
25	294
25	297
25	300
25	304
25	307
25	311
25	315
25	319
25	323
25	327
25	332
25	337
25	342
25	348
25	354
25	361
25	368
25	376
25	385
25	396
26	159
26	169
26	177
26	184
26	191
26	198
26	204
26	210
26	216
26	221
26	226
26	231
26	235
26	240
26	244
26	249
26	253
26	257
26	261
26	264
26	268
26	271
26	275
26	278
26	282
26	284
26	288
26	291
26	294
26	297
26	301
26	304
26	307
26	311
26	314
26	318
26	322
26	326
26	330
26	335
26	339
26	344
26	349
26	355
26	361
26	367
26	374
26	382
26	391
26	401
26	413
27	160
27	170
27	179
27	187
27	194
27	201
27	208
27	214
27	220
27	225
27	231
27	235
27	240
27	245
27	250
27	254
27	259
27	263
27	268
27	272
27	276
27	280
27	284
27	288
27	291
27	295
27	298
27	302
27	305
27	309
27	312
27	316
27	319
27	323
27	326
27	330
27	334
27	338
27	342
27	346
27	351
27	355
27	360
27	365
27	370
27	376
27	382
27	389
27	396
27	404
27	413
27	423
27	434
28	163
28	173
28	182
28	191
28	199
28	207
28	215
28	223
28	230
28	237
28	243
28	249
28	255
28	261
28	267
28	273
28	279
28	284
28	289
28	293
28	298
28	302
28	306
28	310
28	314
28	318
28	322
28	326
28	330
28	334
28	338
28	342
28	346
28	350
28	354
28	358
28	363
28	367
28	372
28	376
28	381
28	386
28	391
28	397
28	403
28	409
28	416
28	423
28	431
28	440
28	450
28	462
29	161
29	171
29	180
29	189
29	197
29	205
29	213
29	221
29	229
29	236
29	243
29	250
29	257
29	263
29	269
29	275
29	281
29	286
29	291
29	296
29	301
29	305
29	309
29	313
29	317
29	321
29	324
29	328
29	331
29	335
29	338
29	342
29	345
29	348
29	352
29	355
29	358
29	362
29	365
29	368
29	372
29	375
29	379
29	382
29	386
29	389
29	393
29	397
29	401
29	405
29	409
29	414
29	418
29	423
29	428
29	434
29	440
29	447
29	454
29	462
29	470
29	480
29	491
30	173
30	184
30	194
30	204
30	213
30	222
30	230
30	238
30	245
30	252
30	258
30	263
30	269
30	273
30	278
30	282
30	286
30	290
30	293
30	297
30	301
30	303
30	307
30	310
30	313
30	316
30	319
30	322
30	324
30	327
30	330
30	332
30	335
30	338
30	340
30	343
30	345
30	348
30	350
30	353
30	355
30	358
30	360
30	363
30	365
30	368
30	370
30	373
30	375
30	378
30	380
30	383
30	386
30	388
30	391
30	394
30	397
30	399
30	403
30	406
30	409
30	413
30	416
30	419
30	424
30	427
30	431
30	436
30	440
30	445
30	450
30	455
30	461
30	467
30	474
30	481
30	489
30	498
30	509
31	197
31	208
31	218
31	227
31	235
31	242
31	249
31	254
31	260
31	263
31	268
31	271
31	274
31	278
31	281
31	283
31	286
31	289
31	291
31	293
31	296
31	298
31	301
31	302
31	305
31	307
31	309
31	311
31	313
31	315
31	317
31	319
31	321
31	323
31	325
31	327
31	329
31	331
31	333
31	335
31	337
31	339
31	341
31	343
31	345
31	347
31	349
31	351
31	353
31	355
31	357
31	359
31	361
31	363
31	365
31	367
31	369
31	371
31	374
31	375
31	378
31	380
31	382
31	385
31	387
31	389
31	392
31	394
31	396
31	399
31	401
31	404
31	406
31	409
31	412
31	415
31	417
31	420
31	424
31	426
31	430
31	433
31	437
31	440
31	444
31	448
31	452
31	456
31	461
31	466
31	471
31	477
31	483
31	490
31	498
31	507
31	517
32	202
32	213
32	222
32	230
32	238
32	245
32	251
32	256
32	261
32	264
32	269
32	272
32	274
32	278
32	281
32	282
32	285
32	288
32	290
32	292
32	294
32	297
32	299
32	301
32	302
32	305
32	307
32	309
32	311
32	312
32	314
32	316
32	318
32	320
32	322
32	323
32	326
32	327
32	329
32	331
32	333
32	335
32	337
32	339
32	341
32	343
32	345
32	347
32	349
32	351
32	354
32	356
32	358
32	360
32	363
32	365
32	367
32	370
32	372
32	375
32	377
32	380
32	382
32	385
32	387
32	390
32	393
32	395
32	398
32	401
32	404
32	406
32	410
32	412
32	416
32	418
32	422
32	425
32	428
32	431
32	435
32	438
32	442
32	445
32	449
32	453
32	457
32	461
32	466
32	470
32	476
32	481
32	487
32	494
32	502
32	511
32	521
33	198
33	209
33	219
33	228
33	236
33	244
33	252
33	259
33	266
33	272
33	277
33	282
33	286
33	291
33	293
33	298
33	301
33	303
33	307
33	310
33	312
33	315
33	318
33	321
33	323
33	326
33	329
33	331
33	334
33	336
33	339
33	342
33	344
33	347
33	350
33	353
33	356
33	359
33	362
33	365
33	368
33	372
33	375
33	379
33	382
33	386
33	390
33	394
33	398
33	402
33	406
33	410
33	415
33	419
33	424
33	428
33	433
33	438
33	443
33	448
33	454
33	460
33	466
33	473
33	481
33	490
33	501
34	187
34	198
34	208
34	217
34	226
34	234
34	242
34	250
34	258
34	266
34	273
34	280
34	286
34	292
34	297
34	302
34	307
34	311
34	315
34	319
34	322
34	325
34	329
34	331
34	335
34	337
34	341
34	343
34	347
34	349
34	353
34	356
34	359
34	363
34	366
34	370
34	374
34	378
34	382
34	386
34	391
34	396
34	401
34	407
34	413
34	419
34	426
34	433
34	441
34	449
34	458
34	469
35	182
35	193
35	203
35	213
35	222
35	231
35	240
35	249
35	258
35	267
35	276
35	284
35	291
35	298
35	304
35	310
35	316
35	321
35	325
35	330
35	333
35	337
35	341
35	344
35	348
35	351
35	355
35	358
35	362
35	366
35	370
35	374
35	378
35	383
35	387
35	392
35	397
35	403
35	409
35	416
35	423
35	431
35	440
35	450
36	187
36	198
36	209
36	219
36	229
36	239
36	249
36	259
36	269
36	279
36	289
36	298
36	307
36	315
36	323
36	330
36	336
36	342
36	346
36	351
36	355
36	360
36	364
36	369
36	374
36	379
36	384
36	390
36	396
36	402
36	409
36	416
36	424
36	433
36	443
36	455
37	190
37	202
37	213
37	223
37	233
37	243
37	253
37	263
37	273
37	283
37	293
37	303
37	313
37	322
37	331
37	339
37	345
37	351
37	356
37	361
37	366
37	371
37	376
37	381
37	387
37	393
37	399
37	406
37	413
37	421
37	430
37	440
38	212
38	224
38	235
38	246
38	258
38	270
38	281
38	292
38	302
38	312
38	322
38	331
38	339
38	346
38	352
38	358
38	363
38	368
38	373
38	378
38	383
38	388
38	393
38	399
38	405
38	411
38	418
38	425
38	433
38	442
38	453
39	200
39	211
39	221
39	230
39	239
39	249
39	259
39	270
39	281
39	292
39	303
39	313
39	323
39	333
39	342
39	350
39	357
39	363
39	368
39	373
39	378
39	383
39	388
39	393
39	398
39	404
39	410
39	416
39	423
39	430
39	438
39	447
39	457
40	197
40	207
40	216
40	225
40	233
40	241
40	249
40	257
40	266
40	275
40	285
40	295
40	305
40	316
40	327
40	338
40	348
40	357
40	364
40	371
40	377
40	383
40	389
40	395
40	401
40	408
40	415
40	423
40	431
40	440
40	450
41	221
41	233
41	244
41	255
41	267
41	279
41	292
41	306
41	340
41	351
41	361
41	369
41	375
41	381
41	387
41	392
41	398
41	404
41	410
41	416
41	423
41	430
41	438
41	447
41	457
42	357
42	367
42	375
42	382
42	389
42	395
42	401
42	406
42	412
42	418
42	424
42	430
42	437
42	444
42	452
42	461
42	471
43	368
43	378
43	385
43	391
43	396
43	401
43	405
43	410
43	414
43	419
43	423
43	428
43	433
43	438
43	443
43	449
43	455
43	462
43	469
43	477
43	487
44	377
44	386
44	393
44	399
44	404
44	409
44	414
44	419
44	424
44	429
44	434
44	439
44	445
44	451
44	458
44	465
44	473
44	483
45	389
45	399
45	408
45	416
45	423
45	430
45	437
45	445
45	453
45	462
45	472
45	485
46	399
46	409
46	418
46	425
46	432
46	439
46	446
46	453
46	461
46	469
46	478
46	489
47	399
47	409
47	418
47	425
47	432
47	438
47	444
47	450
47	456
47	462
47	468
47	475
47	483
47	492
47	502
48	401
48	411
48	419
48	425
48	431
48	435
48	440
48	444
48	449
48	453
48	457
48	462
48	466
48	471
48	476
48	482
48	488
48	495
48	503
48	512
48	524
49	417
49	426
49	433
49	439
49	445
49	451
49	457
49	463
49	469
49	476
49	483
49	491
49	500
49	512
52	458
52	469
52	480
52	493
53	449
53	459
53	468
53	477
53	486
53	496
53	506
53	516
53	527
63	307
63	318
63	328
63	338
63	348
63	358
63	368
63	378
63	389
63	400
63	411
63	423
63	436
63	450
64	308
64	319
64	329
64	338
64	346
64	354
64	362
64	370
64	378
64	386
64	394
64	402
64	410
64	418
64	426
64	434
64	442
64	450
64	458
64	466
64	475
64	484
64	494
64	505
65	328
65	339
65	349
65	358
65	367
65	375
65	383
65	390
65	397
65	404
65	411
65	418
65	425
65	431
65	438
65	444
65	450
65	456
65	462
65	468
65	475
65	482
65	489
65	497
65	505
65	514
65	525
66	272
66	283
66	293
66	302
66	311
66	320
66	330
66	340
66	350
66	361
66	372
66	383
66	394
66	405
66	416
66	426
66	436
66	446
66	456
66	466
66	475
66	484
66	493
66	503
66	514
67	269
67	279
67	288
67	296
67	303
67	310
67	317
67	323
67	330
67	336
67	342
67	348
67	354
67	360
67	366
67	372
67	378
67	384
67	390
67	397
67	403
67	410
67	417
67	424
67	431
67	438
67	445
67	452
67	458
67	464
67	470
67	476
67	482
67	488
67	494
67	500
67	506
67	513
67	520
67	528
67	537
67	549
68	277
68	288
68	298
68	307
68	315
68	323
68	331
68	338
68	345
68	351
68	357
68	363
68	369
68	374
68	380
68	385
68	390
68	395
68	400
68	404
68	409
68	413
68	418
68	422
68	426
68	430
68	434
68	438
68	442
68	446
68	450
68	453
68	457
68	461
68	464
68	468
68	471
68	474
68	478
68	481
68	484
68	487
68	491
68	494
68	497
68	501
68	505
68	508
68	513
68	517
68	522
68	527
68	533
68	539
68	546
68	554
68	564
69	277
69	287
69	296
69	305
69	313
69	321
69	329
69	337
69	345
69	353
69	361
69	369
69	376
69	383
69	390
69	396
69	402
69	408
69	413
69	418
69	423
69	428
69	432
69	437
69	441
69	445
69	449
69	453
69	457
69	461
69	464
69	468
69	471
69	474
69	478
69	481
69	484
69	488
69	491
69	495
69	498
69	502
69	506
69	510
69	515
69	519
69	525
69	531
69	538
69	546
69	556
70	271
70	280
70	288
70	294
70	300
70	305
70	310
70	315
70	320
70	325
70	330
70	335
70	340
70	345
70	350
70	355
70	360
70	365
70	370
70	376
70	381
70	387
70	393
70	399
70	406
70	413
70	420
70	427
70	434
70	442
70	450
70	458
70	466
70	474
70	483
70	493
70	505
71	271
71	280
71	286
71	292
71	296
71	301
71	304
71	308
71	311
71	314
71	318
71	321
71	323
71	327
71	329
71	332
71	335
71	338
71	341
71	343
71	346
71	349
71	352
71	354
71	357
71	360
71	363
71	365
71	369
71	371
71	374
71	377
71	380
71	383
71	386
71	389
71	392
71	396
71	398
71	402
71	405
71	409
71	412
71	416
71	419
71	423
71	427
71	431
71	435
71	439
71	443
71	447
71	452
71	456
71	461
71	465
71	470
71	475
71	480
71	486
71	492
71	498
71	505
71	513
71	523
72	279
72	288
72	294
72	300
72	303
72	308
72	312
72	314
72	319
72	321
72	324
72	327
72	330
72	332
72	335
72	338
72	340
72	342
72	345
72	347
72	350
72	352
72	354
72	357
72	359
72	361
72	363
72	366
72	368
72	370
72	372
72	375
72	377
72	379
72	381
72	384
72	386
72	388
72	390
72	393
72	395
72	397
72	399
72	402
72	404
72	406
72	409
72	411
72	413
72	416
72	418
72	420
72	423
72	425
72	428
72	430
72	433
72	435
72	438
72	440
72	443
72	445
72	448
72	450
72	453
72	456
72	458
72	461
72	464
72	466
72	469
72	472
72	475
72	478
72	481
72	485
72	488
72	492
72	496
72	500
72	505
72	509
72	515
72	521
72	528
72	536
72	546
73	310
73	320
73	329
73	336
73	342
73	348
73	353
73	358
73	363
73	368
73	372
73	377
73	381
73	385
73	389
73	393
73	397
73	401
73	404
73	408
73	411
73	415
73	418
73	422
73	425
73	429
73	432
73	436
73	439
73	443
73	446
73	450
73	453
73	457
73	460
73	464
73	467
73	471
73	475
73	479
73	483
73	487
73	492
73	497
73	503
73	509
73	516
73	524
73	534
74	291
74	303
75	272
75	282
75	290
75	297
75	304
75	310
75	316
75	322
75	328
75	334
75	340
75	347
75	354
75	361
75	368
75	375
75	383
75	391
75	399
75	408
75	417
75	426
75	436
75	446
75	456
75	466
75	476
75	486
75	496
75	506
75	516
76	278
76	287
76	295
76	302
76	309
76	315
76	321
76	327
76	333
76	339
76	345
76	351
76	357
76	363
76	369
76	375
76	381
76	387
76	393
76	399
76	406
76	413
76	420
76	427
76	434
76	441
76	448
76	455
76	462
76	469
76	476
76	483
76	490
76	497
76	504
76	512
76	520
76	529
76	541
-1	-1
