-1	-1
6	229
6	241
6	253
6	264
6	275
6	286
6	297
6	308
6	320
7	199
7	210
7	220
7	229
7	238
7	246
7	254
7	262
7	270
7	278
7	286
7	294
7	302
7	310
7	318
7	326
7	335
7	344
7	354
8	188
8	198
8	207
8	215
8	223
8	230
8	237
8	244
8	251
8	257
8	263
8	269
8	275
8	281
8	287
8	293
8	299
8	305
8	311
8	317
8	323
8	329
8	335
8	341
8	348
8	355
8	363
8	372
8	382
9	178
9	188
9	196
9	203
9	210
9	216
9	222
9	228
9	233
9	239
9	244
9	249
9	254
9	259
9	263
9	268
9	272
9	276
9	280
9	284
9	288
9	292
9	296
9	300
9	304
9	308
9	312
9	316
9	320
9	325
9	329
9	334
9	338
9	343
9	348
9	353
9	359
9	365
9	372
9	380
9	389
9	400
10	171
10	181
10	189
10	196
10	202
10	208
10	213
10	218
10	223
10	228
10	232
10	237
10	241
10	245
10	249
10	253
10	257
10	261
10	264
10	268
10	272
10	275
10	279
10	282
10	286
10	289
10	293
10	296
10	300
10	303
10	307
10	310
10	314
10	317
10	321
10	325
10	328
10	332
10	336
10	340
10	345
10	349
10	354
10	359
10	365
10	371
10	378
10	386
10	395
10	406
11	169
11	179
11	187
11	194
11	201
11	207
11	213
11	219
11	224
11	229
11	234
11	239
11	244
11	249
11	253
11	258
11	262
11	266
11	270
11	274
11	278
11	282
11	285
11	289
11	292
11	296
11	299
11	303
11	306
11	310
11	314
11	317
11	321
11	325
11	329
11	333
11	337
11	342
11	346
11	351
11	356
11	362
11	368
11	375
11	383
11	392
11	403
12	181
12	191
12	200
12	207
12	214
12	220
12	226
12	232
12	237
12	243
12	248
12	253
12	258
12	263
12	268
12	273
12	277
12	282
12	286
12	291
12	295
12	300
12	304
12	309
12	313
12	318
12	323
12	328
12	333
12	338
12	344
12	350
12	356
12	363
12	371
12	380
12	391
13	191
13	201
13	210
13	218
13	226
13	233
13	240
13	247
13	254
13	260
13	266
13	272
13	278
13	284
13	290
13	296
13	302
13	308
13	314
13	320
13	327
13	334
13	342
13	350
13	359
13	370
14	199
14	210
14	220
14	229
14	238
14	247
14	255
14	263
14	271
14	279
14	286
14	293
14	301
14	309
14	317
14	325
14	334
14	344
14	355
15	199
15	210
15	220
15	229
15	238
15	247
15	255
15	263
15	271
15	279
15	287
15	295
15	303
15	312
15	321
15	331
15	341
15	353
16	192
16	202
16	211
16	220
16	228
16	236
16	243
16	250
16	257
16	264
16	271
16	278
16	285
16	292
16	299
16	306
16	313
16	321
16	329
16	337
16	346
16	355
16	365
16	376
17	180
17	190
17	198
17	205
17	211
17	217
17	223
17	228
17	233
17	238
17	243
17	248
17	253
17	258
17	263
17	268
17	273
17	277
17	282
17	286
17	291
17	296
17	301
17	306
17	311
17	317
17	322
17	328
17	334
17	340
17	347
17	354
17	361
17	369
17	377
17	386
17	396
17	408
18	168
18	178
18	186
18	193
18	199
18	204
18	209
18	214
18	219
18	223
18	228
18	232
18	236
18	240
18	244
18	248
18	252
18	256
18	260
18	264
18	268
18	272
18	276
18	280
18	284
18	288
18	292
18	296
18	300
18	304
18	308
18	312
18	317
18	321
18	326
18	331
18	336
18	341
18	346
18	351
18	357
18	362
18	368
18	374
18	380
18	387
18	394
18	402
18	411
18	421
19	168
19	178
19	185
19	191
19	196
19	201
19	205
19	210
19	213
19	218
19	221
19	225
19	228
19	232
19	235
19	239
19	242
19	245
19	249
19	252
19	255
19	259
19	262
19	266
19	269
19	273
19	276
19	280
19	283
19	287
19	290
19	294
19	297
19	301
19	305
19	308
19	312
19	316
19	320
19	324
19	328
19	332
19	336
19	340
19	344
19	348
19	353
19	357
19	362
19	367
19	372
19	377
19	382
19	388
19	394
19	401
19	409
19	418
19	429
20	161
20	171
20	179
20	185
20	191
20	196
20	201
20	205
20	210
20	213
20	218
20	221
20	225
20	229
20	232
20	236
20	239
20	243
20	246
20	250
20	253
20	257
20	260
20	264
20	268
20	271
20	275
20	279
20	283
20	287
20	291
20	295
20	299
20	303
20	307
20	311
20	315
20	319
20	323
20	327
20	331
20	335
20	339
20	343
20	347
20	351
20	355
20	359
20	364
20	368
20	373
20	378
20	384
20	390
20	397
20	405
20	414
20	425
21	162
21	172
21	180
21	187
21	193
21	198
21	203
21	208
21	213
21	217
21	222
21	226
21	231
21	235
21	239
21	244
21	248
21	253
21	257
21	262
21	266
21	271
21	275
21	280
21	284
21	289
21	293
21	298
21	302
21	306
21	311
21	315
21	319
21	323
21	327
21	331
21	335
21	339
21	343
21	347
21	351
21	355
21	359
21	364
21	368
21	373
21	378
21	384
21	390
21	397
21	405
21	414
22	162
22	172
22	180
22	187
22	193
22	199
22	204
22	210
22	215
22	220
22	225
22	230
22	234
22	239
22	243
22	247
22	251
22	255
22	259
22	263
22	267
22	271
22	275
22	279
22	283
22	287
22	291
22	295
22	299
22	303
22	307
22	311
22	315
22	319
22	322
22	326
22	329
22	333
22	336
22	340
22	343
22	347
22	350
22	354
22	357
22	361
22	365
22	369
22	373
22	377
22	382
22	387
22	393
22	399
22	406
22	414
22	424
23	162
23	172
23	181
23	189
23	196
23	202
23	208
23	213
23	219
23	223
23	228
23	232
23	236
23	240
23	244
23	248
23	252
23	255
23	259
23	262
23	266
23	269
23	273
23	276
23	280
23	283
23	287
23	290
23	294
23	297
23	301
23	304
23	307
23	311
23	314
23	317
23	321
23	323
23	327
23	330
23	333
23	336
23	339
23	342
23	345
23	348
23	351
23	355
23	357
23	361
23	365
23	368
23	372
23	376
23	380
23	385
23	389
23	395
23	400
23	407
23	414
23	423
23	434
24	166
24	175
24	183
24	190
24	195
24	201
24	205
24	210
24	214
24	219
24	222
24	226
24	230
24	233
24	236
24	240
24	242
24	246
24	248
24	252
24	254
24	257
24	260
24	262
24	265
24	268
24	270
24	273
24	276
24	278
24	281
24	284
24	287
24	290
24	293
24	296
24	299
24	302
24	305
24	308
24	311
24	314
24	317
24	320
24	323
24	326
24	329
24	332
24	335
24	338
24	341
24	345
24	348
24	351
24	355
24	358
24	362
24	366
24	370
24	375
24	379
24	384
24	389
24	395
24	401
24	408
24	416
24	426
25	167
25	176
25	183
25	189
25	193
25	198
25	202
25	205
25	209
25	212
25	215
25	219
25	221
25	224
25	227
25	230
25	232
25	235
25	237
25	240
25	242
25	244
25	247
25	249
25	251
25	253
25	256
25	258
25	260
25	262
25	265
25	267
25	269
25	271
25	274
25	276
25	278
25	281
25	284
25	286
25	289
25	291
25	294
25	297
25	299
25	302
25	305
25	308
25	311
25	314
25	317
25	320
25	323
25	326
25	329
25	333
25	336
25	340
25	344
25	348
25	352
25	357
25	361
25	366
25	371
25	377
25	383
25	389
25	396
25	404
25	413
25	425
26	161
26	170
26	176
26	182
26	186
26	191
26	193
26	198
26	201
26	203
26	207
26	209
26	212
26	214
26	217
26	219
26	222
26	224
26	226
26	229
26	231
26	233
26	236
26	238
26	240
26	243
26	245
26	247
26	250
26	252
26	255
26	257
26	259
26	262
26	265
26	267
26	270
26	273
26	276
26	279
26	282
26	285
26	288
26	292
26	295
26	299
26	302
26	306
26	309
26	313
26	317
26	321
26	325
26	329
26	334
26	338
26	343
26	348
26	353
26	359
26	365
26	372
26	379
26	387
26	396
26	406
27	163
27	172
27	180
27	185
27	191
27	194
27	199
27	202
27	205
27	209
27	212
27	214
27	218
27	220
27	223
27	225
27	228
27	231
27	233
27	236
27	238
27	241
27	243
27	246
27	248
27	251
27	254
27	256
27	259
27	262
27	265
27	268
27	271
27	275
27	278
27	282
27	286
27	290
27	294
27	299
27	303
27	308
27	313
27	318
27	324
27	329
27	335
27	341
27	348
27	355
27	363
27	372
27	382
27	393
28	167
28	176
28	184
28	191
28	196
28	201
28	206
28	210
28	214
28	218
28	222
28	226
28	230
28	233
28	237
28	241
28	245
28	249
28	253
28	257
28	261
28	266
28	270
28	275
28	280
28	286
28	292
28	298
28	304
28	311
28	318
28	325
28	332
28	340
28	349
28	358
28	369
28	384
29	172
29	182
29	191
29	199
29	205
29	211
29	216
29	221
29	226
29	231
29	236
29	241
29	246
29	251
29	256
29	261
29	266
29	272
29	278
29	284
29	291
29	298
29	305
29	313
29	321
29	330
29	340
29	352
30	173
30	183
30	192
30	200
30	207
30	213
30	219
30	225
30	231
30	237
30	243
30	249
30	256
30	263
30	270
30	278
30	287
30	296
30	306
30	317
31	177
31	187
31	196
31	204
31	211
31	218
31	224
31	230
31	236
31	242
31	248
31	255
31	262
31	269
31	277
31	286
31	296
31	308
32	188
32	198
32	207
32	216
32	224
32	232
32	240
32	249
32	258
32	268
32	280
33	211
33	222
33	232
33	242
33	253
33	264
36	231
36	243
36	255
38	226
38	238
41	240
41	253
58	212
58	224
58	235
58	247
59	221
59	233
59	244
59	255
59	267
61	232
62	201
62	211
62	220
62	229
62	237
62	245
62	253
62	261
62	269
62	278
62	287
62	296
62	305
62	314
62	324
62	334
62	345
63	198
63	207
63	214
63	221
63	227
63	233
63	239
63	244
63	250
63	255
63	260
63	265
63	270
63	275
63	280
63	286
63	291
63	297
63	302
63	308
63	313
63	319
63	324
63	330
63	336
63	342
63	348
63	355
63	363
63	372
63	383
64	197
64	207
64	215
64	222
64	229
64	235
64	241
64	246
64	251
64	256
64	261
64	266
64	271
64	276
64	281
64	285
64	290
64	294
64	299
64	303
64	307
64	311
64	315
64	319
64	323
64	327
64	331
64	335
64	339
64	344
64	348
64	353
64	358
64	364
64	370
64	377
64	385
64	395
65	190
65	201
65	211
65	220
65	229
65	238
65	247
65	255
65	263
65	271
65	279
65	287
65	294
65	301
65	307
65	313
65	319
65	324
65	330
65	335
65	341
65	347
65	354
65	361
65	369
65	379
66	182
66	192
66	201
66	209
66	216
66	223
66	230
66	237
66	245
66	253
66	261
66	269
66	277
66	286
66	295
66	304
66	314
66	324
66	335
66	348
67	182
67	191
67	199
67	205
67	211
67	216
67	221
67	226
67	231
67	236
67	241
67	245
67	250
67	254
67	259
67	264
67	268
67	273
67	278
67	283
67	288
67	293
67	298
67	304
67	309
67	315
67	321
67	327
67	334
67	341
67	348
67	356
67	365
67	375
68	187
68	194
68	201
68	205
68	210
68	213
68	217
68	221
68	223
68	227
68	230
68	233
68	236
68	239
68	242
68	245
68	248
68	251
68	253
68	256
68	259
68	261
68	264
68	267
68	269
68	272
68	275
68	277
68	280
68	283
68	285
68	288
68	291
68	294
68	296
68	300
68	302
68	306
68	308
68	312
68	315
68	318
68	321
68	325
68	328
68	331
68	335
68	338
68	342
68	346
68	349
68	354
68	357
68	362
68	367
68	372
68	378
68	384
68	391
68	400
68	414
69	189
69	197
69	202
69	207
69	211
69	214
69	218
69	221
69	223
69	226
69	229
69	231
69	233
69	236
69	238
69	241
69	242
69	244
69	247
69	249
69	251
69	252
69	255
69	257
69	258
69	261
69	262
69	264
69	266
69	268
69	270
69	271
69	273
69	275
69	277
69	278
69	280
69	282
69	284
69	285
69	287
69	289
69	291
69	292
69	294
69	296
69	298
69	300
69	301
69	304
69	305
69	307
69	309
69	311
69	313
69	315
69	317
69	319
69	321
69	323
69	325
69	327
69	329
69	331
69	334
69	335
69	338
69	340
69	342
69	345
69	347
69	349
69	352
69	355
69	357
69	360
69	363
69	366
69	369
69	373
69	376
69	380
69	385
69	389
69	395
69	401
69	408
69	416
69	427
70	199
70	208
70	214
70	220
70	224
70	229
70	232
70	236
70	240
70	242
70	246
70	249
70	251
70	254
70	257
70	259
70	262
70	264
70	267
70	269
70	272
70	273
70	276
70	278
70	281
70	282
70	285
70	287
70	289
70	291
70	293
70	296
70	297
70	300
70	302
70	304
70	306
70	308
70	311
70	312
70	315
70	317
70	319
70	321
70	324
70	326
70	328
70	330
70	333
70	335
70	338
70	340
70	343
70	346
70	348
70	352
70	355
70	358
70	362
70	366
70	369
70	374
70	378
70	384
70	390
70	397
70	405
70	415
71	256
71	268
71	279
71	289
71	299
71	309
71	319
71	329
71	339
71	350
73	191
73	201
73	209
73	217
73	224
73	231
73	238
73	245
73	252
73	259
73	266
73	273
73	280
73	287
73	294
73	301
73	308
73	316
73	324
73	331
73	338
73	345
73	352
73	359
73	366
73	374
73	383
73	393
74	190
74	199
74	206
74	212
74	218
74	223
74	228
74	233
74	238
74	242
74	247
74	251
74	255
74	260
74	264
74	268
74	272
74	276
74	280
74	284
74	288
74	292
74	296
74	300
74	304
74	308
74	312
74	316
74	320
74	324
74	328
74	332
74	336
74	340
74	344
74	348
74	352
74	356
74	360
74	364
74	368
74	373
74	377
74	382
74	387
74	393
74	399
74	407
74	416
75	199
75	209
75	217
75	224
75	231
75	237
75	243
75	248
75	253
75	258
75	263
75	268
75	273
75	277
75	282
75	286
75	291
75	295
75	300
75	304
75	308
75	312
75	316
75	320
75	324
75	328
75	332
75	336
75	340
75	345
75	349
75	354
75	358
75	363
75	367
75	372
75	377
75	383
75	389
75	396
75	404
75	414
-1	-1
