-1	-1
0	316
0	327
0	338
0	349
0	362
5	317
5	328
5	339
5	350
5	362
6	309
6	319
6	328
6	337
6	346
6	356
6	366
6	377
7	306
7	316
7	325
7	334
7	343
7	352
7	361
7	370
7	380
7	391
7	404
8	309
8	319
8	329
8	338
8	347
8	356
8	366
8	376
8	386
8	397
9	318
9	329
9	339
9	349
9	359
9	369
9	379
9	389
9	399
9	409
9	419
9	430
9	442
9	454
9	466
9	479
9	493
10	313
10	324
10	334
10	343
10	351
10	359
10	367
10	374
10	382
10	390
10	398
10	406
10	414
10	422
10	430
10	438
10	446
10	454
10	462
10	470
10	478
10	486
10	495
10	504
10	513
10	523
10	534
11	307
11	317
11	325
11	333
11	340
11	347
11	353
11	359
11	365
11	371
11	377
11	383
11	389
11	395
11	401
11	406
11	412
11	418
11	424
11	430
11	436
11	442
11	448
11	454
11	460
11	466
11	472
11	478
11	484
11	490
11	497
11	504
11	511
11	518
11	526
11	535
11	545
11	556
12	302
12	312
12	320
12	327
12	333
12	339
12	344
12	349
12	354
12	359
12	363
12	368
12	372
12	376
12	380
12	384
12	388
12	392
12	396
12	400
12	404
12	408
12	412
12	416
12	420
12	424
12	428
12	432
12	436
12	441
12	445
12	450
12	454
12	459
12	463
12	468
12	472
12	477
12	481
12	486
12	490
12	495
12	500
12	505
12	510
12	516
12	522
12	528
12	535
12	542
12	550
12	559
12	568
12	578
13	300
13	309
13	317
13	324
13	330
13	336
13	341
13	346
13	351
13	355
13	360
13	363
13	368
13	371
13	375
13	379
13	383
13	387
13	390
13	394
13	398
13	401
13	405
13	408
13	412
13	415
13	419
13	422
13	425
13	429
13	432
13	436
13	439
13	443
13	446
13	450
13	453
13	457
13	460
13	464
13	468
13	471
13	475
13	479
13	483
13	487
13	491
13	495
13	499
13	504
13	508
13	513
13	518
13	524
13	529
13	536
13	543
13	550
13	558
13	567
13	577
13	588
14	299
14	309
14	317
14	325
14	332
14	339
14	345
14	351
14	357
14	362
14	367
14	372
14	377
14	381
14	386
14	390
14	394
14	398
14	402
14	406
14	410
14	414
14	418
14	422
14	426
14	430
14	434
14	437
14	441
14	445
14	449
14	453
14	457
14	461
14	465
14	469
14	474
14	478
14	483
14	488
14	493
14	498
14	504
14	509
14	515
14	521
14	528
14	536
14	545
14	555
14	566
14	579
15	300
15	310
15	319
15	327
15	335
15	342
15	349
15	355
15	361
15	367
15	372
15	377
15	382
15	387
15	392
15	397
15	402
15	407
15	411
15	416
15	420
15	425
15	429
15	434
15	438
15	443
15	448
15	453
15	458
15	464
15	469
15	475
15	481
15	487
15	494
15	501
15	508
15	516
15	525
15	535
15	546
16	308
16	319
16	328
16	337
16	345
16	353
16	360
16	366
16	372
16	378
16	384
16	390
16	395
16	401
16	406
16	411
16	416
16	421
16	426
16	431
16	436
16	442
16	447
16	453
16	459
16	465
16	471
16	478
16	485
16	492
16	500
16	508
16	517
16	526
16	536
16	547
17	317
17	327
17	336
17	344
17	352
17	359
17	365
17	371
17	377
17	383
17	389
17	394
17	400
17	405
17	410
17	415
17	420
17	425
17	430
17	435
17	440
17	445
17	450
17	455
17	460
17	465
17	470
17	476
17	481
17	487
17	493
17	499
17	506
17	513
17	520
17	528
17	536
17	544
17	553
17	563
17	574
18	309
18	319
18	327
18	334
18	341
18	347
18	353
18	358
18	363
18	368
18	373
18	377
18	382
18	386
18	391
18	395
18	399
18	403
18	407
18	411
18	415
18	419
18	423
18	426
18	430
18	433
18	437
18	441
18	444
18	448
18	452
18	456
18	459
18	464
18	467
18	472
18	476
18	480
18	485
18	489
18	494
18	499
18	504
18	509
18	515
18	521
18	527
18	533
18	539
18	546
18	553
18	560
18	568
18	577
18	587
19	307
19	317
19	325
19	332
19	339
19	344
19	350
19	354
19	359
19	363
19	367
19	371
19	375
19	379
19	382
19	386
19	389
19	393
19	396
19	400
19	403
19	407
19	410
19	413
19	417
19	420
19	423
19	426
19	429
19	432
19	435
19	438
19	441
19	444
19	447
19	450
19	454
19	457
19	460
19	464
19	467
19	471
19	475
19	478
19	483
19	486
19	491
19	495
19	500
19	505
19	510
19	515
19	521
19	527
19	533
19	539
19	544
19	550
19	556
19	562
19	568
19	575
19	582
19	590
19	599
19	609
20	307
20	316
20	323
20	330
20	335
20	341
20	345
20	350
20	353
20	357
20	361
20	364
20	368
20	371
20	374
20	378
20	381
20	384
20	387
20	391
20	393
20	397
20	400
20	403
20	406
20	409
20	412
20	415
20	418
20	422
20	425
20	428
20	432
20	435
20	439
20	442
20	446
20	450
20	454
20	458
20	462
20	466
20	470
20	475
20	479
20	484
20	489
20	494
20	499
20	505
20	511
20	517
20	523
20	529
20	535
20	541
20	547
20	553
20	559
20	565
20	571
20	578
20	585
20	593
20	602
20	612
21	300
21	309
21	316
21	322
21	327
21	332
21	336
21	341
21	344
21	349
21	352
21	356
21	359
21	363
21	366
21	370
21	373
21	377
21	380
21	384
21	387
21	391
21	394
21	398
21	401
21	405
21	408
21	412
21	416
21	420
21	424
21	428
21	432
21	437
21	441
21	446
21	451
21	456
21	461
21	466
21	472
21	478
21	484
21	490
21	497
21	504
21	512
21	520
21	528
21	536
21	544
21	552
21	560
21	568
21	576
21	585
21	595
21	606
22	299
22	308
22	315
22	321
22	326
22	331
22	336
22	341
22	346
22	350
22	355
22	359
22	364
22	368
22	372
22	376
22	381
22	385
22	389
22	394
22	398
22	403
22	408
22	413
22	418
22	423
22	428
22	434
22	440
22	446
22	452
22	459
22	466
22	473
22	481
22	489
22	497
22	506
22	515
22	525
22	535
22	546
22	557
22	568
22	580
22	595
23	300
23	310
23	318
23	325
23	331
23	337
23	343
23	348
23	354
23	359
23	364
23	369
23	374
23	380
23	385
23	391
23	397
23	403
23	409
23	415
23	422
23	429
23	436
23	443
23	451
23	459
23	467
23	475
23	483
23	492
23	501
23	510
23	520
23	530
23	541
23	553
23	568
24	300
24	310
24	318
24	325
24	332
24	339
24	345
24	351
24	357
24	363
24	369
24	375
24	381
24	387
24	393
24	399
24	405
24	411
24	417
24	424
24	430
24	437
24	443
24	450
24	456
24	463
24	469
24	476
24	483
24	490
24	497
24	504
24	511
24	518
24	525
24	533
24	541
24	549
24	558
24	567
24	577
24	587
24	598
25	298
25	307
25	315
25	322
25	329
25	335
25	341
25	347
25	353
25	359
25	364
25	370
25	375
25	381
25	386
25	392
25	397
25	402
25	407
25	412
25	417
25	422
25	427
25	432
25	437
25	441
25	446
25	450
25	455
25	459
25	464
25	468
25	473
25	477
25	482
25	486
25	491
25	495
25	500
25	505
25	509
25	514
25	519
25	524
25	529
25	535
25	540
25	546
25	552
25	559
25	566
25	573
25	581
25	589
25	598
25	608
26	298
26	307
26	314
26	320
26	326
26	332
26	337
26	342
26	347
26	352
26	357
26	362
26	366
26	371
26	375
26	380
26	384
26	389
26	393
26	397
26	401
26	405
26	409
26	413
26	416
26	420
26	423
26	427
26	430
26	434
26	437
26	441
26	444
26	447
26	451
26	453
26	457
26	460
26	463
26	466
26	470
26	473
26	476
26	480
26	483
26	487
26	490
26	494
26	497
26	501
26	505
26	509
26	513
26	517
26	521
26	525
26	529
26	534
26	538
26	543
26	548
26	554
26	560
26	566
26	573
26	580
26	588
26	597
26	607
27	297
27	305
27	312
27	319
27	324
27	330
27	335
27	340
27	344
27	349
27	353
27	357
27	361
27	364
27	368
27	371
27	375
27	378
27	382
27	384
27	388
27	391
27	393
27	397
27	399
27	402
27	405
27	408
27	411
27	413
27	416
27	419
27	421
27	424
27	426
27	429
27	431
27	434
27	436
27	439
27	442
27	444
27	447
27	450
27	452
27	455
27	458
27	460
27	464
27	466
27	469
27	473
27	475
27	479
27	482
27	486
27	489
27	493
27	496
27	500
27	504
27	508
27	512
27	516
27	521
27	526
27	531
27	536
27	542
27	548
27	554
27	561
27	568
27	576
27	585
27	595
27	606
28	299
28	309
28	317
28	324
28	331
28	338
28	343
28	349
28	353
28	357
28	361
28	364
28	368
28	371
28	373
28	377
28	379
28	382
28	385
28	387
28	390
28	392
28	395
28	397
28	400
28	402
28	404
28	407
28	409
28	412
28	414
28	416
28	419
28	421
28	424
28	426
28	429
28	431
28	434
28	436
28	439
28	441
28	444
28	447
28	449
28	452
28	455
28	458
28	461
28	464
28	467
28	471
28	474
28	478
28	482
28	486
28	490
28	495
28	499
28	504
28	509
28	515
28	521
28	527
28	534
28	542
28	550
28	559
28	569
28	580
28	592
29	302
29	312
29	321
29	329
29	336
29	342
29	348
29	352
29	357
29	361
29	364
29	368
29	371
29	374
29	377
29	380
29	382
29	385
29	388
29	390
29	393
29	395
29	398
29	400
29	403
29	406
29	408
29	411
29	414
29	416
29	419
29	422
29	425
29	428
29	431
29	435
29	438
29	442
29	446
29	449
29	454
29	458
29	463
29	467
29	472
29	477
29	483
29	489
29	496
29	504
29	513
29	523
29	535
30	300
30	310
30	317
30	324
30	330
30	336
30	342
30	347
30	352
30	356
30	361
30	364
30	368
30	372
30	375
30	379
30	382
30	385
30	389
30	391
30	395
30	398
30	401
30	405
30	408
30	411
30	415
30	418
30	422
30	426
30	430
30	435
30	439
30	445
30	450
30	456
30	463
30	470
30	478
30	487
30	498
31	299
31	308
31	315
31	322
31	328
31	334
31	340
31	345
31	351
31	355
31	360
31	364
31	368
31	372
31	376
31	380
31	383
31	387
31	391
31	395
31	399
31	403
31	407
31	412
31	416
31	421
31	426
31	432
31	438
31	445
31	452
31	460
31	469
31	480
32	303
32	313
32	321
32	329
32	337
32	344
32	351
32	358
32	364
32	370
32	376
32	382
32	388
32	394
32	400
32	406
32	413
32	420
32	427
32	435
32	444
32	454
33	308
33	318
33	327
33	335
33	343
33	350
33	357
33	363
33	369
33	375
33	381
33	387
33	393
33	399
33	406
33	413
33	420
33	428
33	437
33	447
34	301
34	311
34	320
34	328
34	336
34	343
34	350
34	357
34	364
34	370
34	376
34	382
34	388
34	394
34	400
34	406
34	413
34	420
34	428
34	437
34	448
35	299
35	309
35	318
35	326
35	334
35	342
35	350
35	358
35	365
35	372
35	379
35	386
35	393
35	400
35	408
35	416
35	425
35	435
36	302
36	312
36	321
36	330
36	339
36	348
36	356
36	364
36	372
36	380
36	388
36	396
36	405
36	415
36	426
37	311
37	322
37	332
37	342
37	351
37	360
37	369
37	378
37	387
37	397
37	407
37	418
38	309
38	319
38	328
38	337
38	346
38	354
38	362
38	370
38	378
38	386
38	395
38	404
38	413
38	423
38	435
39	302
39	312
39	321
39	330
39	339
39	348
39	356
39	364
39	372
39	380
39	388
39	396
39	404
39	413
39	423
39	434
40	312
40	323
40	334
40	345
40	355
40	365
40	375
40	384
40	393
40	402
40	412
40	424
41	361
41	374
57	370
57	381
57	392
57	403
58	379
58	390
58	401
58	412
58	424
62	336
62	348
62	359
62	370
62	380
62	390
62	400
62	410
62	420
62	430
62	441
62	454
63	318
63	329
63	339
63	349
63	358
63	367
63	376
63	384
63	392
63	400
63	407
63	414
63	421
63	428
63	435
63	442
63	450
63	458
63	466
63	475
63	485
63	497
64	302
64	312
64	321
64	329
64	337
64	345
64	352
64	359
64	367
64	375
64	383
64	391
64	399
64	407
64	414
64	421
64	428
64	434
64	440
64	446
64	452
64	458
64	465
64	472
64	479
64	486
64	494
64	502
64	511
64	522
65	302
65	312
65	321
65	330
65	339
65	347
65	354
65	361
65	368
65	375
65	382
65	389
65	396
65	404
65	412
65	420
65	428
65	436
65	443
65	450
65	457
65	464
65	471
65	478
65	484
65	491
65	498
65	505
65	512
65	520
65	529
65	539
66	338
66	348
66	356
66	363
66	369
66	375
66	381
66	387
66	393
66	399
66	405
66	411
66	417
66	423
66	430
66	437
66	444
66	451
66	459
66	467
66	475
66	483
66	491
66	499
66	508
66	517
66	527
66	539
67	347
67	355
67	362
67	367
67	372
67	376
67	381
67	384
67	389
67	392
67	396
67	400
67	403
67	407
67	411
67	414
67	418
67	422
67	426
67	430
67	434
67	438
67	443
67	447
67	452
67	457
67	462
67	467
67	473
67	479
67	485
67	492
67	499
67	507
67	516
67	526
68	347
68	355
68	362
68	366
68	371
68	373
68	378
68	381
68	383
68	387
68	389
68	392
68	394
68	397
68	400
68	402
68	404
68	407
68	409
68	412
68	414
68	416
68	419
68	421
68	424
68	426
68	428
68	431
68	433
68	436
68	438
68	441
68	444
68	446
68	449
68	452
68	455
68	457
68	460
68	464
68	466
68	470
68	473
68	476
68	480
68	483
68	487
68	491
68	495
68	499
68	503
68	508
68	512
68	517
68	522
68	528
68	534
68	541
68	549
68	559
69	341
69	351
69	360
69	366
69	371
69	375
69	380
69	382
69	386
69	389
69	392
69	394
69	398
69	400
69	402
69	405
69	407
69	410
69	412
69	414
69	416
69	419
69	421
69	422
69	425
69	427
69	429
69	431
69	433
69	435
69	437
69	439
69	441
69	443
69	445
69	447
69	449
69	451
69	453
69	455
69	457
69	459
69	461
69	464
69	465
69	468
69	470
69	472
69	474
69	477
69	479
69	481
69	484
69	486
69	488
69	491
69	493
69	496
69	498
69	501
69	504
69	506
69	509
69	512
69	515
69	518
69	521
69	524
69	527
69	531
69	535
69	538
69	543
69	547
69	553
69	558
69	565
69	573
69	583
70	338
70	349
70	359
70	369
70	378
70	386
70	394
70	401
70	407
70	413
70	418
70	422
70	427
70	431
70	434
70	438
70	441
70	444
70	448
70	451
70	453
70	457
70	459
70	462
70	464
70	467
70	470
70	472
70	474
70	477
70	479
70	482
70	484
70	486
70	489
70	491
70	493
70	496
70	498
70	500
70	503
70	505
70	507
70	510
70	512
70	515
70	517
70	520
70	522
70	525
70	528
70	530
70	534
70	536
70	540
70	543
70	547
70	551
70	555
70	560
70	565
70	571
70	578
70	586
70	596
71	336
71	346
71	355
71	364
71	373
71	382
71	392
71	402
71	412
71	423
71	433
71	443
71	452
71	460
71	467
71	474
71	480
71	486
71	492
71	497
71	502
71	507
71	512
71	517
71	523
71	528
71	534
71	540
71	547
71	555
71	565
72	337
72	346
72	354
72	361
72	368
72	375
72	382
72	389
72	396
72	403
72	410
72	417
72	425
72	433
72	442
72	451
72	461
72	471
72	482
72	493
72	506
73	337
73	346
73	353
73	359
73	364
73	369
73	373
73	378
73	382
73	386
73	390
73	394
73	398
73	402
73	406
73	410
73	414
73	418
73	422
73	426
73	430
73	435
73	439
73	444
73	449
73	454
73	459
73	465
73	470
73	476
73	482
73	488
73	495
73	502
73	509
73	516
73	524
73	533
73	543
74	337
74	346
74	352
74	358
74	362
74	367
74	371
74	374
74	378
74	381
74	385
74	388
74	391
74	394
74	397
74	400
74	403
74	406
74	409
74	412
74	415
74	418
74	421
74	424
74	427
74	430
74	433
74	436
74	439
74	442
74	445
74	448
74	451
74	454
74	457
74	460
74	463
74	466
74	469
74	473
74	476
74	479
74	483
74	486
74	490
74	493
74	497
74	501
74	505
74	509
74	513
74	517
74	521
74	525
74	529
74	534
74	539
74	545
74	551
74	558
74	566
74	576
75	337
75	347
75	355
75	362
75	369
75	375
75	381
75	386
75	391
75	396
75	401
75	405
75	410
75	414
75	418
75	422
75	426
75	430
75	434
75	438
75	441
75	445
75	448
75	452
75	455
75	459
75	462
75	466
75	469
75	473
75	476
75	480
75	483
75	487
75	490
75	494
75	497
75	501
75	504
75	508
75	511
75	515
75	518
75	522
75	525
75	529
75	533
75	537
75	541
75	546
75	551
75	556
75	562
75	569
75	577
75	587
76	452
76	463
76	473
76	483
76	492
76	501
76	510
76	518
76	526
76	535
76	544
76	554
-1	-1
