-1	-1
6	236
6	248
6	259
6	270
6	281
6	292
6	303
6	314
6	325
6	337
6	350
7	217
7	229
7	240
7	250
7	260
7	269
7	278
7	287
7	296
7	305
7	314
7	323
7	333
7	343
7	353
7	363
7	373
7	384
7	395
7	407
7	419
8	191
8	202
8	212
8	221
8	230
8	238
8	246
8	253
8	260
8	267
8	274
8	281
8	288
8	294
8	301
8	307
8	314
8	321
8	328
8	335
8	342
8	349
8	356
8	363
8	370
8	377
8	385
8	393
8	401
8	409
8	417
8	426
8	435
8	444
8	454
8	465
9	177
9	187
9	196
9	204
9	212
9	219
9	225
9	231
9	237
9	243
9	249
9	254
9	260
9	265
9	270
9	275
9	280
9	285
9	290
9	295
9	300
9	305
9	310
9	315
9	320
9	325
9	330
9	335
9	340
9	345
9	350
9	355
9	360
9	365
9	370
9	375
9	381
9	386
9	392
9	398
9	404
9	410
9	417
9	424
9	431
9	438
9	446
9	455
9	465
9	477
10	172
10	183
10	192
10	200
10	208
10	215
10	222
10	229
10	235
10	241
10	247
10	253
10	258
10	263
10	268
10	273
10	278
10	283
10	288
10	293
10	298
10	303
10	308
10	313
10	318
10	323
10	328
10	333
10	338
10	343
10	348
10	354
10	359
10	365
10	370
10	376
10	382
10	388
10	394
10	400
10	407
10	414
10	421
10	428
10	435
10	443
10	452
10	461
10	472
11	169
11	180
11	189
11	198
11	206
11	213
11	220
11	226
11	232
11	238
11	244
11	250
11	255
11	261
11	266
11	271
11	276
11	281
11	286
11	291
11	296
11	301
11	306
11	312
11	317
11	323
11	328
11	334
11	339
11	345
11	351
11	357
11	363
11	369
11	375
11	381
11	387
11	394
11	401
11	408
11	415
11	422
11	430
11	438
11	447
11	457
12	172
12	183
12	193
12	202
12	210
12	218
12	225
12	232
12	238
12	244
12	250
12	256
12	262
12	268
12	274
12	280
12	286
12	292
12	298
12	304
12	310
12	316
12	322
12	328
12	335
12	342
12	349
12	356
12	363
12	370
12	377
12	384
12	391
12	399
12	407
12	415
12	423
12	431
12	440
12	449
12	459
13	178
13	189
13	198
13	206
13	214
13	221
13	228
13	235
13	242
13	249
13	255
13	261
13	267
13	273
13	279
13	285
13	291
13	297
13	303
13	309
13	315
13	321
13	327
13	333
13	339
13	345
13	351
13	357
13	363
13	370
13	377
13	384
13	391
13	398
13	405
13	412
13	419
13	426
13	434
13	442
13	450
13	459
13	469
14	171
14	181
14	190
14	198
14	205
14	212
14	219
14	225
14	231
14	237
14	243
14	249
14	254
14	260
14	265
14	270
14	275
14	280
14	285
14	290
14	295
14	300
14	305
14	310
14	315
14	320
14	325
14	330
14	335
14	340
14	345
14	350
14	355
14	360
14	365
14	370
14	375
14	380
14	385
14	390
14	396
14	401
14	407
14	412
14	418
14	424
14	430
14	436
14	442
14	449
14	456
14	464
14	473
14	483
15	167
15	176
15	183
15	190
15	196
15	202
15	207
15	212
15	217
15	222
15	226
15	231
15	235
15	239
15	243
15	247
15	251
15	255
15	259
15	263
15	267
15	271
15	274
15	278
15	282
15	285
15	289
15	293
15	296
15	300
15	303
15	307
15	310
15	314
15	317
15	321
15	324
15	328
15	331
15	335
15	338
15	342
15	345
15	349
15	352
15	355
15	359
15	362
15	366
15	369
15	373
15	376
15	380
15	383
15	387
15	390
15	394
15	398
15	401
15	405
15	409
15	413
15	417
15	421
15	425
15	429
15	434
15	438
15	443
15	448
15	453
15	458
15	464
15	470
15	477
15	485
15	494
15	505
16	159
16	169
16	176
16	182
16	187
16	192
16	196
16	201
16	204
16	209
16	212
16	216
16	219
16	222
16	225
16	228
16	231
16	234
16	237
16	240
16	243
16	245
16	249
16	251
16	254
16	257
16	259
16	262
16	265
16	267
16	270
16	273
16	276
16	278
16	281
16	284
16	287
16	289
16	293
16	295
16	298
16	301
16	304
16	307
16	310
16	313
16	316
16	319
16	322
16	325
16	328
16	331
16	334
16	337
16	340
16	343
16	346
16	349
16	352
16	355
16	358
16	361
16	364
16	367
16	370
16	373
16	376
16	379
16	383
16	386
16	389
16	393
16	396
16	400
16	403
16	407
16	410
16	414
16	418
16	422
16	426
16	430
16	434
16	438
16	443
16	447
16	452
16	457
16	463
16	468
16	475
16	482
16	490
16	499
16	509
17	157
17	165
17	172
17	177
17	182
17	186
17	191
17	194
17	198
17	202
17	205
17	209
17	212
17	215
17	218
17	221
17	224
17	227
17	230
17	233
17	235
17	238
17	241
17	243
17	246
17	249
17	251
17	254
17	257
17	259
17	263
17	265
17	268
17	271
17	274
17	277
17	280
17	284
17	286
17	290
17	293
17	297
17	300
17	304
17	307
17	311
17	314
17	318
17	321
17	325
17	329
17	333
17	337
17	341
17	345
17	349
17	353
17	357
17	361
17	365
17	369
17	373
17	377
17	381
17	385
17	389
17	394
17	398
17	402
17	407
17	411
17	416
17	420
17	425
17	429
17	434
17	439
17	444
17	449
17	455
17	461
17	467
17	474
17	482
17	490
17	499
17	510
17	522
17	535
18	156
18	164
18	171
18	176
18	181
18	185
18	190
18	193
18	197
18	201
18	204
18	208
18	211
18	215
18	218
18	222
18	225
18	229
18	232
18	236
18	239
18	243
18	246
18	250
18	253
18	257
18	260
18	264
18	267
18	271
18	274
18	278
18	281
18	285
18	289
18	292
18	296
18	300
18	304
18	308
18	312
18	316
18	320
18	324
18	328
18	332
18	336
18	340
18	344
18	348
18	352
18	356
18	360
18	364
18	368
18	372
18	376
18	380
18	385
18	389
18	394
18	398
18	403
18	408
18	413
18	418
18	423
18	428
18	433
18	438
18	444
18	450
18	456
18	462
18	469
18	476
18	484
18	493
18	503
18	515
18	527
18	539
19	154
19	163
19	171
19	178
19	184
19	190
19	194
19	199
19	203
19	207
19	211
19	215
19	219
19	223
19	227
19	231
19	235
19	239
19	243
19	247
19	251
19	255
19	259
19	263
19	267
19	271
19	275
19	279
19	283
19	287
19	291
19	295
19	299
19	303
19	307
19	311
19	315
19	319
19	323
19	327
19	332
19	336
19	340
19	344
19	348
19	352
19	356
19	360
19	364
19	368
19	372
19	376
19	380
19	385
19	389
19	394
19	398
19	403
19	407
19	412
19	417
19	422
19	427
19	432
19	438
19	444
19	450
19	456
19	463
19	470
19	478
19	487
19	497
20	159
20	169
20	177
20	184
20	190
20	196
20	202
20	207
20	212
20	217
20	222
20	227
20	232
20	236
20	241
20	245
20	250
20	255
20	260
20	265
20	270
20	275
20	280
20	285
20	290
20	295
20	300
20	306
20	311
20	316
20	321
20	326
20	331
20	336
20	341
20	346
20	351
20	355
20	360
20	364
20	369
20	373
20	377
20	382
20	386
20	390
20	395
20	399
20	404
20	408
20	413
20	417
20	422
20	426
20	431
20	436
20	441
20	446
20	451
20	457
20	462
20	468
20	474
20	481
20	488
20	496
20	505
20	516
21	168
21	178
21	186
21	193
21	200
21	206
21	212
21	218
21	223
21	228
21	233
21	238
21	242
21	247
21	251
21	256
21	260
21	265
21	269
21	274
21	278
21	282
21	286
21	290
21	294
21	298
21	302
21	306
21	310
21	314
21	318
21	322
21	326
21	330
21	334
21	338
21	341
21	345
21	349
21	352
21	356
21	359
21	363
21	366
21	369
21	373
21	375
21	379
21	382
21	385
21	388
21	391
21	394
21	397
21	400
21	403
21	406
21	409
21	412
21	415
21	418
21	421
21	425
21	427
21	431
21	434
21	437
21	441
21	444
21	448
21	451
21	455
21	459
21	463
21	467
21	471
21	476
21	480
21	486
21	491
21	497
21	504
21	512
21	521
21	531
22	170
22	179
22	187
22	194
22	200
22	205
22	211
22	215
22	220
22	224
22	228
22	232
22	236
22	240
22	243
22	247
22	250
22	253
22	256
22	259
22	262
22	265
22	268
22	271
22	273
22	276
22	279
22	281
22	284
22	287
22	289
22	292
22	294
22	297
22	299
22	302
22	304
22	307
22	309
22	312
22	314
22	317
22	319
22	322
22	324
22	327
22	329
22	332
22	334
22	337
22	339
22	342
22	345
22	347
22	350
22	353
22	355
22	358
22	361
22	363
22	366
22	369
22	371
22	374
22	377
22	379
22	382
22	385
22	388
22	390
22	394
22	396
22	399
22	402
22	405
22	408
22	411
22	414
22	417
22	420
22	423
22	426
22	429
22	432
22	435
22	438
22	441
22	444
22	447
22	450
22	454
22	457
22	460
22	464
22	467
22	471
22	475
22	479
22	484
22	488
22	494
22	499
22	505
22	512
22	520
22	529
22	540
23	168
23	177
23	184
23	190
23	195
23	200
23	204
23	209
23	213
23	217
23	221
23	224
23	228
23	231
23	234
23	238
23	241
23	244
23	247
23	250
23	253
23	256
23	259
23	261
23	264
23	267
23	269
23	272
23	273
23	276
23	279
23	281
23	282
23	285
23	287
23	289
23	291
23	293
23	295
23	297
23	299
23	301
23	302
23	305
23	306
23	308
23	310
23	312
23	313
23	315
23	317
23	319
23	321
23	322
23	324
23	326
23	328
23	329
23	331
23	333
23	335
23	337
23	338
23	340
23	342
23	344
23	346
23	347
23	349
23	351
23	353
23	355
23	357
23	358
23	361
23	363
23	364
23	367
23	368
23	371
23	373
23	375
23	377
23	379
23	381
23	384
23	385
23	388
23	390
23	392
23	394
23	397
23	399
23	401
23	404
23	406
23	408
23	411
23	413
23	415
23	418
23	420
23	422
23	425
23	427
23	430
23	432
23	435
23	437
23	440
23	443
23	445
23	448
23	451
23	454
23	457
23	460
23	464
23	467
23	471
23	475
23	479
23	484
23	489
23	495
23	501
23	508
23	516
23	525
23	536
24	167
24	176
24	183
24	189
24	193
24	198
24	202
24	206
24	210
24	213
24	217
24	220
24	223
24	226
24	230
24	232
24	236
24	238
24	242
24	244
24	248
24	250
24	253
24	256
24	259
24	262
24	265
24	268
24	271
24	274
24	277
24	280
24	282
24	285
24	288
24	290
24	293
24	295
24	298
24	300
24	303
24	305
24	307
24	310
24	312
24	314
24	317
24	319
24	321
24	323
24	326
24	327
24	330
24	332
24	334
24	336
24	338
24	341
24	342
24	345
24	347
24	349
24	351
24	353
24	356
24	357
24	360
24	362
24	364
24	366
24	369
24	371
24	373
24	376
24	378
24	380
24	383
24	385
24	388
24	390
24	393
24	395
24	398
24	400
24	403
24	406
24	408
24	411
24	414
24	417
24	419
24	423
24	426
24	429
24	433
24	436
24	440
24	444
24	448
24	452
24	457
24	461
24	467
24	472
24	478
24	485
24	493
24	502
24	513
25	166
25	174
25	181
25	186
25	191
25	194
25	199
25	202
25	205
25	209
25	212
25	214
25	218
25	220
25	223
25	226
25	228
25	231
25	234
25	236
25	239
25	242
25	244
25	247
25	249
25	252
25	254
25	257
25	259
25	262
25	264
25	267
25	269
25	272
25	274
25	277
25	279
25	282
25	284
25	287
25	289
25	292
25	295
25	297
25	300
25	303
25	305
25	308
25	311
25	314
25	317
25	320
25	323
25	326
25	329
25	332
25	335
25	338
25	342
25	345
25	348
25	352
25	355
25	359
25	363
25	367
25	371
25	375
25	379
25	383
25	387
25	392
25	396
25	401
25	406
25	411
25	417
25	422
25	428
25	434
25	441
25	448
25	456
25	465
25	476
26	167
26	176
26	183
26	190
26	195
26	200
26	205
26	210
26	214
26	219
26	223
26	227
26	231
26	235
26	239
26	243
26	247
26	251
26	255
26	259
26	263
26	267
26	271
26	275
26	279
26	283
26	287
26	291
26	295
26	299
26	303
26	307
26	311
26	315
26	319
26	323
26	327
26	331
26	335
26	339
26	343
26	347
26	351
26	355
26	359
26	363
26	367
26	372
26	376
26	381
26	385
26	390
26	395
26	400
26	406
26	412
26	418
26	425
26	432
26	440
26	449
26	460
27	170
27	180
27	189
27	196
27	202
27	208
27	213
27	219
27	223
27	228
27	233
27	237
27	242
27	246
27	251
27	255
27	260
27	264
27	269
27	273
27	278
27	282
27	287
27	292
27	297
27	302
27	307
27	313
27	318
27	324
27	330
27	336
27	342
27	349
27	356
27	363
27	371
27	379
27	388
27	397
27	407
27	418
28	168
28	179
28	188
28	197
28	205
28	213
28	220
28	227
28	233
28	239
28	245
28	251
28	257
28	263
28	269
28	275
28	281
28	288
28	294
28	301
28	308
28	315
28	322
28	330
28	338
28	346
28	355
28	364
28	374
28	384
28	395
29	161
29	172
29	182
29	191
29	200
29	208
29	216
29	224
29	232
29	240
29	248
29	256
29	264
29	272
29	281
29	290
29	299
29	308
29	318
29	328
29	339
29	351
30	159
30	170
30	179
30	188
30	196
30	204
30	211
30	218
30	225
30	232
30	239
30	246
30	253
30	260
30	267
30	274
30	281
30	288
30	295
30	302
30	309
30	316
30	324
30	332
30	340
30	348
30	356
30	365
30	374
30	383
30	393
30	404
31	159
31	170
31	180
31	189
31	198
31	207
31	216
31	225
31	234
31	243
31	253
31	263
31	273
31	283
31	293
31	303
31	313
31	322
31	331
31	340
31	349
31	358
31	367
31	377
31	387
31	399
32	168
32	179
32	189
32	199
32	208
32	217
32	226
32	234
32	242
32	250
32	258
32	266
32	275
32	284
32	293
32	303
32	314
32	325
33	179
33	190
33	201
33	211
33	221
33	231
33	240
33	249
33	258
33	267
33	276
33	285
33	295
33	305
33	315
33	325
33	336
33	348
34	169
34	181
34	192
34	203
34	214
34	225
34	236
34	248
35	189
35	200
35	210
35	220
35	230
35	240
35	250
35	260
35	270
35	280
35	290
35	301
35	313
36	196
36	208
36	219
36	230
36	241
36	252
36	263
36	274
36	285
36	296
36	307
36	318
36	329
36	340
36	351
36	362
36	374
38	192
38	204
38	216
38	228
63	191
63	202
63	212
63	222
63	232
63	242
63	252
63	262
63	272
63	282
63	293
63	304
63	315
63	327
64	180
64	190
64	199
64	207
64	214
64	221
64	228
64	235
64	242
64	248
64	255
64	261
64	268
64	274
64	281
64	288
64	295
64	302
64	309
64	316
64	323
64	331
64	339
64	347
64	355
64	363
64	372
64	381
64	390
64	400
64	410
64	421
64	433
65	179
65	188
65	195
65	201
65	206
65	211
65	216
65	221
65	225
65	230
65	234
65	238
65	242
65	246
65	250
65	254
65	258
65	262
65	265
65	269
65	273
65	276
65	280
65	284
65	288
65	292
65	296
65	300
65	304
65	308
65	312
65	316
65	320
65	324
65	328
65	333
65	337
65	342
65	346
65	351
65	355
65	360
65	365
65	370
65	375
65	380
65	385
65	390
65	396
65	401
65	407
65	413
65	419
65	425
65	431
65	438
65	445
65	452
65	459
65	467
65	475
65	484
65	494
65	506
66	180
66	189
66	194
66	200
66	203
66	208
66	211
66	214
66	218
66	221
66	223
66	226
66	229
66	231
66	234
66	236
66	239
66	241
66	243
66	246
66	248
66	250
66	252
66	255
66	257
66	259
66	261
66	263
66	266
66	267
66	270
66	272
66	274
66	276
66	278
66	280
66	282
66	284
66	286
66	288
66	290
66	292
66	294
66	296
66	298
66	300
66	303
66	304
66	307
66	309
66	311
66	313
66	316
66	317
66	320
66	322
66	324
66	327
66	329
66	331
66	334
66	336
66	338
66	341
66	343
66	345
66	348
66	350
66	353
66	355
66	358
66	360
66	363
66	365
66	368
66	370
66	373
66	376
66	378
66	381
66	384
66	386
66	389
66	392
66	395
66	397
66	400
66	403
66	406
66	409
66	412
66	415
66	418
66	421
66	425
66	428
66	431
66	435
66	438
66	442
66	445
66	449
66	453
66	457
66	461
66	465
66	469
66	474
66	478
66	483
66	488
66	494
66	500
66	507
66	515
66	525
67	181
67	190
67	194
67	200
67	202
67	206
67	210
67	212
67	214
67	217
67	220
67	222
67	223
67	226
67	228
67	230
67	232
67	233
67	236
67	237
67	239
67	241
67	242
67	244
67	246
67	248
67	249
67	251
67	252
67	254
67	256
67	257
67	259
67	260
67	262
67	263
67	265
67	266
67	268
67	269
67	271
67	272
67	274
67	275
67	277
67	278
67	280
67	281
67	283
67	284
67	286
67	287
67	289
67	290
67	292
67	293
67	294
67	296
67	298
67	299
67	300
67	302
67	303
67	305
67	306
67	308
67	309
67	311
67	312
67	314
67	315
67	317
67	318
67	320
67	321
67	323
67	324
67	326
67	327
67	329
67	330
67	332
67	333
67	335
67	336
67	338
67	339
67	341
67	342
67	344
67	345
67	347
67	348
67	350
67	351
67	353
67	355
67	356
67	358
67	359
67	361
67	363
67	364
67	366
67	367
67	369
67	371
67	372
67	374
67	376
67	377
67	379
67	381
67	382
67	384
67	386
67	387
67	389
67	391
67	393
67	394
67	396
67	398
67	400
67	401
67	404
67	405
67	407
67	409
67	411
67	413
67	415
67	417
67	419
67	421
67	423
67	425
67	427
67	429
67	431
67	434
67	436
67	438
67	440
67	443
67	445
67	448
67	450
67	453
67	456
67	458
67	462
67	465
67	468
67	472
67	475
67	479
67	483
67	487
67	492
67	497
67	503
67	510
67	518
67	528
68	188
68	197
68	203
68	208
68	212
68	216
68	220
68	223
68	226
68	230
68	232
68	235
68	238
68	241
68	243
68	246
68	249
68	251
68	254
68	256
68	259
68	261
68	264
68	266
68	269
68	271
68	273
68	276
68	278
68	280
68	283
68	285
68	287
68	289
68	292
68	293
68	296
68	298
68	300
68	302
68	304
68	306
68	308
68	310
68	312
68	314
68	316
68	318
68	320
68	322
68	324
68	326
68	328
68	330
68	332
68	334
68	336
68	338
68	340
68	342
68	344
68	346
68	348
68	350
68	352
68	354
68	356
68	358
68	360
68	362
68	364
68	366
68	368
68	370
68	372
68	374
68	376
68	378
68	380
68	382
68	384
68	386
68	388
68	390
68	393
68	394
68	397
68	399
68	401
68	404
68	406
68	408
68	411
68	413
68	416
68	418
68	421
68	424
68	426
68	429
68	432
68	435
68	438
68	442
68	445
68	449
68	453
68	457
68	462
68	467
68	473
68	479
68	486
68	495
71	189
71	200
71	211
71	221
71	231
71	241
71	251
71	261
71	271
71	282
71	293
71	304
71	315
71	326
71	337
71	349
71	361
71	373
71	385
71	397
71	409
71	421
71	432
71	443
71	453
71	462
71	471
71	480
71	490
71	501
72	179
72	188
72	195
72	202
72	208
72	214
72	220
72	225
72	231
72	236
72	241
72	246
72	251
72	256
72	261
72	266
72	271
72	276
72	281
72	286
72	291
72	296
72	301
72	306
72	311
72	316
72	321
72	326
72	331
72	336
72	341
72	347
72	352
72	358
72	363
72	369
72	374
72	380
72	385
72	391
72	396
72	402
72	408
72	414
72	420
72	425
72	431
72	436
72	442
72	447
72	452
72	457
72	462
72	467
72	471
72	476
72	480
72	485
72	490
72	495
72	500
72	506
72	513
72	520
72	529
73	178
73	186
73	192
73	198
73	203
73	207
73	212
73	215
73	220
73	223
73	227
73	231
73	234
73	238
73	241
73	244
73	248
73	251
73	254
73	257
73	261
73	263
73	267
73	270
73	273
73	276
73	279
73	282
73	285
73	288
73	291
73	294
73	297
73	300
73	303
73	306
73	309
73	312
73	315
73	318
73	321
73	324
73	327
73	330
73	333
73	336
73	339
73	342
73	345
73	348
73	351
73	354
73	357
73	360
73	363
73	366
73	369
73	372
73	375
73	378
73	381
73	384
73	387
73	390
73	393
73	396
73	399
73	402
73	405
73	408
73	411
73	414
73	417
73	420
73	424
73	426
73	430
73	433
73	436
73	439
73	442
73	445
73	448
73	451
73	454
73	457
73	460
73	463
73	466
73	469
73	472
73	475
73	478
73	481
73	484
73	487
73	490
73	494
73	497
73	501
73	505
73	509
73	514
73	519
73	525
73	531
73	538
73	547
74	181
74	190
74	197
74	203
74	209
74	214
74	219
74	224
74	228
74	233
74	237
74	241
74	245
74	249
74	253
74	257
74	261
74	265
74	269
74	272
74	276
74	280
74	283
74	287
74	290
74	294
74	297
74	301
74	304
74	308
74	311
74	315
74	318
74	322
74	325
74	329
74	332
74	336
74	339
74	343
74	346
74	349
74	353
74	356
74	359
74	363
74	366
74	369
74	373
74	376
74	379
74	383
74	386
74	390
74	393
74	397
74	400
74	404
74	407
74	411
74	414
74	418
74	421
74	425
74	428
74	432
74	435
74	439
74	443
74	446
74	450
74	454
74	458
74	462
74	466
74	470
74	474
74	478
74	483
74	487
74	492
74	497
74	503
74	509
74	516
74	524
74	534
-1	-1
