-1	-1
0	108
0	118
0	127
0	136
0	145
0	154
0	163
0	173
0	184
0	197
1	116
1	127
1	137
1	147
1	157
1	168
1	181
2	129
2	141
2	152
2	164
2	176
3	119
3	131
3	142
3	153
3	165
3	178
4	117
4	129
4	141
4	154
5	119
5	131
5	143
5	155
5	167
5	179
5	191
5	204
6	136
6	147
6	158
6	168
6	178
6	188
6	198
6	208
6	218
6	228
6	238
6	248
6	258
6	269
7	133
7	144
7	153
7	162
7	170
7	178
7	186
7	193
7	200
7	207
7	214
7	221
7	228
7	235
7	243
7	251
7	259
7	267
7	276
7	285
7	295
7	306
7	319
8	111
8	122
8	132
8	140
8	148
8	155
8	161
8	167
8	173
8	179
8	184
8	189
8	194
8	199
8	204
8	209
8	214
8	219
8	224
8	229
8	234
8	239
8	245
8	250
8	256
8	262
8	268
8	274
8	281
8	288
8	296
8	304
8	313
8	323
8	334
9	92
9	102
9	111
9	119
9	126
9	133
9	139
9	144
9	150
9	154
9	159
9	163
9	168
9	172
9	176
9	180
9	184
9	188
9	192
9	195
9	199
9	203
9	206
9	210
9	214
9	217
9	221
9	225
9	229
9	233
9	237
9	241
9	245
9	249
9	254
9	258
9	263
9	268
9	274
9	280
9	286
9	293
9	301
9	309
9	318
9	328
9	339
10	98
10	108
10	117
10	125
10	132
10	139
10	144
10	150
10	154
10	159
10	163
10	167
10	171
10	175
10	179
10	182
10	186
10	189
10	193
10	196
10	200
10	203
10	206
10	210
10	213
10	216
10	220
10	222
10	226
10	229
10	232
10	236
10	239
10	243
10	246
10	250
10	254
10	258
10	262
10	267
10	271
10	276
10	282
10	288
10	295
10	302
10	310
10	318
10	327
10	337
10	349
11	87
11	96
11	104
11	111
11	118
11	125
11	131
11	137
11	143
11	149
11	154
11	159
11	164
11	169
11	173
11	178
11	182
11	186
11	190
11	194
11	198
11	202
11	206
11	210
11	214
11	218
11	222
11	226
11	230
11	233
11	237
11	241
11	244
11	248
11	252
11	255
11	259
11	263
11	267
11	271
11	276
11	280
11	286
11	291
11	297
11	304
11	311
11	319
11	328
11	338
12	88
12	98
12	106
12	114
12	122
12	130
12	138
12	145
12	152
12	158
12	164
12	170
12	176
12	182
12	187
12	193
12	198
12	203
12	208
12	213
12	218
12	223
12	228
12	233
12	238
12	243
12	248
12	252
12	257
12	261
12	266
12	270
12	275
12	280
12	285
12	291
12	297
12	304
12	311
12	319
12	328
12	338
13	88
13	98
13	107
13	116
13	125
13	134
13	143
13	151
13	159
13	167
13	175
13	183
13	191
13	199
13	206
13	213
13	220
13	227
13	234
13	241
13	247
13	253
13	259
13	265
13	271
13	277
13	283
13	290
13	297
13	305
13	314
13	324
13	335
14	102
14	114
14	126
14	140
14	152
14	163
14	174
14	185
14	196
14	207
14	218
14	229
14	239
14	249
14	258
14	267
14	276
14	286
14	297
14	310
15	231
15	245
15	258
16	146
16	158
16	169
16	180
16	191
16	202
16	213
16	223
16	233
16	243
16	253
16	263
16	273
16	285
17	140
17	151
17	162
17	172
17	182
17	192
17	202
17	211
17	220
17	229
17	238
17	247
17	256
17	265
17	275
17	286
17	298
17	309
17	320
17	331
17	343
18	129
18	140
18	150
18	159
18	168
18	176
18	184
18	192
18	199
18	206
18	213
18	220
18	227
18	234
18	241
18	248
18	255
18	262
18	269
18	277
18	286
18	295
18	304
18	313
18	322
18	331
18	341
18	353
19	110
19	121
19	131
19	140
19	149
19	157
19	164
19	171
19	177
19	183
19	188
19	194
19	199
19	204
19	209
19	214
19	219
19	224
19	229
19	234
19	239
19	244
19	249
19	254
19	259
19	264
19	269
19	274
19	280
19	286
19	292
19	299
19	306
19	313
19	320
19	328
19	336
19	345
19	355
20	98
20	108
20	117
20	125
20	132
20	139
20	145
20	151
20	156
20	161
20	166
20	171
20	175
20	180
20	183
20	188
20	191
20	195
20	199
20	203
20	207
20	211
20	214
20	218
20	222
20	225
20	229
20	232
20	236
20	239
20	243
20	246
20	250
20	253
20	257
20	260
20	264
20	268
20	272
20	276
20	280
20	285
20	289
20	294
20	299
20	304
20	309
20	314
20	319
20	325
20	331
20	337
20	344
20	351
20	359
20	368
20	379
21	91
21	101
21	109
21	116
21	123
21	129
21	134
21	140
21	144
21	149
21	153
21	158
21	162
21	166
21	170
21	174
21	178
21	181
21	185
21	188
21	192
21	195
21	199
21	202
21	206
21	209
21	213
21	216
21	220
21	223
21	227
21	230
21	234
21	237
21	241
21	244
21	248
21	251
21	255
21	258
21	262
21	266
21	270
21	274
21	278
21	283
21	287
21	292
21	297
21	301
21	306
21	311
21	315
21	320
21	325
21	330
21	335
21	340
21	346
21	352
21	358
21	365
21	373
21	382
21	392
22	92
22	101
22	109
22	116
22	122
22	128
22	133
22	138
22	142
22	146
22	150
22	154
22	158
22	162
22	166
22	170
22	174
22	178
22	182
22	186
22	190
22	194
22	198
22	202
22	206
22	210
22	214
22	218
22	223
22	227
22	232
22	236
22	241
22	245
22	250
22	255
22	259
22	264
22	269
22	274
22	279
22	285
22	290
22	295
22	300
22	305
22	310
22	315
22	320
22	325
22	330
22	335
22	340
22	345
22	350
22	356
22	362
22	368
22	375
22	382
22	390
22	399
23	91
23	100
23	107
23	113
23	119
23	124
23	129
23	134
23	138
23	143
23	147
23	151
23	155
23	159
23	163
23	167
23	171
23	176
23	180
23	185
23	189
23	194
23	198
23	203
23	208
23	213
23	218
23	223
23	228
23	233
23	238
23	243
23	248
23	254
23	259
23	265
23	271
23	277
23	283
23	289
23	295
23	302
23	309
23	315
23	321
23	327
23	333
23	339
23	345
23	352
23	359
23	366
23	374
23	382
23	391
23	401
24	89
24	98
24	105
24	111
24	117
24	122
24	128
24	133
24	138
24	143
24	148
24	153
24	158
24	163
24	168
24	173
24	178
24	183
24	188
24	193
24	198
24	203
24	208
24	213
24	218
24	223
24	228
24	233
24	238
24	243
24	248
24	253
24	258
24	263
24	268
24	274
24	280
24	286
24	292
24	298
24	305
24	312
24	319
24	326
24	333
24	341
24	349
24	357
24	366
24	375
24	385
24	397
25	90
25	100
25	108
25	114
25	120
25	126
25	131
25	136
25	141
25	146
25	151
25	156
25	161
25	166
25	171
25	176
25	181
25	186
25	191
25	196
25	201
25	205
25	210
25	214
25	219
25	223
25	227
25	231
25	235
25	239
25	243
25	247
25	251
25	254
25	258
25	262
25	266
25	269
25	274
25	277
25	282
25	286
25	290
25	295
25	299
25	304
25	309
25	314
25	319
25	325
25	331
25	337
25	344
25	351
25	358
25	366
25	375
25	385
26	89
26	99
26	107
26	113
26	119
26	124
26	129
26	133
26	138
26	142
26	147
26	151
26	156
26	160
26	164
26	169
26	172
26	177
26	180
26	184
26	188
26	191
26	195
26	198
26	201
26	204
26	208
26	210
26	213
26	216
26	219
26	222
26	224
26	228
26	230
26	233
26	235
26	238
26	241
26	243
26	245
26	248
26	250
26	253
26	255
26	257
26	260
26	262
26	265
26	267
26	269
26	272
26	275
26	277
26	280
26	283
26	285
26	288
26	291
26	294
26	297
26	300
26	304
26	307
26	311
26	315
26	319
26	323
26	327
26	332
26	336
26	341
26	346
26	351
26	357
26	363
26	370
26	377
26	385
26	394
26	405
27	88
27	97
27	104
27	111
27	116
27	121
27	125
27	130
27	134
27	138
27	142
27	146
27	150
27	153
27	157
27	161
27	164
27	168
27	171
27	174
27	177
27	180
27	183
27	186
27	189
27	191
27	194
27	197
27	199
27	202
27	204
27	207
27	209
27	212
27	214
27	216
27	219
27	221
27	223
27	225
27	228
27	230
27	232
27	234
27	236
27	239
27	240
27	242
27	245
27	246
27	248
27	251
27	252
27	254
27	256
27	258
27	260
27	262
27	264
27	266
27	268
27	270
27	272
27	274
27	276
27	278
27	280
27	283
27	285
27	287
27	290
27	293
27	295
27	298
27	301
27	304
27	307
27	310
27	314
27	317
27	321
27	325
27	329
27	333
27	338
27	342
27	347
27	352
27	358
27	364
27	370
27	377
27	385
27	394
27	405
28	89
28	98
28	105
28	111
28	116
28	121
28	125
28	130
28	134
28	138
28	142
28	146
28	150
28	153
28	156
28	160
28	162
28	165
28	168
28	171
28	173
28	176
28	179
28	181
28	184
28	186
28	189
28	191
28	193
28	196
28	198
28	201
28	202
28	205
28	207
28	209
28	212
28	213
28	216
28	218
28	220
28	222
28	224
28	227
28	228
28	231
28	233
28	235
28	237
28	239
28	241
28	243
28	245
28	247
28	249
28	251
28	253
28	255
28	257
28	259
28	261
28	264
28	265
28	268
28	270
28	272
28	275
28	277
28	279
28	282
28	285
28	287
28	290
28	294
28	296
28	300
28	304
28	307
28	311
28	315
28	319
28	324
28	329
28	335
28	341
28	347
28	354
28	361
28	369
28	378
28	388
29	93
29	103
29	111
29	118
29	124
29	130
29	135
29	141
29	145
29	150
29	154
29	158
29	162
29	164
29	168
29	171
29	174
29	177
29	180
29	183
29	185
29	189
29	191
29	193
29	197
29	199
29	201
29	204
29	207
29	209
29	212
29	214
29	217
29	219
29	222
29	224
29	227
29	229
29	232
29	234
29	237
29	239
29	242
29	244
29	247
29	249
29	252
29	254
29	257
29	259
29	262
29	265
29	267
29	270
29	274
29	276
29	280
29	283
29	287
29	290
29	295
29	298
29	304
29	308
29	314
29	320
29	327
29	335
29	344
29	354
29	365
30	99
30	109
30	117
30	124
30	131
30	136
30	141
30	146
30	150
30	154
30	159
30	162
30	166
30	170
30	173
30	177
30	180
30	183
30	187
30	190
30	193
30	196
30	199
30	202
30	205
30	208
30	211
30	214
30	217
30	220
30	224
30	227
30	230
30	234
30	237
30	241
30	244
30	248
30	251
30	255
30	259
30	263
30	267
30	271
30	276
30	281
30	286
30	292
30	298
30	305
30	313
30	323
31	97
31	107
31	115
31	122
31	129
31	134
31	140
31	143
31	148
31	151
31	155
31	158
31	162
31	165
31	169
31	172
31	176
31	179
31	182
31	186
31	189
31	193
31	196
31	200
31	203
31	207
31	210
31	214
31	218
31	222
31	226
31	230
31	234
31	238
31	243
31	247
31	252
31	257
31	262
31	268
31	274
31	281
31	288
31	296
31	306
32	88
32	97
32	104
32	111
32	117
32	123
32	129
32	134
32	139
32	143
32	148
32	152
32	156
32	160
32	164
32	168
32	172
32	176
32	180
32	184
32	188
32	192
32	196
32	200
32	205
32	209
32	214
32	218
32	223
32	228
32	233
32	238
32	244
32	250
32	256
32	263
32	270
32	278
32	287
32	298
33	87
33	96
33	103
33	110
33	116
33	122
33	128
33	134
33	140
33	146
33	152
33	158
33	164
33	170
33	176
33	182
33	188
33	194
33	200
33	206
33	213
33	220
33	227
33	234
33	241
33	249
33	257
33	266
33	276
34	84
34	93
34	101
34	108
34	115
34	122
34	129
34	136
34	143
34	150
34	156
34	163
34	170
34	177
34	184
34	191
34	198
34	206
34	214
34	222
34	231
34	240
34	250
34	263
35	91
35	101
35	110
35	119
35	128
35	137
35	145
35	153
35	160
35	167
35	174
35	181
35	189
35	197
35	205
35	214
35	223
35	233
35	244
36	87
36	96
36	104
36	112
36	120
36	128
36	136
36	144
36	152
36	160
36	168
36	176
36	185
36	194
36	203
36	212
36	222
36	233
36	244
37	87
37	97
37	105
37	113
37	121
37	129
37	137
37	146
37	155
37	165
37	175
37	185
37	195
37	206
37	217
37	229
37	243
38	92
38	103
38	113
38	123
38	133
38	143
38	153
38	163
38	174
38	186
38	198
39	122
39	134
39	147
42	150
42	162
52	111
52	125
57	150
57	162
57	174
58	158
58	170
58	184
61	142
61	154
61	165
61	176
61	188
62	128
62	138
62	147
62	155
62	163
62	171
62	179
62	187
62	196
62	205
62	215
62	225
62	236
63	112
63	123
63	132
63	140
63	147
63	153
63	159
63	164
63	170
63	175
63	180
63	185
63	190
63	196
63	202
63	208
63	214
63	221
63	228
63	236
63	244
63	252
63	261
63	271
63	283
64	122
64	132
64	140
64	145
64	151
64	154
64	159
64	162
64	166
64	170
64	173
64	177
64	180
64	183
64	187
64	190
64	194
64	197
64	201
64	204
64	208
64	212
64	216
64	220
64	225
64	229
64	234
64	239
64	245
64	251
64	257
64	264
64	271
64	278
64	286
64	295
64	306
65	119
65	129
65	137
65	143
65	148
65	152
65	155
65	159
65	162
65	164
65	168
65	170
65	172
65	175
65	178
65	180
65	182
65	185
65	187
65	189
65	192
65	194
65	196
65	199
65	201
65	203
65	206
65	208
65	210
65	213
65	216
65	218
65	221
65	224
65	227
65	229
65	233
65	236
65	239
65	243
65	246
65	250
65	254
65	258
65	263
65	268
65	273
65	279
65	285
65	292
65	300
65	309
66	118
66	129
66	138
66	145
66	151
66	156
66	161
66	164
66	169
66	172
66	174
66	178
66	181
66	183
66	186
66	189
66	191
66	193
66	196
66	198
66	200
66	202
66	205
66	206
66	209
66	211
66	213
66	215
66	218
66	219
66	222
66	224
66	226
66	229
66	231
66	234
66	236
66	239
66	241
66	245
66	247
66	250
66	254
66	256
66	260
66	264
66	267
66	271
66	275
66	279
66	284
66	289
66	295
66	301
66	308
66	316
66	326
67	170
67	180
67	188
67	193
67	198
67	202
67	205
67	209
67	212
67	215
67	218
67	221
67	223
67	226
67	229
67	231
67	234
67	237
67	239
67	242
67	245
67	247
67	250
67	253
67	256
67	259
67	262
67	266
67	268
67	273
67	276
67	280
67	284
67	288
67	293
67	298
67	304
67	310
67	317
67	325
67	335
68	199
68	209
68	215
68	221
68	224
68	229
68	232
68	236
68	239
68	242
68	245
68	248
68	251
68	254
68	257
68	260
68	263
68	266
68	269
68	272
68	276
68	279
68	283
68	286
68	290
68	294
68	298
68	303
68	308
68	314
68	320
68	327
68	336
69	217
69	226
69	233
69	239
69	243
69	248
69	252
69	255
69	259
69	262
69	266
69	269
69	273
69	276
69	280
69	284
69	287
69	292
69	296
69	300
69	305
69	310
69	316
69	323
69	331
69	340
70	141
70	151
70	160
70	169
70	177
70	185
70	194
70	203
70	213
70	223
70	233
70	242
70	250
70	256
70	262
70	268
70	273
70	279
70	284
70	290
70	296
70	303
70	310
70	318
70	328
71	133
71	142
71	149
71	154
71	160
71	164
71	169
71	173
71	178
71	182
71	187
71	191
71	196
71	200
71	205
71	210
71	215
71	220
71	226
71	232
71	239
71	246
71	254
71	262
71	270
71	278
71	286
71	294
71	302
71	311
71	322
72	130
72	139
72	144
72	150
72	153
72	158
72	161
72	164
72	168
72	171
72	173
72	177
72	179
72	182
72	185
72	187
72	190
72	193
72	195
72	198
72	201
72	203
72	206
72	209
72	211
72	215
72	217
72	220
72	224
72	226
72	230
72	233
72	237
72	240
72	245
72	248
72	253
72	258
72	263
72	268
72	274
72	279
72	285
72	290
72	296
72	302
72	309
72	316
72	325
72	335
73	129
73	138
73	144
73	150
73	154
73	159
73	162
73	166
73	170
73	172
73	176
73	179
73	182
73	184
73	188
73	190
73	193
73	195
73	198
73	201
73	203
73	205
73	208
73	210
73	213
73	215
73	218
73	220
73	223
73	225
73	228
73	230
73	233
73	236
73	238
73	241
73	244
73	247
73	250
73	254
73	257
73	260
73	264
73	268
73	272
73	276
73	280
73	285
73	289
73	294
73	298
73	303
73	308
73	314
73	320
73	327
73	335
73	345
74	138
74	149
74	159
74	169
74	178
74	186
74	193
74	200
74	205
74	211
74	215
74	220
74	224
74	228
74	232
74	236
74	240
74	244
74	248
74	252
74	256
74	260
74	264
74	268
74	272
74	277
74	281
74	286
74	290
74	295
74	299
74	304
74	309
74	315
74	321
74	328
74	336
74	345
75	233
75	244
75	253
75	262
75	270
75	278
75	286
75	294
75	302
75	311
75	321
-1	-1
