-1	-1
5	120
5	132
5	142
5	152
5	162
5	172
5	184
5	194
5	206
5	216
5	228
6	102
6	114
6	124
6	132
6	140
6	148
6	156
6	164
6	172
6	180
6	188
6	196
6	204
6	212
6	220
6	228
6	238
6	246
6	256
6	264
6	274
6	282
6	292
6	300
6	310
6	320
6	330
6	340
6	350
6	362
6	372
6	384
6	396
6	408
7	96
7	108
7	118
7	126
7	134
7	142
7	148
7	156
7	162
7	168
7	174
7	182
7	188
7	194
7	200
7	206
7	212
7	220
7	226
7	234
7	240
7	248
7	254
7	262
7	268
7	276
7	282
7	290
7	296
7	304
7	310
7	318
7	324
7	332
7	338
7	346
7	352
7	360
7	366
7	374
7	380
7	388
7	396
7	404
7	412
7	420
7	428
7	436
7	446
7	454
7	464
7	474
7	486
8	38
8	50
8	60
8	70
8	78
8	88
8	96
8	104
8	112
8	120
8	126
8	132
8	138
8	142
8	148
8	152
8	158
8	162
8	168
8	172
8	178
8	182
8	188
8	192
8	196
8	202
8	206
8	210
8	216
8	220
8	226
8	230
8	236
8	240
8	246
8	250
8	256
8	260
8	266
8	270
8	276
8	280
8	286
8	290
8	296
8	300
8	306
8	310
8	316
8	320
8	326
8	330
8	336
8	340
8	346
8	350
8	356
8	360
8	366
8	372
8	378
8	384
8	390
8	396
8	402
8	408
8	414
8	420
8	426
8	432
8	438
8	444
8	450
8	458
8	464
8	472
8	480
8	488
8	496
8	504
8	514
8	526
8	538
9	22
9	32
9	40
9	48
9	56
9	62
9	70
9	76
9	84
9	90
9	98
9	104
9	110
9	116
9	122
9	126
9	132
9	136
9	140
9	144
9	148
9	152
9	156
9	160
9	164
9	168
9	172
9	176
9	180
9	184
9	188
9	192
9	196
9	200
9	202
9	206
9	210
9	214
9	218
9	222
9	226
9	230
9	234
9	238
9	242
9	246
9	250
9	254
9	258
9	262
9	266
9	270
9	274
9	278
9	282
9	286
9	290
9	294
9	298
9	302
9	306
9	310
9	314
9	318
9	322
9	326
9	330
9	334
9	338
9	342
9	346
9	350
9	354
9	358
9	362
9	366
9	370
9	374
9	378
9	382
9	386
9	392
9	396
9	400
9	404
9	410
9	414
9	420
9	424
9	430
9	434
9	440
9	444
9	450
9	454
9	460
9	466
9	470
9	476
9	482
9	488
9	496
9	502
9	510
9	518
9	526
9	536
9	546
9	556
10	20
10	30
10	40
10	48
10	54
10	62
10	68
10	76
10	82
10	90
10	96
10	102
10	108
10	114
10	120
10	124
10	130
10	134
10	138
10	142
10	146
10	150
10	154
10	156
10	160
10	164
10	168
10	170
10	174
10	178
10	182
10	184
10	188
10	192
10	196
10	198
10	202
10	206
10	210
10	212
10	216
10	220
10	224
10	226
10	230
10	234
10	238
10	240
10	244
10	248
10	252
10	256
10	258
10	262
10	266
10	270
10	272
10	276
10	280
10	284
10	286
10	290
10	294
10	298
10	300
10	304
10	308
10	312
10	314
10	318
10	322
10	326
10	330
10	334
10	336
10	340
10	344
10	348
10	352
10	356
10	360
10	364
10	368
10	372
10	376
10	380
10	384
10	388
10	392
10	396
10	400
10	404
10	408
10	412
10	416
10	420
10	424
10	428
10	432
10	436
10	440
10	444
10	448
10	452
10	456
10	462
10	466
10	472
10	476
10	482
10	486
10	492
10	498
10	504
10	510
10	518
10	524
10	532
10	542
10	552
10	564
11	18
11	28
11	36
11	44
11	50
11	56
11	62
11	68
11	74
11	80
11	86
11	92
11	98
11	104
11	110
11	116
11	122
11	126
11	130
11	134
11	140
11	144
11	148
11	152
11	156
11	160
11	164
11	168
11	172
11	176
11	180
11	184
11	188
11	192
11	196
11	200
11	202
11	206
11	210
11	214
11	216
11	220
11	224
11	228
11	230
11	234
11	238
11	242
11	244
11	248
11	252
11	256
11	258
11	262
11	266
11	270
11	272
11	276
11	280
11	284
11	288
11	292
11	294
11	298
11	302
11	306
11	308
11	312
11	316
11	320
11	322
11	326
11	330
11	334
11	336
11	340
11	344
11	348
11	350
11	354
11	358
11	362
11	366
11	370
11	374
11	378
11	382
11	386
11	390
11	394
11	398
11	402
11	406
11	412
11	416
11	420
11	424
11	430
11	434
11	438
11	442
11	448
11	452
11	456
11	460
11	466
11	470
11	476
11	480
11	486
11	492
11	498
11	506
11	512
11	520
11	530
11	540
11	550
12	20
12	30
12	38
12	46
12	52
12	60
12	66
12	74
12	80
12	88
12	96
12	102
12	110
12	116
12	122
12	126
12	132
12	138
12	142
12	148
12	152
12	158
12	162
12	166
12	170
12	176
12	180
12	184
12	188
12	194
12	198
12	202
12	206
12	212
12	216
12	220
12	224
12	230
12	234
12	238
12	242
12	248
12	252
12	256
12	260
12	266
12	270
12	274
12	278
12	282
12	286
12	290
12	294
12	298
12	302
12	306
12	310
12	314
12	318
12	322
12	324
12	328
12	332
12	336
12	340
12	344
12	346
12	350
12	354
12	358
12	362
12	366
12	370
12	374
12	378
12	382
12	386
12	390
12	394
12	398
12	404
12	408
12	412
12	418
12	422
12	428
12	432
12	438
12	442
12	448
12	454
12	458
12	464
12	470
12	478
12	484
12	492
12	500
12	508
12	516
12	526
13	30
13	42
13	52
13	62
13	72
13	82
13	92
13	100
13	110
13	118
13	124
13	132
13	138
13	146
13	152
13	158
13	164
13	170
13	176
13	182
13	188
13	194
13	200
13	206
13	212
13	218
13	224
13	228
13	234
13	240
13	246
13	250
13	256
13	262
13	268
13	272
13	278
13	284
13	290
13	294
13	300
13	304
13	310
13	314
13	320
13	324
13	330
13	334
13	340
13	344
13	350
13	354
13	360
13	366
13	370
13	376
13	382
13	388
13	392
13	398
13	404
13	410
13	416
13	422
13	428
13	434
13	440
13	448
13	454
13	462
13	468
13	476
13	486
13	494
13	504
13	516
14	98
14	108
14	118
14	128
14	136
14	144
14	152
14	160
14	168
14	176
14	184
14	190
14	198
14	204
14	212
14	218
14	226
14	232
14	240
14	246
14	254
14	260
14	268
14	274
14	282
14	288
14	296
14	302
14	310
14	316
14	324
14	330
14	338
14	344
14	352
14	358
14	366
14	372
14	380
14	386
14	394
14	400
14	408
14	416
14	424
14	432
14	440
14	448
14	456
14	466
14	476
14	486
15	70
15	82
15	92
15	102
15	112
15	120
15	128
15	136
15	144
15	150
15	158
15	164
15	172
15	178
15	186
15	192
15	200
15	206
15	214
15	220
15	228
15	234
15	242
15	248
15	256
15	262
15	270
15	278
15	286
15	294
15	302
15	308
15	316
15	322
15	330
15	336
15	344
15	350
15	358
15	366
15	374
15	382
15	390
15	398
15	406
15	414
15	422
15	430
15	438
15	446
15	454
15	462
15	470
15	480
15	492
16	50
16	62
16	72
16	82
16	90
16	98
16	106
16	114
16	120
16	126
16	132
16	138
16	144
16	150
16	156
16	162
16	166
16	172
16	178
16	184
16	188
16	194
16	200
16	206
16	210
16	216
16	222
16	228
16	232
16	238
16	244
16	250
16	256
16	262
16	268
16	274
16	280
16	286
16	292
16	298
16	304
16	310
16	316
16	322
16	328
16	334
16	340
16	348
16	354
16	362
16	368
16	376
16	382
16	390
16	396
16	404
16	410
16	418
16	426
16	434
16	442
16	450
16	458
16	466
16	474
16	482
16	490
16	500
16	512
17	22
17	32
17	42
17	52
17	60
17	70
17	78
17	86
17	92
17	100
17	106
17	112
17	116
17	122
17	126
17	132
17	136
17	140
17	144
17	150
17	154
17	158
17	162
17	168
17	172
17	176
17	180
17	186
17	190
17	194
17	198
17	204
17	208
17	212
17	216
17	222
17	226
17	230
17	236
17	240
17	244
17	250
17	254
17	258
17	264
17	268
17	272
17	276
17	282
17	286
17	290
17	294
17	300
17	304
17	308
17	314
17	318
17	324
17	328
17	334
17	338
17	344
17	348
17	354
17	358
17	364
17	368
17	374
17	378
17	384
17	388
17	394
17	398
17	404
17	408
17	414
17	418
17	424
17	428
17	434
17	438
17	444
17	450
17	456
17	462
17	468
17	474
17	480
17	486
17	494
17	502
17	510
17	518
17	526
17	534
17	542
17	550
17	558
17	568
17	578
17	588
18	12
18	22
18	30
18	38
18	46
18	54
18	60
18	68
18	74
18	80
18	86
18	92
18	98
18	102
18	106
18	112
18	114
18	120
18	122
18	126
18	130
18	134
18	138
18	142
18	144
18	148
18	152
18	156
18	158
18	162
18	166
18	170
18	174
18	176
18	180
18	184
18	188
18	192
18	196
18	200
18	202
18	206
18	210
18	214
18	218
18	222
18	224
18	228
18	232
18	236
18	240
18	244
18	246
18	250
18	254
18	258
18	262
18	266
18	270
18	274
18	278
18	282
18	286
18	290
18	294
18	298
18	302
18	306
18	310
18	314
18	318
18	322
18	326
18	330
18	334
18	338
18	342
18	346
18	350
18	354
18	358
18	362
18	366
18	370
18	374
18	378
18	384
18	388
18	392
18	396
18	402
18	406
18	410
18	416
18	420
18	426
18	430
18	434
18	440
18	444
18	448
18	452
18	458
18	462
18	466
18	470
18	476
18	480
18	486
18	490
18	496
18	502
18	508
18	514
18	520
18	526
18	532
18	540
18	546
18	554
18	560
18	568
18	576
18	584
18	592
18	602
18	610
18	620
18	630
18	640
18	650
18	660
18	670
18	680
18	690
18	702
18	714
19	8
19	18
19	24
19	32
19	38
19	44
19	48
19	54
19	60
19	64
19	70
19	74
19	80
19	84
19	90
19	94
19	98
19	102
19	106
19	110
19	112
19	116
19	120
19	124
19	126
19	130
19	134
19	136
19	140
19	144
19	146
19	150
19	152
19	156
19	160
19	162
19	166
19	170
19	172
19	176
19	180
19	184
19	186
19	190
19	194
19	198
19	200
19	204
19	208
19	212
19	216
19	220
19	224
19	228
19	232
19	236
19	240
19	244
19	248
19	252
19	256
19	260
19	262
19	266
19	270
19	274
19	276
19	280
19	284
19	286
19	290
19	294
19	296
19	300
19	302
19	306
19	310
19	312
19	316
19	318
19	322
19	324
19	328
19	330
19	334
19	336
19	340
19	342
19	346
19	348
19	352
19	354
19	358
19	360
19	364
19	366
19	370
19	374
19	376
19	380
19	382
19	386
19	390
19	392
19	396
19	400
19	404
19	406
19	410
19	414
19	418
19	422
19	426
19	430
19	434
19	438
19	442
19	446
19	450
19	454
19	458
19	462
19	466
19	470
19	474
19	478
19	482
19	486
19	490
19	496
19	500
19	504
19	510
19	514
19	520
19	524
19	530
19	534
19	540
19	544
19	548
19	552
19	558
19	562
19	566
19	572
19	576
19	582
19	588
19	594
19	600
19	606
19	614
19	620
19	628
19	636
19	644
19	652
19	662
19	670
19	680
19	688
19	698
19	708
19	720
20	8
20	16
20	22
20	28
20	34
20	38
20	44
20	48
20	52
20	58
20	62
20	66
20	70
20	74
20	80
20	84
20	88
20	92
20	96
20	100
20	104
20	108
20	112
20	114
20	118
20	122
20	126
20	130
20	134
20	136
20	140
20	144
20	148
20	150
20	154
20	158
20	162
20	164
20	168
20	172
20	176
20	178
20	182
20	186
20	190
20	192
20	196
20	200
20	204
20	206
20	210
20	214
20	218
20	222
20	226
20	230
20	234
20	238
20	242
20	246
20	250
20	254
20	258
20	262
20	266
20	270
20	272
20	276
20	280
20	284
20	286
20	290
20	294
20	298
20	300
20	304
20	308
20	312
20	314
20	318
20	322
20	326
20	328
20	332
20	336
20	340
20	342
20	346
20	350
20	354
20	356
20	360
20	364
20	368
20	370
20	374
20	378
20	382
20	384
20	388
20	392
20	396
20	398
20	402
20	406
20	408
20	412
20	416
20	418
20	422
20	426
20	428
20	432
20	436
20	438
20	442
20	446
20	448
20	452
20	454
20	458
20	460
20	464
20	466
20	470
20	472
20	476
20	478
20	482
20	486
20	490
20	492
20	496
20	500
20	504
20	508
20	512
20	516
20	520
20	524
20	528
20	532
20	536
20	540
20	542
20	546
20	550
20	554
20	558
20	560
20	564
20	568
20	572
20	576
20	580
20	586
20	590
20	594
20	600
20	604
20	610
20	616
20	622
20	628
20	634
20	642
20	648
20	656
20	664
20	672
20	682
20	692
20	702
20	716
21	8
21	14
21	22
21	26
21	32
21	34
21	40
21	42
21	46
21	50
21	54
21	58
21	60
21	64
21	68
21	72
21	74
21	78
21	82
21	86
21	88
21	92
21	96
21	100
21	102
21	106
21	110
21	114
21	116
21	120
21	124
21	128
21	130
21	134
21	138
21	142
21	144
21	148
21	152
21	156
21	160
21	164
21	168
21	172
21	176
21	180
21	184
21	188
21	192
21	196
21	200
21	204
21	208
21	212
21	216
21	220
21	224
21	228
21	232
21	236
21	240
21	244
21	248
21	252
21	256
21	260
21	264
21	266
21	270
21	274
21	278
21	280
21	284
21	288
21	292
21	294
21	298
21	302
21	306
21	308
21	312
21	316
21	320
21	322
21	326
21	330
21	332
21	336
21	340
21	342
21	346
21	350
21	352
21	356
21	360
21	364
21	366
21	370
21	374
21	378
21	380
21	384
21	388
21	392
21	394
21	398
21	402
21	406
21	408
21	412
21	416
21	418
21	422
21	424
21	428
21	430
21	434
21	436
21	440
21	442
21	446
21	448
21	452
21	454
21	458
21	460
21	462
21	466
21	468
21	470
21	474
21	476
21	478
21	482
21	484
21	486
21	490
21	492
21	496
21	498
21	500
21	504
21	506
21	510
21	512
21	516
21	518
21	522
21	526
21	528
21	532
21	536
21	540
21	542
21	546
21	550
21	554
21	558
21	562
21	566
21	570
21	574
21	578
21	584
21	588
21	594
21	598
21	604
21	610
21	616
21	624
21	630
21	638
21	646
21	656
21	666
22	8
22	16
22	24
22	30
22	34
22	40
22	44
22	48
22	52
22	56
22	60
22	64
22	68
22	72
22	76
22	80
22	84
22	88
22	92
22	96
22	100
22	104
22	108
22	112
22	116
22	120
22	122
22	126
22	130
22	134
22	136
22	140
22	144
22	146
22	150
22	152
22	156
22	158
22	162
22	164
22	168
22	170
22	174
22	176
22	180
22	184
22	186
22	190
22	192
22	196
22	200
22	202
22	206
22	208
22	212
22	214
22	218
22	222
22	224
22	228
22	232
22	234
22	238
22	242
22	246
22	248
22	252
22	256
22	258
22	262
22	264
22	268
22	270
22	274
22	276
22	280
22	282
22	286
22	288
22	292
22	294
22	298
22	300
22	304
22	306
22	310
22	312
22	314
22	318
22	320
22	322
22	324
22	328
22	330
22	332
22	334
22	338
22	340
22	342
22	344
22	348
22	350
22	352
22	354
22	358
22	360
22	362
22	364
22	368
22	370
22	372
22	374
22	378
22	380
22	382
22	384
22	388
22	390
22	392
22	394
22	398
22	400
22	402
22	406
22	408
22	410
22	414
22	416
22	418
22	422
22	424
22	426
22	430
22	432
22	436
22	438
22	440
22	444
22	446
22	448
22	452
22	454
22	456
22	460
22	462
22	464
22	468
22	470
22	472
22	476
22	478
22	480
22	482
22	486
22	488
22	490
22	492
22	496
22	498
22	500
22	504
22	506
22	508
22	512
22	514
22	518
22	520
22	524
22	526
22	530
22	532
22	536
22	540
22	542
22	546
22	550
22	554
22	556
22	560
22	564
22	568
22	572
22	578
22	582
22	586
22	592
22	598
22	604
22	610
22	616
22	622
22	630
22	638
22	646
22	656
23	10
23	20
23	26
23	32
23	38
23	44
23	50
23	54
23	60
23	64
23	70
23	74
23	80
23	84
23	88
23	92
23	98
23	102
23	106
23	110
23	112
23	116
23	120
23	122
23	124
23	128
23	132
23	134
23	136
23	140
23	142
23	144
23	146
23	148
23	152
23	154
23	156
23	158
23	160
23	162
23	164
23	168
23	170
23	172
23	174
23	176
23	178
23	180
23	182
23	186
23	190
23	192
23	194
23	196
23	198
23	200
23	202
23	204
23	206
23	208
23	210
23	212
23	214
23	216
23	218
23	220
23	222
23	224
23	226
23	228
23	230
23	232
23	234
23	236
23	238
23	240
23	242
23	244
23	246
23	248
23	250
23	252
23	254
23	256
23	258
23	260
23	262
23	264
23	266
23	268
23	270
23	272
23	274
23	276
23	278
23	280
23	282
23	284
23	286
23	288
23	290
23	292
23	294
23	296
23	298
23	300
23	302
23	304
23	306
23	308
23	310
23	312
23	314
23	316
23	318
23	320
23	322
23	324
23	326
23	328
23	330
23	332
23	334
23	336
23	340
23	342
23	344
23	346
23	348
23	350
23	352
23	354
23	356
23	358
23	360
23	362
23	364
23	366
23	368
23	370
23	372
23	374
23	376
23	378
23	380
23	382
23	384
23	386
23	388
23	390
23	392
23	394
23	396
23	398
23	400
23	402
23	404
23	406
23	408
23	410
23	412
23	414
23	416
23	418
23	420
23	422
23	424
23	426
23	428
23	430
23	432
23	434
23	436
23	438
23	440
23	442
23	444
23	446
23	448
23	450
23	452
23	454
23	456
23	458
23	460
23	464
23	466
23	468
23	470
23	472
23	474
23	476
23	478
23	480
23	482
23	486
23	490
23	492
23	494
23	496
23	498
23	500
23	504
23	506
23	508
23	510
23	514
23	516
23	518
23	522
23	524
23	528
23	530
23	534
23	536
23	540
23	544
23	546
23	550
23	554
23	556
23	560
23	564
23	568
23	572
23	578
23	582
23	586
23	592
23	596
23	602
23	608
23	612
23	618
23	624
23	632
23	638
23	646
23	656
23	666
24	8
24	16
24	24
24	30
24	36
24	42
24	46
24	50
24	54
24	60
24	62
24	66
24	70
24	74
24	78
24	82
24	84
24	88
24	92
24	96
24	98
24	102
24	104
24	108
24	112
24	114
24	118
24	120
24	122
24	126
24	128
24	130
24	132
24	136
24	138
24	140
24	142
24	144
24	148
24	150
24	152
24	154
24	156
24	158
24	160
24	162
24	166
24	168
24	170
24	172
24	174
24	176
24	178
24	180
24	182
24	184
24	186
24	188
24	190
24	192
24	194
24	196
24	198
24	200
24	202
24	204
24	206
24	208
24	210
24	212
24	214
24	216
24	218
24	220
24	222
24	224
24	226
24	228
24	230
24	232
24	234
24	236
24	238
24	240
24	242
24	244
24	246
24	248
24	250
24	252
24	254
24	256
24	258
24	260
24	262
24	264
24	266
24	268
24	270
24	272
24	274
24	276
24	278
24	280
24	282
24	284
24	286
24	288
24	290
24	292
24	294
24	296
24	298
24	300
24	302
24	304
24	306
24	308
24	310
24	312
24	314
24	316
24	318
24	320
24	322
24	324
24	326
24	328
24	330
24	332
24	334
24	336
24	338
24	340
24	342
24	344
24	346
24	348
24	350
24	352
24	354
24	356
24	358
24	360
24	362
24	364
24	366
24	368
24	370
24	372
24	374
24	376
24	378
24	380
24	382
24	384
24	386
24	388
24	390
24	392
24	394
24	396
24	398
24	400
24	402
24	404
24	406
24	408
24	410
24	412
24	414
24	416
24	418
24	420
24	422
24	424
24	426
24	428
24	430
24	432
24	434
24	436
24	438
24	440
24	442
24	444
24	446
24	448
24	450
24	452
24	454
24	456
24	458
24	460
24	462
24	464
24	466
24	468
24	470
24	472
24	474
24	476
24	478
24	480
24	482
24	484
24	486
24	490
24	494
24	496
24	500
24	502
24	504
24	506
24	508
24	510
24	514
24	516
24	518
24	522
24	524
24	528
24	530
24	534
24	538
24	542
24	544
24	548
24	552
24	556
24	560
24	564
24	568
24	574
24	578
24	584
24	588
24	594
24	600
24	606
24	612
24	618
24	624
24	632
24	640
24	648
24	658
24	670
25	2
25	12
25	20
25	28
25	34
25	40
25	44
25	50
25	54
25	58
25	62
25	66
25	68
25	72
25	74
25	78
25	82
25	84
25	88
25	90
25	92
25	96
25	98
25	102
25	104
25	106
25	110
25	112
25	114
25	116
25	120
25	122
25	124
25	126
25	130
25	132
25	134
25	136
25	138
25	140
25	142
25	146
25	150
25	152
25	154
25	156
25	158
25	160
25	162
25	164
25	166
25	168
25	170
25	172
25	174
25	176
25	178
25	180
25	182
25	184
25	186
25	188
25	190
25	192
25	194
25	196
25	198
25	200
25	202
25	204
25	206
25	208
25	210
25	212
25	214
25	216
25	218
25	220
25	222
25	224
25	226
25	228
25	230
25	232
25	234
25	236
25	238
25	240
25	242
25	244
25	246
25	248
25	250
25	252
25	254
25	256
25	258
25	260
25	262
25	264
25	266
25	268
25	270
25	272
25	274
25	276
25	278
25	280
25	282
25	284
25	286
25	288
25	290
25	292
25	294
25	296
25	298
25	300
25	302
25	304
25	306
25	308
25	310
25	312
25	314
25	316
25	318
25	320
25	322
25	324
25	326
25	328
25	330
25	332
25	334
25	336
25	338
25	340
25	342
25	344
25	346
25	348
25	350
25	352
25	354
25	356
25	358
25	360
25	362
25	364
25	366
25	368
25	370
25	372
25	374
25	376
25	378
25	380
25	382
25	384
25	386
25	388
25	390
25	392
25	394
25	396
25	398
25	400
25	402
25	404
25	408
25	410
25	412
25	414
25	416
25	418
25	420
25	424
25	426
25	428
25	430
25	432
25	434
25	438
25	440
25	442
25	444
25	446
25	450
25	452
25	454
25	456
25	460
25	462
25	464
25	466
25	470
25	472
25	474
25	478
25	480
25	484
25	486
25	488
25	492
25	496
25	498
25	502
25	506
25	510
25	514
25	518
25	522
25	526
25	530
25	536
25	542
25	548
25	552
25	558
25	564
25	570
25	578
25	584
25	592
25	598
25	606
25	614
25	622
25	630
25	638
25	646
25	656
25	666
25	676
25	688
26	2
26	10
26	18
26	24
26	30
26	36
26	42
26	46
26	52
26	56
26	60
26	64
26	68
26	72
26	74
26	78
26	80
26	84
26	86
26	90
26	92
26	94
26	98
26	100
26	102
26	106
26	108
26	110
26	114
26	116
26	118
26	120
26	124
26	126
26	128
26	130
26	132
26	136
26	138
26	140
26	142
26	144
26	146
26	150
26	152
26	154
26	156
26	158
26	160
26	164
26	166
26	168
26	170
26	172
26	174
26	178
26	180
26	182
26	184
26	186
26	188
26	192
26	194
26	196
26	198
26	200
26	202
26	206
26	208
26	210
26	212
26	214
26	218
26	220
26	222
26	224
26	228
26	230
26	232
26	234
26	238
26	240
26	242
26	244
26	248
26	250
26	252
26	254
26	258
26	260
26	262
26	264
26	268
26	270
26	272
26	274
26	278
26	280
26	282
26	284
26	288
26	290
26	292
26	294
26	298
26	300
26	302
26	304
26	308
26	310
26	312
26	314
26	318
26	320
26	322
26	324
26	328
26	330
26	332
26	334
26	338
26	340
26	342
26	344
26	348
26	350
26	352
26	354
26	358
26	360
26	362
26	366
26	368
26	370
26	374
26	376
26	378
26	382
26	384
26	388
26	390
26	394
26	398
26	400
26	404
26	408
26	412
26	414
26	418
26	422
26	426
26	430
26	432
26	436
26	440
26	444
26	448
26	452
26	456
26	460
26	464
26	468
26	472
26	478
26	482
26	486
26	490
26	496
26	500
26	506
26	512
26	518
26	524
26	530
26	538
26	546
26	554
26	562
26	570
26	580
26	588
26	598
26	606
26	616
26	624
26	634
26	642
26	652
26	660
26	670
26	680
26	692
27	2
27	10
27	18
27	26
27	32
27	38
27	44
27	50
27	54
27	60
27	64
27	70
27	74
27	78
27	82
27	86
27	90
27	94
27	98
27	102
27	106
27	110
27	114
27	118
27	122
27	124
27	128
27	132
27	134
27	138
27	142
27	144
27	148
27	150
27	154
27	156
27	160
27	162
27	166
27	168
27	172
27	174
27	176
27	180
27	182
27	184
27	188
27	190
27	192
27	196
27	198
27	200
27	204
27	206
27	208
27	212
27	214
27	218
27	220
27	224
27	226
27	230
27	232
27	236
27	238
27	242
27	246
27	250
27	252
27	256
27	260
27	264
27	268
27	270
27	274
27	278
27	282
27	286
27	290
27	294
27	298
27	304
27	308
27	312
27	316
27	322
27	326
27	332
27	336
27	342
27	346
27	352
27	356
27	362
27	368
27	374
27	378
27	384
27	390
27	396
27	402
27	408
27	414
27	420
27	426
27	432
27	440
27	446
27	454
27	460
27	468
27	476
27	484
27	492
27	500
27	510
27	522
27	536
27	548
27	562
27	590
27	602
27	614
27	624
27	634
27	644
27	654
27	662
27	672
27	680
27	690
27	700
27	710
28	2
28	10
28	18
28	24
28	30
28	36
28	42
28	48
28	54
28	58
28	64
28	70
28	76
28	82
28	88
28	94
28	100
28	106
28	112
28	118
28	124
28	130
28	136
28	140
28	144
28	150
28	154
28	158
28	162
28	166
28	170
28	174
28	178
28	182
28	186
28	190
28	194
28	198
28	200
28	204
28	208
28	212
28	216
28	220
28	222
28	226
28	230
28	234
28	238
28	242
28	246
28	250
28	254
28	258
28	262
28	266
28	270
28	274
28	278
28	284
28	288
28	292
28	296
28	302
28	306
28	312
28	316
28	322
28	328
28	332
28	338
28	344
28	350
28	356
28	362
28	368
28	374
28	380
28	388
28	394
28	402
28	408
28	416
28	422
28	430
28	436
28	444
28	452
28	460
28	468
28	476
28	484
28	494
28	504
28	638
28	650
28	660
28	670
28	678
28	688
28	696
28	706
28	714
29	2
29	12
29	20
29	26
29	32
29	38
29	44
29	50
29	56
29	62
29	66
29	72
29	78
29	84
29	90
29	96
29	102
29	108
29	116
29	122
29	130
29	136
29	142
29	148
29	154
29	160
29	164
29	170
29	176
29	182
29	186
29	192
29	198
29	204
29	210
29	216
29	222
29	228
29	234
29	240
29	246
29	252
29	258
29	264
29	270
29	276
29	282
29	288
29	294
29	298
29	304
29	310
29	316
29	320
29	326
29	332
29	338
29	342
29	348
29	354
29	360
29	366
29	372
29	380
29	386
29	394
29	402
29	410
29	418
29	426
29	434
29	442
29	450
29	458
29	466
29	476
29	484
29	494
29	506
29	678
29	688
29	698
29	706
29	716
30	2
30	10
30	18
30	26
30	32
30	38
30	44
30	48
30	54
30	58
30	64
30	68
30	74
30	78
30	84
30	90
30	96
30	104
30	110
30	118
30	126
30	134
30	140
30	148
30	154
30	162
30	168
30	174
30	180
30	186
30	192
30	198
30	204
30	212
30	218
30	226
30	232
30	240
30	248
30	256
30	264
30	272
30	282
30	290
30	300
30	308
30	318
30	326
30	336
30	344
30	354
30	364
30	374
30	384
30	394
30	406
30	702
30	714
31	2
31	10
31	18
31	24
31	32
31	38
31	44
31	50
31	56
31	62
31	68
31	74
31	82
31	88
31	96
31	106
31	114
31	124
31	132
31	142
31	150
31	158
31	166
31	174
31	182
31	188
31	196
31	202
31	210
31	218
31	226
31	234
31	242
31	252
31	262
31	272
31	284
32	2
32	10
32	16
32	24
32	30
32	38
32	44
32	52
32	60
32	68
32	76
32	86
32	96
32	108
32	130
32	142
32	154
32	164
32	174
32	184
32	194
32	204
32	214
32	224
32	234
32	244
32	254
32	266
32	276
32	288
32	300
33	2
33	10
33	16
33	22
33	28
33	34
33	40
33	46
33	52
33	58
33	66
33	74
33	82
33	92
33	160
33	172
33	186
34	2
34	10
34	18
34	24
34	32
34	38
34	46
34	54
34	62
34	72
34	86
34	158
34	168
34	180
34	190
34	200
34	210
34	222
34	234
35	2
35	10
35	18
35	24
35	32
35	40
35	48
35	56
35	66
35	78
35	152
35	164
35	174
35	182
35	192
35	200
35	208
35	216
35	226
35	234
35	244
35	254
35	264
35	274
36	2
36	12
36	20
36	30
36	40
36	50
36	62
36	148
36	160
36	172
36	182
36	192
36	200
36	210
36	218
36	226
36	234
36	242
36	250
36	258
36	266
36	274
36	284
36	292
36	302
36	312
36	322
36	334
37	2
37	12
37	20
37	30
37	40
37	50
37	64
37	152
37	164
37	176
37	188
37	200
37	212
37	224
37	236
37	248
37	258
37	268
37	278
37	288
37	298
37	308
37	318
37	328
37	340
37	350
37	364
38	12
38	24
38	38
38	150
38	162
38	174
38	184
38	196
39	4
39	14
39	26
39	36
39	48
39	60
39	74
39	150
39	162
39	172
39	180
39	190
39	198
39	208
39	218
39	228
39	238
39	254
40	6
40	18
40	28
40	40
40	54
40	156
40	168
40	178
40	186
40	194
40	202
40	210
40	218
40	226
40	234
40	242
40	250
40	260
40	268
40	278
40	290
40	304
41	16
41	28
41	40
41	54
41	142
41	154
41	164
41	176
41	186
41	196
41	204
41	214
41	222
41	230
41	238
41	246
41	254
41	262
41	270
41	278
41	286
41	294
41	304
41	314
41	324
41	336
42	258
42	270
42	280
42	292
42	302
42	314
42	326
42	338
45	186
45	200
45	214
46	198
46	210
46	222
46	234
46	246
51	170
51	182
51	194
52	170
52	182
52	192
52	202
52	212
52	222
52	232
52	242
52	252
52	262
52	274
53	188
53	198
53	208
53	218
53	228
53	236
53	246
53	254
53	264
53	272
53	282
53	290
53	300
53	310
53	322
53	334
54	250
54	262
54	272
54	284
54	294
54	306
54	316
54	328
54	338
54	350
54	362
54	374
54	386
54	398
54	412
59	158
59	170
59	180
59	192
59	202
59	214
59	226
59	238
60	166
60	178
60	188
60	198
60	208
60	218
60	228
60	238
60	248
60	258
60	268
60	278
60	288
60	300
60	310
60	322
60	334
60	346
61	152
61	166
61	178
61	188
61	198
61	208
61	218
61	226
61	236
61	244
61	252
61	260
61	268
61	276
61	284
61	292
61	300
61	308
61	316
61	324
61	332
61	340
61	350
61	358
61	368
61	378
61	390
61	400
61	414
62	42
62	54
62	66
62	102
62	112
62	122
62	132
62	140
62	148
62	156
62	164
62	172
62	180
62	190
62	198
62	208
62	218
62	228
62	238
62	248
62	258
62	268
62	278
62	286
62	296
62	304
62	312
62	320
62	328
62	336
62	344
62	352
62	360
62	368
62	376
62	386
62	394
62	404
62	414
62	426
62	436
62	450
63	40
63	52
63	62
63	72
63	82
63	92
63	102
63	110
63	120
63	128
63	134
63	142
63	148
63	154
63	160
63	164
63	170
63	176
63	182
63	186
63	192
63	198
63	204
63	210
63	218
63	224
63	232
63	240
63	248
63	256
63	266
63	276
63	286
63	296
63	308
63	320
63	332
63	346
63	358
63	372
63	384
63	398
63	410
63	424
63	436
63	448
63	460
63	474
63	486
64	50
64	62
64	72
64	82
64	92
64	100
64	108
64	116
64	124
64	132
64	138
64	144
64	150
64	156
64	160
64	166
64	170
64	174
64	180
64	184
64	188
64	192
64	196
64	200
64	204
64	208
64	212
64	216
64	220
64	226
64	230
64	234
64	240
64	244
64	250
64	254
64	260
64	266
64	272
64	278
64	284
64	290
64	296
64	304
64	312
64	320
64	328
64	336
64	346
64	356
64	366
64	376
64	386
64	396
64	404
64	414
64	422
64	432
64	440
64	450
64	458
64	468
64	476
64	486
64	494
64	504
64	512
64	522
64	530
64	540
64	548
64	558
64	570
65	30
65	40
65	50
65	58
65	66
65	74
65	82
65	90
65	98
65	106
65	112
65	118
65	124
65	130
65	138
65	144
65	150
65	156
65	162
65	168
65	174
65	180
65	184
65	190
65	194
65	200
65	204
65	208
65	212
65	216
65	220
65	224
65	228
65	232
65	236
65	240
65	244
65	248
65	252
65	256
65	260
65	264
65	268
65	272
65	276
65	280
65	284
65	288
65	294
65	298
65	302
65	306
65	312
65	316
65	322
65	326
65	332
65	336
65	342
65	348
65	352
65	358
65	364
65	370
65	376
65	382
65	388
65	394
65	400
65	404
65	410
65	416
65	420
65	426
65	430
65	436
65	440
65	446
65	450
65	456
65	460
65	466
65	470
65	476
65	480
65	486
65	490
65	496
65	500
65	506
65	510
65	516
65	520
65	526
65	532
65	538
65	544
65	550
65	558
65	568
65	578
66	28
66	38
66	48
66	56
66	64
66	72
66	80
66	88
66	96
66	102
66	108
66	114
66	118
66	124
66	128
66	134
66	138
66	144
66	148
66	154
66	160
66	166
66	172
66	178
66	184
66	192
66	198
66	206
66	212
66	220
66	226
66	234
66	240
66	246
66	252
66	258
66	264
66	270
66	276
66	282
66	288
66	292
66	298
66	304
66	310
66	314
66	320
66	324
66	330
66	334
66	340
66	344
66	350
66	354
66	360
66	364
66	370
66	374
66	380
66	384
66	390
66	394
66	398
66	402
66	408
66	412
66	416
66	420
66	424
66	428
66	432
66	436
66	440
66	444
66	448
66	452
66	456
66	460
66	464
66	468
66	472
66	476
66	480
66	484
66	488
66	492
66	496
66	500
66	504
66	508
66	512
66	516
66	522
66	526
66	530
66	536
66	542
66	548
66	554
66	562
66	572
66	584
67	68
67	78
67	90
67	100
67	106
67	112
67	118
67	122
67	126
67	130
67	134
67	138
67	142
67	146
67	150
67	154
67	158
67	162
67	166
67	170
67	174
67	178
67	182
67	186
67	192
67	196
67	202
67	206
67	212
67	218
67	224
67	230
67	238
67	244
67	252
67	258
67	266
67	274
67	282
67	290
67	298
67	308
67	316
67	326
67	334
67	344
67	352
67	362
67	370
67	380
67	388
67	398
67	406
67	414
67	422
67	430
67	438
67	446
67	454
67	462
67	470
67	476
67	484
67	490
67	498
67	506
67	514
67	522
67	530
67	538
67	546
67	556
67	566
68	78
68	88
68	98
68	106
68	112
68	118
68	122
68	126
68	130
68	132
68	136
68	140
68	142
68	146
68	148
68	152
68	154
68	156
68	160
68	162
68	164
68	168
68	170
68	172
68	176
68	178
68	180
68	184
68	186
68	190
68	192
68	196
68	198
68	202
68	204
68	208
68	210
68	214
68	218
68	220
68	224
68	228
68	232
68	234
68	238
68	242
68	246
68	250
68	254
68	258
68	262
68	266
68	272
68	276
68	280
68	286
68	290
68	294
68	300
68	304
68	310
68	316
68	320
68	326
68	332
68	338
68	344
68	350
68	356
68	362
68	368
68	376
68	382
68	388
68	396
68	402
68	410
68	416
68	424
68	430
68	438
68	446
68	454
68	462
68	470
68	478
68	486
68	494
68	502
68	510
68	518
68	526
68	532
68	540
68	546
68	554
68	560
68	568
68	576
68	584
68	594
69	106
69	116
69	122
69	128
69	132
69	136
69	142
69	148
69	150
69	152
69	154
69	158
69	160
69	162
69	164
69	168
69	170
69	172
69	174
69	176
69	178
69	180
69	182
69	184
69	186
69	188
69	190
69	192
69	194
69	196
69	198
69	200
69	202
69	204
69	206
69	208
69	210
69	212
69	214
69	216
69	218
69	220
69	222
69	224
69	226
69	228
69	230
69	232
69	234
69	236
69	238
69	240
69	244
69	248
69	250
69	252
69	254
69	256
69	258
69	260
69	264
69	266
69	268
69	270
69	272
69	274
69	278
69	280
69	282
69	284
69	288
69	290
69	292
69	294
69	298
69	300
69	302
69	306
69	308
69	310
69	314
69	316
69	318
69	322
69	324
69	328
69	330
69	334
69	336
69	340
69	342
69	346
69	348
69	352
69	354
69	358
69	360
69	364
69	366
69	370
69	374
69	376
69	380
69	384
69	388
69	390
69	394
69	398
69	402
69	404
69	408
69	412
69	416
69	418
69	422
69	426
69	430
69	434
69	438
69	442
69	446
69	450
69	454
69	458
69	462
69	466
69	470
69	474
69	478
69	482
69	486
69	490
69	494
69	498
69	502
69	506
69	510
69	516
69	520
69	524
69	528
69	532
69	536
69	540
69	544
69	548
69	552
69	556
69	562
69	566
69	572
69	578
69	584
69	590
69	598
69	606
69	616
70	116
70	126
70	134
70	142
70	146
70	152
70	154
70	160
70	162
70	164
70	168
70	172
70	176
70	178
70	182
70	186
70	188
70	190
70	192
70	194
70	196
70	198
70	200
70	202
70	204
70	206
70	208
70	210
70	212
70	214
70	216
70	218
70	220
70	222
70	224
70	226
70	228
70	230
70	232
70	234
70	236
70	238
70	240
70	242
70	244
70	246
70	248
70	250
70	252
70	254
70	256
70	258
70	260
70	262
70	264
70	266
70	268
70	270
70	272
70	274
70	276
70	278
70	280
70	282
70	284
70	286
70	288
70	290
70	292
70	294
70	296
70	298
70	300
70	302
70	304
70	306
70	308
70	310
70	312
70	314
70	316
70	318
70	320
70	322
70	324
70	326
70	328
70	330
70	332
70	334
70	336
70	338
70	340
70	342
70	344
70	346
70	348
70	350
70	352
70	354
70	356
70	358
70	360
70	362
70	364
70	366
70	368
70	370
70	372
70	374
70	376
70	378
70	382
70	384
70	386
70	388
70	390
70	392
70	394
70	396
70	398
70	400
70	402
70	404
70	406
70	408
70	410
70	412
70	414
70	416
70	418
70	420
70	422
70	424
70	426
70	428
70	430
70	432
70	434
70	436
70	438
70	440
70	444
70	448
70	450
70	452
70	454
70	456
70	458
70	460
70	462
70	466
70	468
70	470
70	472
70	474
70	476
70	480
70	482
70	484
70	486
70	488
70	490
70	494
70	496
70	498
70	500
70	504
70	506
70	508
70	510
70	514
70	516
70	518
70	520
70	524
70	526
70	528
70	532
70	534
70	538
70	540
70	544
70	548
70	552
70	556
70	560
70	564
70	568
70	574
70	580
70	588
70	596
70	606
71	100
71	110
71	120
71	130
71	138
71	148
71	156
71	164
71	172
71	178
71	184
71	190
71	194
71	200
71	204
71	208
71	212
71	214
71	218
71	222
71	224
71	228
71	232
71	234
71	238
71	240
71	242
71	246
71	248
71	250
71	252
71	256
71	258
71	260
71	262
71	264
71	268
71	270
71	272
71	274
71	276
71	278
71	280
71	282
71	284
71	288
71	292
71	296
71	298
71	300
71	302
71	304
71	306
71	308
71	310
71	312
71	314
71	316
71	318
71	320
71	322
71	326
71	328
71	330
71	332
71	334
71	336
71	338
71	340
71	342
71	344
71	346
71	348
71	350
71	352
71	354
71	356
71	358
71	360
71	362
71	364
71	366
71	368
71	370
71	372
71	374
71	376
71	378
71	380
71	382
71	384
71	386
71	388
71	390
71	392
71	394
71	396
71	398
71	400
71	402
71	404
71	406
71	408
71	410
71	414
71	416
71	418
71	420
71	422
71	424
71	426
71	428
71	430
71	432
71	434
71	436
71	438
71	440
71	442
71	444
71	446
71	448
71	450
71	452
71	454
71	456
71	458
71	460
71	464
71	468
71	470
71	472
71	474
71	476
71	478
71	480
71	482
71	486
71	488
71	490
71	492
71	494
71	496
71	500
71	502
71	504
71	506
71	510
71	512
71	514
71	518
71	520
71	524
71	526
71	530
71	532
71	536
71	540
71	544
71	548
71	552
71	558
71	562
71	568
71	574
71	582
71	590
71	600
72	50
72	90
72	100
72	108
72	116
72	122
72	128
72	136
72	142
72	150
72	156
72	164
72	174
72	184
72	194
72	208
72	268
72	280
72	292
72	302
72	310
72	318
72	326
72	334
72	340
72	348
72	354
72	360
72	366
72	372
72	378
72	386
72	392
72	398
72	406
72	412
72	420
72	426
72	434
72	442
72	450
72	458
72	466
72	474
72	482
72	490
72	498
72	508
72	516
72	526
72	534
72	544
72	552
72	562
72	570
72	580
72	590
72	604
73	40
73	52
73	62
73	72
73	82
73	92
73	100
73	106
73	112
73	116
73	122
73	126
73	130
73	134
73	138
73	142
73	146
73	150
73	154
73	158
73	162
73	166
73	172
73	176
73	182
73	186
73	192
73	198
73	206
73	212
73	220
73	228
73	236
73	246
73	256
73	266
73	516
73	526
73	536
73	544
73	550
73	556
73	562
73	568
73	574
73	580
73	586
73	592
73	598
73	606
73	612
73	620
73	628
73	636
73	648
74	62
74	74
74	86
74	96
74	104
74	110
74	114
74	120
74	124
74	128
74	132
74	134
74	138
74	142
74	144
74	148
74	150
74	154
74	156
74	160
74	162
74	166
74	168
74	172
74	174
74	178
74	180
74	184
74	188
74	190
74	194
74	198
74	202
74	204
74	208
74	212
74	216
74	220
74	224
74	228
74	232
74	236
74	242
74	246
74	250
74	256
74	260
74	266
74	270
74	276
74	280
74	286
74	292
74	298
74	304
74	310
74	316
74	322
74	328
74	336
74	342
74	350
74	356
74	364
74	370
74	378
74	384
74	392
74	398
74	406
74	412
74	420
74	426
74	434
74	440
74	448
74	454
74	462
74	468
74	476
74	482
74	490
74	496
74	504
74	510
74	516
74	522
74	528
74	534
74	538
74	542
74	548
74	552
74	556
74	560
74	564
74	566
74	570
74	574
74	578
74	580
74	584
74	588
74	592
74	596
74	598
74	604
74	606
74	612
74	616
74	620
74	626
74	630
74	636
74	642
74	650
74	658
74	668
75	90
75	100
75	110
75	116
75	122
75	128
75	134
75	138
75	142
75	148
75	152
75	156
75	160
75	164
75	168
75	170
75	174
75	178
75	182
75	186
75	188
75	192
75	196
75	200
75	202
75	206
75	210
75	214
75	216
75	220
75	224
75	228
75	232
75	234
75	238
75	242
75	246
75	250
75	254
75	258
75	262
75	266
75	270
75	274
75	278
75	282
75	286
75	290
75	294
75	298
75	302
75	306
75	310
75	314
75	318
75	324
75	328
75	332
75	336
75	342
75	346
75	350
75	354
75	360
75	364
75	368
75	372
75	378
75	382
75	386
75	390
75	396
75	400
75	404
75	408
75	414
75	418
75	422
75	426
75	432
75	436
75	440
75	444
75	450
75	454
75	458
75	462
75	468
75	472
75	476
75	480
75	486
75	490
75	494
75	500
75	504
75	508
75	512
75	518
75	522
75	526
75	530
75	534
75	540
75	544
75	548
75	552
75	556
75	560
75	564
75	568
75	572
75	576
75	580
75	584
75	588
75	594
75	598
75	602
75	608
75	612
75	618
75	624
75	632
75	638
75	648
75	658
76	48
76	60
76	72
76	84
76	98
76	110
76	150
76	162
76	172
76	184
76	194
76	204
76	212
76	222
76	230
76	238
76	246
76	254
76	262
76	270
76	278
76	286
76	294
76	302
76	308
76	316
76	322
76	330
76	336
76	344
76	350
76	358
76	364
76	372
76	378
76	386
76	392
76	400
76	406
76	414
76	420
76	428
76	434
76	442
76	448
76	456
76	462
76	470
76	476
76	484
76	490
76	498
76	504
76	512
76	520
76	528
76	536
76	546
76	558
77	52
77	64
77	77
-1	-1
