-1	-1
5	118
5	132
6	88
6	100
6	110
6	120
6	128
6	138
6	148
6	158
6	168
6	178
6	190
6	200
6	212
6	222
6	234
6	244
6	256
6	266
6	276
6	286
6	296
6	306
6	316
6	328
6	338
6	350
6	360
6	372
6	384
6	398
7	78
7	90
7	98
7	106
7	114
7	122
7	130
7	136
7	144
7	150
7	158
7	164
7	172
7	178
7	186
7	192
7	200
7	206
7	214
7	220
7	228
7	236
7	244
7	252
7	260
7	268
7	276
7	284
7	292
7	300
7	308
7	316
7	324
7	332
7	340
7	348
7	356
7	364
7	372
7	380
7	388
7	396
7	404
7	412
7	420
7	428
7	438
7	446
7	456
7	466
7	478
8	28
8	38
8	48
8	58
8	68
8	78
8	86
8	94
8	100
8	106
8	112
8	118
8	124
8	130
8	136
8	142
8	148
8	154
8	160
8	166
8	172
8	178
8	184
8	190
8	196
8	202
8	208
8	214
8	220
8	226
8	232
8	238
8	244
8	250
8	256
8	262
8	268
8	272
8	278
8	284
8	290
8	294
8	300
8	306
8	312
8	316
8	322
8	328
8	334
8	338
8	344
8	348
8	354
8	358
8	364
8	370
8	374
8	380
8	386
8	390
8	396
8	402
8	408
8	414
8	420
8	426
8	432
8	438
8	444
8	452
8	458
8	466
8	472
8	480
8	488
8	496
8	504
8	514
9	18
9	28
9	38
9	46
9	52
9	60
9	66
9	74
9	80
9	86
9	92
9	98
9	102
9	106
9	112
9	116
9	120
9	124
9	128
9	132
9	136
9	140
9	144
9	148
9	152
9	158
9	162
9	166
9	170
9	176
9	180
9	184
9	190
9	194
9	200
9	204
9	210
9	214
9	220
9	224
9	228
9	232
9	238
9	242
9	246
9	250
9	254
9	258
9	262
9	266
9	270
9	272
9	276
9	280
9	284
9	288
9	290
9	294
9	298
9	302
9	306
9	308
9	312
9	316
9	320
9	324
9	328
9	332
9	336
9	340
9	344
9	346
9	350
9	354
9	358
9	362
9	366
9	370
9	374
9	378
9	382
9	386
9	390
9	394
9	398
9	402
9	406
9	410
9	414
9	418
9	424
9	428
9	432
9	438
9	442
9	448
9	452
9	458
9	464
9	468
9	474
9	480
9	486
9	494
9	500
9	508
9	518
9	528
10	12
10	22
10	30
10	38
10	44
10	50
10	54
10	60
10	66
10	72
10	76
10	82
10	86
10	92
10	96
10	100
10	104
10	108
10	112
10	116
10	120
10	124
10	128
10	130
10	134
10	138
10	142
10	144
10	148
10	152
10	156
10	158
10	162
10	166
10	170
10	174
10	178
10	180
10	184
10	188
10	192
10	196
10	200
10	202
10	206
10	210
10	214
10	218
10	222
10	224
10	228
10	232
10	236
10	240
10	244
10	246
10	250
10	254
10	258
10	260
10	264
10	268
10	272
10	274
10	278
10	282
10	284
10	288
10	290
10	294
10	296
10	300
10	302
10	306
10	308
10	312
10	314
10	318
10	320
10	324
10	326
10	330
10	332
10	336
10	338
10	342
10	344
10	348
10	350
10	354
10	356
10	360
10	364
10	366
10	370
10	374
10	376
10	380
10	384
10	388
10	390
10	394
10	398
10	402
10	406
10	408
10	412
10	416
10	420
10	424
10	428
10	432
10	436
10	440
10	446
10	450
10	454
10	460
10	464
10	470
10	476
10	482
10	488
10	494
10	502
10	510
10	518
10	528
11	8
11	18
11	24
11	32
11	38
11	44
11	50
11	54
11	60
11	66
11	70
11	76
11	80
11	86
11	90
11	94
11	100
11	104
11	108
11	112
11	116
11	120
11	126
11	130
11	134
11	138
11	144
11	148
11	152
11	156
11	162
11	166
11	170
11	174
11	180
11	184
11	188
11	192
11	196
11	202
11	206
11	210
11	214
11	220
11	224
11	228
11	232
11	236
11	242
11	244
11	250
11	252
11	258
11	260
11	264
11	268
11	272
11	276
11	280
11	284
11	286
11	290
11	294
11	298
11	300
11	304
11	308
11	312
11	314
11	318
11	322
11	324
11	328
11	332
11	334
11	338
11	340
11	344
11	346
11	350
11	352
11	356
11	358
11	362
11	364
11	368
11	370
11	374
11	378
11	380
11	384
11	388
11	392
11	396
11	398
11	402
11	406
11	410
11	414
11	418
11	422
11	426
11	430
11	436
11	440
11	444
11	448
11	454
11	458
11	464
11	470
11	476
11	482
11	488
11	496
11	504
11	514
11	526
12	12
12	22
12	30
12	38
12	46
12	54
12	62
12	70
12	78
12	86
12	94
12	100
12	106
12	112
12	116
12	122
12	126
12	132
12	136
12	140
12	146
12	150
12	154
12	158
12	164
12	168
12	172
12	176
12	180
12	184
12	188
12	192
12	196
12	202
12	206
12	210
12	214
12	220
12	224
12	230
12	234
12	240
12	244
12	250
12	254
12	258
12	264
12	268
12	272
12	276
12	282
12	286
12	290
12	294
12	298
12	302
12	306
12	310
12	314
12	318
12	322
12	326
12	330
12	334
12	338
12	342
12	346
12	350
12	354
12	358
12	362
12	366
12	370
12	376
12	380
12	384
12	390
12	394
12	400
12	404
12	410
12	414
12	420
12	424
12	430
12	434
12	440
12	446
12	452
12	458
12	464
12	472
12	478
12	486
12	496
12	506
12	518
13	22
13	32
13	42
13	52
13	62
13	72
13	82
13	92
13	100
13	108
13	114
13	122
13	128
13	134
13	140
13	146
13	152
13	158
13	164
13	170
13	174
13	180
13	186
13	192
13	196
13	202
13	208
13	214
13	220
13	226
13	232
13	238
13	246
13	252
13	258
13	264
13	270
13	274
13	280
13	286
13	292
13	296
13	302
13	308
13	312
13	318
13	322
13	328
13	332
13	338
13	342
13	348
13	352
13	358
13	362
13	368
13	374
13	380
13	386
13	392
13	398
13	406
13	412
13	420
13	428
13	436
13	444
13	452
13	462
13	474
13	486
14	70
14	80
14	90
14	100
14	108
14	116
14	124
14	132
14	138
14	146
14	152
14	160
14	166
14	174
14	180
14	188
14	194
14	202
14	208
14	216
14	224
14	232
14	240
14	248
14	256
14	264
14	270
14	278
14	284
14	292
14	298
14	306
14	312
14	320
14	326
14	334
14	340
14	348
14	354
14	362
14	368
14	376
14	384
14	392
14	402
14	410
14	420
14	430
14	442
14	454
15	48
15	60
15	70
15	82
15	92
15	100
15	108
15	116
15	124
15	132
15	140
15	146
15	154
15	160
15	168
15	174
15	182
15	188
15	196
15	202
15	210
15	218
15	226
15	234
15	242
15	250
15	258
15	266
15	274
15	282
15	290
15	298
15	306
15	314
15	322
15	330
15	336
15	344
15	352
15	360
15	368
15	378
15	386
15	396
15	406
15	416
15	428
15	440
16	30
16	42
16	52
16	62
16	72
16	82
16	90
16	98
16	106
16	114
16	120
16	128
16	134
16	140
16	146
16	152
16	158
16	164
16	170
16	176
16	182
16	188
16	194
16	200
16	206
16	212
16	218
16	224
16	230
16	236
16	242
16	250
16	256
16	262
16	270
16	276
16	282
16	288
16	294
16	300
16	306
16	312
16	318
16	324
16	330
16	336
16	342
16	348
16	354
16	362
16	368
16	376
16	384
16	392
16	400
16	410
16	418
16	428
16	438
16	448
16	458
16	470
16	480
16	492
16	504
17	20
17	30
17	38
17	46
17	54
17	62
17	70
17	78
17	84
17	90
17	94
17	100
17	104
17	110
17	114
17	118
17	122
17	126
17	132
17	136
17	140
17	144
17	148
17	152
17	156
17	160
17	164
17	170
17	174
17	178
17	182
17	186
17	190
17	194
17	198
17	202
17	206
17	210
17	214
17	218
17	224
17	228
17	232
17	238
17	242
17	248
17	252
17	256
17	262
17	266
17	270
17	274
17	280
17	284
17	288
17	292
17	298
17	302
17	306
17	310
17	316
17	320
17	324
17	328
17	332
17	338
17	342
17	346
17	350
17	356
17	360
17	366
17	370
17	376
17	382
17	388
17	396
17	402
17	408
17	416
17	422
17	430
17	436
17	444
17	452
17	460
17	470
17	478
17	486
17	496
17	504
17	514
17	524
17	534
17	544
17	556
17	566
17	578
18	8
18	18
18	26
18	32
18	38
18	44
18	48
18	54
18	58
18	64
18	68
18	74
18	78
18	82
18	88
18	92
18	96
18	100
18	104
18	108
18	112
18	116
18	120
18	122
18	126
18	130
18	134
18	136
18	140
18	144
18	146
18	150
18	154
18	156
18	160
18	164
18	166
18	170
18	174
18	178
18	180
18	184
18	188
18	192
18	194
18	198
18	202
18	206
18	208
18	212
18	216
18	220
18	224
18	226
18	230
18	234
18	238
18	242
18	246
18	250
18	254
18	258
18	262
18	266
18	270
18	274
18	278
18	282
18	286
18	290
18	294
18	298
18	302
18	306
18	308
18	312
18	316
18	320
18	322
18	326
18	330
18	334
18	336
18	340
18	344
18	348
18	350
18	354
18	358
18	362
18	366
18	370
18	376
18	380
18	384
18	388
18	394
18	398
18	404
18	408
18	414
18	420
18	426
18	432
18	438
18	444
18	450
18	456
18	462
18	468
18	474
18	480
18	486
18	492
18	498
18	504
18	512
18	518
18	526
18	532
18	540
18	546
18	554
18	560
18	568
18	576
18	584
18	592
18	602
19	8
19	18
19	24
19	32
19	38
19	44
19	48
19	54
19	58
19	64
19	68
19	72
19	78
19	82
19	84
19	88
19	92
19	96
19	98
19	102
19	104
19	108
19	110
19	114
19	116
19	120
19	122
19	126
19	128
19	132
19	134
19	138
19	140
19	142
19	146
19	148
19	152
19	154
19	156
19	160
19	162
19	164
19	168
19	170
19	172
19	176
19	178
19	180
19	184
19	186
19	188
19	192
19	194
19	196
19	200
19	202
19	204
19	208
19	210
19	212
19	216
19	218
19	220
19	224
19	226
19	230
19	232
19	236
19	238
19	242
19	246
19	248
19	252
19	256
19	258
19	262
19	266
19	268
19	272
19	276
19	280
19	282
19	286
19	290
19	294
19	296
19	300
19	304
19	308
19	310
19	314
19	318
19	322
19	324
19	328
19	332
19	336
19	340
19	342
19	346
19	350
19	354
19	358
19	362
19	366
19	370
19	374
19	378
19	382
19	386
19	390
19	396
19	400
19	404
19	408
19	414
19	418
19	422
19	428
19	432
19	436
19	442
19	446
19	450
19	454
19	460
19	464
19	470
19	474
19	478
19	482
19	488
19	492
19	496
19	502
19	506
19	512
19	516
19	522
19	528
19	534
19	540
19	546
19	552
19	558
19	566
19	572
19	580
19	588
19	596
20	2
20	10
20	18
20	24
20	30
20	34
20	40
20	44
20	48
20	52
20	56
20	60
20	64
20	68
20	72
20	76
20	80
20	84
20	88
20	90
20	94
20	98
20	100
20	104
20	106
20	110
20	112
20	116
20	118
20	122
20	124
20	128
20	130
20	134
20	136
20	140
20	142
20	146
20	148
20	152
20	154
20	158
20	160
20	164
20	166
20	170
20	172
20	176
20	178
20	182
20	184
20	188
20	190
20	194
20	196
20	200
20	202
20	206
20	208
20	212
20	214
20	218
20	220
20	224
20	226
20	230
20	234
20	236
20	240
20	244
20	248
20	250
20	254
20	258
20	262
20	266
20	268
20	272
20	276
20	280
20	284
20	288
20	292
20	296
20	300
20	304
20	308
20	312
20	316
20	320
20	324
20	328
20	332
20	336
20	342
20	346
20	350
20	354
20	358
20	362
20	366
20	370
20	374
20	378
20	382
20	386
20	390
20	394
20	398
20	402
20	406
20	410
20	414
20	418
20	422
20	426
20	430
20	434
20	438
20	442
20	446
20	450
20	452
20	456
20	460
20	464
20	468
20	472
20	474
20	478
20	482
20	486
20	490
20	494
20	498
20	502
20	506
20	510
20	514
20	518
20	524
20	530
20	536
20	542
20	548
20	556
20	564
20	572
20	580
20	592
21	2
21	10
21	18
21	26
21	32
21	36
21	42
21	46
21	50
21	54
21	58
21	62
21	66
21	70
21	74
21	78
21	82
21	86
21	90
21	94
21	98
21	102
21	104
21	108
21	112
21	116
21	118
21	122
21	126
21	130
21	132
21	136
21	140
21	144
21	146
21	150
21	154
21	158
21	160
21	164
21	168
21	172
21	174
21	178
21	182
21	186
21	188
21	192
21	196
21	200
21	204
21	208
21	212
21	216
21	220
21	224
21	228
21	232
21	236
21	240
21	244
21	248
21	254
21	258
21	264
21	268
21	274
21	278
21	284
21	288
21	294
21	298
21	304
21	308
21	314
21	318
21	322
21	326
21	332
21	336
21	340
21	344
21	348
21	352
21	356
21	360
21	364
21	368
21	372
21	376
21	380
21	384
21	388
21	392
21	396
21	400
21	406
21	410
21	414
21	418
21	422
21	426
21	430
21	434
21	438
21	442
21	446
21	450
21	454
21	456
21	460
21	464
21	468
21	472
21	476
21	478
21	482
21	486
21	490
21	494
21	498
21	502
21	506
21	510
21	514
21	518
21	524
21	528
21	534
21	540
21	548
21	554
21	562
21	572
21	582
22	2
22	10
22	16
22	24
22	30
22	34
22	40
22	44
22	50
22	54
22	58
22	64
22	68
22	72
22	76
22	82
22	86
22	90
22	94
22	98
22	102
22	106
22	110
22	114
22	118
22	122
22	126
22	130
22	134
22	138
22	142
22	146
22	150
22	154
22	158
22	162
22	166
22	170
22	174
22	178
22	182
22	186
22	190
22	194
22	198
22	202
22	204
22	208
22	212
22	216
22	220
22	224
22	226
22	230
22	234
22	238
22	242
22	246
22	250
22	254
22	258
22	262
22	266
22	270
22	274
22	278
22	282
22	286
22	290
22	294
22	298
22	302
22	306
22	310
22	314
22	316
22	320
22	324
22	328
22	330
22	334
22	338
22	342
22	344
22	348
22	352
22	356
22	358
22	362
22	366
22	370
22	372
22	376
22	380
22	384
22	386
22	390
22	394
22	398
22	402
22	406
22	410
22	412
22	416
22	420
22	424
22	428
22	430
22	434
22	438
22	442
22	444
22	448
22	450
22	454
22	456
22	460
22	462
22	466
22	468
22	472
22	474
22	478
22	480
22	484
22	486
22	490
22	492
22	496
22	498
22	502
22	506
22	508
22	512
22	516
22	520
22	524
22	528
22	534
22	538
22	544
22	550
22	556
22	562
22	570
22	578
22	588
23	2
23	10
23	16
23	22
23	28
23	34
23	40
23	46
23	52
23	56
23	62
23	68
23	72
23	78
23	82
23	88
23	92
23	98
23	102
23	106
23	112
23	116
23	120
23	124
23	130
23	134
23	138
23	142
23	146
23	152
23	156
23	160
23	164
23	168
23	172
23	176
23	180
23	184
23	188
23	190
23	194
23	198
23	202
23	204
23	208
23	210
23	214
23	216
23	220
23	222
23	226
23	228
23	232
23	234
23	238
23	240
23	244
23	246
23	250
23	252
23	256
23	258
23	262
23	264
23	268
23	270
23	274
23	276
23	280
23	282
23	286
23	288
23	292
23	294
23	298
23	300
23	304
23	306
23	310
23	314
23	316
23	320
23	324
23	326
23	330
23	334
23	338
23	340
23	344
23	348
23	352
23	354
23	358
23	362
23	366
23	368
23	372
23	374
23	378
23	380
23	384
23	386
23	390
23	392
23	396
23	398
23	402
23	404
23	408
23	410
23	414
23	416
23	420
23	422
23	426
23	428
23	432
23	434
23	438
23	440
23	444
23	446
23	450
23	452
23	456
23	458
23	462
23	464
23	468
23	470
23	474
23	476
23	480
23	482
23	484
23	488
23	490
23	494
23	496
23	500
23	502
23	506
23	508
23	512
23	516
23	520
23	524
23	528
23	532
23	536
23	540
23	546
23	552
23	558
23	564
23	570
23	578
23	588
23	598
24	2
24	10
24	18
24	24
24	30
24	36
24	42
24	48
24	52
24	58
24	62
24	68
24	72
24	76
24	82
24	84
24	90
24	92
24	96
24	100
24	104
24	108
24	110
24	114
24	118
24	120
24	124
24	126
24	130
24	132
24	136
24	138
24	142
24	146
24	148
24	152
24	154
24	158
24	160
24	164
24	168
24	170
24	174
24	176
24	180
24	182
24	184
24	188
24	190
24	192
24	194
24	198
24	200
24	202
24	204
24	208
24	210
24	212
24	214
24	218
24	220
24	222
24	224
24	226
24	228
24	232
24	234
24	236
24	238
24	240
24	242
24	244
24	246
24	250
24	252
24	254
24	256
24	258
24	260
24	264
24	266
24	268
24	270
24	272
24	274
24	278
24	280
24	282
24	284
24	286
24	288
24	292
24	294
24	296
24	298
24	300
24	304
24	306
24	308
24	310
24	314
24	316
24	320
24	322
24	326
24	328
24	332
24	336
24	338
24	342
24	346
24	348
24	352
24	356
24	360
24	362
24	366
24	370
24	372
24	376
24	378
24	382
24	384
24	388
24	390
24	394
24	396
24	400
24	402
24	404
24	408
24	410
24	414
24	416
24	420
24	422
24	426
24	428
24	432
24	436
24	438
24	442
24	444
24	448
24	452
24	456
24	458
24	462
24	466
24	470
24	472
24	476
24	480
24	484
24	488
24	492
24	496
24	500
24	504
24	508
24	512
24	518
24	522
24	528
24	534
24	540
24	546
24	554
24	560
24	568
24	576
24	584
24	594
25	8
25	18
25	26
25	32
25	38
25	44
25	48
25	52
25	58
25	62
25	66
25	70
25	74
25	76
25	80
25	84
25	86
25	90
25	92
25	96
25	98
25	102
25	104
25	108
25	110
25	112
25	114
25	118
25	120
25	122
25	124
25	126
25	130
25	132
25	134
25	136
25	138
25	140
25	142
25	144
25	148
25	150
25	152
25	154
25	156
25	158
25	160
25	162
25	164
25	166
25	170
25	174
25	178
25	180
25	182
25	186
25	188
25	192
25	194
25	196
25	198
25	200
25	202
25	204
25	206
25	208
25	210
25	212
25	214
25	216
25	218
25	220
25	222
25	224
25	226
25	228
25	230
25	232
25	234
25	236
25	238
25	240
25	242
25	244
25	246
25	248
25	250
25	252
25	254
25	256
25	258
25	260
25	262
25	264
25	266
25	268
25	270
25	272
25	274
25	276
25	278
25	282
25	284
25	286
25	288
25	290
25	292
25	294
25	296
25	298
25	300
25	304
25	306
25	308
25	312
25	314
25	316
25	320
25	322
25	326
25	328
25	332
25	336
25	340
25	344
25	346
25	350
25	354
25	358
25	362
25	366
25	370
25	372
25	376
25	380
25	384
25	386
25	390
25	394
25	398
25	400
25	404
25	408
25	412
25	416
25	418
25	422
25	426
25	430
25	434
25	438
25	442
25	446
25	452
25	456
25	460
25	466
25	470
25	476
25	480
25	486
25	492
25	498
25	506
25	512
25	520
25	528
25	538
25	546
25	556
25	566
25	576
25	586
25	598
26	8
26	16
26	22
26	28
26	32
26	38
26	42
26	44
26	48
26	52
26	54
26	58
26	60
26	64
26	66
26	70
26	72
26	74
26	78
26	80
26	82
26	86
26	88
26	90
26	92
26	94
26	96
26	100
26	102
26	106
26	108
26	110
26	112
26	114
26	116
26	118
26	120
26	122
26	124
26	128
26	130
26	132
26	134
26	136
26	138
26	140
26	142
26	144
26	146
26	148
26	150
26	152
26	154
26	156
26	158
26	160
26	162
26	164
26	166
26	168
26	170
26	172
26	174
26	176
26	178
26	180
26	182
26	184
26	186
26	188
26	190
26	192
26	194
26	196
26	200
26	204
26	206
26	208
26	210
26	212
26	214
26	216
26	218
26	220
26	222
26	224
26	226
26	228
26	230
26	234
26	236
26	238
26	240
26	242
26	244
26	248
26	250
26	252
26	256
26	258
26	260
26	264
26	266
26	268
26	272
26	276
26	278
26	282
26	286
26	288
26	292
26	296
26	300
26	304
26	308
26	314
26	318
26	322
26	328
26	332
26	338
26	344
26	350
26	354
26	360
26	364
26	370
26	374
26	380
26	384
26	388
26	392
26	398
26	402
26	408
26	412
26	418
26	422
26	428
26	432
26	438
26	442
26	448
26	454
26	458
26	464
26	470
26	478
26	484
26	492
26	500
26	508
26	516
26	526
26	538
26	550
26	564
26	576
27	8
27	16
27	22
27	28
27	34
27	38
27	42
27	48
27	52
27	56
27	60
27	64
27	66
27	70
27	74
27	78
27	80
27	84
27	86
27	90
27	92
27	96
27	98
27	102
27	104
27	106
27	108
27	112
27	114
27	116
27	118
27	120
27	122
27	124
27	128
27	130
27	132
27	134
27	136
27	138
27	140
27	142
27	144
27	146
27	148
27	150
27	152
27	156
27	158
27	160
27	162
27	164
27	166
27	168
27	170
27	172
27	174
27	176
27	178
27	180
27	184
27	186
27	190
27	194
27	196
27	198
27	200
27	202
27	204
27	206
27	208
27	210
27	212
27	214
27	216
27	218
27	220
27	224
27	226
27	228
27	230
27	232
27	234
27	238
27	240
27	242
27	246
27	248
27	250
27	254
27	256
27	260
27	264
27	268
27	270
27	276
27	278
27	284
27	288
27	292
27	298
27	302
27	308
27	314
27	322
27	328
27	336
27	344
27	352
27	360
27	368
27	376
27	384
27	390
27	398
27	404
27	412
27	418
27	426
27	432
27	440
27	446
27	454
27	462
27	472
27	480
27	490
27	502
28	8
28	16
28	22
28	28
28	34
28	40
28	44
28	50
28	54
28	60
28	64
28	68
28	74
28	78
28	82
28	86
28	90
28	94
28	98
28	102
28	106
28	110
28	112
28	116
28	120
28	122
28	126
28	128
28	132
28	134
28	136
28	140
28	142
28	146
28	148
28	152
28	154
28	156
28	160
28	162
28	164
28	168
28	170
28	174
28	176
28	180
28	182
28	186
28	188
28	192
28	194
28	198
28	200
28	204
28	206
28	210
28	214
28	216
28	220
28	224
28	226
28	230
28	234
28	238
28	242
28	248
28	252
28	256
28	262
28	266
28	272
28	278
28	284
28	290
28	296
28	302
28	310
28	318
28	326
28	336
28	346
28	356
28	366
28	376
28	384
28	394
28	402
28	410
28	418
28	426
28	434
28	442
28	450
28	460
28	470
28	482
29	2
29	12
29	20
29	26
29	34
29	40
29	46
29	54
29	60
29	66
29	72
29	80
29	86
29	92
29	96
29	102
29	108
29	112
29	118
29	122
29	126
29	130
29	134
29	138
29	142
29	146
29	150
29	154
29	158
29	162
29	166
29	170
29	174
29	178
29	180
29	184
29	188
29	192
29	194
29	198
29	202
29	206
29	210
29	214
29	218
29	222
29	226
29	230
29	236
29	240
29	246
29	250
29	256
29	262
29	268
29	274
29	280
29	286
29	292
29	300
29	308
29	316
29	324
29	334
29	344
29	354
29	364
29	374
29	384
29	394
29	406
30	2
30	12
30	20
30	28
30	34
30	42
30	48
30	54
30	62
30	68
30	76
30	82
30	88
30	94
30	100
30	106
30	112
30	116
30	122
30	126
30	130
30	134
30	138
30	142
30	146
30	150
30	154
30	158
30	164
30	168
30	172
30	176
30	182
30	186
30	192
30	196
30	202
30	208
30	212
30	218
30	224
30	230
30	238
30	244
30	252
30	260
30	268
30	276
30	286
30	298
30	310
30	368
30	384
31	2
31	12
31	20
31	28
31	36
31	44
31	50
31	58
31	64
31	72
31	78
31	86
31	92
31	100
31	106
31	112
31	116
31	122
31	128
31	132
31	138
31	142
31	146
31	152
31	156
31	160
31	164
31	170
31	174
31	180
31	184
31	190
31	194
31	200
31	206
31	210
31	216
31	222
31	228
31	234
31	240
31	246
31	252
31	260
31	268
31	276
31	286
32	2
32	12
32	20
32	30
32	38
32	46
32	54
32	64
32	72
32	82
32	90
32	100
32	108
32	114
32	122
32	128
32	134
32	142
32	148
32	154
32	160
32	168
32	174
32	182
32	188
32	196
32	202
32	210
32	218
32	226
32	234
32	244
32	254
32	266
33	100
33	110
33	120
33	130
33	140
33	148
33	158
33	166
33	174
33	182
33	188
33	196
33	204
33	212
33	220
33	230
33	240
33	252
34	120
34	130
34	142
34	152
34	164
34	174
34	184
34	194
34	206
34	218
35	118
35	130
35	140
35	150
35	160
35	170
35	180
35	190
35	200
35	212
35	222
35	234
35	246
36	118
36	128
36	140
36	150
36	160
36	170
36	180
36	190
36	200
36	210
36	218
36	228
36	238
36	248
36	258
36	270
37	116
37	128
37	140
37	150
37	160
37	170
37	180
37	190
37	200
37	210
37	222
38	122
38	134
38	144
38	154
38	164
38	172
38	182
38	190
38	198
38	206
38	216
38	226
38	236
39	112
39	122
39	134
39	144
39	154
39	164
39	174
39	184
39	194
39	204
39	216
40	118
40	130
40	140
40	150
40	160
40	170
40	180
40	194
41	126
41	138
41	148
41	158
41	166
41	176
41	186
41	196
41	206
41	216
41	226
41	236
41	246
41	256
42	150
42	164
42	178
43	148
43	160
43	172
43	182
43	194
44	156
44	168
44	178
44	188
44	198
44	208
44	218
46	130
46	142
46	152
46	164
47	132
47	142
47	154
47	164
47	176
47	186
47	198
48	156
48	170
48	182
50	148
50	160
50	172
50	182
50	194
50	206
51	162
51	174
51	186
51	196
51	208
51	218
53	110
53	120
53	132
53	142
53	154
53	166
54	116
54	128
54	138
54	148
54	158
54	170
54	180
54	192
54	206
54	220
55	38
55	50
55	64
55	118
55	130
55	142
55	154
55	232
55	244
55	258
55	270
55	284
55	298
56	22
56	34
56	44
56	52
56	62
56	70
56	80
56	88
56	98
56	106
56	116
56	126
56	138
56	150
57	50
57	60
57	72
57	82
57	92
57	100
57	110
57	118
57	128
57	138
57	148
57	158
57	170
58	88
58	100
58	110
58	118
58	128
58	136
58	146
58	154
58	162
58	172
58	180
58	190
58	200
58	210
58	220
59	118
59	130
59	140
59	150
59	160
59	168
59	178
59	186
59	194
59	202
59	212
59	220
59	230
59	240
59	252
59	264
60	140
60	152
60	164
60	176
60	188
60	198
60	210
60	222
61	98
61	108
61	118
61	128
61	136
61	146
61	154
61	164
61	172
61	182
61	192
61	204
61	214
61	226
62	92
62	102
62	110
62	116
62	122
62	128
62	134
62	140
62	146
62	152
62	158
62	164
62	170
62	176
62	182
62	188
62	194
62	200
62	208
62	214
62	222
62	228
62	236
62	244
62	252
62	260
62	268
62	276
62	286
62	296
62	306
62	316
62	326
62	336
62	346
62	356
62	366
62	376
62	386
62	396
62	406
62	416
62	426
62	438
62	448
62	462
63	88
63	98
63	106
63	112
63	120
63	124
63	130
63	134
63	140
63	144
63	148
63	152
63	156
63	160
63	164
63	168
63	172
63	176
63	180
63	184
63	188
63	192
63	196
63	200
63	204
63	208
63	212
63	216
63	220
63	224
63	228
63	234
63	238
63	242
63	246
63	252
63	256
63	260
63	266
63	270
63	276
63	280
63	286
63	290
63	296
63	300
63	306
63	312
63	318
63	324
63	330
63	336
63	342
63	348
63	354
63	360
63	364
63	370
63	376
63	382
63	386
63	392
63	398
63	404
63	408
63	414
63	420
63	426
63	432
63	438
63	444
63	450
63	456
63	462
63	470
63	476
63	484
63	494
63	504
63	514
64	72
64	82
64	90
64	98
64	106
64	114
64	122
64	128
64	134
64	140
64	146
64	152
64	156
64	162
64	166
64	170
64	174
64	180
64	184
64	188
64	192
64	196
64	200
64	204
64	208
64	212
64	216
64	220
64	224
64	228
64	232
64	236
64	240
64	244
64	248
64	252
64	256
64	260
64	264
64	268
64	272
64	276
64	280
64	286
64	290
64	294
64	298
64	304
64	308
64	312
64	316
64	322
64	326
64	330
64	334
64	340
64	344
64	348
64	352
64	356
64	360
64	364
64	368
64	370
64	374
64	378
64	382
64	384
64	388
64	392
64	396
64	398
64	402
64	406
64	408
64	412
64	416
64	418
64	422
64	426
64	428
64	432
64	436
64	440
64	442
64	446
64	450
64	454
64	458
64	462
64	466
64	472
64	476
64	482
64	488
64	494
64	500
64	508
64	516
64	526
65	20
65	32
65	44
65	54
65	66
65	74
65	82
65	90
65	96
65	104
65	110
65	118
65	124
65	132
65	138
65	146
65	154
65	162
65	170
65	178
65	186
65	194
65	202
65	210
65	218
65	226
65	234
65	242
65	250
65	258
65	266
65	274
65	282
65	290
65	298
65	306
65	314
65	322
65	330
65	338
65	344
65	352
65	358
65	364
65	370
65	374
65	380
65	384
65	390
65	394
65	398
65	402
65	406
65	410
65	414
65	418
65	422
65	426
65	430
65	434
65	438
65	444
65	448
65	452
65	458
65	462
65	468
65	474
65	482
65	490
65	498
65	510
66	22
66	32
66	42
66	52
66	60
66	70
66	78
66	84
66	90
66	94
66	100
66	104
66	110
66	114
66	120
66	124
66	130
66	134
66	140
66	144
66	150
66	156
66	162
66	168
66	174
66	180
66	186
66	194
66	200
66	208
66	216
66	224
66	232
66	240
66	248
66	256
66	264
66	274
66	282
66	292
66	300
66	310
66	320
66	330
66	340
66	352
66	362
66	374
66	384
66	396
66	408
66	422
67	48
67	58
67	68
67	76
67	82
67	88
67	92
67	98
67	102
67	104
67	108
67	112
67	116
67	120
67	122
67	126
67	130
67	132
67	136
67	138
67	142
67	146
67	148
67	152
67	156
67	158
67	162
67	166
67	170
67	172
67	176
67	180
67	184
67	188
67	192
67	196
67	200
67	204
67	208
67	212
67	216
67	220
67	224
67	228
67	232
67	238
67	242
67	246
67	250
67	256
67	260
67	264
67	268
67	274
67	278
67	284
67	288
67	294
67	298
67	304
67	308
67	314
67	318
67	324
67	330
67	336
67	342
67	348
67	354
67	360
67	366
67	372
67	380
67	386
67	394
67	400
67	408
67	416
67	424
67	432
67	440
67	448
67	456
67	464
67	472
67	480
67	488
67	496
67	506
67	518
68	56
68	66
68	76
68	82
68	90
68	94
68	98
68	102
68	106
68	110
68	112
68	114
68	118
68	120
68	122
68	126
68	128
68	130
68	132
68	136
68	138
68	140
68	142
68	144
68	146
68	148
68	150
68	152
68	154
68	158
68	162
68	164
68	166
68	168
68	170
68	172
68	174
68	176
68	178
68	180
68	182
68	184
68	186
68	190
68	194
68	196
68	198
68	200
68	202
68	204
68	206
68	208
68	212
68	214
68	216
68	218
68	220
68	222
68	224
68	228
68	230
68	232
68	234
68	236
68	238
68	242
68	244
68	246
68	248
68	250
68	252
68	256
68	258
68	260
68	262
68	266
68	268
68	270
68	272
68	276
68	278
68	280
68	282
68	286
68	288
68	290
68	292
68	296
68	298
68	300
68	304
68	306
68	308
68	312
68	314
68	316
68	320
68	322
68	324
68	328
68	330
68	334
68	336
68	338
68	342
68	344
68	348
68	350
68	354
68	356
68	360
68	362
68	366
68	370
68	372
68	376
68	380
68	384
68	386
68	390
68	394
68	398
68	402
68	406
68	410
68	414
68	418
68	422
68	426
68	430
68	434
68	438
68	442
68	446
68	450
68	454
68	458
68	462
68	466
68	470
68	474
68	478
68	482
68	486
68	492
68	496
68	500
68	506
68	510
68	516
68	522
68	530
68	538
68	548
69	62
69	74
69	82
69	90
69	96
69	102
69	106
69	110
69	112
69	116
69	120
69	122
69	124
69	128
69	130
69	132
69	134
69	138
69	140
69	142
69	144
69	146
69	148
69	150
69	152
69	156
69	158
69	160
69	162
69	164
69	166
69	168
69	170
69	172
69	174
69	176
69	178
69	180
69	182
69	184
69	186
69	188
69	190
69	192
69	194
69	196
69	198
69	200
69	202
69	204
69	206
69	208
69	210
69	212
69	214
69	216
69	218
69	220
69	222
69	224
69	226
69	228
69	230
69	232
69	234
69	236
69	238
69	240
69	242
69	244
69	246
69	248
69	250
69	252
69	254
69	256
69	258
69	260
69	262
69	264
69	266
69	268
69	270
69	272
69	274
69	276
69	278
69	280
69	282
69	284
69	286
69	288
69	290
69	292
69	294
69	296
69	298
69	300
69	302
69	304
69	306
69	308
69	310
69	312
69	314
69	316
69	318
69	320
69	322
69	324
69	326
69	328
69	330
69	332
69	334
69	336
69	338
69	340
69	342
69	344
69	346
69	348
69	350
69	352
69	354
69	356
69	358
69	360
69	362
69	364
69	366
69	370
69	372
69	374
69	376
69	378
69	380
69	382
69	384
69	386
69	388
69	390
69	392
69	394
69	396
69	398
69	400
69	404
69	408
69	410
69	412
69	414
69	416
69	418
69	420
69	424
69	426
69	428
69	430
69	432
69	434
69	438
69	440
69	442
69	444
69	448
69	450
69	452
69	454
69	458
69	460
69	462
69	466
69	468
69	470
69	474
69	476
69	478
69	482
69	484
69	488
69	492
69	494
69	498
69	502
69	506
69	510
69	514
69	518
69	522
69	528
69	534
69	540
69	546
69	556
69	566
70	80
70	90
70	98
70	106
70	114
70	120
70	126
70	132
70	138
70	142
70	146
70	150
70	154
70	158
70	160
70	164
70	166
70	170
70	172
70	174
70	178
70	180
70	182
70	186
70	188
70	190
70	192
70	194
70	198
70	200
70	202
70	204
70	206
70	208
70	210
70	212
70	214
70	216
70	218
70	220
70	222
70	224
70	226
70	228
70	230
70	232
70	234
70	236
70	238
70	240
70	242
70	244
70	246
70	248
70	250
70	252
70	254
70	256
70	258
70	260
70	262
70	264
70	266
70	268
70	270
70	272
70	274
70	276
70	278
70	280
70	284
70	286
70	288
70	290
70	292
70	294
70	296
70	298
70	300
70	302
70	304
70	306
70	308
70	312
70	314
70	316
70	318
70	320
70	322
70	324
70	326
70	328
70	330
70	334
70	336
70	338
70	340
70	342
70	344
70	346
70	348
70	350
70	352
70	354
70	356
70	358
70	360
70	362
70	364
70	366
70	368
70	370
70	372
70	374
70	376
70	378
70	380
70	382
70	384
70	386
70	388
70	390
70	392
70	394
70	396
70	398
70	400
70	402
70	406
70	408
70	410
70	412
70	414
70	416
70	418
70	422
70	424
70	426
70	428
70	430
70	434
70	436
70	438
70	440
70	444
70	446
70	448
70	452
70	454
70	456
70	460
70	464
70	466
70	470
70	472
70	476
70	480
70	484
70	488
70	494
70	498
70	504
70	510
70	518
70	526
70	534
71	82
71	94
71	104
71	114
71	124
71	138
71	192
71	204
71	214
71	226
71	236
71	246
71	256
71	266
71	276
71	286
71	296
71	306
71	314
71	324
71	332
71	342
71	350
71	360
71	368
71	378
71	386
71	396
71	404
71	414
71	424
71	434
71	444
71	454
71	466
72	78
72	88
72	96
72	104
72	110
72	118
72	126
72	134
72	142
72	152
72	162
72	174
72	470
72	482
72	492
72	504
72	516
73	76
73	84
73	92
73	98
73	102
73	108
73	112
73	116
73	122
73	126
73	130
73	134
73	140
73	144
73	148
73	154
73	158
73	164
73	168
73	174
73	180
73	186
73	192
73	198
73	204
73	210
73	216
73	222
73	228
73	236
73	242
73	250
73	256
73	264
73	270
73	278
73	284
73	292
73	298
73	306
73	314
73	322
73	330
73	338
73	346
73	354
73	362
73	370
73	378
73	386
73	394
73	402
73	410
73	418
73	426
73	434
73	442
73	450
73	456
73	464
73	470
73	476
73	482
73	488
73	494
73	500
73	506
73	512
73	518
73	524
73	532
73	538
73	546
73	556
74	78
74	86
74	94
74	100
74	104
74	108
74	112
74	116
74	120
74	124
74	128
74	132
74	134
74	138
74	142
74	146
74	148
74	152
74	156
74	160
74	162
74	166
74	170
74	174
74	176
74	180
74	184
74	188
74	190
74	194
74	198
74	202
74	206
74	208
74	212
74	216
74	220
74	224
74	228
74	230
74	234
74	238
74	242
74	246
74	250
74	254
74	256
74	260
74	264
74	268
74	272
74	276
74	280
74	284
74	288
74	292
74	296
74	300
74	304
74	308
74	312
74	316
74	320
74	324
74	328
74	332
74	336
74	340
74	344
74	348
74	352
74	356
74	360
74	364
74	368
74	372
74	376
74	380
74	384
74	388
74	392
74	396
74	400
74	404
74	408
74	412
74	416
74	420
74	424
74	428
74	432
74	436
74	440
74	444
74	448
74	452
74	456
74	460
74	464
74	468
74	472
74	476
74	480
74	484
74	486
74	490
74	494
74	498
74	500
74	504
74	508
74	512
74	514
74	518
74	522
74	526
74	530
74	534
74	538
74	544
74	548
74	554
74	560
74	566
74	574
74	584
74	596
75	88
75	98
75	106
75	114
75	120
75	126
75	132
75	138
75	142
75	148
75	152
75	156
75	162
75	166
75	170
75	174
75	180
75	184
75	188
75	192
75	196
75	200
75	204
75	208
75	212
75	216
75	220
75	224
75	228
75	232
75	236
75	240
75	244
75	248
75	252
75	256
75	260
75	264
75	268
75	272
75	276
75	280
75	284
75	288
75	292
75	296
75	300
75	304
75	308
75	312
75	316
75	320
75	324
75	328
75	332
75	336
75	340
75	344
75	348
75	352
75	356
75	360
75	364
75	368
75	372
75	376
75	380
75	384
75	388
75	392
75	396
75	400
75	404
75	408
75	412
75	416
75	420
75	424
75	428
75	432
75	436
75	440
75	444
75	448
75	452
75	456
75	460
75	464
75	468
75	474
75	478
75	482
75	486
75	492
75	496
75	500
75	504
75	510
75	514
75	518
75	522
75	528
75	532
75	538
75	544
75	548
75	556
75	562
75	570
75	579
-1	-1
