-1	-1
9	178
9	190
9	203
10	161
10	171
10	180
10	189
10	198
10	208
10	218
10	229
10	240
11	159
11	169
11	178
11	187
11	196
11	205
11	214
11	224
11	234
11	245
11	258
11	272
11	285
12	160
12	171
12	180
12	189
12	198
12	207
12	217
12	227
12	237
12	248
12	260
12	273
12	286
13	279
13	292
13	305
13	327
13	339
13	351
14	202
14	214
14	226
14	237
14	248
14	259
14	269
14	279
14	288
14	297
14	306
14	315
14	324
14	333
14	342
14	351
14	361
14	372
15	190
15	201
15	211
15	221
15	230
15	239
15	248
15	256
15	264
15	272
15	279
15	286
15	293
15	300
15	307
15	314
15	321
15	328
15	335
15	343
15	351
15	359
15	368
15	378
16	180
16	190
16	199
16	207
16	214
16	221
16	228
16	235
16	241
16	248
16	254
16	260
16	266
16	272
16	278
16	284
16	289
16	295
16	300
16	306
16	311
16	317
16	323
16	329
16	335
16	341
16	348
16	355
16	363
16	371
16	380
16	392
17	169
17	179
17	187
17	194
17	201
17	207
17	213
17	218
17	224
17	229
17	235
17	240
17	245
17	251
17	256
17	262
17	267
17	272
17	277
17	282
17	287
17	292
17	297
17	302
17	307
17	312
17	317
17	322
17	327
17	332
17	337
17	343
17	348
17	354
17	360
17	366
17	373
17	380
17	388
17	397
17	408
18	159
18	169
18	177
18	184
18	190
18	195
18	201
18	205
18	210
18	214
18	219
18	223
18	228
18	232
18	236
18	240
18	244
18	248
18	252
18	256
18	260
18	264
18	268
18	272
18	276
18	280
18	284
18	288
18	291
18	295
18	299
18	302
18	306
18	310
18	314
18	318
18	322
18	326
18	330
18	334
18	338
18	342
18	346
18	350
18	355
18	359
18	364
18	369
18	375
18	380
18	386
18	393
18	400
18	408
18	418
19	153
19	163
19	171
19	178
19	183
19	189
19	194
19	199
19	203
19	208
19	212
19	216
19	220
19	224
19	228
19	232
19	236
19	240
19	244
19	247
19	251
19	255
19	258
19	262
19	265
19	269
19	272
19	276
19	279
19	283
19	286
19	290
19	293
19	297
19	300
19	304
19	307
19	311
19	314
19	318
19	321
19	325
19	328
19	332
19	336
19	339
19	344
19	347
19	352
19	356
19	360
19	365
19	370
19	375
19	381
19	387
19	394
19	401
19	409
19	419
20	158
20	168
20	176
20	183
20	190
20	196
20	202
20	208
20	213
20	218
20	223
20	228
20	233
20	237
20	242
20	246
20	251
20	255
20	259
20	263
20	267
20	271
20	275
20	279
20	283
20	287
20	291
20	295
20	299
20	303
20	307
20	311
20	316
20	320
20	325
20	329
20	334
20	339
20	344
20	349
20	355
20	361
20	367
20	374
20	382
20	391
20	401
21	167
21	178
21	187
21	196
21	204
21	211
21	218
21	224
21	230
21	236
21	242
21	248
21	253
21	259
21	264
21	269
21	274
21	279
21	284
21	289
21	294
21	299
21	304
21	309
21	314
21	319
21	325
21	330
21	336
21	342
21	348
21	355
21	362
21	370
21	379
21	389
22	178
22	189
22	199
22	208
22	217
22	225
22	233
22	241
22	248
22	255
22	262
22	268
22	274
22	280
22	286
22	292
22	297
22	303
22	308
22	314
22	319
22	325
22	331
22	337
22	343
22	349
22	356
22	363
22	371
22	380
22	391
23	179
23	190
23	199
23	208
23	216
23	224
23	231
23	238
23	245
23	251
23	257
23	263
23	269
23	274
23	279
23	284
23	289
23	293
23	298
23	302
23	307
23	311
23	316
23	320
23	325
23	329
23	334
23	339
23	344
23	349
23	355
23	361
23	367
23	374
23	382
23	391
23	401
24	168
24	178
24	186
24	193
24	200
24	206
24	212
24	218
24	223
24	229
24	234
24	239
24	243
24	248
24	252
24	256
24	261
24	264
24	269
24	272
24	276
24	280
24	283
24	287
24	290
24	294
24	297
24	301
24	304
24	307
24	311
24	314
24	317
24	321
24	324
24	328
24	331
24	335
24	338
24	342
24	345
24	349
24	353
24	357
24	361
24	366
24	370
24	376
24	381
24	387
24	394
24	402
24	411
24	422
25	159
25	169
25	177
25	183
25	189
25	194
25	199
25	204
25	208
25	213
25	217
25	221
25	225
25	229
25	233
25	237
25	240
25	244
25	247
25	251
25	254
25	258
25	261
25	264
25	267
25	271
25	273
25	277
25	279
25	282
25	285
25	288
25	291
25	293
25	296
25	299
25	302
25	304
25	307
25	310
25	312
25	315
25	318
25	320
25	324
25	326
25	329
25	332
25	335
25	338
25	341
25	344
25	347
25	350
25	354
25	357
25	361
25	365
25	368
25	373
25	377
25	382
25	387
25	392
25	398
25	404
25	411
25	419
25	428
26	150
26	159
26	166
26	172
26	177
26	181
26	185
26	189
26	192
26	196
26	199
26	203
26	206
26	209
26	212
26	215
26	218
26	221
26	224
26	227
26	230
26	233
26	236
26	239
26	242
26	244
26	248
26	250
26	253
26	256
26	259
26	261
26	264
26	267
26	269
26	272
26	275
26	277
26	280
26	283
26	285
26	288
26	291
26	293
26	296
26	299
26	301
26	305
26	307
26	310
26	313
26	316
26	319
26	322
26	325
26	328
26	331
26	334
26	337
26	340
26	344
26	347
26	350
26	354
26	357
26	361
26	365
26	369
26	374
26	378
26	383
26	388
26	394
26	400
26	407
26	414
26	423
26	433
27	147
27	154
27	161
27	165
27	171
27	174
27	179
27	182
27	185
27	189
27	192
27	195
27	198
27	201
27	204
27	207
27	210
27	213
27	216
27	219
27	222
27	225
27	228
27	231
27	234
27	237
27	240
27	243
27	246
27	249
27	252
27	255
27	258
27	261
27	264
27	267
27	270
27	274
27	277
27	280
27	284
27	287
27	291
27	294
27	298
27	301
27	305
27	309
27	313
27	317
27	321
27	325
27	329
27	334
27	338
27	343
27	348
27	353
27	358
27	364
27	369
27	375
27	381
27	388
27	395
27	403
27	412
27	424
28	146
28	153
28	160
28	165
28	170
28	174
28	179
28	182
28	187
28	190
28	194
28	198
28	201
28	205
28	209
28	212
28	216
28	220
28	224
28	228
28	232
28	236
28	240
28	244
28	248
28	253
28	257
28	262
28	267
28	272
28	277
28	282
28	287
28	292
28	297
28	303
28	308
28	314
28	320
28	326
28	332
28	339
28	346
28	353
28	360
28	368
28	376
28	385
28	395
28	407
29	149
29	158
29	166
29	173
29	179
29	185
29	191
29	197
29	203
29	209
29	215
29	221
29	227
29	233
29	239
29	245
29	251
29	257
29	263
29	269
29	275
29	281
29	287
29	293
29	299
29	306
29	313
29	320
29	327
29	334
29	342
29	350
29	358
29	367
29	377
29	389
30	157
30	167
30	176
30	184
30	192
30	199
30	206
30	213
30	220
30	227
30	234
30	241
30	247
30	253
30	259
30	265
30	271
30	277
30	282
30	288
30	293
30	299
30	304
30	310
30	315
30	321
30	327
30	333
30	339
30	345
30	352
30	359
30	367
30	376
30	386
31	162
31	173
31	182
31	191
31	199
31	207
31	214
31	221
31	228
31	234
31	240
31	245
31	251
31	256
31	261
31	265
31	270
31	274
31	278
31	282
31	286
31	290
31	294
31	298
31	302
31	305
31	309
31	313
31	316
31	320
31	324
31	328
31	332
31	336
31	340
31	344
31	348
31	353
31	357
31	362
31	367
31	373
31	379
31	386
31	394
31	403
31	414
32	163
32	173
32	182
32	190
32	198
32	205
32	211
32	217
32	222
32	227
32	232
32	235
32	240
32	243
32	247
32	251
32	253
32	257
32	260
32	263
32	266
32	269
32	272
32	274
32	278
32	280
32	283
32	285
32	288
32	291
32	293
32	295
32	298
32	300
32	303
32	305
32	307
32	310
32	312
32	315
32	317
32	319
32	322
32	324
32	327
32	329
32	332
32	334
32	337
32	339
32	342
32	345
32	347
32	350
32	353
32	356
32	359
32	362
32	366
32	368
32	373
32	376
32	380
32	385
32	389
32	394
32	399
32	405
32	412
32	420
32	430
33	168
33	178
33	187
33	194
33	200
33	205
33	211
33	214
33	219
33	222
33	226
33	229
33	232
33	235
33	238
33	241
33	243
33	246
33	249
33	251
33	253
33	256
33	258
33	261
33	262
33	265
33	267
33	269
33	272
33	273
33	276
33	278
33	280
33	282
33	284
33	286
33	288
33	290
33	292
33	294
33	296
33	298
33	300
33	302
33	304
33	306
33	308
33	310
33	312
33	314
33	316
33	318
33	320
33	322
33	324
33	326
33	328
33	330
33	332
33	334
33	336
33	338
33	340
33	343
33	345
33	347
33	349
33	352
33	354
33	356
33	359
33	361
33	364
33	367
33	369
33	373
33	375
33	379
33	382
33	386
33	389
33	394
33	397
33	402
33	407
33	413
33	419
33	427
33	436
34	167
34	176
34	183
34	190
34	195
34	201
34	204
34	209
34	212
34	215
34	219
34	222
34	224
34	228
34	230
34	233
34	235
34	238
34	241
34	242
34	245
34	248
34	250
34	252
34	255
34	257
34	259
34	262
34	263
34	266
34	268
34	270
34	272
34	275
34	277
34	279
34	281
34	284
34	286
34	288
34	290
34	293
34	295
34	297
34	300
34	302
34	304
34	307
34	309
34	311
34	314
34	316
34	319
34	321
34	324
34	326
34	329
34	331
34	334
34	337
34	339
34	342
34	345
34	347
34	350
34	353
34	356
34	359
34	362
34	366
34	369
34	373
34	376
34	380
34	384
34	388
34	393
34	397
34	403
34	408
34	415
34	422
34	431
35	158
35	168
35	175
35	181
35	186
35	191
35	195
35	200
35	203
35	207
35	211
35	213
35	217
35	220
35	223
35	226
35	229
35	232
35	234
35	238
35	240
35	243
35	246
35	249
35	251
35	254
35	257
35	260
35	263
35	266
35	269
35	272
35	275
35	278
35	281
35	284
35	287
35	290
35	294
35	297
35	300
35	304
35	307
35	311
35	315
35	318
35	323
35	326
35	331
35	335
35	339
35	344
35	349
35	354
35	359
35	365
35	371
35	377
35	383
35	390
35	397
35	405
35	414
35	425
36	149
36	158
36	165
36	172
36	177
36	182
36	186
36	191
36	193
36	198
36	201
36	204
36	208
36	211
36	214
36	217
36	220
36	223
36	226
36	229
36	232
36	235
36	238
36	241
36	245
36	247
36	251
36	254
36	258
36	261
36	265
36	269
36	273
36	277
36	281
36	286
36	290
36	295
36	300
36	305
36	310
36	316
36	322
36	328
36	335
36	342
36	350
36	359
36	368
36	378
36	389
37	148
37	157
37	164
37	170
37	175
37	181
37	185
37	190
37	194
37	198
37	202
37	206
37	210
37	214
37	218
37	222
37	226
37	230
37	234
37	238
37	242
37	247
37	251
37	256
37	261
37	266
37	271
37	277
37	283
37	289
37	295
37	302
37	309
37	316
37	324
37	333
37	342
37	353
38	151
38	161
38	170
38	177
38	183
38	189
38	194
38	199
38	204
38	209
38	214
38	219
38	224
38	229
38	235
38	240
38	246
38	252
38	258
38	265
38	272
38	279
38	287
38	295
38	304
38	314
38	325
39	152
39	162
39	171
39	179
39	186
39	192
39	198
39	204
39	210
39	216
39	222
39	228
39	235
39	242
39	249
39	256
39	264
39	272
39	280
39	289
39	298
39	308
39	319
40	151
40	161
40	169
40	176
40	183
40	189
40	195
40	201
40	207
40	214
40	220
40	227
40	234
40	241
40	249
40	257
40	266
40	275
40	285
40	295
40	306
41	168
41	178
41	187
41	195
41	203
41	211
41	219
41	227
41	236
41	245
41	255
41	265
41	276
42	188
42	199
42	210
42	221
42	232
42	244
43	182
43	193
43	203
43	213
43	223
43	234
43	246
44	181
44	193
44	204
44	215
44	226
45	170
45	181
45	191
45	201
45	211
45	222
45	233
46	170
46	181
46	192
46	202
46	212
46	223
46	235
55	210
55	224
56	188
56	221
61	212
61	225
62	206
62	217
62	227
62	237
62	247
62	258
62	269
62	282
63	221
63	232
63	243
63	254
63	265
63	276
63	287
63	299
64	201
64	212
64	222
64	232
64	242
64	252
64	262
64	272
64	282
64	292
64	302
64	313
64	325
65	188
65	197
65	204
65	211
65	218
65	224
65	230
65	236
65	242
65	248
65	254
65	261
65	268
65	275
65	283
65	291
65	299
65	307
65	315
65	324
65	333
65	343
65	355
66	180
66	189
66	195
66	201
66	205
66	210
66	213
66	218
66	221
66	225
66	228
66	232
66	235
66	239
66	242
66	246
66	249
66	253
66	257
66	260
66	265
66	268
66	273
66	277
66	282
66	286
66	291
66	296
66	301
66	307
66	313
66	319
66	325
66	332
66	339
66	347
66	356
66	366
67	180
67	189
67	195
67	201
67	205
67	210
67	213
67	217
67	220
67	223
67	226
67	229
67	232
67	234
67	237
67	240
67	242
67	245
67	247
67	250
67	253
67	255
67	258
67	260
67	264
67	266
67	269
67	272
67	275
67	278
67	281
67	284
67	287
67	290
67	294
67	296
67	300
67	303
67	307
67	310
67	314
67	318
67	322
67	326
67	330
67	335
67	339
67	344
67	349
67	355
67	361
67	367
67	374
67	382
67	391
67	401
68	197
68	207
68	216
68	223
68	230
68	234
68	239
68	242
68	246
68	250
68	253
68	256
68	260
68	262
68	266
68	269
68	272
68	275
68	278
68	281
68	284
68	287
68	290
68	293
68	296
68	299
68	302
68	305
68	308
68	311
68	314
68	317
68	320
68	324
68	327
68	330
68	334
68	337
68	341
68	344
68	348
68	352
68	356
68	360
68	365
68	369
68	374
68	379
68	385
68	391
68	398
68	406
68	415
68	426
69	191
69	201
69	210
69	218
69	226
69	233
69	240
69	245
69	251
69	254
69	259
69	262
69	266
69	269
69	273
69	276
69	279
69	283
69	285
69	289
69	292
69	295
69	299
69	302
69	305
69	309
69	312
69	316
69	319
69	323
69	326
69	330
69	333
69	337
69	340
69	344
69	347
69	351
69	355
69	359
69	364
69	368
69	373
69	378
69	384
69	390
69	397
69	405
69	415
70	187
70	195
70	202
70	208
70	213
70	218
70	222
70	227
70	231
70	236
70	240
70	245
70	249
70	253
70	257
70	261
70	264
70	268
70	271
70	274
70	278
70	281
70	284
70	287
70	290
70	293
70	296
70	299
70	302
70	305
70	308
70	311
70	315
70	317
70	321
70	324
70	328
70	331
70	335
70	338
70	342
70	346
70	350
70	355
70	359
70	364
70	369
70	375
70	381
70	388
70	396
70	405
71	186
71	193
71	200
71	204
71	209
71	212
71	216
71	220
71	223
71	226
71	230
71	232
71	235
71	238
71	241
71	244
71	247
71	250
71	253
71	256
71	259
71	262
71	265
71	268
71	272
71	275
71	278
71	282
71	285
71	288
71	292
71	295
71	298
71	302
71	305
71	308
71	312
71	315
71	318
71	322
71	325
71	328
71	332
71	335
71	339
71	342
71	346
71	350
71	354
71	358
71	362
71	367
71	371
71	376
71	382
71	388
71	395
71	403
71	412
72	198
72	208
72	215
72	222
72	227
72	232
72	236
72	241
72	244
72	249
72	252
72	256
72	259
72	263
72	266
72	270
72	274
72	277
72	281
72	285
72	289
72	293
72	297
72	302
72	306
72	311
72	316
72	321
72	326
72	331
72	336
72	341
72	347
72	353
72	359
72	365
72	372
72	380
72	389
72	400
73	248
73	258
73	265
73	272
73	278
73	284
73	289
73	294
73	299
73	304
73	309
73	315
73	320
73	326
73	332
73	338
73	344
73	350
73	357
73	364
73	372
73	381
73	391
74	190
74	200
74	210
74	219
74	228
74	238
74	249
74	260
74	270
74	279
74	287
74	294
74	301
74	307
74	313
74	319
74	325
74	330
74	336
74	341
74	347
74	352
74	358
74	364
74	370
74	377
74	385
74	394
74	404
75	183
75	192
75	200
75	207
75	213
75	219
75	225
75	231
75	237
75	243
75	249
75	255
75	262
75	269
75	277
75	286
75	295
75	305
75	315
75	325
75	334
75	344
75	354
75	365
76	188
76	198
76	206
76	213
76	220
76	227
76	233
76	239
76	245
76	251
76	257
76	264
76	271
76	278
76	285
76	293
76	302
76	312
76	323
-1	-1
