-1	-1
11	161
11	172
11	182
11	192
11	202
11	213
12	161
12	172
12	182
12	192
12	202
12	214
13	161
13	172
13	183
13	194
13	206
15	266
15	278
15	290
15	302
15	356
16	217
16	229
16	240
16	251
16	261
16	271
16	281
16	290
16	300
16	310
16	320
16	330
16	340
16	350
16	359
16	368
16	377
16	387
16	399
17	190
17	201
17	211
17	221
17	230
17	239
17	248
17	256
17	264
17	272
17	279
17	286
17	293
17	300
17	307
17	314
17	322
17	330
17	338
17	346
17	353
17	360
17	367
17	374
17	382
17	390
17	399
17	410
18	182
18	192
18	201
18	210
18	218
18	226
18	233
18	240
18	247
18	254
18	261
18	268
18	274
18	280
18	286
18	292
18	298
18	304
18	310
18	317
18	324
18	331
18	338
18	345
18	352
18	358
18	365
18	372
18	379
18	387
18	396
18	406
19	176
19	186
19	194
19	202
19	209
19	216
19	222
19	228
19	234
19	240
19	246
19	252
19	258
19	263
19	269
19	274
19	280
19	285
19	290
19	295
19	300
19	305
19	311
19	316
19	322
19	327
19	333
19	339
19	345
19	351
19	357
19	363
19	370
19	377
19	385
19	395
20	167
20	176
20	184
20	191
20	197
20	202
20	207
20	212
20	217
20	222
20	227
20	231
20	236
20	240
20	245
20	249
20	254
20	258
20	262
20	266
20	270
20	274
20	278
20	282
20	286
20	290
20	294
20	298
20	302
20	306
20	310
20	314
20	318
20	323
20	327
20	332
20	336
20	341
20	345
20	350
20	355
20	360
20	365
20	371
20	377
20	384
20	392
20	401
20	413
21	159
21	168
21	175
21	182
21	187
21	192
21	197
21	202
21	206
21	211
21	215
21	220
21	224
21	228
21	232
21	236
21	240
21	244
21	248
21	252
21	256
21	260
21	264
21	267
21	271
21	275
21	278
21	282
21	286
21	289
21	293
21	296
21	300
21	304
21	307
21	311
21	315
21	318
21	322
21	326
21	330
21	334
21	338
21	342
21	346
21	350
21	354
21	358
21	363
21	367
21	372
21	377
21	383
21	389
21	396
21	405
21	415
22	159
22	168
22	175
22	182
22	188
22	193
22	199
22	203
22	208
22	213
22	218
22	222
22	227
22	231
22	236
22	240
22	244
22	249
22	253
22	257
22	261
22	265
22	269
22	273
22	277
22	281
22	285
22	289
22	293
22	297
22	301
22	305
22	309
22	313
22	317
22	321
22	325
22	329
22	333
22	337
22	341
22	345
22	349
22	354
22	358
22	363
22	368
22	373
22	379
22	385
22	392
22	400
22	409
23	167
23	177
23	185
23	192
23	199
23	205
23	211
23	217
23	223
23	228
23	233
23	238
23	243
23	248
23	253
23	258
23	263
23	268
23	272
23	277
23	281
23	286
23	290
23	295
23	299
23	304
23	308
23	313
23	317
23	322
23	326
23	331
23	336
23	340
23	345
23	350
23	355
23	360
23	365
23	370
23	376
23	382
23	388
23	395
23	403
23	413
24	178
24	188
24	196
24	203
24	210
24	216
24	222
24	228
24	233
24	238
24	243
24	248
24	252
24	257
24	261
24	265
24	269
24	273
24	277
24	281
24	285
24	289
24	293
24	297
24	300
24	304
24	308
24	311
24	315
24	319
24	322
24	326
24	330
24	333
24	337
24	340
24	344
24	348
24	351
24	355
24	359
24	362
24	366
24	370
24	374
24	378
24	383
24	388
24	393
24	399
24	405
24	412
24	420
24	429
25	171
25	181
25	189
25	196
25	202
25	208
25	213
25	218
25	223
25	227
25	232
25	235
25	240
25	243
25	247
25	251
25	253
25	257
25	260
25	263
25	266
25	269
25	272
25	275
25	278
25	281
25	283
25	286
25	289
25	292
25	294
25	297
25	300
25	302
25	305
25	308
25	310
25	313
25	316
25	318
25	321
25	324
25	326
25	329
25	332
25	334
25	337
25	340
25	343
25	345
25	349
25	351
25	354
25	357
25	360
25	363
25	366
25	369
25	373
25	376
25	379
25	384
25	387
25	392
25	396
25	401
25	406
25	412
25	418
25	425
25	433
25	443
26	163
26	172
26	180
26	186
26	192
26	196
26	201
26	205
26	209
26	213
26	216
26	220
26	223
26	226
26	230
26	232
26	236
26	238
26	242
26	244
26	247
26	250
26	252
26	255
26	258
26	260
26	263
26	265
26	268
26	270
26	273
26	275
26	277
26	280
26	282
26	284
26	287
26	289
26	291
26	294
26	296
26	298
26	301
26	303
26	305
26	308
26	310
26	313
26	315
26	318
26	320
26	323
26	325
26	328
26	330
26	333
26	336
26	338
26	341
26	344
26	346
26	349
26	352
26	355
26	358
26	361
26	364
26	367
26	370
26	373
26	376
26	379
26	383
26	386
26	390
26	394
26	398
26	403
26	408
26	414
26	420
26	427
26	435
26	445
27	159
27	168
27	174
27	180
27	184
27	189
27	193
27	197
27	201
27	204
27	208
27	211
27	214
27	217
27	220
27	223
27	226
27	229
27	232
27	235
27	238
27	241
27	244
27	247
27	250
27	253
27	256
27	259
27	262
27	265
27	268
27	271
27	274
27	277
27	280
27	283
27	286
27	289
27	292
27	295
27	298
27	301
27	304
27	307
27	310
27	314
27	317
27	320
27	324
27	327
27	331
27	335
27	338
27	342
27	346
27	350
27	354
27	358
27	362
27	366
27	370
27	375
27	379
27	384
27	389
27	395
27	401
27	408
27	416
27	425
28	159
28	168
28	175
28	181
28	186
28	191
28	194
28	199
28	202
28	206
28	210
28	213
28	217
28	220
28	224
28	227
28	231
28	234
28	238
28	242
28	245
28	249
28	253
28	257
28	261
28	265
28	269
28	273
28	277
28	281
28	285
28	289
28	294
28	298
28	303
28	307
28	312
28	317
28	322
28	328
28	334
28	340
28	346
28	352
28	359
28	366
28	373
28	381
28	390
28	400
29	159
29	168
29	176
29	182
29	188
29	193
29	198
29	203
29	207
29	212
29	216
29	221
29	226
29	231
29	236
29	241
29	246
29	251
29	257
29	262
29	268
29	274
29	280
29	286
29	292
29	298
29	305
29	312
29	319
29	327
29	335
29	343
29	351
29	360
29	369
29	378
29	388
30	159
30	169
30	177
30	184
30	190
30	196
30	202
30	207
30	213
30	218
30	224
30	230
30	236
30	242
30	248
30	254
30	260
30	266
30	272
30	279
30	285
30	292
30	299
30	306
30	313
30	320
30	327
30	334
30	341
30	348
30	355
30	362
30	370
30	378
30	387
30	397
31	157
31	166
31	174
31	181
31	188
31	194
31	200
31	206
31	212
31	218
31	224
31	230
31	236
31	242
31	248
31	254
31	259
31	265
31	270
31	276
31	281
31	287
31	292
31	298
31	303
31	309
31	314
31	320
31	325
31	331
31	336
31	341
31	346
31	351
31	356
31	361
31	366
31	371
31	377
31	383
31	389
31	396
31	404
31	413
31	425
32	158
32	168
32	176
32	184
32	191
32	198
32	205
32	212
32	218
32	224
32	230
32	236
32	241
32	246
32	251
32	256
32	261
32	265
32	270
32	274
32	278
32	282
32	286
32	290
32	294
32	298
32	302
32	305
32	309
32	313
32	316
32	320
32	323
32	327
32	330
32	333
32	337
32	340
32	343
32	347
32	350
32	353
32	356
32	359
32	363
32	366
32	369
32	373
32	376
32	380
32	384
32	388
32	393
32	397
32	403
32	408
32	415
32	422
32	431
33	170
33	181
33	190
33	198
33	205
33	211
33	217
33	222
33	227
33	232
33	236
33	240
33	243
33	247
33	251
33	253
33	257
33	260
33	263
33	266
33	269
33	272
33	274
33	277
33	280
33	282
33	285
33	287
33	290
33	292
33	294
33	297
33	299
33	301
33	304
33	306
33	308
33	311
33	312
33	315
33	317
33	319
33	321
33	323
33	326
33	327
33	330
33	332
33	334
33	336
33	338
33	340
33	342
33	344
33	346
33	348
33	350
33	353
33	355
33	357
33	359
33	362
33	364
33	366
33	369
33	371
33	374
33	377
33	379
33	383
33	386
33	389
33	393
33	396
33	400
33	405
33	409
33	415
33	421
33	428
33	436
33	446
34	180
34	190
34	198
34	204
34	210
34	214
34	219
34	222
34	226
34	230
34	232
34	236
34	239
34	242
34	244
34	247
34	250
34	252
34	254
34	257
34	259
34	261
34	263
34	265
34	268
34	269
34	272
34	273
34	275
34	277
34	279
34	281
34	283
34	284
34	287
34	288
34	290
34	292
34	294
34	295
34	297
34	299
34	301
34	302
34	304
34	306
34	308
34	309
34	311
34	313
34	315
34	316
34	318
34	320
34	322
34	324
34	325
34	327
34	329
34	331
34	333
34	335
34	337
34	338
34	341
34	343
34	345
34	347
34	349
34	351
34	354
34	356
34	358
34	360
34	363
34	365
34	368
34	370
34	374
34	376
34	379
34	383
34	386
34	389
34	394
34	397
34	402
34	407
34	413
34	419
34	426
34	435
34	446
35	178
35	187
35	194
35	200
35	204
35	209
35	212
35	216
35	220
35	222
35	226
35	229
35	232
35	234
35	237
35	240
35	242
35	245
35	247
35	250
35	252
35	255
35	257
35	260
35	262
35	264
35	267
35	269
35	271
35	273
35	276
35	278
35	280
35	282
35	284
35	287
35	288
35	291
35	293
35	295
35	297
35	300
35	302
35	304
35	306
35	309
35	311
35	313
35	316
35	318
35	320
35	323
35	325
35	328
35	330
35	333
35	336
35	338
35	341
35	344
35	347
35	350
35	353
35	357
35	359
35	364
35	367
35	371
35	376
35	380
35	385
35	390
35	396
35	403
35	411
35	420
36	173
36	182
36	189
36	194
36	199
36	203
36	207
36	211
36	214
36	218
36	221
36	224
36	227
36	230
36	233
36	236
36	239
36	242
36	245
36	248
36	251
36	254
36	257
36	260
36	263
36	266
36	269
36	272
36	275
36	278
36	281
36	284
36	287
36	290
36	294
36	297
36	300
36	304
36	307
36	311
36	315
36	319
36	323
36	328
36	332
36	337
36	342
36	347
36	353
36	359
36	366
36	373
36	381
36	391
36	404
37	163
37	172
37	180
37	186
37	191
37	196
37	200
37	204
37	208
37	212
37	215
37	219
37	222
37	226
37	229
37	233
37	236
37	240
37	243
37	247
37	251
37	255
37	259
37	263
37	267
37	271
37	276
37	280
37	285
37	289
37	294
37	299
37	305
37	310
37	316
37	322
37	329
37	336
37	344
37	353
37	363
38	158
38	167
38	174
38	181
38	186
38	191
38	195
38	200
38	204
38	208
38	212
38	216
38	220
38	224
38	228
38	233
38	237
38	242
38	247
38	252
38	257
38	262
38	267
38	273
38	279
38	285
38	291
38	298
38	305
38	313
38	321
38	330
38	340
38	351
39	158
39	167
39	175
39	182
39	188
39	193
39	198
39	203
39	208
39	213
39	218
39	223
39	228
39	234
39	239
39	245
39	251
39	257
39	264
39	271
39	278
39	286
39	294
39	303
39	312
39	322
39	334
40	159
40	169
40	177
40	184
40	191
40	198
40	204
40	211
40	217
40	224
40	231
40	238
40	245
40	253
40	261
40	269
40	278
40	287
40	297
40	307
40	319
41	177
41	187
41	196
41	205
41	214
41	223
41	232
41	241
41	250
41	260
41	270
41	281
41	292
41	305
42	182
42	193
42	203
42	213
42	223
42	233
42	244
42	255
42	266
42	280
43	186
43	197
43	207
43	217
43	227
43	237
43	248
43	260
44	191
44	203
44	214
44	225
44	237
45	199
45	214
63	272
63	285
63	297
63	310
64	200
64	211
64	221
64	231
64	241
64	252
64	262
64	272
64	282
64	291
64	300
64	309
64	318
64	327
64	337
64	347
64	358
65	187
65	196
65	204
65	211
65	218
65	225
65	232
65	239
65	246
65	253
65	260
65	267
65	274
65	281
65	288
65	295
65	302
65	309
65	317
65	325
65	333
65	341
65	350
65	359
65	369
65	380
66	182
66	191
66	198
66	203
66	208
66	212
66	216
66	221
66	224
66	229
66	232
66	237
66	240
66	245
66	248
66	253
66	257
66	261
66	265
66	269
66	273
66	277
66	282
66	286
66	291
66	295
66	300
66	304
66	309
66	314
66	319
66	324
66	329
66	335
66	341
66	347
66	353
66	359
66	366
66	373
66	380
66	388
66	397
66	408
67	180
67	189
67	194
67	200
67	203
67	208
67	211
67	214
67	217
67	221
67	222
67	226
67	228
67	231
67	234
67	236
67	239
67	242
67	244
67	247
67	250
67	252
67	256
67	258
67	261
67	264
67	267
67	270
67	273
67	276
67	279
67	282
67	285
67	288
67	291
67	294
67	297
67	300
67	303
67	306
67	309
67	312
67	315
67	318
67	321
67	324
67	327
67	330
67	334
67	337
67	340
67	344
67	347
67	351
67	355
67	358
67	363
67	366
67	371
67	375
67	379
67	384
67	389
67	394
67	400
67	406
67	413
67	421
67	431
68	181
68	191
68	199
68	206
68	212
68	216
68	221
68	223
68	228
68	231
68	233
68	237
68	239
68	242
68	245
68	247
68	250
68	253
68	255
68	258
68	261
68	263
68	266
68	269
68	271
68	274
68	277
68	280
68	283
68	286
68	289
68	292
68	295
68	298
68	301
68	304
68	307
68	310
68	313
68	316
68	319
68	322
68	325
68	328
68	331
68	334
68	337
68	340
68	343
68	346
68	349
68	353
68	356
68	359
68	363
68	366
68	370
68	373
68	377
68	380
68	384
68	388
68	392
68	396
68	401
68	406
68	412
68	418
68	425
68	433
68	443
69	187
69	197
69	206
69	214
69	221
69	228
69	233
69	238
69	242
69	245
69	249
69	252
69	255
69	258
69	261
69	264
69	267
69	270
69	273
69	276
69	279
69	282
69	285
69	288
69	291
69	294
69	297
69	300
69	304
69	307
69	310
69	314
69	317
69	321
69	324
69	328
69	331
69	335
69	338
69	342
69	345
69	349
69	352
69	356
69	359
69	363
69	366
69	370
69	373
69	377
69	380
69	384
69	388
69	392
69	397
69	401
69	407
69	412
69	418
69	426
69	435
69	446
70	187
70	196
70	203
70	210
70	216
70	222
70	228
70	234
70	240
70	245
70	250
70	254
70	259
70	262
70	266
70	270
70	273
70	276
70	280
70	282
70	286
70	289
70	292
70	295
70	298
70	301
70	304
70	307
70	310
70	313
70	316
70	319
70	322
70	325
70	328
70	331
70	334
70	337
70	340
70	343
70	346
70	349
70	352
70	355
70	358
70	361
70	365
70	367
70	371
70	375
70	378
70	382
70	386
70	390
70	395
70	400
70	406
70	412
70	419
70	428
71	187
71	195
71	202
71	207
71	212
71	216
71	221
71	224
71	229
71	232
71	236
71	240
71	244
71	248
71	252
71	256
71	260
71	264
71	268
71	272
71	276
71	280
71	284
71	288
71	292
71	296
71	300
71	303
71	307
71	311
71	314
71	318
71	321
71	325
71	328
71	332
71	335
71	339
71	342
71	346
71	350
71	353
71	357
71	361
71	365
71	369
71	374
71	378
71	383
71	388
71	394
71	400
71	407
71	416
71	427
72	191
72	201
72	209
72	215
72	221
72	226
72	231
72	235
72	240
72	243
72	248
72	251
72	256
72	259
72	264
72	267
72	272
72	276
72	281
72	285
72	290
72	295
72	300
72	306
72	311
72	317
72	323
72	329
72	334
72	340
72	345
72	350
72	355
72	360
72	366
72	371
72	377
72	383
72	389
72	396
72	404
72	413
72	424
73	230
73	240
73	248
73	255
73	261
73	267
73	272
73	278
73	283
73	288
73	293
73	298
73	303
73	308
73	313
73	318
73	322
73	327
73	331
73	336
73	340
73	345
73	349
73	354
73	358
73	363
73	368
73	373
73	378
73	383
73	388
73	394
73	399
73	406
73	413
73	421
73	430
74	190
74	201
74	211
74	221
74	232
74	246
74	258
74	268
74	277
74	285
74	292
74	299
74	305
74	311
74	316
74	322
74	327
74	333
74	338
74	344
74	350
74	356
74	362
74	368
74	373
74	379
74	384
74	389
74	395
74	401
74	407
74	414
74	422
74	431
74	443
75	183
75	192
75	200
75	207
75	213
75	219
75	225
75	231
75	237
75	244
75	251
75	258
75	266
75	275
75	285
75	297
75	351
75	361
75	370
75	378
75	386
75	394
75	403
75	413
76	189
76	199
76	207
76	214
76	221
76	228
76	235
76	242
76	249
76	256
76	263
76	270
76	278
76	286
76	295
76	305
76	315
76	326
76	337
76	348
76	358
76	369
-1	-1
