-1	-1
0	179
0	190
0	201
6	199
6	211
6	223
6	236
7	187
7	198
7	208
7	218
7	228
7	238
7	249
7	260
7	272
8	167
8	177
8	186
8	195
8	203
8	211
8	219
8	227
8	235
8	243
8	252
8	261
8	270
8	279
8	289
8	299
8	309
8	320
8	331
8	343
9	162
9	172
9	180
9	187
9	194
9	201
9	208
9	215
9	222
9	229
9	236
9	243
9	250
9	257
9	264
9	271
9	278
9	285
9	292
9	299
9	307
9	315
9	323
9	331
9	339
9	348
9	357
9	366
9	376
9	386
9	396
9	407
10	162
10	172
10	181
10	189
10	197
10	205
10	213
10	221
10	229
10	237
10	244
10	251
10	258
10	265
10	272
10	279
10	286
10	293
10	300
10	307
10	314
10	321
10	328
10	335
10	342
10	349
10	356
10	363
10	370
10	377
10	385
10	393
10	401
10	410
10	420
11	167
11	178
11	188
11	198
11	208
11	218
11	228
11	238
11	248
11	258
11	267
11	276
11	284
11	292
11	300
11	307
11	314
11	321
11	328
11	335
11	342
11	349
11	356
11	363
11	369
11	376
11	382
11	389
11	396
11	403
11	410
11	417
11	425
11	434
11	445
12	171
12	182
12	192
12	202
12	212
12	222
12	233
12	244
12	255
12	267
12	278
12	289
12	299
12	309
12	318
12	326
12	334
12	342
12	350
12	358
12	365
12	372
12	379
12	386
12	394
12	402
12	410
12	418
12	427
12	438
13	179
13	190
13	200
13	210
13	220
13	229
13	239
13	249
13	259
13	270
13	281
13	294
13	331
13	344
13	356
13	367
13	378
13	389
13	402
14	170
14	180
14	189
14	198
14	206
14	214
14	222
14	230
14	238
14	246
14	254
14	262
14	270
14	279
14	288
14	298
14	309
15	166
15	176
15	184
15	192
15	199
15	206
15	212
15	219
15	225
15	231
15	237
15	243
15	249
15	256
15	263
15	270
15	277
15	284
15	292
15	300
15	308
15	317
15	327
15	338
16	160
16	170
16	178
16	185
16	192
16	198
16	204
16	209
16	214
16	219
16	224
16	229
16	234
16	239
16	244
16	249
16	254
16	259
16	265
16	270
16	276
16	282
16	288
16	294
16	300
16	307
16	314
16	321
16	328
16	336
16	344
16	353
16	363
16	374
17	159
17	169
17	177
17	184
17	191
17	197
17	203
17	208
17	213
17	218
17	223
17	227
17	232
17	236
17	240
17	244
17	248
17	252
17	256
17	260
17	264
17	268
17	272
17	277
17	281
17	286
17	290
17	295
17	300
17	305
17	310
17	315
17	320
17	325
17	331
17	336
17	342
17	348
17	354
17	361
17	368
17	375
17	383
17	391
17	400
17	410
18	161
18	171
18	179
18	187
18	194
18	200
18	205
18	211
18	215
18	220
18	224
18	228
18	232
18	236
18	240
18	243
18	247
18	250
18	254
18	257
18	261
18	264
18	267
18	271
18	273
18	277
18	280
18	283
18	287
18	290
18	293
18	297
18	300
18	303
18	307
18	310
18	314
18	317
18	321
18	324
18	328
18	331
18	335
18	339
18	343
18	347
18	351
18	355
18	359
18	364
18	368
18	373
18	378
18	383
18	389
18	395
18	401
18	408
18	415
18	423
18	432
18	443
19	167
19	177
19	186
19	194
19	201
19	207
19	212
19	217
19	222
19	226
19	231
19	234
19	239
19	242
19	246
19	250
19	253
19	257
19	260
19	263
19	267
19	270
19	273
19	276
19	279
19	282
19	285
19	288
19	291
19	294
19	297
19	300
19	303
19	306
19	309
19	312
19	315
19	318
19	321
19	324
19	327
19	330
19	333
19	336
19	339
19	342
19	345
19	348
19	351
19	354
19	357
19	360
19	364
19	366
19	370
19	373
19	377
19	380
19	384
19	387
19	391
19	395
19	399
19	403
19	408
19	412
19	417
19	422
19	428
19	434
19	441
19	449
19	458
20	170
20	180
20	189
20	196
20	203
20	209
20	214
20	220
20	225
20	230
20	235
20	240
20	244
20	249
20	253
20	257
20	261
20	265
20	269
20	272
20	276
20	280
20	283
20	287
20	290
20	293
20	297
20	300
20	303
20	306
20	309
20	312
20	315
20	318
20	321
20	324
20	327
20	330
20	333
20	336
20	339
20	342
20	345
20	348
20	351
20	354
20	357
20	360
20	363
20	366
20	369
20	372
20	375
20	378
20	382
20	385
20	389
20	392
20	396
20	400
20	404
20	408
20	413
20	417
20	422
20	427
20	433
20	439
20	446
20	455
20	465
21	170
21	180
21	188
21	194
21	200
21	205
21	210
21	214
21	219
21	223
21	227
21	231
21	235
21	239
21	243
21	247
21	251
21	255
21	259
21	262
21	266
21	270
21	273
21	277
21	281
21	284
21	288
21	291
21	295
21	298
21	302
21	305
21	309
21	312
21	316
21	319
21	323
21	326
21	329
21	333
21	336
21	339
21	342
21	345
21	348
21	351
21	354
21	357
21	360
21	363
21	366
21	369
21	373
21	376
21	379
21	383
21	386
21	390
21	394
21	397
21	402
21	406
21	410
21	415
21	420
21	426
21	432
21	438
21	446
21	455
21	466
22	167
22	176
22	183
22	190
22	194
22	200
22	203
22	207
22	211
22	214
22	218
22	221
22	224
22	227
22	230
22	233
22	236
22	239
22	242
22	245
22	248
22	251
22	253
22	257
22	259
22	262
22	265
22	268
22	270
22	273
22	276
22	278
22	281
22	284
22	286
22	289
22	292
22	294
22	297
22	300
22	302
22	305
22	308
22	310
22	313
22	316
22	318
22	321
22	323
22	326
22	328
22	331
22	333
22	336
22	338
22	341
22	343
22	346
22	348
22	351
22	353
22	356
22	358
22	361
22	364
22	366
22	369
22	372
22	374
22	377
22	380
22	383
22	386
22	389
22	392
22	395
22	398
22	402
22	405
22	409
22	413
22	417
22	421
22	426
22	431
22	436
22	442
22	448
22	456
22	465
22	476
23	162
23	171
23	179
23	185
23	191
23	195
23	200
23	203
23	207
23	211
23	213
23	217
23	220
23	223
23	226
23	229
23	232
23	234
23	237
23	240
23	242
23	245
23	247
23	250
23	252
23	255
23	257
23	260
23	262
23	265
23	267
23	270
23	272
23	274
23	277
23	279
23	281
23	284
23	286
23	288
23	291
23	293
23	295
23	298
23	300
23	302
23	305
23	307
23	309
23	312
23	314
23	316
23	319
23	321
23	323
23	326
23	328
23	330
23	332
23	335
23	337
23	339
23	341
23	344
23	346
23	348
23	350
23	353
23	355
23	357
23	360
23	362
23	365
23	367
23	370
23	372
23	375
23	378
23	380
23	384
23	386
23	389
23	392
23	395
23	398
23	402
23	405
23	409
23	412
23	416
23	420
23	425
23	429
23	435
23	440
23	446
23	453
23	461
23	470
24	161
24	170
24	177
24	183
24	189
24	193
24	198
24	202
24	207
24	211
24	215
24	219
24	223
24	226
24	230
24	233
24	237
24	240
24	243
24	247
24	250
24	253
24	256
24	259
24	262
24	265
24	268
24	271
24	273
24	277
24	279
24	282
24	285
24	287
24	290
24	293
24	295
24	298
24	301
24	303
24	306
24	309
24	311
24	314
24	317
24	319
24	322
24	325
24	327
24	330
24	333
24	335
24	338
24	341
24	344
24	347
24	350
24	353
24	356
24	359
24	363
24	366
24	369
24	373
24	376
24	380
24	384
24	388
24	393
24	397
24	402
24	407
24	412
24	418
24	424
24	430
24	437
24	445
24	454
24	464
25	160
25	169
25	176
25	182
25	188
25	193
25	199
25	204
25	209
25	214
25	219
25	223
25	228
25	232
25	237
25	241
25	246
25	250
25	255
25	259
25	264
25	268
25	273
25	277
25	282
25	286
25	291
25	295
25	300
25	304
25	309
25	313
25	318
25	322
25	327
25	331
25	336
25	341
25	346
25	351
25	356
25	362
25	368
25	374
25	381
25	388
25	396
25	405
25	414
25	424
25	435
26	157
26	166
26	173
26	180
26	186
26	192
26	198
26	204
26	210
26	215
26	221
26	227
26	233
26	239
26	245
26	251
26	257
26	263
26	269
26	275
26	282
26	288
26	295
26	302
26	309
26	316
26	323
26	330
26	337
26	345
26	353
26	362
26	371
26	381
27	153
27	162
27	170
27	177
27	184
27	190
27	196
27	202
27	208
27	214
27	220
27	226
27	232
27	238
27	244
27	251
27	258
27	265
27	272
27	279
27	286
27	294
27	302
27	310
27	318
27	326
27	334
27	342
27	351
27	360
27	370
27	384
28	157
28	166
28	174
28	182
28	189
28	195
28	201
28	207
28	212
28	218
28	223
28	229
28	234
28	240
28	245
28	251
28	257
28	263
28	269
28	275
28	281
28	287
28	293
28	299
28	306
28	312
28	319
28	326
28	333
28	340
28	347
28	355
28	363
28	372
28	382
28	394
29	159
29	169
29	177
29	184
29	191
29	197
29	203
29	208
29	213
29	218
29	223
29	228
29	233
29	238
29	243
29	248
29	253
29	258
29	263
29	268
29	273
29	278
29	283
29	288
29	293
29	298
29	303
29	308
29	313
29	318
29	323
29	328
29	333
29	338
29	343
29	348
29	354
29	359
29	365
29	371
29	378
29	385
29	393
29	402
29	411
29	421
29	432
29	443
29	453
29	464
30	161
30	171
30	180
30	188
30	194
30	200
30	205
30	211
30	215
30	220
30	225
30	229
30	234
30	238
30	242
30	246
30	250
30	254
30	258
30	262
30	266
30	270
30	274
30	278
30	282
30	286
30	290
30	294
30	298
30	302
30	306
30	310
30	314
30	318
30	322
30	326
30	330
30	334
30	338
30	342
30	346
30	350
30	354
30	358
30	363
30	367
30	372
30	377
30	382
30	388
30	394
30	400
30	407
30	414
30	421
30	429
30	437
30	445
30	453
30	462
30	472
30	484
31	168
31	178
31	187
31	194
31	200
31	205
31	210
31	214
31	219
31	222
31	226
31	230
31	233
31	237
31	240
31	243
31	246
31	249
31	252
31	255
31	258
31	261
31	263
31	266
31	269
31	271
31	274
31	277
31	279
31	282
31	284
31	287
31	290
31	292
31	295
31	297
31	300
31	302
31	305
31	307
31	310
31	312
31	315
31	317
31	320
31	323
31	325
31	328
31	331
31	334
31	336
31	339
31	342
31	345
31	348
31	351
31	354
31	357
31	360
31	364
31	367
31	371
31	374
31	378
31	382
31	386
31	390
31	395
31	399
31	404
31	409
31	415
31	421
31	427
31	434
31	441
31	449
31	457
31	466
31	476
32	170
32	180
32	189
32	196
32	202
32	207
32	211
32	215
32	219
32	222
32	225
32	229
32	231
32	234
32	237
32	239
32	242
32	244
32	247
32	249
32	252
32	253
32	256
32	258
32	260
32	262
32	264
32	266
32	268
32	270
32	272
32	274
32	276
32	278
32	280
32	282
32	284
32	286
32	288
32	290
32	292
32	294
32	296
32	298
32	300
32	302
32	303
32	306
32	307
32	309
32	311
32	313
32	315
32	316
32	319
32	320
32	322
32	324
32	326
32	328
32	330
32	332
32	334
32	336
32	338
32	340
32	342
32	344
32	346
32	348
32	350
32	352
32	355
32	356
32	359
32	361
32	364
32	366
32	368
32	371
32	373
32	376
32	378
32	381
32	384
32	387
32	389
32	393
32	396
32	399
32	403
32	407
32	411
32	415
32	420
32	425
32	430
32	436
32	443
32	450
32	458
32	467
32	479
33	172
33	183
33	191
33	199
33	204
33	210
33	214
33	219
33	222
33	226
33	229
33	232
33	235
33	238
33	241
33	243
33	246
33	249
33	251
33	253
33	256
33	258
33	261
33	263
33	265
33	268
33	270
33	272
33	274
33	277
33	279
33	281
33	283
33	286
33	288
33	290
33	292
33	295
33	297
33	299
33	301
33	303
33	306
33	307
33	310
33	312
33	314
33	316
33	318
33	320
33	322
33	324
33	326
33	328
33	330
33	332
33	334
33	336
33	338
33	340
33	342
33	344
33	346
33	348
33	350
33	353
33	354
33	357
33	359
33	361
33	364
33	366
33	368
33	371
33	374
33	376
33	379
33	382
33	385
33	387
33	391
33	394
33	397
33	401
33	405
33	409
33	414
33	418
33	424
33	429
33	436
33	443
33	451
33	460
33	471
34	160
34	170
34	179
34	188
34	195
34	202
34	208
34	213
34	218
34	222
34	226
34	230
34	233
34	237
34	240
34	243
34	247
34	250
34	253
34	256
34	259
34	262
34	265
34	268
34	271
34	273
34	277
34	279
34	282
34	285
34	288
34	290
34	294
34	296
34	299
34	302
34	305
34	308
34	311
34	314
34	317
34	320
34	323
34	326
34	329
34	332
34	335
34	338
34	341
34	345
34	347
34	351
34	354
34	358
34	361
34	365
34	369
34	373
34	377
34	381
34	386
34	391
34	396
34	402
34	408
34	415
34	423
34	432
34	444
35	157
35	166
35	174
35	181
35	188
35	195
35	202
35	208
35	214
35	220
35	225
35	230
35	235
35	240
35	245
35	250
35	255
35	260
35	265
35	270
35	275
35	280
35	284
35	289
35	294
35	298
35	303
35	308
35	313
35	318
35	323
35	328
35	334
35	339
35	345
35	351
35	357
35	364
35	371
35	378
35	386
35	395
35	406
36	160
36	170
36	179
36	188
36	196
36	204
36	212
36	220
36	227
36	234
36	241
36	248
36	255
36	262
36	269
36	276
36	283
36	290
36	297
36	305
36	313
36	321
36	329
36	338
36	348
36	359
37	161
37	171
37	181
37	190
37	199
37	208
37	216
37	224
37	232
37	240
37	248
37	256
37	264
37	272
37	280
37	288
37	296
37	305
37	314
37	323
37	333
37	343
37	355
38	196
38	207
38	217
38	227
38	237
38	247
38	257
38	267
38	277
38	287
38	298
38	310
64	192
64	203
64	214
64	225
64	236
64	248
65	197
65	207
65	217
65	226
65	235
65	245
65	255
65	266
66	193
66	203
66	211
66	218
66	225
66	232
66	239
66	246
66	253
66	260
66	267
66	275
66	283
66	292
66	302
66	313
66	325
67	197
67	205
67	212
67	218
67	223
67	228
67	233
67	237
67	242
67	246
67	251
67	255
67	260
67	264
67	269
67	274
67	279
67	284
67	289
67	295
67	301
67	307
67	314
67	321
67	329
67	337
67	346
67	356
67	367
67	378
67	389
67	399
67	409
67	420
68	199
68	208
68	214
68	220
68	224
68	229
68	232
68	236
68	240
68	243
68	246
68	250
68	252
68	256
68	259
68	262
68	265
68	268
68	271
68	274
68	277
68	280
68	284
68	286
68	290
68	293
68	297
68	300
68	304
68	307
68	311
68	315
68	319
68	323
68	327
68	332
68	337
68	342
68	347
68	353
68	358
68	364
68	370
68	376
68	382
68	388
68	394
68	400
68	407
68	414
68	422
68	431
68	442
69	202
69	212
69	221
69	229
69	235
69	241
69	245
69	250
69	253
69	257
69	261
69	263
69	267
69	270
69	273
69	276
69	279
69	282
69	284
69	288
69	290
69	293
69	296
69	298
69	301
69	304
69	306
69	309
69	312
69	315
69	317
69	321
69	323
69	326
69	329
69	332
69	335
69	338
69	341
69	345
69	347
69	351
69	354
69	358
69	361
69	365
69	368
69	372
69	376
69	379
69	383
69	387
69	391
69	395
69	399
69	404
69	408
69	414
69	419
69	426
69	433
69	441
69	451
70	197
70	207
70	215
70	223
70	230
70	237
70	244
70	250
70	256
70	262
70	267
70	272
70	276
70	281
70	284
70	289
70	292
70	296
70	300
70	303
70	307
70	310
70	313
70	316
70	319
70	322
70	325
70	328
70	331
70	334
70	337
70	340
70	343
70	346
70	349
70	352
70	355
70	358
70	361
70	364
70	367
70	370
70	374
70	377
70	381
70	385
70	388
70	393
70	397
70	401
70	406
70	411
70	416
70	422
70	428
70	435
70	443
70	452
70	464
71	198
71	207
71	214
71	221
71	226
71	231
71	236
71	241
71	245
71	250
71	254
71	259
71	263
71	268
71	273
71	278
71	283
71	288
71	293
71	298
71	303
71	308
71	314
71	319
71	325
71	330
71	336
71	341
71	347
71	353
71	359
71	365
71	371
71	377
71	384
71	390
71	397
71	403
71	410
71	417
71	424
71	432
71	440
71	450
72	208
72	217
72	223
72	229
72	233
72	238
72	242
72	246
72	250
72	253
72	257
72	260
72	264
72	267
72	271
72	274
72	277
72	281
72	284
72	287
72	291
72	294
72	298
72	301
72	305
72	308
72	312
72	316
72	319
72	323
72	327
72	331
72	335
72	339
72	343
72	347
72	352
72	356
72	361
72	365
72	370
72	374
72	379
72	383
72	388
72	392
72	397
72	402
72	407
72	412
72	417
72	423
72	429
72	436
72	444
72	453
72	465
73	219
73	229
73	238
73	245
73	251
73	256
73	261
73	266
73	270
73	274
73	278
73	282
73	286
73	290
73	293
73	297
73	300
73	304
73	307
73	311
73	314
73	317
73	321
73	324
73	327
73	331
73	334
73	337
73	341
73	344
73	347
73	351
73	354
73	357
73	361
73	364
73	367
73	371
73	374
73	377
73	381
73	384
73	388
73	392
73	396
73	400
73	405
73	409
73	414
73	419
73	425
73	431
73	438
73	446
73	456
74	167
74	177
74	186
74	195
74	203
74	211
74	220
74	229
74	239
74	291
74	302
74	312
74	321
74	329
74	337
74	344
74	351
74	358
74	365
74	372
74	379
74	387
74	396
74	405
74	414
74	423
74	433
74	444
75	161
75	170
75	177
75	184
75	190
75	196
75	202
75	207
75	212
75	217
75	222
75	227
75	232
75	237
75	242
75	248
75	253
75	259
75	265
75	272
75	279
75	286
75	294
75	303
75	313
75	324
75	400
75	411
75	420
75	429
75	437
75	446
75	456
76	167
76	176
76	184
76	192
76	199
76	205
76	211
76	216
76	221
76	226
76	231
76	236
76	241
76	246
76	251
76	256
76	261
76	266
76	271
76	276
76	281
76	287
76	292
76	298
76	304
76	310
76	316
76	322
76	329
76	336
76	343
76	350
76	358
76	366
76	374
76	382
76	390
76	398
76	406
76	413
76	420
76	427
76	435
76	443
76	452
76	462
77	209
77	220
77	231
77	241
77	251
77	261
77	270
77	279
77	288
77	297
77	306
77	315
77	324
77	333
77	342
77	352
77	362
77	372
77	382
77	393
77	405
-1	-1
