-1	-1
14	206
14	218
14	229
14	240
14	251
14	262
14	273
14	283
14	293
14	303
14	313
14	323
14	333
14	343
14	353
14	363
14	373
14	383
14	394
15	187
15	198
15	208
15	217
15	225
15	233
15	241
15	249
15	257
15	265
15	272
15	279
15	286
15	293
15	300
15	307
15	314
15	321
15	328
15	335
15	342
15	349
15	356
15	363
15	370
15	377
15	384
15	391
15	399
15	407
15	417
16	170
16	180
16	189
16	197
16	204
16	211
16	217
16	223
16	229
16	234
16	240
16	245
16	250
16	255
16	260
16	265
16	270
16	275
16	280
16	285
16	290
16	295
16	300
16	305
16	310
16	314
16	319
16	323
16	328
16	332
16	337
16	341
16	346
16	350
16	355
16	359
16	364
16	368
16	372
16	377
16	381
16	386
16	390
16	395
16	400
16	405
16	411
16	417
16	424
16	432
16	442
17	166
17	176
17	184
17	191
17	197
17	203
17	208
17	213
17	218
17	222
17	227
17	231
17	235
17	239
17	243
17	247
17	251
17	254
17	258
17	262
17	265
17	269
17	272
17	276
17	279
17	283
17	286
17	290
17	293
17	296
17	300
17	303
17	306
17	310
17	312
17	316
17	319
17	322
17	325
17	328
17	331
17	334
17	337
17	340
17	343
17	346
17	349
17	352
17	354
17	358
17	360
17	363
17	366
17	369
17	371
17	374
17	377
17	379
17	382
17	385
17	387
17	390
17	393
17	396
17	399
17	402
17	406
17	409
17	413
17	417
17	421
17	426
17	431
17	437
17	444
17	452
17	461
18	168
18	178
18	186
18	193
18	200
18	205
18	211
18	215
18	220
18	224
18	229
18	232
18	237
18	240
18	244
18	248
18	251
18	255
18	258
18	262
18	265
18	268
18	272
18	274
18	278
18	281
18	284
18	287
18	290
18	293
18	296
18	299
18	301
18	304
18	307
18	309
18	312
18	314
18	317
18	320
18	322
18	324
18	327
18	329
18	332
18	334
18	336
18	339
18	341
18	343
18	346
18	348
18	350
18	352
18	355
18	357
18	359
18	361
18	364
18	366
18	368
18	370
18	373
18	375
18	377
18	379
18	382
18	384
18	386
18	389
18	391
18	394
18	396
18	399
18	402
18	405
18	407
18	411
18	414
18	417
18	421
18	425
18	429
18	434
18	439
18	445
18	452
18	460
18	470
19	190
19	200
19	209
19	217
19	224
19	231
19	237
19	243
19	249
19	254
19	259
19	264
19	269
19	273
19	278
19	282
19	286
19	290
19	294
19	298
19	302
19	305
19	309
19	312
19	316
19	319
19	322
19	325
19	328
19	331
19	334
19	337
19	340
19	342
19	345
19	348
19	351
19	353
19	356
19	359
19	361
19	364
19	367
19	369
19	372
19	375
19	377
19	380
19	383
19	386
19	389
19	392
19	395
19	398
19	402
19	405
19	409
19	413
19	418
19	423
19	428
19	435
19	442
19	451
19	464
20	210
20	221
20	231
20	240
20	248
20	256
20	263
20	270
20	277
20	283
20	289
20	295
20	301
20	306
20	312
20	317
20	322
20	327
20	332
20	337
20	342
20	347
20	352
20	357
20	362
20	367
20	372
20	377
20	382
20	387
20	393
20	399
20	406
20	413
20	421
20	431
21	208
21	219
21	229
21	238
21	247
21	255
21	263
21	271
21	279
21	286
21	293
21	300
21	307
21	313
21	320
21	326
21	332
21	338
21	344
21	350
21	356
21	363
21	369
21	376
21	383
21	390
21	397
21	405
21	414
21	425
22	200
22	211
22	221
22	230
22	238
22	246
22	253
22	260
22	267
22	274
22	280
22	286
22	292
22	298
22	304
22	310
22	316
22	322
22	328
22	334
22	340
22	346
22	352
22	358
22	364
22	370
22	376
22	382
22	388
22	395
22	402
22	410
22	419
22	430
23	187
23	198
23	207
23	216
23	224
23	231
23	238
23	244
23	250
23	256
23	261
23	266
23	271
23	276
23	281
23	285
23	290
23	294
23	299
23	303
23	307
23	311
23	315
23	319
23	323
23	327
23	331
23	335
23	339
23	343
23	347
23	351
23	355
23	359
23	363
23	367
23	371
23	375
23	379
23	383
23	387
23	392
23	396
23	401
23	406
23	412
23	418
23	425
23	433
23	442
23	454
24	177
24	187
24	196
24	204
24	211
24	217
24	223
24	228
24	233
24	238
24	242
24	246
24	251
24	254
24	258
24	262
24	265
24	269
24	272
24	275
24	279
24	281
24	285
24	288
24	291
24	294
24	297
24	300
24	303
24	306
24	309
24	312
24	315
24	318
24	321
24	323
24	326
24	329
24	331
24	334
24	337
24	339
24	342
24	345
24	347
24	350
24	353
24	355
24	358
24	361
24	364
24	366
24	369
24	372
24	375
24	378
24	381
24	384
24	387
24	390
24	393
24	396
24	399
24	403
24	406
24	410
24	414
24	418
24	423
24	428
24	434
24	440
24	447
24	455
24	465
25	168
25	178
25	186
25	193
25	200
25	205
25	211
25	215
25	220
25	224
25	228
25	232
25	235
25	239
25	242
25	246
25	249
25	252
25	255
25	259
25	261
25	265
25	267
25	271
25	273
25	277
25	279
25	282
25	285
25	288
25	291
25	294
25	297
25	300
25	302
25	305
25	308
25	311
25	313
25	316
25	319
25	321
25	324
25	327
25	329
25	332
25	335
25	337
25	340
25	343
25	345
25	348
25	351
25	353
25	356
25	359
25	362
25	364
25	368
25	370
25	373
25	376
25	379
25	382
25	385
25	388
25	391
25	394
25	397
25	400
25	404
25	407
25	411
25	415
25	418
25	423
25	427
25	432
25	437
25	443
25	450
25	458
25	467
26	160
26	169
26	176
26	182
26	188
26	193
26	198
26	202
26	206
26	210
26	213
26	217
26	220
26	223
26	226
26	229
26	232
26	235
26	238
26	241
26	243
26	246
26	249
26	252
26	254
26	257
26	260
26	262
26	265
26	268
26	270
26	273
26	276
26	278
26	281
26	284
26	286
26	289
26	292
26	295
26	297
26	300
26	303
26	306
26	308
26	312
26	314
26	317
26	320
26	323
26	326
26	329
26	332
26	335
26	338
26	341
26	344
26	347
26	350
26	353
26	356
26	359
26	363
26	366
26	369
26	373
26	376
26	380
26	383
26	387
26	390
26	394
26	398
26	402
26	406
26	411
26	416
26	421
26	427
26	433
26	440
26	448
26	458
27	159
27	168
27	174
27	180
27	184
27	189
27	192
27	196
27	200
27	203
27	207
27	210
27	214
27	217
27	221
27	224
27	227
27	231
27	233
27	237
27	240
27	243
27	246
27	250
27	252
27	256
27	259
27	262
27	266
27	269
27	273
27	276
27	280
27	283
27	287
27	291
27	295
27	299
27	303
27	307
27	311
27	315
27	319
27	323
27	327
27	332
27	336
27	341
27	345
27	350
27	354
27	359
27	364
27	369
27	374
27	379
27	385
27	390
27	396
27	402
27	409
27	416
27	424
27	433
27	445
28	159
28	168
28	174
28	180
28	185
28	190
28	194
28	199
28	203
28	207
28	211
28	215
28	219
28	223
28	227
28	231
28	236
28	240
28	245
28	249
28	254
28	259
28	264
28	269
28	274
28	279
28	284
28	289
28	295
28	300
28	306
28	312
28	318
28	324
28	330
28	336
28	342
28	348
28	354
28	360
28	366
28	372
28	378
28	385
28	392
28	399
28	407
28	416
28	426
29	159
29	168
29	176
29	183
29	189
29	195
29	201
29	207
29	213
29	219
29	225
29	231
29	237
29	243
29	249
29	255
29	261
29	267
29	273
29	279
29	285
29	291
29	297
29	303
29	309
29	315
29	321
29	327
29	333
29	339
29	345
29	351
29	357
29	363
29	369
29	375
29	381
29	387
29	393
29	400
29	407
29	415
29	423
29	432
29	444
30	160
30	170
30	179
30	187
30	194
30	201
30	208
30	214
30	220
30	226
30	232
30	238
30	244
30	250
30	255
30	261
30	266
30	272
30	277
30	283
30	288
30	294
30	299
30	304
30	309
30	314
30	319
30	324
30	329
30	334
30	339
30	344
30	349
30	353
30	358
30	362
30	367
30	371
30	376
30	380
30	384
30	388
30	392
30	396
30	401
30	405
30	410
30	415
30	420
30	426
30	432
30	439
30	447
30	456
31	172
31	182
31	191
31	199
31	207
31	214
31	221
31	227
31	233
31	239
31	244
31	249
31	254
31	259
31	263
31	268
31	272
31	276
31	280
31	284
31	288
31	292
31	295
31	299
31	302
31	306
31	309
31	313
31	316
31	319
31	323
31	326
31	329
31	333
31	336
31	339
31	343
31	346
31	349
31	353
31	356
31	359
31	362
31	365
31	368
31	371
31	374
31	377
31	380
31	383
31	385
31	389
31	391
31	394
31	397
31	400
31	403
31	406
31	409
31	412
31	416
31	419
31	423
31	427
31	431
31	436
31	440
31	446
31	452
31	459
31	467
31	477
32	177
32	186
32	194
32	201
32	208
32	213
32	219
32	223
32	228
32	232
32	236
32	240
32	243
32	247
32	250
32	253
32	256
32	259
32	262
32	264
32	267
32	270
32	272
32	274
32	277
32	279
32	282
32	283
32	286
32	288
32	290
32	292
32	294
32	296
32	298
32	300
32	302
32	304
32	306
32	308
32	310
32	312
32	314
32	316
32	318
32	320
32	322
32	324
32	326
32	328
32	330
32	332
32	335
32	336
32	339
32	341
32	343
32	346
32	348
32	350
32	353
32	355
32	357
32	360
32	361
32	364
32	366
32	368
32	370
32	372
32	374
32	376
32	378
32	380
32	382
32	384
32	386
32	388
32	390
32	392
32	394
32	396
32	398
32	400
32	403
32	405
32	407
32	410
32	412
32	415
32	418
32	420
32	424
32	427
32	430
32	434
32	438
32	442
32	447
32	452
32	458
32	465
32	473
32	483
33	170
33	179
33	185
33	191
33	195
33	200
33	204
33	208
33	212
33	215
33	219
33	222
33	225
33	228
33	231
33	233
33	236
33	239
33	241
33	243
33	246
33	248
33	250
33	252
33	254
33	256
33	258
33	260
33	262
33	263
33	265
33	267
33	269
33	271
33	272
33	273
33	276
33	277
33	279
33	280
33	282
33	283
33	285
33	286
33	288
33	289
33	291
33	292
33	294
33	295
33	297
33	298
33	300
33	301
33	303
33	304
33	306
33	307
33	309
33	310
33	312
33	314
33	315
33	317
33	318
33	320
33	322
33	323
33	325
33	326
33	328
33	330
33	331
33	333
33	335
33	336
33	338
33	340
33	342
33	343
33	345
33	347
33	349
33	350
33	352
33	354
33	356
33	357
33	359
33	361
33	363
33	364
33	366
33	368
33	370
33	371
33	373
33	375
33	377
33	378
33	380
33	382
33	384
33	386
33	387
33	390
33	391
33	394
33	396
33	398
33	400
33	403
33	405
33	407
33	410
33	413
33	416
33	418
33	422
33	425
33	429
33	433
33	437
33	442
33	447
33	453
33	460
33	469
34	168
34	175
34	181
34	185
34	190
34	192
34	196
34	199
34	202
34	204
34	207
34	210
34	212
34	215
34	217
34	220
34	222
34	225
34	227
34	230
34	232
34	235
34	237
34	240
34	242
34	245
34	247
34	250
34	252
34	255
34	257
34	260
34	262
34	265
34	267
34	270
34	272
34	275
34	277
34	280
34	282
34	285
34	287
34	290
34	293
34	295
34	298
34	301
34	303
34	306
34	309
34	311
34	314
34	317
34	319
34	322
34	324
34	327
34	329
34	332
34	334
34	337
34	339
34	342
34	344
34	347
34	349
34	352
34	354
34	357
34	359
34	362
34	365
34	367
34	370
34	374
34	376
34	379
34	383
34	386
34	389
34	393
34	397
34	401
34	406
34	410
34	416
34	421
34	428
34	436
34	445
35	162
35	171
35	177
35	182
35	186
35	191
35	193
35	197
35	200
35	202
35	205
35	208
35	210
35	212
35	215
35	217
35	219
35	222
35	223
35	226
35	228
35	230
35	232
35	234
35	237
35	238
35	241
35	243
35	245
35	247
35	250
35	251
35	254
35	256
35	258
35	261
35	263
35	265
35	268
35	270
35	272
35	275
35	277
35	279
35	282
35	284
35	287
35	289
35	292
35	294
35	297
35	299
35	302
35	304
35	307
35	309
35	312
35	315
35	317
35	320
35	323
35	326
35	329
35	332
35	336
35	338
35	343
35	346
35	350
35	354
35	358
35	362
35	366
35	371
35	375
35	380
35	385
35	390
35	396
35	402
35	409
35	417
35	426
36	160
36	169
36	177
36	183
36	189
36	194
36	199
36	203
36	208
36	211
36	215
36	219
36	222
36	225
36	228
36	231
36	234
36	237
36	240
36	243
36	245
36	248
36	251
36	253
36	256
36	259
36	261
36	264
36	267
36	269
36	272
36	275
36	278
36	280
36	284
36	286
36	289
36	293
36	295
36	299
36	302
36	306
36	309
36	313
36	317
36	320
36	325
36	328
36	333
36	337
36	342
36	346
36	351
36	356
36	361
36	367
36	373
36	379
36	386
36	393
36	401
36	410
37	160
37	169
37	176
37	182
37	188
37	193
37	198
37	202
37	207
37	211
37	215
37	219
37	223
37	227
37	232
37	236
37	241
37	245
37	250
37	255
37	260
37	265
37	270
37	276
37	281
37	287
37	293
37	299
37	305
37	311
37	318
37	325
37	332
37	339
37	347
37	355
37	364
37	374
37	385
38	161
38	171
38	179
38	186
38	192
38	198
38	203
38	209
38	214
38	219
38	224
38	229
38	234
38	239
38	244
38	249
38	254
38	259
38	265
38	270
38	276
38	281
38	287
38	293
38	299
38	305
38	312
38	319
38	327
38	336
38	346
38	357
39	178
39	188
39	197
39	205
39	213
39	221
39	229
39	237
39	245
39	253
39	261
39	269
39	278
39	287
39	297
39	307
39	318
40	177
40	187
40	196
40	204
40	212
40	220
40	227
40	235
40	243
40	251
40	259
40	267
40	276
40	285
40	294
40	304
40	314
40	325
41	189
41	200
41	210
41	219
41	227
41	235
41	243
41	251
41	259
41	267
41	275
41	283
41	291
41	300
41	309
41	319
41	334
42	197
42	208
42	219
42	229
42	240
42	251
42	263
43	198
43	208
43	218
43	227
43	237
43	247
43	258
44	217
44	228
44	238
44	248
44	259
44	271
51	248
51	262
57	207
57	219
57	231
58	207
58	218
58	228
58	237
58	246
58	255
58	265
58	275
58	285
58	297
59	212
59	222
59	231
59	240
59	248
59	256
59	264
59	272
59	280
59	288
59	297
59	306
59	317
62	216
62	228
62	240
62	254
63	199
63	210
63	219
63	228
63	237
63	246
63	255
63	264
63	273
63	282
63	292
63	302
63	313
64	199
64	210
64	220
64	229
64	238
64	247
64	256
64	265
64	274
64	284
64	294
64	305
64	317
65	197
65	208
65	219
65	229
65	239
65	249
65	259
65	269
65	280
65	291
65	302
65	313
65	324
65	335
65	346
65	357
65	368
65	379
65	391
66	192
66	202
66	211
66	219
66	227
66	235
66	243
66	251
66	258
66	265
66	272
66	279
66	286
66	293
66	300
66	307
66	314
66	321
66	328
66	334
66	341
66	347
66	353
66	359
66	365
66	371
66	377
66	383
66	389
66	396
66	403
66	411
66	420
66	431
67	188
67	197
67	204
67	211
67	217
67	222
67	227
67	232
67	237
67	242
67	246
67	251
67	255
67	260
67	264
67	268
67	272
67	276
67	280
67	284
67	288
67	292
67	296
67	300
67	304
67	308
67	312
67	315
67	319
67	323
67	326
67	330
67	333
67	337
67	340
67	344
67	347
67	351
67	354
67	357
67	361
67	364
67	367
67	371
67	373
67	377
67	380
67	383
67	387
67	390
67	393
67	397
67	400
67	404
67	408
67	412
67	417
67	422
67	427
67	433
67	440
67	448
67	458
68	188
68	196
68	202
68	207
68	212
68	215
68	220
68	222
68	226
68	229
68	232
68	235
68	238
68	241
68	243
68	246
68	249
68	251
68	254
68	256
68	259
68	261
68	263
68	266
68	268
68	271
68	273
68	275
68	278
68	280
68	282
68	284
68	287
68	289
68	291
68	293
68	295
68	298
68	299
68	302
68	304
68	306
68	308
68	310
68	312
68	314
68	316
68	318
68	320
68	322
68	324
68	326
68	328
68	330
68	332
68	334
68	336
68	338
68	340
68	342
68	343
68	346
68	347
68	349
68	351
68	353
68	355
68	357
68	358
68	361
68	362
68	364
68	366
68	368
68	370
68	372
68	374
68	376
68	378
68	380
68	382
68	384
68	386
68	388
68	390
68	392
68	395
68	396
68	399
68	401
68	404
68	406
68	408
68	411
68	414
68	417
68	419
68	423
68	426
68	430
68	434
68	438
68	443
68	448
68	454
68	461
68	470
69	190
69	199
69	203
69	209
69	212
69	215
69	219
69	222
69	223
69	227
69	229
69	232
69	233
69	236
69	238
69	240
69	242
69	244
69	246
69	248
69	250
69	252
69	253
69	255
69	257
69	259
69	261
69	262
69	263
69	266
69	267
69	269
69	270
69	272
69	273
69	275
69	277
69	278
69	280
69	281
69	283
69	284
69	286
69	287
69	289
69	290
69	292
69	293
69	295
69	296
69	298
69	299
69	301
69	302
69	303
69	305
69	306
69	308
69	309
69	311
69	312
69	313
69	315
69	316
69	318
69	319
69	320
69	322
69	323
69	325
69	326
69	327
69	329
69	330
69	332
69	333
69	335
69	336
69	337
69	339
69	341
69	342
69	343
69	345
69	347
69	348
69	349
69	351
69	353
69	354
69	356
69	357
69	359
69	361
69	363
69	364
69	366
69	368
69	370
69	372
69	374
69	376
69	378
69	380
69	382
69	385
69	386
69	389
69	391
69	394
69	396
69	398
69	401
69	404
69	407
69	409
69	413
69	416
69	419
69	424
69	427
69	432
69	437
69	443
69	449
69	457
69	467
70	199
70	208
70	214
70	220
70	223
70	228
70	231
70	234
70	238
70	241
70	243
70	247
70	249
70	252
70	254
70	257
70	259
70	262
70	263
70	266
70	268
70	271
70	272
70	275
70	277
70	279
70	281
70	283
70	285
70	287
70	289
70	291
70	293
70	295
70	297
70	299
70	301
70	303
70	305
70	307
70	309
70	311
70	313
70	315
70	317
70	319
70	322
70	324
70	326
70	328
70	331
70	334
70	336
70	339
70	342
70	345
70	348
70	351
70	355
70	358
70	362
70	366
70	370
70	375
70	380
70	386
70	393
70	400
70	409
73	211
73	222
73	233
73	244
73	255
73	266
73	277
73	288
73	299
73	310
73	321
73	331
73	341
73	351
73	360
73	369
73	377
73	385
73	393
73	401
73	409
73	418
73	428
74	198
74	208
74	216
74	224
74	231
74	238
74	245
74	252
74	258
74	264
74	270
74	276
74	282
74	288
74	294
74	300
74	306
74	312
74	318
74	324
74	330
74	336
74	342
74	348
74	354
74	360
74	366
74	372
74	378
74	384
74	390
74	396
74	402
74	408
74	414
74	421
74	428
74	437
74	448
75	203
75	213
75	222
75	231
75	239
75	247
75	254
75	261
75	268
75	275
75	282
75	289
75	296
75	303
75	311
75	319
75	327
75	335
75	343
75	351
75	360
75	369
75	379
75	389
75	399
75	409
-1	-1
