-1	-1
8	177
8	188
8	199
8	211
8	225
9	168
9	178
9	187
9	196
9	205
9	214
9	223
9	233
9	244
9	257
10	157
10	166
10	174
10	181
10	188
10	195
10	202
10	209
10	216
10	224
10	232
10	241
10	251
10	262
11	159
11	169
11	177
11	184
11	191
11	198
11	205
11	212
11	219
11	227
11	235
11	244
11	254
11	264
11	275
12	158
12	168
12	177
12	185
12	193
12	201
12	209
12	217
12	226
12	235
12	244
12	254
12	264
12	275
12	286
12	299
13	176
13	187
13	197
13	207
13	216
13	225
13	234
13	243
13	252
13	261
13	271
13	281
13	291
13	301
13	311
13	322
13	333
13	344
13	356
14	181
14	192
14	202
14	211
14	219
14	227
14	235
14	243
14	250
14	257
14	264
14	271
14	278
14	285
14	292
14	299
14	307
14	315
14	323
14	331
14	339
14	347
14	355
14	363
14	372
14	381
14	391
14	402
15	169
15	179
15	188
15	196
15	203
15	210
15	216
15	222
15	228
15	233
15	239
15	244
15	249
15	254
15	259
15	264
15	269
15	274
15	279
15	284
15	289
15	294
15	299
15	304
15	309
15	314
15	319
15	324
15	329
15	334
15	339
15	344
15	349
15	354
15	359
15	364
15	369
15	375
15	381
15	387
15	393
15	400
15	407
15	415
15	423
15	432
15	442
16	158
16	168
16	176
16	183
16	190
16	196
16	201
16	206
16	211
16	215
16	220
16	223
16	228
16	231
16	235
16	239
16	242
16	246
16	249
16	253
16	256
16	260
16	263
16	266
16	270
16	273
16	276
16	279
16	282
16	285
16	288
16	291
16	294
16	297
16	300
16	303
16	306
16	309
16	312
16	315
16	318
16	321
16	324
16	327
16	330
16	333
16	336
16	339
16	342
16	345
16	348
16	351
16	354
16	357
16	360
16	364
16	367
16	370
16	374
16	377
16	381
16	385
16	388
16	393
16	396
16	401
16	405
16	410
16	415
16	420
16	426
16	431
16	437
16	444
16	451
16	459
16	468
16	479
17	151
17	160
17	168
17	175
17	182
17	188
17	194
17	199
17	204
17	209
17	213
17	217
17	221
17	224
17	228
17	231
17	234
17	238
17	241
17	243
17	247
17	249
17	252
17	255
17	257
17	260
17	263
17	265
17	268
17	270
17	273
17	275
17	278
17	280
17	282
17	285
17	287
17	289
17	292
17	294
17	296
17	299
17	301
17	303
17	306
17	308
17	310
17	313
17	315
17	317
17	320
17	322
17	324
17	327
17	329
17	331
17	334
17	336
17	338
17	341
17	343
17	345
17	348
17	350
17	353
17	355
17	358
17	360
17	363
17	365
17	368
17	370
17	373
17	376
17	378
17	381
17	384
17	387
17	390
17	393
17	396
17	399
17	403
17	406
17	409
17	413
17	417
17	420
17	425
17	428
17	433
17	437
17	442
17	447
17	453
17	459
17	466
17	473
17	481
17	490
18	150
18	159
18	167
18	174
18	181
18	188
18	194
18	200
18	205
18	210
18	215
18	220
18	224
18	228
18	232
18	235
18	239
18	242
18	246
18	249
18	252
18	255
18	258
18	261
18	264
18	267
18	270
18	273
18	276
18	279
18	281
18	284
18	287
18	290
18	292
18	295
18	298
18	300
18	303
18	306
18	309
18	311
18	314
18	317
18	320
18	322
18	326
18	328
18	331
18	334
18	337
18	340
18	343
18	346
18	349
18	352
18	355
18	358
18	361
18	364
18	367
18	370
18	373
18	376
18	379
18	383
18	386
18	389
18	393
18	396
18	400
18	404
18	408
18	412
18	417
18	421
18	426
18	431
18	437
18	443
18	449
18	456
18	464
18	472
18	481
18	492
19	152
19	162
19	171
19	180
19	188
19	195
19	202
19	209
19	215
19	221
19	226
19	231
19	236
19	241
19	246
19	250
19	255
19	259
19	264
19	268
19	272
19	276
19	280
19	284
19	288
19	292
19	296
19	300
19	303
19	307
19	311
19	314
19	318
19	321
19	324
19	328
19	331
19	334
19	338
19	341
19	344
19	347
19	350
19	353
19	356
19	359
19	363
19	366
19	369
19	373
19	376
19	380
19	383
19	387
19	391
19	395
19	399
19	404
19	408
19	413
19	418
19	424
19	430
19	437
19	444
19	452
19	461
19	471
19	483
20	162
20	173
20	182
20	190
20	197
20	203
20	209
20	214
20	220
20	224
20	229
20	233
20	238
20	242
20	246
20	250
20	254
20	258
20	262
20	266
20	270
20	273
20	277
20	281
20	284
20	288
20	291
20	294
20	298
20	301
20	304
20	307
20	311
20	313
20	317
20	319
20	322
20	325
20	328
20	331
20	333
20	336
20	339
20	341
20	344
20	347
20	349
20	352
20	354
20	357
20	359
20	362
20	365
20	367
20	370
20	373
20	375
20	378
20	381
20	384
20	387
20	389
20	393
20	396
20	399
20	403
20	406
20	410
20	414
20	417
20	422
20	426
20	430
20	435
20	440
20	446
20	452
20	459
20	467
20	476
20	486
21	170
21	180
21	188
21	194
21	200
21	205
21	210
21	214
21	219
21	222
21	226
21	230
21	233
21	237
21	240
21	243
21	247
21	250
21	253
21	256
21	259
21	262
21	265
21	268
21	271
21	273
21	276
21	279
21	281
21	284
21	287
21	289
21	292
21	294
21	297
21	299
21	302
21	304
21	307
21	309
21	312
21	314
21	317
21	319
21	322
21	324
21	327
21	329
21	332
21	334
21	337
21	339
21	342
21	344
21	347
21	349
21	352
21	354
21	357
21	359
21	362
21	364
21	367
21	369
21	372
21	375
21	377
21	380
21	383
21	385
21	388
21	391
21	394
21	397
21	400
21	403
21	406
21	409
21	413
21	416
21	420
21	424
21	428
21	432
21	436
21	441
21	446
21	451
21	457
21	463
21	470
21	478
21	487
21	498
22	162
22	171
22	179
22	185
22	191
22	195
22	200
22	203
22	207
22	211
22	214
22	218
22	221
22	224
22	227
22	230
22	233
22	235
22	239
22	241
22	243
22	247
22	249
22	251
22	254
22	257
22	259
22	262
22	264
22	267
22	269
22	272
22	274
22	277
22	279
22	282
22	284
22	287
22	289
22	292
22	294
22	297
22	299
22	302
22	305
22	307
22	310
22	313
22	316
22	318
22	321
22	324
22	327
22	330
22	333
22	336
22	339
22	342
22	345
22	348
22	351
22	355
22	358
22	362
22	365
22	369
22	372
22	376
22	380
22	384
22	388
22	392
22	396
22	400
22	405
22	409
22	414
22	419
22	424
22	429
22	434
22	440
22	446
22	452
22	459
22	466
22	474
22	483
22	494
23	158
23	166
23	172
23	177
23	182
23	186
23	190
23	193
23	197
23	201
23	203
23	207
23	210
23	213
23	216
23	219
23	222
23	225
23	228
23	231
23	233
23	236
23	239
23	242
23	244
23	247
23	250
23	253
23	255
23	259
23	261
23	264
23	267
23	270
23	273
23	276
23	279
23	283
23	286
23	289
23	293
23	296
23	300
23	304
23	308
23	312
23	316
23	321
23	325
23	330
23	335
23	340
23	345
23	350
23	356
23	362
23	368
23	374
23	381
23	388
23	395
23	403
23	411
23	419
23	427
23	435
23	443
23	451
23	460
23	469
23	479
23	490
24	157
24	164
24	171
24	175
24	181
24	185
24	190
24	194
24	198
24	202
24	206
24	210
24	214
24	218
24	221
24	225
24	229
24	232
24	236
24	240
24	244
24	248
24	252
24	256
24	260
24	265
24	269
24	274
24	278
24	283
24	288
24	293
24	298
24	304
24	310
24	316
24	323
24	330
24	337
24	345
24	353
24	362
24	372
24	383
24	395
24	422
24	434
24	445
24	456
24	467
24	480
25	152
25	161
25	168
25	174
25	180
25	185
25	191
25	196
25	201
25	206
25	211
25	216
25	221
25	226
25	231
25	236
25	242
25	247
25	253
25	259
25	265
25	272
25	279
25	286
25	294
25	302
25	311
25	320
25	330
25	340
25	351
26	152
26	161
26	169
26	175
26	181
26	187
26	193
26	198
26	204
26	209
26	215
26	221
26	227
26	233
26	239
26	245
26	252
26	259
26	266
26	273
26	281
26	289
26	297
26	306
26	315
26	325
26	335
26	346
27	151
27	160
27	167
27	174
27	180
27	186
27	192
27	198
27	204
27	210
27	216
27	222
27	228
27	234
27	240
27	246
27	253
27	259
27	266
27	273
27	280
27	287
27	294
27	301
27	309
27	317
27	325
27	333
27	342
27	351
27	361
27	371
27	383
27	461
28	152
28	162
28	171
28	180
28	188
28	196
28	204
28	211
28	218
28	224
28	230
28	236
28	242
28	247
28	252
28	257
28	262
28	267
28	272
28	277
28	282
28	287
28	292
28	297
28	302
28	307
28	312
28	317
28	322
28	327
28	333
28	338
28	344
28	350
28	356
28	362
28	368
28	375
28	382
28	390
28	398
28	407
28	416
28	425
28	434
28	443
28	452
28	462
28	472
28	483
29	167
29	177
29	186
29	194
29	201
29	208
29	214
29	220
29	224
29	229
29	233
29	237
29	241
29	244
29	248
29	251
29	254
29	258
29	261
29	264
29	267
29	270
29	273
29	276
29	279
29	282
29	285
29	288
29	291
29	294
29	297
29	300
29	303
29	306
29	309
29	312
29	315
29	318
29	321
29	324
29	327
29	330
29	334
29	336
29	340
29	343
29	346
29	350
29	353
29	357
29	360
29	364
29	367
29	371
29	375
29	379
29	383
29	388
29	392
29	397
29	402
29	407
29	412
29	417
29	423
29	428
29	434
29	440
29	446
29	452
29	458
29	464
29	471
29	478
29	486
29	495
29	506
30	167
30	176
30	184
30	191
30	197
30	202
30	207
30	211
30	214
30	218
30	221
30	224
30	227
30	230
30	233
30	235
30	238
30	241
30	243
30	245
30	248
30	250
30	252
30	254
30	257
30	258
30	261
30	262
30	265
30	266
30	269
30	270
30	272
30	274
30	276
30	278
30	280
30	282
30	284
30	286
30	288
30	290
30	292
30	293
30	296
30	297
30	299
30	301
30	303
30	305
30	306
30	309
30	310
30	312
30	314
30	316
30	318
30	320
30	322
30	324
30	326
30	328
30	330
30	332
30	334
30	336
30	338
30	340
30	342
30	345
30	346
30	349
30	351
30	353
30	355
30	357
30	360
30	362
30	364
30	367
30	369
30	371
30	374
30	376
30	379
30	381
30	384
30	387
30	389
30	393
30	395
30	399
30	402
30	405
30	408
30	412
30	415
30	419
30	422
30	426
30	429
30	433
30	437
30	440
30	445
30	448
30	453
30	457
30	461
30	466
30	470
30	476
30	481
30	487
30	494
30	502
30	511
31	158
31	167
31	174
31	181
31	186
31	192
31	196
31	201
31	204
31	208
31	211
31	214
31	217
31	220
31	222
31	225
31	228
31	230
31	232
31	235
31	237
31	240
31	242
31	244
31	246
31	249
31	251
31	253
31	255
31	257
31	260
31	261
31	263
31	265
31	267
31	269
31	271
31	273
31	275
31	277
31	279
31	281
31	283
31	285
31	287
31	289
31	291
31	292
31	295
31	296
31	298
31	300
31	302
31	303
31	305
31	307
31	309
31	310
31	312
31	314
31	316
31	317
31	319
31	321
31	323
31	325
31	326
31	328
31	330
31	332
31	334
31	336
31	338
31	340
31	342
31	344
31	346
31	348
31	350
31	352
31	354
31	356
31	358
31	360
31	362
31	364
31	366
31	368
31	370
31	372
31	375
31	376
31	379
31	381
31	384
31	386
31	388
31	391
31	394
31	396
31	399
31	402
31	405
31	408
31	411
31	414
31	417
31	420
31	424
31	427
31	431
31	434
31	438
31	442
31	446
31	450
31	454
31	458
31	463
31	467
31	472
31	477
31	483
31	489
31	496
31	504
31	513
31	525
32	151
32	160
32	168
32	175
32	181
32	187
32	193
32	199
32	204
32	209
32	213
32	217
32	221
32	225
32	229
32	232
32	236
32	239
32	242
32	245
32	249
32	251
32	255
32	258
32	261
32	264
32	267
32	270
32	273
32	276
32	279
32	282
32	285
32	288
32	291
32	294
32	297
32	300
32	303
32	306
32	309
32	312
32	315
32	318
32	321
32	324
32	327
32	330
32	334
32	337
32	340
32	344
32	347
32	351
32	354
32	358
32	361
32	365
32	368
32	372
32	376
32	379
32	384
32	387
32	392
32	396
32	401
32	406
32	411
32	416
32	422
32	428
32	434
32	441
32	448
32	455
32	462
32	469
32	477
32	485
32	494
32	504
33	151
33	160
33	167
33	174
33	181
33	187
33	193
33	199
33	204
33	210
33	214
33	219
33	223
33	228
33	232
33	237
33	241
33	246
33	250
33	255
33	259
33	264
33	269
33	274
33	279
33	284
33	289
33	295
33	300
33	306
33	312
33	318
33	324
33	330
33	336
33	343
33	350
33	357
33	364
33	371
33	379
33	387
33	396
33	406
33	417
34	156
34	165
34	173
34	181
34	189
34	197
34	204
34	211
34	218
34	224
34	231
34	237
34	244
34	251
34	258
34	266
34	274
34	282
34	291
34	300
34	310
34	321
34	334
35	161
35	171
35	181
35	190
35	199
35	208
35	217
35	226
35	235
35	244
35	253
35	262
35	272
35	282
35	292
35	303
35	315
36	161
36	172
36	182
36	193
36	204
36	215
36	226
36	237
36	248
36	260
36	275
37	157
37	167
37	177
37	187
37	197
37	207
37	218
37	229
37	244
38	159
38	170
38	181
38	192
38	203
38	215
39	158
39	169
39	180
39	191
39	203
39	216
40	168
40	180
63	247
63	259
63	271
63	284
64	228
64	239
64	248
64	256
64	264
64	272
64	280
64	288
64	296
64	304
64	313
64	322
64	332
64	343
65	211
65	223
65	233
65	242
65	251
65	259
65	266
65	273
65	280
65	286
65	292
65	298
65	304
65	310
65	317
65	324
65	331
65	338
65	345
65	353
65	361
65	370
65	380
65	391
66	201
66	211
66	220
66	229
66	238
66	247
66	256
66	265
66	274
66	282
66	290
66	298
66	306
66	313
66	320
66	327
66	334
66	341
66	348
66	355
66	362
66	369
66	377
66	385
66	393
66	402
66	412
66	422
66	435
67	199
67	209
67	218
67	226
67	233
67	240
67	247
67	253
67	260
67	267
67	274
67	281
67	289
67	297
67	306
67	315
67	325
67	335
67	345
67	355
67	365
67	375
67	385
67	395
67	405
67	415
67	425
67	436
68	189
68	200
68	209
68	218
68	226
68	233
68	240
68	247
68	253
68	259
68	265
68	271
68	277
68	283
68	289
68	295
68	302
68	309
68	316
68	324
68	332
68	340
68	349
68	359
68	370
68	417
68	428
68	439
69	181
69	191
69	200
69	208
69	215
69	222
69	229
69	236
69	243
69	250
69	257
69	264
69	271
69	278
69	285
69	292
69	299
69	306
69	313
69	320
69	327
69	334
69	341
69	348
69	355
69	362
69	369
69	377
69	385
69	393
69	402
69	410
69	418
69	426
69	434
69	442
69	451
69	461
70	196
70	205
70	212
70	219
70	224
70	230
70	235
70	240
70	245
70	250
70	255
70	260
70	265
70	271
70	276
70	282
70	288
70	294
70	300
70	307
70	314
70	321
70	328
70	335
70	343
70	351
70	359
70	367
70	375
70	383
70	391
70	399
70	407
70	414
70	422
70	430
70	438
70	447
70	458
71	201
71	210
71	216
71	222
71	226
71	231
71	234
71	239
71	242
71	246
71	249
71	253
71	256
71	260
71	263
71	266
71	270
71	273
71	276
71	280
71	283
71	287
71	290
71	294
71	297
71	301
71	305
71	308
71	313
71	316
71	321
71	325
71	329
71	334
71	338
71	343
71	348
71	353
71	358
71	364
71	370
71	376
71	382
71	389
71	396
71	403
71	411
71	419
71	428
71	438
72	209
72	218
72	224
72	230
72	233
72	238
72	241
72	245
72	248
72	252
72	254
72	258
72	260
72	263
72	266
72	268
72	271
72	273
72	276
72	278
72	281
72	283
72	286
72	288
72	291
72	293
72	296
72	298
72	301
72	303
72	306
72	308
72	311
72	313
72	316
72	318
72	321
72	323
72	326
72	328
72	331
72	334
72	336
72	339
72	342
72	345
72	347
72	350
72	353
72	356
72	359
72	362
72	365
72	368
72	371
72	375
72	378
72	382
72	385
72	389
72	393
72	397
72	401
72	405
72	409
72	414
72	418
72	424
72	429
72	435
72	442
72	450
72	459
73	228
73	238
73	246
73	252
73	258
73	263
73	268
73	272
73	276
73	280
73	283
73	287
73	290
73	293
73	297
73	300
73	303
73	306
73	309
73	312
73	314
73	318
73	320
73	323
73	326
73	328
73	331
73	334
73	336
73	339
73	342
73	344
73	347
73	349
73	352
73	355
73	357
73	360
73	363
73	365
73	368
73	371
73	373
73	376
73	379
73	381
73	384
73	387
73	389
73	393
73	395
73	398
73	401
73	404
73	407
73	410
73	414
73	417
73	420
73	424
73	428
73	432
73	436
73	441
73	446
73	452
73	458
73	466
73	475
73	487
74	212
74	223
74	235
74	312
74	323
74	333
74	342
74	350
74	358
74	365
74	372
74	378
74	384
74	390
74	395
74	401
74	406
74	412
74	417
74	423
74	429
74	436
74	444
74	453
74	464
75	208
75	218
75	226
75	233
75	240
75	247
75	254
75	261
75	268
75	275
75	282
75	290
75	298
75	307
75	316
75	326
75	338
76	212
76	222
76	230
76	237
76	244
76	251
76	257
76	263
76	269
76	275
76	281
76	287
76	293
76	299
76	305
76	311
76	318
76	325
76	332
76	339
76	346
76	354
76	362
76	370
76	379
76	388
76	398
76	408
76	418
76	428
76	438
76	449
77	277
77	289
77	300
77	311
77	322
77	333
77	344
77	355
77	366
77	378
77	391
-1	-1
