-1	-1
7	196
7	209
8	172
8	183
8	193
8	203
8	214
8	226
9	166
9	176
9	185
9	193
9	201
9	210
9	219
9	228
9	238
10	167
10	177
10	186
10	194
10	202
10	210
10	218
10	227
10	236
10	246
10	257
11	170
11	180
11	189
11	197
11	205
11	213
11	221
11	229
11	237
11	246
11	256
11	267
11	278
11	289
11	301
11	313
12	178
12	188
12	197
12	205
12	213
12	220
12	227
12	234
12	242
12	250
12	259
12	268
12	278
12	288
12	299
12	311
13	176
13	186
13	194
13	202
13	209
13	215
13	221
13	226
13	232
13	237
13	243
13	249
13	255
13	262
13	269
13	276
13	284
13	292
13	301
13	311
13	323
14	167
14	177
14	185
14	192
14	199
14	204
14	210
14	214
14	219
14	223
14	227
14	231
14	235
14	239
14	243
14	247
14	251
14	256
14	260
14	265
14	270
14	275
14	280
14	286
14	292
14	298
14	305
14	313
14	321
14	330
14	342
15	161
15	172
15	181
15	189
15	196
15	202
15	207
15	212
15	217
15	221
15	225
15	229
15	233
15	237
15	241
15	245
15	249
15	253
15	257
15	261
15	266
15	270
15	275
15	279
15	284
15	288
15	293
15	298
15	304
15	309
15	315
15	322
15	329
15	337
15	346
15	357
16	158
16	168
16	177
16	185
16	193
16	200
16	207
16	213
16	219
16	224
16	230
16	235
16	240
16	245
16	250
16	256
16	261
16	266
16	271
16	276
16	281
16	285
16	290
16	295
16	299
16	304
16	309
16	314
16	319
16	325
16	331
16	337
16	344
16	352
16	362
17	162
17	173
17	183
17	192
17	200
17	208
17	215
17	222
17	229
17	235
17	242
17	249
17	256
17	262
17	268
17	273
17	279
17	283
17	288
17	293
17	297
17	302
17	306
17	311
17	316
17	321
17	326
17	332
17	338
17	345
17	352
17	360
17	370
18	179
18	190
18	199
18	208
18	216
18	223
18	230
18	237
18	244
18	251
18	258
18	265
18	271
18	277
18	282
18	288
18	293
18	298
18	303
18	308
18	313
18	318
18	324
18	329
18	335
18	342
18	349
18	357
18	367
19	179
19	190
19	199
19	207
19	215
19	222
19	229
19	236
19	243
19	249
19	256
19	262
19	269
19	275
19	281
19	287
19	293
19	299
19	305
19	311
19	317
19	323
19	329
19	336
19	344
19	352
19	362
20	171
20	181
20	190
20	198
20	205
20	211
20	217
20	222
20	227
20	232
20	237
20	242
20	246
20	251
20	255
20	260
20	264
20	269
20	273
20	277
20	281
20	285
20	289
20	293
20	297
20	301
20	305
20	309
20	314
20	318
20	323
20	328
20	333
20	338
20	344
20	350
20	357
20	365
20	374
20	386
21	167
21	177
21	185
21	192
21	198
21	203
21	208
21	212
21	217
21	221
21	224
21	228
21	232
21	235
21	239
21	242
21	245
21	248
21	251
21	254
21	257
21	260
21	263
21	266
21	269
21	272
21	275
21	278
21	281
21	284
21	287
21	290
21	293
21	296
21	299
21	302
21	305
21	308
21	311
21	314
21	317
21	320
21	324
21	327
21	330
21	334
21	337
21	341
21	345
21	349
21	354
21	359
21	365
21	371
21	378
21	387
21	398
22	160
22	170
22	178
22	184
22	190
22	194
22	199
22	202
22	206
22	210
22	212
22	216
22	219
22	222
22	225
22	228
22	231
22	233
22	236
22	239
22	241
22	244
22	246
22	249
22	251
22	254
22	256
22	259
22	261
22	264
22	267
22	269
22	272
22	274
22	277
22	280
22	282
22	285
22	287
22	290
22	293
22	295
22	298
22	301
22	304
22	306
22	309
22	312
22	315
22	318
22	321
22	324
22	327
22	330
22	333
22	337
22	339
22	344
22	347
22	351
22	356
22	360
22	366
22	371
22	377
22	384
22	392
22	403
23	159
23	169
23	176
23	182
23	186
23	191
23	194
23	198
23	202
23	204
23	208
23	211
23	214
23	217
23	220
23	223
23	226
23	229
23	232
23	234
23	237
23	240
23	243
23	245
23	249
23	251
23	255
23	257
23	261
23	264
23	267
23	270
23	274
23	277
23	280
23	284
23	287
23	291
23	294
23	298
23	301
23	305
23	309
23	313
23	317
23	321
23	325
23	329
23	333
23	337
23	341
23	346
23	350
23	356
23	361
23	367
23	374
23	382
23	391
24	153
24	162
24	170
24	175
24	181
24	184
24	189
24	193
24	197
24	201
24	204
24	208
24	211
24	215
24	218
24	222
24	225
24	229
24	232
24	236
24	239
24	244
24	247
24	252
24	256
24	260
24	265
24	270
24	275
24	280
24	286
24	292
24	298
24	305
24	312
24	319
24	326
24	333
24	340
24	347
24	355
24	364
24	374
25	153
25	162
25	170
25	176
25	182
25	188
25	193
25	199
25	204
25	209
25	215
25	220
25	226
25	232
25	238
25	244
25	251
25	258
25	266
25	274
25	283
25	293
25	304
25	315
25	326
25	337
25	348
26	157
26	166
26	174
26	182
26	189
26	196
26	203
26	210
26	217
26	225
26	233
26	241
26	250
26	259
26	269
26	280
27	159
27	169
27	178
27	187
27	195
27	203
27	211
27	219
27	227
27	235
27	243
27	252
27	261
27	271
27	283
28	159
28	169
28	178
28	186
28	194
28	201
28	208
28	215
28	222
28	229
28	236
28	243
28	250
28	258
28	266
28	275
28	284
28	294
28	305
29	162
29	172
29	181
29	189
29	195
29	201
29	207
29	213
29	218
29	223
29	228
29	233
29	238
29	243
29	248
29	253
29	258
29	264
29	269
29	275
29	281
29	287
29	294
29	301
29	308
29	316
29	325
29	335
30	163
30	173
30	181
30	188
30	194
30	200
30	204
30	209
30	213
30	217
30	221
30	224
30	228
30	231
30	235
30	238
30	242
30	245
30	248
30	252
30	255
30	258
30	262
30	265
30	269
30	272
30	276
30	279
30	283
30	287
30	291
30	295
30	299
30	304
30	308
30	313
30	318
30	324
30	330
30	337
30	344
30	352
30	362
31	167
31	177
31	184
31	191
31	196
31	201
31	204
31	209
31	212
31	215
31	219
31	221
31	224
31	227
31	230
31	232
31	235
31	237
31	240
31	242
31	245
31	247
31	250
31	252
31	254
31	257
31	259
31	262
31	264
31	267
31	269
31	272
31	274
31	277
31	279
31	282
31	284
31	287
31	289
31	292
31	295
31	297
31	300
31	303
31	306
31	309
31	312
31	316
31	319
31	323
31	327
31	331
31	335
31	340
31	345
31	350
31	356
31	363
31	371
31	380
32	166
32	175
32	182
32	188
32	192
32	196
32	200
32	203
32	207
32	210
32	212
32	215
32	218
32	221
32	223
32	226
32	228
32	231
32	233
32	235
32	238
32	240
32	242
32	244
32	247
32	249
32	251
32	253
32	256
32	258
32	260
32	262
32	265
32	267
32	269
32	272
32	274
32	276
32	279
32	281
32	284
32	286
32	289
32	291
32	294
32	296
32	299
32	301
32	304
32	307
32	309
32	313
32	315
32	318
32	322
32	325
32	328
32	332
32	336
32	340
32	345
32	349
32	355
32	360
32	367
32	374
32	383
32	394
33	159
33	169
33	177
33	183
33	188
33	192
33	196
33	200
33	203
33	207
33	210
33	213
33	216
33	219
33	222
33	225
33	228
33	231
33	233
33	236
33	239
33	241
33	244
33	247
33	249
33	252
33	255
33	258
33	260
33	264
33	266
33	269
33	273
33	275
33	279
33	282
33	285
33	289
33	292
33	296
33	299
33	303
33	306
33	310
33	314
33	318
33	323
33	327
33	332
33	337
33	343
33	349
33	356
33	364
33	374
34	154
34	164
34	172
34	179
34	185
34	191
34	196
34	201
34	206
34	210
34	215
34	219
34	223
34	227
34	231
34	235
34	239
34	243
34	247
34	251
34	256
34	260
34	265
34	269
34	274
34	279
34	284
34	289
34	295
34	300
34	306
34	312
34	319
34	327
34	336
34	346
35	158
35	168
35	177
35	185
35	192
35	199
35	205
35	211
35	217
35	223
35	229
35	235
35	241
35	247
35	253
35	259
35	266
35	273
35	280
35	288
35	296
35	305
35	315
36	163
36	175
36	185
36	194
36	203
36	211
36	219
36	227
36	235
36	243
36	252
36	261
36	271
36	282
36	295
37	159
37	170
37	180
37	189
37	198
37	206
37	214
37	222
37	230
37	238
37	246
37	255
37	265
37	276
38	157
38	168
38	178
38	187
38	195
38	203
38	211
38	219
38	227
38	235
38	243
38	252
38	261
38	271
38	283
39	162
39	174
39	185
39	195
39	204
39	213
39	222
39	231
39	240
39	250
39	260
39	272
40	159
40	170
40	180
40	190
40	199
40	208
40	217
40	226
40	235
40	244
40	254
40	265
41	159
41	170
41	181
41	191
41	201
41	211
41	221
41	231
41	241
41	252
41	265
42	197
42	209
42	220
42	232
43	197
43	208
43	219
43	230
43	243
44	211
44	224
45	190
65	209
65	220
65	230
65	240
65	250
65	260
65	271
65	282
65	294
66	210
66	221
66	231
66	240
66	249
66	257
66	265
66	273
66	282
66	291
66	301
66	312
67	192
67	202
67	211
67	220
67	229
67	237
67	245
67	253
67	260
67	267
67	274
67	281
67	288
67	295
67	302
67	309
67	316
67	324
67	332
67	342
68	188
68	197
68	204
68	211
68	217
68	223
68	229
68	235
68	241
68	247
68	253
68	259
68	265
68	271
68	277
68	282
68	287
68	292
68	297
68	302
68	307
68	312
68	317
68	322
68	327
68	333
68	339
68	346
68	354
68	363
68	374
69	188
69	196
69	202
69	207
69	212
69	215
69	220
69	223
69	227
69	231
69	234
69	238
69	241
69	245
69	248
69	252
69	256
69	260
69	264
69	268
69	272
69	277
69	281
69	286
69	290
69	295
69	299
69	304
69	308
69	313
69	317
69	322
69	327
69	332
69	337
69	343
69	349
69	356
69	365
69	376
70	189
70	198
70	203
70	208
70	212
70	215
70	219
70	222
70	224
70	228
70	231
70	233
70	236
70	239
70	241
70	244
70	246
70	249
70	251
70	254
70	256
70	259
70	262
70	264
70	267
70	270
70	273
70	276
70	279
70	282
70	286
70	289
70	293
70	297
70	301
70	305
70	309
70	314
70	318
70	323
70	328
70	334
70	340
70	347
70	356
70	367
71	200
71	209
71	216
71	222
71	226
71	231
71	234
71	238
71	242
71	244
71	248
71	251
71	253
71	257
71	259
71	262
71	265
71	268
71	270
71	273
71	276
71	279
71	281
71	285
71	287
71	290
71	294
71	296
71	300
71	303
71	307
71	310
71	314
71	318
71	322
71	326
71	331
71	336
71	342
71	348
71	355
71	364
71	375
72	229
72	239
72	248
72	255
72	261
72	266
72	271
72	275
72	280
72	284
72	288
72	292
72	296
72	300
72	304
72	308
72	312
72	316
72	320
72	325
72	329
72	335
72	340
72	346
72	353
72	361
72	371
73	201
73	212
73	222
73	232
73	242
73	252
73	262
73	272
73	281
73	289
73	296
73	303
73	310
73	317
73	324
73	332
73	341
73	352
74	190
74	199
74	206
74	213
74	219
74	225
74	231
74	236
74	242
74	248
74	254
74	260
74	267
74	274
74	282
74	291
74	301
74	312
75	191
75	200
75	207
75	213
75	219
75	224
75	229
75	233
75	238
75	242
75	247
75	251
75	256
75	260
75	265
75	269
75	274
75	279
75	284
75	290
75	296
75	302
75	309
75	316
75	324
75	333
75	344
76	217
76	227
76	236
76	244
76	252
76	259
76	266
76	273
76	280
76	287
76	294
76	301
76	308
76	316
76	324
76	333
76	343
-1	-1
