-1	-1
11	191
11	203
11	215
11	227
11	240
12	169
12	180
12	190
12	200
12	210
12	219
12	228
12	238
12	248
12	258
12	269
12	280
12	292
12	307
12	318
12	328
12	338
12	348
12	359
13	162
13	173
13	183
13	192
13	201
13	210
13	218
13	226
13	234
13	242
13	250
13	258
13	267
13	276
13	285
13	295
13	305
13	315
13	324
13	333
13	342
13	351
13	361
13	372
14	168
14	179
14	189
14	199
14	208
14	216
14	224
14	232
14	239
14	246
14	253
14	260
14	267
14	274
14	281
14	288
14	296
14	304
14	312
14	320
14	328
14	336
14	344
14	353
14	363
14	374
15	188
15	199
15	208
15	216
15	223
15	230
15	236
15	242
15	248
15	254
15	260
15	265
15	271
15	276
15	282
15	287
15	293
15	299
15	305
15	311
15	317
15	324
15	331
15	338
15	345
15	353
15	362
15	372
16	186
16	196
16	204
16	212
16	219
16	225
16	231
16	237
16	242
16	247
16	252
16	257
16	262
16	266
16	271
16	275
16	280
16	284
16	288
16	293
16	297
16	302
16	306
16	311
16	316
16	321
16	327
16	333
16	339
16	346
16	353
16	361
16	371
17	180
17	190
17	199
17	206
17	212
17	218
17	223
17	228
17	232
17	237
17	241
17	245
17	249
17	252
17	256
17	259
17	263
17	266
17	269
17	272
17	275
17	278
17	281
17	284
17	287
17	290
17	293
17	296
17	299
17	302
17	305
17	308
17	311
17	315
17	318
17	322
17	325
17	329
17	333
17	337
17	342
17	347
17	352
17	358
17	364
17	371
17	379
17	389
18	166
18	176
18	185
18	193
18	200
18	206
18	211
18	216
18	221
18	225
18	230
18	233
18	238
18	241
18	245
18	248
18	252
18	254
18	258
18	261
18	264
18	267
18	270
18	273
18	276
18	279
18	281
18	284
18	287
18	289
18	292
18	295
18	298
18	300
18	304
18	306
18	309
18	312
18	315
18	318
18	321
18	325
18	328
18	332
18	336
18	339
18	344
18	348
18	353
18	358
18	364
18	370
18	377
18	385
18	395
19	157
19	167
19	175
19	183
19	191
19	199
19	206
19	212
19	218
19	223
19	228
19	233
19	238
19	242
19	247
19	251
19	256
19	260
19	264
19	268
19	272
19	276
19	280
19	284
19	288
19	292
19	296
19	300
19	305
19	309
19	314
19	319
19	324
19	329
19	335
19	340
19	346
19	352
19	359
19	367
19	376
19	387
20	161
20	172
20	182
20	192
20	201
20	209
20	217
20	224
20	231
20	238
20	245
20	251
20	257
20	263
20	269
20	275
20	281
20	287
20	293
20	299
20	306
20	313
20	320
20	328
20	336
20	344
20	353
20	363
21	199
21	210
21	220
21	230
21	240
21	249
21	258
21	267
21	276
21	285
21	294
21	304
21	314
21	324
21	334
21	345
22	190
22	201
22	212
22	222
22	232
22	242
22	252
22	262
22	271
22	281
22	291
22	301
22	312
22	323
22	334
22	346
23	172
23	183
23	193
23	202
23	211
23	220
23	229
23	238
23	246
23	254
23	262
23	270
23	278
23	286
23	294
23	302
23	310
23	319
23	328
23	337
23	347
24	176
24	187
24	197
24	206
24	214
24	222
24	230
24	238
24	245
24	252
24	259
24	266
24	272
24	279
24	285
24	291
24	297
24	303
24	310
24	316
24	323
24	329
24	336
24	343
24	351
24	359
24	368
24	380
25	172
25	183
25	192
25	200
25	208
25	215
25	221
25	227
25	233
25	239
25	244
25	250
25	255
25	260
25	265
25	270
25	274
25	279
25	283
25	288
25	292
25	296
25	300
25	304
25	308
25	312
25	317
25	321
25	325
25	330
25	334
25	339
25	344
25	349
25	355
25	361
25	367
25	374
25	382
25	392
26	168
26	178
26	186
26	193
26	200
26	206
26	212
26	217
26	222
26	227
26	231
26	236
26	240
26	244
26	248
26	252
26	255
26	259
26	262
26	266
26	269
26	273
26	276
26	279
26	282
26	285
26	288
26	291
26	294
26	297
26	300
26	303
26	306
26	309
26	312
26	315
26	318
26	321
26	324
26	327
26	330
26	334
26	336
26	340
26	344
26	347
26	351
26	355
26	359
26	364
26	369
26	375
26	381
26	388
26	396
26	406
27	162
27	171
27	179
27	186
27	192
27	198
27	203
27	208
27	212
27	216
27	220
27	224
27	228
27	231
27	235
27	238
27	242
27	245
27	248
27	252
27	254
27	258
27	261
27	263
27	267
27	269
27	272
27	275
27	278
27	280
27	283
27	286
27	288
27	291
27	294
27	296
27	299
27	302
27	305
27	307
27	310
27	313
27	316
27	319
27	322
27	325
27	328
27	331
27	335
27	338
27	342
27	346
27	349
27	354
27	358
27	363
27	368
27	374
27	380
27	387
27	395
27	405
28	162
28	171
28	178
28	184
28	190
28	194
28	199
28	203
28	208
28	212
28	216
28	220
28	223
28	227
28	231
28	234
28	238
28	241
28	245
28	248
28	252
28	255
28	259
28	262
28	266
28	269
28	273
28	276
28	280
28	283
28	287
28	290
28	294
28	297
28	301
28	305
28	308
28	313
28	316
28	321
28	325
28	329
28	334
28	338
28	343
28	348
28	353
28	359
28	365
28	372
28	380
28	389
28	400
29	166
29	174
29	181
29	188
29	193
29	199
29	203
29	208
29	212
29	216
29	221
29	224
29	229
29	233
29	237
29	241
29	245
29	249
29	253
29	257
29	261
29	265
29	269
29	272
29	276
29	280
29	283
29	287
29	290
29	294
29	297
29	301
29	304
29	308
29	311
29	315
29	318
29	322
29	326
29	330
29	334
29	338
29	342
29	347
29	351
29	356
29	361
29	367
29	373
29	380
29	387
29	396
29	406
30	168
30	178
30	187
30	195
30	202
30	209
30	215
30	221
30	226
30	231
30	236
30	241
30	245
30	250
30	254
30	258
30	262
30	266
30	270
30	273
30	277
30	280
30	283
30	286
30	289
30	292
30	294
30	298
30	300
30	303
30	305
30	308
30	311
30	313
30	316
30	319
30	322
30	325
30	328
30	331
30	334
30	337
30	340
30	344
30	347
30	351
30	355
30	359
30	363
30	368
30	373
30	378
30	384
30	390
30	397
30	406
30	416
31	167
31	177
31	186
31	193
31	200
31	206
31	212
31	217
31	222
31	226
31	231
31	234
31	239
31	242
31	246
31	249
31	252
31	255
31	258
31	261
31	263
31	266
31	269
31	271
31	273
31	276
31	278
31	281
31	282
31	285
31	287
31	289
31	292
31	293
31	296
31	298
31	300
31	302
31	304
31	306
31	308
31	310
31	313
31	314
31	317
31	319
31	321
31	324
31	326
31	328
31	330
31	333
31	335
31	338
31	340
31	343
31	346
31	348
31	352
31	355
31	358
31	362
31	366
31	369
31	374
31	378
31	384
31	389
31	396
31	403
31	411
31	421
32	162
32	172
32	181
32	189
32	195
32	201
32	205
32	210
32	213
32	217
32	221
32	223
32	227
32	230
32	232
32	235
32	238
32	240
32	242
32	245
32	247
32	249
32	252
32	253
32	256
32	258
32	260
32	262
32	264
32	266
32	268
32	270
32	272
32	274
32	276
32	278
32	280
32	282
32	283
32	286
32	287
32	289
32	291
32	293
32	295
32	296
32	299
32	300
32	302
32	304
32	306
32	308
32	310
32	312
32	314
32	316
32	318
32	320
32	323
32	325
32	327
32	330
32	332
32	335
32	337
32	340
32	343
32	346
32	349
32	352
32	356
32	359
32	364
32	367
32	372
32	377
32	382
32	388
32	395
32	403
32	412
32	424
33	161
33	171
33	179
33	187
33	193
33	199
33	203
33	208
33	211
33	214
33	218
33	221
33	223
33	226
33	229
33	231
33	233
33	236
33	238
33	241
33	242
33	245
33	247
33	249
33	251
33	253
33	255
33	257
33	259
33	261
33	263
33	265
33	267
33	269
33	271
33	273
33	275
33	277
33	279
33	281
33	283
33	285
33	287
33	289
33	291
33	293
33	295
33	297
33	299
33	302
33	304
33	306
33	309
33	311
33	314
33	316
33	319
33	322
33	325
33	327
33	331
33	334
33	337
33	340
33	344
33	347
33	351
33	355
33	359
33	364
33	369
33	375
33	381
33	388
33	396
33	405
34	160
34	169
34	177
34	184
34	191
34	196
34	201
34	205
34	209
34	212
34	216
34	219
34	222
34	225
34	228
34	231
34	233
34	236
34	239
34	241
34	244
34	247
34	249
34	252
34	255
34	257
34	260
34	263
34	266
34	268
34	272
34	274
34	277
34	280
34	283
34	286
34	289
34	292
34	295
34	298
34	302
34	305
34	309
34	313
34	317
34	321
34	326
34	330
34	335
34	340
34	346
34	352
34	358
34	365
34	373
34	382
34	395
35	160
35	169
35	177
35	184
35	191
35	197
35	203
35	208
35	213
35	217
35	222
35	226
35	230
35	234
35	238
35	243
35	247
35	252
35	256
35	261
35	265
35	270
35	275
35	280
35	285
35	290
35	296
35	302
35	308
35	315
35	322
35	330
35	338
35	347
35	356
35	367
36	160
36	170
36	178
36	186
36	193
36	200
36	206
36	212
36	218
36	224
36	230
36	236
36	242
36	249
36	256
36	263
36	270
36	277
36	284
36	292
36	300
36	309
36	319
36	329
36	340
36	351
37	162
37	173
37	183
37	192
37	201
37	209
37	217
37	224
37	231
37	238
37	246
37	254
37	262
37	270
37	278
37	287
37	296
37	306
37	317
38	187
38	198
38	207
38	215
38	223
38	231
38	239
38	247
38	256
38	265
38	275
38	285
38	296
39	192
39	203
39	214
39	225
39	236
39	248
39	262
40	257
40	270
40	282
40	294
41	237
41	249
41	261
41	274
41	288
42	237
42	251
43	250
43	263
64	237
64	248
64	258
64	268
64	277
64	286
64	295
64	305
64	315
65	228
65	239
65	249
65	258
65	266
65	274
65	281
65	288
65	295
65	302
65	309
65	316
65	324
65	333
65	344
66	208
66	218
66	227
66	236
66	244
66	252
66	260
66	268
66	276
66	284
66	292
66	300
66	308
66	316
66	325
66	335
67	202
67	211
67	219
67	225
67	231
67	237
67	242
67	247
67	252
67	257
67	262
67	267
67	272
67	277
67	282
67	287
67	292
67	298
67	303
67	309
67	315
67	322
67	329
67	337
67	347
68	202
68	211
68	218
68	223
68	228
68	232
68	236
68	240
68	243
68	247
68	250
68	253
68	257
68	260
68	263
68	266
68	269
68	272
68	275
68	278
68	281
68	284
68	287
68	290
68	293
68	296
68	299
68	302
68	305
68	308
68	312
68	315
68	319
68	322
68	326
68	330
68	335
68	339
68	345
68	350
68	357
68	365
68	374
69	207
69	215
69	222
69	227
69	232
69	235
69	240
69	242
69	246
69	249
69	252
69	255
69	258
69	261
69	263
69	266
69	269
69	271
69	274
69	276
69	279
69	281
69	283
69	286
69	288
69	291
69	293
69	295
69	298
69	300
69	302
69	305
69	307
69	309
69	312
69	314
69	317
69	319
69	322
69	325
69	327
69	330
69	334
69	336
69	340
69	344
69	347
69	352
69	356
69	361
69	367
69	373
69	380
69	389
70	211
70	221
70	230
70	238
70	245
70	252
70	258
70	264
70	270
70	276
70	281
70	287
70	292
70	297
70	302
70	307
70	312
70	317
70	322
70	327
70	333
70	339
70	346
70	353
70	362
70	373
71	207
71	216
71	223
71	230
71	236
71	242
71	247
71	252
71	257
71	262
71	267
71	272
71	277
71	282
71	287
71	292
71	297
71	302
71	307
71	312
71	318
71	324
71	331
71	338
71	347
71	358
72	207
72	215
72	221
72	226
72	231
72	235
72	240
72	243
72	247
72	251
72	254
72	258
72	261
72	264
72	267
72	270
72	273
72	276
72	279
72	282
72	285
72	288
72	291
72	294
72	297
72	300
72	303
72	306
72	309
72	312
72	315
72	318
72	322
72	325
72	329
72	333
72	337
72	342
72	347
72	353
72	359
72	366
72	375
72	386
73	212
73	221
73	229
73	235
73	241
73	245
73	250
73	253
73	258
73	261
73	265
73	268
73	272
73	274
73	278
73	281
73	284
73	287
73	290
73	293
73	296
73	299
73	301
73	304
73	307
73	310
73	313
73	316
73	319
73	322
73	325
73	328
73	332
73	335
73	339
73	343
73	347
73	352
73	357
73	363
73	370
73	378
73	388
74	266
74	277
74	287
74	297
74	306
74	315
74	324
74	334
74	346
76	229
76	240
76	250
76	260
76	269
76	278
76	287
76	296
76	305
76	314
76	323
76	333
76	344
-1	-1
