-1	-1
9	181
9	193
9	206
9	348
9	361
10	178
10	189
10	200
10	211
10	222
10	233
10	312
10	323
10	332
10	341
10	349
10	357
10	365
10	373
10	382
10	392
10	403
11	170
11	180
11	189
11	198
11	207
11	216
11	225
11	234
11	244
11	255
11	297
11	307
11	315
11	322
11	329
11	335
11	341
11	347
11	352
11	358
11	363
11	369
11	375
11	381
11	387
11	394
11	401
11	409
11	418
11	429
12	176
12	186
12	195
12	203
12	211
12	219
12	227
12	235
12	243
12	251
12	260
12	270
12	281
12	291
12	300
12	308
12	315
12	321
12	327
12	332
12	337
12	342
12	347
12	352
12	356
12	361
12	366
12	370
12	375
12	380
12	385
12	390
12	396
12	402
12	409
12	416
12	425
12	435
13	187
13	198
13	208
13	217
13	225
13	233
13	240
13	247
13	255
13	263
13	272
13	282
13	291
13	300
13	308
13	315
13	322
13	329
13	335
13	341
13	347
13	353
13	359
13	365
13	371
13	377
13	383
13	390
13	397
13	404
13	412
13	421
13	431
14	197
14	208
14	218
14	227
14	236
14	244
14	252
14	260
14	269
14	279
14	289
14	298
14	307
14	316
14	325
14	334
14	342
14	350
14	358
14	366
14	374
14	382
14	391
14	400
14	410
14	423
15	190
15	201
15	211
15	221
15	230
15	238
15	246
15	254
15	263
15	272
15	282
15	292
15	302
15	312
15	321
15	330
15	339
15	347
15	355
15	363
15	371
15	379
15	388
15	398
15	409
16	182
16	193
16	203
16	212
16	221
16	230
16	238
16	246
16	255
16	265
16	276
16	288
16	300
16	312
16	323
16	334
16	344
16	354
16	363
16	372
16	382
16	393
17	177
17	187
17	196
17	204
17	212
17	220
17	227
17	234
17	241
17	248
17	256
17	265
17	275
17	286
17	298
17	309
17	320
17	331
17	341
17	351
17	361
17	371
17	382
17	395
18	169
18	179
18	187
18	194
18	201
18	208
18	215
18	222
18	228
18	235
18	242
18	249
18	256
18	264
18	273
18	283
18	294
18	305
18	316
18	326
18	336
18	345
18	354
18	363
18	373
18	383
18	395
19	162
19	171
19	179
19	185
19	191
19	197
19	202
19	207
19	212
19	217
19	222
19	227
19	232
19	237
19	242
19	247
19	253
19	259
19	266
19	273
19	281
19	290
19	299
19	308
19	317
19	326
19	334
19	342
19	350
19	358
19	366
19	375
19	384
19	394
19	405
20	158
20	167
20	174
20	180
20	185
20	190
20	194
20	199
20	203
20	207
20	211
20	215
20	219
20	223
20	226
20	230
20	234
20	238
20	242
20	246
20	250
20	255
20	259
20	265
20	270
20	276
20	283
20	290
20	298
20	306
20	313
20	320
20	327
20	333
20	339
20	345
20	351
20	357
20	363
20	369
20	376
20	383
20	390
20	398
20	407
20	417
20	428
21	159
21	167
21	173
21	179
21	183
21	188
21	192
21	196
21	200
21	203
21	207
21	210
21	213
21	216
21	219
21	222
21	225
21	228
21	231
21	234
21	237
21	240
21	243
21	246
21	249
21	253
21	256
21	260
21	264
21	268
21	273
21	278
21	283
21	289
21	295
21	301
21	307
21	312
21	318
21	323
21	328
21	333
21	337
21	342
21	346
21	351
21	355
21	360
21	364
21	369
21	374
21	379
21	385
21	390
21	396
21	402
21	409
21	416
21	424
21	433
21	444
22	162
22	171
22	178
22	184
22	190
22	194
22	199
22	203
22	207
22	211
22	214
22	218
22	221
22	224
22	228
22	231
22	234
22	237
22	241
22	244
22	247
22	251
22	255
22	258
22	263
22	267
22	272
22	277
22	282
22	288
22	293
22	299
22	304
22	309
22	314
22	318
22	322
22	326
22	330
22	333
22	337
22	341
22	344
22	348
22	351
22	355
22	358
22	362
22	365
22	369
22	373
22	376
22	380
22	384
22	388
22	392
22	397
22	401
22	406
22	411
22	417
22	423
22	429
22	436
22	444
22	454
23	172
23	182
23	191
23	199
23	206
23	213
23	219
23	224
23	230
23	234
23	239
23	243
23	248
23	252
23	257
23	262
23	267
23	273
23	279
23	285
23	291
23	297
23	302
23	307
23	312
23	316
23	321
23	324
23	329
23	332
23	336
23	340
23	343
23	347
23	350
23	353
23	357
23	360
23	363
23	367
23	370
23	373
23	377
23	380
23	384
23	387
23	391
23	395
23	398
23	402
23	406
23	410
23	415
23	419
23	424
23	429
23	435
23	441
23	448
23	456
23	466
24	177
24	188
24	197
24	205
24	212
24	219
24	225
24	231
24	236
24	241
24	246
24	251
24	256
24	261
24	266
24	272
24	278
24	284
24	290
24	294
24	299
24	303
24	308
24	312
24	317
24	321
24	325
24	329
24	333
24	337
24	341
24	345
24	349
24	352
24	356
24	359
24	363
24	366
24	370
24	373
24	377
24	380
24	384
24	387
24	391
24	394
24	398
24	401
24	405
24	408
24	412
24	416
24	420
24	425
24	429
24	435
24	440
24	446
24	453
24	461
24	471
25	189
25	200
25	210
25	219
25	227
25	234
25	241
25	248
25	255
25	262
25	270
25	278
25	285
25	291
25	296
25	301
25	305
25	310
25	313
25	318
25	321
25	325
25	328
25	332
25	335
25	339
25	342
25	346
25	349
25	353
25	356
25	360
25	363
25	366
25	370
25	373
25	376
25	380
25	383
25	386
25	390
25	393
25	397
25	400
25	404
25	408
25	412
25	416
25	420
25	425
25	429
25	435
25	441
25	448
25	456
25	465
26	188
26	199
26	209
26	218
26	226
26	233
26	240
26	247
26	254
26	261
26	268
26	275
26	282
26	289
26	295
26	301
26	306
26	311
26	315
26	320
26	324
26	328
26	332
26	336
26	340
26	343
26	347
26	350
26	354
26	357
26	361
26	364
26	368
26	371
26	375
26	378
26	382
26	386
26	389
26	394
26	397
26	402
26	406
26	411
26	416
26	421
26	427
26	434
26	442
26	451
27	190
27	201
27	211
27	221
27	230
27	239
27	247
27	256
27	265
27	274
27	283
27	291
27	298
27	303
27	309
27	313
27	318
27	322
27	326
27	330
27	333
27	336
27	340
27	342
27	345
27	348
27	351
27	354
27	357
27	360
27	363
27	366
27	369
27	372
27	375
27	378
27	381
27	385
27	388
27	392
27	396
27	400
27	405
27	409
27	415
27	420
27	426
27	433
27	441
27	451
28	199
28	210
28	221
28	231
28	241
28	252
28	265
28	279
28	289
28	297
28	302
28	307
28	311
28	314
28	319
28	321
28	324
28	328
28	330
28	332
28	335
28	338
28	340
28	342
28	345
28	347
28	349
28	352
28	354
28	356
28	359
28	361
28	363
28	366
28	368
28	370
28	373
28	375
28	378
28	380
28	383
28	386
28	388
28	392
28	395
28	398
28	402
28	405
28	409
28	413
28	418
28	423
28	428
28	435
28	442
28	451
29	182
29	193
29	203
29	212
29	221
29	230
29	239
29	248
29	257
29	268
29	279
29	289
29	297
29	303
29	309
29	313
29	318
29	322
29	325
29	329
29	332
29	336
29	339
29	342
29	345
29	348
29	351
29	353
29	356
29	359
29	361
29	364
29	367
29	369
29	372
29	375
29	378
29	381
29	384
29	387
29	390
29	394
29	397
29	401
29	405
29	409
29	414
29	419
29	425
29	431
29	438
29	447
30	167
30	177
30	185
30	192
30	199
30	206
30	213
30	220
30	227
30	234
30	241
30	249
30	258
30	268
30	279
30	289
30	297
30	304
30	310
30	316
30	322
30	328
30	333
30	339
30	343
30	348
30	351
30	355
30	358
30	362
30	365
30	368
30	372
30	375
30	378
30	382
30	385
30	389
30	393
30	397
30	401
30	406
30	411
30	416
30	422
30	428
30	436
30	445
31	161
31	170
31	177
31	183
31	188
31	193
31	197
31	202
31	206
31	210
31	214
31	218
31	222
31	226
31	230
31	235
31	239
31	244
31	249
31	254
31	260
31	266
31	273
31	280
31	287
31	293
31	298
31	303
31	308
31	312
31	317
31	321
31	325
31	330
31	333
31	338
31	341
31	345
31	349
31	353
31	356
31	360
31	363
31	367
31	370
31	373
31	377
31	380
31	384
31	387
31	391
31	395
31	399
31	403
31	408
31	413
31	418
31	424
31	430
31	437
31	446
32	158
32	166
32	172
32	176
32	181
32	183
32	188
32	191
32	193
32	197
32	199
32	202
32	205
32	207
32	210
32	213
32	215
32	218
32	220
32	223
32	226
32	228
32	231
32	234
32	237
32	239
32	243
32	246
32	249
32	253
32	256
32	260
32	264
32	268
32	273
32	278
32	283
32	288
32	293
32	298
32	303
32	308
32	313
32	318
32	323
32	328
32	333
32	338
32	343
32	348
32	353
32	358
32	362
32	366
32	370
32	373
32	377
32	380
32	384
32	387
32	391
32	395
32	398
32	403
32	407
32	411
32	416
32	421
32	427
32	433
32	440
32	448
32	458
33	159
33	167
33	172
33	176
33	181
33	182
33	187
33	189
33	192
33	194
33	197
33	200
33	202
33	204
33	207
33	209
33	212
33	214
33	217
33	219
33	222
33	225
33	227
33	230
33	233
33	236
33	238
33	242
33	245
33	248
33	252
33	255
33	259
33	263
33	268
33	273
33	278
33	284
33	290
33	296
33	303
33	310
33	317
33	325
33	333
33	341
33	349
33	356
33	362
33	367
33	372
33	376
33	381
33	384
33	389
33	393
33	397
33	402
33	406
33	411
33	416
33	422
33	428
33	435
33	443
33	453
34	162
34	172
34	180
34	187
34	193
34	199
34	204
34	210
34	215
34	220
34	225
34	230
34	234
34	239
34	243
34	248
34	253
34	258
34	264
34	270
34	277
34	284
34	291
34	297
34	304
34	311
34	318
34	325
34	332
34	339
34	346
34	353
34	360
34	367
34	373
34	379
34	384
34	389
34	394
34	399
34	404
34	409
34	415
34	421
34	428
34	436
34	445
34	456
35	168
35	177
35	184
35	191
35	196
35	201
35	205
35	210
35	213
35	217
35	221
35	223
35	227
35	230
35	233
35	236
35	239
35	242
35	245
35	248
35	251
35	254
35	257
35	260
35	264
35	267
35	271
35	275
35	279
35	283
35	287
35	292
35	296
35	301
35	305
35	310
35	315
35	320
35	325
35	331
35	337
35	343
35	350
35	357
35	364
35	370
35	375
35	380
35	384
35	388
35	392
35	396
35	400
35	404
35	408
35	413
35	417
35	422
35	427
35	433
35	439
35	446
35	455
35	466
36	168
36	176
36	182
36	188
36	192
36	197
36	201
36	204
36	208
36	211
36	213
36	217
36	219
36	222
36	224
36	227
36	229
36	232
36	233
36	236
36	238
36	240
36	243
36	245
36	247
36	249
36	252
36	254
36	257
36	259
36	262
36	265
36	267
36	271
36	274
36	277
36	280
36	284
36	287
36	291
36	295
36	298
36	303
36	307
36	312
36	317
36	322
36	328
36	334
36	341
36	348
36	355
36	362
36	368
36	373
36	378
36	383
36	387
36	392
36	396
36	401
36	406
36	411
36	416
36	422
36	428
36	435
36	443
36	452
36	465
37	177
37	187
37	195
37	202
37	209
37	215
37	221
37	226
37	232
37	237
37	243
37	248
37	254
37	260
37	266
37	273
37	280
37	287
37	294
37	301
37	308
37	316
37	324
37	332
37	340
37	348
37	356
37	363
37	371
37	379
37	387
37	395
37	403
37	411
37	420
37	430
37	443
38	186
38	197
38	206
38	215
38	223
38	231
38	238
38	245
38	251
38	258
38	265
38	272
38	279
38	286
38	293
38	300
38	307
38	314
38	321
38	328
38	335
38	342
38	350
38	358
38	366
38	375
38	384
38	392
38	400
38	407
38	415
38	423
38	432
38	442
39	171
39	181
39	189
39	196
39	202
39	208
39	213
39	219
39	223
39	228
39	232
39	237
39	241
39	245
39	249
39	253
39	257
39	261
39	265
39	269
39	274
39	278
39	283
39	288
39	293
39	299
39	305
39	311
39	318
39	325
39	333
39	341
39	350
39	359
39	369
39	378
39	387
39	395
39	403
39	411
39	419
39	427
39	435
39	444
39	455
40	171
40	181
40	189
40	195
40	201
40	207
40	212
40	217
40	222
40	227
40	232
40	236
40	241
40	244
40	249
40	252
40	257
40	260
40	265
40	269
40	274
40	279
40	284
40	290
40	296
40	303
40	311
40	320
40	330
40	362
40	374
40	385
40	396
40	407
40	417
40	426
40	435
40	445
40	456
41	247
41	259
41	408
41	418
41	427
41	437
41	448
42	217
42	228
42	239
42	249
42	259
42	270
42	284
42	412
42	423
42	434
43	196
43	206
43	215
43	223
43	231
43	238
43	245
43	252
43	259
43	267
43	275
43	284
43	294
43	305
44	190
44	200
44	209
44	217
44	225
44	233
44	240
44	247
44	254
44	262
44	270
44	279
44	289
44	301
47	201
47	212
47	222
47	231
47	240
47	249
47	258
47	268
48	189
48	199
48	208
48	216
48	223
48	230
48	237
48	244
48	251
48	258
48	266
48	275
48	285
49	210
49	222
49	233
49	245
52	192
52	203
52	214
52	224
52	234
52	244
52	255
53	188
53	199
53	209
53	218
53	227
53	236
53	245
53	254
53	264
53	275
53	431
54	220
54	233
54	406
54	416
54	426
54	436
54	447
55	218
55	230
55	243
55	398
55	409
55	419
55	430
56	193
56	204
56	213
56	222
56	230
56	238
56	246
56	255
56	265
57	181
57	191
57	199
57	205
57	211
57	216
57	221
57	226
57	231
57	235
57	240
57	245
57	250
57	255
57	261
57	267
57	274
57	282
57	291
57	301
58	176
58	184
58	191
58	195
58	201
58	203
58	208
58	211
58	214
58	218
58	221
58	223
58	226
58	229
58	232
58	234
58	237
58	239
58	242
58	245
58	247
58	250
58	253
58	256
58	258
58	262
58	265
58	268
58	272
58	276
58	280
58	285
58	289
58	295
58	300
58	307
58	314
58	322
58	332
58	343
59	172
59	181
59	187
59	192
59	195
59	200
59	202
59	205
59	208
59	211
59	212
59	215
59	217
59	220
59	222
59	223
59	225
59	228
59	229
59	231
59	232
59	235
59	236
59	238
59	240
59	242
59	243
59	245
59	247
59	249
59	250
59	253
59	254
59	256
59	258
59	260
59	262
59	264
59	266
59	268
59	271
59	273
59	276
59	278
59	281
59	284
59	287
59	290
59	294
59	297
59	301
59	305
59	309
59	315
59	320
59	326
59	333
59	341
59	349
59	358
59	368
59	379
59	390
59	401
59	414
60	181
60	190
60	196
60	202
60	205
60	211
60	213
60	217
60	221
60	222
60	226
60	229
60	231
60	234
60	236
60	239
60	241
60	244
60	246
60	249
60	251
60	254
60	257
60	259
60	263
60	265
60	269
60	272
60	276
60	279
60	284
60	287
60	292
60	297
60	302
60	308
60	315
60	322
60	330
60	339
60	349
60	359
60	369
60	379
60	388
60	397
60	405
60	413
60	422
60	431
60	441
61	356
61	366
61	374
61	382
61	389
61	395
61	401
61	406
61	411
61	416
61	421
61	426
61	432
61	438
61	445
61	452
61	460
61	470
62	331
62	342
62	351
62	359
62	365
62	371
62	375
62	380
62	383
62	388
62	391
62	394
62	398
62	401
62	404
62	407
62	410
62	413
62	416
62	419
62	423
62	426
62	429
62	433
62	437
62	441
62	446
62	450
62	456
62	462
62	469
62	477
62	487
63	176
63	186
63	195
63	204
63	213
63	222
63	231
63	240
63	249
63	259
63	271
63	287
63	298
63	308
63	317
63	325
63	332
63	339
63	344
63	350
63	354
63	359
63	362
63	366
63	369
63	372
63	375
63	378
63	381
63	382
63	385
63	388
63	390
63	392
63	394
63	397
63	399
63	401
63	403
63	406
63	408
63	410
63	413
63	415
63	417
63	420
63	423
63	425
63	428
63	431
63	435
63	437
63	441
63	445
63	449
63	454
63	459
63	465
63	472
63	480
63	490
64	167
64	175
64	182
64	188
64	193
64	199
64	203
64	208
64	213
64	217
64	222
64	226
64	231
64	235
64	240
64	244
64	249
64	253
64	258
64	263
64	268
64	274
64	280
64	287
64	293
64	299
64	304
64	310
64	314
64	319
64	323
64	328
64	331
64	335
64	339
64	342
64	345
64	349
64	351
64	354
64	357
64	360
64	362
64	364
64	367
64	369
64	371
64	373
64	375
64	378
64	379
64	382
64	383
64	386
64	388
64	390
64	392
64	395
64	396
64	399
64	401
64	404
64	406
64	408
64	411
64	414
64	417
64	419
64	423
64	426
64	429
64	434
64	437
64	442
64	447
64	453
64	459
64	467
64	477
65	164
65	172
65	177
65	182
65	186
65	190
65	193
65	197
65	200
65	203
65	206
65	209
65	212
65	214
65	217
65	220
65	222
65	225
65	228
65	230
65	233
65	235
65	238
65	240
65	243
65	245
65	248
65	250
65	253
65	255
65	258
65	260
65	264
65	266
65	269
65	273
65	275
65	279
65	282
65	286
65	289
65	293
65	296
65	300
65	303
65	306
65	310
65	312
65	316
65	319
65	322
65	325
65	328
65	331
65	333
65	336
65	339
65	341
65	344
65	346
65	349
65	351
65	354
65	356
65	359
65	361
65	364
65	366
65	369
65	371
65	374
65	377
65	379
65	383
65	385
65	389
65	392
65	396
65	399
65	404
65	408
65	413
65	418
65	424
65	431
65	439
65	449
66	168
66	175
66	181
66	184
66	189
66	192
66	195
66	199
66	202
66	204
66	208
66	210
66	213
66	215
66	218
66	221
66	223
66	226
66	228
66	231
66	233
66	235
66	238
66	240
66	242
66	245
66	247
66	249
66	252
66	254
66	256
66	259
66	261
66	264
66	266
66	269
66	271
66	275
66	277
66	280
66	284
66	286
66	290
66	293
66	296
66	300
66	303
66	307
66	310
66	314
66	318
66	321
66	325
66	329
66	333
66	337
66	341
66	346
66	350
66	355
66	360
66	366
66	372
66	379
66	387
66	396
66	407
67	188
67	198
67	208
67	217
67	226
67	235
67	244
67	252
67	260
67	268
67	276
67	285
67	294
67	304
67	315
69	352
69	364
69	375
69	385
69	395
69	404
69	412
69	419
69	426
69	433
69	440
69	447
69	455
69	464
69	475
70	187
70	199
70	210
70	221
70	232
70	244
70	293
70	304
70	313
70	322
70	330
70	337
70	344
70	351
70	357
70	363
70	369
70	374
70	380
70	385
70	390
70	395
70	400
70	404
70	409
70	412
70	417
70	420
70	424
70	428
70	432
70	436
70	440
70	444
70	448
70	453
70	458
70	464
70	470
70	477
70	485
70	495
71	159
71	168
71	176
71	183
71	189
71	195
71	201
71	207
71	213
71	218
71	224
71	229
71	235
71	240
71	246
71	252
71	258
71	264
71	271
71	278
71	285
71	292
71	298
71	303
71	308
71	313
71	317
71	322
71	325
71	330
71	333
71	337
71	341
71	344
71	348
71	351
71	354
71	357
71	361
71	363
71	366
71	369
71	372
71	375
71	378
71	381
71	383
71	386
71	389
71	391
71	394
71	397
71	399
71	402
71	405
71	407
71	410
71	413
71	415
71	418
71	421
71	424
71	426
71	429
71	432
71	435
71	438
71	442
71	445
71	449
71	453
71	457
71	462
71	467
71	473
71	480
71	488
71	498
72	152
72	161
72	167
72	172
72	177
72	181
72	185
72	189
72	193
72	196
72	200
72	203
72	207
72	210
72	213
72	217
72	220
72	223
72	226
72	230
72	232
72	236
72	239
72	242
72	245
72	248
72	252
72	255
72	258
72	262
72	265
72	269
72	273
72	277
72	281
72	285
72	289
72	292
72	296
72	299
72	302
72	305
72	309
72	311
72	314
72	317
72	320
72	322
72	325
72	327
72	330
72	332
72	334
72	337
72	339
72	341
72	343
72	346
72	348
72	350
72	352
72	354
72	357
72	358
72	361
72	363
72	365
72	367
72	369
72	371
72	373
72	375
72	377
72	379
72	382
72	383
72	386
72	388
72	390
72	393
72	395
72	397
72	400
72	402
72	405
72	407
72	410
72	413
72	416
72	419
72	422
72	426
72	429
72	434
72	437
72	442
72	447
72	453
72	460
72	468
72	478
73	153
73	162
73	169
73	174
73	179
73	183
73	187
73	191
73	194
73	198
73	201
73	205
73	208
73	211
73	215
73	218
73	221
73	224
73	227
73	230
73	233
73	236
73	239
73	242
73	245
73	248
73	251
73	255
73	257
73	261
73	264
73	267
73	271
73	274
73	278
73	281
73	285
73	288
73	292
73	295
73	299
73	302
73	305
73	308
73	311
73	314
73	317
73	320
73	323
73	325
73	329
73	331
73	334
73	337
73	339
73	342
73	345
73	347
73	350
73	353
73	356
73	358
73	362
73	364
73	368
73	370
73	374
73	377
73	381
73	385
73	388
73	393
73	397
73	402
73	407
73	413
73	420
73	428
73	438
74	183
74	194
74	204
74	214
74	224
74	234
74	244
74	254
74	264
74	273
74	282
74	291
74	300
74	309
74	318
74	327
74	337
74	348
-1	-1
