-1	-1
0	166
0	177
0	187
0	197
0	207
0	217
8	202
8	214
8	227
8	350
8	361
8	371
8	381
8	391
8	402
8	414
9	186
9	197
9	207
9	217
9	227
9	238
9	321
9	332
9	342
9	351
9	360
9	368
9	376
9	384
9	392
9	400
9	408
9	417
9	427
10	188
10	199
10	210
10	221
10	233
10	322
10	334
10	345
10	355
10	365
10	374
10	383
10	392
10	401
10	410
10	420
10	431
11	181
11	192
11	203
11	214
11	225
11	331
11	342
11	352
11	362
11	371
11	380
11	389
11	398
11	407
11	417
11	428
12	179
12	190
12	201
12	211
12	221
12	233
12	330
12	341
12	351
12	360
12	369
12	377
12	385
12	393
12	402
12	412
12	423
13	168
13	178
13	187
13	196
13	204
13	212
13	220
13	229
13	239
13	310
13	321
13	331
13	340
13	348
13	355
13	362
13	369
13	376
13	383
13	390
13	397
13	405
13	413
13	422
13	432
13	445
14	169
14	179
14	188
14	196
14	203
14	210
14	217
14	224
14	232
14	240
14	250
14	265
14	291
14	302
14	312
14	321
14	329
14	336
14	343
14	350
14	356
14	362
14	368
14	373
14	379
14	384
14	390
14	395
14	401
14	407
14	413
14	420
14	427
14	435
14	444
14	454
15	171
15	181
15	190
15	198
15	205
15	212
15	219
15	226
15	233
15	241
15	249
15	258
15	269
15	281
15	292
15	302
15	311
15	319
15	327
15	334
15	341
15	348
15	354
15	360
15	366
15	372
15	378
15	383
15	389
15	394
15	400
15	405
15	411
15	417
15	424
15	431
15	439
15	448
15	458
16	178
16	188
16	197
16	205
16	213
16	221
16	229
16	237
16	246
16	256
16	289
16	301
16	311
16	321
16	330
16	339
16	347
16	355
16	363
16	370
16	377
16	384
16	390
16	397
16	403
16	410
16	417
16	425
16	433
16	442
16	452
16	464
17	179
17	190
17	200
17	210
17	220
17	230
17	241
17	319
17	330
17	340
17	349
17	358
17	366
17	374
17	382
17	390
17	398
17	406
17	414
17	423
17	433
17	445
18	189
18	201
18	212
18	223
18	329
18	340
18	349
18	358
18	366
18	374
18	382
18	390
18	398
18	407
18	417
18	428
19	181
19	193
19	204
19	215
19	227
19	329
19	339
19	347
19	354
19	361
19	367
19	373
19	379
19	385
19	391
19	398
19	405
19	413
19	421
19	430
19	443
20	179
20	190
20	201
20	211
20	222
20	328
20	338
20	346
20	353
20	360
20	366
20	372
20	378
20	383
20	389
20	395
20	401
20	407
20	414
20	421
20	429
20	438
21	178
21	189
21	199
21	209
21	220
21	235
21	322
21	333
21	343
21	352
21	360
21	368
21	375
21	382
21	388
21	394
21	401
21	408
21	415
21	423
21	432
21	443
22	171
22	182
22	192
22	201
22	210
22	219
22	229
22	318
22	329
22	339
22	349
22	358
22	367
22	375
22	383
22	390
22	397
22	404
22	411
22	419
22	427
22	437
23	167
23	177
23	185
23	193
23	201
23	208
23	216
23	224
23	233
23	243
23	255
23	307
23	318
23	328
23	338
23	348
23	358
23	368
23	377
23	385
23	393
23	400
23	407
23	415
23	423
23	432
23	442
23	455
24	161
24	171
24	179
24	186
24	193
24	199
24	205
24	211
24	217
24	224
24	231
24	239
24	248
24	258
24	290
24	301
24	311
24	321
24	331
24	341
24	351
24	361
24	371
24	381
24	390
24	398
24	405
24	412
24	419
24	427
24	435
24	444
24	455
25	158
25	167
25	174
25	181
25	187
25	193
25	199
25	204
25	210
25	215
25	221
25	227
25	233
25	240
25	247
25	256
25	266
25	277
25	288
25	298
25	306
25	314
25	322
25	330
25	338
25	346
25	355
25	364
25	373
25	382
25	391
25	399
25	406
25	413
25	420
25	427
25	434
25	442
25	451
25	461
26	162
26	172
26	180
26	187
26	193
26	199
26	204
26	210
26	215
26	220
26	225
26	230
26	236
26	242
26	248
26	255
26	263
26	272
26	281
26	290
26	298
26	305
26	312
26	318
26	324
26	330
26	337
26	344
26	351
26	358
26	365
26	372
26	379
26	387
26	394
26	401
26	407
26	413
26	419
26	425
26	431
26	437
26	444
26	452
26	461
26	471
27	173
27	183
27	191
27	198
27	204
27	210
27	215
27	220
27	225
27	230
27	235
27	240
27	246
27	252
27	259
27	267
27	275
27	283
27	291
27	298
27	304
27	310
27	316
27	322
27	328
27	334
27	340
27	346
27	352
27	358
27	364
27	370
27	376
27	382
27	388
27	394
27	400
27	406
27	412
27	417
27	423
27	429
27	435
27	442
27	449
27	457
27	467
28	176
28	186
28	194
28	201
28	207
28	213
28	218
28	223
28	228
28	233
28	238
28	243
28	249
28	255
28	262
28	269
28	277
28	285
28	292
28	299
28	304
28	310
28	315
28	320
28	325
28	330
28	335
28	340
28	345
28	350
28	355
28	360
28	365
28	370
28	376
28	381
28	387
28	392
28	397
28	402
28	407
28	412
28	417
28	423
28	429
28	435
28	442
28	450
28	459
28	470
29	172
29	183
29	192
29	200
29	207
29	213
29	219
29	224
29	229
29	234
29	239
29	245
29	250
29	256
29	263
29	270
29	277
29	285
29	292
29	299
29	304
29	310
29	315
29	320
29	325
29	330
29	335
29	340
29	345
29	350
29	355
29	361
29	367
29	373
29	379
29	385
29	391
29	396
29	402
29	407
29	412
29	417
29	422
29	428
29	434
29	440
29	447
29	455
29	464
29	474
30	170
30	181
30	190
30	199
30	206
30	213
30	219
30	225
30	231
30	237
30	243
30	249
30	256
30	263
30	271
30	279
30	287
30	294
30	300
30	306
30	312
30	317
30	323
30	329
30	335
30	342
30	349
30	356
30	364
30	372
30	380
30	388
30	395
30	402
30	408
30	414
30	420
30	426
30	432
30	438
30	445
30	452
30	460
30	469
30	479
31	171
31	182
31	192
31	200
31	208
31	215
31	221
31	227
31	233
31	239
31	246
31	253
31	260
31	268
31	276
31	285
31	293
31	300
31	307
31	313
31	319
31	326
31	333
31	341
31	349
31	358
31	368
31	379
31	390
31	400
31	409
31	417
31	424
31	432
31	440
31	448
31	457
31	467
31	479
32	173
32	184
32	193
32	201
32	209
32	216
32	223
32	230
32	237
32	244
32	252
32	261
32	270
32	280
32	290
32	299
32	307
32	315
32	323
32	332
32	342
32	354
32	409
32	420
32	430
32	440
32	451
33	169
33	179
33	188
33	196
33	203
33	210
33	217
33	224
33	231
33	238
33	246
33	254
33	263
33	273
33	283
33	292
33	301
33	310
33	319
33	329
34	163
34	173
34	181
34	188
34	195
34	201
34	207
34	213
34	219
34	225
34	231
34	237
34	243
34	250
34	257
34	266
34	275
34	284
34	292
34	300
34	309
34	318
34	329
35	161
35	170
35	178
35	184
35	190
35	195
35	200
35	205
35	210
35	215
35	220
35	226
35	231
35	237
35	244
35	251
35	259
35	268
35	278
35	288
35	298
35	308
35	319
36	160
36	169
36	175
36	181
36	185
36	190
36	193
36	198
36	201
36	205
36	209
36	212
36	216
36	220
36	224
36	228
36	233
36	237
36	242
36	247
36	253
36	259
36	266
36	274
36	283
36	293
36	304
37	167
37	176
37	182
37	188
37	193
37	198
37	202
37	207
37	211
37	215
37	219
37	224
37	228
37	233
37	238
37	244
37	250
37	257
37	265
37	273
37	282
37	292
37	303
38	188
38	199
38	209
38	218
38	226
38	234
38	243
38	253
38	265
38	278
38	290
39	181
39	192
39	202
39	210
39	218
39	225
39	232
39	239
39	247
39	256
39	266
39	276
39	286
39	296
39	306
39	318
40	187
40	198
40	208
40	217
40	226
40	235
40	245
40	256
40	287
40	299
41	222
42	227
47	217
47	229
47	241
48	202
48	213
48	223
48	233
48	243
48	254
49	212
49	223
49	234
49	245
51	196
51	207
51	217
51	227
51	237
51	248
52	186
52	197
52	207
52	216
52	225
52	234
52	243
52	253
53	187
53	198
53	208
53	218
53	228
53	238
53	249
54	192
54	203
54	213
54	223
54	233
54	243
54	255
55	192
55	202
55	211
55	219
55	226
55	233
55	241
55	249
55	258
55	268
56	197
56	207
56	216
56	224
56	232
56	239
56	247
56	256
56	266
56	278
57	211
57	222
57	233
57	244
58	201
58	212
58	222
58	231
58	241
58	253
59	190
59	200
59	208
59	215
59	221
59	227
59	233
59	239
59	246
59	253
59	261
59	270
59	281
60	182
60	192
60	200
60	207
60	213
60	219
60	224
60	229
60	234
60	240
60	246
60	252
60	259
60	266
60	275
60	285
60	296
61	173
61	184
61	193
61	202
61	210
61	218
61	226
61	234
61	242
61	250
61	259
61	270
62	167
62	177
62	185
62	192
62	199
62	206
62	212
62	219
62	225
62	232
62	239
62	246
62	254
62	263
62	273
62	284
62	295
63	162
63	171
63	178
63	183
63	189
63	193
63	198
63	202
63	206
63	210
63	214
63	218
63	222
63	226
63	230
63	234
63	238
63	242
63	247
63	251
63	256
63	262
63	268
63	275
63	282
63	289
63	297
63	305
63	313
63	322
63	332
64	163
64	171
64	177
64	182
64	186
64	191
64	193
64	197
64	200
64	203
64	206
64	209
64	211
64	214
64	216
64	219
64	221
64	223
64	226
64	228
64	231
64	233
64	235
64	238
64	240
64	243
64	246
64	248
64	251
64	255
64	257
64	261
64	265
64	268
64	273
64	277
64	282
64	286
64	291
64	295
64	300
64	305
64	310
64	315
64	321
64	327
64	333
64	340
64	348
64	357
64	367
64	377
64	388
64	398
64	408
64	418
64	428
65	168
65	176
65	182
65	186
65	191
65	193
65	198
65	201
65	203
65	207
65	209
65	212
65	214
65	217
65	219
65	222
65	223
65	226
65	228
65	231
65	232
65	235
65	237
65	239
65	242
65	244
65	246
65	249
65	251
65	254
65	257
65	259
65	263
65	266
65	269
65	273
65	276
65	280
65	284
65	288
65	292
65	296
65	300
65	304
65	308
65	312
65	316
65	320
65	325
65	329
65	335
65	340
65	346
65	352
65	358
65	365
65	372
65	379
65	386
65	393
65	400
65	406
65	412
65	418
65	424
65	431
65	438
65	446
65	454
65	464
66	172
66	183
66	192
66	201
66	209
66	217
66	224
66	231
66	237
66	243
66	249
66	255
66	262
66	269
66	277
66	285
66	293
66	301
66	308
66	315
66	323
66	331
66	339
66	347
66	355
66	363
66	371
66	379
66	386
66	393
66	400
66	406
66	412
66	418
66	424
66	430
66	437
66	444
66	452
66	461
66	471
67	171
67	182
67	192
67	201
67	210
67	219
67	228
67	237
67	246
67	256
67	267
67	281
67	293
67	304
67	315
67	325
67	335
67	346
67	357
67	368
67	378
67	388
67	398
67	408
67	419
67	431
68	169
68	179
68	187
68	194
68	201
68	207
68	213
68	219
68	224
68	230
68	235
68	241
68	247
68	254
68	261
68	269
68	278
68	287
68	295
68	303
68	310
68	317
68	324
68	331
68	338
68	345
68	352
68	359
68	366
68	374
68	382
68	390
68	398
68	406
68	414
68	423
68	433
68	445
69	168
69	177
69	183
69	189
69	193
69	198
69	202
69	206
69	210
69	213
69	217
69	220
69	223
69	227
69	230
69	233
69	237
69	240
69	244
69	247
69	251
69	255
69	259
69	264
69	268
69	274
69	279
69	285
69	290
69	295
69	300
69	304
69	309
69	312
69	317
69	320
69	324
69	328
69	331
69	335
69	339
69	342
69	346
69	350
69	354
69	358
69	362
69	366
69	370
69	374
69	378
69	382
69	386
69	390
69	394
69	398
69	403
69	407
69	412
69	416
69	421
69	426
69	431
69	437
69	443
69	450
69	458
69	467
70	171
70	180
70	187
70	193
70	199
70	203
70	208
70	212
70	217
70	221
70	225
70	229
70	233
70	236
70	240
70	244
70	247
70	251
70	255
70	259
70	264
70	268
70	273
70	278
70	283
70	288
70	293
70	298
70	302
70	306
70	310
70	313
70	316
70	320
70	322
70	325
70	328
70	331
70	333
70	336
70	339
70	342
70	344
70	347
70	350
70	352
70	355
70	358
70	360
70	363
70	366
70	368
70	371
70	374
70	376
70	379
70	382
70	384
70	387
70	390
70	392
70	395
70	398
70	400
70	403
70	406
70	409
70	411
70	415
70	417
70	420
70	424
70	426
70	430
70	433
70	437
70	440
70	445
70	448
70	454
70	458
70	464
70	470
70	477
70	486
70	497
71	228
71	239
71	249
71	258
71	267
71	277
71	287
71	296
71	304
71	311
71	317
71	323
71	328
71	333
71	338
71	342
71	346
71	351
71	354
71	359
71	362
71	366
71	370
71	374
71	377
71	381
71	385
71	388
71	392
71	396
71	399
71	403
71	407
71	410
71	414
71	418
71	422
71	426
71	430
71	435
71	439
71	445
71	450
71	457
71	464
71	472
71	482
72	321
72	334
72	346
72	358
72	369
72	380
72	391
72	402
72	413
72	424
73	179
73	189
73	198
73	206
73	213
73	220
73	227
73	234
73	241
73	248
73	256
73	264
73	273
73	282
73	291
73	299
73	307
73	314
73	322
73	330
73	338
73	346
73	354
73	362
73	370
73	378
73	387
73	395
73	403
73	411
73	420
73	429
73	438
73	448
73	459
74	171
74	180
74	187
74	193
74	198
74	203
74	208
74	212
74	216
74	220
74	224
74	228
74	232
74	235
74	239
74	243
74	247
74	251
74	255
74	259
74	264
74	268
74	273
74	278
74	283
74	288
74	292
74	297
74	301
74	305
74	309
74	313
74	317
74	321
74	325
74	329
74	333
74	337
74	341
74	345
74	349
74	353
74	357
74	362
74	366
74	371
74	375
74	380
74	384
74	389
74	393
74	398
74	402
74	407
74	411
74	416
74	420
74	425
74	429
74	434
74	438
74	443
74	448
74	453
74	458
74	464
74	471
74	478
74	487
74	498
75	173
75	182
75	189
75	194
75	200
75	204
75	209
75	213
75	217
75	221
75	224
75	228
75	232
75	235
75	239
75	242
75	246
75	249
75	253
75	256
75	260
75	264
75	268
75	272
75	276
75	280
75	284
75	288
75	292
75	295
75	299
75	302
75	306
75	309
75	312
75	316
75	319
75	322
75	325
75	329
75	331
75	335
75	338
75	341
75	344
75	347
75	350
75	353
75	356
75	359
75	363
75	365
75	369
75	372
75	375
75	378
75	381
75	384
75	387
75	390
75	393
75	396
75	399
75	402
75	405
75	408
75	411
75	414
75	417
75	420
75	423
75	426
75	429
75	432
75	435
75	438
75	442
75	445
75	448
75	452
75	455
75	459
75	463
75	467
75	472
75	477
75	482
75	488
75	495
75	503
75	513
76	202
76	213
76	223
76	233
76	243
76	252
76	261
76	270
76	279
76	287
76	295
76	303
76	310
76	317
76	324
76	331
76	337
76	343
76	349
76	355
76	361
76	367
76	373
76	379
76	385
76	391
76	396
76	402
76	407
76	413
76	418
76	424
76	429
76	435
76	440
76	446
76	452
76	458
76	465
76	472
76	480
76	490
-1	-1
