-1	-1
5	458
5	470
5	481
5	492
5	504
6	232
6	244
6	256
6	268
6	281
6	342
6	353
6	364
6	375
6	386
6	397
6	408
6	418
6	428
6	438
6	448
6	458
6	468
6	478
6	488
6	498
6	509
7	223
7	234
7	244
7	254
7	264
7	274
7	284
7	294
7	336
7	347
7	357
7	366
7	375
7	384
7	393
7	402
7	411
7	419
7	427
7	435
7	444
7	453
7	462
7	471
7	481
7	491
7	503
8	220
8	230
8	239
8	248
8	257
8	265
8	273
8	281
8	289
8	298
8	308
8	320
8	332
8	343
8	353
8	363
8	372
8	380
8	388
8	395
8	402
8	409
8	416
8	423
8	430
8	437
8	444
8	451
8	458
8	466
8	474
8	483
8	492
8	502
9	217
9	226
9	234
9	241
9	248
9	255
9	262
9	269
9	276
9	283
9	290
9	297
9	305
9	314
9	324
9	335
9	346
9	357
9	367
9	375
9	383
9	390
9	396
9	402
9	408
9	413
9	419
9	424
9	429
9	434
9	439
9	444
9	449
9	454
9	460
9	466
9	472
9	478
9	485
9	492
9	500
9	508
9	517
9	528
10	222
10	232
10	241
10	249
10	256
10	263
10	269
10	275
10	281
10	287
10	293
10	299
10	306
10	314
10	322
10	331
10	340
10	349
10	358
10	366
10	373
10	379
10	384
10	390
10	394
10	399
10	403
10	408
10	412
10	416
10	420
10	424
10	428
10	432
10	436
10	440
10	444
10	448
10	453
10	457
10	462
10	466
10	471
10	476
10	480
10	485
10	490
10	495
10	500
10	506
10	512
10	519
10	527
10	536
10	546
11	210
11	220
11	227
11	233
11	239
11	245
11	251
11	256
11	262
11	267
11	272
11	277
11	283
11	288
11	294
11	300
11	307
11	314
11	322
11	330
11	338
11	345
11	352
11	359
11	365
11	371
11	376
11	381
11	386
11	391
11	395
11	400
11	404
11	408
11	412
11	416
11	420
11	424
11	428
11	432
11	436
11	440
11	445
11	449
11	454
11	458
11	463
11	468
11	473
11	478
11	483
11	488
11	493
11	498
11	504
11	510
11	516
11	523
11	530
11	538
11	548
12	211
12	220
12	228
12	234
12	241
12	247
12	253
12	259
12	265
12	270
12	275
12	280
12	285
12	290
12	296
12	302
12	308
12	314
12	321
12	328
12	334
12	340
12	346
12	351
12	356
12	361
12	366
12	370
12	375
12	379
12	383
12	387
12	391
12	395
12	399
12	403
12	407
12	411
12	415
12	419
12	424
12	428
12	433
12	437
12	442
12	447
12	452
12	457
12	463
12	468
12	474
12	479
12	485
12	490
12	496
12	502
12	508
12	514
12	520
12	527
12	535
12	544
12	554
13	211
13	221
13	229
13	236
13	243
13	250
13	257
13	264
13	270
13	276
13	282
13	288
13	294
13	300
13	306
13	313
13	319
13	326
13	332
13	338
13	343
13	348
13	353
13	358
13	363
13	368
13	373
13	378
13	383
13	388
13	393
13	398
13	403
13	408
13	413
13	419
13	425
13	431
13	437
13	444
13	451
13	458
13	466
13	474
13	482
13	489
13	496
13	503
13	510
13	517
13	525
13	534
13	544
13	556
14	51
14	63
14	75
14	88
14	228
14	239
14	250
14	260
14	270
14	279
14	288
14	297
14	306
14	315
14	324
14	332
14	340
14	348
14	356
14	364
14	372
14	380
14	388
14	396
14	405
14	414
14	423
14	433
14	443
14	454
14	467
14	479
14	490
14	501
14	512
14	524
15	38
15	49
15	60
15	71
15	83
15	266
15	278
15	290
16	49
16	61
16	72
16	84
16	269
16	282
17	66
17	80
17	251
17	263
17	274
17	285
18	229
18	241
18	252
18	263
18	274
18	285
18	469
18	481
18	492
18	502
18	512
18	522
18	533
19	61
19	219
19	230
19	240
19	250
19	260
19	269
19	278
19	287
19	297
19	309
19	432
19	444
19	455
19	466
19	476
19	486
19	495
19	504
19	512
19	520
19	529
19	539
20	41
20	52
20	63
20	74
20	86
20	213
20	223
20	232
20	241
20	250
20	259
20	267
20	275
20	283
20	291
20	300
20	310
20	322
20	421
20	432
20	442
20	451
20	460
20	469
20	477
20	485
20	492
20	499
20	506
20	513
20	520
20	527
20	535
20	544
20	554
21	28
21	39
21	49
21	59
21	69
21	79
21	90
21	212
21	222
21	231
21	239
21	247
21	254
21	261
21	268
21	274
21	280
21	286
21	292
21	298
21	305
21	313
21	321
21	330
21	339
21	348
21	357
21	366
21	376
21	387
21	398
21	409
21	419
21	428
21	436
21	444
21	451
21	458
21	465
21	472
21	479
21	485
21	491
21	497
21	503
21	509
21	515
21	522
21	529
21	537
21	546
21	556
22	28
22	39
22	49
22	58
22	67
22	77
22	87
22	99
22	213
22	223
22	232
22	240
22	247
22	254
22	260
22	266
22	271
22	276
22	281
22	286
22	291
22	296
22	302
22	308
22	314
22	320
22	327
22	334
22	341
22	347
22	353
22	359
22	366
22	373
22	380
22	388
22	396
22	404
22	412
22	420
22	428
22	435
22	442
22	448
22	454
22	460
22	466
22	472
22	477
22	482
22	487
22	492
22	497
22	502
22	507
22	513
22	519
22	526
22	533
22	541
22	551
23	42
23	53
23	63
23	73
23	83
23	94
23	217
23	227
23	236
23	244
23	251
23	258
23	264
23	270
23	275
23	280
23	285
23	290
23	295
23	300
23	305
23	310
23	316
23	322
23	328
23	334
23	340
23	345
23	350
23	355
23	360
23	365
23	370
23	375
23	380
23	385
23	391
23	396
23	402
23	408
23	414
23	420
23	426
23	432
23	438
23	443
23	448
23	453
23	458
23	463
23	468
23	472
23	477
23	482
23	486
23	491
23	496
23	501
23	507
23	513
23	519
23	526
23	534
23	544
24	60
24	72
24	84
24	229
24	239
24	248
24	256
24	262
24	268
24	273
24	278
24	282
24	287
24	291
24	295
24	300
24	304
24	309
24	313
24	318
24	323
24	328
24	333
24	338
24	343
24	347
24	352
24	356
24	361
24	365
24	370
24	374
24	379
24	384
24	389
24	394
24	399
24	404
24	409
24	414
24	419
24	424
24	429
24	434
24	439
24	444
24	449
24	454
24	459
24	464
24	469
24	475
24	481
24	487
24	493
24	500
24	507
24	516
24	526
25	236
25	246
25	255
25	262
25	269
25	275
25	281
25	287
25	293
25	299
25	305
25	311
25	317
25	323
25	330
25	337
25	344
25	351
25	357
25	363
25	369
25	374
25	380
25	385
25	390
25	395
25	400
25	404
25	409
25	413
25	418
25	422
25	426
25	430
25	434
25	438
25	442
25	446
25	450
25	454
25	458
25	463
25	467
25	472
25	477
25	482
25	487
25	493
25	499
25	506
25	514
25	523
25	534
26	232
26	243
26	253
26	262
26	271
26	279
26	287
26	295
26	304
26	314
26	324
26	335
26	346
26	356
26	364
26	371
26	378
26	385
26	391
26	397
26	402
26	407
26	412
26	416
26	421
26	424
26	429
26	432
26	436
26	439
26	443
26	446
26	450
26	453
26	457
26	460
26	464
26	468
26	472
26	476
26	480
26	485
26	490
26	496
26	502
26	509
26	517
26	526
27	229
27	239
27	248
27	257
27	265
27	273
27	281
27	289
27	297
27	306
27	316
27	327
27	360
27	371
27	381
27	390
27	398
27	405
27	411
27	417
27	422
27	426
27	431
27	434
27	439
27	442
27	446
27	450
27	454
27	458
27	462
27	466
27	471
27	476
27	481
27	486
27	492
27	498
27	505
27	513
27	523
28	223
28	233
28	242
28	250
28	258
28	266
28	275
28	284
28	294
28	305
28	372
28	382
28	391
28	399
28	405
28	411
28	417
28	422
28	427
28	432
28	436
28	441
28	445
28	449
28	453
28	457
28	462
28	466
28	471
28	476
28	481
28	487
28	493
28	500
28	508
28	517
28	528
29	222
29	232
29	241
29	250
29	259
29	268
29	277
29	287
29	298
29	387
29	398
29	408
29	417
29	425
29	432
29	438
29	443
29	448
29	453
29	458
29	463
29	468
29	473
29	478
29	484
29	490
29	497
29	505
29	514
29	524
30	222
30	232
30	241
30	249
30	257
30	265
30	273
30	282
30	291
30	301
30	406
30	418
30	428
30	437
30	445
30	452
30	459
30	466
30	473
30	480
30	488
30	496
30	505
30	516
31	220
31	230
31	239
31	247
31	255
31	263
31	271
31	279
31	288
31	298
31	387
31	398
31	409
31	420
31	430
31	440
31	449
31	456
31	463
31	470
31	476
31	483
31	490
31	497
31	505
31	514
31	525
32	220
32	230
32	239
32	248
32	257
32	265
32	273
32	282
32	291
32	301
32	392
32	405
32	426
32	437
32	446
32	453
32	460
32	466
32	472
32	478
32	484
32	491
32	498
32	506
32	515
32	525
33	52
33	65
33	78
33	92
33	105
33	216
33	225
33	233
33	241
33	249
33	257
33	265
33	273
33	281
33	289
33	298
33	308
33	391
33	440
33	451
33	461
33	470
33	478
33	486
33	495
33	504
33	514
34	30
34	40
34	49
34	57
34	65
34	73
34	81
34	89
34	97
34	105
34	113
34	122
34	132
34	144
34	209
34	218
34	225
34	231
34	237
34	243
34	249
34	255
34	261
34	267
34	274
34	281
34	288
34	296
34	305
34	316
34	370
34	381
34	391
34	401
34	412
34	424
34	436
34	447
34	457
34	466
34	474
34	481
34	488
34	495
34	503
34	511
34	520
34	531
35	23
35	32
35	40
35	47
35	53
35	59
35	65
35	71
35	77
35	83
35	89
35	95
35	101
35	107
35	113
35	119
35	126
35	133
35	141
35	151
35	208
35	217
35	223
35	229
35	234
35	239
35	244
35	249
35	254
35	259
35	264
35	269
35	274
35	279
35	285
35	291
35	298
35	305
35	313
35	322
35	333
35	360
35	371
35	381
35	390
35	400
35	410
35	421
35	432
35	442
35	451
35	459
35	466
35	472
35	478
35	484
35	490
35	496
35	502
35	509
35	516
35	524
35	533
35	544
36	22
36	32
36	40
36	47
36	53
36	59
36	64
36	70
36	75
36	81
36	86
36	92
36	97
36	103
36	109
36	115
36	121
36	128
36	136
36	145
36	155
36	217
36	226
36	233
36	239
36	244
36	250
36	255
36	260
36	265
36	270
36	275
36	280
36	286
36	292
36	298
36	305
36	313
36	321
36	331
36	342
36	354
36	365
36	375
36	385
36	395
36	406
36	418
36	430
36	441
36	452
36	462
36	471
36	479
36	486
36	493
36	500
36	507
36	514
36	522
36	530
36	540
37	28
37	38
37	46
37	53
37	60
37	66
37	72
37	78
37	84
37	90
37	96
37	102
37	108
37	115
37	122
37	130
37	139
37	149
37	217
37	226
37	232
37	238
37	242
37	247
37	251
37	256
37	260
37	265
37	269
37	274
37	278
37	283
37	288
37	294
37	300
37	307
37	314
37	322
37	331
37	341
37	352
37	362
37	371
37	379
37	387
37	396
37	405
37	415
37	425
37	436
37	447
37	458
37	468
37	476
37	483
37	489
37	494
37	500
37	505
37	510
37	515
37	521
37	527
37	533
37	540
37	548
37	557
37	569
38	31
38	41
38	50
38	58
38	65
38	72
38	79
38	86
38	93
38	100
38	107
38	115
38	123
38	133
38	145
38	214
38	223
38	231
38	236
38	241
38	246
38	251
38	255
38	260
38	264
38	269
38	274
38	279
38	284
38	289
38	295
38	301
38	308
38	316
38	324
38	333
38	343
38	353
38	361
38	368
38	374
38	381
38	387
38	394
38	401
38	409
38	417
38	426
38	435
38	444
38	453
38	461
38	468
38	473
38	479
38	483
38	487
38	491
38	494
38	498
38	501
38	505
38	508
38	512
38	515
38	519
38	523
38	527
38	531
38	536
38	540
38	546
38	551
38	557
38	564
38	572
38	582
39	30
39	40
39	49
39	57
39	65
39	73
39	81
39	89
39	97
39	106
39	115
39	126
39	217
39	227
39	235
39	242
39	249
39	255
39	261
39	267
39	273
39	278
39	284
39	290
39	296
39	303
39	310
39	318
39	327
39	336
39	346
39	356
39	364
39	372
39	380
39	388
39	396
39	405
39	415
39	425
39	435
39	444
39	452
39	460
39	466
39	472
39	477
39	482
39	486
39	491
39	495
39	500
39	504
39	508
39	512
39	516
39	521
39	525
39	530
39	535
39	540
39	546
39	553
39	560
39	569
39	580
40	40
40	51
40	61
40	71
40	81
40	90
40	100
40	110
40	220
40	230
40	239
40	246
40	252
40	258
40	263
40	268
40	273
40	278
40	283
40	288
40	293
40	299
40	305
40	312
40	319
40	327
40	336
40	346
40	356
40	367
40	467
40	479
40	491
40	502
40	513
40	525
41	222
41	232
41	240
41	247
41	253
41	259
41	265
41	271
41	277
41	283
41	289
41	295
41	302
41	309
41	317
41	326
41	336
41	347
41	357
41	368
42	230
42	241
42	251
42	261
42	270
42	278
42	285
42	293
42	301
42	309
42	318
42	328
42	338
42	348
42	357
42	366
42	375
42	385
42	396
43	248
43	259
43	268
43	275
43	281
43	287
43	293
43	299
43	305
43	311
43	317
43	324
43	331
43	338
43	346
43	354
43	362
43	370
43	379
43	389
43	401
44	246
44	256
44	264
44	271
44	277
44	282
44	287
44	292
44	297
44	302
44	307
44	312
44	317
44	323
44	328
44	334
44	340
44	346
44	353
44	360
44	368
44	377
44	387
45	242
45	253
45	263
45	272
45	280
45	288
45	296
45	304
45	312
45	320
45	327
45	334
45	341
45	348
45	355
45	363
45	371
45	380
45	390
45	403
46	270
46	281
46	292
46	303
46	313
46	322
46	330
46	337
46	343
46	349
46	355
46	361
46	367
46	373
46	379
46	386
46	394
46	403
46	413
46	481
46	493
47	261
47	271
47	280
47	288
47	296
47	304
47	312
47	319
47	325
47	331
47	336
47	341
47	344
47	349
47	352
47	356
47	360
47	364
47	368
47	372
47	376
47	380
47	385
47	389
47	395
47	400
47	406
47	413
47	420
47	428
47	437
47	447
47	457
47	467
47	476
47	485
47	494
47	503
47	513
47	525
48	249
48	259
48	268
48	275
48	281
48	287
48	292
48	297
48	302
48	307
48	312
48	317
48	322
48	326
48	331
48	333
48	337
48	341
48	343
48	346
48	350
48	352
48	355
48	358
48	361
48	364
48	367
48	370
48	374
48	377
48	380
48	384
48	388
48	392
48	397
48	401
48	407
48	412
48	418
48	425
48	433
48	442
48	451
48	461
48	471
48	481
48	491
48	503
49	248
49	259
49	269
49	278
49	285
49	291
49	297
49	303
49	308
49	313
49	318
49	322
49	326
49	330
49	333
49	337
49	340
49	344
49	347
49	351
49	355
49	358
49	363
49	367
49	372
49	377
49	382
49	388
49	395
49	402
49	411
49	421
50	276
50	288
50	298
50	307
50	314
50	320
50	325
50	331
50	336
50	342
50	347
50	353
50	359
50	366
50	374
50	383
50	394
51	258
51	269
51	279
51	289
51	299
51	308
51	316
51	323
51	330
51	337
51	344
51	351
51	358
51	366
51	375
51	385
51	480
51	490
51	499
51	508
51	517
51	526
51	537
52	243
52	253
52	261
52	269
52	275
52	281
52	287
52	293
52	299
52	306
52	313
52	320
52	327
52	334
52	341
52	348
52	355
52	362
52	369
52	377
52	385
52	395
52	467
52	477
52	485
52	492
52	499
52	505
52	511
52	517
52	523
52	530
52	537
52	545
52	555
53	233
53	242
53	250
53	256
53	262
53	266
53	271
53	275
53	279
53	283
53	287
53	291
53	295
53	299
53	303
53	308
53	312
53	317
53	322
53	327
53	332
53	336
53	341
53	345
53	350
53	354
53	359
53	364
53	369
53	375
53	381
53	387
53	395
53	404
53	414
53	467
53	478
53	488
53	497
53	505
53	513
53	521
53	530
53	540
54	228
54	238
54	245
54	251
54	256
54	261
54	265
54	270
54	273
54	277
54	281
54	285
54	289
54	293
54	297
54	301
54	305
54	309
54	314
54	318
54	323
54	327
54	332
54	336
54	341
54	346
54	351
54	356
54	362
54	368
54	375
54	383
54	392
54	405
55	232
55	243
55	253
55	262
55	271
55	280
55	290
55	300
55	310
55	320
55	330
55	340
55	353
56	256
56	267
56	278
56	289
56	301
57	237
57	247
57	256
57	264
57	271
57	278
57	285
57	292
57	299
57	307
57	315
57	324
57	334
57	345
57	357
57	473
57	483
57	491
57	499
57	506
57	514
57	522
57	531
57	542
58	229
58	238
58	245
58	251
58	256
58	261
58	265
58	270
58	273
58	278
58	281
58	285
58	288
58	292
58	296
58	299
58	304
58	307
58	312
58	316
58	321
58	326
58	331
58	337
58	343
58	349
58	356
58	363
58	371
58	380
58	390
58	405
58	463
58	472
58	480
58	486
58	492
58	497
58	502
58	507
58	512
58	517
58	523
58	529
58	536
58	543
58	551
58	561
59	222
59	231
59	237
59	242
59	245
59	250
59	252
59	256
59	259
59	262
59	264
59	267
59	270
59	272
59	274
59	277
59	279
59	281
59	283
59	285
59	287
59	289
59	291
59	293
59	295
59	297
59	299
59	302
59	304
59	306
59	309
59	311
59	314
59	316
59	319
59	322
59	325
59	328
59	331
59	335
59	338
59	342
59	346
59	349
59	354
59	358
59	363
59	368
59	374
59	380
59	387
59	395
59	404
59	414
59	469
59	480
59	490
59	499
59	508
59	517
59	527
59	538
60	220
60	229
60	234
60	240
60	242
60	246
60	250
60	252
60	254
60	258
60	260
60	262
60	264
60	267
60	269
60	271
60	273
60	275
60	277
60	279
60	281
60	282
60	285
60	286
60	288
60	290
60	292
60	294
60	296
60	297
60	300
60	302
60	304
60	306
60	308
60	310
60	313
60	315
60	317
60	319
60	322
60	325
60	327
60	330
60	333
60	336
60	339
60	343
60	346
60	350
60	354
60	358
60	363
60	368
60	374
60	380
60	387
60	395
60	405
61	226
61	234
61	241
61	247
61	253
61	259
61	264
61	270
61	276
61	282
61	288
61	294
61	300
61	306
61	313
61	320
61	327
61	335
61	343
61	351
61	360
61	370
61	383
62	350
62	362
62	373
62	440
62	451
62	461
62	470
62	479
62	488
62	497
62	506
62	517
63	242
63	255
63	267
63	279
63	292
63	319
63	330
63	339
63	347
63	354
63	361
63	368
63	375
63	382
63	389
63	397
63	405
63	414
63	423
63	431
63	439
63	446
63	452
63	458
63	463
63	469
63	474
63	479
63	484
63	489
63	494
63	499
63	504
63	509
63	515
63	521
63	528
63	536
63	545
63	556
64	222
64	232
64	241
64	249
64	257
64	265
64	272
64	279
64	286
64	293
64	300
64	307
64	314
64	321
64	327
64	333
64	338
64	343
64	347
64	351
64	355
64	359
64	362
64	366
64	369
64	373
64	376
64	380
64	383
64	387
64	391
64	395
64	399
64	404
64	408
64	413
64	418
64	422
64	427
64	431
64	436
64	440
64	444
64	448
64	451
64	454
64	458
64	461
64	463
64	467
64	469
64	472
64	475
64	478
64	480
64	483
64	486
64	488
64	491
64	494
64	496
64	499
64	502
64	504
64	507
64	510
64	513
64	516
64	519
64	523
64	526
64	530
64	534
64	538
64	543
64	548
64	554
64	560
64	567
64	576
65	220
65	229
65	236
65	242
65	248
65	253
65	258
65	263
65	267
65	272
65	275
65	280
65	283
65	287
65	291
65	294
65	298
65	302
65	306
65	310
65	314
65	318
65	322
65	325
65	329
65	332
65	335
65	338
65	341
65	343
65	346
65	349
65	351
65	353
65	355
65	358
65	360
65	362
65	364
65	366
65	368
65	370
65	372
65	374
65	376
65	378
65	380
65	382
65	385
65	386
65	389
65	391
65	394
65	396
65	398
65	401
65	403
65	406
65	408
65	411
65	414
65	416
65	419
65	422
65	424
65	427
65	430
65	432
65	435
65	438
65	440
65	442
65	445
65	447
65	450
65	452
65	453
65	456
65	458
65	460
65	462
65	464
65	466
65	468
65	470
65	472
65	473
65	475
65	477
65	479
65	481
65	482
65	484
65	486
65	488
65	489
65	491
65	493
65	495
65	496
65	498
65	500
65	502
65	504
65	506
65	507
65	510
65	512
65	514
65	516
65	518
65	520
65	523
65	525
65	527
65	530
65	533
65	535
65	538
65	541
65	545
65	548
65	552
65	556
65	560
65	565
65	570
65	576
65	583
65	592
66	221
66	230
66	236
66	241
66	245
66	250
66	253
66	257
66	261
66	263
66	267
66	270
66	273
66	276
66	279
66	282
66	284
66	288
66	290
66	293
66	296
66	298
66	301
66	304
66	307
66	310
66	313
66	316
66	319
66	321
66	324
66	327
66	329
66	332
66	334
66	337
66	339
66	341
66	343
66	345
66	348
66	349
66	352
66	353
66	355
66	357
66	359
66	361
66	363
66	365
66	367
66	369
66	371
66	373
66	375
66	377
66	379
66	381
66	383
66	385
66	387
66	389
66	392
66	394
66	396
66	398
66	401
66	403
66	406
66	408
66	410
66	413
66	416
66	418
66	421
66	423
66	426
66	429
66	431
66	434
66	437
66	439
66	442
66	444
66	447
66	449
66	452
66	454
66	457
66	459
66	462
66	464
66	466
66	469
66	471
66	473
66	476
66	478
66	480
66	483
66	485
66	488
66	490
66	493
66	495
66	498
66	501
66	504
66	506
66	510
66	513
66	516
66	519
66	523
66	526
66	530
66	535
66	539
66	545
66	550
66	557
66	565
66	574
67	222
67	231
67	238
67	244
67	250
67	255
67	260
67	265
67	270
67	275
67	280
67	285
67	290
67	295
67	300
67	305
67	310
67	315
67	320
67	324
67	329
67	333
67	337
67	341
67	345
67	349
67	354
67	358
67	363
67	368
67	374
67	380
67	386
67	393
67	400
67	407
67	414
67	422
67	430
67	438
67	447
67	457
67	468
70	409
70	421
70	432
70	442
70	452
70	462
70	472
70	482
70	492
70	501
70	510
70	520
70	530
71	237
71	247
71	256
71	265
71	273
71	281
71	288
71	296
71	304
71	312
71	320
71	328
71	336
71	344
71	351
71	358
71	365
71	371
71	377
71	383
71	389
71	395
71	401
71	407
71	413
71	419
71	425
71	430
71	435
71	440
71	445
71	450
71	455
71	460
71	465
71	470
71	475
71	480
71	485
71	490
71	494
71	499
71	503
71	508
71	512
71	517
71	522
71	527
71	532
71	537
71	543
71	549
71	556
71	564
71	574
72	223
72	232
72	240
72	246
72	252
72	257
72	262
72	267
72	271
72	276
72	280
72	284
72	288
72	292
72	296
72	300
72	304
72	308
72	312
72	316
72	320
72	324
72	328
72	332
72	336
72	340
72	344
72	348
72	352
72	356
72	360
72	363
72	367
72	371
72	374
72	378
72	381
72	384
72	388
72	391
72	394
72	398
72	401
72	404
72	408
72	411
72	414
72	417
72	421
72	423
72	427
72	430
72	432
72	436
72	438
72	441
72	444
72	447
72	450
72	452
72	455
72	458
72	461
72	463
72	466
72	469
72	472
72	474
72	477
72	480
72	483
72	485
72	488
72	491
72	493
72	496
72	499
72	501
72	504
72	507
72	509
72	512
72	515
72	518
72	520
72	524
72	526
72	529
72	533
72	535
72	539
72	543
72	546
72	550
72	555
72	559
72	565
72	570
72	577
72	585
72	595
73	222
73	231
73	238
73	243
73	249
73	253
73	258
73	262
73	266
73	270
73	273
73	277
73	281
73	284
73	288
73	291
73	295
73	298
73	302
73	305
73	309
73	312
73	316
73	319
73	323
73	326
73	330
73	333
73	337
73	340
73	344
73	347
73	351
73	354
73	358
73	361
73	365
73	368
73	372
73	375
73	379
73	382
73	385
73	389
73	392
73	395
73	398
73	401
73	404
73	407
73	410
73	413
73	416
73	419
73	422
73	425
73	428
73	431
73	433
73	436
73	439
73	441
73	444
73	447
73	449
73	452
73	455
73	457
73	460
73	463
73	466
73	468
73	471
73	474
73	477
73	480
73	483
73	486
73	489
73	492
73	495
73	498
73	501
73	504
73	507
73	510
73	514
73	517
73	520
73	524
73	527
73	531
73	535
73	539
73	543
73	548
73	553
73	558
73	565
73	572
73	580
73	591
74	233
74	243
74	252
74	260
74	268
74	276
74	284
74	292
74	300
74	308
74	316
74	323
74	330
74	338
74	346
74	354
74	363
74	372
74	382
74	391
74	400
74	408
74	416
74	424
74	432
74	440
74	448
74	456
74	465
74	474
74	484
74	496
-1	-1
