-1	-1
6	218
6	230
6	242
6	254
6	347
6	360
6	373
6	385
6	396
6	407
6	418
6	428
6	438
6	448
6	458
6	468
6	479
7	202
7	213
7	223
7	233
7	243
7	253
7	263
7	275
7	311
7	323
7	334
7	344
7	353
7	362
7	371
7	380
7	389
7	397
7	405
7	413
7	421
7	429
7	437
7	445
7	453
7	462
7	471
7	481
7	491
7	504
8	212
8	223
8	233
8	242
8	251
8	260
8	270
8	282
8	302
8	314
8	325
8	335
8	344
8	352
8	360
8	368
8	376
8	384
8	392
8	399
8	407
8	415
8	423
8	430
8	437
8	444
8	452
8	460
8	468
8	476
8	485
8	494
8	504
8	516
9	199
9	209
9	218
9	226
9	233
9	240
9	247
9	254
9	261
9	269
9	277
9	287
9	298
9	309
9	320
9	331
9	341
9	350
9	359
9	368
9	377
9	385
9	393
9	401
9	409
9	417
9	425
9	433
9	440
9	447
9	454
9	462
9	470
9	478
9	486
9	495
9	505
9	516
10	192
10	202
10	210
10	217
10	223
10	229
10	235
10	241
10	247
10	253
10	259
10	265
10	271
10	278
10	286
10	295
10	304
10	314
10	324
10	334
10	344
10	354
10	364
10	374
10	384
10	394
10	404
10	414
10	423
10	432
10	440
10	448
10	456
10	464
10	472
10	480
10	489
10	499
10	510
11	197
11	207
11	215
11	222
11	229
11	235
11	241
11	246
11	252
11	257
11	263
11	268
11	274
11	280
11	287
11	295
11	304
11	313
11	323
11	333
11	344
11	356
11	418
11	429
11	438
11	446
11	454
11	462
11	469
11	477
11	485
11	494
11	503
11	513
12	196
12	207
12	217
12	226
12	235
12	243
12	251
12	258
12	266
12	274
12	283
12	293
12	303
12	313
12	323
12	333
12	343
12	353
12	363
12	375
12	427
12	438
12	448
12	457
12	465
12	474
12	483
12	492
12	502
12	513
13	190
13	201
13	211
13	221
13	231
13	241
13	251
13	261
13	271
13	284
13	299
13	310
13	320
13	330
13	339
13	349
13	359
13	371
14	197
14	209
14	251
14	311
14	322
14	333
14	344
14	355
15	201
15	214
16	192
16	203
16	213
16	223
16	233
16	244
16	255
16	389
16	401
16	413
16	426
17	193
17	203
17	212
17	221
17	230
17	239
17	249
17	260
17	378
17	389
17	399
17	409
17	419
17	429
17	440
17	453
18	196
18	206
18	215
18	223
18	231
18	240
18	249
18	259
18	271
18	382
18	393
18	403
18	412
18	421
18	430
18	439
18	449
18	460
19	189
19	199
19	208
19	216
19	223
19	230
19	237
19	245
19	253
19	262
19	272
19	285
19	386
19	397
19	407
19	416
19	424
19	432
19	440
19	449
19	458
19	468
19	478
19	489
20	191
20	201
20	210
20	218
20	225
20	232
20	239
20	246
20	254
20	262
20	271
20	281
20	294
20	370
20	381
20	391
20	400
20	408
20	415
20	422
20	429
20	436
20	443
20	450
20	457
20	464
20	471
20	479
20	487
20	496
20	505
20	515
21	189
21	199
21	207
21	214
21	221
21	228
21	234
21	240
21	246
21	253
21	260
21	267
21	275
21	284
21	293
21	303
21	313
21	323
21	333
21	344
21	354
21	364
21	374
21	383
21	391
21	398
21	404
21	410
21	416
21	421
21	426
21	431
21	436
21	441
21	446
21	451
21	456
21	461
21	466
21	471
21	476
21	482
21	488
21	494
21	500
21	507
21	515
21	523
21	533
21	544
22	183
22	192
22	200
22	206
22	212
22	217
22	222
22	227
22	232
22	237
22	242
22	247
22	252
22	257
22	262
22	268
22	274
22	280
22	287
22	294
22	301
22	308
22	315
22	322
22	329
22	337
22	345
22	353
22	361
22	368
22	375
22	382
22	389
22	394
22	400
22	405
22	410
22	414
22	419
22	423
22	427
22	431
22	435
22	439
22	442
22	446
22	449
22	453
22	456
22	460
22	463
22	467
22	470
22	474
22	477
22	481
22	485
22	489
22	494
22	498
22	503
22	508
22	514
22	520
22	527
22	534
22	542
22	552
22	565
23	182
23	191
23	198
23	203
23	208
23	212
23	217
23	221
23	225
23	229
23	232
23	236
23	240
23	243
23	247
23	250
23	254
23	257
23	261
23	265
23	268
23	273
23	276
23	281
23	285
23	290
23	294
23	299
23	304
23	309
23	314
23	319
23	324
23	329
23	334
23	339
23	344
23	349
23	354
23	359
23	364
23	369
23	374
23	379
23	384
23	388
23	393
23	397
23	402
23	405
23	410
23	413
23	417
23	421
23	424
23	427
23	431
23	433
23	437
23	439
23	442
23	445
23	448
23	450
23	453
23	456
23	458
23	461
23	464
23	466
23	469
23	472
23	475
23	478
23	481
23	484
23	487
23	491
23	494
23	498
23	502
23	506
23	510
23	515
23	520
23	526
23	532
23	539
23	547
23	556
24	188
24	197
24	203
24	209
24	213
24	218
24	222
24	225
24	229
24	232
24	236
24	239
24	242
24	246
24	249
24	252
24	256
24	259
24	262
24	266
24	269
24	273
24	277
24	280
24	285
24	288
24	293
24	297
24	301
24	305
24	309
24	313
24	317
24	321
24	325
24	329
24	333
24	337
24	341
24	345
24	349
24	353
24	356
24	360
24	363
24	367
24	370
24	374
24	377
24	381
24	384
24	388
24	391
24	395
24	398
24	402
24	405
24	409
24	412
24	416
24	419
24	422
24	426
24	429
24	432
24	435
24	438
24	441
24	444
24	447
24	450
24	453
24	456
24	459
24	463
24	466
24	469
24	473
24	476
24	480
24	484
24	488
24	493
24	498
24	503
24	509
24	515
24	522
24	530
24	539
25	193
25	202
25	210
25	217
25	223
25	229
25	234
25	239
25	243
25	248
25	252
25	256
25	261
25	265
25	270
25	275
25	280
25	285
25	290
25	296
25	301
25	306
25	311
25	316
25	321
25	325
25	330
25	334
25	339
25	342
25	346
25	350
25	353
25	357
25	360
25	363
25	367
25	370
25	373
25	376
25	379
25	382
25	385
25	388
25	391
25	394
25	397
25	400
25	403
25	406
25	409
25	413
25	416
25	419
25	423
25	426
25	430
25	433
25	437
25	440
25	444
25	448
25	452
25	456
25	460
25	465
25	469
25	475
25	480
25	486
25	492
25	499
25	507
25	516
25	527
26	197
26	207
26	215
26	222
26	228
26	233
26	238
26	242
26	247
26	251
26	255
26	259
26	263
26	267
26	271
26	276
26	280
26	285
26	290
26	296
26	302
26	308
26	314
26	320
26	326
26	332
26	338
26	343
26	348
26	352
26	356
26	360
26	363
26	367
26	370
26	373
26	376
26	380
26	382
26	385
26	388
26	391
26	393
26	396
26	399
26	401
26	404
26	407
26	409
26	412
26	415
26	418
26	420
26	424
26	426
26	429
26	433
26	435
26	439
26	442
26	446
26	449
26	453
26	457
26	461
26	465
26	469
26	474
26	479
26	485
26	491
26	498
26	506
26	515
27	199
27	209
27	218
27	225
27	232
27	238
27	243
27	249
27	254
27	260
27	265
27	271
27	277
27	284
27	291
27	299
27	308
27	317
27	326
27	335
27	342
27	349
27	354
27	360
27	363
27	368
27	371
27	374
27	378
27	381
27	382
27	386
27	388
27	391
27	392
27	395
27	397
27	400
27	401
27	404
27	406
27	408
27	410
27	413
27	415
27	417
27	420
27	422
27	425
27	427
27	430
27	432
27	435
27	438
27	440
27	444
27	446
27	450
27	453
27	457
27	460
27	464
27	468
27	472
27	477
27	482
27	487
27	493
27	500
27	507
27	516
27	528
28	200
28	210
28	219
28	228
28	236
28	244
28	252
28	260
28	268
28	277
28	287
28	331
28	341
28	349
28	355
28	361
28	365
28	370
28	374
28	378
28	382
28	385
28	389
28	392
28	395
28	398
28	401
28	403
28	406
28	409
28	412
28	414
28	417
28	420
28	423
28	425
28	429
28	431
28	435
28	437
28	441
28	444
28	447
28	451
28	454
28	458
28	462
28	466
28	470
28	475
28	480
28	486
28	492
28	499
28	507
28	517
29	209
29	220
29	230
29	239
29	248
29	257
29	266
29	276
29	347
29	356
29	363
29	370
29	376
29	382
29	388
29	393
29	398
29	402
29	406
29	410
29	413
29	417
29	421
29	424
29	428
29	432
29	436
29	440
29	444
29	448
29	452
29	457
29	461
29	466
29	471
29	477
29	483
29	490
29	498
29	507
30	202
30	213
30	223
30	233
30	243
30	253
30	264
30	349
30	359
30	368
30	376
30	384
30	391
30	398
30	404
30	410
30	415
30	420
30	425
30	430
30	434
30	439
30	443
30	448
30	453
30	458
30	463
30	468
30	474
30	480
30	486
30	493
30	501
30	510
30	523
31	191
31	201
31	210
31	218
31	226
31	234
31	242
31	250
31	258
31	267
31	277
31	352
31	363
31	374
31	385
31	396
31	406
31	414
31	421
31	426
31	431
31	435
31	440
31	444
31	448
31	453
31	457
31	462
31	466
31	471
31	476
31	481
31	487
31	493
31	500
31	508
31	517
31	529
32	189
32	198
32	206
32	213
32	220
32	227
32	234
32	241
32	249
32	257
32	266
32	276
32	408
32	418
32	425
32	431
32	436
32	442
32	447
32	452
32	457
32	462
32	467
32	472
32	477
32	483
32	489
32	496
32	504
32	513
32	523
33	188
33	197
33	204
33	211
33	217
33	223
33	229
33	235
33	242
33	249
33	256
33	264
33	273
33	284
33	428
33	438
33	446
33	453
33	460
33	466
33	472
33	478
33	484
33	490
33	497
33	505
33	513
33	523
33	535
34	188
34	195
34	201
34	206
34	211
34	215
34	220
34	224
34	229
34	233
34	238
34	243
34	248
34	253
34	258
34	264
34	270
34	277
34	285
34	294
34	305
34	422
34	432
34	440
34	447
34	452
34	457
34	462
34	467
34	471
34	476
34	481
34	486
34	491
34	496
34	502
34	508
34	515
34	523
34	532
34	543
35	189
35	197
35	203
35	208
35	213
35	217
35	222
35	226
35	230
35	235
35	239
35	244
35	248
35	253
35	258
35	264
35	270
35	277
35	285
35	294
35	305
35	428
35	438
35	446
35	453
35	459
35	465
35	471
35	476
35	482
35	487
35	493
35	499
35	505
35	512
35	519
35	527
35	536
35	547
36	198
36	207
36	215
36	222
36	229
36	235
36	241
36	247
36	254
36	261
36	269
36	278
36	288
36	447
36	458
36	467
36	474
36	481
36	487
36	493
36	499
36	505
36	511
36	518
36	525
36	533
36	542
36	552
37	198
37	207
37	214
37	220
37	225
37	231
37	235
37	240
37	245
37	250
37	255
37	260
37	266
37	272
37	279
37	287
37	296
37	306
37	337
37	350
37	429
37	440
37	450
37	459
37	466
37	472
37	477
37	482
37	487
37	492
37	496
37	501
37	505
37	510
37	515
37	520
37	526
37	532
37	538
37	545
37	553
37	562
37	574
38	198
38	207
38	213
38	219
38	223
38	228
38	232
38	236
38	240
38	244
38	248
38	252
38	256
38	260
38	265
38	269
38	275
38	280
38	286
38	293
38	300
38	308
38	317
38	327
38	337
38	348
38	431
38	442
38	452
38	461
38	470
38	478
38	486
38	493
38	500
38	507
38	514
38	521
38	529
38	537
38	546
38	556
39	207
39	216
39	223
39	230
39	236
39	242
39	248
39	254
39	260
39	266
39	273
39	281
39	290
39	300
39	311
39	322
39	333
39	344
39	356
40	219
40	229
40	238
40	246
40	254
40	262
40	270
40	279
40	289
40	300
40	318
40	329
40	338
40	347
40	356
40	366
40	377
40	522
41	216
41	225
41	232
41	239
41	244
41	250
41	255
41	260
41	266
41	272
41	278
41	285
41	292
41	300
41	309
41	319
41	328
41	336
41	344
41	352
41	360
41	369
41	379
42	217
42	227
42	234
42	241
42	246
42	252
42	257
42	262
42	268
42	274
42	280
42	287
42	295
42	303
42	312
42	321
42	330
42	340
42	351
43	230
43	241
43	251
43	260
43	269
43	279
43	290
43	307
43	319
43	331
44	232
44	243
44	252
44	260
44	268
44	276
44	285
44	295
44	305
44	314
44	323
44	331
44	339
44	347
44	356
44	366
45	229
45	239
45	248
45	254
45	260
45	266
45	272
45	278
45	284
45	290
45	297
45	304
45	311
45	317
45	323
45	329
45	334
45	340
45	346
45	352
45	358
45	365
45	373
45	382
45	392
45	405
46	231
46	241
46	250
46	257
46	263
46	269
46	275
46	281
46	287
46	294
46	300
46	307
46	313
46	319
46	324
46	330
46	335
46	341
46	347
46	354
46	361
46	369
46	378
46	389
47	242
47	253
47	264
47	275
47	285
47	295
47	305
47	314
47	324
47	334
47	345
48	218
48	229
48	239
48	248
48	257
48	266
48	275
48	284
48	293
48	302
48	311
48	321
48	331
48	342
49	209
49	219
49	228
49	236
49	243
49	250
49	256
49	262
49	268
49	274
49	280
49	286
49	293
49	299
49	306
49	313
49	320
49	327
49	334
49	342
49	350
49	359
49	369
50	216
50	226
50	234
50	242
50	249
50	255
50	261
50	266
50	272
50	277
50	282
50	288
50	293
50	298
50	303
50	308
50	313
50	318
50	323
50	328
50	334
50	340
50	346
50	353
50	361
50	370
50	380
51	241
51	252
51	262
51	271
51	279
51	286
51	293
51	299
51	304
51	310
51	315
51	320
51	325
51	331
51	337
51	344
51	351
51	359
51	369
52	229
52	240
52	250
52	260
52	270
52	279
52	287
52	294
52	301
52	307
52	314
52	321
52	328
52	336
52	345
52	355
53	217
53	227
53	235
53	242
53	249
53	255
53	261
53	267
53	274
53	281
53	288
53	295
53	303
53	311
53	319
53	328
53	337
53	347
54	208
54	218
54	225
54	231
54	236
54	241
54	245
54	249
54	253
54	257
54	261
54	264
54	268
54	272
54	276
54	280
54	285
54	289
54	294
54	299
54	304
54	309
54	315
54	321
54	327
54	334
54	341
54	348
54	356
54	366
54	472
54	484
55	210
55	220
55	227
55	232
55	237
55	241
55	244
55	248
55	251
55	254
55	257
55	260
55	263
55	266
55	269
55	272
55	275
55	278
55	282
55	285
55	289
55	292
55	296
55	300
55	304
55	308
55	312
55	316
55	320
55	325
55	329
55	334
55	339
55	345
55	351
55	358
55	366
55	375
55	386
56	228
56	238
56	246
56	254
56	261
56	268
56	275
56	282
56	289
56	296
56	303
56	310
56	317
56	324
56	332
56	340
56	349
56	360
57	242
57	255
58	209
58	219
58	228
58	236
58	243
58	250
58	257
58	264
58	272
58	280
58	289
58	299
58	314
59	200
59	209
59	216
59	222
59	227
59	232
59	236
59	241
59	244
59	249
59	252
59	256
59	260
59	263
59	267
59	271
59	275
59	279
59	284
59	288
59	294
59	299
59	305
59	311
59	318
59	325
59	333
59	342
59	352
59	364
59	457
59	467
59	476
59	485
59	494
59	504
59	515
60	198
60	206
60	212
60	216
60	221
60	223
60	227
60	231
60	232
60	236
60	239
60	241
60	243
60	246
60	248
60	251
60	252
60	255
60	257
60	259
60	261
60	263
60	266
60	267
60	270
60	272
60	274
60	277
60	279
60	281
60	284
60	287
60	289
60	292
60	295
60	298
60	301
60	304
60	307
60	311
60	314
60	318
60	322
60	326
60	330
60	335
60	340
60	346
60	352
60	359
60	367
60	376
60	387
60	447
60	458
60	467
60	475
60	483
60	491
60	500
60	510
60	524
61	200
61	209
61	214
61	220
61	223
61	227
61	231
61	233
61	236
61	240
61	242
61	243
61	247
61	249
61	251
61	253
61	255
61	258
61	259
61	262
61	263
61	265
61	268
61	269
61	271
61	274
61	275
61	277
61	280
61	282
61	284
61	286
61	289
61	291
61	294
61	296
61	298
61	301
61	304
61	306
61	309
61	312
61	315
61	318
61	321
61	325
61	328
61	332
61	336
61	340
61	345
61	350
61	356
61	363
61	371
61	380
62	219
62	230
62	240
62	249
62	257
62	264
62	271
62	277
62	283
62	289
62	295
62	301
62	308
62	315
62	322
62	330
62	338
62	347
62	357
63	192
63	203
63	214
63	226
63	410
63	421
63	431
63	440
63	449
63	458
63	467
63	476
63	486
63	497
64	191
64	201
64	210
64	219
64	227
64	236
64	245
64	254
64	264
64	275
64	287
64	299
64	310
64	319
64	328
64	336
64	344
64	352
64	360
64	368
64	376
64	385
64	394
64	402
64	410
64	417
64	423
64	429
64	435
64	440
64	445
64	450
64	455
64	460
64	465
64	470
64	475
64	480
64	486
64	492
64	498
64	505
64	513
64	522
64	533
65	190
65	199
65	206
65	212
65	218
65	223
65	229
65	234
65	239
65	244
65	249
65	254
65	259
65	264
65	269
65	275
65	281
65	287
65	293
65	299
65	305
65	311
65	316
65	321
65	326
65	330
65	334
65	338
65	342
65	346
65	350
65	354
65	358
65	362
65	366
65	370
65	375
65	379
65	384
65	388
65	393
65	398
65	402
65	407
65	411
65	415
65	419
65	422
65	426
65	429
65	432
65	435
65	438
65	441
65	444
65	447
65	450
65	452
65	455
65	458
65	460
65	463
65	466
65	468
65	471
65	474
65	476
65	479
65	482
65	485
65	487
65	491
65	494
65	497
65	500
65	504
65	507
65	511
65	515
65	519
65	524
65	529
65	535
65	542
65	550
65	560
66	189
66	197
66	202
66	207
66	211
66	215
66	219
66	222
66	226
66	229
66	232
66	235
66	238
66	241
66	244
66	247
66	250
66	253
66	256
66	259
66	262
66	265
66	268
66	271
66	274
66	277
66	280
66	284
66	287
66	291
66	294
66	298
66	301
66	304
66	308
66	311
66	313
66	317
66	319
66	322
66	324
66	327
66	330
66	332
66	334
66	337
66	339
66	341
66	344
66	346
66	348
66	351
66	353
66	355
66	358
66	360
66	362
66	365
66	367
66	369
66	372
66	374
66	377
66	379
66	382
66	385
66	387
66	390
66	393
66	395
66	398
66	401
66	403
66	406
66	408
66	411
66	413
66	415
66	418
66	420
66	422
66	424
66	426
66	429
66	430
66	432
66	434
66	436
66	438
66	440
66	442
66	443
66	445
66	447
66	449
66	451
66	452
66	454
66	456
66	457
66	459
66	461
66	462
66	464
66	466
66	467
66	469
66	471
66	472
66	474
66	476
66	477
66	479
66	481
66	483
66	484
66	486
66	488
66	490
66	492
66	494
66	496
66	498
66	500
66	503
66	505
66	507
66	509
66	512
66	515
66	517
66	520
66	524
66	526
66	530
66	534
66	538
66	543
66	548
66	554
66	561
66	569
66	579
67	190
67	199
67	204
67	209
67	213
67	217
67	221
67	223
67	227
67	230
67	233
67	236
67	239
67	242
67	245
67	248
67	251
67	253
67	257
67	259
67	262
67	265
67	267
67	270
67	273
67	276
67	278
67	282
67	284
67	288
67	290
67	294
67	296
67	300
67	302
67	305
67	308
67	310
67	313
67	315
67	318
67	320
67	322
67	324
67	326
67	329
67	330
67	332
67	334
67	336
67	338
67	340
67	342
67	344
67	346
67	348
67	350
67	352
67	354
67	356
67	358
67	360
67	363
67	365
67	367
67	370
67	372
67	375
67	377
67	379
67	382
67	385
67	387
67	390
67	392
67	395
67	397
67	400
67	402
67	405
67	407
67	410
67	412
67	415
67	417
67	420
67	422
67	424
67	427
67	429
67	431
67	433
67	435
67	438
67	439
67	442
67	443
67	446
67	447
67	450
67	451
67	453
67	455
67	457
67	459
67	461
67	463
67	465
67	467
67	469
67	471
67	473
67	475
67	477
67	479
67	482
67	484
67	486
67	489
67	491
67	494
67	496
67	499
67	502
67	505
67	508
67	511
67	515
67	518
67	523
67	527
67	532
67	537
67	543
67	550
67	559
68	202
68	213
68	223
68	232
68	241
68	250
68	259
68	268
68	276
68	284
68	291
68	298
68	304
68	310
68	314
68	319
68	323
68	328
68	332
68	337
68	341
68	346
68	351
68	356
68	362
68	368
68	375
68	382
68	390
68	398
68	406
68	415
68	425
68	435
68	445
68	455
68	467
71	193
71	204
71	214
71	223
71	232
71	241
71	250
71	259
71	269
71	279
71	291
71	306
71	320
71	332
71	343
71	353
71	362
71	371
71	380
71	389
71	397
71	405
71	413
71	421
71	429
71	437
71	445
71	453
71	461
71	470
71	479
71	488
71	497
71	506
71	515
71	525
71	536
72	178
72	188
72	196
72	203
72	209
72	214
72	220
72	225
72	230
72	235
72	240
72	245
72	250
72	255
72	260
72	265
72	270
72	275
72	280
72	286
72	292
72	298
72	304
72	310
72	316
72	322
72	328
72	333
72	339
72	344
72	349
72	354
72	358
72	363
72	367
72	372
72	376
72	380
72	384
72	388
72	392
72	396
72	400
72	404
72	408
72	412
72	416
72	420
72	424
72	428
72	432
72	436
72	440
72	444
72	448
72	452
72	456
72	460
72	464
72	468
72	472
72	476
72	480
72	484
72	488
72	492
72	496
72	501
72	505
72	510
72	514
72	519
72	524
72	529
72	535
72	541
72	548
72	556
72	565
73	150
73	160
73	168
73	176
73	183
73	190
73	195
73	201
73	205
73	210
73	213
73	218
73	221
73	225
73	229
73	232
73	236
73	239
73	243
73	246
73	249
73	253
73	256
73	259
73	263
73	266
73	269
73	273
73	276
73	280
73	284
73	287
73	291
73	295
73	299
73	303
73	307
73	311
73	315
73	319
73	323
73	327
73	330
73	334
73	338
73	341
73	345
73	348
73	352
73	354
73	358
73	361
73	364
73	367
73	370
73	373
73	376
73	379
73	382
73	385
73	388
73	391
73	393
73	396
73	399
73	402
73	404
73	407
73	410
73	412
73	415
73	418
73	420
73	423
73	426
73	428
73	431
73	434
73	436
73	439
73	442
73	445
73	447
73	450
73	453
73	456
73	459
73	462
73	465
73	468
73	471
73	474
73	477
73	480
73	483
73	486
73	489
73	492
73	495
73	498
73	502
73	505
73	508
73	512
73	515
73	519
73	523
73	527
73	531
73	536
73	540
73	546
73	552
73	559
73	567
73	577
74	149
74	158
74	165
74	172
74	178
74	184
74	190
74	195
74	201
74	206
74	211
74	216
74	221
74	225
74	230
74	234
74	239
74	243
74	248
74	252
74	257
74	262
74	267
74	272
74	277
74	282
74	287
74	292
74	297
74	302
74	307
74	312
74	317
74	322
74	327
74	332
74	337
74	342
74	347
74	352
74	357
74	362
74	367
74	372
74	376
74	381
74	385
74	390
74	394
74	398
74	402
74	406
74	410
74	414
74	418
74	422
74	426
74	430
74	435
74	439
74	444
74	448
74	453
74	458
74	463
74	468
74	473
74	478
74	484
74	490
74	496
74	502
74	508
74	515
74	522
74	530
74	540
75	168
75	179
75	189
75	200
75	212
-1	-1
