-1	-1
10	219
13	182
13	196
14	177
14	189
14	200
14	211
14	224
14	330
14	342
14	353
14	364
14	375
14	387
15	166
15	176
15	185
15	194
15	203
15	211
15	220
15	229
15	239
15	292
15	304
15	315
15	326
15	336
15	346
15	355
15	364
15	373
15	383
15	393
15	403
15	414
16	160
16	170
16	178
16	185
16	192
16	199
16	205
16	211
16	217
16	223
16	229
16	236
16	243
16	251
16	260
16	269
16	278
16	287
16	296
16	304
16	312
16	320
16	328
16	336
16	344
16	352
16	360
16	368
16	376
16	384
16	392
16	401
16	410
16	420
17	166
17	175
17	182
17	189
17	195
17	201
17	206
17	211
17	216
17	221
17	226
17	231
17	236
17	242
17	248
17	255
17	262
17	269
17	276
17	282
17	288
17	294
17	300
17	306
17	312
17	318
17	324
17	330
17	336
17	342
17	348
17	354
17	360
17	366
17	372
17	378
17	385
17	392
17	399
17	407
17	415
17	424
17	435
18	162
18	171
18	178
18	184
18	190
18	195
18	200
18	204
18	209
18	212
18	216
18	220
18	223
18	227
18	231
18	235
18	239
18	243
18	248
18	252
18	257
18	262
18	267
18	272
18	277
18	282
18	287
18	291
18	296
18	300
18	305
18	309
18	314
18	318
18	323
18	327
18	332
18	336
18	341
18	345
18	350
18	354
18	359
18	363
18	368
18	373
18	378
18	383
18	388
18	394
18	400
18	407
18	414
18	422
18	431
18	442
19	161
19	170
19	177
19	183
19	188
19	193
19	198
19	202
19	207
19	211
19	215
19	219
19	223
19	227
19	231
19	235
19	239
19	244
19	248
19	254
19	259
19	265
19	270
19	275
19	280
19	284
19	289
19	293
19	297
19	301
19	305
19	309
19	313
19	316
19	320
19	323
19	327
19	330
19	334
19	337
19	341
19	344
19	348
19	351
19	355
19	358
19	362
19	366
19	369
19	374
19	377
19	382
19	386
19	391
19	396
19	401
19	406
19	412
19	418
19	425
19	432
19	440
19	449
20	167
20	175
20	182
20	188
20	193
20	199
20	204
20	209
20	214
20	219
20	224
20	229
20	235
20	241
20	247
20	254
20	261
20	268
20	275
20	281
20	286
20	291
20	295
20	300
20	304
20	308
20	312
20	316
20	320
20	323
20	327
20	331
20	334
20	338
20	341
20	344
20	348
20	351
20	354
20	358
20	361
20	365
20	368
20	372
20	375
20	379
20	383
20	387
20	391
20	395
20	399
20	404
20	408
20	413
20	418
20	423
20	428
20	434
20	441
20	448
20	457
20	468
21	172
21	182
21	190
21	197
21	204
21	211
21	218
21	225
21	233
21	241
21	250
21	260
21	270
21	279
21	287
21	294
21	301
21	307
21	313
21	318
21	323
21	328
21	332
21	337
21	341
21	345
21	349
21	353
21	357
21	361
21	365
21	369
21	373
21	377
21	381
21	385
21	389
21	393
21	397
21	402
21	406
21	411
21	416
21	421
21	426
21	432
21	438
21	445
21	453
21	462
22	182
22	192
22	201
22	209
22	217
22	225
22	234
22	244
22	255
22	266
22	277
22	287
22	296
22	305
22	313
22	321
22	328
22	335
22	342
22	348
22	354
22	360
22	366
22	372
22	377
22	382
22	387
22	392
22	397
22	402
22	407
22	412
22	417
22	422
22	428
22	434
22	441
22	449
22	458
23	192
23	202
23	211
23	220
23	229
23	238
23	248
23	259
23	271
23	283
23	294
23	305
23	315
23	325
23	334
23	343
23	352
23	361
23	370
23	378
23	386
23	393
23	400
23	407
23	414
23	422
23	430
23	439
24	197
24	208
24	217
24	226
24	236
24	246
24	258
24	286
24	299
24	311
24	322
24	333
24	343
24	354
24	365
24	375
24	385
24	395
24	405
24	415
25	188
25	199
25	209
25	218
25	227
25	237
25	248
25	277
25	289
25	300
25	310
25	320
25	329
25	338
25	347
25	356
25	366
25	376
25	386
25	396
25	406
25	417
26	171
26	182
26	191
26	200
26	208
26	215
26	223
26	231
26	239
26	248
26	258
26	268
26	278
26	288
26	297
26	305
26	313
26	321
26	328
26	335
26	342
26	349
26	356
26	363
26	371
26	379
26	387
26	395
26	403
26	412
26	421
26	432
27	161
27	170
27	178
27	185
27	191
27	197
27	203
27	209
27	215
27	221
27	227
27	233
27	240
27	247
27	255
27	263
27	271
27	279
27	286
27	293
27	300
27	306
27	312
27	317
27	322
27	327
27	332
27	337
27	342
27	347
27	352
27	357
27	362
27	367
27	372
27	378
27	383
27	389
27	395
27	401
27	407
27	414
27	421
27	429
27	438
28	159
28	168
28	174
28	180
28	185
28	190
28	195
28	200
28	204
28	209
28	213
28	218
28	222
28	227
28	232
28	237
28	243
28	249
28	256
28	263
28	270
28	276
28	282
28	288
28	293
28	298
28	302
28	307
28	311
28	315
28	319
28	322
28	326
28	329
28	333
28	336
28	339
28	343
28	346
28	349
28	353
28	356
28	359
28	363
28	366
28	370
28	373
28	377
28	380
28	384
28	388
28	392
28	396
28	400
28	405
28	409
28	414
28	419
28	425
28	431
28	438
28	446
28	456
29	161
29	170
29	176
29	182
29	187
29	192
29	196
29	201
29	204
29	209
29	213
29	217
29	221
29	226
29	230
29	235
29	240
29	246
29	252
29	258
29	265
29	271
29	277
29	282
29	288
29	292
29	297
29	301
29	305
29	309
29	313
29	317
29	321
29	324
29	328
29	331
29	335
29	338
29	342
29	345
29	348
29	352
29	354
29	358
29	361
29	364
29	367
29	370
29	374
29	377
29	380
29	384
29	387
29	391
29	394
29	398
29	402
29	406
29	410
29	415
29	419
29	425
29	431
29	437
29	445
29	454
30	167
30	175
30	182
30	187
30	192
30	197
30	201
30	205
30	210
30	214
30	218
30	223
30	227
30	232
30	237
30	243
30	249
30	256
30	263
30	270
30	277
30	284
30	290
30	296
30	302
30	307
30	312
30	317
30	322
30	327
30	332
30	336
30	341
30	345
30	349
30	353
30	357
30	361
30	365
30	369
30	373
30	377
30	381
30	385
30	389
30	393
30	397
30	402
30	407
30	412
30	418
30	424
30	431
30	439
30	449
31	177
31	186
31	194
31	202
31	209
31	216
31	223
31	231
31	239
31	248
31	259
31	270
31	281
31	292
31	302
31	312
31	321
31	330
31	338
31	345
31	352
31	359
31	366
31	373
31	380
31	387
31	394
31	402
31	410
31	419
32	190
32	201
32	212
32	223
32	234
32	330
32	341
32	351
32	361
32	370
32	379
32	389
32	400
33	210
33	222
33	235
33	340
33	351
33	362
33	374
33	386
34	220
34	331
34	342
34	352
34	362
34	372
34	382
34	393
35	326
35	336
35	344
35	352
35	359
35	367
35	375
35	383
35	392
35	402
36	318
36	328
36	336
36	343
36	349
36	354
36	360
36	365
36	371
36	377
36	383
36	390
36	397
36	406
36	416
37	313
37	322
37	329
37	335
37	341
37	345
37	350
37	354
37	358
37	362
37	366
37	370
37	375
37	379
37	384
37	389
37	395
37	401
37	408
37	416
37	425
37	436
38	200
38	214
38	312
38	321
38	329
38	335
38	341
38	346
38	351
38	356
38	360
38	365
38	369
38	374
38	379
38	384
38	389
38	395
38	401
38	408
38	416
38	426
39	189
39	201
39	214
39	311
39	321
39	330
39	339
39	347
39	354
39	361
39	368
39	375
39	382
39	389
39	397
39	406
39	416
40	188
40	200
40	309
40	320
40	330
40	340
40	349
40	358
40	365
40	372
40	379
40	386
40	394
40	402
40	411
40	423
41	172
41	183
41	193
41	203
41	213
41	225
41	316
41	328
41	341
41	353
41	363
41	372
41	381
41	390
41	399
41	409
42	162
42	172
42	180
42	188
42	196
42	204
42	212
42	221
42	231
42	242
42	358
42	368
42	377
42	386
42	395
42	404
42	414
43	159
43	167
43	173
43	179
43	185
43	191
43	196
43	202
43	208
43	214
43	221
43	228
43	236
43	245
43	256
43	297
43	308
43	320
43	367
43	378
43	388
43	398
43	409
44	160
44	169
44	175
44	181
44	186
44	191
44	196
44	201
44	206
44	211
44	217
44	223
44	229
44	236
44	244
44	253
44	263
44	286
44	297
44	307
44	318
44	379
44	391
45	167
45	174
45	181
45	185
45	191
45	194
45	199
45	203
45	207
45	212
45	216
45	221
45	226
45	231
45	237
45	243
45	250
45	258
45	267
45	277
45	287
45	296
45	305
45	315
45	326
45	377
45	388
45	399
45	411
46	169
46	178
46	183
46	189
46	193
46	197
46	201
46	205
46	209
46	213
46	217
46	221
46	225
46	229
46	234
46	239
46	245
46	251
46	257
46	264
46	272
46	280
46	288
46	296
46	304
46	312
46	321
46	331
46	381
46	392
46	403
46	415
47	177
47	185
47	192
47	198
47	203
47	208
47	213
47	218
47	223
47	228
47	233
47	238
47	244
47	250
47	257
47	265
47	273
47	281
47	289
47	296
47	303
47	311
47	319
47	328
47	339
48	181
48	190
48	197
48	202
48	207
48	212
48	216
48	221
48	225
48	229
48	234
48	238
48	243
48	248
48	254
48	260
48	266
48	273
48	280
48	286
48	292
48	298
48	304
48	310
48	317
48	325
48	333
48	343
48	389
48	400
48	411
48	423
49	187
49	195
49	202
49	207
49	212
49	215
49	220
49	223
49	227
49	231
49	235
49	239
49	243
49	247
49	252
49	256
49	261
49	266
49	271
49	277
49	282
49	287
49	292
49	297
49	303
49	309
49	315
49	322
49	330
49	339
49	350
49	389
49	400
49	410
49	420
49	431
50	189
50	199
50	207
50	213
50	219
50	224
50	230
50	235
50	241
50	247
50	253
50	260
50	267
50	274
50	280
50	286
50	292
50	298
50	304
50	311
50	318
50	326
50	335
50	346
50	411
50	423
50	435
51	193
51	203
51	212
51	220
51	227
51	234
51	242
51	250
51	258
51	266
51	273
51	280
51	286
51	292
51	298
51	305
51	312
51	320
51	329
52	200
52	210
52	219
52	227
52	234
52	242
52	250
52	258
52	265
52	271
52	277
52	282
52	288
52	293
52	299
52	305
52	311
52	318
52	326
52	335
52	346
53	192
53	202
53	211
53	219
53	226
53	233
53	239
53	246
53	253
53	260
53	266
53	272
53	277
53	282
53	287
53	293
53	298
53	304
53	310
53	317
53	325
53	334
53	345
54	191
54	201
54	210
54	218
54	225
54	232
54	239
54	246
54	253
54	260
54	267
54	273
54	279
54	285
54	292
54	299
54	307
54	316
54	326
55	199
55	210
55	219
55	227
55	235
55	243
55	251
55	259
55	267
55	275
55	283
55	291
55	300
55	310
56	197
56	207
56	215
56	222
56	229
56	236
56	243
56	250
56	257
56	264
56	271
56	278
56	285
56	293
56	301
56	310
56	320
57	199
57	209
57	218
57	225
57	232
57	239
57	246
57	253
57	260
57	267
57	274
57	282
57	290
57	298
57	307
57	317
58	210
58	221
58	232
58	243
58	254
58	265
58	275
58	285
58	295
58	306
59	199
59	210
59	220
59	229
59	239
59	249
59	260
59	271
59	281
59	291
59	301
59	313
60	189
60	199
60	208
60	216
60	223
60	231
60	239
60	248
60	257
60	267
60	277
60	287
60	298
61	180
61	189
61	196
61	202
61	208
61	213
61	218
61	223
61	228
61	233
61	238
61	244
61	250
61	257
61	264
61	271
61	279
61	287
61	296
61	305
61	315
62	178
62	186
62	192
62	197
62	201
62	204
62	208
62	211
62	214
62	217
62	220
62	223
62	226
62	229
62	232
62	235
62	238
62	242
62	245
62	249
62	253
62	257
62	261
62	266
62	270
62	275
62	280
62	286
62	292
62	298
62	305
62	313
62	322
62	332
62	345
63	172
63	181
63	189
63	193
63	199
63	202
63	206
63	210
63	212
63	215
63	218
63	221
63	223
63	226
63	228
63	231
63	233
63	236
63	238
63	241
63	244
63	247
63	249
63	253
63	256
63	259
63	263
63	266
63	270
63	274
63	278
63	282
63	286
63	290
63	295
63	299
63	305
63	310
63	316
63	322
63	329
63	337
63	346
63	355
63	365
63	376
63	388
63	400
63	412
64	169
64	177
64	183
64	189
64	194
64	199
64	204
64	209
64	213
64	218
64	222
64	226
64	230
64	234
64	238
64	243
64	247
64	252
64	257
64	262
64	267
64	272
64	277
64	282
64	286
64	291
64	295
64	300
64	305
64	310
64	315
64	320
64	326
64	332
64	338
64	345
64	352
64	360
64	368
64	376
64	384
64	392
64	400
64	408
64	416
64	424
64	432
64	441
64	453
65	167
65	174
65	180
65	184
65	189
65	192
65	196
65	200
65	203
65	207
65	210
65	214
65	217
65	221
65	224
65	228
65	231
65	235
65	239
65	243
65	247
65	252
65	257
65	262
65	267
65	272
65	277
65	281
65	286
65	290
65	294
65	298
65	303
65	307
65	312
65	316
65	321
65	326
65	331
65	336
65	342
65	348
65	354
65	360
65	366
65	372
65	378
65	384
65	390
65	396
65	401
65	406
65	411
65	416
65	421
65	426
65	432
65	438
65	445
65	452
65	460
65	470
66	169
66	178
66	184
66	190
66	194
66	199
66	203
66	207
66	211
66	215
66	219
66	222
66	226
66	230
66	233
66	237
66	241
66	245
66	249
66	254
66	258
66	262
66	266
66	270
66	274
66	278
66	282
66	286
66	290
66	294
66	298
66	302
66	306
66	310
66	314
66	318
66	323
66	327
66	332
66	337
66	342
66	347
66	352
66	357
66	362
66	367
66	372
66	376
66	381
66	384
66	389
66	392
66	396
66	400
66	403
66	407
66	411
66	414
66	418
66	422
66	425
66	429
66	433
66	437
66	442
66	447
66	453
66	459
66	466
66	475
66	486
67	172
67	182
67	191
67	200
67	208
67	216
67	223
67	230
67	237
67	244
67	251
67	258
67	263
67	269
67	273
67	278
67	281
67	285
67	289
67	292
67	296
67	299
67	302
67	305
67	309
67	311
67	315
67	318
67	321
67	324
67	327
67	330
67	334
67	337
67	340
67	344
67	347
67	350
67	353
67	357
67	359
67	363
67	365
67	369
67	371
67	374
67	377
67	380
67	382
67	385
67	388
67	390
67	393
67	396
67	398
67	401
67	404
67	406
67	409
67	412
67	415
67	417
67	420
67	424
67	426
67	430
67	434
67	437
67	441
67	446
67	450
67	456
67	461
67	468
67	476
67	486
68	172
68	182
68	191
68	199
68	206
68	213
68	220
68	227
68	234
68	241
68	249
68	257
68	264
68	271
68	277
68	282
68	287
68	291
68	295
68	299
68	302
68	306
68	309
68	312
68	315
68	318
68	321
68	323
68	327
68	329
68	332
68	334
68	337
68	340
68	342
68	345
68	347
68	350
68	352
68	354
68	357
68	359
68	361
68	364
68	366
68	368
68	371
68	372
68	375
68	377
68	379
68	381
68	384
68	386
68	388
68	390
68	393
68	395
68	397
68	400
68	402
68	405
68	407
68	409
68	413
68	415
68	418
68	421
68	424
68	427
68	430
68	434
68	437
68	441
68	446
68	450
68	456
68	461
68	468
68	476
68	486
69	179
69	189
69	197
69	204
69	211
69	217
69	223
69	229
69	235
69	242
69	249
69	256
69	263
69	270
69	277
69	284
69	291
69	297
69	303
69	308
69	313
69	318
69	322
69	327
69	331
69	335
69	339
69	343
69	347
69	351
69	355
69	359
69	362
69	366
69	370
69	373
69	377
69	381
69	385
69	388
69	392
69	396
69	399
69	404
69	407
69	412
69	416
69	420
69	425
69	429
69	435
69	440
69	446
69	453
69	460
69	469
70	210
70	222
70	233
70	244
70	255
70	265
70	274
70	282
70	290
70	297
70	304
70	311
70	317
70	323
70	329
70	335
70	341
70	347
70	353
70	359
70	364
70	370
70	375
70	381
70	386
70	391
70	396
70	401
70	406
70	411
70	417
70	422
70	428
70	434
70	441
70	448
70	457
70	468
71	179
71	190
71	200
71	209
71	218
71	228
71	238
71	249
71	260
71	271
71	282
71	292
71	301
71	310
71	318
71	325
71	332
71	338
71	344
71	350
71	355
71	360
71	365
71	370
71	375
71	380
71	386
71	391
71	397
71	402
71	408
71	414
71	420
71	426
71	433
71	441
71	450
72	177
72	186
72	194
72	201
72	208
72	214
72	220
72	226
72	232
72	238
72	245
72	252
72	259
72	266
72	273
72	281
72	289
72	297
72	306
72	315
72	324
72	333
72	343
72	353
72	363
72	373
72	383
72	392
72	401
72	410
72	419
72	428
72	438
73	188
73	198
73	206
73	213
73	220
73	226
73	232
73	238
73	244
73	250
73	256
73	262
73	268
73	274
73	279
73	285
73	290
73	296
73	301
73	307
73	312
73	318
73	324
73	330
73	336
73	342
73	348
73	354
73	360
73	366
73	372
73	378
73	384
73	390
73	396
73	403
73	410
73	417
73	424
73	432
73	440
73	449
73	460
74	261
74	272
74	281
74	289
74	297
74	304
74	311
74	317
74	323
74	329
74	335
74	341
74	347
74	352
74	358
74	363
74	369
74	374
74	380
74	386
74	392
74	398
74	405
74	412
74	419
74	425
74	432
74	438
74	445
74	452
74	460
74	469
75	409
75	419
75	428
75	436
75	444
75	453
75	463
76	422
-1	-1
