-1	-1
8	209
9	178
9	188
9	197
9	205
9	213
9	221
9	230
9	240
9	297
9	308
9	319
9	330
9	341
10	178
10	188
10	196
10	203
10	210
10	216
10	222
10	228
10	235
10	242
10	250
10	259
10	269
10	279
10	289
10	298
10	307
10	315
10	323
10	330
10	337
10	344
10	352
10	360
10	369
10	380
11	168
11	177
11	184
11	190
11	195
11	200
11	205
11	210
11	214
11	219
11	223
11	228
11	233
11	238
11	244
11	250
11	257
11	264
11	272
11	280
11	287
11	293
11	299
11	305
11	310
11	315
11	320
11	325
11	330
11	335
11	340
11	345
11	351
11	357
11	363
11	370
11	377
11	385
11	394
11	405
12	161
12	170
12	178
12	184
12	190
12	194
12	199
12	203
12	208
12	212
12	216
12	220
12	224
12	228
12	233
12	237
12	243
12	248
12	254
12	261
12	268
12	275
12	282
12	288
12	294
12	300
12	305
12	311
12	316
12	321
12	326
12	331
12	336
12	341
12	346
12	351
12	357
12	363
12	369
12	376
12	383
12	391
12	400
12	410
13	162
13	172
13	180
13	187
13	193
13	199
13	204
13	209
13	214
13	219
13	224
13	229
13	235
13	241
13	247
13	254
13	262
13	270
13	278
13	285
13	292
13	299
13	306
13	313
13	320
13	327
13	334
13	342
13	350
13	358
13	367
13	377
13	388
14	169
14	180
14	189
14	198
14	206
14	214
14	222
14	230
14	239
14	249
14	268
14	280
14	291
14	301
14	310
14	319
14	328
14	338
14	348
14	359
14	371
15	167
15	177
15	185
15	193
15	200
15	207
15	214
15	221
15	228
15	236
15	245
15	256
15	269
15	280
15	290
15	299
15	308
15	316
15	324
15	331
15	338
15	346
15	354
15	363
15	373
15	384
16	160
16	170
16	178
16	184
16	190
16	196
16	201
16	206
16	211
16	216
16	221
16	226
16	232
16	238
16	245
16	252
16	260
16	269
16	278
16	286
16	293
16	300
16	306
16	312
16	317
16	322
16	327
16	332
16	337
16	342
16	347
16	352
16	358
16	364
16	370
16	377
16	384
16	392
16	401
16	411
16	423
17	158
17	167
17	173
17	179
17	184
17	189
17	194
17	199
17	203
17	208
17	212
17	216
17	221
17	225
17	230
17	235
17	240
17	246
17	253
17	260
17	268
17	275
17	282
17	288
17	294
17	299
17	304
17	309
17	313
17	317
17	321
17	325
17	329
17	332
17	336
17	340
17	343
17	347
17	351
17	355
17	359
17	363
17	367
17	372
17	377
17	382
17	387
17	393
17	399
17	406
17	413
17	421
17	430
17	441
18	159
18	168
18	175
18	181
18	187
18	192
18	198
18	203
18	208
18	213
18	218
18	223
18	228
18	234
18	240
18	247
18	255
18	263
18	271
18	278
18	284
18	290
18	295
18	300
18	304
18	309
18	313
18	317
18	321
18	325
18	329
18	333
18	337
18	341
18	344
18	348
18	352
18	356
18	360
18	364
18	368
18	372
18	376
18	381
18	385
18	390
18	395
18	400
18	406
18	412
18	418
18	425
18	433
18	442
18	453
19	163
19	173
19	182
19	190
19	198
19	206
19	214
19	222
19	231
19	241
19	267
19	276
19	283
19	290
19	296
19	302
19	308
19	314
19	320
19	325
19	331
19	336
19	342
19	347
19	352
19	357
19	362
19	367
19	372
19	378
19	383
19	389
19	395
19	401
19	407
19	414
19	421
19	429
19	438
19	448
20	172
20	183
20	193
20	203
20	213
20	223
20	235
20	277
20	287
20	296
20	305
20	313
20	321
20	329
20	337
20	345
20	353
20	361
20	369
20	377
20	385
20	394
20	403
20	412
20	422
20	434
21	202
21	297
21	308
21	318
21	327
21	336
21	345
21	355
21	365
21	376
21	388
22	298
22	308
22	317
22	325
22	333
22	341
22	349
22	357
22	366
22	376
22	388
23	188
23	200
23	213
23	291
23	301
23	309
23	316
23	322
23	328
23	334
23	340
23	346
23	352
23	358
23	365
23	372
23	380
23	389
23	400
24	168
24	179
24	189
24	198
24	207
24	217
24	228
24	286
24	295
24	302
24	309
24	314
24	320
24	324
24	329
24	333
24	338
24	342
24	347
24	352
24	357
24	362
24	368
24	374
24	381
24	389
24	398
24	409
25	159
25	169
25	177
25	184
25	191
25	198
25	205
25	212
25	219
25	227
25	236
25	247
25	277
25	287
25	294
25	301
25	306
25	311
25	316
25	320
25	325
25	329
25	333
25	337
25	341
25	345
25	349
25	353
25	357
25	362
25	367
25	372
25	378
25	384
25	391
25	399
25	408
25	419
26	153
26	162
26	169
26	175
26	181
26	186
26	191
26	196
26	201
26	206
26	211
26	216
26	221
26	227
26	233
26	240
26	248
26	257
26	267
26	277
26	285
26	292
26	299
26	305
26	311
26	317
26	322
26	328
26	333
26	338
26	343
26	347
26	352
26	357
26	362
26	367
26	373
26	378
26	385
26	392
26	400
26	409
26	419
27	154
27	162
27	169
27	174
27	180
27	184
27	189
27	192
27	197
27	200
27	204
27	208
27	212
27	216
27	220
27	225
27	229
27	234
27	239
27	245
27	251
27	258
27	266
27	274
27	281
27	288
27	294
27	300
27	306
27	312
27	318
27	324
27	330
27	336
27	342
27	348
27	354
27	360
27	366
27	372
27	378
27	385
27	392
27	400
27	409
27	419
28	158
28	167
28	173
28	179
28	184
28	189
28	193
28	197
28	201
28	205
28	209
28	213
28	217
28	221
28	225
28	229
28	234
28	238
28	244
28	249
28	256
28	263
28	270
28	277
28	283
28	289
28	295
28	301
28	307
28	313
28	319
28	326
28	333
28	340
28	347
28	353
28	359
28	365
28	371
28	377
28	384
28	391
28	398
28	406
28	414
28	423
28	433
28	444
29	167
29	176
29	183
29	190
29	195
29	201
29	205
29	210
29	214
29	219
29	223
29	228
29	233
29	238
29	244
29	250
29	257
29	264
29	271
29	278
29	284
29	290
29	296
29	302
29	308
29	315
29	322
29	329
29	336
29	343
29	350
29	357
29	363
29	369
29	375
29	381
29	387
29	393
29	399
29	405
29	412
29	419
29	426
29	434
29	442
29	451
29	462
30	172
30	182
30	191
30	199
30	206
30	213
30	220
30	227
30	234
30	242
30	251
30	261
30	270
30	279
30	287
30	295
30	302
30	309
30	316
30	323
30	330
30	337
30	343
30	349
30	355
30	361
30	366
30	372
30	377
30	382
30	387
30	392
30	397
30	402
30	407
30	412
30	417
30	422
30	428
30	434
30	440
30	447
30	455
30	464
30	475
31	182
31	193
31	203
31	212
31	221
31	230
31	240
31	266
31	276
31	285
31	293
31	300
31	306
31	312
31	318
31	323
31	329
31	334
31	339
31	344
31	349
31	353
31	358
31	362
31	367
31	371
31	375
31	379
31	383
31	387
31	391
31	395
31	399
31	404
31	408
31	413
31	417
31	422
31	427
31	432
31	438
31	444
31	451
31	459
31	468
32	196
32	207
32	217
32	227
32	237
32	266
32	276
32	284
32	291
32	297
32	302
32	307
32	311
32	315
32	319
32	322
32	326
32	329
32	332
32	335
32	338
32	341
32	344
32	347
32	350
32	353
32	356
32	359
32	362
32	365
32	368
32	371
32	374
32	377
32	380
32	384
32	386
32	390
32	393
32	397
32	400
32	404
32	408
32	412
32	417
32	421
32	426
32	431
32	437
32	444
32	451
32	460
33	196
33	207
33	217
33	226
33	236
33	247
33	260
33	271
33	280
33	287
33	293
33	298
33	302
33	306
33	310
33	312
33	316
33	319
33	322
33	324
33	327
33	330
33	332
33	334
33	337
33	339
33	342
33	344
33	346
33	349
33	351
33	353
33	356
33	358
33	360
33	363
33	365
33	367
33	370
33	372
33	375
33	377
33	380
33	383
33	385
33	388
33	391
33	394
33	397
33	400
33	404
33	407
33	411
33	415
33	419
33	424
33	429
33	435
33	442
33	450
33	459
34	191
34	202
34	212
34	222
34	232
34	243
34	267
34	277
34	284
34	291
34	295
34	301
34	304
34	309
34	312
34	316
34	320
34	323
34	327
34	330
34	334
34	337
34	341
34	344
34	347
34	351
34	353
34	357
34	360
34	363
34	366
34	369
34	373
34	376
34	379
34	383
34	386
34	390
34	394
34	398
34	403
34	407
34	412
34	417
34	423
34	430
34	437
34	446
34	457
35	181
35	192
35	202
35	211
35	220
35	230
35	241
35	267
35	277
35	284
35	290
35	295
35	300
35	305
35	310
35	314
35	319
35	323
35	328
35	332
35	337
35	341
35	346
35	350
35	355
35	359
35	363
35	367
35	371
35	376
35	380
35	385
35	389
35	395
35	400
35	406
35	412
35	419
35	427
35	436
35	447
36	169
36	179
36	188
36	196
36	204
36	212
36	220
36	228
36	237
36	248
36	260
36	270
36	278
36	284
36	290
36	295
36	300
36	305
36	310
36	315
36	320
36	325
36	330
36	336
36	342
36	348
36	354
36	360
36	365
36	371
36	376
36	381
36	387
36	393
36	399
36	406
36	413
36	421
36	430
36	441
37	161
37	171
37	179
37	186
37	193
37	200
37	207
37	214
37	221
37	228
37	236
37	246
37	257
37	268
37	276
37	283
37	289
37	295
37	300
37	306
37	311
37	316
37	322
37	327
37	333
37	339
37	346
37	353
37	360
37	366
37	372
37	378
37	384
37	390
37	396
37	403
37	410
37	418
37	427
37	437
38	160
38	169
38	176
38	183
38	189
38	195
38	201
38	207
38	213
38	219
38	226
38	233
38	241
38	250
38	260
38	269
38	277
38	284
38	291
38	297
38	303
38	310
38	317
38	324
38	332
38	340
38	349
38	358
38	366
38	373
38	380
38	386
38	393
38	400
38	407
38	414
38	422
38	431
38	441
39	162
39	171
39	178
39	184
39	190
39	196
39	202
39	208
39	214
39	220
39	226
39	233
39	240
39	248
39	258
39	268
39	276
39	284
39	291
39	298
39	306
39	314
39	322
39	331
39	341
39	352
39	363
39	373
39	381
39	389
39	397
39	405
39	413
39	422
39	432
39	445
40	162
40	171
40	178
40	183
40	188
40	193
40	198
40	202
40	207
40	212
40	217
40	222
40	227
40	233
40	239
40	246
40	254
40	263
40	271
40	279
40	287
40	294
40	302
40	310
40	318
40	327
40	337
40	348
40	360
40	371
40	380
40	388
40	395
40	403
40	411
40	419
40	428
40	438
41	161
41	170
41	177
41	183
41	188
41	193
41	198
41	202
41	207
41	212
41	217
41	222
41	227
41	233
41	239
41	246
41	254
41	262
41	271
41	279
41	287
41	295
41	304
41	313
41	322
41	332
41	343
41	369
41	380
41	389
41	397
41	405
41	413
41	422
41	431
41	441
42	161
42	170
42	177
42	182
42	187
42	191
42	195
42	199
42	203
42	207
42	211
42	215
42	219
42	223
42	227
42	232
42	237
42	242
42	248
42	255
42	262
42	270
42	278
42	286
42	294
42	302
42	311
42	321
42	332
42	377
42	387
42	395
42	402
42	409
42	416
42	423
42	431
42	439
42	448
43	163
43	172
43	179
43	183
43	189
43	192
43	197
43	200
43	204
43	207
43	211
43	214
43	218
43	222
43	226
43	230
43	234
43	238
43	243
43	248
43	254
43	260
43	267
43	274
43	282
43	290
43	298
43	307
43	316
43	326
43	338
43	382
43	392
43	401
43	409
43	417
43	425
43	434
43	443
43	454
44	170
44	180
44	188
44	194
44	200
44	205
44	210
44	214
44	219
44	223
44	228
44	233
44	238
44	244
44	250
44	257
44	264
44	272
44	281
44	290
44	300
44	313
44	400
44	411
44	421
44	431
44	442
45	177
45	187
45	194
45	201
45	205
45	211
45	214
45	219
45	222
45	226
45	230
45	234
45	238
45	243
45	247
45	252
45	257
45	263
45	269
45	276
45	284
45	292
45	301
45	312
45	411
45	422
45	433
46	172
46	182
46	191
46	199
46	205
46	211
46	216
46	221
46	226
46	231
46	236
46	241
46	246
46	252
46	258
46	265
46	272
46	280
46	289
46	299
46	311
46	410
46	421
46	431
46	441
46	453
47	172
47	182
47	191
47	199
47	206
47	212
47	218
47	224
47	229
47	235
47	241
47	247
47	254
47	261
47	269
47	278
47	287
47	297
47	308
47	409
47	419
47	428
47	437
47	446
47	456
48	179
48	189
48	198
48	205
48	212
48	218
48	224
48	229
48	235
48	241
48	247
48	254
48	261
48	269
48	278
48	287
48	297
48	308
48	418
48	429
48	439
48	450
49	191
49	202
49	211
49	219
49	227
49	235
49	243
49	252
49	262
49	273
49	285
50	196
50	206
50	215
50	223
50	231
50	240
50	249
50	260
51	192
51	203
51	213
51	222
51	231
51	240
51	251
52	191
52	202
52	212
52	222
52	232
52	243
53	188
53	198
53	207
53	215
53	223
53	231
53	240
53	250
54	189
54	200
54	209
54	218
54	226
54	235
54	245
54	257
55	181
55	192
55	202
55	211
55	220
55	230
55	241
56	171
56	181
56	190
56	198
56	206
56	214
56	222
56	231
56	241
56	254
57	172
57	183
57	192
57	201
57	209
57	217
57	225
57	234
57	244
58	182
58	193
58	202
58	211
58	219
58	228
58	237
58	248
59	186
59	195
59	202
59	209
59	215
59	221
59	227
59	234
59	241
59	249
59	258
59	268
59	279
59	293
60	187
60	196
60	203
60	209
60	214
60	220
60	225
60	230
60	236
60	242
60	248
60	255
60	263
60	272
60	282
60	293
60	306
61	181
61	191
61	200
61	208
61	215
61	222
61	229
61	236
61	244
61	253
61	264
62	171
62	180
62	187
62	193
62	199
62	204
62	209
62	214
62	219
62	224
62	229
62	235
62	241
62	247
62	255
62	263
62	272
62	282
62	292
62	304
63	168
63	175
63	181
63	185
63	190
63	193
63	197
63	201
63	203
63	207
63	210
63	212
63	215
63	218
63	221
63	224
63	227
63	230
63	233
63	236
63	239
63	243
63	246
63	250
63	255
63	259
63	264
63	269
63	275
63	281
63	287
63	294
63	301
63	308
63	316
63	325
63	334
63	344
63	356
64	168
64	175
64	181
64	185
64	190
64	192
64	196
64	199
64	202
64	204
64	207
64	210
64	212
64	214
64	217
64	219
64	221
64	223
64	226
64	228
64	230
64	233
64	235
64	237
64	240
64	243
64	245
64	248
64	251
64	254
64	257
64	261
64	265
64	268
64	273
64	277
64	282
64	287
64	292
64	297
64	303
64	309
64	316
64	323
64	330
64	338
64	347
64	357
64	367
64	377
64	387
64	396
64	405
64	414
64	423
64	432
64	442
64	453
65	168
65	178
65	186
65	193
65	200
65	206
65	211
65	216
65	221
65	225
65	229
65	233
65	237
65	242
65	246
65	251
65	256
65	262
65	268
65	274
65	280
65	287
65	294
65	302
65	310
65	319
65	329
65	340
65	351
65	362
65	372
65	381
65	389
65	396
65	403
65	409
65	415
65	421
65	428
65	435
65	443
65	451
65	461
66	161
66	170
66	178
66	185
66	192
66	199
66	205
66	212
66	218
66	224
66	230
66	236
66	243
66	250
66	258
66	267
66	275
66	283
66	291
66	299
66	307
66	316
66	325
66	335
66	345
66	354
66	363
66	371
66	378
66	384
66	390
66	396
66	402
66	408
66	414
66	420
66	426
66	433
66	440
66	447
66	455
66	464
66	474
67	161
67	170
67	177
67	183
67	189
67	194
67	200
67	204
67	209
67	214
67	219
67	224
67	229
67	234
67	239
67	245
67	251
67	258
67	266
67	273
67	280
67	286
67	292
67	298
67	304
67	310
67	316
67	322
67	329
67	336
67	343
67	350
67	357
67	364
67	371
67	378
67	385
67	392
67	399
67	406
67	413
67	420
67	427
67	434
67	441
67	448
67	455
67	463
67	471
67	480
67	494
68	163
68	172
68	180
68	187
68	194
68	200
68	206
68	212
68	218
68	223
68	228
68	234
68	239
68	245
68	251
68	258
68	266
68	273
68	280
68	287
68	294
68	301
68	308
68	315
68	322
68	329
68	336
68	343
68	350
68	358
68	366
68	374
68	382
68	390
68	398
68	405
68	412
68	418
68	424
68	430
68	435
68	440
68	445
68	450
68	455
68	460
68	465
68	470
68	476
68	482
68	489
68	497
68	506
69	169
69	180
69	190
69	200
69	209
69	218
69	227
69	235
69	244
69	253
69	263
69	273
69	282
69	290
69	298
69	306
69	314
69	321
69	328
69	335
69	342
69	349
69	356
69	362
69	368
69	374
69	380
69	385
69	390
69	395
69	400
69	404
69	409
69	412
69	416
69	420
69	423
69	427
69	430
69	433
69	436
69	440
69	442
69	446
69	449
69	453
69	456
69	460
69	464
69	468
69	472
69	477
69	481
69	487
69	493
69	499
69	507
69	516
70	168
70	178
70	186
70	194
70	201
70	208
70	215
70	222
70	229
70	236
70	244
70	252
70	261
70	269
70	277
70	283
70	289
70	294
70	300
70	304
70	309
70	314
70	318
70	323
70	327
70	331
70	335
70	339
70	343
70	347
70	351
70	354
70	358
70	361
70	365
70	368
70	372
70	374
70	378
70	381
70	383
70	387
70	389
70	392
70	395
70	397
70	400
70	403
70	405
70	408
70	410
70	413
70	415
70	418
70	420
70	423
70	425
70	428
70	430
70	433
70	435
70	438
70	441
70	444
70	447
70	450
70	454
70	457
70	461
70	465
70	469
70	474
70	479
70	485
70	492
70	500
70	510
71	162
71	171
71	179
71	185
71	191
71	195
71	200
71	204
71	209
71	213
71	217
71	221
71	225
71	229
71	233
71	237
71	242
71	246
71	251
71	256
71	261
71	267
71	272
71	277
71	281
71	285
71	289
71	292
71	296
71	299
71	302
71	305
71	308
71	311
71	313
71	316
71	319
71	321
71	324
71	326
71	329
71	331
71	334
71	336
71	339
71	341
71	343
71	346
71	348
71	350
71	353
71	355
71	357
71	359
71	362
71	363
71	366
71	368
71	370
71	372
71	374
71	376
71	378
71	380
71	382
71	384
71	386
71	388
71	390
71	392
71	394
71	396
71	398
71	400
71	403
71	404
71	407
71	409
71	411
71	414
71	416
71	418
71	421
71	424
71	426
71	429
71	432
71	435
71	438
71	442
71	445
71	449
71	453
71	457
71	462
71	467
71	473
71	480
71	488
71	499
72	169
72	178
72	185
72	191
72	196
72	201
72	205
72	210
72	214
72	218
72	222
72	226
72	230
72	234
72	238
72	242
72	246
72	250
72	255
72	259
72	264
72	269
72	274
72	279
72	283
72	287
72	291
72	294
72	298
72	301
72	303
72	307
72	309
72	312
72	314
72	317
72	320
72	322
72	324
72	327
72	329
72	331
72	333
72	336
72	338
72	340
72	342
72	344
72	347
72	348
72	351
72	353
72	355
72	357
72	360
72	362
72	364
72	367
72	369
72	371
72	374
72	376
72	379
72	381
72	385
72	387
72	390
72	394
72	396
72	400
72	404
72	407
72	411
72	416
72	420
72	425
72	430
72	436
72	442
72	448
72	455
72	463
72	472
72	484
73	281
73	292
73	301
73	309
73	317
73	324
73	331
73	337
73	344
73	351
73	358
73	366
73	374
73	383
73	393
73	403
73	414
73	425
73	435
73	444
73	452
73	460
73	468
73	477
73	487
74	390
74	401
74	411
74	420
74	428
74	435
74	441
74	447
74	453
74	458
74	464
74	469
74	475
74	481
74	488
74	496
74	505
74	516
75	160
75	170
75	179
75	187
75	195
75	203
75	211
75	219
75	227
75	235
75	244
75	254
75	265
75	276
75	286
75	295
75	304
75	313
75	322
75	331
75	340
75	349
75	357
75	365
75	373
75	380
75	387
75	394
75	401
75	407
75	413
75	419
75	425
75	431
75	436
75	442
75	447
75	453
75	459
75	465
75	471
75	478
75	485
75	493
75	503
76	176
76	186
76	195
76	203
76	211
76	219
76	227
76	235
76	244
76	253
76	263
76	273
76	283
76	292
76	301
76	310
76	318
76	326
76	334
76	342
76	350
76	358
76	366
76	374
76	382
76	390
76	398
76	406
76	415
76	424
76	434
76	446
-1	-1
