-1	-1
10	361
10	373
10	385
10	447
10	459
10	472
13	506
13	518
13	530
13	543
14	356
14	368
14	481
14	493
14	505
14	517
14	531
15	342
15	353
15	363
15	373
15	383
15	395
15	460
15	471
15	481
15	491
15	501
15	511
15	522
15	534
16	338
16	348
16	357
16	366
16	374
16	382
16	391
16	401
16	414
16	437
16	448
16	458
16	467
16	475
16	483
16	491
16	499
16	507
16	516
16	526
16	536
16	548
17	332
17	342
17	351
17	359
17	366
17	373
17	379
17	386
17	393
17	400
17	408
17	417
17	426
17	435
17	443
17	450
17	457
17	463
17	469
17	475
17	481
17	487
17	493
17	499
17	505
17	512
17	519
17	527
17	535
17	544
17	554
17	565
17	578
18	331
18	340
18	348
18	354
18	360
18	365
18	370
18	375
18	380
18	385
18	390
18	395
18	400
18	406
18	412
18	418
18	425
18	431
18	438
18	444
18	450
18	455
18	460
18	464
18	469
18	473
18	478
18	482
18	487
18	491
18	496
18	500
18	505
18	510
18	515
18	521
18	527
18	533
18	539
18	546
18	554
18	562
18	571
18	581
19	332
19	341
19	349
19	355
19	361
19	365
19	370
19	374
19	378
19	382
19	386
19	390
19	394
19	398
19	402
19	407
19	411
19	416
19	421
19	426
19	431
19	436
19	441
19	446
19	451
19	456
19	461
19	465
19	470
19	474
19	479
19	483
19	487
19	492
19	496
19	501
19	505
19	510
19	515
19	520
19	525
19	530
19	535
19	541
19	546
19	552
19	558
19	565
19	572
19	580
19	589
19	599
20	336
20	345
20	352
20	359
20	364
20	370
20	374
20	379
20	383
20	387
20	391
20	395
20	399
20	404
20	408
20	413
20	418
20	422
20	427
20	431
20	436
20	440
20	445
20	449
20	454
20	459
20	464
20	469
20	474
20	479
20	484
20	489
20	494
20	499
20	504
20	509
20	515
20	520
20	526
20	532
20	538
20	544
20	550
20	557
20	564
20	571
20	579
20	587
20	596
20	607
21	342
21	352
21	361
21	369
21	376
21	383
21	389
21	395
21	402
21	409
21	416
21	423
21	429
21	435
21	441
21	447
21	453
21	460
21	466
21	473
21	480
21	487
21	494
21	501
21	508
21	516
21	524
21	532
21	541
21	550
21	560
21	571
22	347
22	358
22	368
22	377
22	386
22	395
22	405
22	416
22	427
22	437
22	447
22	457
22	467
22	477
22	486
22	495
22	505
22	515
22	525
22	536
23	340
23	351
23	361
23	371
23	381
23	392
23	439
23	450
23	460
23	470
23	479
23	488
23	496
23	504
23	513
23	522
23	532
23	542
23	555
24	329
24	339
24	348
24	357
24	365
24	373
24	381
24	390
24	400
24	412
24	424
24	434
24	443
24	452
24	460
24	468
24	475
24	482
24	489
24	495
24	501
24	507
24	513
24	519
24	526
24	533
24	541
24	549
24	558
24	569
25	320
25	329
25	336
25	343
25	349
25	355
25	361
25	367
25	373
25	380
25	387
25	394
25	402
25	411
25	420
25	429
25	437
25	444
25	450
25	456
25	461
25	466
25	471
25	475
25	480
25	484
25	488
25	492
25	496
25	500
25	504
25	508
25	512
25	516
25	520
25	525
25	529
25	534
25	539
25	545
25	551
25	557
25	565
25	573
25	583
26	319
26	328
26	334
26	340
26	345
26	350
26	355
26	360
26	365
26	370
26	375
26	380
26	386
26	392
26	398
26	405
26	412
26	420
26	427
26	433
26	438
26	442
26	447
26	451
26	454
26	458
26	461
26	464
26	468
26	471
26	474
26	477
26	480
26	483
26	486
26	489
26	492
26	495
26	498
26	501
26	504
26	507
26	510
26	513
26	516
26	519
26	523
26	526
26	530
26	534
26	538
26	542
26	547
26	551
26	557
26	562
26	568
26	575
26	583
26	593
27	328
27	337
27	344
27	350
27	356
27	362
27	367
27	373
27	378
27	384
27	389
27	395
27	401
27	407
27	414
27	420
27	425
27	431
27	434
27	439
27	442
27	445
27	449
27	452
27	454
27	458
27	460
27	463
27	466
27	468
27	471
27	474
27	476
27	479
27	482
27	484
27	487
27	490
27	492
27	495
27	498
27	500
27	504
27	506
27	509
27	513
27	515
27	519
27	522
27	526
27	529
27	533
27	537
27	541
27	545
27	549
27	554
27	559
27	565
27	571
27	578
27	586
27	596
28	337
28	345
28	352
28	359
28	364
28	370
28	374
28	379
28	384
28	389
28	394
28	399
28	404
28	409
28	414
28	419
28	424
28	429
28	433
28	438
28	442
28	446
28	450
28	454
28	458
28	462
28	465
28	469
28	473
28	476
28	480
28	484
28	488
28	492
28	496
28	500
28	505
28	509
28	514
28	518
28	523
28	527
28	532
28	537
28	542
28	547
28	552
28	558
28	564
28	570
28	577
28	585
28	594
28	605
29	338
29	347
29	354
29	360
29	365
29	370
29	374
29	379
29	383
29	387
29	391
29	395
29	399
29	403
29	407
29	411
29	416
29	420
29	425
29	429
29	434
29	438
29	443
29	447
29	452
29	457
29	462
29	467
29	472
29	477
29	483
29	488
29	494
29	500
29	506
29	513
29	519
29	525
29	531
29	536
29	542
29	547
29	553
29	558
29	564
29	570
29	577
29	584
29	592
29	601
29	612
30	339
30	349
30	356
30	362
30	367
30	372
30	376
30	381
30	384
30	389
30	392
30	397
30	400
30	405
30	409
30	414
30	418
30	423
30	428
30	433
30	438
30	443
30	448
30	454
30	459
30	465
30	471
30	477
30	483
30	489
30	496
30	503
30	510
30	518
30	525
30	532
30	539
30	545
30	551
30	557
30	563
30	569
30	575
30	582
30	589
30	597
30	606
30	616
31	339
31	349
31	357
31	364
31	370
31	375
31	380
31	385
31	390
31	394
31	399
31	404
31	409
31	415
31	421
31	427
31	434
31	441
31	448
31	456
31	464
31	472
31	480
31	488
31	496
31	504
31	512
31	520
31	528
31	535
31	542
31	548
31	553
31	559
31	564
31	569
31	575
31	580
31	586
31	592
31	599
31	607
31	616
31	627
32	347
32	358
32	368
32	377
32	385
32	393
32	402
32	411
32	421
32	435
32	472
32	483
32	492
32	500
32	507
32	514
32	520
32	526
32	531
32	536
32	541
32	546
32	550
32	555
32	559
32	563
32	568
32	572
32	577
32	582
32	587
32	593
32	599
32	606
32	614
32	623
32	634
33	346
33	357
33	367
33	377
33	387
33	397
33	470
33	480
33	488
33	493
33	499
33	503
33	508
33	512
33	515
33	519
33	522
33	525
33	529
33	531
33	535
33	537
33	541
33	543
33	546
33	549
33	552
33	555
33	558
33	561
33	565
33	567
33	571
33	575
33	578
33	583
33	587
33	592
33	597
33	603
33	609
33	616
33	624
33	634
34	341
34	352
34	362
34	372
34	382
34	393
34	467
34	476
34	482
34	488
34	492
34	496
34	500
34	503
34	506
34	510
34	512
34	514
34	518
34	520
34	522
34	525
34	527
34	530
34	532
34	534
34	536
34	539
34	541
34	543
34	545
34	548
34	550
34	552
34	555
34	557
34	559
34	562
34	565
34	567
34	570
34	573
34	576
34	579
34	583
34	586
34	590
34	595
34	599
34	605
34	610
34	616
34	623
34	631
34	641
35	338
35	348
35	357
35	366
35	375
35	384
35	394
35	405
35	458
35	468
35	476
35	483
35	489
35	494
35	499
35	504
35	509
35	513
35	517
35	521
35	524
35	528
35	531
35	535
35	538
35	541
35	544
35	547
35	550
35	553
35	556
35	559
35	563
35	566
35	570
35	574
35	578
35	582
35	587
35	592
35	597
35	603
35	609
35	616
35	624
35	634
36	331
36	341
36	349
36	357
36	365
36	373
36	381
36	389
36	398
36	408
36	457
36	467
36	475
36	482
36	488
36	494
36	499
36	504
36	509
36	514
36	519
36	523
36	528
36	532
36	536
36	540
36	543
36	547
36	550
36	554
36	557
36	561
36	564
36	568
36	571
36	576
36	579
36	584
36	588
36	594
36	599
36	605
36	611
36	618
36	626
36	636
37	327
37	335
37	342
37	348
37	354
37	360
37	366
37	372
37	378
37	385
37	392
37	400
37	409
37	419
37	431
37	446
37	457
37	466
37	474
37	482
37	489
37	496
37	503
37	510
37	517
37	524
37	531
37	538
37	543
37	549
37	553
37	558
37	563
37	567
37	572
37	577
37	582
37	588
37	594
37	601
37	608
37	616
37	625
37	636
38	323
38	331
38	338
38	343
38	348
38	353
38	358
38	363
38	367
38	372
38	377
38	382
38	387
38	393
38	399
38	406
38	414
38	423
38	432
38	442
38	451
38	459
38	466
38	473
38	479
38	485
38	492
38	499
38	506
38	513
38	520
38	527
38	534
38	540
38	546
38	551
38	555
38	560
38	564
38	568
38	572
38	577
38	581
38	586
38	591
38	597
38	603
38	609
38	616
38	624
38	633
38	645
39	329
39	338
39	344
39	350
39	355
39	360
39	365
39	370
39	375
39	380
39	386
39	391
39	397
39	404
39	411
39	419
39	428
39	437
39	446
39	453
39	460
39	465
39	471
39	476
39	482
39	487
39	493
39	499
39	505
39	512
39	519
39	527
39	535
39	542
39	549
39	555
39	561
39	567
39	573
39	579
39	585
39	592
39	599
39	607
39	616
39	626
40	332
40	341
40	348
40	354
40	360
40	365
40	370
40	375
40	380
40	385
40	391
40	397
40	403
40	410
40	417
40	425
40	433
40	441
40	449
40	455
40	461
40	466
40	471
40	476
40	481
40	486
40	491
40	496
40	502
40	508
40	515
40	522
40	530
40	538
40	546
40	554
40	562
40	570
40	577
40	585
40	593
40	602
40	612
40	625
41	331
41	340
41	346
41	352
41	356
41	361
41	365
41	370
41	374
41	378
41	383
41	387
41	392
41	397
41	402
41	408
41	414
41	420
41	427
41	434
41	441
41	448
41	454
41	460
41	466
41	472
41	478
41	484
41	491
41	498
41	506
41	515
41	525
41	536
41	547
41	558
41	568
41	578
41	588
41	600
42	332
42	341
42	349
42	354
42	360
42	364
42	369
42	373
42	377
42	382
42	386
42	391
42	396
42	401
42	406
42	412
42	418
42	425
42	432
42	439
42	446
42	452
42	458
42	464
42	470
42	476
42	482
42	488
42	495
42	503
42	511
42	520
42	530
42	541
42	551
42	561
42	570
42	579
42	588
42	597
42	607
42	618
43	332
43	341
43	349
43	355
43	361
43	365
43	370
43	375
43	380
43	385
43	390
43	395
43	401
43	407
43	413
43	420
43	427
43	434
43	441
43	447
43	453
43	458
43	464
43	469
43	475
43	481
43	488
43	495
43	503
43	512
43	522
43	533
43	545
43	557
43	568
43	578
43	588
43	598
43	608
43	619
43	631
43	644
44	333
44	342
44	349
44	354
44	360
44	364
44	369
44	373
44	378
44	382
44	387
44	391
44	396
44	401
44	407
44	413
44	419
44	426
44	432
44	438
44	443
44	448
44	452
44	456
44	460
44	464
44	468
44	473
44	477
44	482
44	487
44	492
44	498
44	504
44	511
44	519
44	528
44	537
44	547
44	558
44	569
44	579
44	588
44	597
44	606
44	615
44	625
44	635
44	647
45	339
45	349
45	356
45	362
45	367
45	372
45	376
45	381
45	385
45	390
45	394
45	399
45	404
45	409
45	415
45	421
45	427
45	433
45	439
45	444
45	449
45	453
45	458
45	462
45	466
45	470
45	475
45	479
45	484
45	489
45	494
45	500
45	506
45	513
45	521
45	530
45	540
45	550
45	561
45	572
45	582
45	592
45	602
45	612
45	622
45	634
46	356
46	365
46	372
46	379
46	385
46	391
46	397
46	404
46	411
46	418
46	425
46	432
46	438
46	444
46	450
46	456
46	462
46	468
46	475
46	482
46	490
46	499
47	366
47	375
47	383
47	391
47	399
47	407
47	415
47	423
47	430
47	436
47	442
47	447
47	452
47	457
47	463
47	468
47	474
47	480
47	487
47	495
47	505
48	367
48	376
48	383
48	390
48	397
48	404
48	411
48	418
48	425
48	431
48	437
48	443
48	449
48	455
48	461
48	468
48	476
48	485
48	495
49	367
49	377
49	385
49	393
49	401
49	409
49	417
49	424
49	430
49	436
49	442
49	448
49	454
49	460
49	467
49	474
49	482
49	492
50	362
50	372
50	381
50	389
50	396
50	403
50	410
50	417
50	422
50	427
50	432
50	436
50	441
50	445
50	449
50	454
50	458
50	463
50	468
50	473
50	479
50	485
50	492
50	500
50	510
51	367
51	377
51	385
51	392
51	398
51	404
51	410
51	415
51	420
51	424
51	429
51	433
51	437
51	441
51	445
51	449
51	454
51	458
51	463
51	468
51	474
51	480
51	487
51	495
51	505
52	369
52	380
52	389
52	397
52	404
52	410
52	416
52	421
52	426
52	431
52	436
52	441
52	446
52	451
52	456
52	462
52	468
52	475
52	483
52	492
52	504
53	367
53	377
53	386
53	394
53	402
53	409
53	416
53	422
53	428
53	434
53	440
53	446
53	452
53	458
53	464
53	471
53	478
53	486
53	496
54	371
54	381
54	390
54	398
54	406
54	414
54	422
54	429
54	436
54	443
54	450
54	458
54	466
54	476
55	389
55	400
55	410
55	420
55	430
55	440
55	452
57	381
58	353
58	363
58	372
58	380
58	388
58	396
58	405
58	415
58	425
58	435
58	445
58	454
58	463
58	473
58	483
58	494
59	353
59	362
59	370
59	376
59	382
59	387
59	393
59	398
59	404
59	410
59	417
59	424
59	431
59	438
59	444
59	450
59	456
59	462
59	468
59	474
59	481
59	488
59	495
59	503
59	511
59	520
59	530
59	542
60	353
60	362
60	370
60	375
60	381
60	385
60	390
60	394
60	399
60	404
60	409
60	414
60	419
60	425
60	430
60	436
60	441
60	446
60	451
60	456
60	461
60	466
60	471
60	477
60	482
60	488
60	494
60	500
60	507
60	515
60	523
60	532
60	542
60	554
61	347
61	356
61	364
61	371
61	377
61	383
61	389
61	395
61	401
61	407
61	413
61	419
61	426
61	433
61	440
61	447
61	454
61	462
61	470
61	478
61	487
61	496
61	506
61	517
62	340
62	349
62	355
62	361
62	365
62	370
62	374
62	379
62	383
62	388
62	392
62	397
62	402
62	407
62	412
62	418
62	423
62	429
62	435
62	441
62	447
62	453
62	459
62	465
62	472
62	479
62	487
62	496
62	506
62	516
62	527
63	339
63	348
63	353
63	358
63	362
63	365
63	369
63	372
63	375
63	378
63	381
63	384
63	387
63	390
63	393
63	396
63	399
63	402
63	406
63	408
63	412
63	415
63	419
63	422
63	426
63	429
63	433
63	436
63	440
63	443
63	447
63	450
63	454
63	458
63	462
63	466
63	470
63	475
63	479
63	485
63	490
63	496
63	502
63	509
63	516
63	524
63	532
63	541
63	550
63	559
63	569
63	580
63	595
64	337
64	346
64	353
64	359
64	363
64	368
64	371
64	374
64	378
64	381
64	383
64	386
64	389
64	391
64	394
64	397
64	399
64	402
64	405
64	407
64	410
64	413
64	416
64	418
64	422
64	424
64	427
64	430
64	433
64	436
64	439
64	442
64	445
64	448
64	452
64	455
64	459
64	463
64	467
64	471
64	476
64	480
64	485
64	490
64	496
64	502
64	509
64	516
64	524
64	533
64	543
64	554
64	566
65	333
65	342
65	350
65	357
65	363
65	369
65	374
65	379
65	383
65	388
65	392
65	396
65	400
65	404
65	408
65	412
65	416
65	420
65	424
65	428
65	432
65	436
65	440
65	445
65	449
65	454
65	458
65	463
65	468
65	473
65	479
65	485
65	491
65	498
65	506
65	514
65	523
65	533
65	543
65	554
65	565
65	576
65	588
66	336
66	343
66	350
66	356
66	362
66	367
66	373
66	378
66	384
66	389
66	395
66	401
66	407
66	413
66	419
66	425
66	431
66	436
66	442
66	447
66	452
66	456
66	461
66	465
66	470
66	474
66	479
66	483
66	488
66	493
66	498
66	503
66	509
66	515
66	521
66	527
66	533
66	540
66	546
66	553
66	559
66	565
66	571
66	577
66	584
66	591
66	598
66	606
66	615
66	625
67	338
67	346
67	352
67	358
67	363
67	368
67	373
67	378
67	383
67	387
67	392
67	396
67	401
67	406
67	411
67	416
67	421
67	425
67	430
67	433
67	437
67	441
67	444
67	448
67	451
67	453
67	457
67	459
67	462
67	465
67	467
67	470
67	473
67	475
67	478
67	481
67	483
67	486
67	489
67	492
67	495
67	498
67	501
67	504
67	507
67	510
67	514
67	517
67	521
67	525
67	528
67	532
67	536
67	540
67	544
67	548
67	552
67	556
67	560
67	564
67	568
67	573
67	577
67	582
67	586
67	591
67	596
67	601
67	607
67	613
67	620
67	628
67	638
68	347
68	357
68	365
68	373
68	380
68	386
68	392
68	397
68	402
68	407
68	412
68	416
68	421
68	424
68	429
68	432
68	436
68	440
68	443
68	446
68	450
68	452
68	455
68	458
68	461
68	463
68	466
68	469
68	471
68	474
68	476
68	479
68	481
68	484
68	487
68	489
68	492
68	495
68	498
68	501
68	504
68	507
68	510
68	514
68	517
68	521
68	525
68	529
68	533
68	537
68	542
68	547
68	552
68	557
68	563
68	568
68	574
68	580
68	587
68	594
68	602
68	611
68	623
69	349
69	360
69	371
69	381
69	390
69	398
69	405
69	412
69	419
69	425
69	432
69	438
69	445
69	452
69	459
69	466
69	473
69	480
69	487
69	494
69	502
69	510
69	518
69	526
69	534
69	542
69	550
69	558
69	567
69	576
69	585
69	595
69	606
70	343
70	353
70	362
70	370
70	378
70	386
70	394
70	403
70	412
70	421
70	430
70	439
70	447
70	455
70	463
70	471
70	479
70	486
70	493
70	500
70	507
70	513
70	519
70	525
70	531
70	536
70	542
70	547
70	552
70	557
70	562
70	567
70	572
70	577
70	582
70	587
70	592
70	597
70	603
70	609
70	616
70	624
70	633
70	644
71	349
71	359
71	367
71	374
71	381
71	387
71	393
71	399
71	406
71	412
71	419
71	425
71	431
71	437
71	443
71	449
71	454
71	459
71	464
71	469
71	473
71	478
71	482
71	487
71	491
71	495
71	499
71	503
71	507
71	511
71	514
71	518
71	521
71	525
71	528
71	531
71	535
71	538
71	541
71	544
71	547
71	550
71	553
71	556
71	559
71	562
71	565
71	568
71	571
71	574
71	577
71	580
71	583
71	586
71	589
71	592
71	595
71	598
71	602
71	605
71	609
71	613
71	617
71	622
71	627
71	632
71	638
71	645
71	653
71	664
72	370
72	380
72	389
72	397
72	405
72	413
72	420
72	427
72	434
72	441
72	447
72	453
72	459
72	465
72	470
72	475
72	480
72	485
72	490
72	494
72	499
72	503
72	507
72	511
72	515
72	519
72	523
72	526
72	530
72	533
72	537
72	540
72	544
72	547
72	551
72	554
72	558
72	561
72	564
72	568
72	571
72	575
72	578
72	582
72	585
72	589
72	593
72	597
72	601
72	606
72	610
72	616
72	621
72	627
72	634
72	642
72	653
74	349
74	360
74	370
74	381
74	393
74	592
75	341
75	351
75	359
75	366
75	373
75	380
75	387
75	394
75	401
75	408
75	416
75	424
75	432
75	440
75	448
75	456
75	463
75	470
75	477
75	484
75	491
75	498
75	505
75	512
75	519
75	526
75	533
75	540
75	547
75	554
75	561
75	568
75	575
75	582
75	588
75	594
75	600
75	606
75	613
75	620
75	627
75	636
75	646
76	351
76	361
76	370
76	378
76	386
76	394
76	402
76	410
76	418
76	426
76	434
76	442
76	450
76	457
76	464
76	471
76	478
76	485
76	492
76	499
76	506
76	513
76	520
76	527
76	534
76	541
76	548
76	555
76	562
76	569
76	576
76	583
76	590
76	597
76	604
76	611
76	618
76	626
76	635
76	646
-1	-1
