-1	-1
7	248
7	259
7	270
7	280
7	290
7	300
7	310
7	321
7	333
8	238
8	248
8	257
8	265
8	273
8	281
8	289
8	296
8	303
8	310
8	317
8	324
8	332
8	340
8	349
8	359
8	370
8	383
9	219
9	229
9	238
9	246
9	253
9	260
9	267
9	273
9	279
9	285
9	291
9	297
9	303
9	309
9	315
9	321
9	327
9	333
9	340
9	347
9	355
9	363
9	372
9	381
9	391
9	402
9	415
10	219
10	230
10	239
10	247
10	254
10	260
10	266
10	272
10	277
10	283
10	288
10	293
10	298
10	303
10	308
10	313
10	318
10	324
10	329
10	335
10	341
10	348
10	355
10	363
10	371
10	380
10	390
10	400
10	411
11	209
11	219
11	227
11	234
11	241
11	247
11	253
11	259
11	264
11	270
11	275
11	281
11	286
11	291
11	296
11	301
11	306
11	311
11	317
11	323
11	329
11	336
11	343
11	351
11	359
11	368
11	378
11	389
11	400
11	413
12	209
12	219
12	227
12	234
12	241
12	247
12	253
12	259
12	264
12	270
12	275
12	281
12	287
12	293
12	299
12	305
12	311
12	318
12	325
12	332
12	340
12	349
12	359
12	373
13	209
13	219
13	227
13	234
13	241
13	248
13	254
13	260
13	266
13	272
13	278
13	285
13	292
13	299
13	306
13	314
13	322
13	330
13	339
13	349
14	218
14	228
14	238
14	247
14	255
14	263
14	271
14	280
14	289
14	298
14	307
14	317
14	328
15	236
15	247
15	257
15	267
15	277
15	287
15	297
15	307
15	318
17	262
17	274
17	285
17	295
17	305
17	315
17	325
17	335
17	345
17	356
17	367
17	378
17	390
17	404
18	241
18	251
18	260
18	268
18	276
18	283
18	290
18	297
18	304
18	311
18	318
18	325
18	332
18	340
18	348
18	356
18	365
18	374
18	383
18	392
18	402
18	412
18	422
18	432
18	445
19	231
19	241
19	250
19	258
19	264
19	270
19	276
19	281
19	286
19	291
19	296
19	301
19	306
19	311
19	316
19	321
19	326
19	331
19	337
19	342
19	348
19	354
19	360
19	366
19	372
19	378
19	384
19	390
19	396
19	402
19	408
19	415
19	422
19	430
19	438
19	447
20	226
20	236
20	243
20	250
20	256
20	261
20	266
20	271
20	275
20	280
20	284
20	288
20	292
20	296
20	300
20	304
20	308
20	312
20	316
20	320
20	324
20	328
20	333
20	337
20	342
20	346
20	351
20	356
20	360
20	365
20	369
20	374
20	378
20	383
20	387
20	392
20	397
20	402
20	407
20	413
20	419
20	426
20	433
20	441
20	451
21	217
21	227
21	235
21	242
21	248
21	253
21	258
21	263
21	267
21	272
21	276
21	281
21	284
21	289
21	292
21	296
21	300
21	304
21	308
21	312
21	316
21	320
21	324
21	328
21	332
21	336
21	340
21	344
21	348
21	352
21	356
21	360
21	364
21	368
21	372
21	376
21	380
21	385
21	389
21	394
21	398
21	403
21	408
21	414
21	420
21	427
21	435
21	444
21	455
22	208
22	217
22	225
22	232
22	238
22	244
22	250
22	255
22	260
22	265
22	270
22	274
22	279
22	283
22	287
22	291
22	294
22	298
22	301
22	304
22	308
22	311
22	314
22	317
22	320
22	323
22	326
22	329
22	332
22	335
22	338
22	341
22	344
22	347
22	350
22	354
22	357
22	360
22	364
22	367
22	371
22	375
22	378
22	383
22	386
22	391
22	395
22	399
22	404
22	409
22	414
22	420
22	426
22	433
22	441
22	450
23	203
23	212
23	220
23	226
23	232
23	238
23	243
23	249
23	254
23	259
23	264
23	269
23	273
23	278
23	282
23	285
23	289
23	292
23	295
23	298
23	301
23	303
23	307
23	309
23	312
23	314
23	317
23	320
23	322
23	325
23	327
23	330
23	333
23	335
23	338
23	341
23	343
23	346
23	349
23	352
23	355
23	358
23	361
23	364
23	367
23	371
23	374
23	378
23	381
23	385
23	389
23	393
23	397
23	401
23	406
23	410
23	415
23	420
23	426
23	432
23	439
23	447
23	456
24	202
24	211
24	219
24	225
24	231
24	237
24	243
24	248
24	253
24	258
24	263
24	268
24	272
24	276
24	280
24	283
24	287
24	290
24	293
24	297
24	300
24	303
24	306
24	309
24	312
24	315
24	318
24	322
24	325
24	328
24	332
24	335
24	339
24	343
24	347
24	351
24	356
24	360
24	365
24	370
24	376
24	381
24	387
24	393
24	399
24	405
24	411
24	417
24	424
24	431
24	439
24	448
25	208
25	218
25	226
25	233
25	240
25	245
25	251
25	256
25	261
25	265
25	270
25	273
25	278
25	281
25	285
25	289
25	292
25	296
25	300
25	303
25	307
25	311
25	315
25	319
25	323
25	327
25	332
25	337
25	342
25	347
25	353
25	359
25	366
25	374
25	382
25	390
25	398
25	405
25	412
25	419
25	427
25	435
25	444
25	455
26	217
26	226
26	233
26	240
26	245
26	250
26	254
26	259
26	263
26	267
26	271
26	275
26	279
26	283
26	287
26	291
26	295
26	299
26	304
26	308
26	313
26	318
26	323
26	329
26	335
26	342
26	349
26	357
26	366
26	377
26	388
26	398
26	407
26	415
26	424
26	433
26	443
27	211
27	220
27	228
27	233
27	239
27	243
27	248
27	252
27	256
27	260
27	264
27	268
27	272
27	276
27	280
27	285
27	289
27	294
27	299
27	304
27	309
27	315
27	321
27	328
27	336
27	345
27	355
27	408
27	420
28	209
28	219
28	226
28	232
28	236
28	241
28	245
28	249
28	253
28	257
28	261
28	266
28	270
28	275
28	279
28	284
28	289
28	295
28	301
28	307
28	314
28	322
28	331
28	341
29	208
29	216
29	222
29	228
29	233
29	238
29	243
29	247
29	252
29	256
29	261
29	266
29	271
29	277
29	283
29	289
29	296
29	303
29	311
29	320
29	330
30	202
30	211
30	218
30	223
30	228
30	233
30	237
30	242
30	246
30	251
30	255
30	260
30	265
30	270
30	276
30	282
30	288
30	295
30	303
30	312
30	323
31	201
31	210
31	215
31	221
31	225
31	230
31	234
31	239
31	244
31	248
31	253
31	258
31	264
31	270
31	276
31	283
31	291
31	300
31	310
32	201
32	210
32	216
32	222
32	227
32	232
32	237
32	242
32	247
32	252
32	258
32	264
32	271
32	278
32	286
32	296
33	200
33	209
33	216
33	223
33	229
33	235
33	241
33	248
33	255
33	262
33	270
33	279
33	290
34	202
34	211
34	219
34	226
34	233
34	241
34	249
34	258
34	268
35	211
35	222
35	232
35	242
35	253
39	222
39	235
58	238
58	249
58	260
58	272
59	249
59	261
59	273
61	232
61	243
61	254
61	265
61	276
62	219
62	229
62	237
62	244
62	251
62	258
62	265
62	272
62	279
62	287
62	295
62	304
62	315
63	218
63	227
63	233
63	239
63	244
63	249
63	253
63	258
63	262
63	267
63	271
63	276
63	280
63	285
63	290
63	295
63	301
63	307
63	314
63	321
63	329
63	338
63	349
64	228
64	237
64	244
64	251
64	256
64	262
64	266
64	271
64	276
64	281
64	286
64	291
64	296
64	302
64	308
64	315
64	322
64	330
64	339
64	349
65	258
65	269
65	279
65	289
65	299
65	310
65	324
66	227
66	238
66	248
66	258
66	268
66	278
66	287
66	296
66	305
66	314
66	324
66	334
66	345
67	211
67	220
67	228
67	234
67	240
67	246
67	251
67	256
67	261
67	266
67	271
67	276
67	281
67	286
67	291
67	296
67	301
67	306
67	311
67	316
67	321
67	326
67	332
67	337
67	343
67	349
67	356
67	363
67	370
67	378
67	387
68	208
68	216
68	222
68	226
68	231
68	234
68	238
68	242
68	244
68	248
68	251
68	254
68	257
68	260
68	263
68	266
68	269
68	272
68	275
68	278
68	281
68	283
68	287
68	289
68	292
68	295
68	297
68	300
68	303
68	305
68	308
68	311
68	314
68	316
68	319
68	322
68	325
68	328
68	331
68	334
68	337
68	340
68	344
68	347
68	351
68	354
68	358
68	362
68	366
68	370
68	375
68	379
68	385
68	390
68	396
68	403
68	411
68	421
69	208
69	216
69	222
69	226
69	231
69	233
69	237
69	241
69	242
69	246
69	249
69	251
69	253
69	256
69	258
69	261
69	262
69	265
69	267
69	269
69	272
69	273
69	275
69	278
69	280
69	281
69	284
69	286
69	288
69	290
69	292
69	294
69	296
69	298
69	300
69	302
69	304
69	306
69	308
69	310
69	313
69	315
69	317
69	319
69	322
69	324
69	326
69	329
69	331
69	334
69	336
69	339
69	342
69	345
69	348
69	351
69	354
69	357
69	361
69	364
69	368
69	372
69	376
69	381
69	386
69	391
69	397
69	404
69	412
69	422
70	220
70	230
70	238
70	244
70	250
70	254
70	259
70	263
70	267
70	271
70	274
70	278
70	281
70	284
70	287
70	290
70	294
70	296
70	300
70	304
70	307
70	311
70	315
70	319
70	324
70	328
70	334
70	339
70	345
70	352
70	359
70	367
70	377
72	220
72	232
72	244
72	256
72	356
72	368
73	161
73	172
73	183
73	193
73	202
73	210
73	217
73	223
73	229
73	235
73	241
73	247
73	253
73	259
73	265
73	271
73	277
73	283
73	290
73	296
73	303
73	309
73	315
73	321
73	327
73	334
73	340
73	347
73	353
73	359
73	365
73	371
73	377
73	383
73	390
73	397
73	406
73	416
74	157
74	166
74	174
74	182
74	190
74	197
74	203
74	209
74	214
74	219
74	223
74	228
74	232
74	236
74	240
74	244
74	248
74	252
74	256
74	260
74	264
74	268
74	272
74	276
74	280
74	284
74	288
74	292
74	296
74	300
74	304
74	308
74	312
74	316
74	320
74	324
74	328
74	332
74	336
74	340
74	344
74	348
74	352
74	356
74	360
74	364
74	368
74	372
74	376
74	380
74	384
74	388
74	393
74	398
74	404
74	410
74	417
74	425
74	435
75	173
75	184
75	194
75	203
75	211
75	218
75	224
75	230
75	236
75	241
75	246
75	251
75	256
75	261
75	266
75	271
75	276
75	281
75	286
75	291
75	296
75	301
75	306
75	311
75	316
75	321
75	327
75	332
75	338
75	344
75	350
75	356
75	362
75	368
75	374
75	380
75	386
75	393
75	400
75	408
75	418
-1	-1
