-1	-1
0	228
0	238
0	244
0	250
0	255
0	260
0	264
0	269
0	273
0	277
0	282
0	286
0	291
0	295
0	300
0	304
0	309
0	314
0	319
0	324
0	329
0	334
0	339
0	345
0	350
0	356
0	362
0	368
0	374
0	380
0	387
0	394
0	401
0	408
0	416
0	424
0	433
0	442
0	452
0	465
1	240
1	250
1	258
1	265
1	272
1	279
1	286
1	293
1	300
1	308
1	316
1	324
1	333
1	342
1	352
1	362
1	373
2	248
2	258
2	267
2	276
2	285
2	294
2	303
2	313
2	323
2	334
2	346
3	261
3	272
3	283
3	294
3	307
5	292
5	306
6	278
6	290
6	301
6	312
6	323
6	333
6	343
6	353
6	363
6	373
6	383
6	393
6	403
6	413
6	422
6	431
6	440
6	449
6	458
6	468
6	478
6	489
7	261
7	272
7	282
7	292
7	301
7	310
7	319
7	327
7	335
7	343
7	351
7	359
7	367
7	374
7	381
7	388
7	395
7	402
7	409
7	415
7	422
7	428
7	435
7	441
7	448
7	455
7	462
7	469
7	476
7	484
7	492
7	501
7	511
8	256
8	266
8	275
8	284
8	292
8	299
8	306
8	313
8	320
8	326
8	332
8	338
8	344
8	350
8	356
8	362
8	368
8	373
8	379
8	384
8	390
8	395
8	401
8	406
8	412
8	417
8	422
8	427
8	432
8	438
8	443
8	449
8	455
8	461
8	467
8	474
8	481
8	488
8	496
8	505
8	515
9	248
9	258
9	266
9	273
9	280
9	286
9	292
9	297
9	302
9	307
9	312
9	316
9	321
9	325
9	330
9	334
9	338
9	342
9	346
9	350
9	354
9	358
9	362
9	366
9	370
9	374
9	378
9	382
9	386
9	390
9	394
9	398
9	403
9	407
9	411
9	416
9	420
9	425
9	429
9	434
9	438
9	443
9	448
9	453
9	458
9	463
9	469
9	475
9	481
9	487
9	494
9	501
9	509
9	518
9	528
10	247
10	257
10	265
10	272
10	278
10	283
10	288
10	292
10	297
10	301
10	305
10	309
10	312
10	316
10	320
10	323
10	327
10	330
10	334
10	337
10	341
10	344
10	348
10	351
10	355
10	358
10	362
10	365
10	369
10	372
10	376
10	379
10	383
10	387
10	390
10	394
10	398
10	402
10	406
10	410
10	414
10	418
10	422
10	426
10	430
10	434
10	438
10	442
10	446
10	450
10	455
10	459
10	464
10	468
10	473
10	478
10	483
10	488
10	494
10	500
10	506
10	513
10	521
10	529
10	539
11	247
11	257
11	265
11	272
11	277
11	282
11	287
11	291
11	295
11	300
11	303
11	308
11	311
11	315
11	319
11	323
11	327
11	331
11	335
11	339
11	343
11	347
11	351
11	355
11	359
11	363
11	368
11	372
11	377
11	381
11	386
11	390
11	395
11	399
11	404
11	409
11	413
11	418
11	422
11	427
11	431
11	436
11	440
11	445
11	449
11	454
11	458
11	463
11	467
11	472
11	477
11	482
11	487
11	492
11	498
11	504
11	510
11	517
11	524
11	532
11	541
11	552
12	249
12	259
12	268
12	275
12	282
12	288
12	294
12	300
12	305
12	310
12	315
12	320
12	325
12	330
12	335
12	340
12	345
12	350
12	355
12	360
12	365
12	370
12	376
12	381
12	387
12	393
12	399
12	405
12	410
12	416
12	421
12	427
12	432
12	438
12	443
12	449
12	454
12	460
12	465
12	471
12	477
12	483
12	489
12	495
12	501
12	508
12	515
12	523
12	531
12	541
12	553
13	256
13	267
13	276
13	284
13	292
13	300
13	307
13	314
13	321
13	328
13	334
13	340
13	346
13	352
13	358
13	364
13	370
13	376
13	382
13	388
13	395
13	401
13	407
13	413
13	419
13	425
13	431
13	438
13	445
13	452
13	459
13	466
13	473
13	480
13	488
13	496
13	504
13	513
13	522
13	532
13	544
14	250
14	261
14	271
14	280
14	289
14	297
14	305
14	312
14	319
14	326
14	333
14	339
14	345
14	351
14	357
14	363
14	369
14	375
14	381
14	387
14	393
14	399
14	405
14	411
14	417
14	423
14	429
14	435
14	441
14	447
14	453
14	459
14	466
14	473
14	480
14	487
14	494
14	502
14	510
14	518
14	527
14	536
14	547
15	247
15	257
15	266
15	274
15	282
15	290
15	297
15	304
15	310
15	316
15	322
15	327
15	332
15	337
15	342
15	347
15	352
15	356
15	361
15	366
15	370
15	375
15	379
15	384
15	388
15	393
15	397
15	402
15	406
15	411
15	415
15	419
15	424
15	428
15	432
15	437
15	441
15	446
15	450
15	455
15	459
15	464
15	469
15	474
15	479
15	484
15	489
15	495
15	501
15	507
15	513
15	519
15	526
15	533
15	541
15	550
15	560
16	243
16	253
16	262
16	270
16	278
16	285
16	292
16	299
16	305
16	311
16	316
16	321
16	325
16	330
16	334
16	338
16	342
16	346
16	350
16	354
16	358
16	362
16	366
16	370
16	374
16	378
16	382
16	385
16	389
16	393
16	396
16	400
16	403
16	407
16	410
16	414
16	417
16	421
16	424
16	428
16	431
16	435
16	438
16	442
16	445
16	449
16	452
16	456
16	459
16	463
16	466
16	470
16	474
16	478
16	482
16	486
16	490
16	495
16	499
16	504
16	508
16	513
16	518
16	523
16	528
16	534
16	540
16	547
16	555
16	564
16	575
17	242
17	252
17	261
17	269
17	276
17	283
17	290
17	296
17	301
17	306
17	311
17	315
17	319
17	323
17	327
17	331
17	334
17	338
17	341
17	344
17	348
17	351
17	354
17	358
17	361
17	365
17	368
17	372
17	375
17	379
17	382
17	386
17	389
17	393
17	396
17	400
17	403
17	407
17	410
17	413
17	417
17	420
17	423
17	427
17	430
17	433
17	436
17	440
17	442
17	446
17	449
17	452
17	456
17	459
17	462
17	466
17	469
17	473
17	476
17	480
17	483
17	487
17	491
17	495
17	499
17	503
17	507
17	511
17	515
17	519
17	524
17	528
17	533
17	538
17	544
17	550
17	557
17	565
17	574
17	585
18	239
18	249
18	257
18	264
18	271
18	277
18	283
18	289
18	294
18	299
18	303
18	308
18	311
18	315
18	319
18	322
18	326
18	329
18	333
18	336
18	340
18	343
18	347
18	350
18	354
18	358
18	361
18	365
18	369
18	373
18	377
18	381
18	385
18	389
18	393
18	397
18	401
18	405
18	409
18	412
18	416
18	420
18	423
18	427
18	430
18	433
18	437
18	440
18	443
18	446
18	449
18	453
18	456
18	459
18	463
18	466
18	469
18	473
18	476
18	480
18	483
18	487
18	490
18	494
18	498
18	501
18	505
18	509
18	513
18	517
18	521
18	525
18	529
18	534
18	538
18	543
18	548
18	554
18	560
18	567
18	575
18	584
18	595
19	241
19	251
19	259
19	266
19	272
19	278
19	283
19	288
19	292
19	296
19	301
19	304
19	308
19	312
19	316
19	320
19	324
19	328
19	332
19	336
19	340
19	344
19	348
19	353
19	357
19	362
19	366
19	371
19	376
19	381
19	386
19	391
19	396
19	401
19	405
19	410
19	414
19	419
19	423
19	427
19	431
19	435
19	439
19	443
19	447
19	451
19	455
19	459
19	463
19	467
19	472
19	476
19	481
19	485
19	490
19	494
19	499
19	503
19	508
19	512
19	517
19	521
19	526
19	531
19	536
19	541
19	546
19	552
19	558
19	565
19	573
19	582
19	593
20	240
20	250
20	259
20	266
20	272
20	278
20	283
20	288
20	292
20	297
20	301
20	305
20	309
20	314
20	318
20	323
20	327
20	332
20	337
20	342
20	347
20	353
20	359
20	365
20	371
20	377
20	383
20	389
20	395
20	401
20	407
20	413
20	419
20	424
20	430
20	435
20	440
20	445
20	450
20	455
20	460
20	465
20	470
20	475
20	481
20	486
20	492
20	497
20	503
20	509
20	515
20	521
20	527
20	533
20	540
20	547
20	554
20	562
20	571
20	581
21	246
21	256
21	264
21	271
21	277
21	282
21	287
21	292
21	297
21	302
21	306
21	311
21	316
21	321
21	326
21	331
21	336
21	342
21	348
21	354
21	360
21	366
21	372
21	378
21	384
21	390
21	396
21	402
21	408
21	414
21	420
21	425
21	431
21	436
21	442
21	447
21	452
21	457
21	462
21	467
21	472
21	478
21	483
21	489
21	495
21	501
21	507
21	514
21	521
21	528
21	536
21	544
21	553
21	562
21	573
22	246
22	256
22	264
22	271
22	277
22	283
22	288
22	293
22	298
22	303
22	308
22	313
22	318
22	323
22	328
22	334
22	339
22	345
22	350
22	356
22	361
22	366
22	371
22	376
22	381
22	386
22	391
22	396
22	401
22	405
22	410
22	414
22	419
22	423
22	427
22	432
22	436
22	440
22	444
22	448
22	452
22	456
22	460
22	464
22	468
22	472
22	476
22	480
22	485
22	489
22	494
22	499
22	504
22	509
22	515
22	521
22	527
22	534
22	541
22	549
22	558
22	568
23	242
23	252
23	261
23	269
23	276
23	282
23	288
23	294
23	300
23	305
23	311
23	316
23	322
23	328
23	334
23	340
23	346
23	351
23	356
23	361
23	365
23	369
23	373
23	377
23	381
23	384
23	388
23	391
23	395
23	398
23	401
23	405
23	408
23	411
23	414
23	417
23	420
23	423
23	425
23	429
23	431
23	434
23	437
23	440
23	442
23	445
23	448
23	451
23	453
23	456
23	459
23	462
23	464
23	467
23	470
23	473
23	475
23	479
23	481
23	485
23	487
23	491
23	494
23	497
23	501
23	504
23	508
23	512
23	516
23	520
23	525
23	529
23	534
23	539
23	545
23	551
23	558
23	566
23	575
23	586
24	249
24	259
24	268
24	276
24	283
24	290
24	296
24	302
24	307
24	312
24	317
24	322
24	327
24	332
24	337
24	341
24	346
24	350
24	354
24	358
24	362
24	365
24	369
24	372
24	374
24	378
24	381
24	383
24	386
24	389
24	391
24	394
24	396
24	399
24	401
24	404
24	406
24	409
24	411
24	414
24	416
24	419
24	421
24	423
24	426
24	428
24	430
24	433
24	435
24	437
24	440
24	442
24	444
24	446
24	449
24	451
24	453
24	456
24	458
24	460
24	463
24	465
24	468
24	470
24	473
24	475
24	478
24	480
24	484
24	486
24	489
24	492
24	495
24	498
24	501
24	505
24	508
24	511
24	515
24	518
24	522
24	526
24	530
24	534
24	538
24	543
24	548
24	553
24	559
24	566
24	574
24	583
24	594
25	263
25	273
25	281
25	288
25	294
25	300
25	305
25	310
25	314
25	319
25	323
25	327
25	331
25	335
25	339
25	343
25	346
25	350
25	353
25	357
25	360
25	363
25	367
25	370
25	373
25	376
25	379
25	382
25	384
25	388
25	390
25	393
25	396
25	398
25	401
25	404
25	406
25	409
25	412
25	414
25	417
25	420
25	422
25	425
25	428
25	430
25	433
25	436
25	438
25	441
25	443
25	446
25	449
25	451
25	454
25	457
25	459
25	462
25	465
25	467
25	470
25	473
25	476
25	479
25	482
25	485
25	488
25	492
25	495
25	499
25	502
25	506
25	510
25	514
25	518
25	522
25	526
25	530
25	535
25	539
25	544
25	549
25	555
25	561
25	568
25	576
25	585
25	596
26	262
26	272
26	280
26	286
26	291
26	295
26	300
26	303
26	307
26	311
26	314
26	318
26	321
26	325
26	328
26	332
26	335
26	339
26	342
26	345
26	349
26	352
26	355
26	358
26	361
26	364
26	367
26	370
26	373
26	376
26	379
26	382
26	385
26	388
26	392
26	395
26	398
26	402
26	405
26	409
26	412
26	416
26	419
26	423
26	427
26	430
26	435
26	438
26	443
26	447
26	451
26	456
26	460
26	465
26	470
26	475
26	480
26	486
26	492
26	498
26	505
26	512
26	519
26	526
26	533
26	541
26	549
26	558
26	568
27	261
27	271
27	279
27	284
27	290
27	293
27	298
27	301
27	305
27	308
27	312
27	315
27	319
27	322
27	326
27	329
27	333
27	336
27	340
27	344
27	348
27	352
27	356
27	360
27	364
27	368
27	372
27	376
27	380
27	385
27	389
27	394
27	398
27	403
27	408
27	413
27	418
27	424
27	430
27	436
27	442
27	448
27	455
27	462
27	470
27	478
27	487
27	497
27	508
27	520
27	535
28	257
28	267
28	276
28	283
28	290
28	296
28	302
28	308
28	314
28	320
28	326
28	332
28	338
28	344
28	350
28	356
28	362
28	368
28	374
28	380
28	387
28	394
28	401
28	408
28	416
28	424
28	432
28	441
28	450
28	460
28	472
29	252
29	262
29	271
29	279
29	286
29	292
29	298
29	304
29	310
29	317
29	324
29	331
29	339
29	347
29	355
29	363
29	371
29	379
29	387
29	395
29	403
29	412
29	421
29	431
29	442
30	252
30	262
30	270
30	277
30	283
30	289
30	295
30	301
30	307
30	314
30	321
30	329
30	337
30	346
30	355
30	365
30	375
30	385
30	395
30	405
30	416
31	249
31	259
31	267
31	274
31	281
31	287
31	293
31	300
31	307
31	315
31	323
31	332
31	341
31	351
31	361
31	371
31	381
31	391
31	401
31	412
31	424
32	247
32	256
32	264
32	271
32	278
32	284
32	290
32	296
32	302
32	309
32	316
32	324
32	332
32	341
32	351
32	361
32	371
32	381
32	391
32	401
32	411
32	422
32	434
33	247
33	257
33	265
33	272
33	279
33	285
33	291
33	298
33	305
33	312
33	320
33	328
33	337
33	346
33	356
33	366
33	377
33	388
33	399
33	411
33	424
34	247
34	257
34	266
34	274
34	282
34	290
34	298
34	307
34	317
34	328
34	339
34	350
34	360
34	370
34	380
34	390
34	400
34	410
34	421
35	241
35	252
35	261
35	270
35	278
35	286
35	294
35	302
35	311
35	320
35	330
35	342
35	356
35	368
35	379
35	389
35	399
35	409
35	419
35	430
36	247
36	257
36	266
36	274
36	282
36	290
36	297
36	305
36	313
36	322
36	332
36	342
36	353
36	365
36	389
36	401
36	413
36	425
37	256
37	267
37	277
37	286
37	295
37	305
37	316
37	328
37	340
37	351
37	362
37	373
37	384
37	396
38	280
38	292
38	369
38	381
38	392
38	403
38	414
39	292
59	382
59	396
60	379
60	391
60	402
60	413
60	424
60	435
60	447
63	308
63	319
63	330
63	340
63	350
63	360
63	370
63	381
63	392
63	404
64	289
64	299
64	307
64	314
64	321
64	327
64	333
64	339
64	345
64	351
64	357
64	363
64	369
64	375
64	381
64	387
64	394
64	401
64	408
64	415
64	423
64	431
64	440
64	449
64	459
65	281
65	290
65	297
65	302
65	307
65	312
65	315
65	320
65	323
65	327
65	331
65	334
65	338
65	341
65	345
65	348
65	352
65	355
65	359
65	362
65	366
65	369
65	373
65	376
65	380
65	383
65	387
65	390
65	394
65	398
65	401
65	405
65	409
65	413
65	417
65	421
65	426
65	430
65	435
65	440
65	445
65	450
65	456
65	462
65	468
65	475
65	483
65	492
65	502
65	514
66	279
66	288
66	294
66	300
66	304
66	309
66	313
66	317
66	321
66	324
66	328
66	331
66	334
66	337
66	341
66	343
66	346
66	349
66	352
66	354
66	357
66	360
66	362
66	365
66	367
66	370
66	372
66	375
66	377
66	380
66	382
66	384
66	387
66	389
66	392
66	394
66	396
66	399
66	401
66	404
66	406
66	409
66	411
66	414
66	416
66	419
66	421
66	424
66	427
66	429
66	432
66	435
66	438
66	440
66	444
66	446
66	450
66	453
66	456
66	460
66	463
66	467
66	471
66	475
66	479
66	484
66	488
66	493
66	498
66	504
66	510
66	517
66	524
66	532
66	542
67	288
67	298
67	308
67	317
67	325
67	332
67	338
67	343
67	349
67	353
67	358
67	362
67	366
67	370
67	373
67	377
67	380
67	383
67	386
67	389
67	392
67	394
67	398
67	400
67	403
67	405
67	408
67	411
67	413
67	415
67	418
67	420
67	423
67	425
67	427
67	430
67	432
67	434
67	437
67	439
67	441
67	444
67	446
67	448
67	451
67	453
67	456
67	458
67	461
67	463
67	466
67	468
67	471
67	474
67	476
67	479
67	482
67	485
67	488
67	491
67	495
67	497
67	501
67	505
67	508
67	513
67	516
67	521
67	526
67	531
67	537
67	544
67	552
67	561
68	379
68	390
68	399
68	407
68	414
68	420
68	425
68	431
68	435
68	440
68	443
68	448
68	451
68	455
68	458
68	462
68	465
68	468
68	472
68	475
68	478
68	482
68	485
68	488
68	492
68	495
68	499
68	502
68	506
68	510
68	514
68	518
68	523
68	528
68	534
68	540
68	547
68	556
69	459
69	470
69	481
69	491
69	502
70	291
70	301
70	310
70	319
70	328
70	336
70	345
70	354
70	363
70	372
70	382
70	392
70	403
70	415
71	277
71	286
71	293
71	299
71	304
71	309
71	314
71	318
71	323
71	327
71	332
71	336
71	341
71	345
71	350
71	354
71	359
71	363
71	368
71	373
71	378
71	383
71	388
71	393
71	398
71	404
71	410
71	416
71	422
71	429
71	436
71	444
71	452
71	461
71	471
71	481
71	493
72	267
72	275
72	282
72	286
72	291
72	294
72	298
72	302
72	304
72	308
72	311
72	313
72	316
72	319
72	321
72	324
72	326
72	329
72	331
72	334
72	336
72	339
72	341
72	343
72	346
72	348
72	351
72	353
72	355
72	358
72	360
72	363
72	365
72	368
72	370
72	373
72	375
72	378
72	380
72	383
72	385
72	388
72	390
72	393
72	396
72	398
72	401
72	404
72	407
72	410
72	413
72	416
72	419
72	422
72	426
72	428
72	432
72	436
72	439
72	443
72	447
72	451
72	455
72	459
72	464
72	468
72	473
72	478
72	484
72	489
72	495
72	501
72	507
72	514
72	521
72	529
72	539
73	263
73	271
73	277
73	282
73	286
73	291
73	292
73	297
73	299
73	302
73	305
73	307
73	310
73	312
73	314
73	317
73	319
73	321
73	323
73	326
73	327
73	330
73	332
73	334
73	336
73	338
73	340
73	342
73	344
73	346
73	348
73	350
73	352
73	354
73	356
73	358
73	360
73	362
73	364
73	366
73	368
73	370
73	372
73	374
73	376
73	378
73	380
73	382
73	384
73	386
73	388
73	390
73	392
73	394
73	396
73	398
73	400
73	402
73	404
73	406
73	408
73	410
73	412
73	414
73	416
73	418
73	420
73	423
73	425
73	427
73	429
73	432
73	434
73	436
73	439
73	441
73	444
73	446
73	448
73	451
73	454
73	456
73	459
73	462
73	464
73	467
73	470
73	473
73	476
73	479
73	482
73	485
73	488
73	492
73	495
73	498
73	502
73	505
73	509
73	513
73	517
73	521
73	526
73	531
73	536
73	542
73	549
73	557
73	567
74	270
74	279
74	286
74	292
74	298
74	303
74	308
74	313
74	318
74	323
74	328
74	332
74	337
74	341
74	345
74	349
74	353
74	357
74	361
74	365
74	369
74	373
74	376
74	380
74	383
74	387
74	390
74	394
74	397
74	401
74	404
74	408
74	411
74	414
74	418
74	421
74	424
74	427
74	431
74	433
74	437
74	440
74	443
74	446
74	449
74	452
74	455
74	458
74	461
74	464
74	467
74	470
74	474
74	476
74	480
74	483
74	486
74	490
74	493
74	497
74	500
74	504
74	507
74	511
74	515
74	519
74	524
74	528
74	534
74	539
74	546
74	553
74	562
74	575
75	457
75	468
75	479
75	489
75	499
75	510
-1	-1
