-1	-1
0	290
0	301
0	311
0	320
0	329
0	338
0	347
0	357
0	367
0	378
0	391
1	341
2	336
2	349
3	336
3	348
3	359
3	370
3	381
3	393
3	405
3	418
3	431
3	444
3	457
3	470
4	336
4	347
4	357
4	367
4	377
4	387
4	397
4	407
4	417
4	427
4	436
4	445
4	454
4	464
4	474
4	484
4	494
4	504
4	514
4	524
4	535
4	546
4	557
4	569
5	336
5	347
5	357
5	366
5	375
5	384
5	392
5	400
5	408
5	416
5	424
5	432
5	439
5	446
5	453
5	460
5	467
5	474
5	481
5	489
5	497
5	505
5	513
5	521
5	529
5	537
5	545
5	553
5	562
5	571
5	580
5	590
5	601
6	327
6	337
6	346
6	354
6	361
6	368
6	375
6	382
6	389
6	395
6	401
6	407
6	413
6	419
6	424
6	430
6	435
6	440
6	445
6	450
6	455
6	460
6	465
6	470
6	475
6	480
6	485
6	490
6	495
6	500
6	506
6	511
6	517
6	522
6	528
6	533
6	539
6	545
6	551
6	557
6	563
6	570
6	577
6	585
6	593
6	602
6	612
6	624
7	317
7	327
7	335
7	342
7	348
7	353
7	358
7	363
7	367
7	372
7	376
7	381
7	385
7	389
7	393
7	397
7	401
7	405
7	409
7	413
7	417
7	421
7	424
7	428
7	431
7	435
7	438
7	442
7	445
7	449
7	452
7	456
7	459
7	463
7	466
7	470
7	473
7	477
7	480
7	484
7	487
7	491
7	494
7	498
7	501
7	505
7	509
7	512
7	516
7	520
7	524
7	528
7	532
7	536
7	540
7	545
7	549
7	554
7	558
7	563
7	568
7	574
7	579
7	585
7	592
7	599
7	607
7	616
7	626
8	291
8	302
8	312
8	321
8	329
8	335
8	341
8	345
8	350
8	354
8	358
8	362
8	365
8	369
8	372
8	376
8	379
8	382
8	386
8	389
8	392
8	395
8	399
8	401
8	405
8	408
8	411
8	414
8	417
8	420
8	423
8	426
8	429
8	432
8	435
8	438
8	441
8	444
8	447
8	450
8	453
8	456
8	459
8	462
8	465
8	468
8	471
8	474
8	477
8	480
8	483
8	486
8	489
8	492
8	495
8	498
8	501
8	504
8	507
8	510
8	514
8	517
8	520
8	524
8	527
8	531
8	535
8	538
8	543
8	546
8	551
8	555
8	559
8	564
8	569
8	574
8	579
8	585
8	591
8	598
8	605
8	613
8	622
8	632
8	643
9	268
9	279
9	288
9	297
9	305
9	313
9	320
9	327
9	332
9	337
9	342
9	346
9	351
9	354
9	359
9	362
9	366
9	370
9	373
9	377
9	381
9	384
9	388
9	392
9	395
9	399
9	403
9	406
9	410
9	414
9	417
9	421
9	425
9	428
9	432
9	435
9	439
9	442
9	446
9	449
9	453
9	456
9	460
9	463
9	467
9	470
9	474
9	477
9	481
9	484
9	488
9	491
9	495
9	498
9	502
9	506
9	510
9	514
9	518
9	523
9	527
9	532
9	537
9	542
9	547
9	552
9	557
9	563
9	568
9	574
9	580
9	587
9	594
9	602
9	611
9	621
9	632
10	261
10	272
10	281
10	290
10	298
10	306
10	314
10	321
10	328
10	334
10	340
10	346
10	351
10	357
10	362
10	368
10	374
10	380
10	386
10	392
10	398
10	404
10	410
10	417
10	424
10	431
10	438
10	445
10	452
10	459
10	466
10	473
10	479
10	485
10	491
10	497
10	503
10	509
10	515
10	521
10	528
10	534
10	541
10	548
10	555
10	562
10	569
10	576
10	584
10	592
10	601
10	611
10	622
11	251
11	261
11	270
11	278
11	286
11	294
11	302
11	310
11	318
11	326
11	334
11	342
11	350
11	359
11	368
11	377
11	387
11	397
11	407
11	418
11	429
11	440
11	451
11	462
11	472
11	482
11	492
11	501
11	510
11	519
11	528
11	537
11	546
11	555
11	565
11	575
11	585
11	596
11	608
12	276
12	288
12	299
12	310
12	321
12	332
12	343
12	355
12	368
12	511
12	525
12	538
12	551
12	564
13	327
13	339
13	351
13	363
13	375
13	388
14	319
14	330
14	340
14	350
14	360
14	369
14	378
14	387
14	396
14	405
14	415
14	425
14	436
14	447
14	459
14	471
14	483
14	495
14	507
14	519
14	531
14	543
14	555
14	567
14	579
14	591
14	603
15	309
15	320
15	329
15	337
15	344
15	351
15	358
15	364
15	370
15	376
15	382
15	388
15	394
15	400
15	406
15	412
15	419
15	426
15	433
15	440
15	447
15	455
15	463
15	471
15	479
15	487
15	495
15	503
15	511
15	520
15	529
15	538
15	547
15	556
15	565
15	574
15	583
15	592
15	601
15	610
15	620
15	631
16	299
16	310
16	319
16	327
16	334
16	341
16	346
16	352
16	357
16	362
16	367
16	371
16	376
16	380
16	384
16	388
16	392
16	396
16	400
16	404
16	408
16	413
16	417
16	422
16	426
16	431
16	435
16	440
16	445
16	450
16	455
16	460
16	465
16	470
16	475
16	480
16	486
16	491
16	497
16	502
16	508
16	514
16	520
16	526
16	532
16	538
16	544
16	551
16	557
16	564
16	571
16	578
16	585
16	592
16	599
16	606
16	613
16	621
16	629
16	638
16	648
16	660
17	282
17	293
17	303
17	313
17	322
17	330
17	337
17	344
17	350
17	356
17	362
17	367
17	372
17	377
17	381
17	386
17	390
17	394
17	398
17	402
17	406
17	410
17	414
17	418
17	422
17	426
17	430
17	434
17	438
17	442
17	446
17	450
17	454
17	458
17	462
17	466
17	470
17	474
17	478
17	482
17	486
17	490
17	494
17	498
17	502
17	506
17	510
17	514
17	518
17	522
17	526
17	531
17	535
17	540
17	544
17	549
17	554
17	559
17	564
17	569
17	574
17	579
17	584
17	589
17	594
17	599
17	604
17	609
17	615
17	621
17	627
17	634
17	641
17	649
17	658
17	668
17	679
18	279
18	290
18	300
18	309
18	318
18	326
18	334
18	341
18	348
18	354
18	360
18	365
18	370
18	374
18	379
18	383
18	387
18	391
18	394
18	398
18	401
18	405
18	408
18	412
18	415
18	418
18	422
18	424
18	428
18	431
18	434
18	437
18	440
18	443
18	446
18	449
18	452
18	455
18	458
18	461
18	464
18	467
18	470
18	473
18	476
18	479
18	482
18	485
18	488
18	491
18	494
18	497
18	500
18	503
18	506
18	509
18	512
18	516
18	518
18	522
18	525
18	528
18	532
18	535
18	539
18	542
18	546
18	549
18	553
18	557
18	560
18	565
18	568
18	573
18	577
18	581
18	585
18	589
18	594
18	598
18	603
18	607
18	612
18	617
18	622
18	627
18	633
18	639
18	645
18	652
18	660
18	669
18	679
18	690
19	297
19	308
19	318
19	327
19	335
19	342
19	348
19	353
19	359
19	363
19	368
19	372
19	376
19	380
19	383
19	387
19	390
19	393
19	396
19	399
19	402
19	405
19	408
19	411
19	413
19	417
19	419
19	422
19	425
19	427
19	430
19	432
19	435
19	437
19	440
19	442
19	445
19	447
19	450
19	452
19	455
19	457
19	460
19	462
19	465
19	467
19	470
19	473
19	475
19	478
19	481
19	484
19	486
19	489
19	492
19	495
19	498
19	501
19	504
19	507
19	510
19	513
19	516
19	519
19	522
19	526
19	529
19	532
19	536
19	539
19	543
19	546
19	550
19	554
19	558
19	562
19	566
19	570
19	575
19	579
19	584
19	588
19	593
19	597
19	602
19	607
19	612
19	617
19	622
19	628
19	634
19	640
19	647
19	655
19	663
19	672
19	682
20	300
20	311
20	321
20	329
20	336
20	342
20	347
20	352
20	356
20	361
20	364
20	368
20	372
20	375
20	379
20	382
20	386
20	389
20	393
20	396
20	399
20	403
20	406
20	409
20	413
20	416
20	419
20	423
20	426
20	429
20	433
20	436
20	439
20	443
20	446
20	449
20	453
20	456
20	459
20	463
20	466
20	469
20	473
20	476
20	480
20	483
20	487
20	490
20	494
20	498
20	502
20	506
20	510
20	514
20	518
20	523
20	527
20	532
20	537
20	542
20	547
20	552
20	557
20	562
20	567
20	573
20	578
20	584
20	590
20	596
20	602
20	608
20	615
20	622
20	629
20	637
20	646
20	656
20	667
21	297
21	308
21	318
21	326
21	333
21	339
21	344
21	349
21	353
21	358
21	362
21	366
21	370
21	373
21	377
21	381
21	384
21	388
21	391
21	395
21	398
21	402
21	405
21	409
21	412
21	416
21	419
21	423
21	426
21	430
21	434
21	437
21	441
21	445
21	448
21	452
21	456
21	459
21	463
21	467
21	470
21	474
21	478
21	481
21	485
21	489
21	493
21	497
21	501
21	505
21	509
21	513
21	517
21	521
21	525
21	529
21	533
21	537
21	541
21	545
21	549
21	553
21	557
21	561
21	565
21	569
21	573
21	577
21	582
21	586
21	591
21	596
21	601
21	606
21	612
21	618
21	625
21	632
21	640
21	649
21	659
22	289
22	300
22	310
22	318
22	324
22	330
22	335
22	340
22	344
22	349
22	353
22	357
22	361
22	365
22	369
22	373
22	377
22	381
22	385
22	389
22	393
22	397
22	401
22	405
22	409
22	413
22	417
22	421
22	425
22	429
22	433
22	436
22	440
22	443
22	447
22	450
22	453
22	457
22	460
22	463
22	466
22	469
22	472
22	475
22	478
22	481
22	483
22	486
22	489
22	491
22	494
22	497
22	499
22	502
22	505
22	507
22	510
22	513
22	515
22	518
22	521
22	523
22	526
22	529
22	531
22	534
22	536
22	539
22	541
22	544
22	546
22	549
22	551
22	553
22	556
22	558
22	560
22	563
22	565
22	567
22	570
22	572
22	575
22	577
22	580
22	582
22	585
22	588
22	590
22	594
22	596
22	599
22	603
22	606
22	609
22	613
22	617
22	621
22	626
22	630
22	636
22	641
22	647
22	654
22	662
22	672
23	280
23	291
23	300
23	309
23	316
23	322
23	328
23	333
23	338
23	342
23	347
23	351
23	355
23	359
23	363
23	367
23	371
23	375
23	379
23	383
23	386
23	390
23	393
23	397
23	400
23	403
23	406
23	409
23	412
23	414
23	418
23	420
23	423
23	425
23	428
23	431
23	432
23	435
23	438
23	440
23	442
23	444
23	447
23	449
23	451
23	453
23	455
23	457
23	459
23	461
23	463
23	465
23	467
23	469
23	471
23	472
23	474
23	476
23	478
23	479
23	481
23	483
23	484
23	486
23	488
23	489
23	491
23	493
23	494
23	496
23	498
23	499
23	501
23	503
23	504
23	506
23	508
23	509
23	511
23	512
23	514
23	516
23	517
23	519
23	520
23	522
23	524
23	525
23	527
23	528
23	530
23	532
23	533
23	534
23	536
23	538
23	539
23	541
23	542
23	544
23	545
23	547
23	548
23	550
23	551
23	553
23	554
23	556
23	557
23	559
23	560
23	562
23	564
23	565
23	567
23	568
23	570
23	572
23	574
23	575
23	577
23	579
23	580
23	583
23	584
23	586
23	588
23	590
23	592
23	594
23	596
23	598
23	600
23	603
23	605
23	607
23	610
23	613
23	615
23	618
23	621
23	624
23	627
23	630
23	634
23	638
23	642
23	647
23	652
23	658
23	664
23	671
23	680
24	268
24	278
24	287
24	295
24	302
24	309
24	315
24	320
24	325
24	330
24	335
24	340
24	345
24	350
24	354
24	359
24	363
24	367
24	371
24	375
24	379
24	383
24	387
24	391
24	394
24	398
24	401
24	404
24	407
24	410
24	413
24	415
24	418
24	421
24	423
24	426
24	428
24	431
24	433
24	436
24	438
24	441
24	443
24	445
24	448
24	450
24	452
24	455
24	457
24	459
24	462
24	464
24	466
24	469
24	471
24	473
24	475
24	478
24	480
24	482
24	484
24	486
24	489
24	490
24	493
24	494
24	497
24	499
24	501
24	502
24	505
24	507
24	508
24	511
24	512
24	514
24	516
24	518
24	520
24	522
24	523
24	525
24	527
24	529
24	531
24	532
24	534
24	536
24	538
24	539
24	541
24	543
24	545
24	547
24	548
24	550
24	553
24	554
24	556
24	558
24	560
24	562
24	564
24	566
24	568
24	570
24	573
24	575
24	577
24	579
24	582
24	585
24	587
24	589
24	593
24	595
24	598
24	601
24	604
24	607
24	610
24	614
24	617
24	621
24	625
24	629
24	633
24	638
24	643
24	648
24	654
24	661
24	669
24	678
25	259
25	269
25	277
25	284
25	291
25	297
25	303
25	308
25	313
25	318
25	323
25	327
25	332
25	336
25	341
25	345
25	349
25	353
25	357
25	361
25	363
25	367
25	370
25	373
25	376
25	379
25	382
25	384
25	387
25	390
25	392
25	395
25	398
25	400
25	403
25	406
25	408
25	411
25	414
25	416
25	419
25	422
25	425
25	427
25	430
25	433
25	436
25	439
25	442
25	445
25	448
25	451
25	454
25	457
25	460
25	463
25	466
25	469
25	473
25	476
25	479
25	483
25	486
25	489
25	493
25	496
25	500
25	503
25	507
25	510
25	514
25	518
25	521
25	525
25	529
25	533
25	537
25	541
25	545
25	549
25	553
25	557
25	561
25	565
25	569
25	573
25	577
25	581
25	586
25	590
25	595
25	600
25	605
25	610
25	616
25	621
25	627
25	633
25	639
25	646
25	654
25	662
25	672
26	260
26	270
26	279
26	287
26	294
26	301
26	308
26	314
26	320
26	325
26	330
26	335
26	340
26	344
26	349
26	352
26	357
26	360
26	364
26	367
26	371
26	373
26	377
26	379
26	382
26	385
26	387
26	390
26	393
26	395
26	398
26	400
26	403
26	405
26	408
26	410
26	413
26	415
26	418
26	420
26	423
26	425
26	428
26	430
26	433
26	436
26	438
26	441
26	444
26	446
26	449
26	452
26	455
26	458
26	461
26	464
26	467
26	470
26	474
26	476
26	480
26	483
26	487
26	490
26	494
26	497
26	501
26	505
26	508
26	512
26	516
26	520
26	524
26	528
26	532
26	536
26	540
26	544
26	548
26	552
26	557
26	561
26	566
26	571
26	576
26	581
26	587
26	593
26	599
26	606
26	613
26	620
26	628
26	636
26	644
26	653
26	663
26	675
27	269
27	280
27	290
27	300
27	309
27	317
27	323
27	329
27	333
27	338
27	342
27	345
27	349
27	352
27	356
27	359
27	363
27	366
27	369
27	373
27	376
27	379
27	383
27	386
27	390
27	393
27	397
27	400
27	404
27	408
27	412
27	416
27	420
27	424
27	428
27	433
27	437
27	442
27	446
27	451
27	456
27	461
27	466
27	471
27	477
27	482
27	488
27	494
27	500
27	506
27	513
27	520
27	527
27	534
27	541
27	549
27	557
27	566
27	576
27	586
27	597
27	628
27	640
27	652
28	276
28	287
28	297
28	307
28	315
28	322
28	328
28	332
28	337
28	341
28	344
28	348
28	351
28	354
28	357
28	360
28	363
28	366
28	369
28	372
28	374
28	378
28	380
28	383
28	386
28	389
28	392
28	395
28	398
28	401
28	404
28	407
28	411
28	414
28	418
28	421
28	425
28	429
28	433
28	437
28	441
28	445
28	449
28	453
28	457
28	462
28	466
28	471
28	475
28	480
28	485
28	490
28	495
28	500
28	506
28	512
28	518
28	525
28	532
28	539
28	547
28	556
28	565
28	575
28	587
28	637
28	648
28	660
29	278
29	289
29	299
29	309
29	318
29	325
29	332
29	338
29	344
29	350
29	355
29	360
29	365
29	370
29	375
29	380
29	385
29	390
29	395
29	400
29	405
29	410
29	415
29	420
29	425
29	430
29	436
29	441
29	447
29	453
29	459
29	465
29	472
29	479
29	486
29	493
29	501
29	509
29	518
29	528
29	539
30	276
30	287
30	297
30	306
30	314
30	321
30	327
30	333
30	339
30	344
30	349
30	354
30	359
30	365
30	370
30	376
30	382
30	388
30	395
30	402
30	409
30	417
30	425
30	434
30	443
30	453
30	463
30	473
30	483
30	494
30	505
31	287
31	298
31	308
31	316
31	323
31	330
31	336
31	342
31	347
31	353
31	358
31	364
31	369
31	375
31	381
31	387
31	393
31	400
31	407
31	414
31	422
31	430
31	438
31	447
31	456
31	465
31	474
31	483
31	492
31	501
31	510
31	520
31	530
31	541
31	554
32	282
32	293
32	302
32	310
32	317
32	323
32	329
32	335
32	341
32	347
32	354
32	361
32	368
32	376
32	385
32	394
32	404
32	415
33	289
33	300
33	309
33	316
33	323
33	329
33	335
33	341
33	347
33	354
33	361
33	368
33	376
33	384
33	393
33	403
33	414
34	289
34	299
34	308
34	315
34	322
34	328
34	334
34	340
34	347
34	354
34	361
34	369
34	377
34	385
34	394
34	403
34	413
34	423
34	434
34	446
35	281
35	292
35	301
35	309
35	316
35	323
35	330
35	337
35	344
35	351
35	359
35	367
35	376
35	386
35	397
36	278
36	288
36	297
36	305
36	313
36	320
36	327
36	334
36	341
36	348
36	356
36	364
36	372
36	381
36	391
36	402
37	266
37	277
37	287
37	296
37	304
37	312
37	319
37	326
37	333
37	340
37	347
37	354
37	362
37	370
37	378
37	387
37	396
37	406
37	416
37	427
37	438
37	450
38	258
38	268
38	277
38	285
38	293
38	300
38	307
38	314
38	321
38	328
38	335
38	343
38	351
38	360
38	369
38	379
38	390
38	403
39	256
39	266
39	275
39	283
39	291
39	299
39	306
39	314
39	322
39	330
39	338
39	347
39	356
39	366
39	377
40	251
40	261
40	270
40	279
40	287
40	295
40	303
40	311
40	319
40	327
40	335
40	343
40	351
40	359
40	367
40	376
40	385
40	395
40	405
40	417
41	250
41	260
41	268
41	276
41	284
41	292
41	300
41	308
41	317
41	326
41	336
41	346
41	356
41	366
41	376
41	386
41	396
41	407
41	419
42	260
42	271
42	282
42	293
42	305
49	401
54	361
54	373
54	384
54	395
54	407
59	450
59	463
59	475
59	488
62	273
62	284
62	294
62	305
62	316
62	327
62	338
62	349
62	360
62	371
62	382
62	394
63	276
63	287
63	297
63	307
63	317
63	327
63	336
63	344
63	352
63	360
63	368
63	376
63	384
63	392
63	400
63	408
63	417
63	426
63	435
63	444
63	453
63	463
63	473
63	483
63	493
63	503
63	514
63	525
63	536
63	547
63	559
64	321
64	331
64	339
64	346
64	353
64	359
64	365
64	371
64	376
64	382
64	387
64	392
64	397
64	402
64	407
64	413
64	418
64	424
64	429
64	435
64	440
64	446
64	452
64	458
64	464
64	470
64	476
64	482
64	488
64	494
64	500
64	506
64	512
64	518
64	525
64	531
64	538
64	545
64	552
64	559
64	566
64	573
64	580
64	588
64	597
64	607
65	319
65	329
65	336
65	342
65	346
65	351
65	354
65	359
65	362
65	366
65	369
65	372
65	376
65	379
65	382
65	385
65	388
65	391
65	394
65	397
65	400
65	403
65	406
65	409
65	412
65	415
65	418
65	421
65	424
65	427
65	430
65	433
65	436
65	439
65	442
65	445
65	448
65	451
65	454
65	457
65	460
65	463
65	466
65	469
65	472
65	475
65	478
65	481
65	484
65	487
65	490
65	494
65	497
65	500
65	504
65	507
65	510
65	514
65	517
65	521
65	524
65	528
65	531
65	535
65	538
65	542
65	545
65	549
65	552
65	556
65	559
65	563
65	567
65	570
65	574
65	578
65	582
65	586
65	590
65	595
65	600
65	606
65	612
65	619
65	627
65	637
66	266
66	277
66	287
66	297
66	308
66	318
66	325
66	331
66	335
66	340
66	343
66	347
66	350
66	352
66	356
66	358
66	361
66	363
66	366
66	368
66	371
66	372
66	375
66	377
66	379
66	381
66	383
66	385
66	387
66	389
66	391
66	393
66	395
66	397
66	399
66	401
66	403
66	405
66	407
66	409
66	411
66	413
66	415
66	417
66	419
66	421
66	423
66	425
66	427
66	429
66	431
66	433
66	435
66	437
66	439
66	441
66	443
66	445
66	447
66	449
66	451
66	453
66	455
66	457
66	459
66	461
66	463
66	465
66	467
66	469
66	471
66	473
66	475
66	477
66	479
66	481
66	483
66	485
66	487
66	489
66	491
66	493
66	495
66	497
66	499
66	502
66	503
66	506
66	508
66	510
66	512
66	515
66	517
66	519
66	521
66	524
66	526
66	528
66	530
66	533
66	535
66	537
66	540
66	542
66	544
66	547
66	549
66	551
66	554
66	556
66	558
66	561
66	563
66	566
66	568
66	571
66	574
66	576
66	579
66	582
66	585
66	588
66	591
66	595
66	598
66	602
66	606
66	610
66	615
66	620
66	626
66	632
66	639
66	648
67	254
67	263
67	271
67	278
67	284
67	290
67	296
67	302
67	308
67	314
67	320
67	324
67	329
67	333
67	337
67	341
67	344
67	348
67	351
67	354
67	357
67	360
67	363
67	366
67	369
67	372
67	374
67	377
67	380
67	382
67	385
67	388
67	390
67	393
67	395
67	398
67	400
67	403
67	405
67	408
67	410
67	413
67	415
67	418
67	420
67	423
67	425
67	428
67	430
67	433
67	435
67	438
67	440
67	443
67	445
67	448
67	450
67	453
67	456
67	458
67	461
67	464
67	467
67	469
67	473
67	475
67	478
67	481
67	484
67	487
67	490
67	493
67	496
67	499
67	502
67	506
67	508
67	512
67	515
67	518
67	522
67	525
67	528
67	532
67	535
67	539
67	542
67	546
67	549
67	554
67	557
67	562
67	566
67	571
67	576
67	581
67	587
67	593
67	600
67	607
67	616
67	627
68	252
68	261
68	268
68	273
68	279
68	283
68	288
68	292
68	297
68	301
68	306
68	310
68	314
68	318
68	322
68	326
68	330
68	334
68	338
68	343
68	347
68	352
68	357
68	363
68	369
68	376
68	383
68	391
68	400
68	410
68	421
69	267
69	277
69	285
69	293
69	300
69	307
69	313
69	319
69	325
69	331
69	337
69	344
69	351
69	358
69	366
69	375
69	385
69	396
70	332
70	344
70	355
70	366
70	376
70	386
70	396
70	406
70	416
70	426
70	436
70	446
70	456
70	466
70	476
70	485
70	494
70	504
70	514
70	524
70	534
70	544
70	554
70	564
70	574
70	584
70	595
71	321
71	331
71	340
71	348
71	355
71	362
71	369
71	375
71	381
71	387
71	393
71	399
71	405
71	411
71	416
71	422
71	427
71	433
71	438
71	443
71	448
71	453
71	458
71	463
71	468
71	473
71	478
71	483
71	488
71	493
71	498
71	503
71	508
71	513
71	518
71	523
71	528
71	533
71	538
71	543
71	548
71	553
71	558
71	563
71	568
71	573
71	578
71	583
71	588
71	594
71	600
71	606
71	613
71	621
71	630
72	261
72	271
72	280
72	288
72	296
72	304
72	312
72	320
72	327
72	332
72	337
72	342
72	346
72	351
72	354
72	358
72	362
72	365
72	369
72	372
72	375
72	378
72	381
72	384
72	387
72	390
72	393
72	396
72	399
72	402
72	404
72	408
72	410
72	413
72	416
72	419
72	421
72	424
72	427
72	429
72	432
72	435
72	437
72	440
72	443
72	445
72	448
72	451
72	453
72	456
72	459
72	461
72	464
72	466
72	469
72	471
72	474
72	476
72	479
72	481
72	484
72	486
72	489
72	491
72	494
72	496
72	499
72	501
72	504
72	506
72	509
72	511
72	514
72	516
72	519
72	521
72	524
72	526
72	529
72	531
72	534
72	536
72	539
72	541
72	544
72	546
72	549
72	551
72	554
72	556
72	559
72	561
72	564
72	566
72	569
72	571
72	574
72	576
72	579
72	581
72	584
72	587
72	589
72	593
72	595
72	598
72	601
72	605
72	608
72	612
72	616
72	620
72	625
72	629
72	635
72	641
72	648
72	656
72	667
73	251
73	260
73	267
73	273
73	278
73	283
73	288
73	292
73	297
73	301
73	306
73	310
73	314
73	319
73	322
73	326
73	330
73	333
73	336
73	340
73	342
73	345
73	348
73	351
73	353
73	356
73	358
73	361
73	363
73	365
73	368
73	370
73	372
73	375
73	377
73	379
73	381
73	383
73	386
73	387
73	390
73	392
73	394
73	396
73	398
73	400
73	402
73	404
73	406
73	408
73	410
73	412
73	414
73	416
73	418
73	420
73	422
73	424
73	426
73	428
73	430
73	432
73	434
73	436
73	438
73	440
73	442
73	444
73	446
73	448
73	450
73	452
73	453
73	456
73	457
73	459
73	461
73	463
73	465
73	467
73	468
73	471
73	472
73	474
73	476
73	478
73	480
73	481
73	484
73	485
73	487
73	489
73	491
73	493
73	494
73	497
73	498
73	500
73	502
73	504
73	506
73	507
73	510
73	511
73	513
73	515
73	517
73	519
73	520
73	523
73	524
73	526
73	528
73	530
73	532
73	534
73	535
73	538
73	539
73	541
73	543
73	545
73	547
73	549
73	550
73	553
73	554
73	556
73	558
73	560
73	562
73	564
73	566
73	568
73	570
73	572
73	574
73	576
73	578
73	580
73	582
73	584
73	586
73	588
73	590
73	593
73	595
73	597
73	599
73	602
73	605
73	607
73	610
73	613
73	616
73	619
73	623
73	626
73	630
73	635
73	639
73	645
73	651
73	658
73	666
73	677
74	251
74	260
74	266
74	272
74	276
74	281
74	284
74	289
74	292
74	296
74	299
74	303
74	306
74	310
74	313
74	316
74	320
74	322
74	326
74	328
74	332
74	334
74	338
74	340
74	343
74	346
74	349
74	352
74	355
74	358
74	361
74	364
74	367
74	370
74	373
74	376
74	379
74	382
74	385
74	388
74	391
74	394
74	397
74	400
74	404
74	406
74	410
74	413
74	416
74	419
74	423
74	425
74	429
74	432
74	435
74	438
74	441
74	445
74	447
74	451
74	454
74	457
74	460
74	464
74	467
74	470
74	474
74	477
74	480
74	484
74	487
74	490
74	494
74	497
74	500
74	504
74	507
74	510
74	514
74	517
74	520
74	524
74	527
74	530
74	534
74	537
74	540
74	544
74	547
74	551
74	554
74	558
74	561
74	565
74	568
74	572
74	576
74	580
74	584
74	588
74	593
74	597
74	602
74	607
74	613
74	619
74	626
74	635
74	646
75	268
75	278
75	286
75	293
75	300
75	306
75	312
75	317
75	323
75	328
75	334
75	340
75	346
75	353
75	361
75	370
75	380
-1	-1
