-1	-1
0	201
0	213
0	224
0	235
0	247
4	227
4	238
4	249
4	260
4	270
4	280
4	290
4	301
4	312
4	323
4	334
4	347
5	222
5	233
5	243
5	252
5	261
5	270
5	279
5	287
5	295
5	303
5	311
5	319
5	327
5	335
5	344
5	353
5	362
5	371
5	381
5	391
5	401
5	412
5	424
6	218
6	228
6	237
6	245
6	252
6	259
6	266
6	272
6	278
6	284
6	290
6	296
6	302
6	308
6	314
6	320
6	326
6	333
6	339
6	346
6	353
6	360
6	367
6	374
6	381
6	389
6	397
6	405
6	413
6	422
6	431
6	441
6	451
6	462
6	475
7	206
7	216
7	224
7	231
7	237
7	242
7	247
7	252
7	256
7	261
7	265
7	270
7	273
7	278
7	282
7	286
7	290
7	294
7	298
7	302
7	307
7	311
7	316
7	320
7	325
7	330
7	335
7	340
7	345
7	350
7	355
7	360
7	365
7	370
7	375
7	380
7	386
7	391
7	397
7	403
7	409
7	415
7	421
7	428
7	435
7	442
7	450
7	458
7	467
7	476
7	486
7	498
8	189
8	199
8	208
8	215
8	221
8	226
8	231
8	235
8	240
8	244
8	248
8	252
8	256
8	260
8	263
8	267
8	271
8	274
8	278
8	281
8	285
8	288
8	292
8	295
8	299
8	302
8	306
8	309
8	313
8	317
8	320
8	324
8	328
8	332
8	336
8	340
8	344
8	348
8	353
8	357
8	362
8	366
8	371
8	375
8	380
8	384
8	389
8	394
8	399
8	404
8	409
8	414
8	419
8	425
8	431
8	437
8	443
8	450
8	457
8	465
8	473
8	482
8	492
8	504
9	172
9	183
9	192
9	200
9	207
9	213
9	219
9	224
9	229
9	233
9	238
9	242
9	246
9	250
9	254
9	258
9	262
9	266
9	270
9	274
9	278
9	282
9	286
9	290
9	295
9	299
9	304
9	308
9	313
9	318
9	323
9	328
9	334
9	339
9	345
9	351
9	357
9	363
9	369
9	375
9	381
9	387
9	393
9	399
9	405
9	411
9	418
9	425
9	432
9	439
9	447
9	455
9	464
9	473
9	483
9	495
10	169
10	179
10	188
10	196
10	203
10	209
10	215
10	220
10	225
10	230
10	235
10	240
10	245
10	250
10	255
10	260
10	265
10	270
10	276
10	281
10	287
10	292
10	298
10	304
10	310
10	316
10	322
10	328
10	334
10	340
10	347
10	354
10	361
10	368
10	375
10	382
10	389
10	397
10	405
10	413
10	421
10	430
10	439
10	449
10	459
10	470
10	483
11	171
11	181
11	190
11	199
11	207
11	215
11	223
11	231
11	239
11	247
11	255
11	263
11	271
11	279
11	287
11	295
11	303
11	311
11	320
11	329
11	338
11	348
11	358
11	368
11	378
11	388
11	398
11	408
11	419
14	309
14	321
14	333
14	346
14	360
15	181
15	192
15	202
15	212
15	222
15	232
15	242
15	251
15	260
15	269
15	278
15	287
15	296
15	305
15	314
15	323
15	332
15	341
15	350
15	360
15	370
15	380
15	390
15	401
15	412
15	424
15	437
15	450
15	463
16	180
16	191
16	200
16	209
16	217
16	225
16	233
16	241
16	249
16	256
16	263
16	270
16	277
16	284
16	291
16	298
16	306
16	314
16	322
16	330
16	338
16	346
16	354
16	363
16	372
16	381
16	390
16	399
16	408
16	418
16	428
16	438
16	448
16	458
16	468
16	478
16	489
16	502
17	177
17	187
17	196
17	204
17	212
17	219
17	226
17	233
17	240
17	247
17	253
17	259
17	265
17	271
17	276
17	282
17	287
17	292
17	297
17	302
17	307
17	312
17	317
17	322
17	327
17	332
17	337
17	342
17	347
17	352
17	357
17	362
17	367
17	373
17	378
17	384
17	390
17	396
17	402
17	409
17	416
17	423
17	430
17	437
17	444
17	451
17	458
17	465
17	472
17	479
17	487
17	495
17	504
17	514
17	525
18	177
18	187
18	196
18	204
18	212
18	220
18	227
18	234
18	241
18	247
18	253
18	259
18	264
18	269
18	274
18	279
18	283
18	288
18	292
18	296
18	300
18	304
18	308
18	312
18	316
18	320
18	324
18	328
18	332
18	336
18	340
18	344
18	348
18	352
18	356
18	360
18	364
18	368
18	372
18	376
18	380
18	384
18	388
18	393
18	397
18	402
18	406
18	411
18	416
18	421
18	427
18	432
18	438
18	444
18	450
18	456
18	462
18	468
18	474
18	480
18	486
18	493
18	500
18	508
18	517
18	527
19	173
19	183
19	192
19	200
19	208
19	216
19	223
19	230
19	236
19	242
19	248
19	253
19	258
19	262
19	266
19	271
19	273
19	278
19	281
19	284
19	288
19	291
19	294
19	297
19	300
19	303
19	306
19	309
19	312
19	315
19	318
19	321
19	323
19	326
19	329
19	332
19	334
19	337
19	340
19	343
19	345
19	348
19	351
19	354
19	356
19	359
19	362
19	365
19	368
19	371
19	374
19	377
19	380
19	383
19	386
19	389
19	392
19	395
19	398
19	402
19	405
19	408
19	412
19	415
19	419
19	423
19	427
19	431
19	435
19	439
19	444
19	448
19	453
19	457
19	462
19	467
19	472
19	477
19	483
19	489
19	495
19	502
19	509
19	517
19	526
19	537
20	172
20	182
20	191
20	199
20	207
20	214
20	221
20	226
20	232
20	236
20	241
20	245
20	250
20	253
20	258
20	261
20	265
20	268
20	272
20	274
20	278
20	281
20	283
20	287
20	289
20	292
20	295
20	298
20	301
20	303
20	306
20	309
20	311
20	314
20	317
20	319
20	322
20	325
20	327
20	330
20	333
20	335
20	338
20	341
20	343
20	346
20	349
20	351
20	354
20	357
20	359
20	362
20	365
20	367
20	370
20	373
20	376
20	378
20	382
20	384
20	387
20	390
20	393
20	396
20	399
20	402
20	405
20	408
20	411
20	414
20	417
20	421
20	424
20	428
20	431
20	435
20	439
20	443
20	447
20	452
20	456
20	461
20	466
20	471
20	477
20	483
20	489
20	496
20	504
20	513
20	523
21	171
21	181
21	190
21	198
21	205
21	211
21	217
21	222
21	227
21	231
21	235
21	239
21	242
21	246
21	249
21	253
21	256
21	260
21	263
21	266
21	270
21	272
21	276
21	279
21	282
21	285
21	288
21	291
21	295
21	297
21	301
21	304
21	307
21	311
21	314
21	317
21	321
21	324
21	328
21	331
21	335
21	338
21	342
21	345
21	349
21	352
21	356
21	359
21	363
21	366
21	370
21	373
21	376
21	380
21	383
21	386
21	390
21	393
21	396
21	400
21	403
21	407
21	410
21	414
21	417
21	421
21	425
21	428
21	432
21	436
21	440
21	444
21	448
21	453
21	457
21	462
21	467
21	472
21	478
21	484
21	491
21	498
21	506
21	515
21	526
22	169
22	178
22	186
22	193
22	199
22	204
22	209
22	213
22	218
22	222
22	226
22	230
22	233
22	237
22	241
22	244
22	248
22	251
22	255
22	258
22	262
22	265
22	269
22	272
22	276
22	279
22	283
22	286
22	290
22	293
22	297
22	300
22	304
22	308
22	311
22	315
22	319
22	322
22	326
22	330
22	333
22	337
22	340
22	343
22	347
22	350
22	353
22	356
22	359
22	362
22	364
22	367
22	370
22	372
22	374
22	377
22	379
22	381
22	383
22	386
22	388
22	390
22	392
22	395
22	397
22	399
22	401
22	404
22	406
22	408
22	410
22	413
22	415
22	417
22	420
22	422
22	425
22	427
22	429
22	432
22	435
22	437
22	440
22	443
22	446
22	448
22	452
22	455
22	458
22	462
22	465
22	469
22	473
22	477
22	481
22	486
22	491
22	496
22	502
22	508
22	515
22	524
22	534
23	167
23	176
23	183
23	190
23	195
23	200
23	204
23	209
23	212
23	216
23	220
23	223
23	226
23	230
23	232
23	236
23	239
23	242
23	245
23	248
23	251
23	255
23	257
23	261
23	264
23	267
23	271
23	274
23	278
23	281
23	285
23	288
23	292
23	295
23	299
23	302
23	305
23	309
23	312
23	315
23	318
23	322
23	324
23	328
23	331
23	334
23	337
23	340
23	343
23	346
23	349
23	352
23	354
23	358
23	360
23	363
23	365
23	368
23	371
23	373
23	375
23	378
23	380
23	383
23	385
23	387
23	390
23	392
23	394
23	397
23	399
23	402
23	404
23	407
23	409
23	412
23	414
23	417
23	419
23	422
23	425
23	427
23	430
23	433
23	436
23	439
23	442
23	446
23	449
23	453
23	456
23	460
23	464
23	468
23	472
23	477
23	481
23	486
23	491
23	497
23	503
23	510
23	518
23	527
24	168
24	177
24	184
24	191
24	196
24	202
24	206
24	211
24	214
24	219
24	222
24	226
24	230
24	233
24	237
24	240
24	244
24	247
24	251
24	254
24	258
24	261
24	264
24	268
24	271
24	274
24	277
24	280
24	282
24	285
24	288
24	290
24	293
24	295
24	298
24	300
24	302
24	305
24	307
24	309
24	311
24	313
24	315
24	317
24	319
24	321
24	323
24	325
24	327
24	329
24	331
24	333
24	334
24	337
24	338
24	340
24	342
24	344
24	346
24	348
24	349
24	352
24	353
24	355
24	357
24	359
24	361
24	363
24	365
24	367
24	369
24	371
24	373
24	375
24	377
24	379
24	381
24	384
24	385
24	388
24	390
24	392
24	394
24	397
24	399
24	401
24	404
24	406
24	408
24	411
24	413
24	415
24	418
24	420
24	423
24	425
24	428
24	430
24	433
24	436
24	438
24	441
24	444
24	447
24	450
24	454
24	456
24	460
24	464
24	467
24	471
24	475
24	479
24	484
24	488
24	493
24	498
24	504
24	510
24	517
24	525
24	535
25	167
25	176
25	184
25	191
25	197
25	203
25	208
25	213
25	218
25	223
25	228
25	233
25	237
25	242
25	246
25	251
25	255
25	259
25	263
25	267
25	271
25	274
25	278
25	281
25	284
25	287
25	290
25	292
25	295
25	297
25	300
25	302
25	304
25	306
25	309
25	311
25	312
25	314
25	317
25	318
25	320
25	322
25	323
25	325
25	327
25	329
25	331
25	332
25	333
25	336
25	337
25	339
25	340
25	342
25	344
25	345
25	347
25	348
25	350
25	352
25	353
25	355
25	356
25	358
25	360
25	361
25	363
25	364
25	366
25	368
25	369
25	371
25	373
25	374
25	376
25	378
25	379
25	381
25	383
25	384
25	386
25	388
25	389
25	391
25	393
25	395
25	396
25	398
25	400
25	402
25	403
25	405
25	407
25	409
25	410
25	413
25	414
25	416
25	418
25	420
25	422
25	424
25	426
25	428
25	430
25	433
25	435
25	437
25	440
25	442
25	445
25	447
25	450
25	453
25	456
25	459
25	462
25	466
25	469
25	473
25	477
25	481
25	485
25	489
25	494
25	499
25	505
25	511
25	518
25	526
25	535
26	168
26	178
26	186
26	194
26	201
26	208
26	214
26	220
26	225
26	231
26	235
26	240
26	243
26	248
26	251
26	254
26	258
26	261
26	264
26	267
26	270
26	273
26	276
26	279
26	282
26	285
26	288
26	291
26	294
26	297
26	300
26	303
26	306
26	309
26	313
26	316
26	319
26	323
26	326
26	329
26	333
26	336
26	340
26	343
26	347
26	350
26	354
26	357
26	361
26	364
26	368
26	371
26	375
26	379
26	382
26	386
26	390
26	394
26	398
26	402
26	406
26	410
26	415
26	419
26	425
26	430
26	436
26	442
26	448
26	455
26	462
26	470
26	478
26	487
26	496
26	506
26	517
27	168
27	178
27	186
27	194
27	201
27	208
27	214
27	220
27	226
27	231
27	236
27	241
27	244
27	249
27	252
27	254
27	258
27	261
27	263
27	266
27	269
27	271
27	274
27	276
27	279
27	281
27	283
27	286
27	288
27	291
27	293
27	295
27	298
27	300
27	303
27	305
27	308
27	310
27	313
27	315
27	318
27	320
27	323
27	326
27	328
27	331
27	334
27	336
27	339
27	342
27	345
27	348
27	351
27	354
27	357
27	360
27	364
27	367
27	370
27	374
27	377
27	381
27	385
27	388
27	392
27	396
27	400
27	404
27	408
27	413
27	418
27	423
27	428
27	434
27	440
27	447
27	455
27	463
27	472
27	481
27	491
27	502
28	169
28	179
28	187
28	194
28	201
28	208
28	214
28	220
28	224
28	229
28	233
28	238
28	242
28	246
28	250
28	254
28	258
28	261
28	265
28	268
28	272
28	275
28	279
28	282
28	286
28	289
28	293
28	296
28	300
28	303
28	307
28	310
28	314
28	318
28	321
28	325
28	329
28	333
28	337
28	341
28	345
28	349
28	353
28	357
28	361
28	365
28	369
28	373
28	377
28	381
28	386
28	390
28	395
28	399
28	404
28	409
28	414
28	420
28	426
28	433
28	440
28	448
28	457
28	467
28	478
29	171
29	181
29	190
29	198
29	206
29	213
29	219
29	223
29	228
29	232
29	235
29	239
29	242
29	246
29	249
29	253
29	256
29	259
29	263
29	266
29	270
29	273
29	277
29	281
29	285
29	289
29	294
29	298
29	303
29	308
29	313
29	319
29	325
29	331
29	338
29	345
29	353
29	362
29	371
29	381
29	393
30	169
30	179
30	187
30	194
30	201
30	207
30	213
30	218
30	223
30	228
30	233
30	237
30	242
30	246
30	250
30	254
30	258
30	262
30	266
30	270
30	274
30	278
30	283
30	287
30	292
30	297
30	302
30	307
30	312
30	318
30	324
30	330
30	337
30	344
30	352
30	360
30	369
30	379
30	390
31	168
31	177
31	184
31	191
31	197
31	203
31	208
31	213
31	217
31	222
31	225
31	230
31	234
31	238
31	242
31	247
31	251
31	256
31	261
31	266
31	271
31	277
31	283
31	289
31	296
31	303
31	311
31	320
31	330
31	341
32	171
32	181
32	189
32	196
32	202
32	207
32	212
32	215
32	220
32	223
32	227
32	230
32	234
32	237
32	241
32	244
32	248
32	251
32	255
32	259
32	263
32	267
32	272
32	276
32	281
32	286
32	292
32	298
32	305
32	312
32	320
32	329
32	339
32	353
33	171
33	181
33	189
33	195
33	201
33	206
33	211
33	214
33	219
33	222
33	226
33	230
33	234
33	237
33	241
33	245
33	249
33	253
33	257
33	262
33	266
33	271
33	276
33	282
33	288
33	294
33	301
33	308
33	316
33	324
33	333
33	343
33	354
33	366
34	170
34	179
34	187
34	193
34	199
34	203
34	208
34	212
34	217
34	221
34	225
34	230
34	234
34	239
34	244
34	249
34	254
34	260
34	266
34	273
34	280
34	288
34	297
34	306
34	317
35	168
35	177
35	184
35	190
35	195
35	201
35	205
35	210
35	214
35	218
35	222
35	226
35	230
35	234
35	238
35	243
35	247
35	252
35	257
35	262
35	267
35	273
35	279
35	285
35	292
35	299
35	307
35	316
35	326
35	337
36	162
36	171
36	179
36	185
36	191
36	196
36	201
36	206
36	211
36	216
36	221
36	226
36	231
36	236
36	241
36	246
36	251
36	256
36	261
36	267
36	272
36	278
36	284
36	290
36	297
36	304
36	311
36	318
36	326
36	334
36	343
36	352
36	362
36	373
37	162
37	171
37	179
37	186
37	193
37	199
37	205
37	211
37	217
37	223
37	229
37	236
37	243
37	250
37	258
37	266
37	275
37	284
37	293
37	303
37	313
37	324
37	335
37	347
38	169
38	179
38	188
38	196
38	204
38	211
38	218
38	225
38	232
38	239
38	247
38	255
38	264
38	273
38	283
38	294
39	168
39	178
39	187
39	195
39	202
39	209
39	216
39	223
39	230
39	237
39	243
39	250
39	257
39	264
39	271
39	278
39	286
39	294
39	302
39	311
39	320
39	330
39	341
40	170
40	180
40	189
40	198
40	206
40	214
40	222
40	230
40	238
40	246
40	254
40	262
40	270
40	278
40	286
40	294
40	303
40	312
40	321
40	330
40	340
40	350
40	361
40	375
41	212
43	237
43	248
43	259
43	270
43	282
47	231
47	243
47	255
48	240
48	252
48	265
53	231
53	242
53	253
53	263
53	273
53	283
53	294
53	305
53	318
58	257
58	269
58	281
58	293
58	306
58	320
62	221
62	232
62	242
62	252
62	261
62	270
62	279
62	289
62	299
62	309
62	319
62	329
62	340
62	351
62	363
63	211
63	221
63	230
63	238
63	245
63	252
63	258
63	264
63	270
63	276
63	282
63	288
63	294
63	300
63	306
63	312
63	318
63	325
63	331
63	338
63	345
63	352
63	359
63	366
63	374
63	382
63	390
63	398
63	406
63	415
63	424
63	433
63	443
63	454
64	208
64	217
64	224
64	230
64	235
64	240
64	244
64	249
64	252
64	256
64	260
64	263
64	267
64	270
64	274
64	277
64	281
64	284
64	288
64	291
64	295
64	298
64	302
64	305
64	309
64	312
64	316
64	319
64	323
64	326
64	330
64	334
64	337
64	341
64	345
64	349
64	353
64	357
64	361
64	365
64	369
64	373
64	377
64	381
64	386
64	390
64	395
64	399
64	404
64	408
64	413
64	418
64	423
64	428
64	433
64	438
64	444
64	450
64	456
64	463
64	471
64	480
65	206
65	213
65	220
65	224
65	229
65	232
65	235
65	239
65	242
65	244
65	247
65	250
65	252
65	254
65	257
65	259
65	262
65	263
65	266
65	268
65	270
65	272
65	274
65	276
65	278
65	280
65	282
65	284
65	286
65	288
65	290
65	292
65	294
65	296
65	298
65	300
65	302
65	304
65	306
65	308
65	310
65	312
65	314
65	316
65	318
65	320
65	322
65	324
65	326
65	328
65	330
65	332
65	334
65	336
65	338
65	340
65	342
65	344
65	346
65	348
65	350
65	353
65	354
65	357
65	359
65	361
65	364
65	366
65	368
65	370
65	373
65	375
65	377
65	380
65	382
65	384
65	387
65	389
65	392
65	394
65	397
65	399
65	402
65	404
65	407
65	409
65	412
65	415
65	417
65	420
65	423
65	425
65	428
65	431
65	434
65	437
65	440
65	443
65	446
65	449
65	453
65	456
65	460
65	464
65	468
65	473
65	477
65	483
65	489
65	496
65	504
65	514
66	199
66	208
66	213
66	219
66	222
66	227
66	230
66	233
66	236
66	239
66	242
66	244
66	247
66	250
66	252
66	253
66	257
66	258
66	261
66	262
66	265
66	267
66	269
66	271
66	272
66	275
66	276
66	278
66	280
66	282
66	283
66	285
66	287
66	289
66	290
66	292
66	294
66	296
66	297
66	299
66	301
66	302
66	304
66	306
66	307
66	309
66	311
66	312
66	314
66	316
66	317
66	319
66	321
66	322
66	324
66	326
66	327
66	329
66	331
66	332
66	334
66	336
66	337
66	339
66	341
66	342
66	344
66	346
66	347
66	349
66	351
66	353
66	354
66	356
66	358
66	360
66	361
66	363
66	365
66	367
66	368
66	370
66	372
66	374
66	376
66	377
66	379
66	381
66	383
66	385
66	387
66	388
66	391
66	392
66	394
66	396
66	398
66	400
66	402
66	404
66	406
66	408
66	410
66	412
66	414
66	416
66	418
66	420
66	423
66	424
66	427
66	429
66	431
66	434
66	436
66	438
66	441
66	443
66	446
66	448
66	451
66	454
66	457
66	459
66	463
66	466
66	469
66	474
66	477
66	482
66	487
66	492
66	498
66	505
66	513
66	524
67	189
67	199
67	206
67	212
67	217
67	222
67	227
67	232
67	237
67	243
67	248
67	254
67	260
67	265
67	271
67	276
67	282
67	287
67	292
67	297
67	302
67	307
67	312
67	317
67	322
67	327
67	332
67	337
67	342
67	347
67	352
67	357
67	362
67	367
67	372
67	377
67	383
67	388
67	394
67	399
67	405
67	411
67	417
67	424
67	431
67	438
67	446
67	455
67	465
68	176
68	186
68	194
68	201
68	207
68	213
68	219
68	226
68	233
68	241
68	249
68	258
68	268
69	180
69	190
69	199
69	208
69	217
69	226
69	235
69	245
69	255
69	266
70	221
70	232
70	242
70	252
70	261
70	270
70	279
70	288
70	297
70	306
70	315
70	324
70	333
70	342
70	351
70	360
70	369
70	378
70	387
70	396
70	405
70	414
70	423
70	432
70	442
70	452
70	463
71	208
71	218
71	225
71	232
71	238
71	243
71	249
71	254
71	259
71	264
71	269
71	274
71	279
71	283
71	288
71	292
71	297
71	301
71	306
71	310
71	315
71	319
71	324
71	328
71	333
71	337
71	342
71	346
71	351
71	355
71	360
71	364
71	369
71	373
71	378
71	382
71	387
71	391
71	396
71	400
71	405
71	409
71	414
71	418
71	423
71	427
71	432
71	437
71	442
71	447
71	452
71	457
71	463
71	469
71	475
71	482
71	490
71	499
72	186
72	196
72	204
72	211
72	216
72	221
72	225
72	229
72	232
72	236
72	239
72	242
72	245
72	248
72	251
72	253
72	256
72	259
72	261
72	264
72	267
72	269
72	272
72	274
72	277
72	279
72	282
72	284
72	287
72	289
72	292
72	294
72	297
72	299
72	302
72	304
72	306
72	309
72	311
72	313
72	316
72	318
72	320
72	323
72	325
72	327
72	330
72	332
72	334
72	337
72	339
72	341
72	344
72	346
72	348
72	351
72	353
72	355
72	358
72	360
72	362
72	365
72	367
72	369
72	372
72	374
72	376
72	379
72	381
72	383
72	386
72	388
72	390
72	393
72	395
72	397
72	400
72	402
72	404
72	407
72	409
72	411
72	414
72	416
72	418
72	421
72	423
72	426
72	428
72	430
72	433
72	435
72	438
72	440
72	443
72	445
72	448
72	450
72	453
72	456
72	458
72	461
72	464
72	467
72	470
72	474
72	477
72	481
72	485
72	489
72	494
72	499
72	505
72	511
72	519
72	528
73	157
73	167
73	175
73	182
73	189
73	195
73	201
73	205
73	210
73	213
73	217
73	221
73	223
73	227
73	230
73	232
73	235
73	238
73	241
73	243
73	246
73	248
73	251
73	253
73	255
73	258
73	260
73	262
73	265
73	267
73	269
73	272
73	273
73	276
73	278
73	280
73	282
73	285
73	286
73	289
73	291
73	293
73	295
73	297
73	300
73	301
73	304
73	306
73	308
73	310
73	312
73	314
73	316
73	318
73	320
73	322
73	324
73	326
73	328
73	330
73	332
73	334
73	336
73	338
73	340
73	342
73	344
73	346
73	348
73	350
73	352
73	354
73	356
73	358
73	360
73	362
73	364
73	366
73	368
73	370
73	372
73	374
73	376
73	378
73	380
73	382
73	384
73	386
73	388
73	390
73	392
73	394
73	396
73	398
73	400
73	402
73	404
73	406
73	408
73	410
73	412
73	414
73	416
73	418
73	420
73	422
73	424
73	426
73	428
73	430
73	432
73	434
73	436
73	438
73	440
73	443
73	445
73	447
73	449
73	452
73	454
73	456
73	459
73	461
73	464
73	467
73	469
73	473
73	475
73	479
73	482
73	486
73	489
73	494
73	498
73	504
73	509
73	516
73	524
73	534
74	154
74	163
74	170
74	176
74	182
74	187
74	192
74	196
74	201
74	204
74	209
74	212
74	216
74	220
74	223
74	227
74	231
74	235
74	239
74	243
74	247
74	251
74	255
74	259
74	264
74	268
74	273
74	277
74	282
74	287
74	292
74	297
74	302
74	307
74	312
74	317
74	322
74	327
74	332
74	337
74	342
74	347
74	352
74	357
74	362
74	367
74	372
74	377
74	382
74	387
74	392
74	397
74	402
74	407
74	412
74	417
74	422
74	427
74	432
74	437
74	443
74	448
74	454
74	460
74	467
74	475
74	484
75	169
75	179
75	188
75	195
75	202
75	209
75	216
75	224
75	233
75	243
-1	-1
