-1	-1
0	397
0	407
0	416
0	424
0	432
0	440
0	448
0	457
0	466
0	475
0	484
0	494
0	504
0	515
0	526
0	538
1	421
1	433
1	445
1	457
1	469
1	482
4	457
4	468
4	479
4	489
4	499
4	509
4	519
4	529
4	539
4	550
4	561
4	572
4	583
4	594
4	605
4	616
4	627
4	638
4	650
4	664
5	439
5	450
5	460
5	469
5	477
5	485
5	493
5	501
5	508
5	515
5	523
5	531
5	539
5	547
5	555
5	563
5	571
5	579
5	587
5	595
5	603
5	611
5	619
5	627
5	635
5	643
5	652
5	661
5	671
5	681
5	693
6	420
6	431
6	441
6	450
6	458
6	465
6	472
6	478
6	484
6	490
6	496
6	502
6	508
6	513
6	519
6	524
6	530
6	535
6	541
6	546
6	552
6	557
6	563
6	568
6	574
6	579
6	585
6	590
6	595
6	601
6	606
6	611
6	617
6	622
6	628
6	633
6	639
6	645
6	651
6	657
6	663
6	670
6	677
6	685
6	693
6	702
6	712
7	402
7	414
7	424
7	433
7	441
7	448
7	454
7	460
7	465
7	470
7	474
7	479
7	483
7	488
7	492
7	496
7	500
7	504
7	508
7	512
7	516
7	520
7	524
7	528
7	532
7	536
7	540
7	544
7	548
7	552
7	556
7	560
7	564
7	568
7	572
7	576
7	580
7	584
7	588
7	592
7	595
7	599
7	603
7	606
7	610
7	614
7	617
7	621
7	625
7	628
7	632
7	636
7	640
7	644
7	648
7	652
7	657
7	661
7	666
7	671
7	676
7	682
7	688
7	694
7	701
7	708
7	716
7	726
8	390
8	401
8	411
8	420
8	428
8	435
8	441
8	447
8	452
8	457
8	461
8	465
8	470
8	473
8	477
8	481
8	484
8	488
8	492
8	495
8	499
8	502
8	506
8	509
8	513
8	516
8	520
8	523
8	527
8	530
8	534
8	537
8	541
8	545
8	548
8	552
8	556
8	559
8	563
8	567
8	571
8	574
8	578
8	582
8	585
8	589
8	593
8	596
8	600
8	604
8	608
8	612
8	616
8	620
8	624
8	628
8	632
8	636
8	640
8	645
8	649
8	654
8	658
8	663
8	668
8	673
8	678
8	684
8	689
8	695
8	701
8	708
8	715
8	723
8	732
8	743
9	379
9	390
9	400
9	409
9	418
9	425
9	431
9	437
9	442
9	447
9	452
9	456
9	461
9	465
9	470
9	474
9	478
9	482
9	486
9	490
9	494
9	498
9	502
9	507
9	511
9	516
9	520
9	525
9	529
9	534
9	539
9	544
9	549
9	554
9	559
9	564
9	569
9	574
9	579
9	584
9	589
9	594
9	599
9	604
9	609
9	615
9	620
9	626
9	632
9	638
9	644
9	650
9	656
9	662
9	668
9	675
9	682
9	689
9	697
9	706
9	716
9	727
10	369
10	379
10	388
10	396
10	404
10	411
10	418
10	425
10	431
10	437
10	443
10	449
10	455
10	461
10	467
10	474
10	481
10	488
10	495
10	502
10	509
10	516
10	523
10	530
10	537
10	544
10	551
10	558
10	565
10	572
10	579
10	586
10	593
10	600
10	607
10	614
10	621
10	628
10	636
10	644
10	652
10	660
10	668
10	677
10	686
10	696
10	708
11	376
11	387
11	397
11	406
11	415
11	423
11	431
11	439
11	447
11	455
11	464
11	473
11	482
11	492
11	502
11	512
11	521
11	530
11	539
11	548
11	557
11	566
11	575
11	584
11	593
11	602
11	612
11	622
11	632
11	642
11	652
11	662
11	673
11	684
12	379
12	391
12	402
12	413
12	424
12	435
12	446
12	457
12	469
12	509
12	521
12	532
12	543
12	554
12	565
12	576
12	587
12	598
12	609
12	620
12	631
12	643
12	655
13	540
13	552
13	564
13	576
13	588
13	602
13	640
13	653
14	446
14	458
14	470
14	482
14	494
14	505
14	516
14	527
14	538
14	549
14	559
14	569
14	579
14	589
14	599
14	609
14	620
14	631
14	641
14	651
14	661
14	672
14	683
14	695
15	428
15	439
15	449
15	458
15	467
15	475
15	483
15	491
15	499
15	507
15	515
15	523
15	531
15	539
15	547
15	555
15	563
15	571
15	579
15	587
15	596
15	605
15	614
15	623
15	632
15	641
15	649
15	657
15	665
15	673
15	682
15	691
15	700
15	709
15	719
15	730
15	743
16	417
16	428
16	437
16	445
16	452
16	459
16	465
16	471
16	477
16	483
16	489
16	495
16	501
16	507
16	513
16	518
16	524
16	529
16	535
16	540
16	546
16	551
16	557
16	562
16	568
16	574
16	580
16	586
16	593
16	600
16	607
16	614
16	621
16	628
16	635
16	642
16	649
16	656
16	663
16	670
16	677
16	684
16	691
16	698
16	705
16	712
16	719
16	727
16	735
16	744
16	754
16	765
17	406
17	417
17	427
17	435
17	442
17	449
17	455
17	461
17	467
17	472
17	478
17	483
17	488
17	493
17	498
17	502
17	507
17	511
17	515
17	519
17	522
17	526
17	530
17	533
17	537
17	540
17	544
17	547
17	551
17	554
17	558
17	561
17	565
17	568
17	572
17	576
17	580
17	584
17	588
17	593
17	597
17	602
17	607
17	612
17	618
17	624
17	630
17	636
17	642
17	648
17	654
17	659
17	664
17	669
17	674
17	679
17	684
17	689
17	694
17	699
17	704
17	710
17	716
17	722
17	728
17	735
17	742
17	750
17	759
17	769
18	401
18	412
18	422
18	431
18	439
18	446
18	452
18	458
18	463
18	468
18	472
18	477
18	481
18	485
18	489
18	492
18	496
18	500
18	503
18	507
18	510
18	513
18	516
18	519
18	522
18	525
18	528
18	531
18	533
18	536
18	539
18	541
18	544
18	547
18	549
18	552
18	555
18	557
18	560
18	563
18	565
18	568
18	571
18	574
18	577
18	580
18	583
18	586
18	589
18	593
18	596
18	600
18	603
18	607
18	611
18	615
18	619
18	623
18	628
18	632
18	637
18	641
18	646
18	651
18	656
18	661
18	666
18	671
18	676
18	681
18	686
18	691
18	696
18	701
18	706
18	711
18	717
18	723
18	729
18	736
18	743
18	751
18	760
18	770
19	409
19	420
19	430
19	438
19	445
19	451
19	456
19	461
19	464
19	469
19	472
19	475
19	479
19	481
19	484
19	487
19	490
19	492
19	495
19	498
19	500
19	503
19	506
19	508
19	511
19	514
19	516
19	519
19	522
19	524
19	527
19	530
19	532
19	535
19	538
19	540
19	543
19	546
19	549
19	552
19	555
19	558
19	561
19	564
19	567
19	570
19	574
19	577
19	580
19	584
19	587
19	591
19	595
19	599
19	603
19	607
19	611
19	615
19	619
19	624
19	628
19	633
19	637
19	642
19	646
19	651
19	655
19	660
19	665
19	669
19	674
19	678
19	683
19	688
19	693
19	698
19	703
19	708
19	713
19	718
19	724
19	730
19	736
19	743
19	751
19	760
19	770
20	402
20	413
20	422
20	430
20	437
20	443
20	449
20	454
20	459
20	463
20	467
20	471
20	473
20	477
20	480
20	483
20	485
20	489
20	491
20	493
20	497
20	499
20	501
20	504
20	507
20	509
20	512
20	514
20	517
20	519
20	522
20	524
20	527
20	529
20	532
20	535
20	537
20	540
20	543
20	546
20	548
20	552
20	554
20	558
20	560
20	564
20	567
20	570
20	574
20	577
20	580
20	584
20	587
20	591
20	594
20	598
20	602
20	605
20	609
20	613
20	617
20	621
20	625
20	629
20	633
20	637
20	641
20	645
20	649
20	653
20	657
20	662
20	666
20	671
20	676
20	681
20	686
20	691
20	697
20	702
20	708
20	714
20	721
20	728
20	736
20	745
20	755
21	387
21	398
21	408
21	417
21	424
21	431
21	436
21	441
21	446
21	450
21	454
21	458
21	462
21	465
21	469
21	472
21	476
21	479
21	483
21	486
21	489
21	493
21	496
21	499
21	503
21	506
21	509
21	513
21	516
21	519
21	523
21	526
21	529
21	533
21	536
21	539
21	542
21	545
21	548
21	551
21	554
21	557
21	560
21	563
21	566
21	569
21	572
21	575
21	578
21	581
21	583
21	587
21	589
21	592
21	595
21	597
21	600
21	603
21	605
21	608
21	611
21	613
21	616
21	619
21	621
21	624
21	626
21	629
21	631
21	634
21	636
21	639
21	641
21	644
21	647
21	649
21	652
21	655
21	657
21	660
21	663
21	666
21	669
21	672
21	675
21	678
21	682
21	685
21	689
21	693
21	697
21	701
21	706
21	711
21	716
21	722
21	728
21	735
21	743
21	753
22	379
22	389
22	398
22	406
22	413
22	419
22	424
22	430
22	434
22	439
22	443
22	447
22	451
22	455
22	459
22	463
22	467
22	470
22	474
22	478
22	481
22	485
22	488
22	492
22	495
22	498
22	502
22	504
22	508
22	511
22	513
22	517
22	519
22	522
22	524
22	527
22	530
22	532
22	534
22	537
22	539
22	541
22	543
22	546
22	548
22	550
22	552
22	554
22	556
22	558
22	560
22	562
22	563
22	566
22	567
22	569
22	571
22	572
22	574
22	576
22	578
22	579
22	581
22	583
22	584
22	586
22	588
22	589
22	591
22	592
22	594
22	596
22	597
22	599
22	600
22	602
22	603
22	605
22	606
22	608
22	609
22	611
22	612
22	614
22	615
22	617
22	618
22	620
22	621
22	623
22	624
22	626
22	627
22	629
22	630
22	632
22	633
22	635
22	636
22	638
22	639
22	641
22	643
22	644
22	646
22	647
22	649
22	651
22	653
22	654
22	656
22	658
22	660
22	662
22	664
22	666
22	668
22	670
22	672
22	675
22	677
22	679
22	682
22	684
22	687
22	689
22	692
22	695
22	698
22	701
22	705
22	708
22	712
22	716
22	720
22	725
22	730
22	736
22	742
22	749
22	757
22	767
23	367
23	377
23	385
23	392
23	399
23	405
23	411
23	416
23	421
23	425
23	430
23	433
23	437
23	441
23	444
23	448
23	451
23	455
23	458
23	462
23	466
23	469
23	473
23	477
23	480
23	484
23	488
23	491
23	495
23	498
23	502
23	505
23	509
23	512
23	515
23	519
23	521
23	524
23	527
23	530
23	532
23	535
23	538
23	540
23	542
23	545
23	547
23	550
23	551
23	553
23	556
23	558
23	560
23	562
23	563
23	566
23	567
23	569
23	571
23	572
23	574
23	576
23	577
23	579
23	581
23	582
23	584
23	585
23	587
23	589
23	590
23	592
23	593
23	595
23	596
23	598
23	599
23	601
23	602
23	604
23	605
23	607
23	608
23	610
23	611
23	613
23	614
23	616
23	617
23	619
23	620
23	622
23	624
23	625
23	627
23	628
23	630
23	632
23	633
23	635
23	637
23	638
23	640
23	642
23	644
23	646
23	647
23	649
23	651
23	653
23	655
23	657
23	659
23	661
23	664
23	665
23	668
23	670
23	673
23	675
23	677
23	680
23	683
23	685
23	688
23	691
23	694
23	697
23	700
23	703
23	707
23	710
23	714
23	718
23	722
23	727
23	731
23	737
23	743
23	750
23	758
23	767
24	361
24	371
24	379
24	386
24	392
24	398
24	403
24	409
24	413
24	418
24	422
24	427
24	431
24	435
24	439
24	443
24	447
24	451
24	455
24	459
24	462
24	466
24	470
24	473
24	477
24	480
24	483
24	486
24	489
24	492
24	495
24	498
24	501
24	503
24	506
24	509
24	511
24	514
24	517
24	519
24	522
24	525
24	527
24	530
24	533
24	535
24	538
24	541
24	543
24	546
24	549
24	552
24	555
24	557
24	561
24	563
24	566
24	569
24	572
24	575
24	578
24	581
24	584
24	587
24	590
24	593
24	596
24	599
24	602
24	605
24	608
24	612
24	614
24	618
24	621
24	624
24	627
24	630
24	633
24	636
24	639
24	642
24	645
24	648
24	651
24	653
24	657
24	659
24	662
24	665
24	668
24	670
24	674
24	676
24	679
24	682
24	685
24	688
24	691
24	695
24	697
24	701
24	704
24	708
24	711
24	715
24	719
24	723
24	728
24	733
24	738
24	744
24	750
24	757
24	766
24	777
25	358
25	368
25	376
25	383
25	390
25	396
25	402
25	408
25	413
25	419
25	424
25	429
25	434
25	439
25	443
25	448
25	452
25	456
25	460
25	464
25	468
25	472
25	476
25	480
25	483
25	487
25	490
25	493
25	496
25	499
25	502
25	504
25	507
25	510
25	512
25	515
25	517
25	520
25	522
25	524
25	527
25	529
25	531
25	534
25	536
25	538
25	541
25	543
25	545
25	548
25	550
25	553
25	555
25	557
25	560
25	562
25	565
25	567
25	570
25	573
25	575
25	578
25	581
25	584
25	586
25	590
25	592
25	595
25	598
25	601
25	604
25	607
25	610
25	613
25	616
25	619
25	622
25	625
25	628
25	632
25	635
25	638
25	642
25	645
25	648
25	652
25	655
25	659
25	662
25	666
25	669
25	673
25	677
25	681
25	685
25	689
25	694
25	698
25	703
25	708
25	713
25	719
25	725
25	731
25	738
25	746
25	755
25	766
26	357
26	367
26	375
26	382
26	389
26	395
26	401
26	407
26	413
26	419
26	424
26	430
26	435
26	440
26	444
26	449
26	452
26	456
26	459
26	462
26	465
26	469
26	471
26	475
26	478
26	481
26	484
26	487
26	490
26	494
26	496
26	500
26	503
26	506
26	510
26	513
26	517
26	520
26	524
26	527
26	531
26	535
26	538
26	542
26	546
26	550
26	554
26	558
26	562
26	567
26	571
26	576
26	581
26	586
26	591
26	596
26	601
26	607
26	612
26	618
26	624
26	630
26	636
26	642
26	648
26	654
26	661
26	668
26	675
26	682
26	690
26	698
26	706
26	714
26	723
26	732
26	742
26	754
27	360
27	370
27	379
27	387
27	394
27	401
27	408
27	414
27	420
27	426
27	432
27	437
27	442
27	447
27	451
27	455
27	459
27	462
27	465
27	468
27	471
27	474
27	477
27	480
27	483
27	485
27	489
27	491
27	494
27	497
27	500
27	503
27	506
27	509
27	512
27	516
27	518
27	522
27	526
27	529
27	533
27	537
27	541
27	545
27	549
27	554
27	558
27	563
27	568
27	573
27	579
27	585
27	591
27	597
27	603
27	609
27	615
27	621
27	626
27	632
27	637
27	643
27	648
27	654
27	660
27	666
27	672
27	678
27	685
27	692
27	700
27	708
27	716
27	725
27	734
27	744
27	755
28	392
28	403
28	412
28	420
28	427
28	434
28	440
28	446
28	451
28	456
28	461
28	466
28	471
28	476
28	481
28	486
28	491
28	496
28	501
28	506
28	511
28	516
28	521
28	527
28	533
28	539
28	545
28	552
28	559
28	566
28	573
28	580
28	587
28	594
28	601
28	608
28	615
28	622
28	629
28	636
28	644
28	652
28	661
28	671
28	683
29	399
29	409
29	418
29	426
29	433
29	439
29	444
29	449
29	454
29	459
29	463
29	468
29	473
29	478
29	483
29	488
29	493
29	499
29	505
29	511
29	518
29	525
29	533
29	541
29	550
29	560
29	570
29	582
30	400
30	410
30	419
30	426
30	432
30	438
30	443
30	449
30	454
30	459
30	464
30	469
30	475
30	480
30	486
30	492
30	498
30	504
30	511
30	518
30	525
30	533
30	541
30	549
30	557
30	566
30	575
30	584
30	593
30	602
30	612
30	622
30	632
30	644
31	407
31	417
31	424
31	431
31	437
31	443
31	449
31	455
31	461
31	467
31	474
31	481
31	489
31	497
31	506
31	516
31	527
31	538
31	550
31	563
31	577
32	410
32	420
32	428
32	434
32	440
32	445
32	451
32	456
32	462
32	468
32	474
32	481
32	488
32	496
32	504
32	513
32	523
32	535
33	409
33	419
33	427
33	433
33	439
33	445
33	451
33	457
33	464
33	471
33	478
33	486
33	495
33	504
33	514
33	524
33	535
33	548
34	397
34	407
34	416
34	424
34	432
34	440
34	448
34	456
34	465
34	474
34	484
34	496
35	376
35	387
35	396
35	404
35	411
35	418
35	424
35	430
35	436
35	442
35	448
35	454
35	461
35	468
35	475
35	483
35	492
35	502
35	514
36	363
36	373
36	381
36	389
36	396
36	402
36	408
36	414
36	420
36	425
36	431
36	436
36	442
36	447
36	453
36	459
36	466
36	473
36	480
36	488
36	497
36	507
36	518
37	231
37	358
37	367
37	374
37	381
37	387
37	393
37	399
37	405
37	410
37	416
37	422
37	428
37	434
37	440
37	446
37	453
37	460
37	468
37	477
37	486
37	497
38	357
38	366
38	374
38	381
38	388
38	394
38	401
38	407
38	413
38	419
38	425
38	431
38	437
38	444
38	450
38	457
38	464
38	472
38	480
38	489
38	498
38	508
39	352
39	362
39	370
39	376
39	382
39	388
39	394
39	400
39	405
39	411
39	416
39	422
39	428
39	434
39	440
39	446
39	452
39	458
39	464
39	470
39	476
39	483
39	490
39	497
39	504
39	512
39	520
39	529
39	539
39	550
39	563
40	349
40	358
40	364
40	370
40	374
40	379
40	382
40	386
40	390
40	394
40	398
40	402
40	406
40	410
40	415
40	419
40	424
40	429
40	435
40	441
40	447
40	454
40	461
40	468
40	475
40	482
40	489
40	496
40	504
40	512
40	520
40	528
40	536
40	545
40	554
40	564
40	574
40	585
40	597
41	350
41	359
41	365
41	371
41	375
41	380
41	384
41	388
41	392
41	396
41	400
41	404
41	408
41	413
41	417
41	422
41	427
41	433
41	439
41	446
41	453
41	461
41	470
41	480
41	493
42	359
42	369
42	378
42	387
42	396
42	405
42	414
42	424
42	434
42	445
42	456
47	440
47	452
47	463
47	474
47	486
48	381
48	392
48	402
48	412
48	423
48	434
48	445
48	455
48	465
48	475
48	485
48	495
48	505
48	516
48	527
48	539
48	553
52	448
52	460
52	473
53	449
53	460
53	471
53	481
53	491
53	501
53	511
53	522
53	534
56	382
57	440
57	453
58	477
58	489
58	501
58	512
58	524
58	536
59	512
59	524
59	536
59	547
59	558
59	569
59	580
59	591
59	602
59	614
59	626
61	390
61	402
61	414
61	426
61	438
61	450
61	462
61	475
62	379
62	389
62	398
62	407
62	416
62	425
62	434
62	443
62	451
62	459
62	467
62	476
62	485
62	494
62	503
62	513
62	523
62	534
62	546
63	417
63	428
63	437
63	445
63	452
63	459
63	466
63	472
63	478
63	484
63	490
63	496
63	502
63	508
63	515
63	522
63	529
63	536
63	543
63	551
63	559
63	567
63	575
63	584
63	593
63	602
63	611
63	620
63	629
63	638
63	647
63	657
63	667
63	677
63	687
63	698
64	427
64	436
64	443
64	450
64	455
64	460
64	464
64	469
64	473
64	477
64	481
64	485
64	489
64	493
64	496
64	500
64	504
64	507
64	511
64	515
64	519
64	523
64	527
64	531
64	535
64	539
64	543
64	547
64	551
64	556
64	560
64	565
64	569
64	574
64	578
64	583
64	588
64	593
64	598
64	603
64	608
64	613
64	618
64	623
64	628
64	633
64	638
64	643
64	648
64	653
64	658
64	664
64	669
64	675
64	680
64	686
64	692
64	698
64	704
64	711
64	718
64	726
64	735
64	746
65	382
65	395
65	416
65	426
65	433
65	440
65	443
65	448
65	452
65	454
65	459
65	461
65	464
65	467
65	470
65	472
65	475
65	477
65	480
65	482
65	484
65	487
65	489
65	491
65	493
65	496
65	498
65	500
65	502
65	505
65	506
65	509
65	511
65	513
65	515
65	518
65	519
65	522
65	524
65	526
65	528
65	531
65	533
65	535
65	537
65	540
65	542
65	544
65	547
65	549
65	551
65	554
65	556
65	559
65	561
65	564
65	566
65	569
65	571
65	574
65	576
65	579
65	582
65	584
65	587
65	590
65	592
65	595
65	598
65	600
65	604
65	606
65	609
65	612
65	615
65	618
65	621
65	624
65	627
65	630
65	633
65	636
65	639
65	642
65	645
65	648
65	651
65	654
65	657
65	660
65	663
65	666
65	669
65	672
65	675
65	678
65	681
65	685
65	688
65	691
65	695
65	698
65	702
65	705
65	709
65	713
65	717
65	722
65	727
65	732
65	738
65	745
65	753
65	762
66	368
66	378
66	387
66	395
66	403
66	411
66	419
66	426
66	432
66	436
66	441
66	444
66	448
66	451
66	453
66	457
66	460
66	462
66	464
66	467
66	470
66	472
66	473
66	476
66	478
66	481
66	482
66	484
66	487
66	488
66	491
66	492
66	494
66	496
66	498
66	500
66	502
66	503
66	506
66	507
66	509
66	511
66	513
66	514
66	516
66	518
66	520
66	522
66	523
66	525
66	527
66	529
66	531
66	532
66	534
66	536
66	538
66	540
66	541
66	544
66	545
66	547
66	549
66	551
66	553
66	555
66	556
66	559
66	560
66	562
66	564
66	566
66	568
66	570
66	572
66	574
66	576
66	578
66	580
66	582
66	584
66	586
66	588
66	590
66	592
66	594
66	596
66	598
66	600
66	603
66	604
66	607
66	609
66	611
66	613
66	616
66	617
66	620
66	622
66	624
66	627
66	629
66	631
66	634
66	636
66	638
66	641
66	643
66	646
66	648
66	650
66	653
66	656
66	658
66	661
66	664
66	666
66	669
66	672
66	675
66	678
66	681
66	684
66	687
66	690
66	694
66	697
66	700
66	704
66	708
66	712
66	716
66	721
66	726
66	731
66	737
66	744
66	752
66	762
67	360
67	369
67	376
67	382
67	387
67	392
67	397
67	402
67	407
67	412
67	417
67	421
67	426
67	430
67	434
67	438
67	442
67	446
67	450
67	455
67	459
67	464
67	468
67	473
67	478
67	483
67	488
67	493
67	498
67	503
67	508
67	513
67	518
67	523
67	528
67	533
67	538
67	543
67	548
67	553
67	558
67	563
67	568
67	573
67	578
67	583
67	588
67	594
67	599
67	605
67	611
67	617
67	623
67	629
67	636
67	643
67	651
67	659
67	668
67	678
67	689
68	358
68	366
68	372
68	378
68	383
68	388
68	393
68	397
68	402
68	406
68	410
68	414
68	418
68	422
68	426
68	430
68	434
68	438
68	443
68	447
68	452
68	457
68	463
68	469
68	476
68	484
68	493
68	503
68	515
69	370
69	381
69	391
69	401
69	410
69	419
69	428
69	437
69	446
69	455
69	465
69	476
69	488
70	440
70	451
70	461
70	471
70	481
70	490
70	499
70	508
70	517
70	526
70	535
70	544
70	553
70	562
70	571
70	580
70	589
70	598
70	606
70	614
70	622
70	630
70	638
70	646
70	654
70	662
70	670
70	678
70	686
70	695
70	704
70	713
70	723
70	735
71	401
71	414
71	425
71	434
71	442
71	449
71	455
71	461
71	466
71	471
71	476
71	481
71	486
71	491
71	495
71	500
71	504
71	509
71	513
71	518
71	522
71	527
71	531
71	536
71	540
71	545
71	549
71	554
71	558
71	563
71	567
71	572
71	576
71	581
71	585
71	589
71	594
71	598
71	602
71	606
71	610
71	614
71	618
71	622
71	626
71	630
71	634
71	638
71	642
71	646
71	650
71	654
71	658
71	662
71	666
71	670
71	674
71	678
71	682
71	686
71	690
71	695
71	699
71	704
71	708
71	713
71	717
71	722
71	727
71	733
71	739
71	746
71	754
71	763
72	369
72	379
72	387
72	395
72	402
72	409
72	416
72	422
72	428
72	433
72	438
72	442
72	446
72	450
72	453
72	457
72	460
72	463
72	466
72	469
72	472
72	474
72	477
72	480
72	482
72	485
72	488
72	490
72	493
72	495
72	498
72	500
72	503
72	505
72	508
72	510
72	512
72	515
72	517
72	520
72	522
72	524
72	527
72	529
72	531
72	534
72	536
72	538
72	541
72	543
72	545
72	548
72	550
72	552
72	555
72	557
72	559
72	562
72	564
72	566
72	569
72	571
72	573
72	576
72	578
72	580
72	583
72	585
72	587
72	590
72	592
72	594
72	597
72	599
72	601
72	603
72	606
72	608
72	610
72	612
72	615
72	617
72	619
72	621
72	624
72	626
72	628
72	630
72	633
72	635
72	637
72	639
72	642
72	644
72	646
72	648
72	651
72	653
72	655
72	657
72	660
72	662
72	664
72	666
72	669
72	671
72	673
72	675
72	678
72	680
72	682
72	685
72	687
72	689
72	692
72	694
72	696
72	699
72	701
72	704
72	706
72	708
72	711
72	714
72	716
72	719
72	722
72	725
72	727
72	731
72	734
72	737
72	741
72	745
72	749
72	754
72	758
72	764
72	770
72	777
72	786
72	797
73	361
73	370
73	377
73	382
73	387
73	392
73	396
73	401
73	404
73	409
73	412
73	416
73	420
73	423
73	427
73	430
73	433
73	436
73	439
73	442
73	444
73	448
73	450
73	452
73	455
73	458
73	460
73	462
73	465
73	467
73	470
73	472
73	474
73	477
73	479
73	481
73	483
73	486
73	488
73	490
73	492
73	494
73	497
73	498
73	501
73	503
73	505
73	507
73	509
73	511
73	513
73	515
73	517
73	519
73	521
73	523
73	525
73	527
73	529
73	531
73	533
73	535
73	537
73	539
73	541
73	543
73	545
73	547
73	549
73	551
73	553
73	555
73	557
73	559
73	561
73	563
73	565
73	567
73	569
73	571
73	573
73	575
73	577
73	579
73	581
73	582
73	585
73	586
73	588
73	590
73	592
73	594
73	596
73	597
73	600
73	601
73	603
73	605
73	607
73	609
73	611
73	612
73	615
73	616
73	618
73	620
73	622
73	624
73	626
73	627
73	630
73	631
73	633
73	635
73	637
73	639
73	641
73	643
73	645
73	646
73	649
73	650
73	652
73	654
73	656
73	658
73	660
73	662
73	664
73	666
73	668
73	670
73	672
73	674
73	676
73	678
73	680
73	682
73	684
73	686
73	688
73	690
73	693
73	694
73	697
73	699
73	701
73	704
73	706
73	708
73	710
73	713
73	715
73	718
73	720
73	723
73	726
73	728
73	732
73	735
73	738
73	742
73	746
73	749
73	754
73	758
73	764
73	770
73	777
73	785
73	795
74	361
74	370
74	376
74	382
74	386
74	391
74	394
74	399
74	402
74	406
74	409
74	413
74	416
74	419
74	422
74	425
74	428
74	431
74	434
74	437
74	440
74	443
74	446
74	449
74	453
74	456
74	459
74	463
74	466
74	470
74	474
74	478
74	482
74	486
74	490
74	495
74	499
74	504
74	508
74	513
74	517
74	522
74	526
74	531
74	535
74	540
74	544
74	549
74	553
74	558
74	562
74	567
74	571
74	576
74	580
74	584
74	589
74	593
74	597
74	602
74	606
74	610
74	615
74	619
74	624
74	628
74	633
74	637
74	642
74	647
74	652
74	657
74	662
74	667
74	672
74	678
74	684
74	690
74	696
74	703
74	710
74	717
74	725
74	734
74	745
75	379
75	389
75	398
75	406
75	414
75	421
75	428
75	436
75	444
75	453
75	463
-1	-1
