-1	-1
0	10
6	58
6	72
6	84
6	98
6	256
6	348
6	360
6	372
6	384
6	398
7	28
7	40
7	50
7	60
7	70
7	80
7	90
7	100
7	112
7	122
7	132
7	142
7	152
7	162
7	172
7	182
7	192
7	202
7	212
7	222
7	232
7	240
7	250
7	258
7	266
7	274
7	282
7	292
7	300
7	310
7	318
7	328
7	336
7	346
7	354
7	364
7	372
7	380
7	388
7	396
7	406
7	414
7	424
7	432
7	442
7	452
7	462
7	472
7	484
8	20
8	32
8	42
8	52
8	62
8	72
8	82
8	92
8	102
8	110
8	120
8	128
8	136
8	144
8	152
8	160
8	168
8	176
8	184
8	190
8	198
8	204
8	212
8	218
8	226
8	232
8	240
8	246
8	252
8	258
8	264
8	270
8	276
8	282
8	288
8	294
8	300
8	306
8	312
8	318
8	324
8	330
8	336
8	342
8	348
8	354
8	360
8	366
8	372
8	378
8	384
8	390
8	396
8	402
8	408
8	414
8	420
8	426
8	432
8	438
8	444
8	450
8	456
8	462
8	468
8	476
8	484
8	492
8	500
8	510
8	522
9	16
9	26
9	36
9	44
9	50
9	58
9	64
9	72
9	78
9	84
9	92
9	98
9	104
9	110
9	116
9	122
9	128
9	134
9	138
9	144
9	150
9	156
9	160
9	166
9	172
9	178
9	184
9	188
9	194
9	200
9	206
9	210
9	216
9	220
9	226
9	230
9	236
9	240
9	246
9	250
9	254
9	260
9	264
9	268
9	272
9	278
9	282
9	286
9	290
9	294
9	300
9	304
9	308
9	312
9	318
9	322
9	326
9	330
9	336
9	340
9	344
9	348
9	352
9	356
9	360
9	364
9	368
9	372
9	376
9	380
9	384
9	388
9	392
9	396
9	400
9	404
9	408
9	414
9	418
9	422
9	426
9	432
9	436
9	440
9	444
9	450
9	454
9	460
9	464
9	470
9	476
9	480
9	486
9	492
9	500
9	508
9	516
9	524
9	534
10	2
10	12
10	20
10	26
10	32
10	38
10	44
10	50
10	56
10	62
10	66
10	72
10	76
10	82
10	86
10	92
10	96
10	102
10	106
10	112
10	116
10	122
10	126
10	132
10	136
10	142
10	146
10	152
10	156
10	162
10	166
10	172
10	176
10	182
10	186
10	192
10	196
10	202
10	206
10	212
10	216
10	222
10	226
10	232
10	236
10	240
10	244
10	248
10	252
10	256
10	260
10	264
10	268
10	272
10	276
10	280
10	284
10	288
10	292
10	296
10	300
10	304
10	308
10	312
10	318
10	322
10	326
10	330
10	334
10	338
10	342
10	346
10	350
10	354
10	358
10	362
10	366
10	370
10	374
10	378
10	382
10	386
10	390
10	394
10	398
10	402
10	406
10	410
10	414
10	418
10	422
10	426
10	430
10	434
10	438
10	442
10	446
10	452
10	456
10	460
10	466
10	470
10	476
10	482
10	488
10	494
10	500
10	508
10	516
10	524
10	534
10	546
11	2
11	10
11	18
11	24
11	30
11	34
11	40
11	44
11	48
11	52
11	56
11	60
11	64
11	68
11	72
11	76
11	80
11	84
11	88
11	92
11	96
11	100
11	104
11	108
11	112
11	116
11	120
11	124
11	128
11	132
11	136
11	140
11	144
11	148
11	154
11	158
11	162
11	166
11	172
11	176
11	180
11	184
11	190
11	194
11	198
11	202
11	206
11	210
11	214
11	218
11	222
11	226
11	230
11	234
11	238
11	242
11	246
11	250
11	254
11	258
11	262
11	266
11	270
11	274
11	278
11	282
11	286
11	290
11	294
11	296
11	300
11	304
11	308
11	312
11	316
11	320
11	324
11	328
11	332
11	336
11	340
11	344
11	348
11	352
11	354
11	358
11	362
11	366
11	370
11	374
11	376
11	380
11	384
11	388
11	392
11	396
11	400
11	404
11	408
11	412
11	416
11	420
11	424
11	428
11	432
11	436
11	440
11	444
11	448
11	454
11	458
11	462
11	468
11	472
11	478
11	484
11	490
11	496
11	504
11	512
11	520
11	530
11	544
12	2
12	10
12	16
12	22
12	26
12	32
12	36
12	40
12	46
12	50
12	54
12	58
12	62
12	66
12	70
12	74
12	78
12	82
12	86
12	90
12	94
12	98
12	102
12	106
12	112
12	116
12	120
12	126
12	130
12	136
12	140
12	146
12	150
12	156
12	160
12	166
12	170
12	176
12	180
12	186
12	190
12	196
12	200
12	206
12	210
12	216
12	220
12	226
12	230
12	236
12	240
12	246
12	250
12	256
12	260
12	266
12	270
12	276
12	280
12	286
12	290
12	296
12	300
12	306
12	310
12	316
12	320
12	326
12	330
12	336
12	340
12	346
12	350
12	356
12	360
12	364
12	370
12	374
12	378
12	382
12	388
12	392
12	398
12	402
12	408
12	412
12	418
12	422
12	428
12	432
12	438
12	444
12	448
12	454
12	460
12	466
12	474
12	480
12	488
12	498
12	508
12	518
12	530
13	2
13	10
13	18
13	24
13	30
13	34
13	40
13	44
13	48
13	54
13	58
13	62
13	66
13	72
13	76
13	80
13	86
13	90
13	94
13	100
13	104
13	110
13	116
13	122
13	128
13	134
13	140
13	146
13	152
13	158
13	166
13	172
13	180
13	186
13	192
13	198
13	204
13	210
13	216
13	222
13	228
13	234
13	240
13	246
13	252
13	258
13	264
13	270
13	276
13	282
13	288
13	294
13	300
13	306
13	312
13	318
13	324
13	330
13	336
13	342
13	348
13	354
13	360
13	366
13	372
13	378
13	384
13	390
13	396
13	402
13	408
13	414
13	420
13	426
13	432
13	438
13	446
13	452
13	460
13	466
13	474
13	484
13	494
13	504
13	516
14	12
14	22
14	30
14	36
14	44
14	50
14	56
14	62
14	68
14	74
14	82
14	88
14	96
14	102
14	110
14	116
14	124
14	132
14	140
14	148
14	156
14	164
14	172
14	180
14	188
14	196
14	204
14	212
14	218
14	226
14	232
14	240
14	246
14	254
14	260
14	266
14	274
14	280
14	288
14	294
14	302
14	308
14	316
14	324
14	332
14	340
14	348
14	354
14	362
14	370
14	378
14	386
14	394
14	402
14	410
14	418
14	426
14	434
14	442
14	450
14	460
14	470
14	480
15	20
15	32
15	42
15	50
15	60
15	68
15	78
15	86
15	96
15	104
15	112
15	120
15	128
15	136
15	144
15	152
15	160
15	168
15	176
15	182
15	190
15	196
15	204
15	210
15	218
15	224
15	230
15	238
15	244
15	250
15	256
15	262
15	268
15	276
15	282
15	288
15	296
15	302
15	310
15	316
15	324
15	330
15	338
15	344
15	352
15	358
15	366
15	372
15	380
15	388
15	396
15	404
15	412
15	420
15	428
15	436
15	444
15	452
15	460
15	470
15	480
15	490
16	30
16	40
16	52
16	62
16	72
16	82
16	90
16	100
16	108
16	118
16	126
16	134
16	142
16	148
16	156
16	162
16	170
16	176
16	182
16	188
16	194
16	200
16	206
16	212
16	216
16	222
16	228
16	234
16	238
16	244
16	250
16	254
16	260
16	264
16	270
16	276
16	280
16	286
16	292
16	298
16	302
16	308
16	314
16	320
16	326
16	332
16	338
16	344
16	350
16	356
16	362
16	368
16	374
16	380
16	386
16	392
16	398
16	404
16	410
16	416
16	424
16	430
16	438
16	444
16	452
16	460
16	468
16	476
16	486
16	496
16	506
16	516
16	530
17	30
17	42
17	52
17	60
17	70
17	78
17	86
17	94
17	102
17	108
17	116
17	122
17	130
17	136
17	142
17	148
17	154
17	158
17	164
17	170
17	174
17	180
17	184
17	190
17	194
17	200
17	204
17	210
17	214
17	218
17	222
17	228
17	232
17	236
17	240
17	244
17	248
17	252
17	256
17	260
17	264
17	268
17	272
17	276
17	280
17	284
17	288
17	294
17	298
17	302
17	308
17	312
17	318
17	322
17	328
17	332
17	338
17	342
17	348
17	352
17	358
17	362
17	368
17	372
17	378
17	382
17	388
17	392
17	398
17	402
17	408
17	414
17	418
17	424
17	430
17	436
17	442
17	448
17	454
17	460
17	466
17	474
17	480
17	488
17	496
17	506
17	514
17	522
17	530
17	538
17	548
17	558
17	568
17	580
18	22
18	32
18	42
18	52
18	60
18	68
18	76
18	84
18	90
18	96
18	102
18	108
18	114
18	118
18	124
18	128
18	134
18	138
18	144
18	148
18	152
18	156
18	160
18	164
18	168
18	172
18	176
18	180
18	184
18	188
18	192
18	196
18	200
18	202
18	206
18	210
18	214
18	216
18	220
18	224
18	228
18	230
18	234
18	238
18	242
18	244
18	248
18	252
18	256
18	258
18	262
18	266
18	268
18	272
18	276
18	280
18	282
18	286
18	290
18	294
18	296
18	300
18	304
18	308
18	312
18	316
18	320
18	324
18	328
18	332
18	336
18	340
18	344
18	348
18	352
18	356
18	360
18	364
18	368
18	372
18	376
18	380
18	384
18	388
18	394
18	398
18	402
18	406
18	412
18	416
18	422
18	426
18	432
18	436
18	442
18	446
18	452
18	456
18	462
18	466
18	472
18	476
18	482
18	488
18	492
18	498
18	504
18	510
18	516
18	522
18	528
18	534
18	540
18	548
18	554
18	562
18	568
18	576
18	584
18	594
18	602
18	612
18	624
18	634
18	646
19	18
19	28
19	38
19	46
19	52
19	60
19	66
19	72
19	76
19	82
19	86
19	90
19	96
19	100
19	104
19	108
19	112
19	116
19	120
19	124
19	128
19	132
19	136
19	140
19	142
19	146
19	150
19	154
19	158
19	162
19	164
19	168
19	172
19	176
19	180
19	184
19	186
19	190
19	194
19	198
19	202
19	206
19	210
19	214
19	218
19	222
19	226
19	230
19	234
19	238
19	242
19	246
19	250
19	254
19	258
19	262
19	266
19	270
19	276
19	280
19	284
19	288
19	292
19	296
19	300
19	304
19	308
19	312
19	316
19	320
19	324
19	328
19	332
19	336
19	340
19	344
19	348
19	352
19	356
19	360
19	362
19	366
19	370
19	374
19	376
19	380
19	384
19	388
19	390
19	394
19	398
19	402
19	404
19	408
19	412
19	416
19	418
19	422
19	426
19	430
19	432
19	436
19	440
19	444
19	446
19	450
19	454
19	458
19	460
19	464
19	468
19	472
19	474
19	478
19	482
19	486
19	490
19	494
19	498
19	502
19	508
19	512
19	516
19	520
19	524
19	528
19	532
19	536
19	540
19	544
19	548
19	552
19	556
19	562
19	566
19	572
19	576
19	582
19	588
19	596
19	602
19	610
19	620
19	630
19	640
19	650
20	14
20	24
20	32
20	40
20	48
20	54
20	60
20	64
20	70
20	74
20	78
20	82
20	86
20	90
20	94
20	98
20	102
20	106
20	108
20	112
20	116
20	120
20	124
20	126
20	130
20	134
20	138
20	142
20	146
20	150
20	154
20	158
20	162
20	166
20	170
20	174
20	178
20	184
20	188
20	192
20	196
20	202
20	206
20	212
20	216
20	222
20	226
20	232
20	236
20	242
20	246
20	252
20	256
20	262
20	266
20	272
20	276
20	282
20	286
20	292
20	296
20	302
20	306
20	312
20	316
20	322
20	326
20	330
20	334
20	340
20	344
20	348
20	352
20	356
20	360
20	364
20	366
20	370
20	374
20	378
20	382
20	386
20	388
20	392
20	396
20	400
20	402
20	406
20	410
20	412
20	416
20	418
20	422
20	424
20	428
20	430
20	434
20	436
20	440
20	442
20	446
20	448
20	452
20	454
20	456
20	460
20	462
20	464
20	468
20	470
20	472
20	476
20	478
20	480
20	484
20	486
20	490
20	492
20	496
20	498
20	502
20	504
20	508
20	510
20	514
20	516
20	520
20	522
20	526
20	528
20	532
20	536
20	538
20	542
20	546
20	548
20	552
20	556
20	560
20	566
20	570
20	574
20	580
20	586
20	592
20	598
20	606
20	616
20	626
20	636
20	648
21	10
21	20
21	26
21	34
21	40
21	44
21	50
21	54
21	58
21	62
21	66
21	70
21	74
21	78
21	82
21	86
21	90
21	94
21	98
21	102
21	106
21	110
21	114
21	118
21	122
21	128
21	132
21	136
21	140
21	146
21	150
21	154
21	158
21	164
21	168
21	172
21	176
21	182
21	186
21	190
21	194
21	200
21	204
21	208
21	212
21	218
21	222
21	226
21	230
21	236
21	240
21	244
21	248
21	252
21	256
21	260
21	264
21	268
21	272
21	276
21	280
21	284
21	288
21	292
21	296
21	298
21	302
21	306
21	310
21	312
21	316
21	320
21	322
21	326
21	328
21	332
21	334
21	338
21	340
21	344
21	346
21	350
21	352
21	356
21	358
21	362
21	364
21	368
21	370
21	372
21	376
21	378
21	382
21	384
21	386
21	390
21	392
21	394
21	398
21	400
21	402
21	406
21	408
21	410
21	412
21	416
21	418
21	420
21	422
21	426
21	428
21	430
21	432
21	436
21	438
21	440
21	442
21	446
21	448
21	450
21	452
21	456
21	458
21	460
21	462
21	466
21	468
21	470
21	472
21	476
21	478
21	480
21	484
21	486
21	488
21	492
21	494
21	496
21	500
21	502
21	506
21	508
21	512
21	514
21	518
21	520
21	522
21	526
21	528
21	532
21	534
21	538
21	540
21	544
21	548
21	552
21	556
21	560
21	564
21	568
21	574
21	578
21	584
21	590
21	598
21	606
21	614
21	624
22	8
22	16
22	22
22	28
22	34
22	38
22	42
22	46
22	50
22	54
22	58
22	60
22	64
22	68
22	72
22	74
22	78
22	82
22	86
22	88
22	92
22	96
22	100
22	104
22	108
22	112
22	116
22	120
22	126
22	130
22	134
22	138
22	144
22	148
22	154
22	158
22	162
22	168
22	172
22	176
22	180
22	184
22	188
22	192
22	196
22	200
22	204
22	206
22	210
22	214
22	218
22	220
22	224
22	228
22	232
22	234
22	238
22	242
22	246
22	248
22	252
22	256
22	258
22	262
22	264
22	268
22	272
22	274
22	278
22	280
22	284
22	286
22	290
22	292
22	294
22	298
22	300
22	302
22	304
22	308
22	310
22	312
22	314
22	316
22	320
22	322
22	324
22	326
22	328
22	330
22	332
22	336
22	338
22	340
22	342
22	344
22	346
22	348
22	350
22	352
22	354
22	356
22	360
22	364
22	366
22	368
22	370
22	372
22	374
22	376
22	378
22	380
22	382
22	384
22	386
22	388
22	390
22	392
22	394
22	396
22	398
22	400
22	402
22	404
22	406
22	408
22	410
22	412
22	414
22	416
22	418
22	420
22	422
22	424
22	426
22	428
22	430
22	432
22	434
22	436
22	438
22	440
22	442
22	444
22	446
22	448
22	450
22	452
22	454
22	456
22	458
22	460
22	462
22	466
22	470
22	472
22	474
22	476
22	478
22	482
22	484
22	486
22	490
22	492
22	494
22	498
22	500
22	504
22	506
22	510
22	512
22	516
22	518
22	522
22	524
22	528
22	532
22	534
22	538
22	542
22	546
22	550
22	556
22	560
22	566
22	570
22	576
22	582
22	590
22	596
22	604
22	614
22	624
23	2
23	10
23	18
23	22
23	28
23	32
23	36
23	40
23	44
23	48
23	52
23	54
23	58
23	62
23	66
23	68
23	72
23	76
23	80
23	84
23	86
23	90
23	94
23	98
23	102
23	106
23	110
23	114
23	118
23	122
23	126
23	132
23	136
23	140
23	144
23	148
23	152
23	156
23	160
23	164
23	168
23	172
23	176
23	180
23	182
23	186
23	190
23	192
23	196
23	198
23	202
23	204
23	206
23	210
23	212
23	214
23	216
23	218
23	222
23	224
23	226
23	228
23	230
23	232
23	236
23	238
23	240
23	242
23	244
23	246
23	250
23	252
23	254
23	256
23	258
23	260
23	262
23	266
23	268
23	270
23	272
23	274
23	276
23	278
23	280
23	282
23	284
23	286
23	288
23	290
23	292
23	294
23	296
23	298
23	300
23	302
23	304
23	306
23	308
23	310
23	312
23	314
23	316
23	318
23	320
23	322
23	324
23	326
23	328
23	330
23	332
23	334
23	336
23	338
23	340
23	342
23	344
23	346
23	348
23	350
23	352
23	354
23	356
23	358
23	360
23	362
23	364
23	366
23	370
23	372
23	374
23	376
23	378
23	380
23	382
23	384
23	386
23	388
23	390
23	392
23	394
23	396
23	398
23	400
23	402
23	404
23	406
23	408
23	410
23	412
23	414
23	416
23	420
23	422
23	424
23	426
23	428
23	430
23	432
23	434
23	436
23	438
23	440
23	442
23	444
23	446
23	448
23	450
23	452
23	454
23	456
23	458
23	460
23	462
23	464
23	466
23	468
23	470
23	472
23	474
23	476
23	478
23	480
23	482
23	484
23	486
23	488
23	490
23	494
23	496
23	498
23	500
23	504
23	506
23	508
23	512
23	514
23	518
23	520
23	524
23	526
23	530
23	532
23	536
23	540
23	542
23	546
23	550
23	554
23	558
23	564
23	568
23	572
23	578
23	584
23	590
23	596
23	604
23	612
23	620
23	632
24	2
24	12
24	20
24	26
24	32
24	36
24	42
24	46
24	52
24	56
24	62
24	66
24	72
24	76
24	82
24	86
24	92
24	96
24	100
24	104
24	108
24	112
24	116
24	120
24	124
24	128
24	132
24	136
24	140
24	144
24	148
24	152
24	154
24	158
24	162
24	164
24	168
24	170
24	174
24	176
24	180
24	182
24	184
24	188
24	190
24	192
24	194
24	198
24	200
24	202
24	204
24	206
24	208
24	210
24	212
24	214
24	216
24	218
24	220
24	222
24	224
24	226
24	228
24	230
24	232
24	234
24	236
24	238
24	240
24	242
24	244
24	246
24	248
24	250
24	252
24	254
24	256
24	258
24	260
24	262
24	264
24	266
24	268
24	270
24	272
24	274
24	276
24	278
24	280
24	282
24	284
24	286
24	288
24	290
24	292
24	294
24	296
24	298
24	300
24	302
24	304
24	306
24	308
24	310
24	312
24	314
24	316
24	318
24	320
24	322
24	324
24	326
24	328
24	330
24	332
24	334
24	336
24	338
24	340
24	342
24	344
24	346
24	348
24	350
24	352
24	354
24	356
24	358
24	360
24	362
24	364
24	366
24	368
24	370
24	372
24	374
24	376
24	378
24	380
24	382
24	384
24	388
24	390
24	392
24	394
24	396
24	398
24	400
24	402
24	404
24	406
24	408
24	410
24	412
24	414
24	416
24	418
24	420
24	422
24	424
24	426
24	428
24	430
24	432
24	434
24	436
24	438
24	440
24	442
24	444
24	446
24	448
24	450
24	452
24	454
24	458
24	460
24	462
24	464
24	466
24	468
24	470
24	474
24	476
24	478
24	480
24	482
24	486
24	488
24	490
24	494
24	496
24	498
24	502
24	504
24	508
24	510
24	514
24	516
24	520
24	524
24	526
24	530
24	534
24	538
24	542
24	546
24	552
24	556
24	562
24	568
24	574
24	580
24	586
24	594
24	602
24	612
24	622
25	12
25	22
25	30
25	38
25	46
25	52
25	58
25	64
25	68
25	74
25	78
25	84
25	88
25	92
25	98
25	102
25	104
25	108
25	112
25	114
25	118
25	122
25	124
25	128
25	130
25	132
25	136
25	138
25	140
25	144
25	146
25	148
25	152
25	154
25	156
25	158
25	162
25	164
25	166
25	168
25	170
25	172
25	174
25	176
25	178
25	180
25	182
25	184
25	186
25	188
25	190
25	192
25	194
25	196
25	198
25	200
25	202
25	204
25	206
25	208
25	210
25	212
25	214
25	216
25	218
25	220
25	222
25	224
25	226
25	228
25	230
25	232
25	234
25	236
25	238
25	240
25	242
25	244
25	246
25	248
25	250
25	252
25	254
25	256
25	258
25	260
25	262
25	264
25	266
25	268
25	270
25	272
25	274
25	276
25	278
25	280
25	282
25	284
25	286
25	288
25	290
25	292
25	294
25	296
25	298
25	302
25	304
25	306
25	308
25	310
25	312
25	314
25	316
25	318
25	320
25	322
25	324
25	326
25	328
25	332
25	334
25	336
25	338
25	340
25	344
25	346
25	348
25	350
25	354
25	356
25	358
25	362
25	364
25	368
25	370
25	374
25	376
25	378
25	382
25	384
25	388
25	390
25	394
25	396
25	400
25	404
25	408
25	410
25	414
25	418
25	422
25	426
25	428
25	432
25	436
25	440
25	444
25	448
25	452
25	456
25	460
25	466
25	470
25	474
25	478
25	484
25	488
25	494
25	498
25	504
25	508
25	514
25	518
25	524
25	530
25	536
25	542
25	548
25	556
25	564
25	572
25	582
25	592
25	602
25	614
26	12
26	22
26	32
26	40
26	46
26	52
26	58
26	62
26	68
26	72
26	76
26	80
26	84
26	88
26	92
26	94
26	98
26	100
26	102
26	106
26	108
26	112
26	114
26	116
26	118
26	120
26	122
26	124
26	126
26	128
26	130
26	132
26	134
26	136
26	138
26	140
26	142
26	144
26	146
26	148
26	150
26	152
26	154
26	156
26	158
26	160
26	162
26	164
26	166
26	168
26	170
26	172
26	174
26	176
26	178
26	180
26	182
26	184
26	186
26	188
26	190
26	192
26	194
26	196
26	198
26	200
26	202
26	204
26	206
26	208
26	210
26	212
26	214
26	216
26	218
26	220
26	224
26	226
26	228
26	230
26	232
26	236
26	238
26	240
26	242
26	246
26	248
26	250
26	254
26	256
26	258
26	262
26	264
26	268
26	270
26	274
26	276
26	280
26	284
26	286
26	290
26	294
26	298
26	300
26	304
26	308
26	312
26	314
26	318
26	322
26	326
26	328
26	332
26	336
26	340
26	344
26	348
26	352
26	356
26	360
26	364
26	368
26	372
26	376
26	382
26	386
26	390
26	396
26	400
26	406
26	410
26	416
26	422
26	426
26	432
26	438
26	444
26	450
26	456
26	462
26	470
26	476
26	484
26	492
26	500
26	508
26	518
26	526
26	536
26	548
27	10
27	20
27	28
27	34
27	40
27	46
27	52
27	56
27	62
27	64
27	70
27	72
27	74
27	78
27	82
27	86
27	88
27	92
27	96
27	98
27	100
27	102
27	104
27	106
27	108
27	110
27	112
27	114
27	116
27	118
27	120
27	122
27	124
27	126
27	128
27	130
27	132
27	134
27	136
27	138
27	140
27	142
27	144
27	146
27	148
27	150
27	152
27	154
27	156
27	158
27	160
27	162
27	164
27	166
27	168
27	170
27	174
27	176
27	178
27	180
27	182
27	184
27	186
27	188
27	190
27	194
27	196
27	198
27	200
27	202
27	206
27	208
27	210
27	214
27	216
27	218
27	222
27	224
27	228
27	230
27	234
27	238
27	242
27	246
27	248
27	254
27	258
27	262
27	266
27	270
27	276
27	280
27	286
27	290
27	296
27	302
27	308
27	316
27	322
27	330
27	338
27	346
27	352
27	360
27	366
27	374
27	380
27	388
27	394
27	402
27	408
27	416
27	424
27	432
27	440
27	448
27	456
27	466
27	474
27	484
27	496
27	508
27	608
27	620
27	630
27	642
27	654
28	6
28	14
28	22
28	28
28	34
28	38
28	44
28	48
28	52
28	54
28	60
28	62
28	64
28	68
28	72
28	74
28	76
28	80
28	82
28	84
28	86
28	88
28	92
28	94
28	96
28	98
28	100
28	102
28	106
28	108
28	110
28	112
28	114
28	116
28	120
28	122
28	124
28	126
28	130
28	132
28	134
28	136
28	140
28	142
28	144
28	148
28	150
28	154
28	156
28	160
28	162
28	166
28	168
28	172
28	174
28	178
28	180
28	184
28	188
28	192
28	194
28	198
28	202
28	206
28	210
28	214
28	218
28	222
28	226
28	230
28	234
28	238
28	242
28	246
28	250
28	254
28	258
28	264
28	268
28	272
28	278
28	282
28	288
28	294
28	300
28	306
28	312
28	318
28	326
28	332
28	340
28	348
28	356
28	364
28	372
28	380
28	388
28	398
28	406
28	416
28	426
28	436
28	446
28	456
28	468
28	610
28	620
28	630
28	640
28	648
28	658
29	2
29	10
29	16
29	22
29	26
29	32
29	34
29	40
29	42
29	46
29	50
29	52
29	56
29	58
29	62
29	64
29	66
29	70
29	72
29	74
29	76
29	80
29	82
29	84
29	86
29	90
29	92
29	94
29	96
29	100
29	102
29	104
29	106
29	110
29	112
29	114
29	118
29	120
29	124
29	126
29	130
29	132
29	136
29	138
29	142
29	146
29	150
29	154
29	158
29	160
29	166
29	168
29	174
29	176
29	182
29	186
29	190
29	194
29	198
29	204
29	208
29	214
29	218
29	224
29	228
29	234
29	240
29	246
29	252
29	258
29	264
29	270
29	276
29	284
29	290
29	298
29	304
29	312
29	318
29	326
29	332
29	340
29	348
29	358
29	366
29	376
29	386
29	396
29	406
29	416
29	428
29	438
29	450
29	622
29	632
29	642
29	652
29	662
30	2
30	10
30	16
30	22
30	24
30	28
30	32
30	34
30	38
30	40
30	42
30	44
30	48
30	50
30	52
30	54
30	58
30	60
30	62
30	64
30	68
30	70
30	72
30	74
30	78
30	80
30	82
30	84
30	88
30	90
30	92
30	94
30	98
30	100
30	102
30	106
30	108
30	110
30	114
30	116
30	118
30	122
30	124
30	126
30	130
30	132
30	136
30	138
30	142
30	144
30	148
30	152
30	154
30	158
30	162
30	166
30	170
30	174
30	178
30	182
30	186
30	192
30	196
30	202
30	208
30	214
30	222
30	228
30	236
30	244
30	254
30	264
30	274
30	284
30	296
30	650
30	660
31	2
31	10
31	16
31	22
31	24
31	30
31	32
31	34
31	38
31	42
31	46
31	48
31	52
31	54
31	56
31	58
31	60
31	62
31	66
31	68
31	70
31	72
31	74
31	76
31	80
31	82
31	84
31	86
31	90
31	92
31	94
31	98
31	100
31	104
31	106
31	108
31	112
31	116
31	118
31	122
31	124
31	128
31	132
31	136
31	140
31	144
31	148
31	152
31	156
31	160
31	164
31	168
31	174
31	178
31	184
31	188
31	194
31	200
31	206
31	212
31	218
31	224
31	232
31	240
31	248
31	256
31	266
31	278
32	2
32	10
32	14
32	20
32	24
32	28
32	32
32	34
32	38
32	42
32	46
32	48
32	52
32	56
32	60
32	62
32	66
32	70
32	74
32	76
32	80
32	84
32	88
32	92
32	96
32	100
32	106
32	110
32	116
32	120
32	126
32	132
32	138
32	146
32	152
32	160
32	168
32	178
32	186
32	196
32	206
32	216
32	226
32	236
32	246
32	256
32	268
33	2
33	10
33	16
33	22
33	26
33	32
33	34
33	40
33	42
33	46
33	50
33	54
33	58
33	62
33	66
33	70
33	76
33	80
33	84
33	90
33	94
33	100
33	106
33	112
33	120
33	126
33	134
33	144
33	154
33	164
33	174
34	8
34	18
34	26
34	34
34	40
34	46
34	52
34	58
34	64
34	70
34	76
34	82
34	90
34	96
34	104
34	110
34	118
34	124
34	132
34	140
34	150
34	158
34	168
34	180
34	194
35	12
35	22
35	30
35	38
35	46
35	52
35	58
35	64
35	70
35	76
35	82
35	88
35	96
35	102
35	110
35	116
35	124
35	132
35	140
35	148
35	158
35	166
35	176
35	184
35	194
35	204
35	216
36	12
36	22
36	32
36	40
36	48
36	54
36	62
36	68
36	74
36	82
36	88
36	94
36	102
36	108
36	116
36	126
36	134
36	144
36	156
36	166
36	178
36	188
36	200
36	214
37	20
37	30
37	40
37	48
37	58
37	66
37	76
37	84
37	94
37	104
37	114
37	126
38	22
38	32
38	42
38	50
38	58
38	64
38	72
38	78
38	86
38	92
38	100
38	106
38	114
38	122
38	130
38	140
38	150
38	160
38	172
39	32
39	44
39	54
39	62
39	72
39	80
39	88
39	94
39	102
39	108
39	116
39	122
39	130
39	136
39	144
39	150
39	158
39	166
39	174
39	184
39	192
39	202
39	214
40	42
40	54
40	66
40	76
40	88
40	98
40	108
40	118
40	128
40	136
40	144
40	152
40	160
40	168
40	176
40	184
40	192
40	200
40	208
40	216
40	226
40	234
40	244
40	256
41	60
41	72
41	84
41	96
41	178
41	188
41	200
41	210
41	220
41	230
41	240
41	250
41	260
41	272
43	52
43	64
43	74
43	86
43	98
44	42
44	54
44	64
44	72
44	82
44	90
44	100
44	108
44	118
44	126
44	136
44	146
44	158
45	62
45	74
45	84
45	94
45	104
45	112
45	122
45	130
45	138
45	146
45	154
45	164
45	172
45	182
45	194
46	128
46	140
46	150
46	160
46	170
46	180
46	190
46	200
46	212
46	224
47	52
47	64
47	76
47	86
47	98
48	68
48	80
48	94
50	42
50	54
50	64
50	74
50	82
50	92
50	100
50	110
50	120
50	130
50	142
51	48
51	58
51	66
51	74
51	82
51	90
51	98
51	106
51	112
51	120
51	126
51	134
51	142
51	150
51	158
51	168
51	176
51	186
51	198
52	70
52	82
52	92
52	102
52	110
52	118
52	126
52	134
52	142
52	150
52	156
52	164
52	170
52	178
52	186
52	194
52	202
52	210
52	218
52	228
52	238
52	248
53	142
53	152
53	162
53	172
53	182
53	190
53	198
53	206
53	214
53	222
53	230
53	238
53	248
53	256
53	266
53	276
53	288
57	62
57	74
57	86
57	98
58	48
58	60
58	68
58	78
58	86
58	94
58	102
58	112
58	120
58	130
58	140
58	154
59	42
59	52
59	60
59	68
59	76
59	82
59	88
59	94
59	100
59	106
59	112
59	118
59	126
59	132
59	140
59	146
59	154
59	162
59	172
59	182
59	192
60	52
60	62
60	72
60	80
60	88
60	94
60	102
60	108
60	114
60	122
60	128
60	134
60	140
60	148
60	154
60	162
60	168
60	176
60	184
60	194
60	202
60	212
60	222
60	232
60	244
61	56
61	68
61	78
61	88
61	98
61	108
61	118
61	128
61	138
61	148
61	158
61	168
61	178
61	188
61	198
61	208
61	218
61	228
61	238
61	248
61	258
61	268
61	280
61	290
61	302
61	316
62	34
62	44
62	52
62	60
62	68
62	76
62	82
62	90
62	96
62	104
62	110
62	118
62	126
62	134
62	142
62	150
62	160
62	170
62	182
62	288
62	302
62	314
62	326
62	338
62	350
62	364
63	28
63	36
63	44
63	50
63	54
63	60
63	64
63	70
63	74
63	78
63	82
63	86
63	90
63	94
63	98
63	102
63	106
63	110
63	116
63	120
63	124
63	128
63	134
63	138
63	144
63	148
63	154
63	160
63	166
63	172
63	178
63	186
63	194
63	202
63	210
63	220
63	234
63	498
63	510
63	522
63	536
64	22
64	32
64	40
64	46
64	52
64	58
64	62
64	66
64	72
64	74
64	80
64	82
64	86
64	90
64	94
64	98
64	100
64	104
64	108
64	110
64	114
64	118
64	120
64	124
64	128
64	130
64	134
64	138
64	140
64	144
64	148
64	152
64	154
64	158
64	162
64	166
64	170
64	174
64	178
64	182
64	186
64	190
64	196
64	200
64	206
64	210
64	216
64	222
64	228
64	236
64	242
64	250
64	258
64	268
64	278
64	290
64	460
64	470
64	480
64	490
64	498
64	508
64	516
64	526
64	536
64	548
65	24
65	34
65	44
65	52
65	60
65	68
65	76
65	84
65	90
65	96
65	102
65	108
65	114
65	120
65	124
65	130
65	134
65	140
65	144
65	150
65	154
65	160
65	164
65	168
65	174
65	178
65	182
65	188
65	192
65	198
65	202
65	208
65	212
65	218
65	222
65	228
65	234
65	238
65	244
65	250
65	256
65	262
65	268
65	276
65	282
65	290
65	298
65	306
65	314
65	324
65	334
65	344
65	358
65	400
65	412
65	424
65	434
65	442
65	452
65	460
65	468
65	474
65	482
65	488
65	496
65	502
65	510
65	518
65	526
65	534
65	544
66	20
66	30
66	38
66	46
66	54
66	62
66	68
66	76
66	84
66	92
66	100
66	108
66	118
66	126
66	136
66	144
66	154
66	162
66	172
66	180
66	190
66	198
66	208
66	216
66	226
66	234
66	244
66	252
66	262
66	270
66	278
66	286
66	294
66	302
66	310
66	320
66	328
66	338
66	346
66	356
66	366
66	376
66	386
66	396
66	406
66	414
66	424
66	432
66	440
66	448
66	454
66	462
66	468
66	474
66	482
66	488
66	496
66	502
66	510
66	518
66	526
66	536
66	548
67	20
67	28
67	34
67	40
67	46
67	52
67	56
67	60
67	66
67	70
67	74
67	80
67	84
67	88
67	92
67	98
67	102
67	108
67	112
67	118
67	122
67	128
67	132
67	138
67	144
67	148
67	154
67	160
67	166
67	172
67	178
67	186
67	192
67	200
67	206
67	214
67	222
67	230
67	238
67	246
67	254
67	262
67	272
67	280
67	290
67	300
67	310
67	320
67	330
67	340
67	350
67	362
67	372
67	384
67	394
67	406
67	416
67	426
67	436
67	446
67	456
67	466
67	476
67	486
67	494
67	504
67	512
67	522
67	530
67	540
68	20
68	28
68	32
68	38
68	42
68	46
68	50
68	52
68	56
68	60
68	62
68	64
68	68
68	70
68	72
68	76
68	78
68	80
68	84
68	86
68	88
68	92
68	94
68	96
68	100
68	102
68	104
68	106
68	110
68	112
68	114
68	118
68	120
68	122
68	126
68	128
68	130
68	134
68	136
68	140
68	142
68	146
68	148
68	150
68	154
68	156
68	160
68	162
68	166
68	168
68	172
68	176
68	178
68	182
68	186
68	188
68	192
68	196
68	200
68	204
68	206
68	210
68	214
68	218
68	222
68	226
68	230
68	234
68	238
68	244
68	248
68	252
68	256
68	262
68	266
68	272
68	276
68	282
68	286
68	292
68	298
68	302
68	308
68	314
68	320
68	326
68	332
68	338
68	344
68	350
68	358
68	364
68	372
68	378
68	386
68	392
68	400
68	406
68	414
68	420
68	428
68	436
68	444
68	452
68	460
68	468
68	476
68	482
68	490
68	496
68	502
68	508
68	514
68	520
68	526
68	532
68	538
68	546
68	554
68	562
68	572
69	20
69	28
69	32
69	36
69	42
69	48
69	50
69	52
69	54
69	58
69	60
69	62
69	64
69	66
69	68
69	70
69	72
69	74
69	76
69	78
69	80
69	82
69	84
69	86
69	88
69	90
69	92
69	94
69	96
69	98
69	100
69	102
69	104
69	106
69	108
69	110
69	112
69	114
69	116
69	118
69	120
69	122
69	124
69	126
69	128
69	130
69	132
69	134
69	136
69	138
69	140
69	142
69	144
69	146
69	148
69	150
69	152
69	154
69	156
69	158
69	160
69	162
69	164
69	166
69	168
69	170
69	172
69	174
69	176
69	178
69	180
69	182
69	184
69	186
69	188
69	190
69	192
69	194
69	196
69	198
69	200
69	202
69	204
69	206
69	208
69	210
69	212
69	214
69	216
69	218
69	220
69	222
69	224
69	226
69	228
69	230
69	232
69	234
69	236
69	238
69	242
69	244
69	246
69	248
69	250
69	252
69	256
69	258
69	260
69	262
69	264
69	268
69	270
69	272
69	274
69	278
69	280
69	282
69	286
69	288
69	290
69	294
69	296
69	298
69	302
69	304
69	306
69	310
69	312
69	316
69	318
69	322
69	324
69	328
69	330
69	334
69	336
69	340
69	342
69	346
69	348
69	352
69	356
69	358
69	362
69	366
69	370
69	372
69	376
69	380
69	384
69	386
69	390
69	394
69	398
69	400
69	404
69	408
69	412
69	416
69	420
69	424
69	428
69	432
69	436
69	440
69	444
69	448
69	452
69	456
69	460
69	464
69	468
69	472
69	476
69	480
69	484
69	488
69	492
69	496
69	500
69	504
69	508
69	512
69	516
69	520
69	524
69	528
69	534
69	538
69	544
69	550
69	558
69	564
69	572
69	582
70	20
70	30
70	36
70	42
70	44
70	50
70	52
70	56
70	60
70	62
70	64
70	68
70	70
70	72
70	76
70	78
70	80
70	82
70	84
70	88
70	90
70	92
70	94
70	96
70	98
70	100
70	102
70	104
70	106
70	108
70	110
70	112
70	114
70	116
70	118
70	120
70	122
70	124
70	126
70	128
70	130
70	132
70	134
70	136
70	138
70	140
70	142
70	144
70	146
70	148
70	150
70	152
70	154
70	156
70	158
70	160
70	162
70	164
70	166
70	168
70	170
70	172
70	174
70	176
70	178
70	180
70	182
70	184
70	186
70	188
70	190
70	192
70	194
70	196
70	198
70	200
70	202
70	204
70	206
70	208
70	210
70	212
70	214
70	216
70	218
70	220
70	222
70	224
70	226
70	228
70	230
70	232
70	234
70	236
70	238
70	240
70	242
70	244
70	246
70	248
70	250
70	252
70	254
70	256
70	258
70	260
70	262
70	264
70	266
70	268
70	270
70	272
70	274
70	276
70	278
70	280
70	282
70	284
70	286
70	288
70	290
70	292
70	294
70	296
70	298
70	300
70	302
70	304
70	306
70	308
70	310
70	312
70	314
70	316
70	318
70	320
70	322
70	324
70	326
70	328
70	330
70	332
70	334
70	336
70	338
70	340
70	342
70	344
70	348
70	350
70	352
70	354
70	356
70	358
70	360
70	362
70	364
70	366
70	368
70	370
70	372
70	374
70	376
70	378
70	380
70	382
70	384
70	386
70	388
70	390
70	392
70	394
70	396
70	398
70	400
70	402
70	404
70	406
70	408
70	410
70	414
70	418
70	420
70	422
70	424
70	426
70	428
70	430
70	432
70	434
70	436
70	440
70	442
70	444
70	446
70	448
70	450
70	452
70	456
70	458
70	460
70	462
70	464
70	466
70	470
70	472
70	474
70	476
70	478
70	482
70	484
70	486
70	488
70	492
70	494
70	496
70	500
70	502
70	506
70	508
70	512
70	516
70	518
70	522
70	526
70	530
70	536
70	540
70	546
70	554
70	562
70	572
71	60
71	72
71	84
71	94
71	104
71	114
71	122
71	130
71	136
71	142
71	148
71	152
71	158
71	162
71	166
71	172
71	174
71	180
71	182
71	186
71	190
71	194
71	196
71	200
71	202
71	206
71	210
71	212
71	216
71	218
71	222
71	224
71	226
71	230
71	232
71	234
71	236
71	240
71	242
71	244
71	246
71	250
71	252
71	254
71	256
71	258
71	260
71	262
71	266
71	268
71	270
71	272
71	274
71	276
71	278
71	280
71	282
71	284
71	286
71	288
71	290
71	292
71	294
71	296
71	298
71	300
71	302
71	304
71	306
71	308
71	310
71	312
71	314
71	316
71	318
71	320
71	322
71	324
71	326
71	328
71	330
71	332
71	334
71	336
71	338
71	340
71	342
71	344
71	346
71	348
71	350
71	352
71	354
71	356
71	358
71	360
71	362
71	364
71	366
71	368
71	370
71	372
71	374
71	376
71	378
71	380
71	382
71	384
71	386
71	388
71	390
71	392
71	394
71	396
71	398
71	400
71	402
71	404
71	406
71	408
71	410
71	412
71	414
71	416
71	418
71	420
71	422
71	426
71	430
71	432
71	434
71	436
71	438
71	440
71	442
71	444
71	446
71	450
71	452
71	454
71	456
71	458
71	460
71	464
71	466
71	468
71	470
71	474
71	476
71	478
71	480
71	484
71	486
71	490
71	494
71	496
71	500
71	504
71	506
71	510
71	516
71	520
71	524
71	530
71	536
71	542
71	548
71	556
71	566
72	32
72	44
72	54
72	66
72	270
72	280
72	290
72	300
72	310
72	318
72	326
72	334
72	342
72	350
72	358
72	366
72	374
72	382
72	390
72	398
72	406
72	414
72	422
72	430
72	440
72	448
72	458
72	468
72	478
72	488
72	498
72	508
72	518
72	528
72	536
72	546
72	556
73	18
73	28
73	34
73	42
73	48
73	54
73	60
73	66
73	72
73	78
73	84
73	90
73	96
73	102
73	108
73	114
73	120
73	126
73	134
73	140
73	148
73	156
73	164
73	172
73	180
73	190
73	200
73	210
73	220
73	234
73	492
73	502
73	512
73	520
73	526
73	532
73	538
73	544
73	550
73	556
73	562
73	570
73	576
73	584
73	594
73	604
74	18
74	28
74	34
74	40
74	44
74	50
74	54
74	58
74	62
74	66
74	70
74	74
74	78
74	82
74	84
74	88
74	92
74	96
74	98
74	102
74	106
74	110
74	112
74	116
74	120
74	124
74	126
74	130
74	134
74	138
74	142
74	146
74	150
74	154
74	158
74	162
74	166
74	170
74	174
74	178
74	182
74	186
74	192
74	196
74	200
74	206
74	210
74	214
74	220
74	224
74	230
74	234
74	240
74	246
74	250
74	256
74	262
74	268
74	274
74	280
74	288
74	294
74	302
74	308
74	316
74	322
74	330
74	338
74	346
74	354
74	362
74	370
74	378
74	386
74	394
74	402
74	410
74	418
74	426
74	436
74	444
74	454
74	462
74	472
74	480
74	488
74	494
74	502
74	508
74	512
74	518
74	522
74	526
74	532
74	536
74	540
74	544
74	548
74	552
74	556
74	560
74	564
74	568
74	572
74	576
74	582
74	586
74	592
74	598
74	606
74	614
74	624
75	26
75	34
75	42
75	48
75	52
75	58
75	62
75	66
75	72
75	76
75	80
75	84
75	88
75	92
75	96
75	100
75	104
75	106
75	110
75	114
75	118
75	122
75	126
75	128
75	132
75	136
75	140
75	142
75	146
75	150
75	154
75	158
75	160
75	164
75	168
75	172
75	176
75	180
75	184
75	188
75	192
75	196
75	200
75	204
75	208
75	212
75	216
75	220
75	224
75	228
75	232
75	236
75	240
75	244
75	248
75	252
75	256
75	260
75	266
75	270
75	274
75	278
75	284
75	288
75	292
75	298
75	302
75	308
75	312
75	318
75	322
75	328
75	332
75	338
75	342
75	348
75	352
75	358
75	362
75	368
75	372
75	378
75	382
75	388
75	394
75	398
75	404
75	410
75	416
75	420
75	426
75	432
75	438
75	444
75	450
75	456
75	462
75	468
75	474
75	480
75	486
75	492
75	496
75	502
75	508
75	514
75	518
75	524
75	530
75	536
75	540
75	546
75	552
75	558
75	564
75	570
75	576
75	582
75	590
75	598
75	608
76	92
76	104
76	116
76	128
76	138
76	150
76	160
76	170
76	180
76	190
76	198
76	208
76	216
76	226
76	234
76	244
76	252
76	260
76	268
76	276
76	284
76	292
76	300
76	308
76	316
76	324
76	332
76	340
76	348
76	356
76	364
76	372
76	380
76	388
76	398
76	406
76	416
76	424
76	434
76	442
76	452
76	460
76	470
76	480
76	490
76	501
-1	-1
