-1	-1
8	362
9	328
9	340
9	351
9	362
9	373
9	384
9	395
9	406
9	417
9	427
9	437
9	447
9	457
9	467
9	478
10	219
10	230
10	240
10	250
10	259
10	269
10	279
10	289
10	300
10	311
10	323
10	334
10	345
10	356
10	367
10	378
10	388
10	398
10	408
10	417
10	425
10	433
10	440
10	447
10	454
10	461
10	468
10	475
10	483
10	491
10	501
11	209
11	220
11	230
11	239
11	248
11	257
11	266
11	275
11	284
11	293
11	303
11	313
11	324
11	336
11	348
11	360
11	372
11	384
11	396
11	406
11	415
11	423
11	430
11	437
11	443
11	450
11	456
11	463
11	469
11	476
11	483
11	491
11	500
11	513
12	189
12	200
12	211
12	221
12	230
12	239
12	248
12	256
12	264
12	272
12	280
12	288
12	296
12	304
12	313
12	322
12	331
12	341
12	351
12	362
12	374
12	397
12	408
12	418
12	427
12	435
12	442
12	449
12	456
12	463
12	470
12	477
12	484
12	492
12	501
12	512
13	220
13	231
13	241
13	250
13	258
13	266
13	273
13	280
13	287
13	294
13	301
13	308
13	316
13	324
13	332
13	340
13	349
13	358
13	368
13	378
13	390
13	417
13	428
13	439
13	449
13	459
13	469
13	480
14	226
14	237
14	246
14	254
14	262
14	269
14	276
14	283
14	290
14	297
14	304
14	311
14	318
14	325
14	333
14	341
14	349
14	357
14	366
14	375
14	385
14	396
14	408
15	220
15	231
15	241
15	250
15	258
15	265
15	272
15	279
15	286
15	293
15	300
15	307
15	314
15	321
15	328
15	335
15	343
15	351
15	359
15	367
15	375
15	384
15	393
15	403
15	413
15	425
16	217
16	227
16	236
16	244
16	252
16	259
16	266
16	272
16	278
16	284
16	290
16	296
16	302
16	308
16	314
16	320
16	326
16	332
16	338
16	344
16	350
16	356
16	363
16	370
16	377
16	384
16	391
16	399
16	407
16	416
16	425
16	435
16	445
16	456
17	213
17	223
17	232
17	240
17	247
17	253
17	259
17	264
17	269
17	274
17	278
17	283
17	287
17	292
17	296
17	300
17	304
17	308
17	312
17	316
17	320
17	324
17	328
17	332
17	336
17	340
17	345
17	349
17	354
17	358
17	363
17	367
17	372
17	376
17	381
17	386
17	391
17	396
17	401
17	407
17	412
17	418
17	424
17	430
17	436
17	442
17	449
17	456
17	463
17	471
17	480
17	490
18	209
18	219
18	227
18	233
18	239
18	244
18	249
18	253
18	258
18	262
18	266
18	270
18	274
18	277
18	281
18	284
18	288
18	291
18	294
18	298
18	301
18	304
18	307
18	311
18	313
18	317
18	320
18	323
18	326
18	329
18	332
18	335
18	338
18	341
18	344
18	347
18	350
18	353
18	356
18	359
18	362
18	365
18	368
18	371
18	374
18	377
18	380
18	384
18	387
18	390
18	394
18	397
18	401
18	404
18	408
18	411
18	415
18	419
18	423
18	427
18	431
18	435
18	439
18	443
18	447
18	451
18	456
18	460
18	465
18	469
18	474
18	479
18	485
18	491
18	498
18	506
18	515
18	525
19	196
19	207
19	215
19	222
19	229
19	234
19	240
19	244
19	249
19	253
19	257
19	261
19	265
19	269
19	272
19	276
19	279
19	283
19	286
19	289
19	292
19	295
19	298
19	301
19	304
19	307
19	310
19	313
19	316
19	319
19	322
19	325
19	328
19	331
19	333
19	337
19	339
19	342
19	345
19	347
19	350
19	353
19	355
19	358
19	361
19	363
19	366
19	369
19	371
19	374
19	377
19	379
19	382
19	385
19	388
19	390
19	394
19	396
19	399
19	402
19	405
19	408
19	411
19	414
19	417
19	420
19	424
19	427
19	430
19	434
19	437
19	440
19	444
19	447
19	451
19	454
19	458
19	462
19	466
19	470
19	474
19	478
19	483
19	488
19	494
19	500
19	507
19	515
19	524
19	536
20	177
20	188
20	197
20	205
20	212
20	219
20	224
20	230
20	235
20	240
20	245
20	250
20	254
20	259
20	263
20	268
20	272
20	277
20	281
20	286
20	290
20	294
20	299
20	303
20	307
20	311
20	315
20	319
20	323
20	327
20	331
20	335
20	339
20	343
20	347
20	351
20	354
20	358
20	362
20	365
20	369
20	372
20	376
20	379
20	383
20	386
20	390
20	393
20	397
20	400
20	404
20	407
20	411
20	414
20	418
20	421
20	424
20	428
20	431
20	435
20	438
20	442
20	445
20	449
20	452
20	456
20	459
20	463
20	467
20	471
20	475
20	479
20	484
20	489
20	495
20	501
20	508
20	516
20	526
21	181
21	192
21	202
21	210
21	218
21	225
21	231
21	237
21	243
21	249
21	255
21	261
21	267
21	273
21	279
21	285
21	291
21	297
21	302
21	308
21	313
21	318
21	323
21	328
21	332
21	337
21	341
21	345
21	349
21	353
21	357
21	361
21	364
21	368
21	371
21	375
21	378
21	382
21	385
21	388
21	392
21	395
21	398
21	402
21	405
21	408
21	412
21	414
21	418
21	421
21	424
21	427
21	430
21	433
21	436
21	439
21	442
21	445
21	448
21	451
21	454
21	457
21	460
21	464
21	467
21	471
21	475
21	478
21	483
21	487
21	492
21	497
21	503
21	509
21	516
21	524
21	534
22	210
22	221
22	231
22	240
22	249
22	257
22	265
22	273
22	280
22	287
22	293
22	299
22	304
22	310
22	314
22	319
22	323
22	327
22	331
22	335
22	339
22	342
22	346
22	349
22	352
22	356
22	359
22	362
22	365
22	368
22	371
22	374
22	377
22	380
22	382
22	385
22	388
22	391
22	393
22	396
22	399
22	402
22	405
22	407
22	411
22	413
22	416
22	419
22	422
22	425
22	428
22	431
22	434
22	437
22	440
22	443
22	446
22	449
22	452
22	455
22	458
22	461
22	465
22	468
22	471
22	475
22	478
22	482
22	486
22	490
22	495
22	500
22	506
22	512
22	519
22	527
22	537
23	230
23	241
23	251
23	260
23	268
23	275
23	282
23	288
23	293
23	298
23	302
23	306
23	311
23	313
23	318
23	321
23	324
23	328
23	331
23	334
23	337
23	340
23	343
23	346
23	349
23	352
23	354
23	358
23	360
23	363
23	366
23	368
23	371
23	374
23	376
23	379
23	382
23	384
23	387
23	390
23	393
23	396
23	399
23	402
23	405
23	408
23	411
23	414
23	417
23	421
23	424
23	428
23	431
23	435
23	438
23	442
23	446
23	450
23	454
23	458
23	462
23	466
23	471
23	475
23	480
23	485
23	490
23	496
23	502
23	508
23	515
23	523
23	533
24	230
24	241
24	250
24	258
24	265
24	271
24	276
24	281
24	285
24	290
24	293
24	297
24	301
24	303
24	307
24	310
24	313
24	316
24	319
24	322
24	325
24	328
24	331
24	333
24	336
24	339
24	342
24	344
24	347
24	350
24	353
24	356
24	359
24	362
24	365
24	368
24	371
24	374
24	377
24	380
24	384
24	387
24	391
24	394
24	398
24	402
24	406
24	410
24	415
24	419
24	424
24	429
24	434
24	439
24	445
24	451
24	457
24	463
24	469
24	476
24	483
24	490
24	498
24	506
24	516
25	228
25	238
25	246
25	253
25	260
25	265
25	271
25	275
25	280
25	283
25	288
25	291
25	295
25	298
25	302
25	305
25	309
25	312
25	316
25	319
25	323
25	326
25	330
25	334
25	337
25	341
25	345
25	349
25	353
25	357
25	362
25	366
25	371
25	376
25	381
25	386
25	392
25	398
25	404
25	411
25	418
25	426
25	434
25	442
25	451
25	460
25	469
25	479
25	489
25	501
26	218
26	228
26	236
26	243
26	249
26	254
26	259
26	263
26	268
26	272
26	276
26	280
26	284
26	288
26	292
26	296
26	300
26	304
26	308
26	312
26	316
26	320
26	325
26	329
26	334
26	338
26	343
26	348
26	354
26	360
26	366
26	373
26	380
26	387
26	395
26	404
26	414
26	424
26	435
27	208
27	218
27	226
27	232
27	238
27	243
27	248
27	252
27	256
27	260
27	264
27	268
27	272
27	275
27	279
27	283
27	287
27	291
27	295
27	299
27	303
27	307
27	311
27	316
27	320
27	325
27	330
27	335
27	340
27	346
27	352
27	358
27	365
27	372
27	379
27	387
27	396
27	405
27	415
27	426
28	196
28	206
28	214
28	221
28	227
28	232
28	236
28	241
28	244
28	249
28	252
28	256
28	260
28	263
28	267
28	271
28	274
28	278
28	282
28	286
28	290
28	294
28	298
28	303
28	307
28	312
28	317
28	322
28	327
28	332
28	338
28	344
28	350
28	356
28	363
28	370
28	377
28	384
28	392
28	400
28	409
28	418
28	428
28	439
28	451
29	176
29	187
29	197
29	205
29	212
29	218
29	223
29	228
29	232
29	236
29	240
29	244
29	248
29	252
29	256
29	260
29	264
29	268
29	272
29	276
29	280
29	284
29	288
29	293
29	297
29	302
29	306
29	311
29	316
29	321
29	326
29	331
29	336
29	342
29	347
29	353
29	359
29	365
29	371
29	377
29	384
29	391
29	398
29	406
29	414
29	422
29	431
29	440
29	450
29	460
29	471
29	483
29	495
29	509
30	166
30	176
30	184
30	192
30	199
30	205
30	211
30	216
30	221
30	225
30	230
30	234
30	238
30	242
30	246
30	250
30	255
30	259
30	264
30	268
30	273
30	278
30	283
30	288
30	293
30	298
30	303
30	308
30	313
30	318
30	323
30	328
30	333
30	338
30	344
30	349
30	355
30	360
30	366
30	372
30	378
30	384
30	390
30	396
30	402
30	408
30	415
30	422
30	429
30	436
30	444
30	452
30	461
30	470
30	480
30	490
30	501
30	512
31	158
31	168
31	175
31	182
31	188
31	194
31	199
31	204
31	209
31	213
31	218
31	222
31	226
31	231
31	235
31	239
31	244
31	248
31	253
31	257
31	262
31	267
31	272
31	277
31	282
31	287
31	292
31	297
31	302
31	307
31	312
31	317
31	322
31	327
31	332
31	337
31	341
31	346
31	350
31	354
31	359
31	363
31	367
31	371
31	375
31	379
31	383
31	387
31	391
31	395
31	399
31	404
31	408
31	413
31	417
31	422
31	427
31	432
31	437
31	442
31	448
31	454
31	460
31	467
31	475
31	483
31	493
31	504
32	158
32	167
32	174
32	181
32	187
32	192
32	197
32	202
32	207
32	211
32	216
32	220
32	225
32	229
32	234
32	238
32	243
32	248
32	253
32	258
32	263
32	268
32	273
32	278
32	283
32	288
32	293
32	298
32	302
32	307
32	311
32	315
32	319
32	323
32	327
32	331
32	335
32	339
32	342
32	346
32	349
32	353
32	356
32	360
32	363
32	366
32	369
32	372
32	375
32	378
32	381
32	384
32	387
32	390
32	393
32	396
32	399
32	402
32	406
32	408
32	412
32	415
32	419
32	422
32	426
32	429
32	433
32	437
32	441
32	445
32	449
32	454
32	458
32	464
32	469
32	475
32	482
32	490
32	499
32	511
33	167
33	177
33	186
33	194
33	201
33	208
33	214
33	220
33	226
33	232
33	238
33	244
33	250
33	256
33	262
33	268
33	273
33	278
33	283
33	288
33	292
33	296
33	300
33	303
33	307
33	310
33	313
33	316
33	319
33	322
33	325
33	328
33	331
33	334
33	337
33	340
33	343
33	345
33	349
33	351
33	354
33	357
33	359
33	362
33	365
33	367
33	370
33	373
33	376
33	378
33	381
33	384
33	387
33	389
33	393
33	395
33	398
33	401
33	404
33	407
33	410
33	414
33	416
33	420
33	423
33	427
33	430
33	434
33	437
33	441
33	445
33	449
33	453
33	458
33	463
33	468
33	474
33	480
33	487
33	495
33	505
34	198
34	209
34	219
34	228
34	237
34	245
34	252
34	259
34	264
34	270
34	274
34	279
34	283
34	287
34	291
34	294
34	298
34	301
34	304
34	307
34	311
34	313
34	316
34	319
34	322
34	324
34	327
34	330
34	332
34	335
34	338
34	340
34	343
34	346
34	348
34	351
34	354
34	356
34	359
34	362
34	365
34	367
34	370
34	373
34	376
34	379
34	382
34	385
34	388
34	391
34	395
34	397
34	401
34	404
34	408
34	411
34	415
34	418
34	422
34	426
34	430
34	434
34	438
34	443
34	447
34	452
34	457
34	463
34	469
34	476
34	484
34	494
35	208
35	219
35	228
35	237
35	244
35	251
35	256
35	261
35	265
35	269
35	273
35	276
35	280
35	283
35	286
35	290
35	292
35	296
35	299
35	302
35	305
35	308
35	311
35	314
35	317
35	320
35	323
35	326
35	329
35	332
35	335
35	338
35	341
35	344
35	347
35	350
35	354
35	356
35	360
35	363
35	367
35	370
35	374
35	377
35	381
35	385
35	389
35	393
35	397
35	401
35	406
35	410
35	415
35	420
35	425
35	431
35	437
35	444
35	451
35	459
35	468
36	208
36	218
36	227
36	235
36	242
36	248
36	253
36	258
36	262
36	265
36	269
36	272
36	275
36	279
36	281
36	285
36	287
36	291
36	293
36	297
36	299
36	303
36	306
36	309
36	312
36	316
36	319
36	322
36	326
36	329
36	333
36	336
36	340
36	344
36	348
36	352
36	356
36	360
36	365
36	369
36	374
36	379
36	384
36	390
36	396
36	402
36	409
36	416
36	424
36	433
36	443
37	207
37	217
37	225
37	232
37	239
37	243
37	248
37	252
37	256
37	260
37	263
37	267
37	270
37	274
37	277
37	281
37	284
37	288
37	291
37	295
37	298
37	302
37	306
37	309
37	314
37	317
37	322
37	326
37	331
37	336
37	341
37	347
37	353
37	359
37	366
37	373
37	381
37	390
37	400
37	411
38	208
38	218
38	226
38	232
38	238
38	243
38	248
38	252
38	256
38	260
38	264
38	268
38	272
38	276
38	280
38	284
38	288
38	293
38	297
38	302
38	307
38	312
38	318
38	324
38	330
38	337
38	344
38	352
38	361
38	371
38	382
39	192
39	203
39	212
39	220
39	225
39	231
39	234
39	239
39	242
39	246
39	250
39	253
39	257
39	260
39	264
39	267
39	271
39	274
39	278
39	282
39	286
39	290
39	295
39	299
39	305
39	310
39	316
39	322
39	329
39	336
39	344
39	353
39	363
39	374
40	178
40	188
40	197
40	204
40	211
40	216
40	221
40	225
40	230
40	233
40	237
40	241
40	244
40	248
40	251
40	255
40	258
40	262
40	266
40	269
40	274
40	277
40	282
40	286
40	291
40	296
40	301
40	307
40	313
40	319
40	326
40	334
40	342
40	351
40	361
41	163
41	173
41	182
41	190
41	197
41	203
41	209
41	214
41	219
41	223
41	227
41	231
41	234
41	238
41	242
41	245
41	249
41	253
41	257
41	261
41	265
41	269
41	274
41	278
41	284
41	289
41	295
41	301
41	308
41	315
41	323
41	332
41	342
42	158
42	167
42	174
42	181
42	188
42	194
42	200
42	205
42	211
42	215
42	220
42	223
42	227
42	231
42	234
42	238
42	242
42	245
42	249
42	253
42	257
42	261
42	265
42	269
42	274
42	279
42	284
42	290
42	296
42	302
42	309
42	317
42	326
42	336
43	157
43	165
43	172
43	178
43	184
43	190
43	195
43	200
43	205
43	210
43	214
43	218
43	222
43	226
43	230
43	234
43	238
43	242
43	246
43	250
43	254
43	258
43	263
43	267
43	272
43	277
43	282
43	288
43	294
43	300
43	307
43	315
43	323
43	332
43	343
44	158
44	167
44	174
44	181
44	187
44	193
44	199
44	204
44	209
44	214
44	219
44	224
44	229
44	234
44	239
44	244
44	249
44	254
44	259
44	264
44	270
44	275
44	281
44	287
44	294
44	301
44	309
44	318
44	328
44	340
45	161
45	171
45	179
45	186
45	193
45	199
45	205
45	211
45	216
45	222
45	228
45	234
45	240
45	246
45	253
45	260
45	267
45	274
45	282
45	290
45	299
45	309
46	178
46	188
46	196
46	203
46	210
46	217
46	223
46	229
46	235
46	241
46	248
46	255
46	262
46	270
46	278
46	287
46	297
46	308
47	199
47	210
47	219
47	227
47	235
47	243
47	251
47	259
47	268
47	277
47	287
47	298
48	207
48	217
48	226
48	235
48	244
48	252
48	261
48	270
48	280
48	291
49	220
49	231
49	242
49	252
49	262
49	272
49	282
49	293
53	229
53	240
53	251
53	262
53	273
54	221
54	231
54	240
54	249
54	257
54	265
54	273
54	282
54	292
54	304
55	220
55	230
55	239
55	248
55	256
55	264
55	273
55	282
55	292
55	303
59	229
59	240
59	251
59	261
59	272
59	284
60	220
60	230
60	239
60	248
60	256
60	264
60	272
60	281
60	290
60	300
60	312
61	223
61	234
61	243
61	252
61	261
61	269
61	277
61	285
61	294
61	303
61	313
61	325
62	238
62	249
62	260
62	271
62	282
62	293
62	304
62	315
63	230
63	241
63	250
63	259
63	268
63	277
63	287
63	297
63	307
63	318
63	330
64	227
64	237
64	245
64	253
64	260
64	267
64	274
64	281
64	288
64	296
64	304
64	312
64	321
64	330
64	340
64	350
64	361
64	372
64	384
64	398
65	218
65	228
65	237
65	245
65	253
65	260
65	267
65	274
65	281
65	288
65	295
65	303
65	311
65	319
65	328
65	337
65	346
65	355
65	364
65	373
65	382
65	391
65	400
65	409
65	419
65	429
65	440
65	452
65	464
66	179
66	191
66	203
66	214
66	223
66	231
66	238
66	244
66	250
66	256
66	262
66	268
66	273
66	279
66	284
66	289
66	295
66	300
66	306
66	312
66	318
66	324
66	331
66	338
66	346
66	354
66	362
66	370
66	379
66	388
66	397
66	406
66	416
66	426
66	435
66	444
66	454
66	464
66	475
67	210
67	220
67	228
67	234
67	240
67	244
67	249
67	253
67	257
67	261
67	264
67	268
67	271
67	275
67	278
67	282
67	285
67	288
67	292
67	295
67	298
67	302
67	305
67	308
67	312
67	315
67	319
67	322
67	326
67	330
67	334
67	338
67	342
67	347
67	351
67	356
67	361
67	366
67	372
67	378
67	384
67	390
67	397
67	404
67	411
67	418
67	425
67	432
67	439
67	446
67	453
67	461
67	469
67	478
68	207
68	216
68	223
68	229
68	233
68	238
68	242
68	245
68	249
68	252
68	255
68	258
68	261
68	263
68	266
68	269
68	271
68	274
68	276
68	279
68	281
68	283
68	286
68	288
68	290
68	293
68	295
68	297
68	299
68	302
68	304
68	306
68	308
68	311
68	313
68	315
68	317
68	320
68	322
68	324
68	327
68	329
68	331
68	334
68	336
68	339
68	341
68	344
68	347
68	349
68	352
68	355
68	358
68	360
68	364
68	366
68	370
68	373
68	376
68	380
68	383
68	387
68	390
68	394
68	397
68	401
68	405
68	409
68	413
68	417
68	421
68	425
68	429
68	434
68	438
68	443
68	448
68	453
68	459
68	465
68	471
68	478
68	486
68	495
68	506
69	169
69	180
69	190
69	199
69	208
69	216
69	223
69	229
69	235
69	240
69	245
69	250
69	255
69	260
69	264
69	269
69	273
69	277
69	281
69	284
69	288
69	292
69	295
69	299
69	302
69	305
69	309
69	311
69	315
69	317
69	321
69	323
69	326
69	329
69	332
69	334
69	337
69	340
69	342
69	345
69	348
69	350
69	353
69	356
69	358
69	361
69	364
69	366
69	369
69	372
69	374
69	377
69	380
69	383
69	385
69	389
69	391
69	394
69	397
69	400
69	403
69	406
69	409
69	413
69	416
69	420
69	423
69	427
69	431
69	435
69	439
69	443
69	447
69	451
69	456
69	460
69	465
69	469
69	474
69	479
69	485
69	491
69	497
69	505
69	514
69	525
70	177
70	188
70	198
70	207
70	216
70	224
70	231
70	238
70	244
70	250
70	256
70	262
70	268
70	274
70	280
70	286
70	292
70	298
70	304
70	310
70	316
70	322
70	328
70	334
70	339
70	345
70	350
70	355
70	360
70	365
70	370
70	375
70	380
70	385
70	390
70	395
70	400
70	405
70	410
70	416
70	421
70	426
70	431
70	436
70	440
70	444
70	448
70	452
70	456
70	460
70	464
70	468
70	472
70	476
70	480
70	484
70	488
70	493
70	497
70	503
70	508
70	515
70	522
70	531
70	543
71	206
71	216
71	224
71	231
71	237
71	242
71	247
71	252
71	256
71	261
71	264
71	269
71	272
71	276
71	280
71	283
71	287
71	290
71	294
71	297
71	301
71	304
71	307
71	311
71	314
71	317
71	321
71	324
71	328
71	331
71	335
71	338
71	342
71	346
71	349
71	354
71	357
71	362
71	366
71	370
71	374
71	378
71	383
71	387
71	392
71	396
71	401
71	405
71	410
71	414
71	418
71	422
71	426
71	430
71	433
71	437
71	440
71	443
71	446
71	449
71	452
71	455
71	458
71	461
71	464
71	467
71	471
71	474
71	478
71	481
71	485
71	489
71	493
71	498
71	503
71	508
71	514
71	521
71	529
71	539
72	169
72	180
72	190
72	200
72	209
72	217
72	223
72	229
72	234
72	239
72	243
72	247
72	251
72	254
72	258
72	261
72	264
72	268
72	271
72	273
72	277
72	279
72	282
72	285
72	287
72	290
72	292
72	295
72	297
72	300
72	302
72	305
72	307
72	310
72	312
72	314
72	317
72	319
72	321
72	324
72	326
72	328
72	331
72	333
72	335
72	338
72	340
72	342
72	345
72	347
72	349
72	352
72	354
72	357
72	359
72	362
72	364
72	367
72	369
72	372
72	374
72	377
72	379
72	382
72	384
72	387
72	389
72	392
72	394
72	397
72	399
72	402
72	404
72	407
72	409
72	412
72	414
72	417
72	419
72	422
72	424
72	427
72	429
72	432
72	434
72	437
72	439
72	442
72	445
72	447
72	450
72	454
72	456
72	460
72	463
72	467
72	470
72	475
72	478
72	484
72	488
72	494
72	500
72	507
72	516
73	172
73	183
73	193
73	203
73	212
73	221
73	231
73	241
73	251
73	261
73	270
73	279
73	287
73	294
73	300
73	306
73	311
73	316
73	321
73	324
73	329
73	332
73	336
73	340
73	343
73	346
73	350
73	352
73	356
73	358
73	362
73	364
73	367
73	370
73	372
73	375
73	378
73	380
73	383
73	386
73	388
73	391
73	394
73	396
73	399
73	402
73	404
73	407
73	410
73	413
73	416
73	418
73	422
73	425
73	428
73	432
73	435
73	439
73	443
73	447
73	451
73	456
73	461
73	466
73	471
73	477
73	483
73	490
73	498
73	507
74	438
74	449
74	458
74	466
74	473
74	480
74	487
74	494
74	502
74	511
74	522
75	198
75	209
75	219
75	227
75	234
75	241
75	247
75	253
75	258
75	263
75	268
75	273
75	278
75	283
75	288
75	293
75	298
75	304
75	309
75	315
75	321
75	327
75	334
75	341
75	348
75	356
75	364
75	372
75	381
75	390
75	399
75	408
75	417
75	425
75	433
75	440
75	446
75	452
75	458
75	463
75	468
75	473
75	477
75	482
75	486
75	491
75	496
75	501
75	507
75	513
75	520
75	528
75	538
76	168
76	178
76	187
76	195
76	202
76	209
76	215
76	221
76	226
76	231
76	236
76	241
76	245
76	250
76	254
76	258
76	262
76	266
76	270
76	274
76	278
76	282
76	286
76	290
76	294
76	298
76	302
76	306
76	310
76	315
76	319
76	324
76	328
76	333
76	337
76	342
76	347
76	352
76	357
76	362
76	367
76	373
76	378
76	384
76	390
76	396
76	402
76	408
76	414
76	420
76	425
76	431
76	436
76	442
76	447
76	453
76	459
76	465
76	471
76	477
76	483
76	489
76	496
76	504
76	513
76	524
77	188
77	199
77	209
77	218
77	226
77	234
77	241
77	248
77	255
77	262
77	269
77	277
77	285
77	293
77	301
77	309
77	317
77	325
77	334
77	343
77	352
77	361
77	370
77	379
77	388
77	397
77	406
77	415
77	424
77	434
77	445
-1	-1
