-1	-1
13	256
13	268
13	279
13	290
13	301
13	312
13	323
13	334
13	345
13	356
13	367
13	379
13	392
14	228
14	239
14	249
14	258
14	267
14	276
14	284
14	292
14	300
14	308
14	316
14	324
14	332
14	340
14	348
14	356
14	364
14	372
14	380
14	388
14	396
14	405
14	414
14	423
14	432
14	442
14	452
14	463
15	216
15	226
15	235
15	243
15	250
15	257
15	264
15	270
15	276
15	282
15	288
15	293
15	299
15	304
15	309
15	314
15	319
15	324
15	329
15	334
15	339
15	344
15	349
15	354
15	359
15	364
15	369
15	374
15	379
15	384
15	389
15	394
15	399
15	405
15	410
15	416
15	421
15	427
15	433
15	439
15	445
15	451
15	458
15	465
15	473
15	481
15	490
15	501
16	208
16	218
16	227
16	235
16	242
16	248
16	254
16	259
16	264
16	269
16	273
16	277
16	281
16	285
16	289
16	292
16	296
16	300
16	303
16	307
16	310
16	313
16	317
16	320
16	323
16	327
16	330
16	333
16	336
16	339
16	342
16	345
16	348
16	351
16	354
16	357
16	360
16	363
16	366
16	369
16	372
16	375
16	378
16	382
16	385
16	388
16	392
16	395
16	398
16	402
16	405
16	409
16	412
16	416
16	419
16	423
16	426
16	430
16	434
16	438
16	442
16	446
16	450
16	455
16	459
16	464
16	469
16	474
16	480
16	486
16	493
16	500
16	508
16	517
16	527
16	539
17	206
17	216
17	224
17	231
17	237
17	242
17	247
17	251
17	255
17	259
17	262
17	266
17	269
17	272
17	275
17	278
17	281
17	284
17	287
17	290
17	292
17	295
17	298
17	300
17	303
17	306
17	308
17	311
17	313
17	316
17	319
17	321
17	324
17	326
17	329
17	331
17	334
17	336
17	339
17	341
17	343
17	346
17	348
17	351
17	353
17	355
17	358
17	360
17	362
17	365
17	367
17	369
17	372
17	374
17	377
17	379
17	381
17	384
17	386
17	389
17	391
17	394
17	396
17	399
17	401
17	404
17	406
17	409
17	411
17	414
17	417
17	419
17	422
17	425
17	427
17	430
17	433
17	436
17	439
17	442
17	445
17	448
17	451
17	455
17	457
17	461
17	465
17	468
17	472
17	476
17	480
17	485
17	489
17	494
17	499
17	505
17	511
17	518
17	525
17	533
17	542
17	553
18	186
18	197
18	206
18	214
18	221
18	227
18	233
18	238
18	243
18	247
18	251
18	255
18	259
18	262
18	266
18	269
18	273
18	276
18	280
18	282
18	286
18	289
18	292
18	295
18	298
18	301
18	304
18	307
18	310
18	313
18	316
18	319
18	322
18	325
18	328
18	331
18	333
18	337
18	339
18	342
18	345
18	347
18	350
18	353
18	355
18	358
18	361
18	363
18	366
18	369
18	371
18	374
18	377
18	379
18	382
18	385
18	387
18	390
18	393
18	395
18	398
18	401
18	403
18	406
18	409
18	411
18	414
18	417
18	419
18	423
18	425
18	428
18	431
18	434
18	437
18	440
18	443
18	446
18	449
18	452
18	455
18	458
18	462
18	465
18	469
18	472
18	476
18	480
18	484
18	488
18	493
18	497
18	502
18	507
18	513
18	519
18	526
18	533
18	541
18	550
18	561
19	167
19	177
19	185
19	193
19	200
19	207
19	213
19	219
19	224
19	230
19	234
19	239
19	243
19	248
19	252
19	256
19	260
19	264
19	268
19	272
19	276
19	280
19	284
19	288
19	292
19	296
19	300
19	304
19	308
19	312
19	316
19	320
19	324
19	328
19	332
19	336
19	340
19	343
19	347
19	351
19	354
19	358
19	362
19	365
19	369
19	372
19	376
19	379
19	383
19	386
19	390
19	393
19	397
19	400
19	404
19	407
19	411
19	414
19	418
19	421
19	425
19	428
19	432
19	435
19	439
19	443
19	446
19	450
19	454
19	458
19	462
19	466
19	470
19	475
19	479
19	485
19	490
19	496
19	502
19	508
19	515
19	522
19	530
19	539
19	549
20	163
20	173
20	181
20	188
20	195
20	201
20	207
20	213
20	219
20	224
20	229
20	234
20	239
20	244
20	249
20	254
20	259
20	264
20	269
20	274
20	279
20	284
20	289
20	294
20	299
20	304
20	309
20	314
20	318
20	323
20	327
20	332
20	336
20	341
20	345
20	350
20	354
20	359
20	363
20	368
20	372
20	376
20	381
20	385
20	389
20	393
20	397
20	401
20	405
20	409
20	413
20	417
20	422
20	426
20	431
20	435
20	440
20	445
20	450
20	455
20	460
20	465
20	471
20	477
20	483
20	490
20	497
20	505
20	513
20	522
20	532
20	543
21	171
21	181
21	189
21	196
21	203
21	210
21	216
21	222
21	228
21	234
21	240
21	246
21	252
21	258
21	264
21	270
21	276
21	282
21	288
21	294
21	300
21	306
21	312
21	318
21	323
21	329
21	334
21	340
21	345
21	350
21	355
21	360
21	365
21	370
21	375
21	380
21	384
21	389
21	393
21	398
21	402
21	406
21	411
21	415
21	419
21	423
21	427
21	431
21	436
21	440
21	445
21	449
21	454
21	458
21	463
21	468
21	473
21	478
21	484
21	490
21	496
21	503
21	510
21	518
21	526
21	535
21	544
21	554
21	565
22	177
22	187
22	196
22	204
22	212
22	219
22	226
22	233
22	240
22	247
22	254
22	261
22	268
22	275
22	282
22	288
22	294
22	300
22	305
22	310
22	315
22	320
22	324
22	329
22	333
22	337
22	341
22	345
22	349
22	353
22	357
22	361
22	365
22	369
22	372
22	376
22	380
22	383
22	387
22	390
22	394
22	397
22	401
22	404
22	407
22	411
22	414
22	417
22	421
22	424
22	427
22	431
22	434
22	437
22	441
22	444
22	448
22	451
22	455
22	458
22	462
22	466
22	469
22	474
22	478
22	482
22	487
22	492
22	497
22	503
22	508
22	515
22	521
22	528
22	535
22	542
22	549
22	557
22	566
22	576
23	178
23	189
23	199
23	208
23	216
23	224
23	232
23	240
23	248
23	255
23	262
23	269
23	275
23	281
23	286
23	291
23	295
23	300
23	303
23	307
23	311
23	314
23	318
23	321
23	324
23	328
23	331
23	334
23	337
23	340
23	343
23	346
23	349
23	352
23	355
23	358
23	361
23	364
23	367
23	370
23	373
23	376
23	379
23	382
23	385
23	388
23	391
23	394
23	397
23	400
23	403
23	406
23	409
23	412
23	415
23	418
23	421
23	424
23	427
23	430
23	433
23	436
23	439
23	443
23	446
23	449
23	453
23	456
23	460
23	463
23	467
23	471
23	475
23	479
23	484
23	488
23	493
23	498
23	503
23	509
23	515
23	521
23	527
23	533
23	539
23	545
23	551
23	558
23	565
23	573
23	582
23	594
24	192
24	203
24	213
24	223
24	232
24	240
24	248
24	254
24	260
24	265
24	270
24	274
24	279
24	282
24	287
24	290
24	294
24	298
24	301
24	305
24	308
24	311
24	314
24	317
24	320
24	323
24	326
24	329
24	332
24	335
24	338
24	341
24	344
24	347
24	350
24	353
24	356
24	359
24	363
24	366
24	369
24	373
24	376
24	380
24	383
24	387
24	391
24	395
24	398
24	402
24	406
24	410
24	414
24	418
24	422
24	426
24	430
24	434
24	438
24	442
24	446
24	451
24	455
24	460
24	465
24	470
24	475
24	481
24	487
24	493
24	500
24	507
24	515
24	523
24	531
24	539
24	547
24	555
24	564
24	574
24	586
25	210
25	221
25	230
25	238
25	244
25	250
25	255
25	260
25	264
25	268
25	272
25	275
25	279
25	282
25	286
25	289
25	293
25	296
25	300
25	303
25	307
25	310
25	314
25	317
25	321
25	324
25	328
25	332
25	335
25	339
25	343
25	347
25	351
25	355
25	359
25	364
25	368
25	373
25	378
25	383
25	388
25	394
25	399
25	405
25	411
25	417
25	423
25	429
25	435
25	441
25	447
25	453
25	460
25	467
25	474
25	482
25	490
25	499
25	509
25	520
25	532
25	544
26	201
26	212
26	221
26	229
26	235
26	241
26	246
26	251
26	255
26	260
26	263
26	268
26	271
26	275
26	279
26	283
26	287
26	291
26	295
26	299
26	303
26	307
26	312
26	316
26	321
26	326
26	331
26	336
26	341
26	346
26	352
26	358
26	364
26	370
26	376
26	383
26	390
26	397
26	404
26	411
26	418
26	425
26	432
26	440
26	448
26	456
26	465
26	474
26	484
26	495
27	181
27	192
27	201
27	210
27	218
27	224
27	230
27	234
27	239
27	243
27	247
27	251
27	254
27	258
27	261
27	265
27	268
27	272
27	275
27	279
27	282
27	286
27	290
27	294
27	298
27	302
27	306
27	310
27	314
27	318
27	323
27	327
27	332
27	337
27	342
27	347
27	352
27	357
27	363
27	368
27	374
27	380
27	386
27	392
27	398
27	405
27	412
27	419
27	426
27	433
27	440
27	448
27	456
27	464
27	473
27	483
27	494
28	163
28	173
28	181
28	189
28	196
28	202
28	208
28	213
28	218
28	222
28	226
28	230
28	233
28	237
28	240
28	243
28	247
28	250
28	253
28	256
28	260
28	263
28	266
28	270
28	273
28	277
28	280
28	284
28	288
28	292
28	296
28	300
28	304
28	308
28	313
28	317
28	322
28	326
28	331
28	335
28	340
28	344
28	349
28	353
28	358
28	362
28	367
28	371
28	376
28	381
28	386
28	391
28	396
28	401
28	406
28	411
28	416
28	421
28	427
28	432
28	438
28	444
28	450
28	456
28	463
28	470
28	477
28	485
28	494
28	504
28	515
29	157
29	165
29	172
29	178
29	183
29	188
29	192
29	196
29	200
29	204
29	207
29	211
29	214
29	218
29	221
29	224
29	227
29	230
29	233
29	235
29	239
29	241
29	244
29	247
29	250
29	253
29	256
29	259
29	262
29	265
29	268
29	271
29	275
29	278
29	281
29	285
29	288
29	292
29	295
29	299
29	302
29	306
29	309
29	313
29	316
29	320
29	323
29	326
29	330
29	332
29	336
29	339
29	342
29	345
29	348
29	351
29	354
29	357
29	360
29	363
29	366
29	369
29	372
29	375
29	378
29	381
29	384
29	387
29	390
29	393
29	396
29	399
29	402
29	405
29	408
29	411
29	415
29	418
29	421
29	425
29	428
29	432
29	435
29	439
29	442
29	446
29	450
29	454
29	458
29	462
29	466
29	471
29	475
29	480
29	485
29	490
29	496
29	502
29	509
29	516
29	524
29	532
29	541
29	551
29	562
30	156
30	163
30	170
30	174
30	179
30	182
30	186
30	190
30	192
30	196
30	199
30	202
30	205
30	208
30	211
30	213
30	216
30	219
30	221
30	224
30	227
30	229
30	232
30	234
30	237
30	240
30	242
30	245
30	248
30	250
30	254
30	256
30	259
30	262
30	265
30	268
30	271
30	274
30	277
30	280
30	283
30	286
30	289
30	292
30	295
30	298
30	301
30	304
30	307
30	310
30	312
30	315
30	317
30	320
30	322
30	325
30	327
30	330
30	332
30	334
30	336
30	339
30	341
30	343
30	345
30	347
30	349
30	351
30	353
30	355
30	357
30	359
30	361
30	363
30	365
30	367
30	369
30	371
30	372
30	375
30	376
30	378
30	380
30	382
30	384
30	385
30	388
30	389
30	391
30	393
30	395
30	397
30	399
30	400
30	403
30	404
30	406
30	408
30	410
30	412
30	414
30	416
30	418
30	420
30	422
30	424
30	426
30	428
30	430
30	433
30	435
30	437
30	440
30	442
30	445
30	447
30	449
30	452
30	455
30	457
30	460
30	463
30	465
30	468
30	471
30	474
30	477
30	480
30	484
30	487
30	491
30	495
30	498
30	503
30	507
30	511
30	516
30	521
30	526
30	532
30	537
30	543
30	549
30	556
30	563
30	571
30	580
30	591
31	157
31	165
31	172
31	177
31	182
31	186
31	191
31	194
31	199
31	202
31	206
31	210
31	213
31	217
31	220
31	224
31	227
31	231
31	234
31	238
31	241
31	245
31	248
31	252
31	255
31	259
31	262
31	265
31	269
31	271
31	274
31	277
31	280
31	282
31	285
31	287
31	290
31	292
31	295
31	297
31	300
31	302
31	305
31	307
31	310
31	312
31	314
31	317
31	319
31	321
31	323
31	325
31	327
31	329
31	331
31	333
31	335
31	337
31	339
31	341
31	343
31	345
31	347
31	349
31	351
31	352
31	354
31	356
31	358
31	360
31	361
31	363
31	365
31	367
31	368
31	370
31	372
31	373
31	375
31	377
31	379
31	380
31	382
31	383
31	385
31	387
31	388
31	390
31	392
31	393
31	395
31	397
31	398
31	400
31	402
31	403
31	405
31	407
31	408
31	410
31	412
31	414
31	415
31	417
31	419
31	420
31	423
31	424
31	426
31	428
31	430
31	432
31	434
31	436
31	438
31	440
31	442
31	444
31	446
31	448
31	450
31	452
31	454
31	456
31	458
31	460
31	463
31	465
31	467
31	469
31	472
31	474
31	477
31	479
31	482
31	485
31	487
31	490
31	493
31	496
31	499
31	502
31	506
31	509
31	513
31	517
31	521
31	525
31	529
31	534
31	538
31	543
31	548
31	554
31	560
31	567
31	574
31	582
31	592
32	159
32	168
32	175
32	182
32	188
32	194
32	199
32	204
32	209
32	214
32	219
32	224
32	229
32	234
32	239
32	243
32	248
32	252
32	256
32	260
32	263
32	266
32	270
32	272
32	274
32	277
32	280
32	282
32	283
32	286
32	288
32	290
32	292
32	293
32	296
32	297
32	299
32	301
32	303
32	305
32	307
32	308
32	311
32	312
32	315
32	316
32	318
32	320
32	322
32	324
32	326
32	328
32	330
32	332
32	334
32	336
32	338
32	340
32	343
32	345
32	347
32	349
32	352
32	354
32	356
32	359
32	361
32	363
32	366
32	368
32	370
32	373
32	375
32	378
32	380
32	383
32	385
32	388
32	390
32	393
32	395
32	398
32	400
32	403
32	405
32	408
32	410
32	413
32	415
32	418
32	420
32	423
32	426
32	428
32	431
32	434
32	436
32	439
32	442
32	445
32	447
32	450
32	453
32	456
32	459
32	462
32	465
32	468
32	471
32	474
32	477
32	481
32	484
32	488
32	491
32	496
32	499
32	504
32	508
32	513
32	518
32	523
32	528
32	534
32	540
32	547
32	555
32	564
32	575
33	168
33	178
33	187
33	195
33	202
33	209
33	216
33	222
33	228
33	234
33	240
33	245
33	250
33	254
33	259
33	263
33	267
33	271
33	275
33	279
33	282
33	286
33	289
33	293
33	296
33	299
33	302
33	305
33	308
33	311
33	314
33	317
33	320
33	323
33	326
33	329
33	333
33	336
33	339
33	343
33	346
33	350
33	353
33	357
33	361
33	365
33	369
33	373
33	377
33	381
33	386
33	390
33	395
33	399
33	404
33	408
33	413
33	418
33	423
33	428
33	433
33	438
33	443
33	448
33	454
33	459
33	465
33	471
33	477
33	484
33	491
33	499
33	507
33	517
34	179
34	190
34	200
34	209
34	218
34	226
34	233
34	240
34	245
34	251
34	255
34	260
34	264
34	269
34	273
34	278
34	282
34	287
34	291
34	296
34	300
34	305
34	310
34	315
34	320
34	325
34	330
34	336
34	341
34	347
34	353
34	359
34	366
34	373
34	380
34	387
34	395
34	403
34	411
34	420
34	429
34	439
34	450
34	461
35	197
35	208
35	218
35	226
35	233
35	240
35	245
35	250
35	254
35	258
35	262
35	266
35	270
35	273
35	277
35	280
35	284
35	287
35	291
35	295
35	298
35	302
35	306
35	310
35	315
35	319
35	324
35	329
35	335
35	341
35	347
35	354
35	361
35	369
35	377
35	386
35	395
35	405
35	415
35	426
36	196
36	207
36	216
36	224
36	231
36	236
36	241
36	245
36	250
36	253
36	258
36	261
36	266
36	269
36	274
36	278
36	283
36	287
36	292
36	297
36	303
36	309
36	315
36	322
36	329
36	337
36	346
36	356
36	367
36	380
37	192
37	203
37	213
37	221
37	227
37	232
37	237
37	241
37	245
37	249
37	253
37	257
37	261
37	265
37	269
37	274
37	278
37	283
37	288
37	294
37	300
37	307
37	315
37	324
37	334
37	346
38	183
38	193
38	202
38	210
38	217
38	223
38	228
38	232
38	237
38	241
38	245
38	249
38	253
38	257
38	261
38	265
38	269
38	274
38	278
38	284
38	289
38	295
38	301
38	308
38	316
38	325
38	336
39	182
39	193
39	202
39	210
39	217
39	223
39	229
39	234
39	239
39	244
39	248
39	253
39	258
39	263
39	268
39	274
39	280
39	287
39	295
39	304
39	314
40	172
40	182
40	190
40	198
40	205
40	212
40	218
40	224
40	230
40	235
40	241
40	246
40	252
40	258
40	264
40	271
40	279
40	287
40	296
40	307
41	166
41	176
41	184
41	191
41	197
41	203
41	209
41	215
41	221
41	226
41	232
41	237
41	243
41	249
41	256
41	263
41	271
41	280
41	290
41	301
42	160
42	170
42	178
42	185
42	192
42	198
42	204
42	210
42	216
42	222
42	228
42	234
42	240
42	246
42	253
42	260
42	268
42	277
42	288
43	161
43	170
43	177
43	183
43	189
43	194
43	200
43	205
43	210
43	215
43	220
43	225
43	230
43	235
43	240
43	246
43	252
43	258
43	265
43	273
43	282
43	292
43	305
44	170
44	180
44	188
44	195
44	202
44	209
44	215
44	221
44	227
44	233
44	239
44	246
44	253
44	261
44	269
44	278
44	288
44	299
45	171
45	181
45	190
45	199
45	207
45	214
45	221
45	228
45	235
45	243
45	251
45	260
45	270
45	281
46	171
46	181
46	190
46	198
46	205
46	212
46	219
46	227
46	235
46	244
46	254
46	265
63	219
63	230
63	241
63	251
63	262
63	274
64	230
64	241
64	251
64	261
64	271
64	281
64	291
64	302
64	313
65	216
65	227
65	237
65	246
65	254
65	262
65	270
65	278
65	285
65	292
65	299
65	306
65	314
65	322
65	330
65	338
65	347
65	357
65	368
66	168
66	178
66	187
66	196
66	205
66	214
66	222
66	230
66	238
66	245
66	251
66	257
66	263
66	268
66	273
66	278
66	283
66	287
66	292
66	296
66	301
66	305
66	310
66	314
66	319
66	323
66	328
66	333
66	338
66	343
66	348
66	354
66	360
66	366
66	373
66	380
66	388
66	397
66	407
66	419
67	177
67	188
67	198
67	208
67	218
67	227
67	234
67	241
67	246
67	251
67	255
67	260
67	263
67	267
67	271
67	273
67	277
67	280
67	282
67	285
67	288
67	291
67	293
67	296
67	298
67	301
67	303
67	306
67	308
67	311
67	313
67	316
67	318
67	321
67	323
67	326
67	328
67	331
67	334
67	336
67	339
67	342
67	344
67	347
67	350
67	353
67	356
67	359
67	363
67	366
67	369
67	374
67	377
67	382
67	386
67	391
67	396
67	402
67	408
67	415
67	422
67	430
67	439
67	450
68	220
68	230
68	237
68	242
68	246
68	251
68	253
68	257
68	260
68	262
68	265
68	268
68	270
68	272
68	274
68	277
68	279
68	281
68	283
68	285
68	287
68	289
68	291
68	293
68	295
68	297
68	299
68	301
68	302
68	304
68	306
68	308
68	310
68	311
68	313
68	315
68	317
68	318
68	320
68	322
68	324
68	325
68	327
68	329
68	331
68	332
68	334
68	336
68	338
68	339
68	341
68	343
68	345
68	347
68	348
68	351
68	353
68	354
68	357
68	358
68	361
68	363
68	365
68	367
68	369
68	372
68	374
68	377
68	379
68	382
68	385
68	387
68	391
68	394
68	397
68	401
68	405
68	408
68	413
68	417
68	422
68	427
68	433
68	439
68	446
68	453
68	461
68	470
68	481
69	189
69	200
69	210
69	219
69	226
69	232
69	236
69	241
69	243
69	247
69	250
69	252
69	255
69	258
69	261
69	263
69	266
69	268
69	271
69	273
69	276
69	278
69	281
69	283
69	286
69	288
69	291
69	294
69	296
69	299
69	302
69	304
69	307
69	310
69	312
69	315
69	318
69	320
69	323
69	326
69	328
69	331
69	333
69	336
69	338
69	341
69	343
69	345
69	348
69	350
69	352
69	355
69	357
69	359
69	362
69	364
69	366
69	368
69	371
69	373
69	375
69	378
69	380
69	383
69	385
69	388
69	390
69	394
69	396
69	399
69	403
69	406
69	409
69	413
69	417
69	421
69	426
69	430
69	435
69	440
69	446
69	452
69	458
69	465
69	473
69	481
69	490
69	501
70	167
70	176
70	184
70	191
70	198
70	204
70	210
70	215
70	221
70	225
70	230
70	233
70	237
70	241
70	244
70	248
70	251
70	255
70	258
70	262
70	266
70	270
70	275
70	279
70	284
70	289
70	295
70	301
70	308
70	316
70	324
70	333
70	341
70	348
70	353
70	359
70	363
70	367
70	371
70	374
70	378
70	381
70	384
70	388
70	391
70	394
70	398
70	401
70	405
70	408
70	412
70	416
70	419
70	424
70	428
70	433
70	438
70	443
70	448
70	454
70	460
70	467
70	474
70	482
70	491
70	501
71	166
71	174
71	181
71	187
71	193
71	198
71	203
71	208
71	213
71	218
71	222
71	227
71	232
71	237
71	242
71	247
71	253
71	259
71	266
71	273
71	281
71	289
71	298
71	308
71	320
71	356
71	365
71	372
71	378
71	383
71	388
71	392
71	396
71	400
71	403
71	407
71	411
71	414
71	418
71	422
71	425
71	429
71	433
71	437
71	441
71	446
71	450
71	455
71	460
71	466
71	472
71	478
71	485
71	493
71	502
71	514
72	187
72	198
72	208
72	218
72	228
72	239
72	250
72	261
72	272
72	282
72	292
72	302
72	311
72	320
72	330
72	340
72	350
72	361
72	372
72	381
72	389
72	395
72	401
72	405
72	410
72	414
72	418
72	422
72	426
72	430
72	433
72	437
72	441
72	445
72	449
72	453
72	457
72	461
72	466
72	470
72	475
72	480
72	486
72	492
72	498
72	505
72	513
72	523
73	239
73	249
73	258
73	266
73	273
73	280
73	286
73	292
73	298
73	303
73	308
73	313
73	318
73	323
73	328
73	333
73	338
73	343
73	348
73	354
73	360
73	366
73	373
73	380
73	388
73	396
73	403
73	410
73	416
73	422
73	428
73	433
73	438
73	443
73	448
73	453
73	458
73	463
73	468
73	473
73	478
73	483
73	488
73	494
73	500
73	507
73	515
73	524
73	535
74	200
74	211
74	221
74	230
74	238
74	245
74	251
74	257
74	262
74	267
74	272
74	277
74	281
74	286
74	290
74	294
74	298
74	302
74	306
74	310
74	314
74	318
74	322
74	326
74	330
74	334
74	338
74	342
74	346
74	350
74	354
74	358
74	362
74	366
74	371
74	376
74	381
74	386
74	392
74	398
74	405
74	413
74	422
74	432
74	442
74	452
74	462
74	472
74	482
74	492
74	504
75	170
75	180
75	189
75	197
75	205
75	212
75	219
75	225
75	231
75	237
75	243
75	249
75	254
75	260
75	266
75	272
75	278
75	284
75	290
75	297
75	304
75	311
75	318
75	325
75	332
75	339
75	346
75	353
75	359
75	366
75	372
75	379
75	386
75	393
75	401
75	409
75	418
75	428
76	189
76	200
76	210
76	220
76	229
76	239
76	249
-1	-1
