-1	-1
13	301
13	314
13	328
14	257
14	268
14	279
14	289
14	299
14	309
14	318
14	327
14	336
14	345
14	354
14	364
14	374
14	385
15	237
15	248
15	258
15	267
15	276
15	284
15	292
15	299
15	306
15	313
15	319
15	325
15	331
15	337
15	343
15	349
15	355
15	362
15	369
15	376
15	383
15	391
15	399
15	408
15	418
16	216
16	227
16	236
16	244
16	252
16	259
16	265
16	271
16	277
16	282
16	287
16	292
16	297
16	302
16	306
16	311
16	315
16	319
16	323
16	327
16	331
16	335
16	339
16	343
16	347
16	351
16	355
16	359
16	363
16	367
16	372
16	376
16	381
16	386
16	391
16	397
16	403
16	409
16	416
16	424
16	433
16	443
17	192
17	203
17	213
17	222
17	230
17	237
17	243
17	249
17	254
17	259
17	263
17	268
17	272
17	276
17	280
17	283
17	287
17	290
17	293
17	297
17	300
17	303
17	306
17	309
17	312
17	314
17	318
17	320
17	323
17	326
17	328
17	331
17	334
17	336
17	339
17	342
17	344
17	347
17	350
17	352
17	355
17	358
17	360
17	364
17	366
17	369
17	373
17	375
17	379
17	382
17	386
17	389
17	393
17	397
17	401
17	405
17	409
17	414
17	419
17	425
17	431
17	437
17	444
17	452
17	462
18	171
18	182
18	191
18	200
18	208
18	215
18	221
18	227
18	232
18	237
18	242
18	246
18	251
18	254
18	258
18	262
18	265
18	269
18	272
18	275
18	278
18	281
18	284
18	287
18	290
18	292
18	295
18	298
18	301
18	303
18	306
18	309
18	311
18	314
18	316
18	319
18	321
18	324
18	326
18	329
18	331
18	334
18	336
18	339
18	341
18	344
18	346
18	349
18	351
18	354
18	356
18	359
18	361
18	364
18	367
18	369
18	372
18	375
18	378
18	381
18	384
18	387
18	390
18	394
18	397
18	401
18	405
18	408
18	413
18	417
18	422
18	427
18	432
18	438
18	445
18	452
18	460
18	470
19	161
19	171
19	179
19	186
19	193
19	199
19	204
19	210
19	214
19	219
19	223
19	227
19	231
19	235
19	239
19	242
19	246
19	249
19	253
19	256
19	260
19	263
19	266
19	270
19	273
19	276
19	280
19	283
19	286
19	290
19	293
19	296
19	300
19	303
19	306
19	310
19	313
19	317
19	320
19	324
19	327
19	331
19	334
19	338
19	341
19	345
19	349
19	352
19	356
19	360
19	364
19	368
19	372
19	377
19	381
19	386
19	391
19	396
19	401
19	406
19	412
19	418
19	425
19	432
19	440
19	449
20	157
20	166
20	173
20	180
20	185
20	191
20	195
20	200
20	204
20	208
20	212
20	215
20	219
20	222
20	226
20	229
20	232
20	236
20	239
20	242
20	246
20	249
20	252
20	256
20	259
20	263
20	266
20	270
20	273
20	277
20	281
20	285
20	289
20	293
20	297
20	301
20	305
20	309
20	314
20	318
20	323
20	328
20	333
20	338
20	343
20	348
20	354
20	360
20	366
20	372
20	379
20	386
20	393
20	401
20	409
20	418
20	428
21	159
21	168
21	175
21	182
21	188
21	193
21	198
21	202
21	207
21	211
21	215
21	219
21	223
21	227
21	231
21	235
21	239
21	243
21	247
21	251
21	255
21	259
21	264
21	268
21	273
21	278
21	283
21	288
21	294
21	299
21	305
21	311
21	317
21	324
21	331
21	338
21	345
21	353
21	361
21	369
21	377
21	386
21	395
21	405
21	415
22	162
22	172
22	180
22	187
22	193
22	199
22	205
22	210
22	215
22	220
22	225
22	230
22	235
22	240
22	246
22	251
22	257
22	263
22	269
22	275
22	281
22	288
22	294
22	301
22	307
22	314
22	320
22	327
22	333
22	340
22	346
22	353
22	359
22	366
22	373
22	380
22	387
22	394
22	401
22	409
22	417
22	426
22	436
22	447
23	169
23	179
23	188
23	196
23	203
23	210
23	217
23	223
23	230
23	236
23	242
23	248
23	254
23	260
23	266
23	272
23	278
23	284
23	290
23	295
23	300
23	305
23	310
23	314
23	319
23	323
23	328
23	332
23	337
23	341
23	345
23	350
23	354
23	358
23	363
23	367
23	372
23	376
23	381
23	385
23	390
23	394
23	399
23	404
23	409
23	414
23	419
23	425
23	431
23	437
23	444
23	452
23	460
23	469
23	479
24	179
24	190
24	199
24	208
24	216
24	224
24	232
24	240
24	247
24	254
24	261
24	267
24	272
24	277
24	282
24	286
24	291
24	294
24	299
24	302
24	306
24	309
24	313
24	316
24	320
24	323
24	326
24	330
24	332
24	336
24	339
24	342
24	345
24	348
24	351
24	354
24	357
24	360
24	363
24	366
24	369
24	372
24	375
24	378
24	381
24	384
24	387
24	390
24	393
24	396
24	399
24	403
24	406
24	409
24	413
24	417
24	420
24	425
24	428
24	433
24	437
24	442
24	447
24	453
24	459
24	465
24	472
24	479
24	487
24	497
25	189
25	200
25	210
25	220
25	229
25	237
25	244
25	251
25	257
25	262
25	267
25	272
25	276
25	281
25	284
25	289
25	292
25	296
25	300
25	303
25	307
25	310
25	313
25	317
25	320
25	323
25	326
25	329
25	332
25	335
25	338
25	341
25	344
25	347
25	350
25	353
25	356
25	359
25	362
25	365
25	368
25	371
25	373
25	377
25	379
25	382
25	385
25	388
25	391
25	394
25	397
25	400
25	403
25	406
25	409
25	413
25	416
25	420
25	424
25	428
25	432
25	436
25	441
25	446
25	451
25	457
25	463
25	469
25	476
25	484
25	493
25	504
26	196
26	207
26	217
26	226
26	233
26	240
26	245
26	251
26	255
26	260
26	264
26	268
26	272
26	276
26	280
26	283
26	287
26	290
26	294
26	297
26	301
26	304
26	308
26	311
26	315
26	318
26	322
26	325
26	329
26	333
26	336
26	340
26	344
26	348
26	352
26	356
26	360
26	364
26	368
26	372
26	376
26	380
26	384
26	388
26	392
26	396
26	400
26	404
26	408
26	413
26	417
26	422
26	427
26	432
26	437
26	443
26	449
26	456
26	463
26	471
26	480
26	491
27	179
27	190
27	200
27	209
27	217
27	224
27	230
27	235
27	241
27	245
27	250
27	253
27	257
27	261
27	264
27	268
27	271
27	274
27	278
27	281
27	285
27	288
27	292
27	295
27	299
27	303
27	307
27	311
27	315
27	319
27	323
27	328
27	332
27	337
27	342
27	347
27	352
27	357
27	363
27	368
27	374
27	380
27	386
27	392
27	398
27	405
27	412
27	419
27	426
27	434
27	442
27	451
27	461
27	472
28	161
28	171
28	180
28	188
28	195
28	202
28	208
28	214
28	220
28	224
28	229
28	233
28	237
28	241
28	245
28	249
28	252
28	256
28	259
28	263
28	266
28	270
28	273
28	277
28	280
28	284
28	288
28	292
28	296
28	300
28	305
28	309
28	314
28	318
28	323
28	328
28	333
28	338
28	344
28	349
28	355
28	361
28	367
28	373
28	380
28	387
28	394
28	401
28	408
28	416
28	424
28	432
28	440
28	449
28	458
28	467
28	477
29	150
29	159
29	167
29	173
29	179
29	184
29	190
29	194
29	199
29	203
29	207
29	211
29	215
29	219
29	222
29	226
29	229
29	232
29	235
29	238
29	241
29	244
29	247
29	250
29	253
29	256
29	259
29	263
29	266
29	269
29	273
29	276
29	280
29	284
29	288
29	292
29	296
29	300
29	305
29	309
29	314
29	318
29	323
29	327
29	332
29	337
29	341
29	346
29	351
29	356
29	361
29	366
29	371
29	376
29	381
29	387
29	392
29	398
29	404
29	410
29	416
29	422
29	428
29	434
29	440
29	446
29	452
29	459
29	466
29	473
29	481
29	490
29	500
30	148
30	157
30	163
30	169
30	174
30	179
30	183
30	187
30	191
30	194
30	198
30	201
30	204
30	208
30	210
30	213
30	216
30	219
30	221
30	224
30	227
30	229
30	232
30	235
30	237
30	240
30	243
30	245
30	248
30	251
30	254
30	257
30	260
30	263
30	266
30	269
30	273
30	276
30	279
30	283
30	286
30	290
30	293
30	297
30	300
30	304
30	308
30	311
30	315
30	318
30	322
30	325
30	329
30	332
30	336
30	339
30	342
30	346
30	349
30	352
30	356
30	359
30	362
30	366
30	369
30	372
30	376
30	379
30	383
30	386
30	390
30	393
30	397
30	400
30	404
30	407
30	411
30	415
30	418
30	422
30	426
30	430
30	434
30	438
30	442
30	446
30	451
30	455
30	460
30	465
30	470
30	476
30	482
30	489
30	497
30	506
30	516
31	149
31	158
31	164
31	170
31	174
31	179
31	182
31	186
31	190
31	193
31	197
31	200
31	203
31	206
31	209
31	212
31	214
31	217
31	220
31	222
31	225
31	228
31	230
31	233
31	236
31	238
31	242
31	244
31	247
31	250
31	253
31	256
31	259
31	262
31	265
31	268
31	271
31	274
31	277
31	280
31	283
31	286
31	289
31	292
31	294
31	297
31	300
31	302
31	305
31	308
31	310
31	313
31	315
31	318
31	320
31	322
31	325
31	327
31	329
31	332
31	334
31	336
31	338
31	341
31	342
31	345
31	347
31	349
31	351
31	353
31	356
31	357
31	360
31	362
31	364
31	366
31	368
31	371
31	372
31	375
31	377
31	379
31	382
31	384
31	386
31	389
31	391
31	393
31	396
31	398
31	400
31	403
31	405
31	408
31	410
31	413
31	415
31	418
31	420
31	423
31	426
31	428
31	431
31	434
31	437
31	440
31	444
31	447
31	450
31	455
31	458
31	463
31	467
31	472
31	477
31	483
31	489
31	496
31	504
31	513
31	524
32	153
32	162
32	170
32	175
32	181
32	185
32	190
32	194
32	198
32	202
32	206
32	210
32	213
32	217
32	220
32	224
32	227
32	231
32	234
32	238
32	241
32	245
32	248
32	252
32	255
32	259
32	262
32	265
32	269
32	271
32	274
32	277
32	280
32	282
32	284
32	287
32	289
32	291
32	292
32	295
32	297
32	299
32	301
32	302
32	305
32	306
32	308
32	310
32	312
32	313
32	315
32	317
32	319
32	320
32	322
32	324
32	326
32	327
32	329
32	331
32	332
32	334
32	336
32	338
32	339
32	341
32	343
32	344
32	346
32	348
32	350
32	351
32	353
32	355
32	357
32	358
32	360
32	362
32	364
32	365
32	367
32	369
32	371
32	373
32	375
32	376
32	379
32	380
32	383
32	384
32	386
32	388
32	390
32	393
32	394
32	397
32	399
32	401
32	404
32	406
32	408
32	410
32	413
32	415
32	418
32	420
32	423
32	426
32	428
32	432
32	435
32	438
32	441
32	445
32	448
32	452
32	456
32	460
32	465
32	470
32	476
32	482
32	489
32	497
32	506
32	517
33	160
33	170
33	178
33	185
33	192
33	198
33	204
33	210
33	215
33	220
33	225
33	230
33	235
33	240
33	244
33	248
33	252
33	255
33	259
33	262
33	264
33	268
33	270
33	272
33	275
33	278
33	280
33	282
33	284
33	287
33	289
33	291
33	293
33	295
33	297
33	299
33	301
33	303
33	305
33	307
33	309
33	311
33	312
33	315
33	316
33	318
33	320
33	322
33	324
33	326
33	328
33	330
33	332
33	334
33	336
33	338
33	340
33	342
33	344
33	346
33	348
33	350
33	353
33	355
33	357
33	359
33	362
33	364
33	366
33	369
33	371
33	374
33	376
33	379
33	381
33	384
33	387
33	389
33	393
33	395
33	398
33	401
33	405
33	407
33	411
33	415
33	418
33	423
33	427
33	432
33	437
33	442
33	448
33	455
33	463
33	472
33	483
34	177
34	188
34	197
34	205
34	213
34	220
34	227
34	232
34	237
34	242
34	245
34	250
34	252
34	256
34	259
34	262
34	265
34	268
34	271
34	274
34	277
34	280
34	283
34	286
34	289
34	292
34	295
34	298
34	301
34	304
34	307
34	310
34	313
34	316
34	319
34	323
34	326
34	329
34	333
34	336
34	340
34	344
34	347
34	351
34	355
34	359
34	364
34	368
34	373
34	378
34	383
34	388
34	394
34	400
34	406
34	413
34	420
34	428
34	437
34	448
35	189
35	199
35	208
35	216
35	222
35	228
35	232
35	237
35	241
35	244
35	248
35	251
35	254
35	257
35	260
35	263
35	266
35	269
35	271
35	274
35	277
35	280
35	282
35	285
35	288
35	291
35	294
35	297
35	300
35	303
35	306
35	309
35	313
35	316
35	319
35	323
35	326
35	330
35	334
35	338
35	343
35	347
35	352
35	357
35	363
35	369
35	376
35	383
35	391
35	400
35	410
36	189
36	199
36	208
36	215
36	222
36	227
36	232
36	237
36	241
36	245
36	249
36	253
36	256
36	260
36	263
36	267
36	270
36	274
36	277
36	281
36	285
36	289
36	293
36	297
36	302
36	306
36	311
36	316
36	322
36	328
36	334
36	341
36	348
36	356
36	365
36	375
36	386
37	180
37	191
37	200
37	208
37	214
37	220
37	224
37	229
37	233
37	237
37	241
37	244
37	248
37	251
37	255
37	258
37	262
37	266
37	269
37	274
37	277
37	282
37	286
37	291
37	296
37	301
37	307
37	313
37	319
37	326
37	334
37	342
37	351
37	361
38	178
38	188
38	197
38	204
38	211
38	216
38	221
38	225
38	230
38	233
38	237
38	241
38	244
38	248
38	252
38	255
38	259
38	263
38	267
38	271
38	276
38	280
38	285
38	290
38	296
38	302
38	309
38	316
38	324
38	333
38	343
38	355
39	170
39	180
39	189
39	197
39	204
39	210
39	215
39	220
39	224
39	229
39	233
39	237
39	241
39	245
39	249
39	254
39	258
39	263
39	268
39	273
39	278
39	284
39	290
39	296
39	303
39	311
39	319
39	328
39	338
40	158
40	168
40	176
40	183
40	190
40	196
40	201
40	206
40	211
40	215
40	220
40	224
40	229
40	233
40	237
40	242
40	246
40	251
40	256
40	261
40	266
40	271
40	277
40	283
40	289
40	296
40	303
40	310
40	318
40	327
40	337
41	152
41	161
41	169
41	174
41	180
41	184
41	189
41	193
41	197
41	201
41	205
41	209
41	213
41	217
41	221
41	225
41	229
41	233
41	237
41	241
41	246
41	250
41	255
41	259
41	264
41	269
41	275
41	281
41	287
41	294
41	302
41	311
41	322
42	152
42	161
42	169
42	176
42	182
42	188
42	193
42	199
42	204
42	209
42	214
42	219
42	224
42	229
42	234
42	239
42	244
42	250
42	256
42	262
42	268
42	275
42	282
42	290
42	299
42	310
43	158
43	168
43	176
43	183
43	190
43	196
43	202
43	208
43	214
43	220
43	226
43	232
43	238
43	245
43	252
43	259
43	267
43	276
43	286
43	298
44	167
44	177
44	185
44	193
44	201
44	208
44	216
44	224
44	232
44	240
44	249
44	258
44	268
60	257
60	268
60	278
60	288
60	298
60	309
60	321
61	241
61	252
61	261
61	270
61	279
61	288
61	297
61	307
61	318
61	330
62	239
62	250
62	260
62	270
62	280
62	292
63	241
63	253
63	264
63	274
63	284
63	295
63	306
64	200
64	212
64	223
64	234
64	244
64	253
64	261
64	269
64	276
64	283
64	290
64	297
64	304
64	312
64	320
64	328
64	337
64	347
64	358
65	220
65	230
65	239
65	247
65	254
65	260
65	266
65	272
65	278
65	284
65	290
65	296
65	302
65	308
65	315
65	322
65	329
65	337
65	345
65	354
65	364
65	375
66	209
66	219
66	228
66	235
66	242
66	248
66	254
66	260
66	266
66	272
66	278
66	284
66	290
66	297
66	304
66	312
66	320
66	328
66	337
66	346
66	356
66	366
66	377
66	389
67	168
67	178
67	188
67	197
67	205
67	212
67	219
67	225
67	231
67	237
67	243
67	249
67	255
67	261
67	267
67	274
67	280
67	287
67	293
67	300
67	307
67	314
67	321
67	329
67	337
67	345
67	353
67	361
67	370
67	379
67	388
67	398
67	408
68	168
68	178
68	187
68	195
68	203
68	210
68	217
68	224
68	231
68	238
68	245
68	252
68	259
68	265
68	271
68	276
68	281
68	286
68	291
68	295
68	300
68	304
68	309
68	313
68	318
68	322
68	327
68	332
68	337
68	343
68	348
68	354
68	360
68	366
68	372
68	378
68	385
68	391
68	398
68	405
68	413
68	421
68	430
68	440
69	220
69	230
69	239
69	246
69	252
69	258
69	262
69	267
69	271
69	274
69	278
69	281
69	284
69	288
69	290
69	293
69	296
69	299
69	301
69	304
69	307
69	309
69	312
69	314
69	317
69	319
69	322
69	324
69	327
69	329
69	332
69	335
69	337
69	340
69	344
69	346
69	350
69	353
69	357
69	360
69	365
69	368
69	373
69	377
69	382
69	386
69	391
69	396
69	401
69	406
69	412
69	417
69	423
69	429
69	436
69	444
69	453
69	465
70	202
70	213
70	222
70	230
70	236
70	241
70	246
70	250
70	253
70	257
70	261
70	263
70	267
70	269
70	272
70	274
70	277
70	280
70	282
70	284
70	287
70	289
70	291
70	293
70	295
70	297
70	299
70	301
70	303
70	305
70	307
70	309
70	311
70	313
70	314
70	317
70	318
70	320
70	322
70	324
70	326
70	328
70	329
70	332
70	334
70	335
70	338
70	339
70	342
70	344
70	346
70	348
70	350
70	353
70	355
70	357
70	360
70	363
70	365
70	368
70	371
70	374
70	377
70	380
70	384
70	387
70	391
70	395
70	399
70	404
70	408
70	414
70	419
70	425
70	432
70	440
70	449
71	167
71	177
71	186
71	194
71	202
71	209
71	215
71	221
71	226
71	231
71	235
71	240
71	243
71	247
71	251
71	253
71	257
71	260
71	263
71	266
71	269
71	272
71	275
71	278
71	281
71	284
71	287
71	290
71	293
71	296
71	299
71	302
71	305
71	308
71	311
71	314
71	317
71	320
71	323
71	326
71	329
71	332
71	335
71	338
71	341
71	344
71	347
71	350
71	353
71	356
71	359
71	362
71	365
71	368
71	372
71	375
71	379
71	383
71	387
71	391
71	396
71	400
71	405
71	410
71	416
71	423
71	430
71	439
71	450
72	167
72	176
72	184
72	191
72	198
72	204
72	210
72	216
72	222
72	228
72	234
72	240
72	246
72	252
72	258
72	265
72	272
72	280
72	289
72	299
72	313
72	328
72	339
72	348
72	355
72	362
72	368
72	374
72	380
72	385
72	391
72	397
72	403
72	409
72	416
72	423
72	431
72	440
72	450
73	376
73	387
73	397
73	406
73	415
73	424
73	434
74	260
74	271
74	281
74	290
74	299
74	308
74	317
74	326
74	336
74	347
75	228
75	239
75	248
75	257
75	265
75	272
75	279
75	286
75	293
75	300
75	307
75	314
75	321
75	328
75	336
75	344
75	353
75	363
75	375
76	228
76	239
76	250
76	260
76	271
76	282
76	294
-1	-1
