-1	-1
7	232
8	189
8	200
8	210
8	220
8	229
8	238
8	247
8	256
8	267
9	178
9	189
9	199
9	208
9	216
9	224
9	231
9	238
9	245
9	252
9	259
9	267
9	276
9	286
9	298
10	169
10	179
10	188
10	196
10	203
10	210
10	216
10	222
10	228
10	233
10	239
10	244
10	249
10	254
10	260
10	266
10	272
10	279
10	286
10	294
10	304
10	315
11	167
11	177
11	185
11	192
11	199
11	205
11	211
11	217
11	223
11	229
11	234
11	240
11	245
11	250
11	255
11	261
11	267
11	273
11	280
11	287
11	295
11	304
11	315
12	167
12	176
12	184
12	192
12	199
12	206
12	212
12	218
12	224
12	230
12	236
12	242
12	248
12	254
12	260
12	267
12	274
12	282
12	291
12	301
13	167
13	177
13	186
13	194
13	202
13	209
13	216
13	223
13	230
13	237
13	244
13	252
13	260
13	269
13	279
14	171
14	182
14	192
14	201
14	210
14	219
14	228
14	237
14	247
14	258
15	178
15	189
15	199
15	209
15	219
15	229
15	239
15	250
16	179
16	190
16	200
16	209
16	218
16	227
16	236
16	246
16	257
17	173
17	184
17	194
17	203
17	212
17	221
17	230
17	240
17	250
18	173
18	184
18	194
18	203
18	212
18	220
18	228
18	236
18	245
18	254
18	264
19	166
19	175
19	183
19	191
19	198
19	205
19	212
19	219
19	226
19	233
19	240
19	247
19	255
19	263
19	273
19	285
20	161
20	171
20	179
20	186
20	192
20	198
20	204
20	210
20	215
20	221
20	226
20	232
20	237
20	243
20	249
20	255
20	262
20	269
20	277
20	286
20	297
21	158
21	167
21	174
21	181
21	187
21	193
21	198
21	203
21	208
21	213
21	217
21	222
21	226
21	231
21	235
21	240
21	244
21	249
21	254
21	259
21	264
21	270
21	276
21	283
21	291
21	300
21	310
22	158
22	167
22	174
22	180
22	185
22	191
22	195
22	200
22	204
22	209
22	212
22	217
22	220
22	224
22	228
22	231
22	235
22	239
22	242
22	246
22	250
22	254
22	258
22	262
22	266
22	271
22	276
22	281
22	287
22	293
22	300
22	308
22	317
22	327
22	339
23	158
23	167
23	174
23	180
23	186
23	191
23	196
23	201
23	205
23	210
23	213
23	218
23	221
23	225
23	228
23	232
23	235
23	238
23	242
23	244
23	248
23	251
23	254
23	258
23	261
23	265
23	268
23	272
23	276
23	280
23	285
23	290
23	296
23	302
23	309
23	317
23	326
23	336
23	347
23	359
23	372
23	385
24	159
24	168
24	176
24	183
24	189
24	195
24	201
24	206
24	211
24	215
24	220
24	224
24	228
24	232
24	236
24	240
24	243
24	247
24	251
24	254
24	258
24	262
24	266
24	270
24	275
24	279
24	285
24	290
24	296
24	303
24	311
24	320
24	331
25	161
25	171
25	179
25	187
25	194
25	201
25	207
25	213
25	219
25	225
25	230
25	236
25	241
25	246
25	252
25	257
25	263
25	269
25	276
25	283
25	291
25	300
25	313
26	160
26	169
26	177
26	184
26	190
26	196
26	202
26	207
26	213
26	218
26	223
26	228
26	233
26	238
26	243
26	248
26	254
26	259
26	265
26	271
26	278
26	286
26	295
26	306
27	157
27	166
27	173
27	179
27	184
27	190
27	194
27	199
27	204
27	209
27	213
27	218
27	223
27	228
27	233
27	238
27	243
27	248
27	254
27	260
27	266
27	273
27	281
27	290
27	300
28	152
28	161
28	168
28	173
28	179
28	183
28	188
28	192
28	197
28	201
28	205
28	210
28	214
28	219
28	223
28	228
28	233
28	238
28	243
28	248
28	254
28	260
28	266
28	273
28	281
28	290
28	302
29	152
29	161
29	167
29	172
29	177
29	181
29	185
29	189
29	193
29	197
29	200
29	204
29	207
29	211
29	214
29	218
29	222
29	226
29	229
29	234
29	237
29	242
29	246
29	251
29	256
29	261
29	267
29	273
29	280
29	288
29	297
29	308
30	158
30	166
30	172
30	178
30	182
30	187
30	191
30	195
30	199
30	202
30	206
30	209
30	213
30	216
30	220
30	223
30	227
30	230
30	234
30	238
30	242
30	246
30	250
30	255
30	259
30	265
30	270
30	276
30	283
30	291
30	300
30	314
31	161
31	170
31	177
31	182
31	187
31	191
31	195
31	199
31	203
31	206
31	210
31	213
31	217
31	220
31	224
31	227
31	231
31	235
31	238
31	243
31	246
31	251
31	255
31	260
31	265
31	271
31	277
31	284
31	292
31	301
32	169
32	178
32	185
32	191
32	195
32	200
32	204
32	208
32	212
32	215
32	219
32	222
32	226
32	229
32	233
32	236
32	240
32	243
32	247
32	251
32	255
32	259
32	264
32	268
32	274
32	279
32	286
32	293
32	301
32	311
33	178
33	188
33	196
33	202
33	208
33	212
33	217
33	221
33	225
33	229
33	233
33	237
33	241
33	245
33	249
33	254
33	258
33	263
33	268
33	274
33	280
33	287
33	295
33	304
33	315
34	183
34	193
34	202
34	209
34	215
34	221
34	225
34	230
34	235
34	239
34	244
34	248
34	253
34	258
34	263
34	268
34	274
34	280
34	287
34	295
34	304
34	315
34	409
34	422
35	182
35	192
35	201
35	209
35	216
35	222
35	228
35	233
35	238
35	243
35	248
35	253
35	258
35	263
35	268
35	274
35	280
35	287
35	295
35	304
35	314
35	389
35	400
35	411
35	422
35	435
36	181
36	191
36	200
36	208
36	215
36	221
36	226
36	231
36	236
36	240
36	244
36	248
36	252
36	256
36	260
36	264
36	268
36	273
36	278
36	283
36	289
36	295
36	302
36	310
36	319
36	331
36	358
36	369
36	379
36	389
36	399
36	410
37	189
37	199
37	208
37	215
37	222
37	227
37	232
37	236
37	241
37	244
37	248
37	252
37	255
37	259
37	263
37	267
37	271
37	275
37	279
37	284
37	289
37	295
37	301
37	308
37	316
37	325
37	336
37	349
37	361
37	372
37	383
37	395
38	198
38	208
38	217
38	225
38	232
38	239
38	244
38	250
38	254
38	259
38	264
38	269
38	275
38	280
38	286
38	293
38	300
38	308
38	318
39	197
39	208
39	217
39	226
39	234
39	241
39	248
39	254
39	260
39	266
39	272
39	279
39	286
39	294
39	303
39	314
40	196
40	206
40	215
40	223
40	231
40	238
40	245
40	251
40	257
40	264
40	271
40	278
40	286
40	295
40	306
41	190
41	200
41	209
41	217
41	224
41	231
41	238
41	244
41	250
41	256
41	262
41	269
41	276
41	284
41	293
41	303
42	192
42	203
42	212
42	220
42	228
42	235
42	242
42	249
42	255
42	262
42	269
42	276
42	284
42	293
42	304
43	206
43	217
43	227
43	237
43	246
43	255
43	264
43	273
43	283
44	211
44	222
44	232
44	241
44	250
44	259
44	268
44	278
45	211
45	222
45	232
45	241
45	250
45	259
45	269
46	216
46	227
46	238
46	248
46	258
46	270
47	209
47	220
47	230
47	239
47	248
47	257
47	267
47	278
48	201
48	212
48	222
48	232
48	242
48	252
48	262
48	273
49	207
49	218
49	228
49	237
49	246
49	255
49	265
49	276
50	207
50	218
50	227
50	235
50	243
50	251
50	259
50	267
50	276
50	287
51	197
51	208
51	218
51	227
51	236
51	244
51	252
51	260
51	269
51	279
52	200
52	211
52	222
52	233
52	243
52	253
52	264
53	221
53	232
53	242
53	251
53	260
53	269
53	279
54	199
54	210
54	219
54	228
54	236
54	243
54	250
54	256
54	263
54	270
54	277
54	285
54	294
54	305
55	187
55	196
55	203
55	210
55	216
55	222
55	228
55	233
55	239
55	244
55	249
55	254
55	259
55	265
55	270
55	276
55	283
55	290
55	298
55	308
56	177
56	187
56	195
56	202
56	207
56	212
56	216
56	221
56	224
56	228
56	232
56	235
56	239
56	242
56	246
56	249
56	253
56	257
56	260
56	265
56	268
56	273
56	277
56	283
56	288
56	295
56	302
56	310
56	320
57	167
57	176
57	183
57	190
57	196
57	202
57	207
57	211
57	214
57	218
57	222
57	223
57	227
57	230
57	232
57	235
57	238
57	240
57	243
57	245
57	248
57	250
57	253
57	256
57	258
57	261
57	264
57	267
57	270
57	273
57	277
57	280
57	284
57	288
57	292
57	297
57	302
57	308
57	315
57	323
57	333
58	161
58	170
58	176
58	181
58	186
58	191
58	195
58	200
58	204
58	208
58	212
58	215
58	219
58	222
58	224
58	228
58	230
58	232
58	235
58	237
58	240
58	242
58	243
58	246
58	248
58	250
58	252
58	254
58	257
58	258
58	261
58	263
58	265
58	268
58	270
58	273
58	275
58	278
58	280
58	284
58	286
58	289
58	293
58	296
58	300
58	305
58	309
58	315
58	321
58	328
58	336
58	346
59	162
59	171
59	175
59	181
59	183
59	188
59	191
59	194
59	197
59	201
59	203
59	207
59	210
59	213
59	216
59	219
59	222
59	225
59	228
59	231
59	234
59	237
59	240
59	243
59	245
59	249
59	251
59	254
59	256
59	259
59	262
59	264
59	267
59	270
59	273
59	276
59	279
59	283
59	286
59	290
59	294
59	298
59	303
59	308
59	314
59	320
59	327
59	336
60	169
60	178
60	182
60	187
60	191
60	193
60	197
60	200
60	202
60	205
60	208
60	211
60	213
60	216
60	219
60	221
60	225
60	227
60	230
60	234
60	236
60	240
60	243
60	246
60	250
60	253
60	256
60	260
60	263
60	267
60	270
60	275
60	278
60	283
60	287
60	293
60	298
60	305
60	313
60	322
61	177
61	185
61	191
61	195
61	200
61	203
61	207
61	211
61	213
61	217
61	220
61	223
61	226
61	229
61	232
61	235
61	238
61	241
61	244
61	247
61	250
61	254
61	257
61	260
61	264
61	268
61	272
61	276
61	281
61	286
61	292
61	298
61	306
61	315
62	181
62	192
62	202
62	210
62	217
62	223
62	229
62	234
62	239
62	243
62	248
62	252
62	257
62	262
62	267
62	273
62	279
62	286
62	294
62	303
63	169
63	179
63	187
63	195
63	203
63	211
63	219
63	227
63	235
63	243
63	251
63	259
63	267
63	276
63	286
64	172
64	182
64	190
64	197
64	204
64	211
64	218
64	225
64	233
64	241
64	249
64	257
64	265
64	274
64	284
65	197
65	207
65	216
65	224
65	232
65	240
65	248
65	256
65	264
65	273
65	283
66	227
66	238
66	248
66	258
66	269
68	178
68	188
68	197
68	205
68	213
68	221
68	230
68	239
68	249
68	259
68	269
68	281
69	176
69	184
69	191
69	197
69	203
69	208
69	213
69	218
69	223
69	228
69	233
69	239
69	244
69	250
69	256
69	262
69	268
69	275
69	282
69	290
69	300
70	187
70	196
70	203
70	210
70	215
70	221
70	226
70	231
70	236
70	241
70	246
70	251
70	256
70	261
70	267
70	273
70	279
70	286
70	294
70	304
71	220
71	230
71	239
71	248
71	257
71	266
71	276
73	188
73	199
73	210
73	222
74	177
74	186
74	194
74	201
74	208
74	215
74	222
74	229
74	236
74	243
74	250
74	257
74	264
74	271
74	279
74	288
74	298
75	182
75	192
75	200
75	208
75	215
75	222
75	228
75	235
75	241
75	248
75	254
75	261
75	268
75	275
75	283
75	292
75	304
-1	-1
