-1	-1
8	207
8	219
8	232
9	179
9	190
9	200
9	209
9	218
9	227
9	236
9	245
9	254
9	264
10	159
10	169
10	178
10	185
10	192
10	199
10	205
10	211
10	217
10	222
10	228
10	233
10	239
10	245
10	251
10	257
10	264
10	271
10	279
10	288
10	298
11	158
11	168
11	176
11	183
11	190
11	196
11	202
11	208
11	213
11	218
11	223
11	228
11	233
11	238
11	243
11	248
11	254
11	259
11	265
11	271
11	278
11	286
11	295
11	305
12	156
12	165
12	173
12	180
12	186
12	192
12	198
12	203
12	208
12	213
12	218
12	223
12	228
12	233
12	238
12	243
12	248
12	253
12	258
12	264
12	270
12	276
12	283
12	291
12	300
12	310
13	158
13	168
13	177
13	185
13	192
13	199
13	205
13	211
13	217
13	223
13	229
13	235
13	241
13	247
13	254
13	261
13	268
13	276
13	285
13	295
13	307
14	167
14	177
14	186
14	194
14	202
14	210
14	217
14	224
14	231
14	238
14	246
14	254
14	263
14	272
14	282
15	169
15	180
15	189
15	198
15	206
15	213
15	220
15	227
15	234
15	241
15	249
15	257
15	266
15	275
15	286
16	169
16	179
16	188
16	196
16	204
16	212
16	219
16	226
16	233
16	240
16	248
16	256
16	265
16	275
16	286
17	167
17	177
17	186
17	194
17	201
17	208
17	215
17	222
17	228
17	235
17	242
17	249
17	256
17	264
17	273
17	283
17	295
18	160
18	170
18	179
18	187
18	194
18	200
18	206
18	212
18	218
18	224
18	229
18	235
18	241
18	247
18	253
18	259
18	266
18	274
18	282
18	292
18	304
19	156
19	165
19	172
19	179
19	184
19	190
19	195
19	200
19	205
19	210
19	214
19	219
19	223
19	228
19	232
19	237
19	242
19	247
19	252
19	257
19	263
19	269
19	276
19	283
19	291
19	301
19	313
20	152
20	161
20	169
20	174
20	180
20	184
20	189
20	193
20	198
20	202
20	206
20	210
20	214
20	218
20	222
20	226
20	230
20	234
20	238
20	242
20	246
20	250
20	255
20	259
20	264
20	269
20	274
20	280
20	286
20	293
20	301
20	310
20	320
21	156
21	164
21	171
21	177
21	182
21	187
21	192
21	196
21	201
21	204
21	209
21	212
21	216
21	220
21	223
21	227
21	231
21	234
21	238
21	241
21	245
21	248
21	252
21	256
21	259
21	264
21	267
21	272
21	276
21	281
21	286
21	292
21	298
21	305
21	313
21	322
21	332
22	158
22	167
22	174
22	181
22	186
22	191
22	195
22	200
22	203
22	208
22	211
22	215
22	218
22	222
22	225
22	229
22	232
22	235
22	239
22	242
22	245
22	248
22	252
22	255
22	258
22	262
22	265
22	269
22	272
22	276
22	280
22	284
22	288
22	293
22	298
22	304
22	310
22	317
22	325
22	334
22	344
22	355
23	159
23	169
23	177
23	184
23	190
23	196
23	201
23	206
23	211
23	215
23	220
23	224
23	228
23	232
23	236
23	240
23	244
23	248
23	252
23	255
23	259
23	263
23	266
23	270
23	274
23	278
23	282
23	287
23	291
23	296
23	301
23	307
23	314
23	321
23	329
23	338
23	348
23	359
24	162
24	172
24	180
24	187
24	193
24	199
24	205
24	210
24	215
24	220
24	225
24	230
24	235
24	240
24	245
24	250
24	254
24	259
24	263
24	268
24	272
24	277
24	281
24	286
24	291
24	296
24	302
24	308
24	315
24	323
24	331
24	340
24	350
24	363
25	167
25	176
25	184
25	191
25	197
25	203
25	208
25	213
25	218
25	223
25	228
25	233
25	238
25	243
25	248
25	253
25	258
25	263
25	268
25	273
25	278
25	283
25	288
25	294
25	300
25	306
25	313
25	321
25	329
25	338
25	348
26	167
26	177
26	186
26	194
26	202
26	210
26	218
26	225
26	232
26	239
26	246
26	253
26	260
26	267
26	274
26	281
26	288
26	295
26	303
26	311
26	320
26	330
26	342
27	162
27	172
27	181
27	189
27	197
27	204
27	211
27	217
27	223
27	229
27	235
27	241
27	247
27	253
27	259
27	266
27	273
27	280
27	287
27	294
27	302
27	310
27	319
27	329
28	154
28	163
28	171
28	178
28	184
28	190
28	196
28	201
28	206
28	211
28	216
28	221
28	226
28	231
28	236
28	241
28	247
28	252
28	258
28	264
28	270
28	277
28	284
28	292
28	300
28	309
28	319
28	330
29	152
29	161
29	168
29	174
29	180
29	185
29	190
29	195
29	200
29	204
29	209
29	213
29	217
29	221
29	225
29	229
29	234
29	238
29	243
29	247
29	252
29	257
29	262
29	267
29	273
29	279
29	286
29	293
29	301
29	310
29	320
29	332
30	151
30	160
30	167
30	172
30	177
30	182
30	185
30	190
30	193
30	197
30	200
30	203
30	206
30	209
30	212
30	214
30	218
30	220
30	223
30	226
30	228
30	231
30	234
30	236
30	239
30	242
30	245
30	248
30	251
30	254
30	257
30	260
30	264
30	267
30	271
30	275
30	279
30	284
30	289
30	295
30	301
30	308
30	316
30	325
30	335
31	157
31	164
31	171
31	175
31	180
31	183
31	187
31	190
31	192
31	195
31	198
31	201
31	202
31	205
31	208
31	210
31	212
31	213
31	216
31	218
31	220
31	222
31	223
31	226
31	228
31	229
31	232
31	233
31	235
31	237
31	239
31	241
31	243
31	245
31	247
31	249
31	251
31	254
31	255
31	258
31	260
31	263
31	265
31	268
31	270
31	274
31	276
31	279
31	283
31	286
31	289
31	294
31	297
31	302
31	307
31	313
31	319
31	326
31	334
31	343
31	354
32	153
32	161
32	167
32	172
32	176
32	181
32	183
32	188
32	191
32	194
32	198
32	201
32	204
32	207
32	210
32	213
32	216
32	219
32	222
32	224
32	227
32	230
32	232
32	235
32	237
32	240
32	242
32	245
32	247
32	250
32	252
32	255
32	257
32	260
32	263
32	266
32	268
32	272
32	275
32	278
32	282
32	286
32	289
32	294
32	298
32	303
32	308
32	314
32	321
32	328
32	336
32	346
32	358
33	157
33	165
33	172
33	179
33	185
33	191
33	196
33	201
33	206
33	211
33	216
33	221
33	226
33	231
33	234
33	239
33	242
33	246
33	250
33	253
33	257
33	260
33	264
33	267
33	271
33	275
33	278
33	283
33	287
33	292
33	297
33	302
33	308
33	315
33	322
33	330
33	339
33	350
34	163
34	172
34	180
34	186
34	192
34	197
34	202
34	206
34	211
34	214
34	219
34	222
34	226
34	230
34	233
34	237
34	240
34	243
34	247
34	250
34	253
34	256
34	259
34	262
34	265
34	268
34	271
34	275
34	278
34	282
34	285
34	289
34	293
34	297
34	302
34	307
34	312
34	318
34	325
34	332
34	340
34	349
34	364
35	163
35	172
35	180
35	186
35	192
35	198
35	203
35	208
35	212
35	217
35	221
35	225
35	229
35	232
35	236
35	240
35	243
35	247
35	250
35	253
35	257
35	260
35	263
35	266
35	269
35	273
35	276
35	279
35	283
35	287
35	291
35	295
35	299
35	304
35	309
35	315
35	321
35	328
35	336
35	345
35	355
36	170
36	181
36	191
36	200
36	209
36	218
36	226
36	233
36	240
36	246
36	252
36	257
36	262
36	266
36	271
36	275
36	280
36	284
36	289
36	294
36	299
36	305
36	311
36	318
36	325
36	333
36	342
36	353
37	179
37	189
37	198
37	206
37	214
37	222
37	229
37	236
37	243
37	249
37	255
37	260
37	265
37	270
37	275
37	280
37	285
37	290
37	295
37	301
37	307
37	314
37	321
37	329
37	338
37	348
38	172
38	182
38	190
38	197
38	203
38	209
38	214
38	220
38	225
38	230
38	235
38	240
38	245
38	250
38	255
38	260
38	265
38	270
38	274
38	279
38	284
38	288
38	294
38	299
38	305
38	311
38	318
38	325
38	333
38	342
38	354
39	169
39	179
39	187
39	194
39	201
39	208
39	215
39	222
39	229
39	235
39	242
39	248
39	254
39	260
39	266
39	272
39	277
39	283
39	288
39	294
39	299
39	305
39	311
39	318
39	326
39	335
39	345
40	182
40	194
40	206
40	218
40	230
40	241
40	251
40	260
40	269
40	276
40	283
40	290
40	297
40	304
40	311
40	319
40	328
40	338
41	196
41	207
41	217
41	227
41	237
41	247
41	257
41	266
41	274
41	282
41	290
41	298
41	307
41	317
41	328
42	186
42	196
42	205
42	213
42	221
42	228
42	235
42	243
42	251
42	259
42	267
42	275
42	283
42	291
42	300
42	309
42	320
43	188
43	199
43	209
43	219
43	228
43	237
43	246
43	254
43	263
43	272
43	281
43	290
43	299
43	309
43	323
44	260
44	271
44	282
44	293
44	305
45	270
45	283
46	216
46	227
46	238
46	249
46	260
46	271
46	283
47	192
47	203
47	213
47	222
47	231
47	239
47	247
47	255
47	263
47	272
47	281
47	291
47	303
48	228
48	239
48	249
48	259
48	269
48	279
48	290
49	252
49	264
49	275
49	286
50	211
50	223
50	235
50	246
50	256
50	266
50	276
50	287
50	299
51	178
51	188
51	197
51	205
51	213
51	221
51	229
51	236
51	244
51	251
51	258
51	265
51	273
51	281
51	289
51	298
51	308
51	320
52	168
52	178
52	186
52	193
52	200
52	206
52	212
52	218
52	224
52	230
52	235
52	241
52	246
52	252
52	257
52	263
52	268
52	274
52	280
52	286
52	292
52	299
52	306
52	314
52	323
52	335
53	169
53	179
53	188
53	197
53	206
53	215
53	223
53	231
53	238
53	244
53	250
53	256
53	262
53	268
53	273
53	279
53	285
53	291
53	297
53	304
53	312
53	321
53	331
54	188
54	199
54	210
54	221
54	231
54	240
54	247
54	253
54	259
54	264
54	270
54	275
54	281
54	286
54	292
54	298
54	305
54	312
54	320
54	329
55	179
55	190
55	199
55	208
55	216
55	224
55	232
55	240
55	247
55	252
55	257
55	262
55	267
55	271
55	276
55	280
55	285
55	290
55	295
55	300
55	306
55	312
55	319
55	327
55	337
56	168
56	178
56	186
56	193
56	199
56	204
56	210
56	215
56	220
56	225
56	230
56	235
56	240
56	245
56	250
56	254
56	258
56	262
56	265
56	269
56	273
56	276
56	280
56	284
56	288
56	292
56	296
56	300
56	305
56	310
56	316
56	322
56	329
56	337
56	347
57	159
57	168
57	174
57	180
57	184
57	189
57	192
57	196
57	200
57	202
57	206
57	209
57	212
57	214
57	218
57	220
57	223
57	225
57	228
57	231
57	233
57	236
57	238
57	241
57	244
57	246
57	249
57	252
57	255
57	257
57	261
57	263
57	266
57	269
57	271
57	274
57	277
57	279
57	282
57	285
57	288
57	291
57	294
57	297
57	301
57	304
57	308
57	312
57	317
57	322
57	327
57	333
57	340
57	348
57	358
58	157
58	164
58	170
58	173
58	178
58	181
58	183
58	187
58	190
58	192
58	194
58	197
58	199
58	202
58	203
58	205
58	208
58	210
58	211
58	213
58	215
58	217
58	219
58	220
58	222
58	223
58	225
58	227
58	228
58	230
58	232
58	233
58	235
58	236
58	238
58	240
58	241
58	243
58	245
58	246
58	248
58	250
58	252
58	254
58	255
58	257
58	259
58	261
58	263
58	265
58	267
58	269
58	271
58	273
58	275
58	277
58	279
58	281
58	284
58	286
58	288
58	290
58	294
58	295
58	298
58	301
58	304
58	307
58	310
58	314
58	318
58	322
58	327
58	332
58	338
58	345
58	353
58	363
59	158
59	165
59	171
59	174
59	179
59	182
59	184
59	188
59	191
59	193
59	196
59	199
59	201
59	203
59	206
59	208
59	210
59	212
59	214
59	216
59	219
59	220
59	222
59	224
59	226
59	228
59	230
59	232
59	233
59	235
59	237
59	239
59	240
59	242
59	244
59	245
59	247
59	249
59	251
59	252
59	254
59	256
59	258
59	260
59	262
59	264
59	266
59	268
59	270
59	273
59	275
59	277
59	279
59	282
59	285
59	287
59	290
59	293
59	296
59	299
59	303
59	306
59	310
59	315
59	319
59	325
59	331
59	338
59	346
59	357
60	168
60	178
60	187
60	195
60	204
60	213
60	222
60	230
60	237
60	242
60	247
60	252
60	256
60	261
60	265
60	269
60	274
60	278
60	283
60	288
60	293
60	299
60	305
60	312
60	320
60	330
61	247
61	256
61	264
61	271
61	278
61	285
61	293
61	302
61	312
62	257
62	267
62	276
62	285
62	294
62	304
62	316
63	186
63	196
63	205
63	213
63	221
63	229
63	237
63	245
63	254
63	263
63	272
63	280
63	289
63	298
63	308
64	169
64	178
64	185
64	191
64	196
64	201
64	205
64	210
64	213
64	218
64	221
64	225
64	229
64	233
64	237
64	241
64	245
64	249
64	254
64	258
64	264
64	269
64	275
64	282
64	289
64	297
64	307
65	163
65	172
65	179
65	184
65	189
65	193
65	197
65	201
65	204
65	208
65	211
65	214
65	217
65	220
65	223
65	225
65	229
65	231
65	234
65	237
65	239
65	243
65	245
65	248
65	251
65	254
65	257
65	260
65	264
65	267
65	271
65	275
65	279
65	284
65	289
65	295
65	302
65	310
65	320
66	176
66	186
66	194
66	202
66	210
66	217
66	224
66	230
66	236
66	241
66	246
66	251
66	256
66	261
66	267
66	273
66	279
66	286
66	293
66	301
66	311
67	272
67	284
70	187
70	198
70	208
70	217
70	226
70	235
70	245
70	256
71	168
71	177
71	184
71	191
71	197
71	203
71	208
71	213
71	218
71	223
71	228
71	233
71	238
71	243
71	248
71	254
71	259
71	266
71	273
71	281
71	290
72	162
72	171
72	178
72	183
72	188
72	192
72	196
72	200
72	203
72	207
72	210
72	213
72	217
72	220
72	223
72	226
72	229
72	232
72	235
72	238
72	241
72	244
72	247
72	250
72	254
72	257
72	261
72	265
72	268
72	273
72	277
72	282
72	287
72	293
72	299
72	306
72	315
72	326
73	167
73	175
73	182
73	188
73	193
73	198
73	203
73	207
73	212
73	216
73	220
73	224
73	228
73	232
73	236
73	240
73	244
73	248
73	252
73	256
73	260
73	264
73	268
73	273
73	277
73	282
73	287
73	293
73	299
73	306
73	314
73	323
74	271
74	283
74	295
-1	-1
