-1	-1
0	298
0	309
0	319
0	329
0	339
0	349
0	359
0	369
0	379
0	390
0	401
0	412
0	422
0	433
0	445
8	422
9	398
9	409
9	420
9	430
9	441
10	169
10	180
10	191
10	202
10	213
10	224
10	389
10	400
10	410
10	420
10	429
10	439
10	449
11	160
11	171
11	181
11	190
11	199
11	208
11	217
11	226
11	236
11	246
11	257
11	408
11	419
11	430
11	441
12	161
12	172
12	182
12	192
12	202
12	211
12	220
12	229
12	238
12	247
12	257
12	268
13	180
13	192
13	203
13	214
13	225
13	235
13	245
13	256
13	269
15	222
16	186
16	197
16	207
16	217
16	227
16	237
16	248
16	260
16	301
16	315
16	328
16	342
16	412
16	424
17	172
17	183
17	193
17	203
17	212
17	221
17	230
17	240
17	250
17	261
17	332
17	346
17	409
17	421
17	433
18	171
18	182
18	192
18	201
18	210
18	218
18	227
18	236
18	245
18	255
18	266
18	279
18	300
18	312
18	323
18	333
18	343
18	353
18	363
18	374
18	385
18	396
18	407
18	418
18	428
18	439
19	161
19	172
19	182
19	191
19	200
19	209
19	218
19	227
19	236
19	246
19	257
19	268
19	281
19	293
19	304
19	314
19	324
19	333
19	342
19	351
19	360
19	369
19	379
19	389
19	399
19	409
19	419
19	428
19	437
19	447
19	459
20	158
20	168
20	177
20	185
20	193
20	200
20	207
20	214
20	222
20	230
20	238
20	246
20	255
20	264
20	273
20	283
20	292
20	301
20	310
20	319
20	327
20	335
20	343
20	351
20	359
20	367
20	376
20	385
20	394
20	403
20	411
20	419
20	427
20	435
20	444
20	453
20	463
21	151
21	160
21	168
21	174
21	180
21	186
21	192
21	198
21	204
21	209
21	215
21	221
21	227
21	233
21	239
21	245
21	251
21	258
21	265
21	272
21	279
21	286
21	293
21	300
21	307
21	314
21	322
21	330
21	337
21	345
21	353
21	361
21	369
21	377
21	385
21	393
21	401
21	409
21	417
21	424
21	431
21	439
21	447
21	456
21	465
21	475
22	149
22	158
22	165
22	171
22	177
22	182
22	187
22	192
22	197
22	202
22	207
22	212
22	217
22	222
22	227
22	232
22	237
22	242
22	247
22	252
22	257
22	262
22	267
22	272
22	277
22	283
22	288
22	294
22	300
22	306
22	313
22	320
22	327
22	334
22	341
22	348
22	356
22	364
22	372
22	380
22	388
22	396
22	404
22	412
22	420
22	428
22	436
22	444
22	453
22	462
22	472
22	484
23	148
23	157
23	164
23	170
23	175
23	181
23	185
23	190
23	194
23	199
23	203
23	208
23	212
23	216
23	220
23	224
23	228
23	232
23	236
23	240
23	244
23	248
23	252
23	256
23	260
23	264
23	268
23	272
23	276
23	280
23	285
23	289
23	294
23	298
23	303
23	308
23	314
23	319
23	325
23	331
23	337
23	344
23	351
23	358
23	366
23	374
23	382
23	390
23	398
23	406
23	414
23	422
23	430
23	439
23	448
23	458
23	470
24	151
24	160
24	168
24	174
24	180
24	184
24	189
24	193
24	198
24	202
24	206
24	210
24	214
24	218
24	222
24	225
24	229
24	232
24	236
24	239
24	242
24	246
24	249
24	252
24	255
24	259
24	262
24	265
24	269
24	272
24	276
24	279
24	284
24	287
24	292
24	296
24	301
24	306
24	311
24	317
24	323
24	329
24	335
24	342
24	349
24	356
24	364
24	372
24	380
24	389
24	398
24	407
24	416
24	425
24	434
24	444
24	455
25	158
25	167
25	174
25	181
25	187
25	193
25	199
25	204
25	210
25	214
25	219
25	223
25	228
25	232
25	236
25	240
25	244
25	248
25	252
25	255
25	259
25	263
25	267
25	271
25	276
25	280
25	285
25	290
25	295
25	301
25	307
25	313
25	320
25	327
25	335
25	343
25	351
25	359
25	368
25	377
25	387
25	397
25	408
25	419
25	430
25	442
26	158
26	168
26	176
26	183
26	190
26	196
26	202
26	208
26	214
26	219
26	224
26	229
26	234
26	239
26	244
26	249
26	254
26	259
26	264
26	269
26	275
26	281
26	287
26	293
26	300
26	307
26	315
26	323
26	331
26	340
26	349
26	359
26	370
26	382
27	152
27	162
27	170
27	177
27	183
27	189
27	194
27	199
27	204
27	209
27	214
27	219
27	224
27	229
27	233
27	238
27	243
27	247
27	252
27	257
27	262
27	267
27	273
27	279
27	286
27	293
27	300
27	308
27	316
27	324
27	333
27	342
27	352
27	362
27	373
27	385
28	150
28	159
28	166
28	172
28	178
28	183
28	188
28	192
28	197
28	201
28	205
28	209
28	213
28	217
28	221
28	225
28	229
28	234
28	238
28	243
28	247
28	252
28	257
28	262
28	267
28	273
28	279
28	286
28	293
28	301
28	309
28	317
28	326
28	335
28	344
28	354
28	364
28	375
28	386
28	398
28	410
28	422
29	148
29	156
29	162
29	167
29	172
29	175
29	180
29	182
29	185
29	189
29	191
29	193
29	197
29	199
29	201
29	204
29	206
29	209
29	211
29	214
29	216
29	219
29	221
29	224
29	226
29	229
29	231
29	234
29	237
29	239
29	242
29	245
29	248
29	251
29	254
29	257
29	260
29	264
29	267
29	271
29	275
29	279
29	284
29	288
29	294
29	299
29	305
29	311
29	317
29	324
29	331
29	339
29	347
29	355
29	363
29	372
29	381
29	391
29	401
29	411
29	421
29	431
29	442
30	142
30	151
30	157
30	162
30	166
30	171
30	173
30	177
30	180
30	182
30	185
30	188
30	190
30	192
30	194
30	197
30	199
30	201
30	203
30	205
30	207
30	209
30	211
30	213
30	215
30	217
30	219
30	221
30	224
30	225
30	228
30	230
30	232
30	235
30	237
30	239
30	242
30	245
30	247
30	250
30	253
30	256
30	259
30	262
30	266
30	269
30	273
30	277
30	281
30	286
30	290
30	295
30	300
30	306
30	312
30	318
30	324
30	331
30	338
30	345
30	352
30	360
30	368
30	376
30	385
30	394
30	403
30	412
30	421
30	430
30	440
30	451
31	142
31	151
31	158
31	164
31	170
31	175
31	180
31	185
31	190
31	194
31	199
31	203
31	207
31	211
31	215
31	219
31	223
31	227
31	231
31	235
31	239
31	243
31	247
31	252
31	256
31	261
31	266
31	271
31	277
31	283
31	289
31	295
31	302
31	309
31	316
31	323
31	330
31	337
31	345
31	353
31	361
31	369
31	377
31	386
31	395
31	404
31	413
31	422
31	431
31	440
31	450
32	149
32	159
32	167
32	174
32	180
32	186
32	191
32	196
32	201
32	204
32	209
32	212
32	216
32	219
32	222
32	225
32	228
32	231
32	234
32	237
32	240
32	243
32	246
32	249
32	253
32	256
32	260
32	264
32	267
32	272
32	276
32	280
32	285
32	290
32	295
32	301
32	307
32	313
32	319
32	325
32	332
32	339
32	346
32	354
32	362
32	370
32	378
32	386
32	394
32	402
32	410
32	418
32	426
32	434
32	443
32	453
32	464
33	157
33	167
33	175
33	182
33	189
33	194
33	200
33	204
33	209
33	212
33	216
33	220
33	223
33	226
33	230
33	232
33	236
33	239
33	242
33	246
33	249
33	253
33	256
33	260
33	264
33	268
33	272
33	277
33	281
33	286
33	291
33	297
33	302
33	308
33	314
33	320
33	327
33	334
33	342
33	350
33	358
33	367
33	376
33	385
33	394
33	403
33	411
33	419
33	427
33	435
33	443
33	452
33	462
33	474
34	158
34	168
34	178
34	188
34	197
34	206
34	214
34	222
34	230
34	238
34	246
34	254
34	262
34	270
34	278
34	286
34	294
34	302
34	310
34	318
34	326
34	334
34	343
34	352
34	362
34	372
34	383
34	393
34	403
34	412
34	421
34	429
34	437
34	445
34	454
34	463
34	473
34	485
35	159
35	169
35	178
35	187
35	196
35	204
35	212
35	220
35	228
35	235
35	242
35	249
35	256
35	263
35	270
35	277
35	284
35	291
35	298
35	306
35	314
35	322
35	330
35	339
35	348
35	358
35	369
35	384
35	396
35	406
35	415
35	424
35	432
35	440
35	448
35	457
35	466
35	476
36	163
36	174
36	184
36	194
36	203
36	212
36	220
36	228
36	236
36	244
36	252
36	260
36	267
36	274
36	281
36	288
36	295
36	302
36	310
36	318
36	326
36	335
36	344
36	354
36	364
36	375
36	397
36	408
36	419
36	429
36	439
36	450
36	462
37	163
37	174
37	184
37	193
37	202
37	211
37	219
37	227
37	235
37	242
37	249
37	256
37	263
37	269
37	275
37	281
37	287
37	293
37	299
37	305
37	311
37	318
37	325
37	332
37	340
37	348
37	357
37	367
37	377
37	388
37	400
37	411
37	422
37	433
37	445
38	159
38	169
38	177
38	184
38	191
38	198
38	204
38	210
38	216
38	222
38	227
38	232
38	237
38	242
38	246
38	251
38	255
38	260
38	264
38	269
38	273
38	278
38	283
38	288
38	293
38	298
38	304
38	309
38	315
38	321
38	328
38	335
38	343
38	351
38	360
38	369
38	379
38	389
38	399
38	408
38	417
38	426
38	435
38	444
38	454
38	465
39	163
39	173
39	182
39	190
39	197
39	204
39	211
39	217
39	223
39	229
39	234
39	239
39	244
39	249
39	254
39	258
39	263
39	268
39	273
39	278
39	284
39	290
39	296
39	302
39	309
39	316
39	324
39	332
39	341
39	350
39	359
39	368
39	378
39	388
39	397
39	406
39	414
39	422
39	430
39	439
39	448
39	458
39	469
40	176
40	187
40	197
40	207
40	216
40	225
40	234
40	242
40	250
40	257
40	264
40	271
40	278
40	285
40	292
40	299
40	307
40	315
40	323
40	332
40	341
40	350
40	359
40	369
40	379
40	389
40	399
40	409
40	418
40	427
40	436
40	446
40	456
40	467
41	171
41	182
41	191
41	200
41	208
41	216
41	223
41	230
41	237
41	243
41	249
41	254
41	260
41	265
41	270
41	275
41	280
41	285
41	291
41	296
41	302
41	308
41	314
41	321
41	328
41	335
41	343
41	351
41	360
41	369
41	379
41	389
41	399
41	410
41	420
41	430
41	440
41	451
41	463
42	170
42	180
42	189
42	197
42	204
42	211
42	217
42	223
42	228
42	233
42	238
42	243
42	247
42	252
42	256
42	260
42	265
42	269
42	274
42	278
42	283
42	288
42	293
42	299
42	305
42	311
42	318
42	325
42	333
42	341
42	350
42	359
42	369
42	380
42	416
42	428
42	440
43	181
43	192
43	202
43	211
43	219
43	227
43	234
43	241
43	248
43	255
43	262
43	269
43	276
43	284
43	292
43	301
43	311
43	322
43	334
43	346
44	190
44	201
44	211
44	221
44	230
44	239
44	248
44	256
44	263
44	270
44	277
44	285
44	293
44	302
44	311
44	321
44	331
44	342
44	354
45	173
45	183
45	192
45	200
45	207
45	214
45	220
45	226
45	232
45	238
45	243
45	249
45	253
45	258
45	263
45	267
45	272
45	276
45	281
45	286
45	291
45	296
45	302
45	308
45	315
45	322
45	330
45	339
45	349
45	360
46	172
46	182
46	190
46	197
46	203
46	209
46	214
46	219
46	224
46	228
46	233
46	237
46	241
46	245
46	249
46	253
46	256
46	260
46	264
46	267
46	271
46	275
46	279
46	284
46	288
46	293
46	298
46	304
46	310
46	317
46	324
46	332
46	340
46	349
46	359
46	374
47	182
47	193
47	202
47	210
47	218
47	225
47	232
47	239
47	246
47	253
47	260
47	267
47	274
47	282
47	290
47	299
47	309
47	319
47	330
47	342
47	354
48	188
48	199
48	210
48	220
48	230
48	239
48	248
48	257
48	266
48	275
48	284
48	293
48	303
48	313
48	324
49	172
49	183
49	192
49	200
49	208
49	215
49	222
49	229
49	235
49	241
49	247
49	253
49	259
49	264
49	270
49	275
49	281
49	286
49	292
49	298
49	305
49	312
49	320
49	328
49	337
49	348
50	170
50	180
50	189
50	196
50	203
50	209
50	214
50	220
50	224
50	229
50	233
50	238
50	242
50	246
50	250
50	254
50	258
50	261
50	265
50	269
50	272
50	276
50	280
50	284
50	288
50	292
50	297
50	301
50	306
50	311
50	317
50	323
50	330
50	338
50	347
50	357
51	171
51	181
51	190
51	198
51	205
51	212
51	218
51	224
51	230
51	235
51	240
51	244
51	249
51	253
51	258
51	262
51	267
51	272
51	277
51	282
51	287
51	293
51	299
51	306
51	313
51	321
51	330
51	341
52	192
52	204
52	215
52	225
52	235
52	245
52	255
52	266
52	279
53	188
53	199
53	209
53	218
53	226
53	234
53	242
53	250
53	258
53	266
53	274
53	283
53	293
53	304
54	173
54	183
54	192
54	200
54	207
54	213
54	219
54	224
54	229
54	234
54	239
54	243
54	248
54	252
54	256
54	261
54	265
54	269
54	274
54	278
54	283
54	288
54	294
54	300
54	307
54	315
54	324
54	334
55	170
55	180
55	189
55	196
55	202
55	207
55	212
55	216
55	220
55	223
55	227
55	230
55	233
55	236
55	239
55	242
55	244
55	247
55	250
55	252
55	255
55	258
55	260
55	263
55	266
55	268
55	271
55	274
55	277
55	279
55	283
55	286
55	289
55	293
55	297
55	301
55	306
55	310
55	316
55	321
55	328
55	336
55	345
55	356
56	170
56	181
56	190
56	198
56	204
56	210
56	215
56	220
56	224
56	228
56	232
56	235
56	239
56	242
56	245
56	248
56	251
56	254
56	257
56	260
56	263
56	266
56	269
56	273
56	276
56	280
56	284
56	288
56	293
56	297
56	303
56	308
56	315
56	322
56	331
56	342
57	167
57	178
57	188
57	198
57	208
57	219
57	230
57	241
57	253
58	159
58	169
58	178
58	186
58	194
58	202
58	210
58	218
58	226
58	235
58	244
58	253
58	263
58	273
58	285
59	151
59	160
59	168
59	174
59	180
59	185
59	190
59	195
59	200
59	205
59	210
59	214
59	219
59	224
59	229
59	234
59	239
59	244
59	249
59	254
59	259
59	265
59	270
59	276
59	282
59	289
59	297
59	306
59	316
60	148
60	157
60	163
60	169
60	173
60	177
60	181
60	184
60	188
60	191
60	193
60	197
60	199
60	202
60	205
60	207
60	210
60	213
60	215
60	218
60	221
60	223
60	226
60	229
60	231
60	234
60	237
60	239
60	242
60	245
60	247
60	250
60	253
60	255
60	258
60	261
60	264
60	267
60	270
60	273
60	276
60	279
60	283
60	286
60	290
60	295
60	299
60	304
60	309
60	315
60	322
60	330
60	339
61	150
61	159
61	164
61	170
61	172
61	177
61	180
61	182
61	185
61	188
61	191
61	192
61	195
61	198
61	200
61	202
61	204
61	206
61	209
61	210
61	212
61	214
61	216
61	218
61	220
61	222
61	224
61	226
61	228
61	230
61	232
61	234
61	236
61	238
61	240
61	242
61	244
61	246
61	248
61	250
61	252
61	254
61	256
61	258
61	260
61	262
61	265
61	266
61	269
61	271
61	274
61	276
61	278
61	281
61	284
61	286
61	289
61	293
61	296
61	299
61	304
61	307
61	312
61	317
61	323
61	329
61	336
61	345
61	355
62	157
62	165
62	171
62	177
62	182
62	186
62	191
62	194
62	199
62	202
62	206
62	210
62	213
62	217
62	221
62	224
62	228
62	232
62	235
62	239
62	243
62	247
62	251
62	255
62	259
62	264
62	269
62	274
62	280
62	286
62	293
62	301
62	311
63	167
63	179
63	191
64	177
64	188
64	199
64	210
64	221
64	232
64	244
64	256
65	172
65	182
65	191
65	199
65	207
65	214
65	221
65	228
65	235
65	242
65	248
65	254
65	260
65	266
65	273
65	280
65	288
65	297
65	308
66	167
66	175
66	182
66	188
66	193
66	198
66	202
66	207
66	211
66	215
66	219
66	222
66	226
66	230
66	233
66	237
66	240
66	244
66	247
66	251
66	254
66	257
66	261
66	264
66	267
66	271
66	274
66	278
66	282
66	286
66	290
66	295
66	300
66	306
66	312
66	319
66	327
66	337
67	163
67	171
67	178
67	183
67	188
67	192
67	195
67	199
67	202
67	205
67	209
67	211
67	214
67	217
67	220
67	222
67	225
67	228
67	230
67	233
67	235
67	238
67	240
67	243
67	245
67	248
67	250
67	253
67	255
67	258
67	260
67	263
67	265
67	268
67	270
67	274
67	276
67	279
67	282
67	286
67	288
67	293
67	296
67	300
67	305
67	309
67	315
67	321
67	328
67	336
67	346
68	171
68	181
68	189
68	196
68	203
68	210
68	216
68	222
68	228
68	234
68	239
68	245
68	251
68	257
68	263
68	269
68	276
68	284
68	293
68	304
71	196
71	207
71	218
71	228
71	238
71	248
71	258
71	267
71	277
71	288
72	169
72	179
72	187
72	194
72	200
72	206
72	212
72	217
72	222
72	227
72	232
72	237
72	242
72	247
72	252
72	256
72	261
72	265
72	270
72	275
72	280
72	285
72	290
72	296
72	303
72	310
72	319
72	330
73	163
73	172
73	179
73	184
73	190
73	194
73	199
73	202
73	206
73	210
73	213
73	217
73	220
73	223
73	227
73	230
73	233
73	236
73	239
73	242
73	245
73	248
73	251
73	254
73	257
73	260
73	263
73	266
73	269
73	272
73	275
73	278
73	281
73	285
73	288
73	292
73	296
73	300
73	305
73	309
73	315
73	321
73	328
73	336
73	346
74	168
74	177
74	184
74	190
74	195
74	201
74	205
74	210
74	214
74	219
74	223
74	227
74	231
74	235
74	239
74	243
74	247
74	251
74	255
74	259
74	263
74	267
74	271
74	275
74	279
74	284
74	288
74	293
74	298
74	304
74	311
74	319
74	328
-1	-1
