-1	-1
0	297
0	308
0	316
0	323
0	330
0	336
0	341
0	346
0	351
0	356
0	361
0	365
0	370
0	374
0	379
0	383
0	387
0	392
0	396
0	401
0	405
0	410
0	415
0	420
0	426
0	432
0	439
0	447
0	456
0	467
1	318
1	328
1	337
1	345
1	353
1	360
1	367
1	374
1	381
1	388
1	395
1	402
1	409
1	417
1	426
1	436
2	327
2	338
2	348
2	357
2	366
2	374
2	382
2	391
2	400
2	409
2	419
3	341
3	352
3	363
3	373
3	383
3	393
3	404
4	351
4	363
4	374
4	385
4	396
4	409
5	350
5	361
5	372
5	383
5	394
5	405
6	336
6	347
6	358
6	368
6	378
6	388
6	398
6	409
6	423
7	178
7	189
7	200
7	210
7	220
7	230
7	240
7	250
7	261
7	273
7	285
7	298
7	311
7	323
7	334
7	344
7	353
7	362
7	371
7	380
7	389
7	398
7	408
7	418
8	162
8	172
8	181
8	190
8	198
8	206
8	213
8	220
8	227
8	234
8	241
8	248
8	256
8	264
8	272
8	281
8	290
8	299
8	308
8	318
8	327
8	336
8	345
8	353
8	361
8	369
8	377
8	385
8	393
8	401
8	409
8	417
8	426
8	436
9	161
9	171
9	179
9	187
9	194
9	201
9	208
9	214
9	220
9	226
9	232
9	238
9	244
9	250
9	256
9	262
9	268
9	275
9	282
9	289
9	297
9	305
9	313
9	321
9	329
9	337
9	344
9	351
9	358
9	365
9	372
9	379
9	386
9	393
9	400
9	407
9	414
9	421
9	428
9	436
9	445
9	456
10	158
10	168
10	176
10	183
10	190
10	197
10	203
10	209
10	215
10	221
10	227
10	232
10	238
10	243
10	249
10	254
10	260
10	266
10	272
10	279
10	286
10	294
10	302
10	310
10	318
10	326
10	334
10	341
10	348
10	355
10	361
10	367
10	373
10	379
10	385
10	391
10	397
10	403
10	409
10	415
10	421
10	427
10	434
10	441
10	449
10	459
11	157
11	167
11	175
11	183
11	191
11	198
11	205
11	212
11	219
11	226
11	233
11	240
11	247
11	255
11	263
11	271
11	280
11	289
11	298
11	307
11	316
11	325
11	334
11	342
11	350
11	358
11	366
11	373
11	380
11	387
11	394
11	401
11	407
11	413
11	420
11	427
11	435
11	443
11	453
12	161
12	172
12	182
12	192
12	201
12	210
12	219
12	229
12	239
12	250
12	263
12	276
12	289
12	301
12	312
12	323
12	334
12	345
12	356
12	366
12	376
12	385
12	394
12	403
12	412
12	422
12	433
13	170
13	182
13	194
13	206
13	307
13	318
13	329
13	340
13	351
13	361
13	371
13	381
13	391
13	401
13	412
14	306
14	317
14	327
14	337
14	346
14	355
14	364
14	372
14	380
14	389
14	398
14	407
14	417
15	298
15	309
15	319
15	328
15	337
15	345
15	353
15	361
15	368
15	375
15	382
15	389
15	396
15	404
15	412
15	421
15	431
15	444
16	288
16	299
16	309
16	318
16	327
16	335
16	343
16	350
16	357
16	364
16	370
16	376
16	382
16	388
16	394
16	400
16	407
16	414
16	421
16	429
16	438
16	448
17	181
17	193
17	205
17	217
17	286
17	297
17	307
17	316
17	325
17	333
17	341
17	348
17	355
17	361
17	367
17	373
17	379
17	385
17	391
17	396
17	402
17	408
17	414
17	420
17	427
17	434
17	442
17	451
18	176
18	187
18	198
18	209
18	220
18	231
18	243
18	269
18	281
18	291
18	301
18	310
18	319
18	327
18	335
18	342
18	349
18	356
18	363
18	369
18	375
18	381
18	387
18	393
18	399
18	405
18	411
18	417
18	423
18	430
18	437
18	445
18	454
18	465
19	168
19	179
19	189
19	198
19	207
19	216
19	225
19	234
19	244
19	254
19	264
19	274
19	284
19	293
19	302
19	310
19	318
19	326
19	334
19	341
19	348
19	354
19	360
19	366
19	372
19	378
19	384
19	390
19	396
19	402
19	408
19	414
19	420
19	427
19	434
19	442
19	451
19	463
20	161
20	171
20	180
20	188
20	196
20	204
20	212
20	220
20	228
20	236
20	245
20	254
20	263
20	272
20	281
20	290
20	299
20	308
20	317
20	325
20	333
20	341
20	348
20	355
20	362
20	368
20	374
20	380
20	386
20	392
20	398
20	404
20	410
20	416
20	423
20	430
20	438
20	447
20	458
21	157
21	166
21	174
21	181
21	188
21	194
21	200
21	206
21	212
21	218
21	224
21	230
21	237
21	244
21	251
21	258
21	266
21	274
21	282
21	290
21	298
21	305
21	312
21	319
21	326
21	333
21	340
21	346
21	352
21	358
21	364
21	370
21	376
21	382
21	388
21	393
21	399
21	404
21	410
21	415
21	421
21	427
21	434
21	441
21	449
21	459
22	152
22	161
22	169
22	175
22	181
22	186
22	192
22	197
22	202
22	207
22	212
22	217
22	222
22	227
22	232
22	237
22	242
22	247
22	253
22	258
22	264
22	270
22	276
22	282
22	288
22	295
22	302
22	309
22	316
22	323
22	329
22	335
22	341
22	347
22	353
22	359
22	365
22	371
22	377
22	383
22	389
22	395
22	400
22	406
22	411
22	417
22	423
22	429
22	435
22	442
22	450
22	459
22	471
23	156
23	164
23	171
23	177
23	183
23	188
23	193
23	198
23	203
23	208
23	212
23	217
23	221
23	225
23	229
23	233
23	237
23	241
23	245
23	249
23	254
23	258
23	263
23	268
23	273
23	278
23	284
23	290
23	296
23	303
23	310
23	317
23	324
23	331
23	337
23	344
23	350
23	357
23	363
23	369
23	375
23	381
23	387
23	393
23	399
23	405
23	411
23	417
23	423
23	429
23	435
23	442
23	450
23	459
23	470
24	158
24	167
24	174
24	181
24	187
24	193
24	199
24	204
24	210
24	214
24	219
24	224
24	228
24	233
24	237
24	242
24	246
24	250
24	255
24	259
24	264
24	268
24	273
24	278
24	284
24	290
24	296
24	303
24	310
24	317
24	324
24	331
24	338
24	345
24	352
24	359
24	365
24	371
24	377
24	383
24	389
24	395
24	401
24	407
24	413
24	419
24	425
24	432
24	439
24	447
24	456
24	467
25	162
25	172
25	181
25	189
25	196
25	203
25	210
25	216
25	222
25	228
25	233
25	239
25	244
25	249
25	255
25	260
25	266
25	272
25	278
25	284
25	290
25	297
25	304
25	312
25	320
25	328
25	336
25	344
25	352
25	360
25	368
25	376
25	384
25	392
25	400
25	408
25	416
25	424
25	433
25	443
25	455
26	168
26	178
26	187
26	195
26	203
26	210
26	217
26	224
26	231
26	237
26	243
26	249
26	255
26	261
26	267
26	274
26	281
26	288
26	296
26	304
26	313
26	322
26	331
26	340
26	349
26	358
26	367
26	376
26	384
26	392
26	400
26	409
26	418
26	427
26	437
27	167
27	177
27	186
27	194
27	202
27	210
27	217
27	224
27	231
27	237
27	243
27	250
27	257
27	264
27	271
27	279
27	288
27	297
27	307
27	317
27	327
27	337
27	347
27	356
27	365
27	373
27	381
27	389
27	397
27	405
27	413
27	422
27	431
27	441
28	162
28	172
28	181
28	189
28	196
28	203
28	210
28	216
28	222
28	228
28	234
28	240
28	246
28	253
28	260
28	267
28	275
28	284
28	293
28	303
28	313
28	323
28	333
28	342
28	351
28	359
28	367
28	375
28	383
28	391
28	399
28	407
28	415
28	423
28	431
28	440
28	450
29	160
29	170
29	178
29	185
29	192
29	198
29	204
29	210
29	216
29	221
29	227
29	232
29	238
29	243
29	249
29	255
29	261
29	268
29	275
29	283
29	291
29	300
29	310
29	320
29	330
29	340
29	349
29	358
29	366
29	373
29	380
29	387
29	394
29	401
29	408
29	415
29	422
29	429
29	436
29	444
29	453
29	464
30	156
30	164
30	171
30	177
30	183
30	188
30	193
30	198
30	202
30	207
30	211
30	215
30	219
30	223
30	227
30	231
30	235
30	239
30	243
30	248
30	252
30	257
30	262
30	267
30	273
30	279
30	285
30	292
30	299
30	307
30	315
30	324
30	333
30	342
30	351
30	359
30	366
30	373
30	379
30	385
30	391
30	397
30	403
30	409
30	415
30	421
30	427
30	434
30	441
30	449
30	458
30	469
31	149
31	158
31	165
31	171
31	176
31	181
31	185
31	189
31	193
31	196
31	200
31	203
31	207
31	210
31	213
31	217
31	220
31	223
31	226
31	229
31	232
31	235
31	238
31	241
31	244
31	247
31	250
31	254
31	257
31	261
31	265
31	268
31	273
31	277
31	282
31	286
31	291
31	296
31	302
31	308
31	315
31	322
31	330
31	338
31	346
31	353
31	359
31	365
31	371
31	376
31	382
31	387
31	392
31	398
31	403
31	409
31	415
31	421
31	427
31	434
31	441
31	449
31	458
31	470
32	148
32	157
32	163
32	169
32	174
32	179
32	183
32	188
32	192
32	196
32	200
32	204
32	208
32	212
32	216
32	220
32	223
32	227
32	230
32	233
32	237
32	240
32	243
32	246
32	249
32	252
32	255
32	258
32	262
32	265
32	269
32	272
32	276
32	280
32	284
32	288
32	293
32	297
32	303
32	308
32	314
32	320
32	327
32	334
32	341
32	348
32	354
32	360
32	366
32	372
32	378
32	383
32	389
32	395
32	401
32	407
32	413
32	419
32	425
32	432
32	439
32	447
32	456
32	467
33	156
33	164
33	171
33	177
33	183
33	189
33	194
33	199
33	204
33	209
33	213
33	218
33	222
33	226
33	231
33	234
33	238
33	242
33	245
33	249
33	252
33	256
33	259
33	263
33	266
33	270
33	274
33	278
33	282
33	287
33	291
33	296
33	301
33	307
33	313
33	319
33	326
33	333
33	340
33	347
33	355
33	362
33	369
33	376
33	382
33	388
33	394
33	400
33	406
33	412
33	418
33	424
33	431
33	438
33	446
33	455
33	465
34	162
34	171
34	179
34	186
34	192
34	198
34	203
34	208
34	212
34	216
34	220
34	224
34	228
34	231
34	235
34	239
34	242
34	246
34	249
34	253
34	256
34	260
34	264
34	268
34	272
34	276
34	280
34	285
34	290
34	295
34	301
34	307
34	313
34	320
34	327
34	334
34	342
34	350
34	358
34	366
34	374
34	381
34	388
34	394
34	400
34	406
34	412
34	418
34	424
34	430
34	436
34	443
34	450
34	458
34	467
34	479
35	160
35	170
35	178
35	184
35	191
35	197
35	203
35	208
35	213
35	218
35	223
35	227
35	232
35	236
35	240
35	244
35	248
35	252
35	256
35	260
35	265
35	269
35	274
35	279
35	284
35	289
35	295
35	301
35	308
35	315
35	323
35	331
35	339
35	347
35	355
35	363
35	371
35	379
35	386
35	392
35	398
35	403
35	409
35	414
35	419
35	424
35	429
35	434
35	439
35	445
35	451
35	457
35	464
35	472
35	481
36	159
36	168
36	176
36	183
36	190
36	197
36	204
36	210
36	217
36	223
36	229
36	235
36	241
36	246
36	251
36	256
36	261
36	266
36	271
36	277
36	283
36	289
36	296
36	303
36	311
36	319
36	327
36	336
36	345
36	354
36	362
36	370
36	378
36	385
36	391
36	397
36	402
36	407
36	412
36	417
36	422
36	427
36	432
36	437
36	442
36	447
36	453
36	459
36	466
36	474
36	483
36	495
37	162
37	172
37	180
37	188
37	195
37	201
37	207
37	213
37	219
37	225
37	231
37	237
37	243
37	249
37	254
37	260
37	265
37	271
37	277
37	283
37	290
37	297
37	305
37	314
37	324
37	334
37	344
37	354
37	363
37	371
37	379
37	386
37	392
37	398
37	404
37	409
37	414
37	419
37	424
37	429
37	435
37	441
37	447
37	454
37	461
37	469
37	479
38	167
38	176
38	184
38	191
38	198
38	204
38	210
38	216
38	222
38	228
38	234
38	240
38	245
38	251
38	257
38	263
38	269
38	275
38	282
38	289
38	297
38	306
38	316
38	361
38	372
38	382
38	391
38	400
38	408
38	416
38	424
38	433
38	442
38	452
38	465
39	169
39	179
39	188
39	197
39	206
39	215
39	224
39	232
39	240
39	247
39	254
39	260
39	267
39	274
39	281
39	288
39	296
39	305
39	315
39	367
39	378
39	388
39	397
39	406
39	415
39	424
39	433
39	443
39	455
40	176
40	186
40	195
40	204
40	213
40	222
40	231
40	240
40	248
40	255
40	262
40	269
40	276
40	283
40	291
40	300
40	310
40	321
40	361
40	372
40	382
40	391
40	400
40	409
40	418
40	427
40	436
40	446
40	457
41	170
41	180
41	188
41	195
41	202
41	209
41	216
41	223
41	230
41	237
41	245
41	253
41	261
41	269
41	277
41	286
41	296
41	307
41	377
41	387
41	396
41	405
41	414
41	423
41	433
41	443
41	454
42	169
42	179
42	188
42	196
42	204
42	212
42	220
42	228
42	237
42	246
42	255
42	265
42	275
42	287
42	386
42	397
42	407
42	417
42	427
42	438
43	182
43	194
43	249
43	387
43	398
43	408
43	418
43	428
43	440
45	190
45	202
45	213
45	224
45	236
46	216
46	229
46	241
46	254
47	248
48	196
48	207
48	217
48	227
48	237
48	247
48	258
49	182
49	192
49	201
49	210
49	218
49	226
49	234
49	242
49	251
49	260
49	271
50	181
50	191
50	201
50	210
50	219
50	228
50	236
50	244
50	253
50	262
50	272
51	206
51	218
51	229
51	240
51	250
51	260
51	272
52	192
52	203
52	213
52	222
52	231
52	240
52	249
52	258
52	267
52	277
53	179
53	189
53	198
53	205
53	212
53	218
53	224
53	230
53	236
53	242
53	248
53	254
53	260
53	267
53	274
53	282
53	291
53	304
54	171
54	180
54	188
54	194
54	200
54	204
54	209
54	213
54	217
54	221
54	224
54	228
54	231
54	235
54	238
54	242
54	245
54	249
54	253
54	257
54	261
54	265
54	269
54	274
54	279
54	285
54	291
54	298
54	306
54	316
55	168
55	177
55	184
55	190
55	195
55	200
55	205
55	210
55	214
55	218
55	222
55	225
55	229
55	232
55	235
55	239
55	241
55	245
55	247
55	251
55	254
55	257
55	260
55	264
55	267
55	271
55	275
55	279
55	284
55	288
55	294
55	299
55	306
55	314
55	323
56	168
56	178
56	186
56	194
56	202
56	210
56	218
56	226
56	233
56	239
56	244
56	249
56	253
56	257
56	262
56	266
56	271
56	275
56	280
56	285
56	291
56	297
56	304
56	312
56	322
57	169
57	179
57	188
57	197
57	205
57	213
57	221
57	230
57	239
57	247
57	254
57	261
57	268
57	275
57	283
57	292
57	303
58	160
58	170
58	178
58	185
58	192
58	198
58	204
58	210
58	215
58	221
58	226
58	232
58	238
58	244
58	250
58	257
58	264
58	272
58	281
58	292
59	157
59	165
59	172
59	177
59	182
59	186
59	191
59	194
59	198
59	202
59	204
59	208
59	211
59	214
59	217
59	220
59	223
59	226
59	229
59	232
59	235
59	238
59	241
59	245
59	248
59	252
59	256
59	259
59	264
59	268
59	273
59	278
59	284
59	291
59	299
59	308
60	153
60	162
60	169
60	173
60	178
60	182
60	185
60	189
60	192
60	194
60	197
60	200
60	202
60	204
60	207
60	209
60	211
60	213
60	215
60	217
60	219
60	221
60	223
60	225
60	227
60	229
60	231
60	233
60	235
60	237
60	239
60	241
60	243
60	245
60	247
60	249
60	251
60	254
60	255
60	258
60	260
60	263
60	265
60	268
60	270
60	274
60	276
60	279
60	283
60	286
60	290
60	295
60	299
60	305
60	311
60	318
60	326
60	337
61	159
61	168
61	173
61	178
61	182
61	185
61	189
61	192
61	194
61	198
61	200
61	202
61	205
61	208
61	210
61	212
61	215
61	217
61	219
61	222
61	223
61	226
61	228
61	230
61	232
61	234
61	236
61	238
61	240
61	242
61	244
61	246
61	248
61	250
61	252
61	254
61	256
61	258
61	260
61	263
61	265
61	267
61	269
61	272
61	275
61	277
61	280
61	283
61	286
61	289
61	293
61	297
61	301
61	306
61	311
61	317
61	324
61	332
61	342
62	162
62	171
62	178
62	184
62	191
62	197
62	204
62	211
62	218
62	225
62	232
62	238
62	243
62	248
62	253
62	257
62	262
62	266
62	271
62	276
62	281
62	287
62	293
62	300
62	308
62	318
63	178
63	190
63	202
63	261
64	197
64	208
64	219
64	230
64	243
65	182
65	192
65	200
65	208
65	215
65	221
65	227
65	233
65	239
65	246
65	253
65	260
65	268
65	278
66	173
66	182
66	189
66	194
66	200
66	204
66	209
66	212
66	216
66	220
66	223
66	227
66	230
66	234
66	237
66	241
66	244
66	248
66	251
66	255
66	259
66	263
66	267
66	272
66	277
66	283
66	289
66	296
66	305
66	316
67	170
67	179
67	185
67	191
67	195
67	200
67	204
67	209
67	212
67	217
67	220
67	224
67	228
67	231
67	235
67	238
67	242
67	245
67	249
67	252
67	256
67	259
67	263
67	267
67	271
67	275
67	280
67	285
67	290
67	296
67	303
67	311
67	321
68	179
68	190
68	201
68	212
68	224
68	235
68	245
68	254
68	263
68	272
68	282
68	294
71	199
71	210
71	220
71	229
71	238
71	247
71	256
71	266
72	179
72	189
72	196
72	202
72	208
72	213
72	218
72	223
72	228
72	232
72	237
72	241
72	246
72	250
72	255
72	259
72	264
72	269
72	275
72	281
72	288
72	296
72	306
73	172
73	181
73	188
73	193
73	199
73	203
73	208
73	211
73	215
73	219
73	222
73	225
73	229
73	232
73	235
73	238
73	241
73	244
73	247
73	250
73	253
73	256
73	259
73	262
73	265
73	268
73	272
73	275
73	279
73	283
73	287
73	292
73	297
73	303
73	309
73	317
73	326
74	178
74	187
74	194
74	201
74	207
74	213
74	219
74	224
74	229
74	234
74	239
74	243
74	248
74	252
74	256
74	260
74	264
74	268
74	273
74	277
74	282
74	287
74	293
74	299
74	306
74	315
74	326
-1	-1
