-1	-1
0	439
0	450
0	459
0	467
0	474
0	481
0	488
0	494
0	500
0	506
0	512
0	518
0	524
0	530
0	535
0	541
0	546
0	552
0	557
0	563
0	568
0	574
0	580
0	587
0	594
0	602
0	611
0	623
1	460
1	471
1	482
1	492
1	502
1	511
1	520
1	529
1	537
1	545
1	553
1	561
1	569
1	578
1	587
1	598
2	499
2	511
2	522
2	533
2	543
2	553
2	563
2	574
3	527
3	540
3	552
6	338
6	349
6	360
6	371
6	382
6	394
6	479
6	491
6	502
6	513
6	524
6	535
6	546
6	557
6	569
7	321
7	332
7	342
7	351
7	360
7	369
7	378
7	387
7	397
7	407
7	418
7	429
7	440
7	451
7	462
7	472
7	482
7	492
7	501
7	510
7	519
7	528
7	537
7	546
7	556
7	566
7	576
7	587
8	309
8	319
8	328
8	336
8	343
8	350
8	357
8	364
8	371
8	378
8	385
8	392
8	399
8	407
8	415
8	424
8	433
8	442
8	451
8	460
8	469
8	478
8	487
8	496
8	505
8	514
8	523
8	532
8	541
8	550
8	559
8	568
8	577
8	587
9	297
9	307
9	315
9	322
9	329
9	335
9	341
9	347
9	353
9	358
9	364
9	369
9	375
9	380
9	386
9	392
9	398
9	405
9	412
9	419
9	426
9	433
9	440
9	447
9	454
9	461
9	468
9	475
9	482
9	490
9	498
9	506
9	514
9	522
9	530
9	538
9	546
9	554
9	562
9	570
9	579
9	588
9	598
10	292
10	302
10	311
10	319
10	326
10	333
10	339
10	345
10	351
10	357
10	363
10	369
10	375
10	381
10	387
10	393
10	399
10	406
10	413
10	420
10	428
10	436
10	443
10	450
10	457
10	464
10	472
10	480
10	488
10	496
10	504
10	512
10	520
10	527
10	534
10	541
10	548
10	555
10	562
10	569
10	577
10	585
10	593
10	602
10	612
11	290
11	300
11	309
11	317
11	325
11	333
11	341
11	348
11	355
11	362
11	369
11	377
11	385
11	393
11	402
11	411
11	421
11	431
11	441
11	451
11	461
11	470
11	479
11	488
11	497
11	506
11	515
11	524
11	533
11	542
11	551
11	560
11	569
11	578
11	587
11	597
11	609
12	291
12	301
12	310
12	319
12	327
12	335
12	343
12	351
12	359
12	367
12	376
12	385
12	395
12	406
12	418
12	430
12	441
12	452
12	463
12	473
12	483
12	492
12	501
12	509
12	517
12	525
12	533
12	541
12	550
12	559
12	568
12	578
12	590
13	292
13	303
13	313
13	322
13	331
13	340
13	349
13	358
13	368
13	378
13	430
13	441
13	452
13	463
13	473
13	482
13	490
13	498
13	505
13	512
13	519
13	526
13	533
13	540
13	547
13	555
13	563
13	572
13	582
13	594
14	296
14	307
14	318
14	328
14	338
14	348
14	359
14	431
14	442
14	452
14	461
14	470
14	479
14	487
14	495
14	502
14	509
14	515
14	521
14	527
14	533
14	539
14	546
14	553
14	560
14	567
14	575
14	584
14	594
15	431
15	442
15	451
15	460
15	468
15	476
15	484
15	492
15	499
15	506
15	513
15	519
15	525
15	531
15	537
15	543
15	549
15	555
15	562
15	569
15	576
15	584
15	593
15	604
16	319
16	331
16	343
16	355
16	427
16	438
16	447
16	456
16	464
16	472
16	480
16	488
16	495
16	502
16	509
16	515
16	521
16	527
16	532
16	538
16	543
16	549
16	555
16	561
16	567
16	573
16	580
16	587
16	595
16	604
16	615
17	301
17	312
17	323
17	333
17	343
17	353
17	364
17	376
17	417
17	428
17	437
17	445
17	453
17	460
17	467
17	474
17	481
17	488
17	495
17	502
17	508
17	514
17	520
17	525
17	530
17	535
17	540
17	545
17	550
17	555
17	560
17	565
17	570
17	576
17	582
17	588
17	595
17	603
17	612
17	624
18	299
18	310
18	320
18	329
18	338
18	346
18	355
18	364
18	374
18	384
18	396
18	409
18	420
18	429
18	437
18	445
18	452
18	459
18	466
18	473
18	480
18	487
18	494
18	500
18	506
18	512
18	517
18	522
18	527
18	532
18	536
18	541
18	545
18	550
18	554
18	559
18	564
18	569
18	574
18	579
18	585
18	591
18	598
18	606
18	615
18	626
19	299
19	310
19	320
19	329
19	338
19	346
19	355
19	364
19	373
19	383
19	393
19	404
19	415
19	425
19	434
19	442
19	450
19	457
19	464
19	471
19	478
19	485
19	492
19	499
19	504
19	510
19	515
19	520
19	525
19	530
19	534
19	539
19	543
19	548
19	552
19	557
19	561
19	566
19	571
19	576
19	581
19	587
19	593
19	600
19	608
19	617
19	628
20	301
20	312
20	322
20	331
20	340
20	348
20	356
20	365
20	374
20	383
20	393
20	404
20	415
20	425
20	433
20	441
20	448
20	455
20	462
20	469
20	476
20	483
20	490
20	496
20	502
20	507
20	512
20	517
20	522
20	527
20	532
20	536
20	541
20	545
20	550
20	554
20	559
20	563
20	568
20	573
20	578
20	583
20	589
20	595
20	602
20	610
20	619
20	630
21	296
21	306
21	315
21	323
21	331
21	338
21	345
21	352
21	359
21	366
21	373
21	380
21	388
21	396
21	405
21	414
21	423
21	431
21	438
21	445
21	452
21	459
21	466
21	473
21	480
21	487
21	494
21	500
21	506
21	512
21	518
21	524
21	530
21	535
21	541
21	546
21	552
21	557
21	563
21	568
21	574
21	580
21	586
21	593
21	600
21	608
21	617
22	291
22	301
22	309
22	316
22	322
22	328
22	333
22	339
22	344
22	349
22	354
22	359
22	364
22	369
22	374
22	379
22	385
22	391
22	397
22	404
22	411
22	418
22	424
22	430
22	436
22	442
22	448
22	454
22	460
22	466
22	472
22	479
22	485
22	492
22	498
22	505
22	512
22	519
22	525
22	531
22	537
22	543
22	549
22	555
22	561
22	567
22	573
22	579
22	586
22	593
22	601
22	609
22	618
23	289
23	299
23	307
23	314
23	320
23	325
23	331
23	335
23	340
23	344
23	349
23	353
23	358
23	362
23	367
23	371
23	376
23	380
23	385
23	389
23	394
23	399
23	404
23	409
23	415
23	420
23	425
23	430
23	435
23	440
23	445
23	450
23	455
23	460
23	466
23	471
23	477
23	482
23	488
23	493
23	499
23	505
23	511
23	517
23	523
23	529
23	534
23	540
23	545
23	550
23	555
23	560
23	565
23	570
23	576
23	581
23	587
23	593
23	600
23	607
23	615
23	624
23	634
24	287
24	296
24	303
24	310
24	316
24	322
24	327
24	332
24	337
24	342
24	347
24	352
24	357
24	362
24	366
24	371
24	375
24	380
24	384
24	389
24	393
24	398
24	403
24	408
24	413
24	418
24	423
24	428
24	433
24	438
24	443
24	448
24	453
24	458
24	464
24	469
24	475
24	480
24	486
24	492
24	498
24	504
24	510
24	516
24	522
24	527
24	532
24	537
24	542
24	547
24	552
24	557
24	562
24	567
24	572
24	577
24	582
24	588
24	594
24	600
24	607
24	614
24	622
24	631
24	641
25	291
25	301
25	309
25	317
25	324
25	330
25	336
25	342
25	348
25	353
25	359
25	364
25	369
25	374
25	379
25	383
25	388
25	392
25	397
25	402
25	407
25	412
25	417
25	422
25	427
25	432
25	437
25	442
25	447
25	452
25	457
25	462
25	467
25	472
25	477
25	482
25	487
25	493
25	498
25	504
25	509
25	515
25	520
25	526
25	531
25	536
25	541
25	545
25	550
25	554
25	559
25	563
25	568
25	572
25	577
25	582
25	587
25	592
25	597
25	603
25	609
25	615
25	622
25	630
25	638
25	648
26	292
26	302
26	311
26	319
26	326
26	333
26	339
26	345
26	351
26	357
26	363
26	369
26	374
26	380
26	385
26	390
26	395
26	400
26	405
26	410
26	415
26	420
26	425
26	430
26	435
26	440
26	445
26	450
26	455
26	460
26	465
26	470
26	475
26	480
26	486
26	491
26	497
26	503
26	509
26	514
26	520
26	525
26	530
26	535
26	540
26	545
26	550
26	554
26	559
26	563
26	567
26	572
26	576
26	581
26	585
26	590
26	595
26	600
26	606
26	612
26	618
26	625
26	633
26	642
26	652
27	291
27	301
27	310
27	318
27	325
27	332
27	338
27	344
27	350
27	356
27	362
27	368
27	374
27	380
27	385
27	391
27	396
27	402
27	408
27	414
27	420
27	426
27	432
27	438
27	444
27	450
27	456
27	462
27	468
27	474
27	480
27	487
27	494
27	501
27	508
27	514
27	520
27	526
27	532
27	537
27	542
27	547
27	552
27	556
27	561
27	565
27	570
27	574
27	578
27	583
27	587
27	592
27	597
27	602
27	607
27	613
27	619
27	626
27	633
27	641
27	650
28	290
28	300
28	308
28	315
28	322
28	329
28	335
28	341
28	347
28	353
28	359
28	364
28	370
28	375
28	381
28	387
28	393
28	399
28	405
28	412
28	419
28	426
28	433
28	440
28	447
28	454
28	461
28	469
28	477
28	485
28	493
28	501
28	509
28	517
28	524
28	531
28	538
28	544
28	550
28	554
28	559
28	564
28	568
28	573
28	577
28	582
28	586
28	591
28	596
28	601
28	606
28	612
28	618
28	625
28	633
28	642
28	653
29	287
29	296
29	303
29	310
29	316
29	321
29	326
29	331
29	336
29	341
29	346
29	351
29	356
29	361
29	366
29	371
29	376
29	382
29	387
29	393
29	399
29	405
29	412
29	419
29	426
29	433
29	440
29	448
29	456
29	464
29	472
29	480
29	488
29	496
29	504
29	513
29	522
29	530
29	538
29	546
29	553
29	560
29	567
29	574
29	581
29	589
29	597
29	606
29	616
30	281
30	290
30	297
30	303
30	308
30	312
30	317
30	321
30	324
30	328
30	331
30	335
30	338
30	341
30	345
30	348
30	351
30	355
30	358
30	362
30	365
30	369
30	373
30	377
30	381
30	385
30	389
30	394
30	398
30	403
30	408
30	414
30	419
30	425
30	431
30	437
30	443
30	449
30	456
30	463
30	470
30	477
30	484
30	491
30	499
30	507
30	515
30	523
30	531
30	539
30	547
30	555
30	563
30	571
30	580
30	590
30	601
31	277
31	285
31	292
31	297
31	302
31	306
31	311
31	314
31	318
31	321
31	324
31	328
31	331
31	334
31	337
31	340
31	343
31	346
31	349
31	352
31	355
31	358
31	361
31	364
31	367
31	370
31	374
31	376
31	380
31	383
31	387
31	390
31	394
31	398
31	402
31	406
31	411
31	416
31	421
31	426
31	431
31	436
31	441
31	446
31	451
31	457
31	462
31	468
31	474
31	480
31	486
31	493
31	500
31	507
31	514
31	522
31	530
31	538
31	545
31	552
31	559
31	566
31	574
31	582
31	591
31	601
31	612
32	271
32	280
32	287
32	292
32	297
32	302
32	306
32	311
32	314
32	319
32	322
32	326
32	330
32	334
32	338
32	342
32	346
32	350
32	354
32	358
32	362
32	366
32	370
32	374
32	378
32	382
32	386
32	390
32	394
32	398
32	403
32	407
32	412
32	417
32	422
32	427
32	432
32	437
32	442
32	447
32	452
32	457
32	463
32	468
32	474
32	480
32	486
32	492
32	498
32	505
32	512
32	519
32	526
32	533
32	540
32	547
32	554
32	561
32	568
32	575
32	582
32	590
32	598
32	607
32	617
33	273
33	282
33	290
33	296
33	302
33	307
33	312
33	316
33	321
33	324
33	329
33	332
33	336
33	340
33	343
33	347
33	350
33	354
33	357
33	361
33	364
33	368
33	371
33	374
33	378
33	381
33	385
33	388
33	392
33	395
33	399
33	402
33	406
33	410
33	414
33	418
33	422
33	426
33	431
33	435
33	440
33	444
33	449
33	454
33	459
33	464
33	470
33	475
33	481
33	487
33	493
33	499
33	505
33	511
33	517
33	524
33	530
33	536
33	542
33	548
33	554
33	560
33	566
33	572
33	578
33	584
33	590
33	597
33	604
33	612
33	620
33	629
33	640
34	281
34	290
34	298
34	304
34	310
34	314
34	319
34	323
34	327
34	331
34	334
34	338
34	341
34	344
34	348
34	351
34	353
34	357
34	359
34	362
34	365
34	368
34	370
34	373
34	376
34	378
34	381
34	384
34	387
34	389
34	393
34	395
34	398
34	401
34	404
34	407
34	410
34	413
34	416
34	419
34	423
34	426
34	429
34	433
34	436
34	440
34	444
34	447
34	451
34	455
34	459
34	464
34	468
34	473
34	478
34	483
34	488
34	493
34	498
34	504
34	510
34	516
34	522
34	528
34	534
34	540
34	545
34	551
34	556
34	561
34	566
34	571
34	576
34	581
34	586
34	591
34	596
34	602
34	608
34	614
34	621
34	628
34	636
34	645
34	655
35	287
35	296
35	303
35	310
35	316
35	322
35	328
35	334
35	340
35	346
35	351
35	356
35	361
35	365
35	370
35	373
35	378
35	381
35	385
35	389
35	392
35	396
35	399
35	403
35	406
35	410
35	413
35	417
35	420
35	424
35	427
35	431
35	434
35	438
35	441
35	445
35	449
35	453
35	457
35	461
35	465
35	469
35	474
35	478
35	483
35	488
35	493
35	498
35	503
35	508
35	514
35	519
35	525
35	530
35	536
35	541
35	547
35	552
35	557
35	562
35	567
35	571
35	576
35	580
35	585
35	590
35	595
35	600
35	605
35	611
35	617
35	623
35	629
35	636
35	644
35	653
35	663
36	290
36	300
36	309
36	317
36	324
36	331
36	338
36	345
36	352
36	359
36	366
36	372
36	378
36	384
36	389
36	394
36	399
36	404
36	409
36	414
36	418
36	423
36	427
36	432
36	436
36	441
36	445
36	450
36	455
36	460
36	465
36	470
36	475
36	480
36	485
36	491
36	496
36	502
36	508
36	514
36	520
36	526
36	532
36	538
36	544
36	550
36	556
36	561
36	567
36	572
36	578
36	583
36	589
36	595
36	601
36	607
36	613
36	620
36	627
36	634
36	642
36	651
36	661
37	291
37	301
37	309
37	316
37	323
37	329
37	335
37	341
37	347
37	353
37	359
37	364
37	370
37	375
37	381
37	386
37	392
37	397
37	403
37	408
37	414
37	419
37	425
37	430
37	435
37	440
37	445
37	450
37	455
37	461
37	466
37	472
37	478
37	484
37	490
37	496
37	503
37	510
37	517
37	524
37	531
37	538
37	545
37	552
37	559
37	566
37	573
37	581
37	589
37	597
37	606
37	615
37	625
37	636
38	291
38	301
38	310
38	318
38	326
38	333
38	340
38	347
38	354
38	361
38	367
38	373
38	379
38	384
38	390
38	395
38	400
38	405
38	410
38	416
38	421
38	427
38	432
38	438
38	444
38	450
38	456
38	463
38	470
38	477
38	485
38	493
38	501
38	510
38	519
38	528
38	538
38	548
38	558
38	568
38	578
38	588
38	599
38	611
39	293
39	303
39	312
39	320
39	328
39	336
39	344
39	352
39	360
39	368
39	375
39	382
39	389
39	395
39	402
39	408
39	415
39	422
39	429
39	436
39	443
39	450
39	458
39	466
39	475
39	485
39	496
39	507
39	518
39	529
39	540
39	551
39	562
39	573
39	584
39	596
39	609
40	297
40	307
40	315
40	323
40	330
40	337
40	344
40	351
40	358
40	365
40	372
40	379
40	386
40	393
40	400
40	408
40	416
40	424
40	432
40	440
40	448
40	457
40	466
40	476
40	486
40	497
40	509
40	521
40	536
40	548
40	559
40	570
40	580
40	591
40	602
40	613
40	624
40	636
41	300
41	310
41	319
41	327
41	334
41	341
41	348
41	354
41	360
41	366
41	372
41	379
41	386
41	393
41	400
41	408
41	416
41	425
41	434
41	443
41	453
41	463
41	473
41	484
41	495
41	507
41	519
41	531
41	542
41	552
41	561
41	570
41	579
41	588
41	597
41	606
41	615
41	624
41	633
41	643
41	655
42	310
42	321
42	332
42	343
42	353
42	363
42	372
42	381
42	391
42	401
42	411
42	422
42	435
42	447
42	459
42	473
42	527
42	539
42	550
42	559
42	568
42	576
42	584
42	593
42	602
42	611
42	620
42	630
42	641
43	332
43	345
43	357
43	369
43	382
43	562
43	574
43	587
44	326
44	338
44	349
44	360
44	370
44	381
44	393
45	330
45	342
45	353
45	363
45	373
45	383
45	393
45	405
46	362
46	374
46	385
46	397
47	350
47	363
47	376
47	388
47	400
48	320
48	331
48	341
48	350
48	359
48	368
48	377
48	386
48	396
48	407
48	418
48	430
48	442
49	319
49	330
49	340
49	349
49	357
49	365
49	373
49	381
49	390
49	399
49	409
49	420
49	434
50	336
50	348
50	359
50	369
50	379
50	389
50	399
50	411
51	329
51	341
51	352
51	363
51	373
51	383
51	394
51	406
52	311
52	322
52	331
52	339
52	347
52	355
52	363
52	371
52	379
52	387
52	396
52	405
52	415
52	427
53	307
53	317
53	324
53	331
53	337
53	343
53	348
53	353
53	358
53	363
53	368
53	373
53	378
53	383
53	388
53	394
53	400
53	406
53	413
53	421
53	430
53	440
54	302
54	312
54	320
54	326
54	332
54	337
54	342
54	346
54	351
54	354
54	358
54	362
54	365
54	369
54	372
54	375
54	379
54	382
54	386
54	389
54	393
54	397
54	401
54	406
54	410
54	415
54	420
54	426
54	432
54	439
54	447
54	457
55	299
55	309
55	317
55	324
55	331
55	338
55	344
55	350
55	355
55	360
55	364
55	368
55	372
55	375
55	379
55	382
55	386
55	389
55	393
55	396
55	400
55	404
55	408
55	412
55	417
55	422
55	427
55	433
55	439
55	446
55	454
55	464
56	298
56	308
56	317
56	325
56	333
56	341
56	349
56	358
56	366
56	373
56	380
56	385
56	391
56	396
56	402
56	408
56	414
56	421
56	428
56	436
56	445
56	456
57	291
57	300
57	308
57	314
57	320
57	326
57	332
57	338
57	344
57	350
57	356
57	362
57	369
57	376
57	383
57	390
57	397
57	405
57	414
57	424
58	289
58	298
58	305
58	311
58	316
58	321
58	325
58	330
58	334
58	338
58	342
58	346
58	350
58	354
58	358
58	362
58	366
58	370
58	375
58	379
58	384
58	389
58	395
58	401
58	408
58	416
58	425
58	436
59	286
59	294
59	301
59	307
59	312
59	316
59	321
59	323
59	328
59	331
59	333
59	337
59	340
59	342
59	345
59	348
59	350
59	353
59	355
59	358
59	360
59	363
59	365
59	368
59	370
59	373
59	376
59	378
59	381
59	384
59	387
59	389
59	393
59	396
59	399
59	403
59	407
59	411
59	416
59	421
59	427
59	433
59	440
59	448
59	458
60	282
60	291
60	298
60	303
60	308
60	312
60	315
60	319
60	322
60	323
60	327
60	329
60	332
60	333
60	336
60	338
60	340
60	342
60	344
60	346
60	348
60	350
60	352
60	353
60	355
60	357
60	359
60	360
60	362
60	364
60	365
60	367
60	369
60	370
60	372
60	374
60	375
60	377
60	379
60	380
60	382
60	384
60	386
60	387
60	389
60	391
60	394
60	395
60	397
60	399
60	402
60	404
60	406
60	409
60	411
60	415
60	417
60	420
60	424
60	427
60	431
60	435
60	439
60	445
60	450
60	457
60	465
60	474
61	290
61	299
61	305
61	311
61	314
61	319
61	322
61	326
61	329
61	332
61	335
61	338
61	341
61	343
61	346
61	349
61	351
61	354
61	356
61	359
61	361
61	363
61	366
61	368
61	370
61	372
61	374
61	376
61	378
61	380
61	382
61	384
61	386
61	388
61	390
61	392
61	395
61	396
61	399
61	401
61	404
61	406
61	408
61	411
61	414
61	417
61	419
61	424
61	426
61	430
61	434
61	438
61	443
61	448
61	454
61	461
61	469
61	479
62	300
62	310
62	320
62	330
62	340
62	351
62	362
62	371
62	379
62	386
62	392
62	398
62	404
62	410
62	417
62	424
62	432
62	441
62	453
63	303
63	314
63	324
63	334
63	345
63	357
64	308
64	318
64	327
64	336
64	345
64	354
64	363
64	372
64	382
64	394
65	313
65	323
65	331
65	338
65	344
65	350
65	356
65	362
65	368
65	374
65	380
65	386
65	393
65	400
65	408
65	417
66	309
66	318
66	324
66	330
66	334
66	339
66	343
66	347
66	351
66	354
66	358
66	361
66	365
66	368
66	372
66	375
66	378
66	382
66	385
66	389
66	393
66	397
66	401
66	406
66	410
66	416
66	421
66	427
66	434
66	442
66	453
67	310
67	319
67	327
67	333
67	339
67	344
67	350
67	354
67	359
67	363
67	368
67	372
67	376
67	380
67	384
67	388
67	392
67	396
67	400
67	404
67	408
67	413
67	418
67	424
67	430
67	437
67	445
67	455
68	389
68	400
68	412
71	320
71	331
71	340
71	349
71	358
71	366
71	375
71	384
71	394
71	405
72	309
72	318
72	325
72	331
72	337
72	342
72	347
72	352
72	356
72	361
72	365
72	370
72	374
72	379
72	383
72	388
72	393
72	398
72	403
72	409
72	415
72	422
72	430
72	439
73	307
73	315
73	322
73	327
73	332
73	336
73	341
73	344
73	349
73	352
73	356
73	359
73	363
73	366
73	370
73	373
73	376
73	380
73	383
73	386
73	390
73	393
73	397
73	400
73	404
73	407
73	411
73	415
73	419
73	424
73	429
73	435
73	441
73	448
73	456
73	466
74	312
74	322
74	331
74	339
74	346
74	353
74	359
74	365
74	371
74	377
74	382
74	388
74	393
74	398
74	403
74	408
74	413
74	419
74	425
74	432
74	439
74	447
74	457
-1	-1
