-1	-1
0	591
0	604
8	619
8	633
9	589
9	601
9	613
9	624
9	635
11	607
11	619
11	631
15	427
15	439
15	451
15	464
15	569
15	582
15	595
16	390
16	401
16	412
16	422
16	432
16	441
16	450
16	459
16	468
16	477
16	487
16	497
16	508
16	519
16	530
16	541
16	552
16	563
16	574
16	585
16	596
16	607
16	618
16	629
16	643
17	367
17	378
17	387
17	395
17	403
17	411
17	418
17	425
17	432
17	438
17	444
17	450
17	456
17	462
17	468
17	474
17	480
17	487
17	494
17	502
17	510
17	518
17	527
17	536
17	545
17	554
17	563
17	572
17	581
17	590
17	599
17	608
17	617
17	626
17	635
17	645
17	656
18	360
18	370
18	379
18	387
18	394
18	401
18	407
18	413
18	418
18	423
18	428
18	433
18	438
18	442
18	447
18	451
18	455
18	460
18	464
18	468
18	473
18	477
18	482
18	487
18	492
18	497
18	503
18	509
18	515
18	522
18	529
18	536
18	543
18	551
18	559
18	567
18	575
18	583
18	591
18	599
18	607
18	615
18	623
18	631
18	639
18	647
18	656
18	666
19	351
19	360
19	368
19	374
19	380
19	385
19	390
19	395
19	400
19	404
19	409
19	413
19	417
19	421
19	425
19	429
19	432
19	436
19	439
19	443
19	446
19	450
19	453
19	456
19	460
19	463
19	466
19	470
19	473
19	477
19	480
19	485
19	488
19	493
19	497
19	502
19	507
19	512
19	518
19	524
19	530
19	536
19	543
19	550
19	557
19	564
19	571
19	578
19	585
19	592
19	599
19	606
19	613
19	621
19	629
19	637
19	645
19	653
19	662
19	673
20	351
20	360
20	367
20	373
20	378
20	383
20	387
20	391
20	395
20	399
20	402
20	406
20	409
20	413
20	416
20	419
20	422
20	425
20	428
20	431
20	434
20	437
20	440
20	442
20	445
20	448
20	450
20	453
20	456
20	458
20	462
20	464
20	467
20	470
20	474
20	476
20	480
20	484
20	487
20	491
20	495
20	499
20	504
20	509
20	515
20	521
20	527
20	534
20	541
20	549
20	557
20	565
20	572
20	579
20	586
20	593
20	600
20	607
20	614
20	621
20	628
20	635
20	642
20	649
20	656
20	664
20	673
20	684
21	357
21	366
21	373
21	380
21	385
21	390
21	394
21	399
21	402
21	407
21	410
21	414
21	417
21	421
21	424
21	427
21	431
21	433
21	437
21	440
21	443
21	446
21	449
21	452
21	456
21	458
21	462
21	465
21	469
21	473
21	477
21	481
21	486
21	490
21	496
21	501
21	507
21	514
21	522
21	530
21	539
21	549
21	559
21	568
21	576
21	584
21	592
21	600
21	607
21	614
21	621
21	628
21	635
21	642
21	649
21	657
21	666
21	676
22	363
22	373
22	381
22	388
22	394
22	400
22	404
22	409
22	413
22	418
22	422
22	426
22	430
22	434
22	438
22	442
22	446
22	450
22	455
22	459
22	464
22	469
22	475
22	481
22	487
22	494
22	502
22	511
22	521
22	533
22	557
22	568
22	578
22	588
22	597
22	606
22	615
22	623
22	631
22	639
22	647
22	656
22	666
23	378
23	388
23	397
23	404
23	411
23	418
23	424
23	430
23	436
23	442
23	448
23	455
23	462
23	469
23	477
23	486
23	496
23	507
23	620
23	632
24	380
24	391
24	401
24	410
24	419
24	427
24	435
24	443
24	451
24	460
24	469
24	479
24	490
25	380
25	391
25	401
25	410
25	419
25	428
25	437
25	446
25	455
25	464
25	474
25	485
25	497
26	366
26	376
26	385
26	393
26	401
26	409
26	417
26	425
26	433
26	441
26	449
26	457
26	465
26	474
26	483
26	493
26	504
26	516
26	529
26	543
26	556
26	569
27	353
27	363
27	371
27	378
27	384
27	390
27	396
27	402
27	408
27	414
27	420
27	426
27	432
27	438
27	444
27	450
27	456
27	462
27	468
27	475
27	482
27	489
27	497
27	505
27	514
27	524
27	534
27	545
27	556
27	567
27	579
27	620
28	348
28	357
28	363
28	369
28	374
28	379
28	383
28	388
28	392
28	396
28	400
28	404
28	408
28	412
28	415
28	419
28	423
28	427
28	431
28	435
28	439
28	443
28	447
28	451
28	455
28	459
28	463
28	467
28	472
28	476
28	481
28	486
28	491
28	496
28	502
28	508
28	514
28	521
28	528
28	536
28	544
28	553
28	562
28	572
28	583
28	595
28	607
28	619
28	631
29	348
29	356
29	362
29	367
29	372
29	375
29	380
29	382
29	386
29	390
29	392
29	396
29	399
29	402
29	405
29	408
29	411
29	413
29	417
29	419
29	422
29	425
29	427
29	430
29	433
29	435
29	438
29	441
29	444
29	446
29	450
29	452
29	455
29	458
29	461
29	464
29	467
29	470
29	473
29	476
29	479
29	483
29	486
29	490
29	494
29	498
29	502
29	507
29	511
29	516
29	521
29	527
29	533
29	539
29	546
29	554
29	562
29	571
29	581
29	591
29	602
29	613
29	624
29	635
30	351
30	360
30	367
30	372
30	377
30	382
30	386
30	390
30	393
30	397
30	401
30	403
30	407
30	410
30	413
30	416
30	419
30	422
30	424
30	428
30	430
30	433
30	436
30	438
30	441
30	444
30	446
30	449
30	452
30	454
30	457
30	460
30	463
30	466
30	469
30	472
30	475
30	478
30	481
30	485
30	488
30	492
30	496
30	500
30	505
30	509
30	515
30	520
30	526
30	532
30	539
30	546
30	554
30	563
30	572
30	582
30	592
30	603
30	615
30	627
31	367
31	377
31	385
31	392
31	398
31	403
31	409
31	413
31	418
31	422
31	427
31	431
31	435
31	439
31	443
31	447
31	451
31	455
31	459
31	463
31	467
31	471
31	476
31	480
31	485
31	490
31	495
31	501
31	507
31	514
31	521
31	529
31	538
31	548
31	558
31	569
31	581
31	595
32	387
32	398
32	407
32	415
32	423
32	430
32	437
32	444
32	451
32	458
32	465
32	472
32	479
32	486
32	494
32	503
32	513
32	525
32	621
32	634
33	396
33	407
33	417
33	427
33	436
33	445
33	454
33	463
33	472
33	482
33	492
33	505
34	396
34	407
34	417
34	427
34	437
34	446
34	456
34	466
34	476
34	487
35	389
35	400
35	411
35	421
35	431
35	441
35	451
35	461
35	472
36	381
36	392
36	402
36	412
36	422
36	432
36	442
36	452
36	463
36	475
37	371
37	381
37	390
37	398
37	406
37	414
37	422
37	430
37	438
37	446
37	455
37	464
37	474
37	485
38	361
38	371
38	379
38	386
38	392
38	398
38	404
38	409
38	415
38	420
38	426
38	432
38	438
38	444
38	451
38	458
38	465
38	473
38	482
38	492
38	504
39	356
39	364
39	371
39	376
39	381
39	385
39	390
39	393
39	397
39	401
39	404
39	408
39	411
39	415
39	418
39	422
39	425
39	429
39	433
39	437
39	441
39	445
39	449
39	454
39	459
39	464
39	469
39	475
39	481
39	488
39	496
39	505
39	515
39	526
40	350
40	359
40	365
40	371
40	374
40	379
40	382
40	385
40	389
40	391
40	394
40	397
40	400
40	402
40	405
40	408
40	410
40	413
40	415
40	418
40	420
40	423
40	426
40	428
40	431
40	434
40	437
40	440
40	443
40	446
40	449
40	453
40	456
40	460
40	464
40	468
40	473
40	477
40	482
40	487
40	493
40	499
40	506
40	514
40	523
40	533
40	544
41	349
41	358
41	363
41	369
41	372
41	377
41	381
41	383
41	387
41	390
41	392
41	396
41	398
41	401
41	403
41	406
41	409
41	411
41	413
41	416
41	418
41	421
41	423
41	426
41	428
41	431
41	433
41	436
41	438
41	441
41	444
41	446
41	449
41	452
41	455
41	458
41	461
41	465
41	468
41	472
41	476
41	480
41	485
41	489
41	495
41	500
41	506
41	513
41	520
41	528
41	537
41	548
42	354
42	362
42	369
42	374
42	379
42	383
42	388
42	391
42	395
42	399
42	402
42	405
42	408
42	411
42	413
42	416
42	419
42	421
42	424
42	426
42	429
42	431
42	434
42	436
42	439
42	441
42	444
42	446
42	449
42	451
42	454
42	457
42	459
42	463
42	465
42	469
42	472
42	476
42	479
42	483
42	487
42	491
42	496
42	501
42	506
42	512
42	518
42	525
42	533
42	542
42	553
43	363
43	373
43	381
43	389
43	396
43	402
43	408
43	413
43	418
43	422
43	426
43	430
43	433
43	437
43	440
43	443
43	447
43	450
43	453
43	457
43	460
43	464
43	467
43	471
43	475
43	479
43	484
43	488
43	493
43	498
43	504
43	510
43	517
43	525
43	534
43	544
44	378
44	389
44	398
44	407
44	414
44	421
44	426
44	431
44	435
44	440
44	443
44	447
44	451
44	454
44	458
44	461
44	465
44	468
44	472
44	476
44	480
44	484
44	488
44	493
44	498
44	503
44	509
44	515
44	522
44	530
44	539
44	549
45	380
45	391
45	400
45	409
45	417
45	424
45	431
45	437
45	442
45	447
45	451
45	455
45	459
45	463
45	467
45	471
45	475
45	479
45	483
45	487
45	491
45	496
45	500
45	505
45	510
45	516
45	522
45	529
45	537
45	546
45	556
46	389
46	400
46	410
46	419
46	427
46	434
46	441
46	447
46	452
46	457
46	461
46	465
46	469
46	473
46	477
46	481
46	485
46	489
46	493
46	497
46	501
46	506
46	511
46	516
46	522
46	528
46	535
46	543
46	552
46	562
46	574
47	407
47	418
47	428
47	437
47	445
47	452
47	458
47	463
47	468
47	473
47	478
47	482
47	487
47	491
47	496
47	501
47	506
47	512
47	518
47	525
47	532
47	540
47	550
47	564
48	411
48	422
48	432
48	441
48	449
48	457
48	464
48	470
48	476
48	482
48	488
48	494
48	500
48	507
48	514
48	522
48	531
48	542
49	410
49	421
49	432
49	442
49	451
49	459
49	466
49	473
49	479
49	485
49	491
49	498
49	505
49	513
49	522
49	532
50	427
50	438
50	448
50	457
50	465
50	473
50	480
50	487
50	494
50	502
50	510
50	519
50	530
51	436
51	447
51	457
51	466
51	474
51	482
51	490
51	498
51	507
51	517
52	437
52	448
52	458
52	468
52	477
52	486
52	495
52	505
52	516
53	419
53	430
53	440
53	449
53	458
53	467
53	475
53	483
53	491
53	500
53	510
53	522
54	413
54	424
54	434
54	444
54	453
54	462
54	471
54	480
54	489
54	499
54	510
55	442
55	454
55	465
55	475
55	485
55	495
55	507
56	430
56	441
56	451
56	461
56	471
56	480
56	489
56	498
56	508
57	416
57	428
57	439
57	450
57	460
57	469
57	478
57	486
57	494
57	503
57	513
57	525
58	401
58	412
58	423
58	433
58	442
58	451
58	459
58	466
58	473
58	480
58	487
58	494
58	502
58	511
58	522
59	391
59	402
59	411
59	420
59	428
59	435
59	442
59	448
59	453
59	459
59	463
59	468
59	473
59	477
59	482
59	487
59	492
59	497
59	503
59	509
59	516
59	524
59	533
59	545
60	386
60	395
60	403
60	410
60	416
60	422
60	427
60	432
60	436
60	441
60	444
60	448
60	452
60	455
60	459
60	462
60	465
60	469
60	471
60	475
60	478
60	481
60	485
60	488
60	492
60	495
60	499
60	503
60	507
60	512
60	517
60	522
60	528
60	535
60	543
60	553
61	378
61	388
61	395
61	401
61	406
61	411
61	414
61	419
61	422
61	425
61	429
61	431
61	434
61	437
61	440
61	442
61	444
61	447
61	449
61	452
61	454
61	456
61	459
61	461
61	463
61	466
61	468
61	470
61	473
61	475
61	477
61	480
61	482
61	485
61	487
61	490
61	493
61	496
61	498
61	502
61	505
61	508
61	512
61	516
61	520
61	525
61	530
61	536
61	543
61	551
61	561
62	367
62	375
62	382
62	388
62	393
62	398
62	402
62	406
62	410
62	413
62	417
62	420
62	422
62	425
62	428
62	431
62	432
62	435
62	438
62	440
62	442
62	444
62	447
62	449
62	451
62	453
62	456
62	458
62	460
62	462
62	465
62	467
62	469
62	471
62	474
62	476
62	478
62	481
62	484
62	486
62	489
62	492
62	495
62	498
62	501
62	505
62	508
62	512
62	516
62	521
62	526
62	532
62	538
62	546
62	556
63	361
63	370
63	375
63	381
63	384
63	389
63	392
63	395
63	399
63	402
63	405
63	409
63	411
63	415
63	418
63	421
63	424
63	427
63	430
63	434
63	436
63	440
63	443
63	446
63	449
63	452
63	455
63	458
63	461
63	464
63	467
63	470
63	473
63	476
63	479
63	482
63	485
63	488
63	492
63	495
63	499
63	503
63	507
63	512
63	517
63	523
63	529
63	537
63	546
64	367
64	374
64	381
64	384
64	389
64	392
64	395
64	399
64	401
64	404
64	407
64	410
64	412
64	415
64	417
64	420
64	422
64	425
64	427
64	430
64	432
64	435
64	437
64	440
64	442
64	445
64	447
64	450
64	452
64	455
64	457
64	460
64	462
64	465
64	467
64	470
64	472
64	475
64	477
64	480
64	483
64	486
64	488
64	492
64	495
64	498
64	502
64	506
64	510
64	515
64	519
64	525
64	531
64	538
64	546
64	556
65	367
65	376
65	383
65	390
65	394
65	399
65	402
65	406
65	410
65	413
65	416
65	420
65	422
65	425
65	428
65	431
65	434
65	437
65	440
65	443
65	446
65	449
65	452
65	455
65	458
65	461
65	464
65	467
65	470
65	474
65	477
65	480
65	484
65	487
65	491
65	495
65	498
65	503
65	507
65	512
65	517
65	523
65	530
65	538
65	547
66	363
66	371
66	378
66	384
66	390
66	395
66	400
66	405
66	410
66	415
66	420
66	425
66	431
66	436
66	442
66	448
66	454
66	460
66	466
66	472
66	478
66	483
66	489
66	495
66	501
66	508
66	516
66	525
66	536
67	367
67	375
67	382
67	387
67	392
67	397
67	402
67	407
67	412
67	417
67	422
67	427
67	432
67	437
67	442
67	447
67	452
67	457
67	463
67	468
67	474
67	480
67	487
67	494
67	502
67	511
68	386
68	396
68	405
68	413
68	421
68	429
68	436
68	443
68	450
68	458
68	466
68	474
68	482
68	491
68	501
69	396
69	407
69	418
69	429
69	439
69	449
69	459
69	469
69	479
69	489
69	500
70	400
70	411
70	421
70	431
70	440
70	449
70	458
70	467
70	476
70	485
70	494
70	504
70	515
71	467
71	479
71	493
72	388
72	399
72	409
72	419
72	429
72	439
72	448
72	457
72	466
72	475
72	484
72	494
73	377
73	386
73	394
73	401
73	408
73	414
73	420
73	426
73	432
73	438
73	444
73	450
73	455
73	461
73	467
73	473
73	480
73	487
73	495
73	504
73	514
74	397
74	407
74	416
74	424
74	431
74	438
74	445
74	452
74	460
74	468
74	476
74	484
74	492
74	501
74	510
74	523
-1	-1
