-1	-1
0	361
0	372
0	383
0	394
0	405
0	418
8	368
8	379
8	390
8	401
8	413
9	371
9	383
9	394
9	405
10	356
10	367
10	377
10	387
10	396
10	406
10	417
11	361
11	373
11	385
11	397
12	358
12	370
12	381
12	392
12	403
12	415
13	196
13	207
13	217
13	226
13	235
13	245
13	255
13	359
13	371
13	382
13	392
13	402
13	412
13	422
13	435
14	182
14	192
14	201
14	209
14	217
14	224
14	231
14	238
14	245
14	253
14	261
14	270
14	282
14	350
14	362
14	373
14	383
14	392
14	401
14	410
14	419
14	429
14	440
15	171
15	181
15	189
15	196
15	202
15	208
15	213
15	218
15	223
15	228
15	233
15	238
15	243
15	248
15	254
15	259
15	265
15	272
15	279
15	287
15	297
15	308
15	328
15	340
15	351
15	362
15	373
15	383
15	393
15	402
15	411
15	420
15	430
15	441
16	168
16	177
16	184
16	190
16	195
16	200
16	204
16	208
16	212
16	216
16	220
16	223
16	227
16	230
16	234
16	237
16	241
16	244
16	248
16	251
16	255
16	259
16	263
16	267
16	272
16	277
16	282
16	288
16	295
16	302
16	310
16	319
16	328
16	338
16	348
16	358
16	368
16	378
16	388
16	398
16	407
16	416
16	426
16	437
17	167
17	176
17	183
17	189
17	194
17	199
17	203
17	207
17	211
17	214
17	218
17	221
17	224
17	227
17	231
17	233
17	236
17	239
17	242
17	245
17	248
17	251
17	254
17	257
17	260
17	264
17	267
17	271
17	275
17	279
17	284
17	288
17	294
17	299
17	305
17	311
17	318
17	326
17	334
17	342
17	351
17	360
17	369
17	378
17	387
17	396
17	405
17	414
17	423
17	433
17	444
18	169
18	179
18	187
18	194
18	200
18	205
18	211
18	215
18	220
18	223
18	228
18	231
18	235
18	238
18	242
18	245
18	248
18	252
18	255
18	258
18	262
18	265
18	269
18	273
18	277
18	281
18	286
18	290
18	296
18	301
18	307
18	313
18	319
18	326
18	334
18	342
18	351
18	360
18	369
18	378
18	387
18	396
18	405
18	414
18	424
18	434
19	180
19	191
19	200
19	208
19	215
19	222
19	228
19	233
19	239
19	244
19	249
19	254
19	259
19	264
19	269
19	275
19	280
19	286
19	293
19	300
19	308
19	316
19	325
19	334
19	344
19	354
19	365
19	376
19	387
19	398
20	197
20	208
20	218
20	227
20	235
20	243
20	250
20	257
20	265
20	273
20	282
20	291
20	301
20	313
21	200
21	211
21	222
21	232
21	242
21	252
21	262
21	273
22	190
22	201
22	211
22	221
22	231
22	241
22	251
22	262
23	188
23	199
23	209
23	219
23	229
23	239
23	249
23	260
23	272
23	359
23	372
24	177
24	187
24	196
24	205
24	213
24	221
24	229
24	237
24	246
24	255
24	265
24	275
24	287
24	349
24	361
24	372
24	383
24	394
24	405
24	415
24	426
25	167
25	177
25	185
25	192
25	199
25	205
25	211
25	217
25	223
25	229
25	235
25	241
25	247
25	253
25	260
25	267
25	274
25	282
25	290
25	299
25	309
25	319
25	330
25	341
25	352
25	363
25	373
25	383
25	392
25	401
25	410
25	418
25	427
25	436
25	446
26	159
26	169
26	177
26	183
26	189
26	194
26	200
26	204
26	209
26	213
26	218
26	222
26	227
26	231
26	236
26	240
26	245
26	249
26	254
26	258
26	263
26	268
26	273
26	278
26	284
26	290
26	296
26	303
26	310
26	317
26	325
26	333
26	342
26	351
26	360
26	368
26	376
26	384
26	391
26	398
26	405
26	412
26	419
26	426
26	433
26	441
26	450
26	460
27	156
27	164
27	171
27	177
27	182
27	187
27	191
27	195
27	199
27	202
27	206
27	209
27	213
27	216
27	219
27	223
27	225
27	229
27	232
27	235
27	238
27	241
27	244
27	247
27	250
27	254
27	256
27	260
27	263
27	267
27	270
27	274
27	277
27	281
27	285
27	289
27	293
27	297
27	302
27	306
27	311
27	316
27	322
27	328
27	334
27	340
27	347
27	354
27	361
27	368
27	374
27	380
27	386
27	392
27	398
27	404
27	410
27	416
27	422
27	428
27	434
27	441
27	449
27	458
27	469
28	153
28	162
28	169
28	174
28	180
28	184
28	189
28	192
28	196
28	200
28	203
28	207
28	210
28	213
28	217
28	220
28	223
28	226
28	229
28	232
28	235
28	238
28	241
28	243
28	246
28	249
28	251
28	254
28	257
28	259
28	262
28	265
28	267
28	270
28	273
28	275
28	278
28	281
28	284
28	287
28	290
28	293
28	296
28	299
28	303
28	306
28	310
28	314
28	317
28	322
28	326
28	330
28	335
28	339
28	344
28	349
28	354
28	359
28	364
28	369
28	374
28	379
28	384
28	389
28	394
28	399
28	404
28	409
28	414
28	419
28	424
28	430
28	436
28	442
28	449
28	457
28	467
29	162
29	171
29	179
29	185
29	191
29	197
29	202
29	207
29	212
29	216
29	221
29	225
29	229
29	233
29	236
29	240
29	243
29	247
29	250
29	253
29	256
29	259
29	262
29	265
29	268
29	271
29	274
29	277
29	280
29	283
29	286
29	289
29	293
29	296
29	300
29	303
29	307
29	311
29	315
29	319
29	323
29	327
29	331
29	336
29	340
29	345
29	349
29	354
29	358
29	363
29	368
29	373
29	378
29	383
29	388
29	393
29	398
29	403
29	409
29	414
29	420
29	426
29	433
29	440
29	448
29	457
30	177
30	187
30	196
30	204
30	212
30	219
30	226
30	232
30	238
30	243
30	249
30	254
30	259
30	264
30	269
30	274
30	279
30	284
30	289
30	295
30	301
30	307
30	313
30	319
30	325
30	332
30	339
30	345
30	352
30	358
30	365
30	371
30	378
30	385
30	392
30	399
30	406
30	414
30	422
30	431
30	441
30	454
31	177
31	187
31	196
31	205
31	213
31	221
31	229
31	237
31	245
31	253
31	261
31	269
31	277
31	286
31	295
31	305
31	315
31	326
31	338
31	351
32	168
32	178
32	187
32	195
32	203
32	210
32	217
32	225
32	233
32	241
32	249
32	258
32	267
32	276
32	286
32	297
33	160
33	170
33	178
33	184
33	190
33	196
33	202
33	208
33	213
33	219
33	225
33	231
33	237
33	244
33	251
33	259
33	267
33	276
33	286
33	297
34	151
34	160
34	167
34	173
34	178
34	182
34	187
34	191
34	195
34	199
34	203
34	207
34	211
34	215
34	219
34	223
34	227
34	231
34	236
34	240
34	246
34	251
34	257
34	263
34	270
34	277
34	285
34	294
34	304
34	316
35	148
35	156
35	162
35	167
35	172
35	175
35	180
35	183
35	186
35	190
35	192
35	196
35	198
35	202
35	204
35	207
35	210
35	213
35	216
35	219
35	222
35	225
35	228
35	232
35	235
35	239
35	243
35	247
35	251
35	256
35	260
35	265
35	270
35	276
35	282
35	289
35	297
35	306
35	316
35	326
35	337
35	349
35	361
35	374
36	148
36	157
36	163
36	168
36	172
36	176
36	180
36	182
36	186
36	189
36	192
36	193
36	197
36	199
36	202
36	203
36	206
36	209
36	211
36	213
36	216
36	218
36	220
36	223
36	225
36	228
36	230
36	233
36	236
36	238
36	241
36	245
36	247
36	251
36	254
36	258
36	261
36	266
36	269
36	274
36	278
36	284
36	289
36	295
36	302
36	309
36	317
36	326
36	336
36	347
36	359
36	371
36	384
37	157
37	165
37	171
37	176
37	181
37	184
37	189
37	192
37	195
37	199
37	202
37	204
37	208
37	210
37	213
37	216
37	218
37	221
37	224
37	226
37	229
37	232
37	235
37	237
37	240
37	244
37	246
37	250
37	253
37	257
37	260
37	265
37	268
37	273
37	277
37	282
37	287
37	293
37	299
37	306
37	313
37	321
37	330
37	339
37	349
37	360
37	371
37	382
37	393
37	404
37	418
38	167
38	176
38	183
38	190
38	196
38	201
38	206
38	210
38	213
38	217
38	220
38	223
38	226
38	229
38	232
38	235
38	238
38	241
38	244
38	247
38	250
38	253
38	256
38	259
38	263
38	266
38	270
38	274
38	278
38	282
38	287
38	291
38	296
38	301
38	307
38	313
38	319
38	326
38	334
38	342
38	351
38	361
38	371
38	382
38	393
38	405
38	417
39	176
39	186
39	194
39	201
39	208
39	213
39	218
39	222
39	225
39	229
39	232
39	235
39	238
39	241
39	244
39	247
39	250
39	253
39	256
39	259
39	262
39	265
39	268
39	272
39	275
39	279
39	283
39	287
39	291
39	295
39	299
39	304
39	308
39	314
39	319
39	325
39	331
39	338
39	345
39	353
39	362
39	371
39	381
39	393
39	406
40	180
40	190
40	199
40	208
40	216
40	222
40	228
40	233
40	237
40	242
40	245
40	250
40	253
40	257
40	261
40	265
40	269
40	273
40	277
40	281
40	286
40	290
40	295
40	299
40	304
40	309
40	315
40	320
40	326
40	333
40	340
40	348
40	357
40	366
40	376
40	388
41	182
41	193
41	203
41	212
41	220
41	227
41	233
41	239
41	243
41	248
41	253
41	257
41	262
41	266
41	271
41	275
41	280
41	284
41	289
41	294
41	299
41	304
41	309
41	315
41	321
41	328
41	335
41	343
41	352
41	362
41	373
41	385
42	196
42	207
42	216
42	224
42	231
42	237
42	242
42	247
42	252
42	256
42	261
42	264
42	269
42	272
42	277
42	280
42	285
42	288
42	293
42	297
42	302
42	306
42	311
42	316
42	322
42	328
42	335
42	342
42	350
42	359
42	368
42	378
42	388
42	398
42	409
42	424
43	206
43	216
43	225
43	233
43	240
43	246
43	251
43	256
43	261
43	265
43	270
43	273
43	278
43	281
43	286
43	289
43	294
43	297
43	302
43	306
43	311
43	316
43	321
43	327
43	333
43	340
43	347
43	355
43	363
43	372
43	381
43	390
43	400
43	410
43	421
44	226
44	236
44	245
44	252
44	259
44	265
44	271
44	276
44	281
44	286
44	291
44	296
44	301
44	306
44	311
44	317
44	323
44	329
44	336
44	343
44	351
44	359
44	368
44	377
44	387
44	398
44	411
45	221
45	232
45	242
45	251
45	259
45	266
45	273
45	280
45	286
45	292
45	298
45	304
45	310
45	317
45	324
45	332
45	341
45	351
45	363
46	220
46	231
46	241
46	251
46	260
46	269
46	278
46	286
46	294
46	302
46	311
46	321
46	332
47	218
47	229
47	239
47	248
47	257
47	266
47	274
47	282
47	290
47	298
47	307
47	316
47	327
48	227
48	238
48	248
48	258
48	268
48	277
48	286
48	295
48	304
48	314
51	298
53	250
53	264
53	279
53	292
55	267
55	279
55	293
56	227
56	238
56	248
56	258
56	268
56	278
56	288
56	298
56	310
57	226
57	237
57	246
57	254
57	262
57	270
57	277
57	284
57	291
57	298
57	306
57	315
57	325
58	217
58	228
58	238
58	246
58	253
58	260
58	266
58	272
58	278
58	284
58	290
58	296
58	302
58	309
58	316
58	324
58	334
59	200
59	211
59	220
59	228
59	235
59	241
59	247
59	252
59	258
59	262
59	267
59	272
59	276
59	281
59	286
59	291
59	296
59	302
59	308
59	315
59	323
59	332
59	343
60	182
60	193
60	202
60	210
60	218
60	224
60	230
60	234
60	239
60	243
60	247
60	251
60	255
60	259
60	263
60	267
60	271
60	275
60	279
60	283
60	287
60	291
60	296
60	301
60	306
60	312
60	318
60	325
60	333
60	343
61	173
61	183
61	191
61	199
61	206
61	212
61	218
61	224
61	229
61	233
61	238
61	241
61	245
61	248
61	252
61	254
61	258
61	261
61	263
61	267
61	269
61	273
61	276
61	279
61	283
61	286
61	289
61	294
61	297
61	302
61	306
61	311
61	316
61	322
61	329
61	337
61	347
62	169
62	178
62	185
62	191
62	197
62	202
62	206
62	211
62	214
62	219
62	222
62	226
62	230
62	234
62	238
62	241
62	245
62	248
62	251
62	254
62	257
62	260
62	263
62	265
62	269
62	271
62	274
62	277
62	280
62	283
62	286
62	289
62	293
62	296
62	300
62	304
62	308
62	313
62	318
62	324
62	330
62	337
62	346
63	162
63	171
63	178
63	183
63	188
63	192
63	195
63	199
63	202
63	204
63	208
63	210
63	212
63	215
63	217
63	220
63	222
63	224
63	227
63	229
63	231
63	234
63	236
63	238
63	241
63	243
63	246
63	248
63	251
63	253
63	256
63	258
63	261
63	264
63	266
63	269
63	272
63	275
63	278
63	281
63	284
63	287
63	291
63	294
63	298
63	302
63	306
63	311
63	316
63	322
63	328
63	336
63	345
64	159
64	168
64	174
64	180
64	183
64	188
64	191
64	193
64	197
64	200
64	202
64	204
64	207
64	209
64	212
64	213
64	215
64	218
64	219
64	222
64	223
64	225
64	227
64	229
64	231
64	232
64	234
64	236
64	238
64	239
64	241
64	243
64	245
64	247
64	248
64	250
64	253
64	254
64	256
64	258
64	260
64	263
64	264
64	267
64	269
64	271
64	274
64	276
64	279
64	281
64	285
64	287
64	290
64	294
64	297
64	301
64	305
64	309
64	314
64	319
64	325
64	332
64	340
64	350
65	160
65	169
65	175
65	181
65	186
65	191
65	195
65	200
65	204
65	208
65	212
65	216
65	220
65	223
65	227
65	231
65	233
65	237
65	240
65	243
65	246
65	249
65	252
65	255
65	258
65	261
65	264
65	267
65	270
65	273
65	277
65	280
65	284
65	288
65	292
65	297
65	301
65	307
65	313
65	320
65	328
65	338
66	167
66	176
66	184
66	191
66	198
66	205
66	212
66	219
66	227
66	235
66	243
66	250
66	257
66	263
66	270
66	276
66	283
66	290
66	298
66	307
66	318
67	178
67	187
67	195
67	202
67	209
67	216
67	223
67	231
67	239
67	248
67	258
67	269
68	182
68	192
68	201
68	210
68	219
68	229
68	240
70	189
70	199
70	208
70	216
70	224
70	232
70	240
70	248
70	256
70	265
70	274
70	284
70	295
71	179
71	188
71	195
71	202
71	207
71	212
71	217
71	222
71	226
71	231
71	235
71	240
71	244
71	249
71	253
71	258
71	263
71	268
71	274
71	280
71	286
71	293
71	301
71	311
72	181
72	190
72	198
72	204
72	210
72	215
72	221
72	225
72	230
72	234
72	239
72	243
72	248
72	252
72	256
72	261
72	265
72	270
72	275
72	280
72	286
72	292
72	298
72	306
72	315
72	326
75	200
75	210
75	219
75	228
75	236
75	244
75	252
75	260
75	268
75	277
75	287
75	298
76	202
76	212
76	221
76	229
76	237
76	245
76	252
76	259
76	266
76	273
76	280
76	288
76	296
76	305
76	316
-1	-1
