-1	-1
13	192
13	204
13	217
14	167
14	178
14	188
14	197
14	206
14	215
14	224
14	234
14	245
15	150
15	160
15	168
15	175
15	182
15	188
15	194
15	200
15	206
15	212
15	218
15	224
15	230
15	237
15	244
15	252
15	261
15	271
16	147
16	155
16	162
16	168
16	173
16	178
16	182
16	187
16	191
16	195
16	199
16	203
16	206
16	210
16	214
16	217
16	221
16	225
16	229
16	233
16	238
16	242
16	247
16	253
16	259
16	266
16	273
16	281
16	290
16	301
17	147
17	154
17	161
17	165
17	171
17	174
17	179
17	182
17	185
17	189
17	192
17	195
17	198
17	201
17	203
17	207
17	209
17	212
17	215
17	217
17	220
17	223
17	226
17	228
17	232
17	235
17	238
17	241
17	245
17	248
17	252
17	256
17	260
17	265
17	270
17	276
17	282
17	289
17	296
17	304
17	313
17	323
17	334
17	347
17	358
17	369
17	379
17	389
17	400
18	149
18	158
18	164
18	170
18	174
18	179
18	182
18	186
18	190
18	193
18	196
18	200
18	202
18	206
18	209
18	212
18	215
18	218
18	221
18	224
18	227
18	230
18	234
18	237
18	240
18	244
18	248
18	252
18	256
18	260
18	265
18	270
18	276
18	282
18	289
18	296
18	304
18	313
18	323
18	335
18	359
18	371
18	382
18	393
18	405
19	158
19	167
19	174
19	181
19	186
19	192
19	196
19	201
19	205
19	210
19	214
19	219
19	223
19	228
19	233
19	238
19	243
19	249
19	255
19	262
19	269
19	277
19	286
19	297
20	168
20	178
20	186
20	193
20	200
20	207
20	214
20	221
20	228
20	235
20	243
20	252
20	262
21	177
21	187
21	196
21	204
21	212
21	220
21	229
21	238
21	249
22	187
22	198
22	209
22	220
22	233
23	190
23	202
23	214
23	227
24	171
24	182
24	193
24	203
24	213
24	224
24	236
25	158
25	168
25	177
25	186
25	194
25	202
25	210
25	218
25	226
25	235
25	245
25	255
25	267
26	148
26	157
26	164
26	171
26	177
26	183
26	189
26	194
26	200
26	205
26	211
26	216
26	222
26	227
26	233
26	239
26	246
26	253
26	260
26	268
26	277
26	286
26	296
26	308
26	366
26	378
27	143
27	152
27	159
27	164
27	170
27	174
27	179
27	183
27	187
27	191
27	195
27	199
27	202
27	206
27	209
27	213
27	216
27	220
27	223
27	227
27	230
27	234
27	238
27	242
27	246
27	250
27	255
27	259
27	265
27	270
27	276
27	282
27	289
27	297
27	306
27	316
27	327
27	356
27	368
27	379
27	390
28	147
28	155
28	162
28	167
28	172
28	176
28	181
28	184
28	188
28	191
28	195
28	198
28	201
28	204
28	207
28	210
28	213
28	215
28	219
28	221
28	224
28	227
28	229
28	233
28	235
28	238
28	241
28	244
28	247
28	250
28	254
28	257
28	261
28	265
28	269
28	274
28	278
28	284
28	289
28	295
28	302
28	309
28	317
28	326
28	336
28	346
28	357
28	368
28	378
28	388
28	398
29	152
29	161
29	169
29	175
29	181
29	185
29	190
29	194
29	198
29	202
29	205
29	209
29	212
29	215
29	219
29	222
29	225
29	228
29	232
29	235
29	238
29	242
29	245
29	249
29	253
29	257
29	261
29	266
29	270
29	276
29	281
29	287
29	294
29	302
29	310
29	319
29	330
29	369
29	380
29	391
30	167
30	177
30	185
30	192
30	198
30	204
30	210
30	215
30	221
30	226
30	232
30	238
30	244
30	250
30	257
30	265
30	273
30	282
30	293
31	172
31	183
31	192
31	201
31	209
31	217
31	225
31	234
31	244
31	255
32	170
32	181
32	191
32	201
32	211
32	221
32	231
32	242
33	159
33	170
33	179
33	188
33	197
33	206
33	215
33	225
33	235
33	246
34	150
34	159
34	167
34	174
34	181
34	187
34	194
34	200
34	207
34	214
34	222
34	230
34	239
34	249
35	147
35	154
35	161
35	165
35	171
35	174
35	179
35	183
35	187
35	191
35	195
35	199
35	204
35	208
35	213
35	218
35	223
35	229
35	235
35	242
35	249
35	257
35	267
36	143
36	151
36	157
36	162
36	165
36	170
36	173
36	177
36	180
36	183
36	187
36	190
36	194
36	197
36	201
36	204
36	208
36	212
36	216
36	220
36	225
36	229
36	235
36	240
36	246
36	252
36	259
36	267
36	276
36	287
37	144
37	152
37	158
37	163
37	167
37	172
37	174
37	179
37	182
37	185
37	189
37	192
37	195
37	199
37	202
37	206
37	209
37	213
37	217
37	221
37	225
37	229
37	234
37	239
37	245
37	251
37	257
37	264
37	272
37	281
37	291
37	305
38	149
38	158
38	164
38	170
38	174
38	179
38	183
38	187
38	191
38	194
38	198
38	201
38	205
38	208
38	212
38	215
38	219
38	223
38	226
38	230
38	234
38	238
38	243
38	248
38	253
38	259
38	265
38	272
38	280
38	289
38	299
39	158
39	167
39	173
39	179
39	183
39	187
39	191
39	193
39	197
39	200
39	203
39	206
39	209
39	212
39	215
39	218
39	221
39	224
39	227
39	230
39	234
39	237
39	241
39	245
39	248
39	253
39	257
39	262
39	267
39	273
39	279
39	286
39	294
39	303
39	314
40	161
40	171
40	179
40	185
40	191
40	195
40	200
40	204
40	208
40	212
40	216
40	220
40	224
40	228
40	232
40	236
40	240
40	244
40	248
40	253
40	258
40	263
40	269
40	275
40	282
40	290
40	299
40	309
41	169
41	179
41	188
41	196
41	202
41	208
41	213
41	218
41	223
41	228
41	233
41	237
41	242
41	247
41	252
41	257
41	263
41	269
41	276
41	283
41	291
41	300
41	310
42	177
42	187
42	195
42	202
42	209
42	214
42	220
42	224
42	229
42	233
42	238
42	242
42	247
42	251
42	256
42	261
42	267
42	273
42	279
42	286
42	294
42	303
42	313
43	177
43	186
43	193
43	200
43	205
43	210
43	215
43	220
43	224
43	228
43	232
43	236
43	240
43	244
43	248
43	252
43	256
43	261
43	266
43	271
43	276
43	282
43	288
43	295
43	303
43	312
43	322
43	334
44	178
44	188
44	195
44	201
44	207
44	212
44	217
44	221
44	225
44	229
44	233
44	237
44	241
44	245
44	249
44	253
44	257
44	262
44	266
44	271
44	276
44	282
44	288
44	295
44	303
44	312
44	322
44	335
45	198
45	209
45	218
45	225
45	232
45	238
45	244
45	250
45	256
45	262
45	269
45	276
45	284
45	293
45	304
46	216
46	226
46	235
46	243
46	251
46	260
46	269
46	279
47	217
47	228
47	237
47	246
47	255
47	265
47	276
48	199
48	210
48	220
48	229
48	238
48	247
48	256
48	266
49	207
49	218
49	228
49	237
49	246
49	256
49	268
50	229
50	241
53	239
54	211
54	222
54	232
54	242
54	252
54	262
55	222
55	233
55	243
55	253
55	264
56	229
56	240
56	251
56	264
57	198
57	209
57	219
57	229
57	238
57	247
57	257
58	188
58	198
58	207
58	215
58	223
58	230
58	237
58	244
58	252
58	261
58	271
59	178
59	187
59	194
59	200
59	205
59	210
59	215
59	220
59	224
59	229
59	234
59	238
59	244
59	249
59	255
59	261
59	268
59	276
59	286
60	170
60	179
60	185
60	191
60	194
60	199
60	202
60	205
60	209
60	211
60	214
60	217
60	220
60	222
60	225
60	228
60	230
60	233
60	236
60	239
60	242
60	245
60	248
60	251
60	255
60	258
60	262
60	266
60	270
60	275
60	280
60	286
60	293
60	301
60	312
61	160
61	170
61	178
61	184
61	190
61	193
61	198
61	201
61	203
61	207
61	210
61	212
61	214
61	217
61	220
61	221
61	223
61	226
61	228
61	230
61	232
61	234
61	237
61	238
61	241
61	243
61	246
61	248
61	250
61	254
61	255
61	258
61	261
61	264
61	267
61	270
61	274
61	277
61	282
61	286
61	291
61	297
61	303
61	311
61	320
62	152
62	161
62	168
62	174
62	180
62	185
62	190
62	195
62	200
62	205
62	210
62	214
62	218
62	222
62	225
62	229
62	232
62	235
62	238
62	242
62	245
62	248
62	252
62	255
62	259
62	263
62	267
62	272
62	277
62	283
62	289
62	296
62	305
62	316
63	151
63	160
63	165
63	171
63	173
63	178
63	181
63	184
63	188
63	191
63	194
63	197
63	201
63	203
63	207
63	210
63	213
63	217
63	220
63	224
63	227
63	231
63	235
63	239
63	243
63	247
63	252
63	257
63	262
63	268
63	275
63	283
63	293
64	152
64	161
64	166
64	172
64	174
64	179
64	182
64	184
64	188
64	190
64	193
64	195
64	198
64	201
64	203
64	205
64	208
64	210
64	213
64	215
64	218
64	220
64	223
64	225
64	228
64	230
64	234
64	236
64	239
64	242
64	245
64	248
64	252
64	256
64	259
64	264
64	268
64	274
64	280
64	287
64	295
64	305
65	157
65	166
65	173
65	179
65	184
65	189
65	193
65	197
65	201
65	204
65	208
65	212
65	215
65	219
65	222
65	226
65	229
65	233
65	236
65	240
65	244
65	248
65	252
65	257
65	262
65	267
65	273
65	280
65	288
65	298
66	159
66	169
66	179
66	188
66	198
66	208
66	218
66	228
66	238
66	249
67	170
67	181
67	190
67	199
67	208
67	217
67	226
67	236
67	247
68	180
68	190
68	199
68	207
68	215
68	223
68	231
68	239
68	248
68	258
69	216
69	228
69	240
70	163
70	174
70	184
70	194
70	204
70	214
70	225
71	160
71	170
71	178
71	185
71	192
71	199
71	205
71	212
71	218
71	225
71	232
71	240
71	249
71	259
72	179
72	189
72	198
72	206
72	214
72	221
72	228
72	236
72	244
72	253
72	264
75	178
75	189
75	199
75	208
75	217
75	226
75	235
75	245
75	256
76	183
76	194
76	203
76	212
76	220
76	228
76	236
76	244
76	253
76	263
-1	-1
