-1	-1
0	317
0	328
0	339
0	349
0	359
0	369
0	379
0	393
7	238
7	250
8	240
8	252
8	264
8	276
8	288
8	300
8	312
9	247
9	261
9	274
9	287
9	300
9	313
11	187
11	198
11	208
11	218
11	229
11	290
11	302
11	313
11	324
11	335
11	347
11	359
11	370
11	383
12	170
12	180
12	189
12	197
12	205
12	212
12	220
12	228
12	236
12	245
12	255
12	266
12	277
12	288
12	299
12	309
12	319
12	329
12	339
12	349
12	359
12	369
12	379
12	390
13	166
13	175
13	183
13	190
13	196
13	202
13	208
13	214
13	220
13	226
13	232
13	238
13	245
13	252
13	260
13	268
13	277
13	286
13	295
13	304
13	313
13	322
13	331
13	340
13	349
13	358
13	367
13	376
13	385
13	395
14	162
14	172
14	180
14	187
14	193
14	199
14	204
14	210
14	215
14	220
14	225
14	230
14	236
14	241
14	247
14	253
14	260
14	267
14	275
14	283
14	291
14	299
14	307
14	315
14	323
14	331
14	339
14	347
14	355
14	363
14	371
14	379
14	388
14	397
14	408
15	172
15	182
15	191
15	200
15	208
15	216
15	224
15	232
15	240
15	248
15	256
15	264
15	273
15	282
15	291
15	300
15	309
15	317
15	325
15	333
15	341
15	349
15	356
15	363
15	370
15	377
15	385
15	393
15	402
15	412
16	183
16	194
16	204
16	213
16	222
16	231
16	240
16	250
16	260
16	270
16	280
16	290
16	299
16	308
16	317
16	325
16	333
16	341
16	349
16	356
16	363
16	370
16	377
16	385
16	393
16	401
16	410
16	422
17	178
17	188
17	197
17	205
17	213
17	221
17	229
17	237
17	245
17	254
17	263
17	272
17	281
17	290
17	299
17	307
17	315
17	323
17	331
17	338
17	345
17	352
17	359
17	366
17	373
17	380
17	387
17	394
17	402
17	410
17	419
17	430
18	181
18	192
18	201
18	210
18	218
18	226
18	234
18	242
18	251
18	260
18	270
18	280
18	290
18	300
18	310
18	320
18	329
18	338
18	347
18	355
18	363
18	371
18	379
18	387
18	395
18	403
18	412
18	422
18	434
19	192
19	203
19	213
19	223
19	233
19	243
19	255
19	282
19	294
19	305
19	316
19	327
19	337
19	347
19	357
19	367
19	377
19	387
19	398
20	197
20	209
20	220
20	232
20	288
20	300
20	311
20	322
20	332
20	342
20	352
20	362
20	372
20	382
20	394
21	188
21	199
21	210
21	220
21	231
21	244
21	287
21	299
21	310
21	321
21	331
21	341
21	351
21	360
21	369
21	378
21	388
21	400
22	180
22	191
22	201
22	211
22	221
22	231
22	242
22	278
22	290
22	301
22	311
22	321
22	330
22	339
22	348
22	357
22	366
22	375
22	384
22	394
22	405
23	171
23	182
23	191
23	200
23	209
23	218
23	227
23	236
23	246
23	258
23	270
23	281
23	292
23	302
23	311
23	320
23	329
23	337
23	345
23	353
23	361
23	369
23	377
23	385
23	394
23	404
23	415
24	167
24	176
24	184
24	191
24	198
24	205
24	212
24	219
24	226
24	233
24	241
24	249
24	258
24	268
24	278
24	288
24	298
24	307
24	316
24	324
24	332
24	340
24	348
24	356
24	364
24	372
24	380
24	388
24	397
24	407
25	167
25	176
25	184
25	191
25	197
25	203
25	209
25	215
25	221
25	227
25	233
25	239
25	246
25	253
25	261
25	269
25	278
25	287
25	295
25	303
25	311
25	319
25	326
25	333
25	340
25	347
25	354
25	361
25	368
25	375
25	382
25	389
25	397
25	406
25	416
26	167
26	176
26	183
26	190
26	195
26	201
26	206
26	211
26	216
26	221
26	226
26	231
26	236
26	241
26	247
26	253
26	259
26	266
26	273
26	280
26	287
26	294
26	301
26	308
26	315
26	322
26	329
26	336
26	343
26	350
26	357
26	364
26	371
26	378
26	385
26	393
26	401
26	410
26	420
27	162
27	171
27	179
27	185
27	191
27	196
27	201
27	205
27	210
27	213
27	218
27	221
27	226
27	229
27	234
27	237
27	242
27	246
27	251
27	256
27	261
27	266
27	271
27	277
27	283
27	289
27	295
27	301
27	307
27	314
27	321
27	328
27	335
27	342
27	349
27	356
27	363
27	370
27	377
27	384
27	391
27	399
27	407
27	416
27	426
28	163
28	172
28	180
28	187
28	193
28	199
28	204
28	209
28	213
28	218
28	221
28	225
28	229
28	233
28	236
28	240
28	244
28	248
28	252
28	256
28	260
28	265
28	269
28	274
28	279
28	284
28	289
28	295
28	300
28	306
28	312
28	318
28	325
28	331
28	338
28	345
28	352
28	358
28	365
28	371
28	377
28	383
28	389
28	396
28	403
28	410
28	418
28	427
28	438
29	162
29	172
29	180
29	187
29	193
29	199
29	204
29	209
29	213
29	218
29	222
29	225
29	229
29	232
29	236
29	239
29	243
29	246
29	250
29	253
29	257
29	260
29	265
29	268
29	273
29	277
29	282
29	287
29	292
29	297
29	303
29	309
29	315
29	321
29	327
29	334
29	340
29	347
29	353
29	359
29	365
29	371
29	377
29	383
29	389
29	395
29	401
29	408
29	415
29	423
29	432
29	445
30	163
30	173
30	181
30	189
30	196
30	203
30	209
30	215
30	221
30	226
30	231
30	235
30	240
30	244
30	249
30	253
30	258
30	262
30	267
30	272
30	277
30	283
30	288
30	294
30	300
30	307
30	314
30	321
30	329
30	337
30	345
30	353
30	360
30	367
30	374
30	381
30	388
30	395
30	403
30	411
30	420
31	170
31	180
31	189
31	197
31	205
31	212
31	219
31	226
31	232
31	238
31	244
31	250
31	256
31	263
31	270
31	277
31	285
31	293
31	301
31	310
31	319
31	329
31	339
31	349
31	358
31	367
31	376
31	385
31	395
31	406
32	170
32	180
32	188
32	195
32	202
32	209
32	216
32	223
32	229
32	236
32	243
32	250
32	257
32	265
32	274
32	283
32	293
32	304
32	316
32	330
32	343
32	381
33	167
33	176
33	183
33	190
33	196
33	202
33	208
33	214
33	220
33	226
33	232
33	238
33	245
33	252
33	259
33	267
33	276
33	285
33	295
33	306
33	317
33	328
33	340
33	353
34	162
34	171
34	178
34	183
34	188
34	193
34	197
34	202
34	206
34	210
34	215
34	219
34	224
34	228
34	233
34	238
34	244
34	250
34	257
34	264
34	272
34	280
34	288
34	297
34	306
34	315
34	325
34	335
34	345
34	356
34	367
35	162
35	171
35	178
35	183
35	188
35	192
35	196
35	200
35	204
35	207
35	211
35	215
35	218
35	222
35	226
35	230
35	234
35	238
35	243
35	248
35	253
35	259
35	265
35	272
35	279
35	286
35	294
35	302
35	311
35	320
35	329
35	338
35	348
35	358
35	368
35	379
35	392
36	162
36	171
36	177
36	182
36	187
36	191
36	195
36	199
36	202
36	206
36	209
36	212
36	215
36	218
36	221
36	224
36	227
36	231
36	234
36	238
36	241
36	245
36	249
36	253
36	258
36	262
36	267
36	272
36	278
36	284
36	291
36	298
36	306
36	314
36	322
36	331
36	340
36	350
36	360
36	371
36	382
37	167
37	175
37	182
37	187
37	192
37	196
37	200
37	203
37	207
37	210
37	213
37	216
37	219
37	222
37	225
37	228
37	231
37	234
37	237
37	240
37	244
37	247
37	251
37	255
37	259
37	264
37	268
37	273
37	278
37	284
37	290
37	297
37	304
37	312
37	320
37	329
37	338
37	348
37	358
37	368
37	379
37	391
38	170
38	179
38	187
38	193
38	199
38	204
38	209
38	213
38	217
38	221
38	225
38	229
38	233
38	237
38	241
38	246
38	250
38	255
38	260
38	266
38	272
38	278
38	285
38	292
38	300
38	308
38	316
38	325
38	334
38	343
38	353
38	363
38	373
38	383
38	393
38	404
38	416
39	172
39	181
39	189
39	195
39	201
39	206
39	211
39	215
39	220
39	223
39	228
39	231
39	235
39	239
39	243
39	247
39	252
39	256
39	261
39	266
39	271
39	277
39	283
39	289
39	296
39	303
39	311
39	319
39	327
39	335
39	344
39	353
39	362
39	371
39	379
39	387
39	396
39	405
39	414
39	424
39	435
40	178
40	188
40	197
40	204
40	211
40	217
40	222
40	227
40	232
40	236
40	241
40	245
40	250
40	255
40	260
40	265
40	271
40	276
40	282
40	288
40	295
40	302
40	309
40	317
40	325
40	333
40	342
40	351
40	360
40	369
40	379
40	389
40	399
40	409
40	419
40	429
40	440
41	179
41	189
41	197
41	204
41	210
41	215
41	220
41	224
41	228
41	232
41	235
41	239
41	242
41	246
41	249
41	253
41	256
41	260
41	264
41	268
41	272
41	276
41	280
41	285
41	289
41	295
41	300
41	306
41	312
41	319
41	326
41	334
41	342
41	351
41	361
41	372
41	384
41	418
41	430
41	443
42	187
42	197
42	205
42	212
42	218
42	223
42	228
42	232
42	236
42	240
42	244
42	248
42	252
42	256
42	260
42	264
42	268
42	273
42	277
42	282
42	287
42	292
42	298
42	304
42	311
42	318
42	326
42	335
42	345
42	355
42	366
42	379
43	189
43	199
43	208
43	216
43	223
43	230
43	236
43	242
43	248
43	254
43	260
43	266
43	273
43	280
43	287
43	295
43	304
43	314
43	324
43	335
44	188
44	198
44	207
44	215
44	222
44	229
44	234
44	240
44	245
44	250
44	256
44	262
44	268
44	275
44	282
44	290
44	298
44	307
44	317
44	327
44	338
44	349
44	361
45	212
45	223
45	232
45	240
45	248
45	256
45	264
45	272
45	281
45	291
45	301
45	312
45	324
45	336
45	347
45	359
46	211
46	222
46	231
46	239
46	247
46	255
46	263
46	272
46	281
46	291
46	302
46	314
47	210
47	221
47	230
47	239
47	247
47	255
47	264
47	274
47	285
48	222
48	234
48	245
48	257
49	211
49	222
49	232
49	242
49	252
49	263
50	229
50	241
50	253
52	221
52	232
52	242
52	252
52	262
52	274
53	211
53	222
53	232
53	241
53	250
53	260
53	270
54	200
54	211
54	221
54	230
54	239
54	249
54	259
55	191
55	201
55	210
55	218
55	225
55	232
55	239
55	246
55	254
55	263
55	273
55	285
56	199
56	210
56	220
56	229
56	238
56	247
56	257
56	268
57	207
57	218
57	227
57	235
57	243
57	251
57	259
57	268
57	278
58	198
58	208
58	216
58	222
58	228
58	233
58	238
58	243
58	248
58	253
58	258
58	264
58	270
58	277
58	285
58	294
58	305
59	190
59	200
59	208
59	214
59	220
59	225
59	230
59	234
59	238
59	242
59	246
59	250
59	254
59	258
59	262
59	267
59	271
59	276
59	281
59	287
59	294
59	302
59	311
60	182
60	192
60	201
60	209
60	216
60	223
60	229
60	235
60	241
60	246
60	251
60	256
60	262
60	268
60	274
60	281
60	289
60	298
61	178
61	187
61	194
61	200
61	205
61	211
61	215
61	220
61	225
61	230
61	234
61	239
61	244
61	249
61	254
61	259
61	265
61	271
61	278
61	286
61	296
62	178
62	186
62	192
62	197
62	202
62	205
62	210
62	212
62	216
62	219
62	222
62	225
62	228
62	231
62	233
62	236
62	239
62	242
62	244
62	248
62	250
62	254
62	257
62	260
62	264
62	267
62	271
62	275
62	279
62	285
62	290
62	296
62	303
62	311
62	322
63	178
63	185
63	191
63	194
63	199
63	202
63	204
63	208
63	211
63	212
63	215
63	218
63	220
63	222
63	224
63	226
63	229
63	230
63	232
63	234
63	236
63	238
63	240
63	242
63	244
63	246
63	248
63	250
63	252
63	255
63	256
63	259
63	261
63	264
63	266
63	268
63	271
63	274
63	277
63	280
63	284
63	287
63	291
63	295
63	299
63	305
63	310
63	317
63	325
63	335
64	178
64	187
64	194
64	200
64	205
64	210
64	214
64	218
64	222
64	226
64	230
64	233
64	237
64	240
64	243
64	247
64	250
64	254
64	257
64	261
64	265
64	269
64	274
64	278
64	284
64	289
64	296
64	303
64	311
64	322
65	176
65	185
65	193
65	201
65	209
65	217
65	225
65	233
65	241
65	250
65	259
65	269
66	172
66	181
66	188
66	194
66	200
66	205
66	210
66	215
66	220
66	225
66	230
66	235
66	240
66	245
66	251
66	257
66	264
66	271
66	279
66	289
67	178
67	186
67	193
67	199
67	204
67	209
67	213
67	218
67	222
67	226
67	230
67	234
67	238
67	242
67	246
67	251
67	255
67	260
67	265
67	271
67	277
67	284
67	292
67	302
68	197
68	207
68	217
68	226
68	235
68	244
68	253
68	262
68	273
70	188
70	198
70	206
70	214
70	221
70	228
70	235
70	242
70	249
70	256
70	264
70	273
70	284
71	186
71	194
71	201
71	208
71	213
71	219
71	224
71	229
71	234
71	239
71	243
71	248
71	253
71	258
71	264
71	270
71	277
71	285
71	294
72	212
72	223
72	234
72	244
72	254
72	265
74	187
74	198
74	208
74	218
74	228
74	238
74	248
74	259
75	182
75	192
75	200
75	208
75	215
75	222
75	228
75	234
75	240
75	246
75	252
75	259
75	266
75	274
75	283
75	295
76	197
76	207
76	216
76	224
76	232
76	240
76	247
76	255
76	263
76	272
76	282
-1	-1
