-1	-1
0	280
0	291
0	301
0	311
0	320
0	330
0	340
0	350
0	361
10	172
10	183
10	194
10	205
10	217
11	159
11	169
11	178
11	186
11	194
11	202
11	210
11	219
11	228
11	239
11	318
11	331
11	344
12	157
12	166
12	174
12	181
12	188
12	194
12	201
12	207
12	214
12	221
12	228
12	236
12	245
12	255
12	266
12	277
12	289
12	300
12	311
12	322
12	333
12	344
13	157
13	166
13	174
13	181
13	188
13	194
13	200
13	206
13	212
13	218
13	224
13	231
13	238
13	246
13	254
13	263
13	272
13	282
13	292
13	302
13	312
13	322
13	332
13	343
13	354
13	366
14	163
14	173
14	182
14	190
14	197
14	204
14	210
14	216
14	223
14	229
14	236
14	243
14	251
14	259
14	267
14	275
14	284
14	293
14	302
14	311
14	320
14	329
14	338
14	347
14	357
14	367
15	170
15	181
15	190
15	198
15	206
15	213
15	220
15	227
15	234
15	241
15	248
15	255
15	262
15	269
15	276
15	283
15	290
15	297
15	305
15	313
15	321
15	329
15	337
15	345
15	354
15	363
15	373
15	385
16	169
16	180
16	189
16	198
16	206
16	214
16	221
16	228
16	235
16	242
16	249
16	256
16	263
16	270
16	277
16	284
16	291
16	298
16	305
16	313
16	321
16	329
16	337
16	345
16	353
16	361
16	369
16	378
16	388
17	181
17	193
17	204
17	214
17	224
17	233
17	242
17	251
17	259
17	267
17	275
17	283
17	291
17	300
17	309
17	318
17	327
17	336
17	345
17	354
17	362
17	370
17	379
17	389
18	272
18	285
18	297
18	309
18	321
18	333
18	344
18	354
18	363
18	372
18	382
18	393
19	311
19	323
19	335
19	347
19	359
19	371
20	196
20	289
20	301
20	312
20	323
20	334
20	345
20	357
21	178
21	189
21	200
21	211
21	223
21	266
21	277
21	288
21	298
21	308
21	318
21	329
21	340
21	352
22	167
22	178
22	188
22	197
22	206
22	216
22	227
22	259
22	270
22	280
22	290
22	300
22	310
22	320
22	330
22	341
22	352
22	364
23	160
23	170
23	179
23	187
23	195
23	203
23	211
23	219
23	228
23	238
23	249
23	260
23	270
23	280
23	289
23	298
23	307
23	316
23	326
23	336
23	346
23	357
23	368
24	152
24	161
24	169
24	176
24	182
24	188
24	194
24	200
24	206
24	212
24	218
24	224
24	231
24	238
24	246
24	255
24	264
24	273
24	282
24	291
24	301
24	310
24	320
24	330
24	340
24	350
24	360
24	370
24	383
25	150
25	159
25	166
25	172
25	178
25	183
25	188
25	192
25	197
25	201
25	206
25	210
25	215
25	219
25	224
25	228
25	234
25	239
25	245
25	251
25	257
25	264
25	271
25	278
25	286
25	294
25	302
25	311
25	320
25	329
25	338
25	347
25	356
25	365
25	375
26	151
26	160
26	167
26	173
26	179
26	183
26	188
26	192
26	196
26	200
26	204
26	208
26	211
26	215
26	219
26	222
26	226
26	230
26	234
26	238
26	242
26	247
26	251
26	256
26	261
26	266
26	271
26	277
26	283
26	289
26	295
26	302
26	309
26	316
26	323
26	330
26	337
26	344
26	352
26	360
26	368
26	377
26	387
27	158
27	167
27	174
27	181
27	186
27	192
27	196
27	201
27	205
27	209
27	213
27	217
27	221
27	225
27	229
27	233
27	237
27	241
27	245
27	249
27	254
27	258
27	263
27	267
27	272
27	277
27	282
27	287
27	292
27	298
27	304
27	310
27	316
27	322
27	328
27	335
27	341
27	348
27	355
27	362
27	369
27	377
27	386
27	396
28	161
28	171
28	179
28	186
28	192
28	198
28	203
28	208
28	213
28	217
28	222
28	225
28	230
28	233
28	238
28	242
28	246
28	250
28	254
28	258
28	262
28	266
28	270
28	275
28	279
28	284
28	288
28	293
28	298
28	303
28	309
28	314
28	320
28	326
28	332
28	338
28	344
28	350
28	357
28	364
28	371
28	378
28	386
28	395
28	406
29	162
29	172
29	181
29	189
29	196
29	203
29	209
29	215
29	221
29	226
29	231
29	235
29	240
29	244
29	249
29	253
29	258
29	262
29	266
29	270
29	274
29	278
29	283
29	287
29	292
29	297
29	302
29	307
29	313
29	318
29	324
29	330
29	336
29	343
29	350
29	357
29	364
29	372
29	380
29	389
29	400
30	161
30	171
30	180
30	188
30	195
30	202
30	209
30	215
30	221
30	226
30	231
30	236
30	241
30	245
30	250
30	254
30	258
30	262
30	266
30	270
30	274
30	278
30	282
30	287
30	291
30	296
30	301
30	306
30	311
30	317
30	323
30	329
30	336
30	343
30	350
30	358
30	366
30	374
30	383
30	393
30	405
31	160
31	170
31	179
31	187
31	194
31	201
31	208
31	215
31	221
31	227
31	233
31	239
31	245
31	251
31	256
31	262
31	267
31	272
31	277
31	282
31	287
31	293
31	298
31	304
31	310
31	316
31	323
31	330
31	338
31	346
31	355
31	364
31	373
31	383
31	394
32	156
32	165
32	173
32	180
32	186
32	192
32	198
32	204
32	210
32	216
32	222
32	228
32	234
32	240
32	247
32	254
32	261
32	268
32	275
32	282
32	289
32	297
32	305
32	313
32	322
32	331
32	341
32	351
32	361
32	372
33	148
33	156
33	162
33	168
33	173
33	178
33	182
33	186
33	190
33	194
33	198
33	202
33	206
33	210
33	214
33	218
33	222
33	227
33	231
33	236
33	241
33	246
33	252
33	258
33	264
33	271
33	278
33	285
33	293
33	301
33	310
33	319
33	329
33	340
33	351
33	363
34	143
34	151
34	157
34	162
34	166
34	171
34	173
34	178
34	181
34	184
34	187
34	190
34	193
34	196
34	199
34	202
34	204
34	207
34	210
34	213
34	216
34	219
34	222
34	225
34	228
34	232
34	235
34	239
34	243
34	247
34	251
34	256
34	260
34	265
34	270
34	276
34	282
34	288
34	295
34	302
34	310
34	319
34	329
34	340
35	146
35	153
35	160
35	164
35	169
35	172
35	176
35	180
35	183
35	186
35	190
35	192
35	195
35	198
35	201
35	203
35	206
35	209
35	212
35	214
35	217
35	220
35	223
35	226
35	229
35	232
35	236
35	238
35	243
35	246
35	250
35	254
35	258
35	263
35	267
35	272
35	277
35	283
35	289
35	296
35	303
35	311
35	319
35	328
35	338
35	349
35	363
36	149
36	158
36	164
36	170
36	174
36	179
36	182
36	186
36	190
36	192
36	196
36	199
36	202
36	205
36	208
36	211
36	214
36	217
36	220
36	223
36	226
36	229
36	233
36	236
36	239
36	243
36	247
36	251
36	255
36	260
36	265
36	270
36	276
36	282
36	288
36	295
36	302
36	310
36	318
36	327
36	337
36	348
36	360
37	158
37	167
37	174
37	181
37	187
37	192
37	197
37	202
37	206
37	210
37	214
37	218
37	222
37	225
37	229
37	233
37	237
37	241
37	245
37	249
37	254
37	259
37	265
37	270
37	276
37	282
37	289
37	296
37	304
37	313
37	323
37	334
38	158
38	167
38	174
38	181
38	187
38	193
38	198
38	203
38	208
38	212
38	217
38	221
38	225
38	229
38	233
38	237
38	241
38	245
38	249
38	254
38	258
38	263
38	268
38	274
38	279
38	285
38	291
38	298
38	306
38	314
38	323
38	333
38	345
39	159
39	169
39	177
39	184
39	191
39	198
39	204
39	210
39	214
39	219
39	223
39	227
39	231
39	234
39	238
39	242
39	245
39	249
39	253
39	257
39	261
39	265
39	269
39	274
39	278
39	284
39	289
39	295
39	301
39	308
39	315
39	323
39	332
39	341
39	351
39	362
40	166
40	176
40	185
40	193
40	200
40	207
40	213
40	219
40	224
40	229
40	233
40	238
40	242
40	247
40	251
40	256
40	261
40	266
40	271
40	277
40	283
40	289
40	295
40	302
40	309
40	317
40	325
40	334
40	343
40	353
40	363
40	374
41	167
41	177
41	186
41	194
41	202
41	209
41	215
41	221
41	226
41	231
41	235
41	240
41	244
41	249
41	253
41	258
41	263
41	268
41	273
41	278
41	284
41	290
41	296
41	303
41	310
41	318
41	326
41	335
41	344
41	354
41	364
41	374
41	386
42	167
42	177
42	186
42	194
42	202
42	210
42	217
42	224
42	230
42	236
42	242
42	248
42	254
42	260
42	266
42	272
42	278
42	285
42	292
42	300
42	308
42	317
42	326
42	336
42	347
42	358
42	369
42	381
43	167
43	177
43	186
43	194
43	202
43	210
43	218
43	225
43	232
43	238
43	244
43	250
43	256
43	262
43	269
43	276
43	283
43	291
43	299
43	308
43	317
43	327
43	338
43	349
43	361
43	374
44	167
44	177
44	186
44	195
44	204
44	212
44	220
44	228
44	235
44	241
44	247
44	253
44	259
44	265
44	272
44	279
44	286
44	294
44	302
44	311
44	320
44	330
44	341
45	170
45	181
45	190
45	199
45	207
45	215
45	223
45	230
45	237
45	244
45	251
45	258
45	265
45	272
45	279
45	287
45	296
45	305
45	315
45	326
46	173
46	184
46	194
46	203
46	212
46	220
46	228
46	235
46	242
46	249
46	256
46	263
46	271
46	279
46	288
46	298
46	308
46	319
46	332
47	177
47	188
47	198
47	207
47	216
47	225
47	234
47	242
47	251
47	260
47	270
47	283
48	181
48	192
48	202
48	212
48	221
48	230
48	239
48	249
48	260
49	202
49	215
49	227
49	238
49	250
50	208
50	220
50	231
50	242
50	254
51	201
51	212
51	222
51	231
51	240
51	249
51	259
51	270
52	216
52	227
52	237
52	247
52	258
53	200
53	211
53	221
53	230
53	239
53	248
53	258
53	269
54	200
54	211
54	221
54	230
54	238
54	246
54	255
54	264
54	274
55	229
55	242
57	207
57	219
57	230
57	241
57	252
57	264
58	179
58	190
58	200
58	209
58	218
58	226
58	234
58	242
58	250
58	258
58	267
58	278
59	169
59	179
59	188
59	195
59	202
59	208
59	214
59	220
59	225
59	231
59	236
59	241
59	246
59	252
59	258
59	265
59	272
59	280
59	289
60	162
60	172
60	181
60	189
60	195
60	201
60	206
60	211
60	215
60	220
60	223
60	228
60	231
60	235
60	238
60	242
60	245
60	249
60	253
60	257
60	261
60	266
60	270
60	276
60	281
60	287
60	294
60	302
60	312
61	158
61	167
61	175
61	182
61	189
61	195
61	201
61	206
61	211
61	216
61	221
61	225
61	230
61	234
61	238
61	242
61	246
61	250
61	255
61	259
61	264
61	269
61	275
61	281
61	288
61	296
61	306
62	158
62	166
62	172
62	178
62	183
62	188
62	192
62	197
62	201
62	205
62	209
62	213
62	217
62	221
62	225
62	229
62	234
62	238
62	243
62	247
62	252
62	257
62	263
62	269
62	276
62	284
62	294
63	151
63	160
63	166
63	172
63	175
63	180
63	182
63	186
63	189
63	192
63	195
63	198
63	201
63	203
63	206
63	209
63	211
63	214
63	216
63	219
63	221
63	224
63	226
63	229
63	231
63	234
63	236
63	239
63	242
63	244
63	247
63	250
63	253
63	256
63	259
63	263
63	266
63	270
63	275
63	279
63	285
63	290
63	297
63	305
63	314
64	150
64	159
64	165
64	171
64	174
64	179
64	182
64	184
64	188
64	191
64	192
64	196
64	198
64	201
64	202
64	205
64	207
64	209
64	212
64	213
64	215
64	218
64	219
64	222
64	223
64	225
64	227
64	229
64	231
64	233
64	234
64	237
64	238
64	240
64	242
64	244
64	246
64	248
64	250
64	252
64	255
64	256
64	259
64	261
64	264
64	266
64	269
64	272
64	275
64	278
64	281
64	285
64	288
64	293
64	297
64	302
64	308
64	315
64	323
64	333
65	153
65	162
65	170
65	177
65	183
65	189
65	194
65	200
65	204
65	209
65	213
65	217
65	221
65	224
65	228
65	231
65	235
65	238
65	242
65	245
65	248
65	252
65	255
65	259
65	263
65	267
65	271
65	276
65	281
65	286
65	292
65	299
65	307
65	317
66	159
66	168
66	176
66	183
66	190
66	197
66	204
66	211
66	218
66	225
66	232
66	239
66	247
66	255
66	264
66	274
67	166
67	174
67	182
67	189
67	195
67	201
67	206
67	212
67	217
67	222
67	227
67	232
67	237
67	242
67	247
67	253
67	259
67	266
67	274
67	283
67	294
68	180
68	190
68	198
68	205
68	212
68	218
68	224
68	230
68	235
68	240
68	245
68	250
68	256
68	261
68	267
68	274
68	282
68	291
68	304
69	210
69	222
69	233
69	243
69	253
69	264
70	176
70	186
70	195
70	204
70	212
70	220
70	228
70	237
70	246
70	256
71	169
71	178
71	185
71	191
71	197
71	202
71	208
71	213
71	218
71	223
71	228
71	233
71	238
71	243
71	248
71	254
71	260
71	266
71	273
71	281
71	291
72	180
72	190
72	198
72	205
72	212
72	218
72	224
72	230
72	235
72	240
72	245
72	250
72	256
72	262
72	268
72	275
72	283
72	293
74	178
74	189
74	200
74	211
74	222
74	235
75	167
75	176
75	184
75	191
75	198
75	205
75	211
75	217
75	223
75	229
75	235
75	242
75	249
75	256
75	264
75	273
75	283
76	177
76	187
76	195
76	203
76	210
76	217
76	223
76	230
76	236
76	242
76	248
76	255
76	262
76	270
76	279
76	289
-1	-1
