-1	-1
0	327
0	339
0	351
0	363
10	180
10	191
10	202
10	213
10	225
11	181
11	192
11	203
11	215
11	227
12	172
12	182
12	191
12	200
12	209
12	218
12	227
12	236
12	246
12	258
13	177
13	187
13	196
13	205
13	214
13	223
13	232
13	241
13	251
13	262
13	276
13	288
13	299
13	310
13	323
16	202
16	213
16	223
16	232
16	241
16	250
16	260
16	270
16	281
16	293
16	306
17	187
17	197
17	206
17	214
17	222
17	229
17	236
17	243
17	250
17	257
17	265
17	273
17	282
17	292
17	303
17	315
18	190
18	201
18	211
18	220
18	228
18	235
18	241
18	247
18	254
18	261
18	268
18	276
18	284
18	293
18	303
18	314
19	222
19	233
19	243
19	252
19	261
19	270
19	280
19	291
19	304
24	226
24	239
25	190
25	201
25	211
25	220
25	229
25	238
25	247
25	257
25	267
25	278
25	289
25	300
25	311
25	322
25	333
25	344
25	356
26	177
26	187
26	196
26	204
26	211
26	218
26	224
26	231
26	237
26	244
26	251
26	258
26	266
26	274
26	283
26	292
26	301
26	310
26	319
26	328
26	338
26	348
26	359
26	370
26	384
27	169
27	179
27	187
27	193
27	199
27	204
27	210
27	214
27	219
27	224
27	229
27	234
27	239
27	244
27	249
27	254
27	260
27	266
27	273
27	280
27	287
27	295
27	303
27	311
27	320
27	329
27	339
27	349
27	359
27	370
27	382
27	394
28	171
28	180
28	188
28	194
28	200
28	204
28	209
28	213
28	217
28	221
28	225
28	229
28	232
28	236
28	240
28	243
28	247
28	251
28	255
28	259
28	264
28	268
28	273
28	278
28	284
28	290
28	296
28	303
28	310
28	317
28	325
28	333
28	342
28	351
28	360
28	370
28	380
28	390
28	400
28	411
29	177
29	186
29	193
29	200
29	205
29	210
29	214
29	219
29	222
29	226
29	230
29	233
29	237
29	240
29	243
29	247
29	250
29	253
29	257
29	260
29	264
29	267
29	271
29	275
29	279
29	284
29	288
29	293
29	298
29	303
29	308
29	314
29	320
29	327
29	334
29	341
29	348
29	355
29	363
29	371
29	379
29	387
29	395
29	403
29	412
29	422
30	182
30	192
30	200
30	207
30	213
30	218
30	223
30	227
30	231
30	235
30	239
30	242
30	246
30	249
30	252
30	256
30	259
30	262
30	266
30	269
30	273
30	276
30	280
30	284
30	288
30	292
30	296
30	301
30	305
30	310
30	315
30	320
30	326
30	332
30	338
30	345
30	352
30	359
30	366
30	373
30	380
30	387
30	395
30	403
30	411
30	420
30	430
31	199
31	209
31	218
31	225
31	231
31	237
31	242
31	247
31	251
31	255
31	259
31	263
31	267
31	271
31	276
31	280
31	285
31	289
31	294
31	298
31	303
31	308
31	314
31	319
31	325
31	331
31	338
31	345
31	352
31	360
31	368
31	376
31	384
31	393
31	402
31	412
31	424
32	210
32	221
32	231
32	240
32	248
32	255
32	262
32	269
32	276
32	283
32	290
32	297
32	304
32	311
32	319
32	327
32	336
32	346
32	357
32	371
33	191
33	202
33	212
33	221
33	230
33	238
33	246
33	254
33	262
33	270
33	279
33	288
33	297
33	307
33	318
34	183
34	193
34	202
34	211
34	219
34	227
34	235
34	243
34	251
34	259
34	267
34	276
34	285
34	295
34	306
35	177
35	187
35	195
35	203
35	210
35	217
35	224
35	231
35	238
35	245
35	252
35	260
35	268
35	277
35	286
35	296
35	307
36	168
36	178
36	186
36	192
36	198
36	203
36	208
36	213
36	218
36	223
36	228
36	233
36	238
36	243
36	248
36	253
36	259
36	265
36	271
36	278
36	286
36	294
36	303
36	313
36	325
37	167
37	177
37	184
37	190
37	195
37	200
37	204
37	208
37	212
37	216
37	220
37	223
37	227
37	230
37	234
37	237
37	241
37	245
37	249
37	253
37	257
37	261
37	266
37	270
37	276
37	281
37	287
37	294
37	301
37	309
37	318
37	328
37	340
38	177
38	185
38	192
38	197
38	202
38	206
38	210
38	213
38	217
38	221
38	223
38	227
38	230
38	233
38	237
38	240
38	243
38	247
38	250
38	254
38	257
38	261
38	265
38	269
38	274
38	278
38	283
38	288
38	294
38	300
38	307
38	314
38	322
38	331
38	341
38	352
39	183
39	192
39	200
39	205
39	211
39	215
39	220
39	223
39	227
39	231
39	234
39	238
39	241
39	245
39	248
39	252
39	256
39	259
39	264
39	268
39	273
39	277
39	282
39	287
39	293
39	299
39	305
39	312
39	319
39	327
39	336
39	346
39	357
40	188
40	198
40	205
40	211
40	217
40	222
40	226
40	231
40	234
40	239
40	242
40	246
40	250
40	253
40	257
40	261
40	265
40	269
40	273
40	277
40	281
40	286
40	290
40	295
40	300
40	306
40	312
40	318
40	325
40	332
40	340
40	348
40	357
40	367
40	378
41	191
41	201
41	209
41	215
41	221
41	225
41	230
41	234
41	238
41	242
41	245
41	249
41	252
41	256
41	259
41	263
41	266
41	270
41	274
41	277
41	281
41	285
41	289
41	294
41	298
41	303
41	308
41	313
41	318
41	324
41	330
41	336
41	343
41	350
41	358
41	366
41	375
41	385
41	396
42	197
42	207
42	214
42	221
42	226
42	231
42	235
42	240
42	243
42	247
42	251
42	253
42	257
42	260
42	264
42	267
42	271
42	274
42	278
42	282
42	286
42	290
42	294
42	298
42	303
42	308
42	313
42	318
42	324
42	330
42	337
42	344
42	352
42	360
42	369
42	379
42	390
43	200
43	210
43	218
43	225
43	231
43	236
43	241
43	245
43	250
43	254
43	258
43	262
43	266
43	270
43	275
43	279
43	284
43	289
43	294
43	300
43	306
43	312
43	319
43	326
43	334
43	343
43	352
43	362
43	373
44	211
44	221
44	230
44	238
44	244
44	250
44	255
44	261
44	266
44	272
44	278
44	284
44	290
44	297
44	304
44	312
44	320
44	329
44	339
44	349
44	360
44	373
45	212
45	223
45	232
45	240
45	248
45	255
45	262
45	269
45	276
45	284
45	292
45	301
45	310
45	319
45	329
45	339
45	350
45	361
45	372
45	384
46	207
46	217
46	226
46	234
46	241
46	248
46	255
46	262
46	269
46	276
46	283
46	291
46	299
46	308
46	317
46	327
46	337
46	347
46	358
46	369
46	380
46	392
47	207
47	218
47	227
47	235
47	243
47	251
47	258
47	266
47	274
47	282
47	291
47	301
47	313
48	209
48	220
48	230
48	239
48	247
48	255
48	263
48	272
48	281
48	292
49	221
49	232
49	242
49	251
49	260
49	269
49	279
50	229
50	240
50	250
50	259
50	268
50	278
51	236
51	247
51	257
51	267
51	278
52	242
52	253
52	264
52	276
53	238
53	249
53	260
53	271
53	283
54	226
54	237
54	247
54	256
54	265
54	275
54	286
55	211
55	222
55	232
55	241
55	249
55	257
55	265
55	274
55	284
55	295
56	207
56	217
56	226
56	234
56	241
56	248
56	255
56	262
56	269
56	277
56	285
56	294
56	304
57	202
57	212
57	221
57	229
57	236
57	242
57	248
57	253
57	258
57	263
57	268
57	274
57	279
57	285
57	291
57	298
57	306
57	315
57	325
58	200
58	210
58	218
58	225
58	232
58	238
58	243
58	248
58	253
58	258
58	263
58	268
58	273
58	278
58	284
58	290
58	297
58	304
58	312
58	322
59	206
59	215
59	223
59	230
59	237
59	243
59	249
59	254
59	260
59	265
59	271
59	277
59	284
59	291
59	299
59	308
60	207
60	217
60	225
60	232
60	238
60	243
60	248
60	253
60	257
60	262
60	266
60	271
60	276
60	281
60	287
60	293
60	300
60	308
60	317
61	197
61	206
61	213
61	220
61	226
61	231
61	236
61	241
61	245
61	250
61	254
61	258
61	263
61	267
61	272
61	277
61	282
61	288
61	294
61	301
61	309
61	319
62	191
62	201
62	209
62	215
62	221
62	225
62	230
62	234
62	239
62	243
62	247
62	251
62	255
62	259
62	264
62	268
62	273
62	278
62	284
62	290
62	297
62	305
62	314
63	190
63	199
63	207
63	214
63	220
63	225
63	230
63	234
63	239
63	242
63	246
63	250
63	253
63	257
63	260
63	264
63	268
63	272
63	276
63	280
63	285
63	290
63	296
63	302
63	309
63	317
63	327
64	189
64	198
64	204
64	210
64	215
64	220
64	224
64	229
64	232
64	236
64	240
64	243
64	247
64	250
64	253
64	256
64	260
64	263
64	266
64	270
64	274
64	277
64	282
64	286
64	291
64	296
64	302
64	308
64	316
64	325
65	188
65	197
65	203
65	209
65	213
65	218
65	222
65	226
65	230
65	234
65	238
65	242
65	246
65	250
65	254
65	258
65	262
65	267
65	271
65	276
65	281
65	287
65	294
65	302
65	311
66	192
66	201
66	209
66	215
66	221
66	225
66	230
66	234
66	239
66	243
66	247
66	251
66	255
66	259
66	264
66	268
66	273
66	278
66	284
66	290
66	297
66	305
66	315
67	201
67	212
67	221
67	229
67	236
67	242
67	248
67	254
67	259
67	265
67	271
67	277
67	284
67	292
67	301
67	312
68	219
68	230
68	240
68	249
68	258
68	267
68	277
69	230
69	241
69	251
69	261
69	272
70	241
70	252
70	263
71	218
71	229
71	240
71	251
71	263
72	206
72	215
72	223
72	231
72	238
72	245
72	252
72	259
72	267
72	276
72	286
73	216
73	226
73	234
73	242
73	249
73	256
73	263
73	270
73	278
73	286
73	296
-1	-1
