-1	-1
10	216
10	228
10	240
10	252
11	188
11	198
11	207
11	216
11	225
11	233
11	241
11	250
11	259
11	268
11	278
11	289
11	301
12	181
12	191
12	200
12	208
12	216
12	224
12	232
12	239
12	246
12	254
12	262
12	270
12	279
12	288
12	297
12	307
12	318
13	188
13	198
13	207
13	215
13	223
13	230
13	237
13	244
13	251
13	257
13	264
13	271
13	278
13	285
13	292
13	299
13	306
13	313
13	321
13	330
13	340
14	191
14	201
14	210
14	218
14	225
14	232
14	238
14	244
14	250
14	256
14	262
14	268
14	274
14	280
14	286
14	292
14	298
14	304
14	310
14	317
14	324
14	332
14	340
14	350
15	189
15	200
15	209
15	218
15	226
15	233
15	240
15	247
15	254
15	261
15	268
15	275
15	282
15	289
15	296
15	304
15	312
15	320
15	329
15	339
16	186
16	197
16	206
16	215
16	223
16	231
16	239
16	247
16	254
16	262
16	270
16	278
16	286
16	294
16	302
16	311
16	320
16	331
17	198
17	209
17	219
17	228
17	237
17	245
17	253
17	261
17	269
17	277
17	285
17	293
17	301
17	309
17	317
17	326
17	336
17	347
18	180
18	191
18	201
18	210
18	218
18	226
18	234
18	241
18	248
18	255
18	262
18	269
18	276
18	283
18	290
18	296
18	302
18	308
18	314
18	320
18	327
18	334
18	342
18	350
18	360
19	180
19	191
19	200
19	209
19	217
19	224
19	231
19	237
19	243
19	249
19	254
19	259
19	264
19	269
19	274
19	279
19	284
19	289
19	294
19	299
19	304
19	309
19	314
19	319
19	324
19	329
19	335
19	341
19	348
19	356
19	365
19	376
20	168
20	178
20	186
20	193
20	200
20	206
20	212
20	217
20	222
20	227
20	231
20	235
20	239
20	243
20	246
20	250
20	253
20	257
20	260
20	263
20	267
20	270
20	273
20	277
20	280
20	284
20	287
20	291
20	295
20	299
20	303
20	307
20	311
20	316
20	320
20	325
20	330
20	336
20	343
20	350
20	359
20	370
21	160
21	169
21	176
21	182
21	188
21	193
21	198
21	203
21	207
21	212
21	216
21	221
21	224
21	229
21	232
21	236
21	239
21	242
21	245
21	248
21	251
21	254
21	257
21	260
21	263
21	266
21	269
21	272
21	275
21	278
21	281
21	285
21	288
21	292
21	296
21	300
21	305
21	309
21	315
21	320
21	326
21	333
21	341
21	351
22	158
22	166
22	172
22	178
22	182
22	187
22	191
22	194
22	198
22	201
22	205
22	208
22	211
22	214
22	217
22	220
22	223
22	226
22	229
22	232
22	235
22	238
22	241
22	244
22	247
22	250
22	253
22	256
22	259
22	262
22	265
22	268
22	271
22	275
22	278
22	282
22	286
22	290
22	295
22	299
22	305
22	310
22	317
22	325
22	334
23	159
23	168
23	174
23	180
23	183
23	188
23	191
23	195
23	198
23	201
23	204
23	207
23	210
23	213
23	215
23	218
23	221
23	223
23	226
23	229
23	231
23	234
23	237
23	239
23	243
23	245
23	248
23	251
23	254
23	257
23	260
23	264
23	267
23	271
23	275
23	279
23	284
23	288
23	294
23	300
23	307
23	315
23	325
24	166
24	174
24	181
24	187
24	193
24	198
24	203
24	208
24	213
24	218
24	223
24	228
24	233
24	238
24	243
24	248
24	253
24	258
24	264
24	270
24	276
24	283
24	291
24	300
25	170
25	180
25	189
25	197
25	205
25	213
25	220
25	227
25	235
25	243
25	251
25	259
25	268
25	278
26	180
26	191
26	201
26	210
26	219
26	228
26	237
26	246
26	256
26	267
34	189
34	200
34	211
34	222
34	233
34	244
35	188
35	199
35	209
35	219
35	229
35	240
35	251
36	180
36	191
36	202
36	212
36	222
36	233
36	244
36	256
37	172
37	182
37	191
37	200
37	209
37	217
37	225
37	233
37	242
37	251
37	261
37	273
38	171
38	181
38	190
38	198
38	206
38	213
38	220
38	227
38	234
38	241
38	248
38	256
38	264
38	273
38	283
38	295
39	167
39	177
39	185
39	192
39	199
39	206
39	213
39	220
39	227
39	234
39	241
39	248
39	255
39	263
39	271
39	280
39	290
40	163
40	173
40	181
40	189
40	196
40	203
40	209
40	215
40	221
40	227
40	234
40	241
40	248
40	255
40	262
40	270
40	278
40	287
40	298
41	164
41	173
41	181
41	187
41	193
41	198
41	203
41	208
41	212
41	217
41	221
41	226
41	230
41	235
41	239
41	244
41	248
41	254
41	259
41	265
41	271
41	277
41	284
41	292
41	301
41	312
42	166
42	174
42	181
42	186
42	191
42	195
42	199
42	202
42	206
42	209
42	212
42	215
42	218
42	221
42	224
42	227
42	230
42	233
42	235
42	239
42	241
42	244
42	247
42	250
42	253
42	257
42	259
42	264
42	267
42	271
42	275
42	279
42	284
42	289
42	295
42	301
42	308
42	316
42	326
43	168
43	176
43	182
43	187
43	192
43	195
43	200
43	202
43	205
43	209
43	211
43	214
43	217
43	219
43	222
43	224
43	227
43	229
43	232
43	234
43	237
43	239
43	242
43	244
43	247
43	249
43	252
43	255
43	257
43	260
43	263
43	266
43	269
43	272
43	276
43	279
43	283
43	287
43	291
43	296
43	301
43	307
43	313
43	320
43	328
43	338
44	168
44	178
44	186
44	193
44	200
44	206
44	212
44	218
44	224
44	230
44	236
44	242
44	248
44	254
44	260
44	266
44	272
44	279
44	286
44	294
44	303
44	313
45	178
45	189
45	199
45	209
45	218
45	227
45	236
45	244
45	252
45	260
45	269
45	278
45	287
45	297
46	178
46	188
46	197
46	204
46	211
46	218
46	224
46	230
46	235
46	240
46	245
46	250
46	255
46	260
46	265
46	270
46	276
46	282
46	288
46	295
46	302
46	310
46	319
47	172
47	181
47	189
47	195
47	201
47	206
47	211
47	215
47	220
47	223
47	227
47	231
47	234
47	238
47	241
47	244
47	247
47	250
47	253
47	256
47	259
47	262
47	265
47	268
47	271
47	275
47	278
47	282
47	285
47	289
47	293
47	297
47	302
47	306
47	311
47	317
47	323
47	330
47	338
47	348
48	172
48	182
48	190
48	197
48	204
48	210
48	216
48	221
48	226
48	231
48	234
48	239
48	242
48	246
48	249
48	252
48	255
48	258
48	261
48	263
48	267
48	269
48	272
48	275
48	278
48	281
48	284
48	287
48	290
48	294
48	297
48	300
48	304
48	308
48	312
48	317
48	322
48	327
48	333
48	340
48	348
48	358
49	187
49	199
49	210
49	221
49	232
49	241
49	249
49	255
49	261
49	265
49	270
49	273
49	277
49	281
49	284
49	288
49	292
49	296
49	300
49	304
49	308
49	313
49	317
49	323
49	328
49	335
49	342
49	350
49	360
50	177
50	188
50	198
50	207
50	216
50	225
50	234
50	244
50	254
50	263
50	270
50	275
50	281
50	285
50	290
50	295
50	300
50	305
50	310
50	315
50	321
50	327
50	334
50	342
50	351
50	364
51	168
51	177
51	184
51	191
51	197
51	203
51	209
51	214
51	220
51	225
51	231
51	236
51	242
51	248
51	254
51	261
51	268
51	274
51	280
51	285
51	290
51	295
51	300
51	305
51	310
51	316
51	322
51	328
51	335
51	343
51	352
51	364
52	167
52	175
52	182
52	188
52	193
52	198
52	202
52	206
52	210
52	214
52	218
52	221
52	225
52	229
52	232
52	236
52	240
52	244
52	248
52	252
52	256
52	260
52	265
52	269
52	274
52	279
52	284
52	289
52	293
52	298
52	302
52	307
52	311
52	316
52	321
52	326
52	332
52	338
52	345
52	353
52	362
52	375
53	167
53	175
53	182
53	187
53	192
53	196
53	201
53	204
53	209
53	212
53	216
53	220
53	224
53	228
53	232
53	236
53	240
53	244
53	248
53	252
53	256
53	260
53	265
53	269
53	274
53	279
53	284
53	289
53	294
53	299
53	304
53	309
53	314
53	319
53	324
53	329
53	335
53	341
53	348
53	356
53	365
53	376
54	167
54	176
54	183
54	190
54	197
54	204
54	211
54	218
54	226
54	234
54	243
54	252
54	261
54	270
54	278
54	286
54	294
54	301
54	308
54	314
54	320
54	326
54	332
54	338
54	345
54	352
54	360
54	369
55	171
55	181
55	190
55	199
55	207
55	215
55	223
55	232
55	241
55	250
55	260
55	270
55	279
55	288
55	297
55	305
55	313
55	320
55	327
55	334
55	341
55	348
55	356
55	365
55	375
56	169
56	178
56	186
56	193
56	200
56	206
56	212
56	218
56	224
56	230
56	236
56	242
56	248
56	254
56	260
56	267
56	274
56	281
56	288
56	295
56	303
56	311
56	319
56	327
56	335
56	344
56	353
56	363
56	375
57	169
57	178
57	185
57	191
57	196
57	201
57	205
57	210
57	213
57	217
57	221
57	224
57	228
57	231
57	235
57	238
57	242
57	245
57	248
57	252
57	255
57	259
57	262
57	266
57	269
57	274
57	277
57	282
57	286
57	291
57	296
57	301
57	306
57	312
57	318
57	324
57	331
57	338
57	346
57	355
57	365
58	173
58	181
58	187
58	192
58	196
58	201
58	202
58	207
58	209
58	212
58	214
58	217
58	220
58	222
58	223
58	226
58	229
58	230
58	232
58	234
58	237
58	238
58	240
58	242
58	244
58	246
58	248
58	250
58	252
58	254
58	256
58	258
58	260
58	262
58	264
58	266
58	268
58	270
58	273
58	275
58	277
58	279
58	282
58	284
58	287
58	289
58	292
58	295
58	298
58	301
58	304
58	307
58	310
58	314
58	317
58	321
58	325
58	329
58	334
58	339
58	345
58	352
58	359
58	368
58	379
59	172
59	181
59	186
59	191
59	194
59	198
59	201
59	203
59	207
59	209
59	212
59	213
59	216
59	218
59	221
59	222
59	224
59	226
59	228
59	230
59	232
59	233
59	235
59	237
59	239
59	240
59	242
59	243
59	245
59	247
59	248
59	250
59	251
59	253
59	254
59	256
59	257
59	259
59	260
59	262
59	263
59	265
59	266
59	268
59	269
59	271
59	273
59	274
59	276
59	277
59	279
59	280
59	283
59	284
59	286
59	287
59	289
59	291
59	294
59	295
59	297
59	299
59	302
59	304
59	306
59	308
59	311
59	314
59	316
59	319
59	322
59	325
59	328
59	332
59	336
59	340
59	345
59	349
59	355
59	361
59	368
59	377
60	172
60	181
60	189
60	195
60	201
60	207
60	212
60	217
60	222
60	227
60	232
60	236
60	241
60	244
60	248
60	252
60	254
60	258
60	261
60	263
60	266
60	269
60	271
60	273
60	276
60	278
60	280
60	283
60	285
60	287
60	290
60	292
60	295
60	297
60	299
60	302
60	305
60	307
60	310
60	314
60	316
60	319
60	323
60	326
60	330
60	334
60	338
60	343
60	348
60	354
60	361
60	369
60	379
61	262
61	271
61	278
61	283
61	288
61	292
61	296
61	300
61	304
61	308
61	312
61	316
61	321
61	326
61	331
61	337
61	343
61	350
61	358
61	367
62	278
62	287
62	293
62	299
62	304
62	309
62	314
62	319
62	324
62	329
62	335
62	341
62	347
62	355
62	364
62	374
63	208
63	219
63	229
63	239
63	249
63	259
63	270
63	281
63	290
63	297
63	303
63	309
63	314
63	319
63	324
63	329
63	335
63	341
63	347
63	354
63	362
63	371
63	383
64	189
64	199
64	207
64	214
64	221
64	227
64	233
64	238
64	243
64	248
64	253
64	258
64	263
64	269
64	275
64	281
64	287
64	294
64	301
64	307
64	313
64	319
64	325
64	331
64	337
64	344
64	352
64	360
64	370
65	187
65	195
65	202
65	208
65	213
65	218
65	222
65	226
65	230
65	233
65	237
65	241
65	244
65	248
65	251
65	254
65	257
65	261
65	263
65	267
65	270
65	273
65	277
65	280
65	284
65	287
65	291
65	295
65	299
65	304
65	308
65	314
65	319
65	325
65	331
65	338
65	345
65	353
65	362
65	373
66	197
66	207
66	215
66	222
66	229
66	235
66	241
66	246
66	251
66	255
66	260
66	263
66	267
66	271
66	274
66	278
66	281
66	285
66	288
66	292
66	296
66	300
66	304
66	308
66	313
66	317
66	322
66	327
66	333
66	339
66	345
66	352
66	360
66	369
66	380
67	269
67	279
67	287
67	294
67	300
67	306
67	312
67	318
67	324
67	330
67	337
67	344
67	351
67	359
67	368
67	378
68	296
68	305
68	313
68	321
68	328
68	335
68	342
68	350
68	358
68	367
68	378
69	190
69	309
69	319
69	328
69	337
69	346
69	355
69	365
70	171
70	181
70	190
70	198
70	206
70	214
70	222
70	230
70	239
70	248
70	258
71	177
71	186
71	193
71	200
71	206
71	212
71	218
71	223
71	229
71	234
71	240
71	245
71	251
71	257
71	263
71	269
71	276
71	283
71	291
71	300
71	313
72	180
72	189
72	196
72	202
72	207
72	212
72	216
72	221
72	224
72	229
72	232
72	236
72	240
72	243
72	247
72	251
72	254
72	258
72	262
72	266
72	270
72	274
72	278
72	283
72	287
72	292
72	297
72	303
72	309
72	316
72	324
72	333
72	344
73	187
73	196
73	203
73	210
73	215
73	221
73	225
73	230
73	234
73	239
73	243
73	248
73	252
73	256
73	261
73	265
73	269
73	274
73	278
73	283
73	287
73	292
73	297
73	302
73	307
73	313
73	319
73	326
73	334
73	343
73	354
74	291
74	303
74	315
-1	-1
