-1	-1
10	226
10	238
10	249
10	260
10	271
10	283
10	295
11	189
11	200
11	210
11	219
11	228
11	236
11	244
11	252
11	260
11	268
11	276
11	284
11	292
11	300
11	308
11	317
11	327
11	338
12	176
12	186
12	195
12	203
12	210
12	217
12	224
12	230
12	236
12	242
12	248
12	253
12	259
12	264
12	270
12	276
12	282
12	288
12	293
12	299
12	305
12	311
12	317
12	324
12	331
12	339
12	347
12	356
12	367
13	176
13	186
13	195
13	203
13	211
13	218
13	225
13	231
13	237
13	243
13	249
13	254
13	260
13	265
13	271
13	276
13	281
13	286
13	291
13	296
13	301
13	306
13	311
13	316
13	322
13	327
13	333
13	339
13	345
13	352
13	359
13	367
13	377
14	190
14	201
14	211
14	220
14	229
14	237
14	245
14	253
14	260
14	267
14	274
14	281
14	287
14	293
14	299
14	305
14	311
14	317
14	323
14	329
14	335
14	342
14	349
14	356
14	364
14	373
14	384
15	201
15	212
15	223
15	233
15	243
15	252
15	261
15	270
15	278
15	286
15	294
15	302
15	310
15	318
15	326
15	334
15	343
15	353
15	364
16	196
16	207
16	217
16	227
16	237
16	246
16	255
16	264
16	273
16	281
16	289
16	297
16	305
16	313
16	322
16	331
16	341
16	353
17	189
17	200
17	210
17	220
17	229
17	238
17	246
17	254
17	262
17	270
17	277
17	284
17	291
17	298
17	305
17	312
17	319
17	326
17	334
17	342
17	351
17	360
17	371
18	181
18	192
18	202
18	212
18	221
18	230
18	238
18	246
18	253
18	260
18	266
18	272
18	277
18	282
18	287
18	292
18	297
18	301
18	306
18	310
18	315
18	320
18	325
18	330
18	335
18	340
18	346
18	352
18	358
18	365
18	373
18	382
18	393
19	176
19	186
19	195
19	204
19	212
19	220
19	228
19	235
19	241
19	247
19	252
19	257
19	262
19	266
19	271
19	274
19	279
19	282
19	286
19	289
19	293
19	296
19	300
19	303
19	307
19	310
19	314
19	317
19	321
19	325
19	329
19	333
19	337
19	341
19	346
19	350
19	355
19	360
19	366
19	372
19	379
19	387
19	397
20	168
20	178
20	187
20	195
20	202
20	209
20	216
20	222
20	228
20	233
20	238
20	242
20	246
20	250
20	253
20	257
20	260
20	263
20	266
20	269
20	272
20	274
20	277
20	280
20	282
20	285
20	288
20	290
20	293
20	296
20	298
20	301
20	304
20	307
20	309
20	313
20	315
20	319
20	322
20	325
20	329
20	332
20	336
20	340
20	345
20	349
20	355
20	360
20	367
20	374
20	383
20	395
21	163
21	173
21	181
21	188
21	194
21	200
21	205
21	210
21	214
21	219
21	223
21	227
21	231
21	234
21	238
21	241
21	244
21	247
21	251
21	253
21	256
21	259
21	262
21	264
21	267
21	270
21	272
21	275
21	278
21	281
21	284
21	287
21	290
21	293
21	296
21	299
21	302
21	306
21	309
21	313
21	317
21	321
21	325
21	330
21	335
21	340
21	346
21	353
21	361
21	371
22	163
22	172
22	180
22	185
22	191
22	195
22	200
22	203
22	207
22	211
22	214
22	218
22	221
22	225
22	228
22	232
22	235
22	239
22	242
22	246
22	249
22	253
22	256
22	260
22	264
22	268
22	272
22	276
22	281
22	285
22	290
22	295
22	300
22	306
22	312
22	319
22	327
22	336
22	347
23	163
23	172
23	179
23	184
23	189
23	193
23	197
23	201
23	204
23	208
23	211
23	215
23	218
23	222
23	225
23	229
23	232
23	236
23	239
23	243
23	246
23	250
23	254
23	258
23	262
23	266
23	271
23	276
23	281
23	287
23	293
23	299
23	306
23	314
23	323
24	168
24	177
24	184
24	190
24	195
24	200
24	204
24	209
24	213
24	218
24	222
24	226
24	231
24	235
24	240
24	244
24	249
24	254
24	259
24	265
24	271
24	277
24	284
24	291
24	299
24	308
24	319
25	172
25	181
25	189
25	196
25	202
25	208
25	214
25	219
25	225
25	231
25	237
25	243
25	249
25	256
25	263
25	271
25	280
25	290
25	303
26	179
26	189
26	198
26	206
26	214
26	222
26	230
26	238
26	246
26	255
26	264
26	274
27	189
27	200
27	210
27	220
27	230
27	240
27	251
28	197
28	208
28	219
28	230
28	242
29	203
29	215
29	227
29	241
30	202
30	214
30	226
31	197
31	208
31	219
31	231
31	243
32	191
32	202
32	213
32	223
32	234
32	245
33	187
33	198
33	208
33	218
33	228
33	239
34	183
34	194
34	204
34	214
34	224
34	235
34	246
35	180
35	191
35	201
35	210
35	219
35	228
35	238
35	248
35	259
36	180
36	190
36	199
36	208
36	216
36	225
36	234
36	243
36	253
36	264
37	172
37	182
37	191
37	200
37	208
37	216
37	225
37	234
37	243
37	253
37	263
37	275
38	171
38	181
38	190
38	198
38	205
38	212
38	219
38	227
38	235
38	243
38	251
38	259
38	267
38	276
38	286
38	297
39	169
39	179
39	187
39	194
39	200
39	206
39	212
39	218
39	224
39	230
39	236
39	242
39	249
39	256
39	263
39	271
39	279
39	288
39	299
40	167
40	175
40	182
40	188
40	193
40	198
40	203
40	207
40	212
40	216
40	221
40	225
40	230
40	235
40	240
40	245
40	251
40	257
40	264
40	271
40	279
40	288
40	297
40	308
41	167
41	175
41	182
41	187
41	192
41	197
41	202
41	206
41	211
41	215
41	220
41	224
41	229
41	233
41	238
41	242
41	247
41	252
41	257
41	263
41	269
41	276
41	283
41	290
41	298
41	307
41	317
42	162
42	171
42	179
42	185
42	191
42	196
42	202
42	207
42	212
42	216
42	221
42	225
42	229
42	233
42	237
42	241
42	245
42	249
42	253
42	257
42	262
42	266
42	271
42	276
42	282
42	288
42	295
42	302
42	310
42	319
42	330
43	167
43	176
43	184
43	191
43	197
43	202
43	207
43	212
43	215
43	220
43	222
43	226
43	229
43	232
43	235
43	238
43	241
43	244
43	247
43	250
43	253
43	256
43	259
43	263
43	266
43	270
43	274
43	278
43	282
43	287
43	292
43	297
43	303
43	309
43	316
43	324
43	333
43	344
44	171
44	181
44	189
44	195
44	201
44	205
44	210
44	213
44	217
44	220
44	223
44	226
44	229
44	232
44	235
44	238
44	241
44	244
44	247
44	250
44	254
44	257
44	260
44	264
44	267
44	271
44	275
44	279
44	284
44	288
44	293
44	298
44	304
44	310
44	317
44	325
44	334
44	345
45	172
45	181
45	189
45	195
45	201
45	206
45	211
45	216
45	221
45	226
45	231
45	236
45	241
45	246
45	251
45	256
45	261
45	266
45	271
45	276
45	281
45	287
45	292
45	298
45	304
45	311
45	318
45	326
45	335
45	345
46	177
46	187
46	195
46	203
46	211
46	219
46	227
46	234
46	241
46	247
46	252
46	257
46	262
46	266
46	271
46	274
46	279
46	283
46	287
46	291
46	296
46	300
46	305
46	310
46	315
46	320
46	326
46	332
46	339
46	347
46	356
47	180
47	191
47	201
47	210
47	218
47	225
47	231
47	237
47	242
47	246
47	251
47	253
47	258
47	261
47	263
47	267
47	269
47	272
47	275
47	278
47	280
47	284
47	286
47	289
47	292
47	295
47	298
47	301
47	305
47	308
47	312
47	316
47	319
47	324
47	328
47	333
47	338
47	344
47	350
47	357
47	365
47	374
48	192
48	203
48	212
48	220
48	226
48	232
48	236
48	241
48	244
48	249
48	251
48	255
48	258
48	261
48	264
48	267
48	270
48	273
48	276
48	279
48	282
48	285
48	288
48	291
48	294
48	297
48	300
48	304
48	307
48	311
48	314
48	318
48	322
48	326
48	330
48	335
48	339
48	345
48	350
48	356
48	363
48	371
48	381
49	203
49	214
49	224
49	233
49	242
49	251
49	260
49	269
49	278
49	286
49	293
49	300
49	306
49	312
49	317
49	322
49	327
49	333
49	339
49	345
49	352
49	360
49	369
49	380
50	209
50	221
50	233
50	269
50	279
50	288
50	294
50	300
50	304
50	309
50	313
50	317
50	322
50	326
50	331
50	336
50	341
50	346
50	352
50	358
50	365
50	373
50	382
50	393
51	190
51	201
51	211
51	220
51	229
51	237
51	246
51	255
51	263
51	271
51	278
51	283
51	289
51	292
51	297
51	300
51	303
51	307
51	310
51	313
51	317
51	320
51	324
51	327
51	331
51	335
51	339
51	343
51	348
51	352
51	357
51	363
51	369
51	376
51	383
51	391
51	400
51	409
51	419
51	431
52	177
52	187
52	195
52	202
52	209
52	215
52	221
52	226
52	231
52	236
52	241
52	246
52	251
52	256
52	261
52	266
52	271
52	276
52	281
52	284
52	289
52	292
52	296
52	300
52	303
52	307
52	311
52	315
52	319
52	323
52	328
52	332
52	337
52	342
52	347
52	352
52	358
52	364
52	370
52	377
52	384
52	392
52	400
52	409
52	419
52	435
53	171
53	180
53	188
53	194
53	200
53	204
53	209
53	212
53	216
53	220
53	223
53	227
53	230
53	233
53	237
53	240
53	244
53	247
53	251
53	255
53	258
53	263
53	267
53	271
53	276
53	280
53	285
53	290
53	296
53	302
53	308
53	315
53	322
53	329
53	336
53	343
53	350
53	356
53	362
53	368
53	375
53	382
53	390
53	398
53	406
53	415
53	425
54	170
54	179
54	185
54	191
54	194
54	199
54	202
54	205
54	209
54	212
54	215
54	218
54	221
54	224
54	227
54	230
54	234
54	237
54	240
54	244
54	247
54	251
54	255
54	259
54	264
54	268
54	274
54	279
54	285
54	292
54	299
54	307
54	315
54	322
54	329
54	335
54	341
54	346
54	351
54	356
54	361
54	366
54	372
54	378
54	385
54	392
54	400
54	409
54	419
55	169
55	178
55	183
55	188
55	192
55	196
55	200
55	203
55	207
55	211
55	215
55	219
55	223
55	227
55	231
55	236
55	240
55	245
55	250
55	256
55	261
55	267
55	273
55	280
55	287
55	294
55	301
55	308
55	314
55	320
55	326
55	332
55	338
55	343
55	349
55	355
55	361
55	368
55	376
55	385
55	395
56	168
56	176
56	182
56	188
56	194
56	199
56	205
56	210
56	216
56	222
56	228
56	234
56	240
56	246
56	252
56	258
56	264
56	270
56	276
56	281
56	287
56	292
56	297
56	302
56	307
56	312
56	317
56	322
56	327
56	333
56	339
56	346
56	353
56	361
56	371
57	170
57	179
57	187
57	194
57	201
57	207
57	213
57	219
57	224
57	230
57	234
57	239
57	243
57	248
57	252
57	256
57	260
57	263
57	267
57	271
57	274
57	278
57	281
57	284
57	287
57	290
57	293
57	296
57	299
57	302
57	305
57	308
57	312
57	315
57	319
57	323
57	327
57	331
57	336
57	340
57	346
57	352
57	358
57	366
57	375
57	386
58	176
58	185
58	193
58	200
58	206
58	211
58	216
58	221
58	224
58	228
58	232
58	234
58	238
58	241
58	243
58	246
58	249
58	251
58	253
58	256
58	258
58	261
58	262
58	265
58	267
58	269
58	271
58	273
58	275
58	277
58	279
58	281
58	283
58	285
58	287
58	289
58	291
58	293
58	295
58	297
58	299
58	302
58	304
58	306
58	309
58	311
58	314
58	317
58	319
58	323
58	326
58	329
58	333
58	336
58	340
58	345
58	349
58	354
58	359
58	365
58	372
58	380
58	389
58	401
59	176
59	185
59	192
59	198
59	202
59	207
59	211
59	213
59	217
59	220
59	222
59	225
59	227
59	230
59	232
59	233
59	236
59	238
59	240
59	242
59	243
59	245
59	247
59	249
59	251
59	252
59	253
59	256
59	257
59	259
59	260
59	262
59	263
59	265
59	267
59	268
59	270
59	271
59	273
59	275
59	276
59	278
59	279
59	281
59	283
59	285
59	286
59	288
59	290
59	292
59	294
59	296
59	298
59	300
59	303
59	305
59	307
59	310
59	312
59	315
59	318
59	320
59	324
59	327
59	330
59	334
59	338
59	342
59	346
59	351
59	356
59	361
59	367
59	374
59	381
59	389
59	398
59	409
60	177
60	185
60	191
60	195
60	200
60	203
60	207
60	211
60	212
60	216
60	219
60	221
60	224
60	226
60	229
60	231
60	233
60	236
60	238
60	240
60	243
60	245
60	247
60	250
60	252
60	254
60	257
60	259
60	262
60	264
60	267
60	269
60	273
60	275
60	278
60	281
60	285
60	288
60	292
60	296
60	300
60	305
60	309
60	314
60	319
60	324
60	329
60	335
60	340
60	346
60	351
60	357
60	363
60	369
60	376
60	383
60	390
60	398
60	406
60	415
60	426
61	173
61	182
61	189
61	194
61	200
61	205
61	210
61	215
61	221
61	227
61	233
61	240
61	247
61	255
61	264
61	275
61	287
61	298
61	308
61	316
61	323
61	330
61	335
61	340
61	344
61	349
61	353
61	357
61	362
61	366
61	371
61	375
61	380
61	385
61	390
61	396
61	402
61	408
61	415
61	423
61	432
62	179
62	190
62	201
62	212
62	281
62	292
62	301
62	308
62	313
62	319
62	322
62	327
62	330
62	333
62	337
62	340
62	343
62	346
62	349
62	352
62	355
62	358
62	361
62	364
62	367
62	370
62	374
62	377
62	381
62	385
62	389
62	394
62	399
62	405
62	411
62	418
62	426
62	436
63	247
63	258
63	268
63	277
63	284
63	291
63	296
63	301
63	304
63	309
63	312
63	314
63	318
63	321
63	323
63	326
63	329
63	331
63	334
63	336
63	339
63	341
63	344
63	347
63	349
63	353
63	355
63	358
63	362
63	365
63	368
63	373
63	376
63	381
63	386
63	391
63	397
63	404
63	412
63	422
64	206
64	216
64	225
64	233
64	241
64	248
64	254
64	260
64	265
64	270
64	274
64	279
64	282
64	286
64	290
64	292
64	295
64	299
64	301
64	303
64	306
64	309
64	311
64	313
64	315
64	318
64	320
64	322
64	325
64	327
64	329
64	332
64	335
64	337
64	340
64	343
64	346
64	349
64	352
64	356
64	359
64	364
64	368
64	373
64	378
64	384
64	391
64	399
64	409
65	192
65	202
65	210
65	216
65	222
65	227
65	232
65	236
65	241
65	244
65	249
65	252
65	256
65	259
65	262
65	265
65	269
65	271
65	274
65	277
65	280
65	282
65	285
65	287
65	290
65	292
65	294
65	297
65	299
65	302
65	304
65	306
65	309
65	311
65	314
65	316
65	319
65	322
65	325
65	328
65	331
65	335
65	338
65	342
65	346
65	350
65	355
65	360
65	366
65	373
65	381
65	391
66	188
66	197
66	203
66	209
66	214
66	219
66	223
66	228
66	232
66	236
66	240
66	244
66	248
66	252
66	255
66	259
66	263
66	266
66	270
66	274
66	277
66	281
66	285
66	289
66	293
66	297
66	302
66	307
66	312
66	318
66	325
66	333
66	342
66	353
67	189
67	199
67	208
67	217
67	226
67	236
67	247
69	339
69	350
69	359
69	367
69	374
69	381
69	387
69	394
69	400
69	407
69	415
69	424
69	434
70	173
70	184
70	194
70	204
70	214
70	225
70	236
70	247
70	259
70	271
70	283
70	294
70	304
70	313
70	321
70	329
70	336
70	342
70	348
70	353
70	358
70	363
70	367
70	372
70	376
70	380
70	384
70	388
70	393
70	397
70	402
70	407
70	412
70	417
70	423
70	430
70	438
70	447
71	171
71	181
71	190
71	198
71	206
71	213
71	220
71	227
71	234
71	241
71	247
71	253
71	259
71	265
71	271
71	277
71	283
71	289
71	295
71	301
71	306
71	311
71	316
71	321
71	326
71	330
71	335
71	339
71	343
71	348
71	352
71	356
71	360
71	364
71	368
71	373
71	377
71	382
71	387
71	392
71	397
71	403
71	409
71	416
71	424
71	434
72	180
72	189
72	197
72	204
72	210
72	215
72	221
72	225
72	230
72	234
72	239
72	243
72	247
72	251
72	255
72	259
72	263
72	267
72	271
72	275
72	279
72	283
72	287
72	291
72	295
72	299
72	303
72	307
72	311
72	315
72	319
72	323
72	327
72	331
72	336
72	340
72	345
72	350
72	356
72	362
72	369
72	377
72	387
73	187
73	195
73	202
73	208
73	213
73	219
73	223
73	228
73	232
73	237
73	241
73	245
73	249
73	253
73	257
73	261
73	265
73	269
73	273
73	277
73	282
73	286
73	291
73	296
73	301
73	306
73	312
73	318
73	325
73	333
73	342
74	206
74	217
74	228
74	239
74	250
-1	-1
