-1	-1
10	182
10	193
10	204
10	214
10	223
10	232
10	241
10	250
10	259
10	269
10	280
11	168
11	178
11	187
11	195
11	202
11	209
11	216
11	223
11	229
11	236
11	242
11	249
11	256
11	263
11	270
11	278
11	286
11	295
11	305
12	158
12	167
12	174
12	181
12	187
12	192
12	198
12	203
12	208
12	213
12	217
12	222
12	226
12	231
12	235
12	240
12	244
12	249
12	253
12	258
12	262
12	267
12	272
12	277
12	283
12	288
12	295
12	302
12	309
12	317
12	327
13	153
13	162
13	169
13	175
13	181
13	186
13	191
13	195
13	200
13	204
13	208
13	212
13	216
13	220
13	224
13	228
13	232
13	236
13	240
13	244
13	248
13	252
13	256
13	260
13	264
13	268
13	272
13	276
13	281
13	285
13	290
13	295
13	300
13	306
13	312
13	318
13	325
13	333
13	342
13	355
14	157
14	166
14	173
14	180
14	186
14	191
14	196
14	201
14	206
14	211
14	215
14	220
14	224
14	228
14	232
14	236
14	240
14	244
14	248
14	252
14	256
14	260
14	264
14	268
14	273
14	277
14	282
14	286
14	291
14	296
14	301
14	307
14	312
14	318
14	325
14	332
14	340
14	349
15	158
15	168
15	176
15	183
15	190
15	197
15	203
15	209
15	215
15	221
15	227
15	233
15	239
15	245
15	251
15	257
15	263
15	269
15	275
15	282
15	289
15	296
15	304
15	312
15	321
15	331
15	343
16	162
16	172
16	181
16	190
16	198
16	206
16	214
16	222
16	230
16	237
16	244
16	251
16	258
16	265
16	272
16	280
16	288
16	297
16	306
16	316
17	168
17	179
17	189
17	198
17	206
17	214
17	221
17	228
17	235
17	242
17	249
17	256
17	263
17	270
17	277
17	284
17	291
17	299
17	307
17	316
17	326
17	338
18	178
18	189
18	199
18	208
18	217
18	225
18	233
18	241
18	248
18	255
18	261
18	267
18	273
18	279
18	285
18	291
18	297
18	304
18	311
18	318
18	325
18	333
18	342
18	353
19	170
19	181
19	191
19	200
19	208
19	215
19	221
19	227
19	232
19	237
19	241
19	246
19	250
19	254
19	258
19	262
19	265
19	269
19	273
19	276
19	280
19	284
19	288
19	292
19	296
19	300
19	305
19	309
19	314
19	319
19	324
19	330
19	336
19	343
19	351
19	360
20	161
20	171
20	180
20	188
20	195
20	201
20	207
20	212
20	217
20	221
20	225
20	229
20	232
20	235
20	239
20	242
20	245
20	248
20	251
20	254
20	257
20	260
20	263
20	265
20	269
20	271
20	275
20	277
20	281
20	284
20	287
20	291
20	294
20	298
20	302
20	306
20	310
20	315
20	319
20	325
20	330
20	337
20	345
20	354
20	365
21	156
21	164
21	171
21	178
21	183
21	189
21	193
21	198
21	202
21	207
21	211
21	215
21	219
21	222
21	226
21	229
21	232
21	235
21	238
21	241
21	244
21	247
21	250
21	253
21	256
21	259
21	262
21	265
21	268
21	271
21	275
21	278
21	282
21	286
21	290
21	295
21	299
21	305
21	310
21	316
21	323
21	331
21	341
22	153
22	162
22	170
22	176
22	181
22	186
22	190
22	194
22	198
22	202
22	205
22	209
22	212
22	216
22	219
22	223
22	226
22	230
22	233
22	237
22	240
22	244
22	247
22	251
22	255
22	259
22	263
22	267
22	272
22	277
22	282
22	288
22	295
22	303
22	312
22	324
23	151
23	160
23	166
23	172
23	176
23	181
23	183
23	188
23	191
23	194
23	198
23	201
23	203
23	207
23	209
23	212
23	215
23	218
23	221
23	224
23	227
23	230
23	233
23	236
23	239
23	243
23	246
23	249
23	254
23	257
23	262
23	266
23	271
23	276
23	282
23	288
23	296
23	305
23	316
24	151
24	160
24	167
24	173
24	178
24	183
24	187
24	192
24	196
24	201
24	205
24	209
24	214
24	218
24	223
24	228
24	233
24	238
24	244
24	250
24	256
24	263
24	271
24	280
24	291
25	167
25	177
25	186
25	194
25	202
25	210
25	218
25	226
25	235
25	244
25	254
25	265
26	170
26	181
26	191
26	200
26	209
26	218
26	228
26	238
26	250
34	202
34	215
34	228
35	187
35	198
35	209
35	220
35	231
35	243
37	179
37	191
37	202
37	213
37	223
37	233
37	244
37	256
38	162
38	172
38	181
38	190
38	198
38	206
38	214
38	222
38	230
38	238
38	246
38	254
38	263
38	273
38	285
39	158
39	167
39	175
39	182
39	189
39	196
39	203
39	210
39	217
39	224
39	232
39	240
39	248
39	256
39	265
39	275
39	286
40	160
40	170
40	179
40	187
40	194
40	201
40	208
40	215
40	222
40	229
40	236
40	244
40	252
40	261
40	270
40	280
41	160
41	170
41	178
41	185
41	191
41	197
41	202
41	207
41	212
41	217
41	222
41	227
41	232
41	237
41	242
41	248
41	254
41	260
41	267
41	275
41	283
41	292
41	303
42	157
42	165
42	172
42	178
42	182
42	187
42	191
42	194
42	198
42	201
42	204
42	208
42	210
42	213
42	216
42	219
42	222
42	225
42	228
42	231
42	234
42	237
42	240
42	244
42	247
42	250
42	254
42	258
42	262
42	266
42	271
42	276
42	281
42	287
42	294
42	301
42	309
42	319
43	154
43	162
43	169
43	173
43	178
43	182
43	184
43	189
43	191
43	194
43	197
43	200
43	202
43	205
43	207
43	210
43	212
43	214
43	217
43	219
43	221
43	224
43	226
43	228
43	231
43	233
43	236
43	238
43	241
43	244
43	246
43	249
43	252
43	255
43	258
43	261
43	265
43	268
43	272
43	276
43	280
43	285
43	290
43	296
43	302
43	309
43	317
43	327
44	158
44	166
44	173
44	179
44	184
44	190
44	195
44	200
44	205
44	210
44	215
44	220
44	226
44	231
44	237
44	243
44	249
44	256
44	263
44	270
44	278
44	287
44	297
45	182
45	193
45	203
45	213
45	222
45	231
45	239
45	247
45	255
45	263
45	271
45	280
45	289
45	299
46	176
46	186
46	194
46	202
46	209
46	215
46	221
46	226
46	231
46	236
46	241
46	245
46	250
46	254
46	259
46	264
46	269
46	274
46	279
46	285
46	291
46	297
46	304
46	312
46	321
47	168
47	178
47	185
47	191
47	197
47	202
47	206
47	211
47	214
47	218
47	222
47	224
47	228
47	231
47	234
47	237
47	240
47	243
47	245
47	248
47	251
47	253
47	256
47	259
47	262
47	265
47	268
47	271
47	274
47	277
47	280
47	284
47	287
47	291
47	295
47	299
47	304
47	309
47	315
47	321
47	328
47	336
47	346
48	169
48	179
48	187
48	194
48	201
48	207
48	212
48	217
48	222
48	226
48	231
48	233
48	238
48	241
48	244
48	247
48	250
48	253
48	255
48	259
48	261
48	264
48	267
48	269
48	273
48	275
48	278
48	281
48	284
48	287
48	290
48	294
48	297
48	301
48	305
48	309
48	314
48	319
48	325
48	331
48	338
48	347
49	229
49	240
49	249
49	255
49	261
49	266
49	271
49	275
49	280
49	284
49	289
49	294
49	299
49	304
49	309
49	315
49	321
49	328
49	336
49	346
50	180
50	191
50	201
50	211
50	221
50	231
50	242
50	253
50	262
50	270
50	276
50	282
50	288
50	294
50	300
50	306
50	312
50	319
50	326
50	334
50	344
51	161
51	171
51	179
51	186
51	193
51	199
51	205
51	211
51	217
51	223
51	229
51	235
51	241
51	248
51	255
51	262
51	269
51	275
51	281
51	286
51	292
51	297
51	302
51	308
51	314
51	320
51	327
51	334
51	342
51	352
52	158
52	166
52	172
52	178
52	182
52	187
52	191
52	195
52	199
52	202
52	206
52	209
52	213
52	216
52	220
52	223
52	227
52	230
52	234
52	238
52	242
52	246
52	250
52	255
52	259
52	264
52	269
52	274
52	279
52	284
52	289
52	294
52	299
52	304
52	309
52	314
52	319
52	325
52	331
52	337
52	344
52	352
52	362
52	375
53	154
53	162
53	168
53	172
53	177
53	181
53	184
53	188
53	191
53	194
53	198
53	201
53	204
53	207
53	210
53	213
53	216
53	219
53	223
53	226
53	229
53	233
53	236
53	240
53	244
53	248
53	252
53	256
53	261
53	266
53	271
53	276
53	282
53	287
53	293
53	298
53	303
53	308
53	314
53	319
53	325
53	331
53	338
53	346
53	355
53	365
54	159
54	168
54	175
54	182
54	189
54	196
54	203
54	210
54	217
54	225
54	233
54	242
54	251
54	261
54	271
54	281
54	290
54	299
54	307
54	314
54	321
54	329
54	337
54	346
54	356
54	367
55	189
55	201
55	212
55	223
55	233
55	243
55	253
55	263
55	273
55	283
55	292
55	301
55	310
55	319
55	328
55	337
55	346
55	356
55	368
56	170
56	181
56	190
56	198
56	206
56	213
56	220
56	226
56	232
56	238
56	244
56	250
56	257
56	264
56	271
56	278
56	285
56	292
56	299
56	306
56	313
56	321
56	329
56	337
56	345
56	354
56	364
57	158
57	168
57	175
57	182
57	187
57	192
57	197
57	201
57	205
57	209
57	213
57	216
57	220
57	223
57	227
57	230
57	233
57	237
57	240
57	243
57	246
57	250
57	253
57	256
57	260
57	263
57	267
57	271
57	275
57	279
57	284
57	288
57	293
57	298
57	303
57	308
57	314
57	319
57	325
57	332
57	339
57	347
57	356
57	367
58	152
58	161
58	167
58	172
58	176
58	181
58	183
58	187
58	190
58	192
58	195
58	198
58	200
58	202
58	205
58	207
58	209
58	212
58	213
58	215
58	218
58	219
58	222
58	223
58	225
58	227
58	229
58	231
58	232
58	234
58	236
58	238
58	239
58	241
58	243
58	244
58	246
58	248
58	250
58	251
58	253
58	255
58	257
58	258
58	260
58	262
58	264
58	266
58	268
58	269
58	272
58	274
58	276
58	278
58	280
58	283
58	285
58	288
58	290
58	293
58	296
58	298
58	302
58	305
58	308
58	312
58	316
58	320
58	325
58	329
58	335
58	341
58	348
58	356
58	365
59	151
59	160
59	164
59	170
59	172
59	176
59	180
59	182
59	184
59	188
59	190
59	192
59	194
59	197
59	199
59	201
59	202
59	204
59	207
59	208
59	210
59	212
59	213
59	215
59	217
59	218
59	220
59	222
59	223
59	224
59	226
59	228
59	229
59	231
59	232
59	233
59	235
59	236
59	238
59	239
59	241
59	242
59	243
59	245
59	246
59	248
59	249
59	250
59	252
59	253
59	254
59	256
59	257
59	258
59	260
59	261
59	263
59	264
59	265
59	267
59	268
59	270
59	271
59	273
59	274
59	276
59	277
59	279
59	280
59	282
59	284
59	286
59	287
59	289
59	291
59	293
59	295
59	297
59	299
59	301
59	304
59	306
59	308
59	311
59	314
59	316
59	319
59	323
59	326
59	329
59	334
59	337
59	343
59	348
59	354
59	361
59	369
59	379
60	159
60	168
60	174
60	180
60	185
60	190
60	195
60	200
60	204
60	209
60	213
60	217
60	221
60	225
60	229
60	233
60	237
60	241
60	244
60	248
60	251
60	253
60	257
60	259
60	262
60	264
60	267
60	269
60	272
60	273
60	276
60	278
60	281
60	283
60	285
60	288
60	290
60	293
60	295
60	298
60	300
60	304
60	306
60	309
60	312
60	316
60	318
60	323
60	326
60	330
60	335
60	339
60	345
60	351
60	358
60	366
60	376
61	261
61	270
61	275
61	281
61	284
61	289
61	292
61	296
61	300
61	304
61	308
61	312
61	316
61	320
61	325
61	329
61	335
61	340
61	346
61	353
61	361
61	371
62	271
62	280
62	286
62	291
62	296
62	300
62	304
62	309
62	313
62	318
62	322
62	327
62	332
62	337
62	343
62	349
62	356
62	364
62	374
63	208
63	219
63	230
63	240
63	250
63	261
63	272
63	282
63	290
63	297
63	303
63	309
63	314
63	320
63	326
63	332
63	338
63	345
63	353
63	362
63	373
64	170
64	180
64	189
64	196
64	203
64	209
64	215
64	221
64	226
64	231
64	236
64	241
64	246
64	251
64	256
64	261
64	266
64	272
64	278
64	285
64	292
64	299
64	305
64	311
64	316
64	322
64	328
64	334
64	340
64	347
64	355
64	364
64	375
65	161
65	170
65	177
65	183
65	189
65	193
65	198
65	202
65	206
65	210
65	214
65	218
65	221
65	225
65	228
65	232
65	234
65	238
65	241
65	244
65	247
65	250
65	253
65	256
65	259
65	262
65	265
65	268
65	271
65	275
65	278
65	282
65	286
65	289
65	294
65	298
65	302
65	306
65	310
65	314
65	318
65	323
65	327
65	332
65	337
65	342
65	348
65	354
65	361
65	369
65	378
66	169
66	179
66	187
66	194
66	201
66	208
66	214
66	220
66	226
66	231
66	236
66	241
66	245
66	250
66	254
66	258
66	262
66	266
66	270
66	273
66	277
66	281
66	285
66	288
66	293
66	296
66	301
66	305
66	309
66	313
66	317
66	321
66	326
66	330
66	335
66	340
66	345
66	351
66	357
66	364
66	372
66	382
67	269
67	279
67	287
67	294
67	300
67	306
67	312
67	318
67	324
67	330
67	336
67	343
67	350
67	358
67	367
67	378
68	290
68	300
68	309
68	317
68	325
68	333
68	341
68	350
68	359
68	370
70	210
70	222
70	233
70	244
71	171
71	181
71	189
71	196
71	203
71	209
71	215
71	221
71	227
71	232
71	238
71	243
71	249
71	255
71	261
71	267
71	274
71	281
71	289
71	298
71	308
71	319
72	162
72	171
72	178
72	184
72	190
72	194
72	199
72	203
72	207
72	211
72	214
72	218
72	222
72	225
72	229
72	232
72	236
72	239
72	242
72	246
72	249
72	253
72	256
72	260
72	263
72	267
72	270
72	275
72	278
72	283
72	287
72	292
72	297
72	302
72	308
72	314
72	321
72	329
72	338
72	348
73	166
73	174
73	181
73	187
73	193
73	198
73	203
73	208
73	212
73	217
73	221
73	225
73	229
73	233
73	237
73	241
73	245
73	249
73	253
73	257
73	261
73	265
73	269
73	273
73	277
73	281
73	285
73	289
73	294
73	298
73	303
73	308
73	314
73	320
73	327
73	334
73	342
73	351
73	362
74	279
74	290
74	300
74	310
74	320
74	333
-1	-1
