-1	-1
8	190
8	203
9	161
9	172
9	182
9	191
9	200
9	209
9	219
9	229
9	241
10	157
10	167
10	176
10	184
10	192
10	200
10	209
10	218
10	228
10	240
11	168
11	179
11	190
11	202
14	270
14	282
14	294
14	306
14	318
14	332
15	262
15	274
15	286
15	298
15	311
22	188
22	201
22	214
22	227
23	161
23	171
23	180
23	189
23	197
23	205
23	214
23	223
23	232
23	242
23	252
23	263
23	275
24	157
24	166
24	174
24	181
24	188
24	194
24	200
24	206
24	213
24	219
24	226
24	233
24	240
24	248
24	256
24	265
24	274
24	283
24	293
24	303
24	314
24	325
24	337
25	153
25	162
25	170
25	176
25	182
25	187
25	193
25	198
25	203
25	208
25	214
25	219
25	225
25	231
25	237
25	243
25	250
25	257
25	264
25	272
25	280
25	288
25	297
25	307
25	318
26	157
26	166
26	174
26	181
26	188
26	194
26	200
26	206
26	212
26	218
26	224
26	230
26	237
26	244
26	251
26	258
26	266
26	274
26	282
26	291
26	301
26	312
27	167
27	177
27	186
27	195
27	203
27	211
27	219
27	227
27	236
27	245
27	254
27	263
27	272
27	282
27	292
27	304
28	172
28	183
28	193
28	202
28	211
28	220
28	229
28	238
28	247
28	257
28	267
28	277
28	288
29	208
29	220
29	231
29	242
29	253
29	264
29	276
30	202
30	215
30	252
31	199
31	211
31	222
31	233
31	245
40	171
40	182
40	193
40	204
40	216
41	159
41	169
41	178
41	187
41	196
41	205
41	214
41	223
41	233
41	243
41	254
41	266
42	160
42	170
42	179
42	187
42	195
42	203
42	211
42	219
42	227
42	235
42	244
42	253
42	262
42	272
42	282
42	294
43	158
43	168
43	176
43	183
43	189
43	195
43	201
43	206
43	212
43	217
43	223
43	228
43	234
43	240
43	246
43	252
43	258
43	265
43	272
43	280
43	288
43	297
43	307
43	318
43	331
44	152
44	161
44	168
44	173
44	178
44	182
44	186
44	190
44	193
44	197
44	200
44	203
44	207
44	210
44	213
44	217
44	220
44	223
44	227
44	230
44	233
44	237
44	240
44	244
44	247
44	251
44	255
44	259
44	263
44	268
44	272
44	277
44	282
44	288
44	294
44	300
44	307
44	315
44	324
44	334
44	346
45	151
45	160
45	166
45	171
45	175
45	180
45	182
45	186
45	189
45	192
45	194
45	198
45	200
45	202
45	205
45	208
45	210
45	212
45	215
45	217
45	219
45	222
45	224
45	226
45	229
45	231
45	233
45	236
45	238
45	240
45	243
45	245
45	248
45	250
45	253
45	255
45	258
45	260
45	264
45	266
45	269
45	272
45	275
45	278
45	282
45	285
45	289
45	293
45	297
45	301
45	306
45	311
45	316
45	322
45	328
45	335
45	343
45	352
45	361
45	371
45	383
46	159
46	169
46	177
46	184
46	191
46	196
46	201
46	205
46	210
46	213
46	217
46	221
46	223
46	227
46	230
46	233
46	236
46	239
46	242
46	245
46	248
46	251
46	254
46	257
46	260
46	263
46	266
46	269
46	272
46	275
46	278
46	281
46	285
46	288
46	292
46	295
46	299
46	303
46	307
46	311
46	316
46	320
46	325
46	330
46	336
46	342
46	348
46	355
46	362
46	369
46	377
46	386
46	396
46	408
47	187
47	198
47	208
47	218
47	227
47	235
47	242
47	249
47	256
47	262
47	268
47	274
47	279
47	284
47	289
47	294
47	299
47	304
47	309
47	314
47	319
47	325
47	330
47	336
47	342
47	348
47	355
47	362
47	370
47	379
47	389
47	400
48	168
48	178
48	186
48	193
48	200
48	207
48	214
48	220
48	227
48	233
48	240
48	246
48	253
48	260
48	267
48	274
48	281
48	288
48	295
48	302
48	309
48	316
48	323
48	331
48	339
48	348
48	358
49	159
49	169
49	176
49	182
49	187
49	192
49	197
49	201
49	205
49	209
49	213
49	217
49	221
49	224
49	228
49	232
49	235
49	239
49	243
49	246
49	250
49	254
49	258
49	262
49	266
49	270
49	274
49	278
49	283
49	287
49	292
49	297
49	302
49	308
49	314
49	320
49	327
49	334
49	342
49	351
49	361
49	388
49	399
49	409
49	419
49	429
50	166
50	176
50	184
50	191
50	197
50	202
50	207
50	211
50	215
50	219
50	222
50	226
50	229
50	232
50	236
50	239
50	242
50	245
50	248
50	251
50	254
50	257
50	260
50	262
50	266
50	268
50	271
50	274
50	277
50	280
50	283
50	286
50	289
50	292
50	295
50	298
50	302
50	305
50	309
50	312
50	316
50	320
50	324
50	328
50	333
50	337
50	342
50	347
50	353
50	359
50	366
50	373
50	381
50	390
50	399
50	408
50	418
50	429
51	197
51	208
51	217
51	225
51	232
51	238
51	243
51	248
51	252
51	256
51	260
51	263
51	267
51	270
51	273
51	277
51	280
51	283
51	286
51	289
51	292
51	295
51	298
51	301
51	304
51	307
51	310
51	313
51	316
51	319
51	322
51	325
51	328
51	332
51	335
51	339
51	343
51	347
51	351
51	355
51	360
51	365
51	370
51	376
51	382
51	389
51	397
51	405
51	414
51	424
51	435
52	171
52	182
52	192
52	202
52	212
52	222
52	232
52	242
52	251
52	260
52	268
52	275
52	281
52	287
52	292
52	297
52	301
52	306
52	310
52	314
52	318
52	322
52	326
52	330
52	334
52	338
52	343
52	347
52	352
52	357
52	363
52	369
52	376
52	383
52	391
52	399
52	408
52	418
53	158
53	167
53	174
53	181
53	187
53	193
53	199
53	204
53	210
53	215
53	221
53	227
53	233
53	239
53	246
53	253
53	260
53	268
53	277
53	286
53	296
53	306
53	316
53	326
53	337
53	349
53	362
53	375
53	387
53	398
53	408
53	419
54	151
54	160
54	166
54	171
54	175
54	180
54	183
54	187
54	191
54	194
54	197
54	201
54	203
54	207
54	210
54	213
54	216
54	219
54	222
54	225
54	228
54	232
54	235
54	238
54	242
54	245
54	249
54	253
54	257
54	261
54	266
54	270
54	275
54	280
54	286
54	292
54	298
54	305
54	313
54	321
54	330
54	339
54	348
54	357
54	366
54	375
54	384
54	392
54	400
54	408
54	416
54	425
54	435
55	151
55	160
55	166
55	172
55	176
55	181
55	184
55	189
55	192
55	196
55	199
55	203
55	206
55	209
55	212
55	215
55	218
55	221
55	224
55	227
55	230
55	233
55	236
55	239
55	242
55	246
55	248
55	252
55	255
55	259
55	262
55	266
55	269
55	274
55	277
55	282
55	286
55	290
55	295
55	299
55	304
55	309
55	314
55	319
55	325
55	331
55	337
55	343
55	349
55	355
55	361
55	367
55	373
55	378
55	384
55	390
55	396
55	403
55	410
55	418
55	427
55	438
56	206
56	217
56	227
56	236
56	245
56	253
56	261
56	269
56	276
56	283
56	290
56	296
56	302
56	308
56	314
56	320
56	325
56	331
56	336
56	341
56	346
56	351
56	356
56	361
56	366
56	372
56	377
56	383
56	389
56	396
56	404
56	413
56	425
57	250
57	263
57	275
57	286
57	296
57	306
57	315
57	323
57	331
57	339
57	347
57	355
57	364
57	373
57	384
58	168
58	178
58	187
58	195
58	202
58	209
58	216
58	223
58	230
58	237
58	244
58	251
58	258
58	265
58	272
58	280
58	288
58	296
58	305
58	314
58	324
58	334
58	345
58	357
59	158
59	166
59	172
59	178
59	183
59	187
59	192
59	195
59	200
59	203
59	207
59	211
59	214
59	218
59	221
59	225
59	228
59	232
59	235
59	239
59	242
59	246
59	249
59	253
59	256
59	260
59	264
59	267
59	271
59	275
59	279
59	283
59	287
59	292
59	296
59	301
59	306
59	311
59	317
59	323
59	329
59	335
59	342
59	349
59	356
59	363
59	371
59	379
59	387
59	396
59	406
60	151
60	160
60	165
60	171
60	173
60	178
60	181
60	184
60	187
60	190
60	192
60	195
60	198
60	200
60	202
60	205
60	207
60	210
60	212
60	214
60	216
60	219
60	221
60	222
60	225
60	227
60	229
60	231
60	233
60	235
60	237
60	239
60	241
60	243
60	245
60	247
60	249
60	251
60	253
60	255
60	257
60	259
60	261
60	263
60	265
60	267
60	269
60	271
60	274
60	275
60	278
60	280
60	282
60	285
60	287
60	289
60	292
60	294
60	297
60	299
60	302
60	305
60	307
60	310
60	313
60	316
60	319
60	322
60	325
60	328
60	332
60	335
60	339
60	342
60	346
60	350
60	354
60	358
60	362
60	366
60	370
60	375
60	379
60	384
60	389
60	395
60	401
60	407
60	414
60	422
60	432
61	152
61	161
61	168
61	174
61	180
61	184
61	189
61	192
61	196
61	200
61	203
61	206
61	210
61	212
61	215
61	218
61	221
61	222
61	226
61	228
61	230
61	232
61	235
61	237
61	239
61	241
61	243
61	245
61	247
61	249
61	251
61	252
61	254
61	256
61	258
61	260
61	261
61	263
61	265
61	267
61	268
61	270
61	272
61	273
61	275
61	277
61	278
61	280
61	282
61	283
61	285
61	287
61	288
61	290
61	292
61	293
61	295
61	297
61	298
61	300
61	302
61	304
61	305
61	307
61	309
61	311
61	313
61	315
61	316
61	319
61	320
61	323
61	324
61	327
61	328
61	331
61	333
61	335
61	337
61	339
61	342
61	344
61	346
61	349
61	351
61	354
61	356
61	359
61	362
61	365
61	367
61	371
61	374
61	377
61	381
61	384
61	388
61	392
61	397
61	401
61	407
61	413
61	420
61	428
61	438
62	222
62	232
62	240
62	247
62	252
62	257
62	262
62	265
62	270
62	272
62	276
62	279
62	282
62	284
62	287
62	290
62	292
62	294
62	297
62	299
62	302
62	303
62	306
62	308
62	311
62	312
62	315
62	317
62	319
62	322
62	324
62	326
62	329
62	331
62	334
62	336
62	338
62	341
62	344
62	346
62	349
62	352
62	355
62	358
62	361
62	365
62	368
62	372
62	376
62	380
62	385
62	390
62	396
62	402
62	409
62	417
62	427
63	299
63	310
63	321
63	332
63	344
63	359
64	177
64	188
64	198
64	208
64	217
64	226
64	236
64	246
64	256
64	267
64	358
64	369
64	379
64	389
64	399
64	409
64	420
65	159
65	168
65	175
65	181
65	187
65	192
65	197
65	202
65	207
65	212
65	216
65	221
65	225
65	230
65	234
65	239
65	244
65	249
65	254
65	259
65	264
65	269
65	275
65	281
65	287
65	293
65	300
65	307
65	314
65	321
65	328
65	335
65	342
65	349
65	355
65	361
65	367
65	373
65	378
65	383
65	388
65	393
65	398
65	403
65	408
65	414
65	420
65	426
65	433
65	441
65	451
66	152
66	161
66	167
66	172
66	176
66	181
66	183
66	188
66	191
66	194
66	198
66	201
66	203
66	207
66	209
66	212
66	215
66	217
66	220
66	223
66	225
66	228
66	231
66	233
66	236
66	239
66	241
66	244
66	247
66	249
66	252
66	255
66	257
66	260
66	263
66	266
66	268
66	272
66	274
66	277
66	280
66	283
66	286
66	289
66	292
66	296
66	299
66	302
66	306
66	309
66	313
66	316
66	320
66	323
66	327
66	330
66	334
66	337
66	341
66	344
66	348
66	351
66	354
66	358
66	361
66	364
66	367
66	370
66	373
66	376
66	379
66	382
66	384
66	387
66	390
66	392
66	395
66	398
66	400
66	404
66	406
66	409
66	412
66	415
66	418
66	422
66	425
66	429
66	433
66	438
66	443
66	448
66	455
66	462
66	471
67	156
67	164
67	171
67	177
67	182
67	187
67	192
67	196
67	200
67	204
67	208
67	211
67	215
67	218
67	221
67	224
67	227
67	230
67	233
67	236
67	239
67	241
67	244
67	247
67	249
67	252
67	254
67	257
67	259
67	262
67	264
67	267
67	269
67	272
67	274
67	277
67	279
67	282
67	284
67	287
67	289
67	291
67	294
67	296
67	299
67	301
67	303
67	306
67	308
67	311
67	313
67	315
67	318
67	320
67	322
67	325
67	327
67	329
67	332
67	334
67	336
67	339
67	341
67	343
67	345
67	348
67	350
67	352
67	354
67	356
67	359
67	360
67	362
67	365
67	366
67	369
67	371
67	372
67	375
67	377
67	379
67	381
67	383
67	385
67	387
67	389
67	391
67	393
67	395
67	397
67	399
67	402
67	404
67	406
67	409
67	411
67	414
67	417
67	419
67	423
67	426
67	429
67	434
67	437
67	442
67	447
67	453
67	459
67	467
67	476
68	229
68	240
68	249
68	257
68	264
68	270
68	276
68	281
68	286
68	291
68	295
68	299
68	303
68	306
68	310
68	313
68	316
68	320
68	322
68	326
68	328
68	332
68	334
68	337
68	340
68	343
68	345
68	348
68	351
68	353
68	356
68	359
68	361
68	365
68	367
68	370
68	373
68	376
68	379
68	382
68	386
68	389
68	393
68	397
68	401
68	406
68	410
68	416
68	422
68	429
68	437
68	447
71	169
71	179
71	188
71	196
71	204
71	212
71	220
71	228
71	236
71	244
71	253
71	262
71	272
71	282
71	294
72	158
72	167
72	173
72	179
72	184
72	189
72	193
72	198
72	202
72	206
72	210
72	214
72	218
72	222
72	226
72	230
72	234
72	238
72	242
72	246
72	250
72	254
72	258
72	263
72	267
72	272
72	277
72	282
72	287
72	292
72	298
72	303
72	309
72	315
72	321
72	328
72	335
72	342
72	349
72	356
72	363
72	370
72	377
72	383
72	389
72	395
72	401
72	407
72	413
72	420
72	427
72	435
72	445
73	157
73	165
73	171
73	176
73	181
73	184
73	189
73	192
73	196
73	199
73	202
73	206
73	209
73	212
73	215
73	218
73	221
73	224
73	227
73	230
73	233
73	236
73	239
73	242
73	245
73	248
73	251
73	254
73	257
73	260
73	263
73	266
73	269
73	272
73	275
73	278
73	281
73	285
73	287
73	291
73	294
73	298
73	301
73	305
73	308
73	312
73	315
73	319
73	323
73	327
73	331
73	335
73	339
73	343
73	347
73	351
73	355
73	359
73	363
73	367
73	371
73	375
73	379
73	383
73	387
73	391
73	395
73	399
73	403
73	407
73	411
73	415
73	420
73	425
73	430
73	436
73	442
73	449
73	458
74	166
74	175
74	183
74	190
74	196
74	202
74	208
74	213
74	218
74	223
74	228
74	233
74	238
74	242
74	247
74	251
74	256
74	260
74	265
74	269
74	274
74	278
74	283
74	287
74	292
74	296
74	301
74	305
74	310
74	314
74	319
74	323
74	328
74	332
74	337
74	341
74	346
74	350
74	355
74	359
74	364
74	368
74	373
74	377
74	382
74	387
74	392
74	397
74	402
74	408
74	414
74	420
74	427
74	435
74	445
-1	-1
