-1	-1
11	202
11	215
11	228
11	241
11	254
11	332
12	161
12	171
12	181
12	190
12	199
12	208
12	217
12	226
12	235
12	244
12	253
12	262
12	271
12	280
12	289
12	298
12	307
12	316
12	325
12	334
12	343
12	352
12	361
12	371
12	382
13	157
13	166
13	174
13	182
13	189
13	196
13	203
13	210
13	217
13	224
13	231
13	238
13	245
13	252
13	259
13	266
13	273
13	280
13	288
13	296
13	304
13	312
13	320
13	328
13	336
13	344
13	352
13	361
13	371
13	382
14	157
14	166
14	174
14	182
14	190
14	197
14	204
14	211
14	218
14	225
14	232
14	238
14	244
14	250
14	256
14	262
14	268
14	274
14	281
14	288
14	295
14	302
14	309
14	317
14	325
14	334
14	343
14	353
14	365
15	161
15	172
15	182
15	191
15	200
15	208
15	216
15	224
15	232
15	239
15	246
15	253
15	259
15	265
15	271
15	277
15	284
15	291
15	298
15	305
15	313
15	321
15	330
15	340
15	351
16	166
16	177
16	187
16	196
16	205
16	214
16	223
16	232
16	241
16	250
16	258
16	266
16	274
16	282
16	291
16	300
16	309
16	319
16	329
16	341
17	168
17	179
17	189
17	199
17	208
17	217
17	226
17	235
17	243
17	251
17	259
17	267
17	275
17	283
17	291
17	299
17	308
17	317
17	327
17	338
18	160
18	170
18	179
18	188
18	196
18	204
18	212
18	220
18	228
18	236
18	244
18	252
18	259
18	266
18	273
18	280
18	287
18	294
18	301
18	308
18	316
18	324
18	332
18	341
18	351
18	362
19	161
19	171
19	180
19	188
19	196
19	203
19	210
19	217
19	224
19	231
19	237
19	243
19	249
19	255
19	261
19	266
19	272
19	277
19	282
19	287
19	292
19	297
19	302
19	308
19	313
19	319
19	325
19	331
19	337
19	344
19	351
19	358
19	366
19	375
19	385
19	396
20	153
20	163
20	171
20	178
20	185
20	191
20	197
20	203
20	209
20	215
20	220
20	226
20	231
20	236
20	241
20	246
20	251
20	255
20	260
20	264
20	269
20	273
20	277
20	281
20	285
20	289
20	293
20	297
20	301
20	305
20	309
20	314
20	318
20	323
20	327
20	332
20	337
20	342
20	347
20	353
20	359
20	366
20	373
20	381
20	390
20	402
21	151
21	160
21	167
21	173
21	179
21	184
21	190
21	194
21	199
21	204
21	208
21	213
21	217
21	222
21	226
21	230
21	234
21	238
21	242
21	246
21	250
21	254
21	258
21	262
21	266
21	270
21	274
21	278
21	282
21	286
21	290
21	294
21	298
21	302
21	306
21	310
21	315
21	319
21	324
21	328
21	333
21	338
21	343
21	348
21	354
21	360
21	367
21	375
21	384
21	394
22	152
22	161
22	168
22	174
22	180
22	185
22	190
22	195
22	200
22	204
22	209
22	213
22	217
22	221
22	225
22	229
22	233
22	237
22	241
22	245
22	249
22	253
22	257
22	261
22	265
22	269
22	273
22	277
22	281
22	286
22	290
22	295
22	299
22	304
22	309
22	314
22	319
22	325
22	331
22	337
22	344
22	351
22	359
22	368
23	157
23	166
23	173
23	180
23	186
23	192
23	198
23	204
23	209
23	214
23	219
23	224
23	229
23	234
23	239
23	244
23	249
23	254
23	259
23	265
23	270
23	276
23	282
23	288
23	295
23	302
23	309
23	317
23	326
23	336
24	161
24	171
24	180
24	189
24	197
24	205
24	213
24	221
24	229
24	237
24	245
24	253
24	261
24	269
24	278
24	287
24	297
24	308
25	182
25	193
25	204
25	214
25	224
25	234
25	245
25	256
35	189
35	201
35	213
35	225
35	238
35	251
36	182
36	193
36	203
36	213
36	223
36	233
36	244
36	255
36	267
37	181
37	192
37	202
37	212
37	222
37	232
37	243
37	255
38	176
38	187
38	197
38	207
38	217
38	228
38	239
39	177
39	188
39	198
39	208
39	218
39	228
39	238
39	249
39	261
40	171
40	182
40	192
40	202
40	212
40	222
40	232
40	242
40	253
40	265
41	161
41	171
41	180
41	188
41	196
41	204
41	212
41	220
41	228
41	236
41	245
41	254
41	263
41	273
41	284
42	158
42	167
42	174
42	181
42	187
42	193
42	198
42	204
42	209
42	215
42	221
42	227
42	233
42	239
42	246
42	253
42	260
42	268
42	276
42	285
42	295
42	306
43	158
43	167
43	173
43	179
43	184
43	189
43	194
43	198
43	203
43	207
43	212
43	216
43	221
43	226
43	231
43	236
43	241
43	247
43	253
43	259
43	266
43	273
43	281
43	289
43	298
43	308
44	159
44	168
44	174
44	180
44	185
44	190
44	195
44	200
44	204
44	209
44	213
44	217
44	221
44	225
44	229
44	233
44	237
44	241
44	246
44	250
44	255
44	259
44	265
44	270
44	276
44	282
44	288
44	295
44	302
44	310
44	318
44	327
44	338
45	160
45	169
45	177
45	183
45	189
45	194
45	199
45	203
45	208
45	211
45	215
45	219
45	222
45	225
45	229
45	232
45	235
45	238
45	241
45	244
45	247
45	250
45	254
45	257
45	260
45	264
45	267
45	271
45	275
45	279
45	284
45	288
45	293
45	298
45	304
45	310
45	316
45	323
45	331
45	340
45	350
46	167
46	176
46	183
46	190
46	194
46	199
46	203
46	207
46	211
46	213
46	217
46	220
46	223
46	226
46	229
46	232
46	234
46	237
46	240
46	243
46	245
46	249
46	251
46	255
46	257
46	261
46	264
46	267
46	271
46	274
46	278
46	282
46	286
46	290
46	295
46	299
46	305
46	310
46	316
46	323
46	330
46	338
46	347
46	358
47	170
47	180
47	188
47	194
47	200
47	205
47	210
47	215
47	220
47	225
47	230
47	235
47	240
47	245
47	250
47	255
47	260
47	265
47	270
47	275
47	280
47	285
47	290
47	296
47	301
47	307
47	313
47	319
47	326
47	334
47	342
47	351
47	362
48	179
48	190
48	200
48	209
48	217
48	225
48	232
48	239
48	245
48	251
48	256
48	261
48	266
48	271
48	275
48	280
48	283
48	288
48	291
48	296
48	299
48	304
48	308
48	312
48	317
48	321
48	326
48	331
48	336
48	342
48	348
48	355
48	362
48	370
48	379
48	391
49	182
49	193
49	202
49	210
49	217
49	223
49	229
49	234
49	240
49	244
49	249
49	253
49	257
49	261
49	264
49	268
49	271
49	274
49	277
49	281
49	283
49	287
49	290
49	293
49	296
49	299
49	303
49	306
49	309
49	313
49	316
49	320
49	324
49	328
49	332
49	337
49	341
49	346
49	351
49	357
49	363
49	370
49	378
49	387
49	398
50	180
50	191
50	200
50	208
50	215
50	222
50	229
50	235
50	241
50	246
50	251
50	256
50	261
50	266
50	271
50	275
50	280
50	285
50	290
50	295
50	300
50	305
50	310
50	316
50	322
50	328
50	334
50	340
50	347
50	354
50	362
50	370
50	379
50	390
51	187
51	198
51	208
51	218
51	228
51	237
51	246
51	255
51	264
51	272
51	280
51	288
51	295
51	302
51	309
51	315
51	321
51	327
51	332
51	338
51	343
51	349
51	355
51	361
51	367
51	374
51	381
51	389
51	398
51	408
52	177
52	188
52	198
52	207
52	215
52	223
52	231
52	239
52	246
52	253
52	259
52	265
52	271
52	276
52	281
52	286
52	291
52	295
52	300
52	303
52	307
52	311
52	314
52	318
52	321
52	324
52	328
52	331
52	334
52	337
52	340
52	343
52	346
52	349
52	352
52	355
52	358
52	362
52	365
52	369
52	372
52	376
52	380
52	385
52	389
52	394
52	399
52	405
52	411
52	418
52	426
52	436
53	169
53	179
53	187
53	194
53	201
53	207
53	213
53	219
53	224
53	230
53	235
53	240
53	245
53	250
53	254
53	259
53	263
53	267
53	271
53	274
53	278
53	281
53	285
53	288
53	291
53	294
53	297
53	300
53	303
53	306
53	309
53	311
53	314
53	317
53	319
53	322
53	324
53	327
53	329
53	332
53	334
53	337
53	339
53	342
53	344
53	347
53	349
53	352
53	355
53	357
53	360
53	363
53	366
53	369
53	372
53	376
53	379
53	383
53	387
53	391
53	396
53	400
53	405
53	410
53	416
53	423
53	430
53	439
53	450
54	167
54	175
54	182
54	188
54	193
54	198
54	203
54	208
54	213
54	218
54	223
54	228
54	233
54	238
54	243
54	248
54	253
54	258
54	263
54	268
54	273
54	278
54	283
54	288
54	293
54	298
54	303
54	308
54	313
54	318
54	323
54	328
54	334
54	339
54	345
54	351
54	357
54	364
54	371
54	378
54	385
54	393
54	401
54	410
54	419
54	429
55	161
55	170
55	176
55	182
55	188
55	193
55	198
55	203
55	208
55	213
55	219
55	224
55	230
55	236
55	242
55	248
55	255
55	262
55	269
55	276
55	283
55	291
55	299
55	307
55	315
55	323
55	332
55	340
55	348
55	356
55	364
55	371
55	378
55	385
55	392
55	399
55	405
55	412
55	419
55	426
55	433
55	441
55	450
55	460
56	159
56	168
56	175
56	181
56	187
56	193
56	198
56	204
56	209
56	214
56	219
56	224
56	229
56	234
56	239
56	244
56	249
56	254
56	259
56	264
56	269
56	274
56	279
56	284
56	289
56	294
56	299
56	304
56	309
56	314
56	319
56	324
56	329
56	334
56	339
56	344
56	349
56	353
56	358
56	362
56	366
56	370
56	374
56	378
56	382
56	386
56	390
56	393
56	397
56	400
56	404
56	407
56	411
56	414
56	418
56	422
56	425
56	429
56	433
56	437
56	442
56	446
56	451
56	456
56	462
56	468
56	476
56	485
56	496
57	159
57	168
57	174
57	180
57	185
57	190
57	194
57	199
57	203
57	207
57	211
57	214
57	218
57	221
57	224
57	228
57	231
57	233
57	237
57	240
57	242
57	246
57	248
57	251
57	254
57	256
57	259
57	262
57	264
57	267
57	270
57	272
57	275
57	278
57	280
57	283
57	286
57	288
57	291
57	294
57	296
57	299
57	302
57	305
57	307
57	311
57	313
57	316
57	319
57	322
57	325
57	328
57	331
57	334
57	337
57	340
57	343
57	346
57	349
57	351
57	354
57	357
57	359
57	362
57	364
57	367
57	370
57	372
57	374
57	377
57	379
57	382
57	384
57	386
57	389
57	391
57	393
57	396
57	398
57	400
57	403
57	405
57	407
57	410
57	412
57	415
57	417
57	419
57	422
57	425
57	427
57	430
57	433
57	436
57	439
57	442
57	446
57	449
57	454
57	457
57	462
57	467
57	473
57	479
57	486
57	495
57	506
58	162
58	171
58	178
58	183
58	188
58	192
58	195
58	199
58	202
58	204
58	208
58	210
58	212
58	215
58	217
58	220
58	222
58	223
58	226
58	228
58	230
58	232
58	234
58	236
58	238
58	240
58	242
58	243
58	246
58	247
58	249
58	251
58	253
58	254
58	256
58	258
58	260
58	262
58	263
58	265
58	267
58	269
58	271
58	272
58	275
58	276
58	278
58	280
58	282
58	284
58	286
58	288
58	290
58	292
58	295
58	296
58	299
58	301
58	304
58	306
58	308
58	311
58	314
58	316
58	319
58	322
58	325
58	327
58	331
58	333
58	337
58	339
58	343
58	346
58	349
58	352
58	355
58	358
58	361
58	364
58	367
58	370
58	373
58	376
58	379
58	382
58	385
58	388
58	391
58	394
58	397
58	400
58	404
58	407
58	411
58	415
58	418
58	423
58	427
58	432
58	437
58	443
58	449
58	456
58	464
58	474
59	162
59	171
59	176
59	181
59	184
59	188
59	192
59	193
59	197
59	200
59	202
59	204
59	207
59	209
59	211
59	213
59	215
59	217
59	220
59	221
59	223
59	225
59	227
59	229
59	231
59	233
59	235
59	237
59	239
59	241
59	243
59	245
59	247
59	249
59	251
59	254
59	255
59	258
59	260
59	263
59	265
59	267
59	270
59	273
59	275
59	278
59	281
59	284
59	287
59	290
59	294
59	297
59	301
59	305
59	309
59	314
59	319
59	325
59	331
59	337
59	344
59	351
59	359
59	368
59	378
59	389
60	163
60	171
60	177
60	182
60	187
60	192
60	196
60	201
60	205
60	210
60	214
60	219
60	224
60	229
60	235
60	241
60	247
60	254
60	261
60	269
60	277
60	285
60	293
60	301
60	309
60	317
60	325
60	333
60	341
60	349
60	357
60	366
60	375
60	385
60	395
60	406
61	169
61	180
61	190
61	200
61	210
61	220
61	229
61	238
61	247
61	255
61	262
61	269
61	275
61	281
61	287
61	292
61	297
61	302
61	307
61	312
61	316
61	321
61	325
61	330
61	334
61	339
61	343
61	348
61	352
61	357
61	361
61	366
61	370
61	375
61	380
61	385
61	390
61	396
61	401
61	407
61	413
61	419
61	426
61	433
61	441
61	450
61	460
62	189
62	199
62	208
62	216
62	223
62	230
62	236
62	241
62	246
62	251
62	255
62	260
62	263
62	267
62	271
62	274
62	278
62	281
62	284
62	287
62	290
62	293
62	295
62	298
62	301
62	303
62	306
62	308
62	311
62	313
62	315
62	318
62	320
62	322
62	325
62	327
62	329
62	332
62	334
62	336
62	339
62	341
62	343
62	346
62	348
62	350
62	353
62	355
62	358
62	360
62	363
62	365
62	368
62	370
62	373
62	376
62	378
62	381
62	384
62	387
62	390
62	393
62	397
62	399
62	404
62	407
62	411
62	415
62	419
62	424
62	428
62	433
62	438
62	444
62	450
62	457
62	465
62	475
63	179
63	189
63	197
63	203
63	209
63	214
63	219
63	223
63	228
63	231
63	235
63	239
63	242
63	245
63	249
63	251
63	254
63	257
63	260
63	262
63	265
63	268
63	270
63	272
63	275
63	277
63	279
63	282
63	283
63	286
63	288
63	290
63	292
63	294
63	296
63	298
63	300
63	302
63	304
63	306
63	308
63	310
63	311
63	314
63	315
63	317
63	319
63	321
63	323
63	325
63	326
63	329
63	330
63	332
63	334
63	336
63	338
63	340
63	342
63	344
63	346
63	348
63	350
63	353
63	355
63	357
63	359
63	362
63	365
63	367
63	369
63	373
63	375
63	378
63	381
63	385
63	388
63	392
63	396
63	400
63	405
63	409
63	415
63	420
63	426
63	433
63	441
63	450
64	173
64	183
64	191
64	198
64	204
64	210
64	216
64	221
64	226
64	231
64	236
64	241
64	245
64	250
64	254
64	259
64	263
64	267
64	271
64	275
64	279
64	283
64	287
64	291
64	295
64	299
64	304
64	308
64	313
64	318
64	323
64	328
64	334
64	340
64	347
64	355
64	363
64	372
64	382
64	395
65	190
65	205
65	386
65	398
65	409
65	420
65	431
65	442
65	454
66	260
66	272
66	283
66	294
66	304
66	314
66	323
66	332
66	340
66	348
66	355
66	362
66	369
66	376
66	382
66	388
66	394
66	400
66	406
66	412
66	418
66	423
66	429
66	434
66	440
66	446
66	452
66	458
66	465
66	472
66	480
66	489
66	500
67	196
67	206
67	215
67	223
67	231
67	238
67	245
67	252
67	258
67	264
67	270
67	276
67	282
67	287
67	292
67	297
67	302
67	307
67	312
67	316
67	321
67	325
67	330
67	333
67	338
67	341
67	345
67	349
67	352
67	356
67	360
67	363
67	367
67	370
67	373
67	377
67	380
67	383
67	386
67	390
67	392
67	396
67	399
67	402
67	405
67	408
67	411
67	414
67	417
67	420
67	423
67	426
67	429
67	432
67	435
67	438
67	441
67	444
67	447
67	450
67	454
67	457
67	460
67	464
67	468
67	472
67	476
67	481
67	486
67	492
67	498
67	506
67	515
68	177
68	186
68	193
68	200
68	205
68	211
68	215
68	220
68	224
68	229
68	232
68	237
68	240
68	244
68	248
68	251
68	255
68	258
68	262
68	265
68	269
68	272
68	275
68	279
68	282
68	285
68	288
68	291
68	294
68	297
68	300
68	303
68	306
68	309
68	312
68	315
68	318
68	321
68	323
68	326
68	329
68	331
68	334
68	337
68	339
68	342
68	344
68	347
68	349
68	352
68	354
68	357
68	359
68	362
68	364
68	366
68	369
68	371
68	373
68	376
68	378
68	380
68	383
68	385
68	387
68	390
68	392
68	394
68	396
68	399
68	401
68	403
68	405
68	408
68	410
68	412
68	414
68	417
68	419
68	421
68	424
68	426
68	428
68	431
68	433
68	435
68	438
68	440
68	443
68	445
68	448
68	450
68	454
68	456
68	459
68	463
68	466
68	469
68	474
68	477
68	482
68	487
68	493
68	499
68	506
68	515
69	169
69	178
69	185
69	191
69	196
69	201
69	205
69	210
69	214
69	218
69	222
69	226
69	230
69	234
69	238
69	242
69	245
69	249
69	253
69	257
69	260
69	264
69	268
69	272
69	276
69	280
69	284
69	288
69	292
69	296
69	300
69	304
69	308
69	312
69	316
69	320
69	324
69	328
69	332
69	336
69	340
69	344
69	348
69	352
69	356
69	360
69	364
69	368
69	372
69	376
69	380
69	385
69	389
69	394
69	398
69	403
69	407
69	412
69	417
69	422
69	427
69	433
69	439
69	446
69	454
69	463
69	473
70	170
70	180
70	189
70	198
70	207
70	216
70	226
70	237
72	371
72	384
72	396
72	408
72	420
72	431
72	442
72	453
72	463
72	472
72	481
72	491
73	197
73	207
73	216
73	224
73	232
73	240
73	247
73	254
73	261
73	268
73	275
73	282
73	289
73	295
73	302
73	308
73	314
73	320
73	326
73	332
73	338
73	344
73	350
73	356
73	362
73	368
73	374
73	380
73	386
73	392
73	398
73	404
73	410
73	416
73	422
73	428
73	434
73	440
73	446
73	452
73	458
73	463
73	469
73	474
73	480
73	486
73	492
73	498
73	505
73	513
73	523
74	180
74	190
74	198
74	205
74	211
74	217
74	223
74	228
74	233
74	238
74	243
74	248
74	253
74	258
74	263
74	268
74	273
74	278
74	283
74	288
74	293
74	298
74	303
74	308
74	313
74	318
74	323
74	328
74	333
74	338
74	343
74	348
74	353
74	358
74	363
74	368
74	373
74	378
74	383
74	388
74	393
74	398
74	403
74	408
74	413
74	418
74	423
74	428
74	433
74	438
74	444
74	449
74	455
74	461
74	467
74	473
74	479
74	485
74	492
74	499
74	507
74	517
75	182
75	192
75	201
75	209
75	217
75	225
75	232
75	239
75	246
75	253
75	261
75	269
75	277
75	285
75	293
75	301
75	309
75	318
75	327
75	336
75	346
75	356
75	366
75	377
75	388
75	400
-1	-1
