-1	-1
10	279
10	289
10	298
10	306
10	313
10	320
10	327
10	334
10	341
10	348
10	355
10	363
10	371
10	379
10	387
10	396
10	405
10	415
10	425
11	278
11	288
11	296
11	303
11	310
11	316
11	322
11	328
11	334
11	340
11	346
11	352
11	358
11	364
11	370
11	376
11	382
11	388
11	394
11	400
11	406
11	413
11	420
11	427
11	435
11	444
11	454
11	464
11	475
12	271
12	281
12	289
12	296
12	303
12	309
12	315
12	321
12	327
12	333
12	339
12	345
12	351
12	357
12	363
12	369
12	375
12	381
12	387
12	393
12	399
12	405
12	411
12	418
12	425
12	432
12	439
12	447
12	455
12	463
12	471
12	480
12	489
12	498
12	508
12	519
13	290
13	301
13	311
13	320
13	329
13	338
13	348
13	358
13	368
13	378
13	388
13	398
13	408
13	418
13	428
13	438
13	448
13	457
13	466
13	475
13	483
13	491
13	499
13	507
13	516
13	526
13	537
14	487
14	498
14	509
14	523
24	341
24	352
24	363
24	374
24	385
24	398
25	318
25	329
25	338
25	346
25	354
25	362
25	369
25	377
25	385
25	393
25	402
25	412
25	423
26	299
26	310
26	319
26	327
26	334
26	340
26	346
26	352
26	357
26	363
26	368
26	374
26	380
26	386
26	393
26	400
26	408
26	417
26	428
27	286
27	297
27	306
27	314
27	322
27	329
27	335
27	341
27	347
27	352
27	358
27	363
27	369
27	375
27	381
27	387
27	394
27	402
27	411
27	422
28	277
28	287
28	296
28	304
28	312
28	319
28	326
28	333
28	340
28	347
28	354
28	361
28	368
28	375
28	383
28	391
28	400
28	411
29	278
29	288
29	297
29	305
29	313
29	320
29	327
29	334
29	341
29	348
29	355
29	363
29	371
29	380
29	390
29	403
30	300
30	311
30	322
30	332
30	342
30	352
30	362
30	373
31	329
31	341
31	352
31	364
32	350
32	364
34	349
34	362
34	375
35	337
35	348
35	359
35	370
35	381
35	394
37	642
37	655
37	668
38	349
38	361
38	373
38	386
38	592
38	603
38	614
38	625
38	636
38	647
38	657
38	668
38	679
38	691
39	362
39	374
39	386
39	592
39	603
39	614
39	624
39	634
39	644
39	654
39	664
39	674
39	685
39	697
40	599
40	610
40	620
40	630
40	640
40	650
40	659
40	668
40	678
40	688
40	699
41	647
41	659
41	671
41	684
44	297
44	307
44	316
44	324
44	332
44	340
44	348
44	356
44	365
44	374
44	384
44	395
45	289
45	299
45	307
45	314
45	320
45	326
45	332
45	338
45	343
45	349
45	354
45	360
45	366
45	372
45	378
45	385
45	392
45	400
45	409
45	419
45	430
46	281
46	291
46	299
46	305
46	311
46	317
46	322
46	327
46	332
46	337
46	342
46	347
46	352
46	357
46	362
46	367
46	372
46	377
46	382
46	388
46	394
46	400
46	407
46	414
46	422
46	431
46	441
47	274
47	283
47	291
47	298
47	305
47	312
47	319
47	326
47	333
47	340
47	347
47	354
47	361
47	368
47	375
47	382
47	389
47	396
47	403
47	410
47	417
47	425
47	434
47	444
47	455
48	271
48	280
48	287
48	293
48	299
48	305
48	311
48	316
48	322
48	327
48	333
48	338
48	344
48	349
48	355
48	361
48	367
48	373
48	379
48	386
48	392
48	399
48	405
48	412
48	419
48	426
48	434
48	442
48	451
48	461
48	529
48	540
48	552
49	273
49	282
49	290
49	296
49	302
49	307
49	312
49	317
49	321
49	326
49	330
49	334
49	338
49	342
49	346
49	350
49	354
49	358
49	362
49	366
49	370
49	374
49	378
49	383
49	387
49	392
49	397
49	402
49	407
49	413
49	419
49	425
49	431
49	438
49	445
49	453
49	462
49	472
49	483
49	519
49	530
49	540
49	551
49	563
50	280
50	289
50	296
50	302
50	307
50	312
50	316
50	321
50	324
50	328
50	331
50	334
50	338
50	341
50	344
50	347
50	350
50	353
50	356
50	359
50	361
50	364
50	367
50	370
50	372
50	376
50	378
50	381
50	384
50	387
50	390
50	393
50	396
50	399
50	403
50	406
50	410
50	414
50	418
50	422
50	427
50	431
50	436
50	441
50	447
50	453
50	460
50	467
50	475
50	484
50	494
50	504
50	515
50	525
50	535
50	546
50	557
51	282
51	292
51	300
51	308
51	315
51	321
51	327
51	332
51	338
51	342
51	347
51	351
51	355
51	359
51	362
51	366
51	369
51	372
51	376
51	379
51	382
51	385
51	388
51	391
51	394
51	397
51	400
51	403
51	406
51	409
51	413
51	416
51	419
51	423
51	426
51	430
51	434
51	438
51	443
51	447
51	452
51	457
51	463
51	469
51	475
51	482
51	489
51	497
51	505
51	513
51	521
51	530
51	539
51	549
51	559
51	570
51	582
51	594
52	297
52	308
52	319
52	329
52	339
52	349
52	358
52	366
52	373
52	379
52	384
52	389
52	393
52	398
52	401
52	405
52	409
52	412
52	416
52	420
52	423
52	427
52	430
52	434
52	438
52	442
52	446
52	450
52	454
52	458
52	463
52	467
52	472
52	477
52	482
52	487
52	492
52	497
52	502
52	507
52	513
52	519
52	525
52	531
52	538
52	545
52	553
52	561
52	570
52	579
52	589
52	599
52	611
53	297
53	308
53	317
53	326
53	335
53	344
53	353
53	362
53	371
53	380
53	389
53	396
53	402
53	408
53	413
53	418
53	422
53	427
53	431
53	435
53	439
53	443
53	446
53	450
53	454
53	457
53	461
53	465
53	468
53	472
53	476
53	479
53	483
53	487
53	490
53	494
53	497
53	501
53	504
53	508
53	512
53	516
53	520
53	524
53	528
53	533
53	538
53	543
53	549
53	555
53	562
53	569
53	577
53	586
53	596
53	607
54	290
54	300
54	308
54	315
54	321
54	327
54	333
54	339
54	344
54	350
54	356
54	362
54	368
54	374
54	380
54	387
54	394
54	401
54	409
54	416
54	423
54	429
54	434
54	439
54	443
54	448
54	452
54	456
54	460
54	463
54	467
54	470
54	474
54	477
54	481
54	484
54	488
54	491
54	495
54	498
54	502
54	506
54	509
54	514
54	517
54	522
54	526
54	531
54	536
54	542
54	548
54	555
54	563
54	572
54	582
55	291
55	301
55	309
55	315
55	321
55	326
55	331
55	336
55	341
55	346
55	351
55	355
55	360
55	365
55	370
55	375
55	380
55	385
55	390
55	396
55	402
55	408
55	415
55	422
55	429
55	437
55	444
55	451
55	458
55	465
55	472
55	479
55	486
55	493
55	501
55	510
55	520
55	533
56	301
56	312
56	322
56	331
56	340
56	348
56	356
56	364
56	371
56	378
56	385
56	392
56	399
56	406
56	413
56	420
56	427
56	435
56	443
56	452
56	461
56	471
56	481
56	492
56	505
57	293
57	304
57	314
57	324
57	334
57	344
57	354
57	364
57	374
57	384
57	393
57	402
57	410
57	418
57	426
57	434
57	442
57	450
57	458
57	466
57	474
57	482
57	490
57	498
57	506
57	515
57	525
58	287
58	297
58	305
58	313
58	320
58	327
58	334
58	340
58	346
58	353
58	359
58	366
58	373
58	380
58	387
58	395
58	403
58	411
58	419
58	427
58	436
58	444
58	452
58	460
58	467
58	474
58	481
58	488
58	495
58	502
58	509
58	517
58	526
58	536
59	280
59	289
59	296
59	302
59	307
59	312
59	316
59	321
59	324
59	329
59	332
59	336
59	340
59	343
59	347
59	351
59	354
59	358
59	362
59	365
59	369
59	373
59	377
59	381
59	385
59	389
59	394
59	398
59	403
59	408
59	413
59	419
59	425
59	431
59	438
59	445
59	453
59	461
59	469
59	478
59	487
59	497
59	508
60	279
60	287
60	293
60	298
60	302
60	305
60	309
60	312
60	314
60	318
60	321
60	322
60	326
60	328
60	331
60	332
60	335
60	337
60	340
60	341
60	344
60	346
60	348
60	350
60	352
60	354
60	356
60	358
60	360
60	362
60	364
60	366
60	368
60	370
60	372
60	374
60	376
60	378
60	380
60	383
60	385
60	387
60	389
60	392
60	394
60	397
60	399
60	402
60	405
60	407
60	410
60	413
60	416
60	419
60	422
60	426
60	429
60	433
60	437
60	441
60	446
60	450
60	455
60	460
60	466
60	472
60	479
60	486
60	494
60	502
60	511
60	523
61	278
61	287
61	292
61	297
61	302
61	304
61	308
61	311
61	313
61	316
61	319
61	321
61	323
61	325
61	328
61	330
61	332
61	333
61	336
61	338
61	339
61	342
61	343
61	345
61	347
61	349
61	350
61	352
61	353
61	355
61	357
61	358
61	360
61	362
61	363
61	365
61	366
61	368
61	370
61	371
61	372
61	374
61	376
61	377
61	379
61	380
61	382
61	383
61	385
61	387
61	388
61	390
61	391
61	393
61	395
61	396
61	398
61	399
61	401
61	403
61	405
61	406
61	408
61	410
61	412
61	414
61	416
61	417
61	420
61	422
61	424
61	426
61	428
61	430
61	433
61	435
61	437
61	440
61	443
61	445
61	448
61	451
61	454
61	457
61	460
61	464
61	467
61	471
61	475
61	479
61	483
61	487
61	492
61	496
61	501
61	506
61	512
61	518
61	525
61	533
61	542
61	552
61	564
62	287
62	296
62	304
62	311
62	318
62	324
62	330
62	335
62	340
62	345
62	350
62	354
62	358
62	362
62	365
62	369
62	372
62	374
62	378
62	380
62	382
62	385
62	387
62	390
62	392
62	393
62	396
62	398
62	400
62	402
62	404
62	406
62	408
62	410
62	412
62	414
62	416
62	418
62	420
62	422
62	424
62	426
62	428
62	430
62	432
62	434
62	436
62	438
62	440
62	442
62	445
62	446
62	449
62	451
62	453
62	456
62	458
62	460
62	463
62	465
62	468
62	470
62	473
62	476
62	478
62	481
62	484
62	486
62	489
62	492
62	495
62	498
62	501
62	504
62	507
62	510
62	514
62	517
62	521
62	525
62	529
62	534
62	538
62	544
62	550
62	557
62	565
62	574
62	584
63	379
63	389
63	397
63	403
63	408
63	412
63	416
63	420
63	423
63	426
63	430
63	432
63	435
63	438
63	441
63	443
63	446
63	448
63	451
63	453
63	456
63	458
63	461
63	463
63	465
63	468
63	470
63	472
63	475
63	477
63	479
63	482
63	484
63	486
63	489
63	491
63	493
63	496
63	498
63	500
63	503
63	505
63	508
63	510
63	513
63	516
63	518
63	521
63	525
63	527
63	531
63	535
63	538
63	543
63	547
63	552
63	557
63	563
63	569
63	576
63	585
63	595
64	308
64	320
64	331
64	342
64	353
64	365
64	417
64	427
64	435
64	442
64	448
64	453
64	458
64	463
64	467
64	472
64	476
64	480
64	484
64	488
64	492
64	497
64	501
64	506
64	511
64	516
64	522
64	528
64	535
64	542
64	550
64	559
65	293
65	303
65	311
65	319
65	326
65	333
65	339
65	345
65	351
65	357
65	363
65	369
65	376
65	383
65	390
65	397
65	405
65	413
65	422
65	432
65	443
65	455
66	289
66	298
66	304
66	310
66	314
66	319
66	323
66	327
66	331
66	334
66	338
66	341
66	345
66	348
66	351
66	355
66	358
66	361
66	365
66	368
66	371
66	375
66	378
66	381
66	385
66	388
66	392
66	395
66	399
66	403
66	407
66	411
66	415
66	419
66	424
66	428
66	433
66	438
66	444
66	450
66	456
66	463
66	470
66	477
66	485
66	493
66	501
66	510
66	519
66	530
67	290
67	299
67	305
67	311
67	314
67	319
67	322
67	326
67	330
67	332
67	336
67	339
67	342
67	344
67	348
67	350
67	353
67	356
67	358
67	361
67	363
67	366
67	368
67	371
67	373
67	376
67	378
67	381
67	383
67	386
67	388
67	391
67	393
67	396
67	398
67	401
67	403
67	406
67	408
67	411
67	414
67	416
67	419
67	422
67	424
67	427
67	430
67	433
67	436
67	439
67	442
67	445
67	448
67	452
67	455
67	458
67	462
67	465
67	469
67	473
67	477
67	481
67	485
67	489
67	493
67	497
67	501
67	506
67	510
67	515
67	520
67	525
67	531
67	537
67	544
67	552
67	562
68	316
68	327
68	337
68	346
68	354
68	361
68	367
68	373
68	378
68	383
68	387
68	391
68	395
68	399
68	402
68	406
68	409
68	412
68	415
68	418
68	421
68	424
68	427
68	430
68	432
68	435
68	438
68	441
68	443
68	446
68	449
68	451
68	454
68	457
68	459
68	462
68	465
68	467
68	470
68	473
68	475
68	478
68	481
68	483
68	486
68	488
68	491
68	494
68	496
68	499
68	502
68	504
68	507
68	510
68	513
68	516
68	519
68	522
68	526
68	528
68	533
68	536
68	540
68	545
68	549
68	555
68	561
68	568
68	576
68	586
69	406
69	415
69	422
69	429
69	434
69	440
69	444
69	449
69	452
69	456
69	460
69	463
69	466
69	470
69	472
69	476
69	479
69	482
69	485
69	488
69	491
69	493
69	497
69	499
69	502
69	505
69	508
69	511
69	514
69	517
69	521
69	524
69	528
69	532
69	536
69	541
69	546
69	552
69	558
69	566
69	575
70	463
70	474
70	484
70	494
70	505
71	320
71	331
71	342
71	353
71	364
71	377
72	298
72	308
72	316
72	323
72	329
72	335
72	341
72	347
72	352
72	358
72	363
72	369
72	375
72	381
72	387
72	393
72	400
72	407
72	415
72	423
72	432
72	442
72	453
73	294
73	302
73	309
73	314
73	320
73	324
73	329
73	333
73	337
73	341
73	345
73	349
73	353
73	356
73	360
73	364
73	367
73	371
73	375
73	378
73	382
73	386
73	390
73	394
73	398
73	402
73	406
73	410
73	415
73	419
73	424
73	429
73	434
73	439
73	445
73	450
73	456
73	462
73	469
73	476
73	483
73	490
73	498
73	506
73	514
73	522
73	530
73	539
73	550
74	301
74	311
74	319
74	326
74	332
74	338
74	344
74	349
74	354
74	359
74	364
74	369
74	374
74	379
74	384
74	389
74	394
74	399
74	404
74	409
74	414
74	419
74	424
74	429
74	434
74	439
74	444
74	449
74	454
74	459
74	465
74	470
74	476
74	482
74	488
74	494
74	500
74	506
74	512
74	518
74	524
74	530
74	537
74	544
74	552
74	562
75	446
75	457
75	468
75	479
75	489
75	499
75	509
75	519
75	530
-1	-1
