-1	-1
0	141
0	155
8	270
8	281
8	292
8	302
8	312
8	322
8	332
8	342
8	352
8	362
8	372
8	382
8	393
9	258
9	268
9	277
9	285
9	293
9	300
9	307
9	314
9	321
9	328
9	335
9	342
9	349
9	356
9	363
9	370
9	378
9	386
9	394
9	403
9	412
9	422
9	435
10	258
10	268
10	277
10	285
10	292
10	299
10	306
10	312
10	318
10	324
10	330
10	336
10	342
10	348
10	354
10	360
10	366
10	372
10	378
10	384
10	390
10	397
10	404
10	411
10	419
10	427
10	436
10	446
10	457
11	266
11	276
11	285
11	294
11	302
11	310
11	317
11	324
11	331
11	337
11	343
11	349
11	355
11	361
11	366
11	372
11	377
11	383
11	388
11	394
11	399
11	405
11	410
11	416
11	422
11	428
11	435
11	442
11	450
11	458
11	467
11	477
11	488
12	321
12	333
12	344
12	354
12	364
12	374
12	383
12	392
12	401
12	409
12	417
12	426
12	435
12	444
12	454
12	463
12	473
12	483
12	494
14	280
14	291
14	301
14	311
14	321
14	330
14	339
14	348
14	357
14	366
14	376
14	387
15	271
15	282
15	292
15	301
15	309
15	317
15	325
15	333
15	340
15	347
15	354
15	361
15	369
15	377
15	386
15	395
15	406
16	296
16	307
16	317
16	327
16	336
16	345
16	354
16	363
16	373
16	383
16	395
22	309
22	322
22	335
22	348
22	360
22	371
22	381
22	391
22	401
22	411
22	421
22	431
22	441
22	452
22	464
23	269
23	280
23	290
23	299
23	308
23	317
23	325
23	333
23	341
23	349
23	357
23	365
23	372
23	379
23	386
23	393
23	400
23	408
23	416
23	424
23	433
23	442
23	452
24	258
24	268
24	276
24	283
24	290
24	296
24	302
24	308
24	314
24	320
24	326
24	332
24	338
24	343
24	349
24	355
24	361
24	367
24	373
24	379
24	385
24	391
24	397
24	404
24	411
24	419
24	428
24	438
25	251
25	260
25	268
25	274
25	280
25	285
25	291
25	295
25	300
25	304
25	309
25	313
25	317
25	321
25	325
25	329
25	333
25	337
25	342
25	346
25	351
25	356
25	361
25	366
25	372
25	378
25	384
25	391
25	398
25	406
25	415
25	426
26	249
26	259
26	267
26	273
26	279
26	284
26	289
26	293
26	297
26	301
26	304
26	308
26	311
26	314
26	318
26	321
26	324
26	328
26	331
26	334
26	338
26	341
26	345
26	348
26	352
26	356
26	360
26	365
26	369
26	375
26	380
26	386
26	393
26	401
26	410
26	421
27	248
27	258
27	266
27	273
27	280
27	285
27	291
27	296
27	301
27	306
27	311
27	315
27	320
27	324
27	329
27	333
27	338
27	343
27	348
27	353
27	358
27	364
27	370
27	377
27	385
27	394
27	404
28	249
28	259
28	268
28	276
28	284
28	292
28	300
28	308
28	316
28	324
28	332
28	341
28	350
28	360
28	372
29	270
29	281
29	291
29	301
29	311
29	321
29	331
29	342
29	354
30	280
30	291
30	302
30	313
30	324
30	335
30	346
31	301
31	312
31	323
31	334
31	345
31	356
32	320
32	332
32	344
32	356
34	311
34	323
34	334
34	345
34	357
35	302
35	314
35	325
35	336
35	347
35	358
37	302
37	313
37	323
37	333
37	343
37	353
37	364
37	376
38	297
38	308
38	318
38	327
38	336
38	345
38	354
38	363
38	372
38	382
38	393
39	346
39	358
39	369
39	381
41	311
41	323
41	335
42	302
42	315
42	327
42	340
43	272
43	283
43	293
43	303
43	313
43	323
43	334
43	346
44	261
44	271
44	280
44	288
44	295
44	302
44	309
44	316
44	323
44	330
44	337
44	344
44	352
44	360
44	369
44	379
44	390
44	405
45	254
45	263
45	271
45	277
45	282
45	287
45	292
45	297
45	302
45	306
45	311
45	315
45	320
45	324
45	329
45	333
45	338
45	342
45	347
45	352
45	357
45	363
45	368
45	374
45	380
45	387
45	395
45	403
45	412
45	423
46	249
46	259
46	266
46	272
46	277
46	282
46	286
46	291
46	295
46	299
46	303
46	307
46	312
46	316
46	321
46	325
46	330
46	334
46	339
46	344
46	349
46	354
46	359
46	364
46	369
46	375
46	381
46	387
46	394
46	401
46	409
46	418
46	428
47	241
47	251
47	259
47	266
47	272
47	278
47	284
47	290
47	296
47	302
47	308
47	314
47	320
47	326
47	333
47	340
47	347
47	354
47	361
47	368
47	375
47	382
47	389
47	396
47	404
47	412
47	421
47	431
48	243
48	253
48	261
48	269
48	277
48	284
48	291
48	298
48	304
48	310
48	316
48	322
48	328
48	334
48	340
48	346
48	352
48	358
48	364
48	370
48	376
48	382
48	388
48	395
48	402
48	409
48	416
48	424
48	433
48	443
48	455
49	257
49	267
49	275
49	282
49	289
49	294
49	300
49	304
49	309
49	313
49	317
49	321
49	325
49	329
49	332
49	336
49	340
49	343
49	347
49	350
49	354
49	357
49	361
49	365
49	368
49	372
49	376
49	380
49	385
49	389
49	394
49	399
49	404
49	409
49	415
49	421
49	427
49	434
49	442
49	451
49	461
50	259
50	269
50	276
50	282
50	288
50	293
50	298
50	302
50	306
50	310
50	313
50	317
50	320
50	323
50	326
50	329
50	332
50	335
50	338
50	341
50	343
50	346
50	349
50	351
50	354
50	356
50	359
50	361
50	364
50	366
50	369
50	371
50	374
50	377
50	379
50	382
50	385
50	388
50	391
50	394
50	397
50	400
50	404
50	407
50	411
50	415
50	419
50	424
50	428
50	433
50	438
50	444
50	450
50	457
50	465
50	474
50	485
51	261
51	271
51	279
51	286
51	293
51	299
51	305
51	311
51	317
51	322
51	328
51	333
51	338
51	342
51	347
51	351
51	354
51	358
51	361
51	364
51	368
51	371
51	373
51	377
51	379
51	382
51	385
51	388
51	391
51	394
51	397
51	400
51	403
51	406
51	409
51	413
51	416
51	419
51	423
51	426
51	430
51	434
51	438
51	443
51	447
51	453
51	458
51	464
51	471
51	478
51	487
51	498
52	271
52	282
52	293
52	304
52	315
52	326
52	337
52	348
52	357
52	364
52	371
52	376
52	381
52	385
52	390
52	393
52	397
52	401
52	404
52	408
52	411
52	414
52	418
52	421
52	424
52	428
52	431
52	435
52	438
52	442
52	446
52	450
52	454
52	458
52	463
52	468
52	473
52	479
52	486
52	493
52	502
52	512
52	524
53	279
53	290
53	300
53	309
53	318
53	327
53	335
53	343
53	351
53	360
53	369
53	377
53	384
53	391
53	396
53	401
53	405
53	410
53	413
53	417
53	421
53	423
53	427
53	430
53	433
53	436
53	440
53	442
53	446
53	449
53	452
53	456
53	459
53	463
53	466
53	470
53	474
53	478
53	483
53	488
53	493
53	499
53	506
53	513
53	521
53	531
54	270
54	280
54	289
54	297
54	304
54	311
54	317
54	323
54	329
54	334
54	339
54	344
54	349
54	354
54	359
54	365
54	370
54	376
54	382
54	388
54	395
54	401
54	407
54	412
54	417
54	422
54	426
54	431
54	434
54	438
54	442
54	445
54	449
54	452
54	455
54	459
54	462
54	466
54	469
54	473
54	477
54	480
54	485
54	488
54	493
54	498
54	503
54	509
54	515
54	522
54	530
54	539
54	553
55	261
55	271
55	279
55	286
55	292
55	298
55	304
55	309
55	314
55	319
55	324
55	329
55	333
55	338
55	342
55	346
55	350
55	354
55	358
55	362
55	366
55	370
55	375
55	379
55	384
55	388
55	394
55	399
55	405
55	411
55	417
55	424
55	430
55	437
55	443
55	449
55	455
55	461
55	467
55	473
55	479
55	486
55	493
55	501
55	510
55	520
56	259
56	269
56	278
56	286
56	294
56	302
56	310
56	318
56	326
56	334
56	342
56	349
56	356
56	363
56	369
56	375
56	381
56	387
56	393
56	399
56	405
56	412
56	419
56	426
56	434
56	442
56	451
56	461
56	472
56	484
57	268
57	279
57	289
57	299
57	309
57	319
57	329
57	339
57	349
57	359
57	369
57	379
57	389
57	398
57	407
57	415
57	423
57	431
57	439
57	447
57	456
57	465
57	474
57	483
57	492
57	502
57	512
57	523
58	267
58	277
58	286
58	294
58	302
58	309
58	316
58	323
58	330
58	337
58	344
58	351
58	358
58	366
58	374
58	382
58	391
58	400
58	409
58	418
58	427
58	435
58	443
58	451
58	459
58	466
58	473
58	480
58	487
58	494
58	501
58	508
58	516
58	525
58	535
59	258
59	267
59	274
59	281
59	286
59	292
59	296
59	301
59	305
59	310
59	313
59	318
59	321
59	325
59	329
59	333
59	337
59	341
59	345
59	349
59	353
59	357
59	361
59	365
59	369
59	374
59	378
59	383
59	388
59	393
59	398
59	404
59	410
59	417
59	424
59	432
59	440
59	448
59	457
59	465
59	473
59	481
59	489
59	497
59	506
59	516
60	252
60	261
60	268
60	273
60	278
60	282
60	286
60	290
60	292
60	296
60	299
60	302
60	304
60	307
60	310
60	312
60	314
60	317
60	319
60	322
60	324
60	326
60	329
60	331
60	333
60	336
60	338
60	340
60	342
60	345
60	347
60	349
60	351
60	354
60	356
60	358
60	361
60	363
60	365
60	368
60	370
60	373
60	375
60	378
60	380
60	383
60	386
60	388
60	391
60	394
60	397
60	400
60	404
60	407
60	410
60	414
60	418
60	422
60	426
60	430
60	435
60	440
60	445
60	451
60	457
60	464
60	471
60	479
60	488
60	499
61	250
61	259
61	265
61	271
61	274
61	279
61	282
61	284
61	288
61	291
61	293
61	296
61	299
61	301
61	303
61	306
61	308
61	311
61	313
61	315
61	318
61	320
61	322
61	324
61	327
61	329
61	331
61	333
61	336
61	338
61	340
61	342
61	345
61	346
61	349
61	351
61	353
61	355
61	357
61	360
61	361
61	364
61	366
61	368
61	370
61	372
61	374
61	376
61	378
61	380
61	382
61	384
61	386
61	388
61	390
61	393
61	395
61	397
61	399
61	402
61	404
61	406
61	409
61	411
61	414
61	416
61	419
61	421
61	425
61	427
61	430
61	433
61	436
61	439
61	443
61	446
61	450
61	454
61	458
61	462
61	467
61	471
61	476
61	481
61	487
61	493
61	500
61	508
61	517
61	528
62	252
62	261
62	268
62	273
62	278
62	283
62	288
62	292
62	297
62	302
62	307
62	312
62	318
62	324
62	330
62	337
62	344
62	351
62	358
62	364
62	370
62	374
62	379
62	382
62	386
62	390
62	392
62	396
62	399
62	402
62	404
62	407
62	410
62	412
62	415
62	418
62	420
62	423
62	425
62	428
62	430
62	433
62	436
62	438
62	441
62	444
62	446
62	449
62	452
62	455
62	458
62	461
62	464
62	467
62	470
62	474
62	477
62	480
62	484
62	487
62	491
62	495
62	499
62	504
62	508
62	514
62	519
62	526
62	533
62	542
62	553
63	257
63	266
63	274
63	282
63	291
63	300
63	309
63	319
63	329
63	340
63	355
63	370
63	381
63	390
63	397
63	402
63	407
63	411
63	414
63	418
63	422
63	424
63	428
63	431
63	433
63	436
63	439
63	441
63	444
63	446
63	449
63	451
63	454
63	456
63	459
63	461
63	464
63	466
63	469
63	471
63	474
63	476
63	479
63	481
63	484
63	487
63	489
63	492
63	495
63	498
63	501
63	504
63	507
63	511
63	515
63	518
63	523
63	527
63	532
63	538
63	544
63	551
63	559
63	569
64	268
64	279
64	289
64	298
64	307
64	315
64	323
64	331
64	339
64	347
64	355
64	364
64	373
64	383
64	393
64	403
64	412
64	420
64	427
64	433
64	439
64	444
64	449
64	453
64	457
64	461
64	465
64	469
64	472
64	476
64	479
64	483
64	486
64	490
64	494
64	498
64	502
64	506
64	511
64	516
64	521
64	527
64	534
64	541
64	550
64	563
65	268
65	278
65	286
65	293
65	300
65	305
65	311
65	316
65	321
65	326
65	330
65	335
65	339
65	344
65	348
65	353
65	357
65	362
65	366
65	371
65	376
65	381
65	386
65	392
65	398
65	404
65	411
65	418
65	426
65	435
65	444
65	454
65	465
65	477
66	262
66	271
66	278
66	283
66	288
66	292
66	296
66	300
66	303
66	307
66	310
66	313
66	316
66	319
66	322
66	324
66	327
66	330
66	332
66	334
66	337
66	339
66	342
66	344
66	346
66	349
66	351
66	353
66	356
66	358
66	360
66	363
66	365
66	368
66	370
66	373
66	375
66	378
66	380
66	383
66	386
66	388
66	391
66	394
66	397
66	400
66	403
66	407
66	409
66	414
66	417
66	421
66	425
66	429
66	434
66	438
66	444
66	449
66	455
66	461
66	468
66	475
66	483
66	491
66	500
66	510
66	521
67	267
67	274
67	281
67	285
67	290
67	293
67	297
67	301
67	303
67	307
67	310
67	312
67	315
67	318
67	321
67	323
67	325
67	328
67	331
67	332
67	335
67	337
67	340
67	341
67	344
67	346
67	348
67	350
67	352
67	354
67	356
67	358
67	360
67	362
67	364
67	366
67	368
67	370
67	372
67	374
67	376
67	378
67	380
67	382
67	384
67	386
67	388
67	390
67	392
67	394
67	396
67	398
67	400
67	403
67	405
67	407
67	409
67	412
67	414
67	416
67	419
67	421
67	424
67	426
67	429
67	431
67	435
67	437
67	440
67	443
67	446
67	449
67	452
67	456
67	459
67	463
67	466
67	470
67	474
67	478
67	482
67	487
67	491
67	496
67	501
67	506
67	511
67	517
67	523
67	529
67	536
67	544
67	553
67	565
68	279
68	289
68	298
68	307
68	315
68	323
68	331
68	339
68	346
68	352
68	358
68	363
68	368
68	372
68	377
68	381
68	384
68	388
68	391
68	394
68	398
68	401
68	403
68	407
68	409
68	412
68	415
68	417
68	420
68	423
68	425
68	428
68	430
68	433
68	435
68	438
68	440
68	443
68	445
68	448
68	450
68	453
68	455
68	458
68	460
68	463
68	466
68	468
68	471
68	474
68	476
68	479
68	482
68	485
68	487
68	490
68	493
68	496
68	499
68	502
68	505
68	508
68	512
68	515
68	519
68	523
68	527
68	531
68	536
68	541
68	547
68	553
68	560
68	569
69	392
69	402
69	410
69	416
69	422
69	426
69	431
69	434
69	439
69	442
69	446
69	449
69	452
69	456
69	459
69	462
69	465
69	468
69	471
69	474
69	477
69	480
69	482
69	485
69	488
69	491
69	493
69	496
69	499
69	502
69	505
69	508
69	511
69	515
69	518
69	522
69	526
69	530
69	535
69	540
69	546
69	552
69	559
69	568
70	447
70	458
70	467
70	475
70	483
70	491
70	499
70	507
70	516
70	526
71	292
71	303
71	313
71	323
71	332
71	341
71	350
71	359
71	369
71	379
71	390
72	273
72	283
72	291
72	298
72	304
72	310
72	315
72	320
72	325
72	330
72	334
72	339
72	343
72	348
72	352
72	357
72	361
72	366
72	370
72	375
72	380
72	385
72	390
72	396
72	401
72	407
72	414
72	421
72	428
72	436
72	445
72	455
72	467
73	270
73	279
73	285
73	291
73	295
73	300
73	304
73	308
73	312
73	315
73	319
73	322
73	326
73	329
73	332
73	335
73	339
73	341
73	345
73	348
73	351
73	354
73	357
73	360
73	363
73	366
73	369
73	372
73	375
73	378
73	381
73	384
73	387
73	390
73	394
73	397
73	400
73	404
73	407
73	411
73	415
73	418
73	423
73	426
73	431
73	435
73	440
73	445
73	450
73	455
73	461
73	467
73	473
73	479
73	486
73	493
73	500
73	507
73	514
73	521
73	528
73	536
73	545
73	555
74	276
74	285
74	292
74	299
74	305
74	311
74	316
74	321
74	326
74	331
74	336
74	341
74	345
74	350
74	354
74	359
74	363
74	367
74	371
74	375
74	379
74	383
74	387
74	391
74	395
74	399
74	403
74	407
74	411
74	415
74	419
74	423
74	427
74	431
74	435
74	439
74	444
74	448
74	453
74	457
74	462
74	467
74	472
74	477
74	482
74	487
74	492
74	497
74	502
74	507
74	512
74	517
74	523
74	528
74	534
74	540
74	547
74	555
74	564
74	575
75	418
75	429
75	439
75	449
75	458
75	467
75	476
75	485
75	493
75	501
75	509
75	518
75	527
75	537
-1	-1
