-1	-1
5	290
5	302
5	314
5	326
5	338
6	212
6	224
6	235
6	245
6	255
6	265
6	275
6	285
6	294
6	303
6	312
6	321
6	330
6	339
6	348
6	358
6	368
6	379
6	394
7	181
7	192
7	202
7	212
7	221
7	230
7	239
7	248
7	256
7	264
7	272
7	280
7	288
7	296
7	305
7	314
7	323
7	332
7	341
7	350
7	359
7	368
7	377
7	387
7	397
7	408
8	169
8	180
8	190
8	199
8	208
8	217
8	225
8	233
8	241
8	249
8	256
8	263
8	270
8	277
8	284
8	291
8	298
8	305
8	312
8	320
8	328
8	336
8	344
8	352
8	360
8	369
8	378
8	387
8	396
8	406
8	418
9	176
9	187
9	197
9	206
9	214
9	222
9	230
9	238
9	245
9	252
9	259
9	266
9	273
9	279
9	285
9	291
9	297
9	303
9	309
9	315
9	321
9	327
9	333
9	339
9	345
9	352
9	358
9	365
9	372
9	379
9	387
9	395
9	404
9	414
9	425
10	160
10	170
10	178
10	185
10	191
10	197
10	203
10	208
10	213
10	218
10	223
10	228
10	234
10	239
10	245
10	251
10	257
10	263
10	269
10	274
10	280
10	285
10	290
10	295
10	300
10	304
10	309
10	313
10	318
10	323
10	328
10	333
10	338
10	343
10	348
10	353
10	358
10	364
10	370
10	376
10	382
10	389
10	396
10	404
10	412
10	421
10	431
11	158
11	167
11	174
11	180
11	185
11	190
11	194
11	199
11	203
11	207
11	211
11	215
11	219
11	222
11	226
11	230
11	233
11	237
11	241
11	245
11	249
11	253
11	257
11	262
11	266
11	271
11	276
11	280
11	285
11	289
11	294
11	298
11	303
11	307
11	312
11	316
11	321
11	325
11	330
11	334
11	339
11	344
11	349
11	354
11	359
11	365
11	370
11	376
11	382
11	388
11	395
11	402
11	410
11	419
11	429
12	152
12	161
12	167
12	172
12	177
12	181
12	185
12	189
12	192
12	196
12	199
12	202
12	205
12	209
12	211
12	215
12	218
12	221
12	224
12	227
12	230
12	234
12	237
12	240
12	244
12	247
12	251
12	255
12	259
12	263
12	268
12	272
12	277
12	282
12	287
12	293
12	298
12	304
12	310
12	316
12	322
12	328
12	334
12	340
12	347
12	354
12	361
12	369
12	377
12	386
12	396
12	407
13	153
13	162
13	169
13	174
13	180
13	184
13	189
13	193
13	198
13	202
13	207
13	211
13	216
13	220
13	225
13	230
13	235
13	240
13	245
13	250
13	255
13	260
13	266
13	271
13	277
13	283
13	290
13	297
13	304
13	311
13	319
13	327
13	335
13	344
13	354
13	365
14	176
14	186
14	195
14	204
14	213
14	221
14	229
14	237
14	245
14	253
14	261
14	269
14	277
14	285
14	294
14	304
14	314
14	326
15	227
15	241
15	254
15	266
15	279
21	198
21	209
21	220
21	230
21	240
21	250
21	260
21	271
21	283
22	170
22	181
22	190
22	199
22	207
22	215
22	222
22	229
22	236
22	243
22	250
22	257
22	265
22	273
22	281
22	290
22	299
22	309
22	320
22	333
23	158
23	167
23	174
23	181
23	187
23	193
23	199
23	204
23	209
23	214
23	219
23	224
23	229
23	234
23	239
23	244
23	249
23	254
23	259
23	264
23	269
23	274
23	279
23	285
23	290
23	296
23	302
23	309
23	316
23	324
23	332
23	341
23	351
23	364
24	150
24	159
24	166
24	172
24	177
24	182
24	186
24	191
24	195
24	199
24	203
24	207
24	211
24	215
24	219
24	223
24	227
24	231
24	234
24	238
24	242
24	246
24	249
24	253
24	257
24	261
24	265
24	269
24	273
24	277
24	281
24	286
24	290
24	295
24	300
24	305
24	310
24	316
24	322
24	328
24	335
24	342
24	350
24	359
24	369
24	380
25	150
25	159
25	165
25	171
25	176
25	181
25	185
25	190
25	193
25	198
25	201
25	205
25	209
25	212
25	216
25	219
25	223
25	226
25	229
25	232
25	235
25	238
25	241
25	244
25	247
25	250
25	253
25	256
25	259
25	262
25	265
25	268
25	272
25	275
25	278
25	282
25	285
25	289
25	293
25	296
25	300
25	304
25	308
25	313
25	317
25	322
25	327
25	333
25	339
25	346
25	353
25	361
25	370
25	380
26	158
26	168
26	175
26	182
26	187
26	192
26	197
26	201
26	205
26	209
26	213
26	217
26	221
26	224
26	228
26	231
26	234
26	237
26	241
26	243
26	247
26	249
26	253
26	255
26	259
26	261
26	264
26	267
26	270
26	273
26	276
26	279
26	282
26	285
26	288
26	292
26	295
26	299
26	302
26	306
26	310
26	314
26	318
26	323
26	327
26	333
26	338
26	344
26	351
26	358
26	366
26	376
27	167
27	177
27	185
27	193
27	200
27	207
27	213
27	219
27	225
27	231
27	236
27	242
27	247
27	253
27	258
27	264
27	269
27	275
27	281
27	287
27	293
27	299
27	306
27	313
27	320
27	328
27	337
27	347
28	188
28	199
28	208
28	216
28	224
28	231
28	238
28	245
28	252
28	259
28	266
28	274
28	282
28	291
28	300
28	310
28	321
29	196
29	207
29	217
29	226
29	235
29	244
29	253
29	262
29	272
29	282
29	292
29	303
34	202
34	214
34	226
34	239
35	192
35	204
35	215
35	226
35	237
35	249
36	200
36	211
36	221
36	231
36	241
36	251
36	262
36	275
37	189
37	200
37	210
37	219
37	227
37	235
37	243
37	251
37	259
37	268
37	277
37	287
38	180
38	191
38	201
38	211
38	220
38	229
38	238
38	247
38	257
38	267
38	278
38	290
39	178
39	189
39	199
39	209
39	219
39	229
39	239
39	249
39	259
39	270
39	283
40	166
40	176
40	185
40	193
40	201
40	208
40	215
40	222
40	229
40	235
40	241
40	247
40	253
40	260
40	267
40	274
40	282
40	290
40	299
40	309
41	157
41	166
41	174
41	181
41	187
41	193
41	199
41	204
41	210
41	215
41	220
41	225
41	230
41	235
41	240
41	245
41	250
41	255
41	260
41	265
41	270
41	275
41	281
41	287
41	293
41	300
41	307
41	315
41	324
41	335
42	152
42	161
42	169
42	175
42	181
42	187
42	192
42	198
42	203
42	209
42	214
42	220
42	225
42	231
42	237
42	243
42	249
42	255
42	261
42	267
42	273
42	280
42	287
42	294
42	301
42	309
42	318
42	327
42	338
43	156
43	165
43	173
43	180
43	187
43	194
43	200
43	206
43	212
43	218
43	224
43	230
43	236
43	241
43	247
43	252
43	258
43	263
43	269
43	274
43	280
43	285
43	291
43	297
43	303
43	309
43	316
43	323
43	331
43	340
43	350
43	364
44	160
44	170
44	178
44	185
44	191
44	197
44	202
44	207
44	212
44	216
44	221
44	224
44	229
44	232
44	236
44	240
44	243
44	247
44	250
44	254
44	257
44	261
44	264
44	268
44	271
44	274
44	278
44	281
44	284
44	288
44	291
44	294
44	298
44	301
44	305
44	308
44	312
44	316
44	320
44	325
44	329
44	334
44	339
44	345
44	351
44	358
44	366
44	375
44	385
45	157
45	165
45	172
45	178
45	183
45	187
45	192
45	195
45	200
45	202
45	206
45	209
45	212
45	215
45	218
45	221
45	224
45	227
45	230
45	232
45	235
45	238
45	240
45	243
45	245
45	248
45	250
45	253
45	255
45	258
45	260
45	262
45	265
45	267
45	269
45	272
45	273
45	276
45	278
45	280
45	282
45	284
45	287
45	288
45	291
45	293
45	295
45	297
45	299
45	302
45	304
45	306
45	308
45	311
45	313
45	316
45	318
45	321
45	324
45	326
45	329
45	332
45	335
45	338
45	342
45	345
45	349
45	353
45	357
45	362
45	367
45	373
45	379
45	386
45	394
45	403
45	414
46	153
46	162
46	169
46	174
46	180
46	184
46	189
46	193
46	197
46	201
46	205
46	209
46	213
46	217
46	221
46	225
46	229
46	233
46	237
46	241
46	245
46	249
46	253
46	257
46	260
46	264
46	267
46	271
46	273
46	277
46	280
46	282
46	285
46	288
46	290
46	293
46	295
46	298
46	300
46	303
46	305
46	308
46	310
46	313
46	315
46	318
46	320
46	324
46	326
46	329
46	332
46	335
46	338
46	342
46	345
46	349
46	353
46	357
46	362
46	367
46	372
46	378
46	385
46	392
46	401
46	411
47	160
47	170
47	179
47	187
47	195
47	203
47	211
47	219
47	227
47	235
47	243
47	251
47	259
47	267
47	275
47	283
47	290
47	297
47	303
47	309
47	315
47	321
47	327
47	334
47	341
47	348
47	356
47	364
47	373
47	383
47	395
48	179
48	190
48	199
48	208
48	216
48	223
48	230
48	237
48	244
48	251
48	258
48	265
48	272
48	279
48	286
48	294
48	301
48	308
48	315
48	322
48	329
48	336
48	343
48	350
48	357
48	364
48	372
48	380
48	389
48	399
48	411
49	170
49	180
49	188
49	195
49	201
49	207
49	212
49	217
49	222
49	226
49	231
49	235
49	240
49	244
49	248
49	252
49	256
49	260
49	264
49	268
49	273
49	277
49	282
49	286
49	291
49	295
49	300
49	304
49	309
49	313
49	318
49	322
49	326
49	330
49	334
49	338
49	342
49	346
49	350
49	354
49	358
49	362
49	366
49	370
49	375
49	379
49	384
49	389
49	395
49	401
49	407
49	414
49	422
49	431
49	441
49	453
50	169
50	178
50	185
50	192
50	198
50	204
50	209
50	214
50	219
50	224
50	229
50	234
50	239
50	244
50	249
50	253
50	258
50	262
50	267
50	271
50	276
50	280
50	285
50	289
50	293
50	298
50	302
50	306
50	310
50	313
50	317
50	320
50	323
50	326
50	329
50	332
50	334
50	338
50	340
50	343
50	346
50	348
50	351
50	354
50	356
50	359
50	362
50	365
50	368
50	371
50	374
50	377
50	380
50	384
50	387
50	391
50	395
50	399
50	404
50	408
50	414
50	419
50	425
50	431
50	438
50	446
50	455
50	465
50	476
51	187
51	198
51	209
51	219
51	229
51	239
51	249
51	259
51	269
51	279
51	289
51	298
51	306
51	313
51	319
51	324
51	329
51	333
51	337
51	341
51	345
51	349
51	353
51	357
51	361
51	365
51	369
51	374
51	378
51	383
51	388
51	393
51	398
51	404
51	410
51	416
51	423
51	430
51	437
51	445
51	454
51	464
52	191
52	202
52	212
52	221
52	230
52	239
52	248
52	257
52	266
52	276
52	287
52	299
52	330
52	343
52	354
52	364
52	374
52	383
52	392
52	401
52	410
52	419
52	427
52	436
52	445
52	455
52	466
53	171
53	181
53	190
53	198
53	204
53	210
53	216
53	222
53	227
53	232
53	237
53	242
53	247
53	252
53	257
53	262
53	267
53	273
53	279
53	285
53	291
53	298
53	305
53	313
53	321
53	330
53	339
53	349
53	359
53	368
53	377
53	385
53	393
53	400
53	407
53	415
53	422
53	429
53	437
53	445
53	453
53	462
53	472
53	485
54	160
54	169
54	176
54	182
54	187
54	192
54	196
54	201
54	204
54	208
54	211
54	215
54	218
54	221
54	224
54	227
54	230
54	233
54	236
54	239
54	242
54	245
54	248
54	251
54	254
54	257
54	260
54	263
54	266
54	269
54	273
54	276
54	279
54	283
54	286
54	290
54	294
54	298
54	302
54	306
54	310
54	315
54	319
54	324
54	329
54	334
54	340
54	346
54	352
54	358
54	365
54	372
54	379
54	386
54	393
54	400
54	407
54	415
54	423
54	431
54	439
54	448
54	457
54	467
55	153
55	161
55	168
55	173
55	178
55	182
55	185
55	189
55	192
55	195
55	199
55	201
55	204
55	207
55	210
55	213
55	215
55	219
55	221
55	224
55	227
55	230
55	232
55	236
55	238
55	241
55	244
55	247
55	250
55	253
55	256
55	259
55	262
55	265
55	268
55	272
55	275
55	278
55	282
55	285
55	289
55	293
55	297
55	301
55	305
55	309
55	313
55	317
55	321
55	326
55	330
55	335
55	339
55	344
55	349
55	354
55	359
55	365
55	371
55	377
55	384
55	391
55	398
55	405
55	412
55	419
55	427
55	435
55	444
55	454
56	150
56	159
56	165
56	171
56	176
56	182
56	187
56	192
56	197
56	202
56	208
56	214
56	220
56	226
56	233
56	240
56	248
56	256
56	265
56	274
56	283
56	293
56	303
56	313
56	323
56	333
56	343
56	354
56	366
57	150
57	160
57	168
57	176
57	183
57	190
57	197
57	205
57	213
57	221
57	229
57	237
57	245
57	253
57	261
57	269
57	278
57	287
57	296
57	306
57	317
58	157
58	167
58	175
58	183
58	190
58	197
58	203
58	209
58	215
58	221
58	226
58	232
58	237
58	242
58	247
58	252
58	257
58	262
58	267
58	272
58	277
58	282
58	287
58	293
58	298
58	304
58	310
58	316
58	323
58	330
58	338
58	346
58	355
58	365
58	377
59	157
59	166
59	173
59	179
59	184
59	189
59	193
59	198
59	201
59	205
59	209
59	212
59	215
59	219
59	222
59	224
59	228
59	231
59	233
59	236
59	239
59	242
59	244
59	247
59	250
59	252
59	255
59	257
59	260
59	262
59	265
59	267
59	270
59	272
59	275
59	277
59	280
59	283
59	285
59	288
59	291
59	294
59	296
59	299
59	302
59	305
59	308
59	311
59	314
59	317
59	321
59	324
59	328
59	331
59	335
59	339
59	343
59	348
59	352
59	357
59	363
59	369
59	376
59	383
59	391
59	400
59	411
60	152
60	161
60	167
60	172
60	176
60	181
60	183
60	187
60	190
60	192
60	195
60	198
60	200
60	202
60	204
60	207
60	209
60	211
60	212
60	215
60	217
60	219
60	221
60	222
60	224
60	226
60	228
60	230
60	231
60	233
60	234
60	236
60	238
60	240
60	241
60	242
60	244
60	246
60	247
60	249
60	250
60	252
60	253
60	255
60	256
60	258
60	259
60	261
60	262
60	264
60	265
60	267
60	268
60	270
60	271
60	273
60	274
60	276
60	277
60	279
60	280
60	282
60	283
60	285
60	286
60	288
60	289
60	291
60	293
60	294
60	296
60	297
60	299
60	301
60	302
60	304
60	306
60	307
60	309
60	311
60	313
60	314
60	316
60	318
60	320
60	322
60	324
60	326
60	328
60	330
60	332
60	335
60	336
60	339
60	341
60	344
60	346
60	349
60	351
60	355
60	357
60	360
60	364
60	367
60	370
60	375
60	378
60	383
60	387
60	392
60	397
60	403
60	409
60	416
60	424
60	434
61	152
61	161
61	166
61	171
61	173
61	178
61	181
61	183
61	186
61	189
61	192
61	193
61	196
61	199
61	201
61	202
61	205
61	207
61	209
61	211
61	213
61	215
61	217
61	219
61	221
61	222
61	224
61	226
61	228
61	230
61	231
61	233
61	235
61	236
61	238
61	240
61	242
61	243
61	245
61	246
61	248
61	250
61	251
61	253
61	254
61	256
61	258
61	259
61	261
61	262
61	264
61	265
61	267
61	269
61	270
61	272
61	273
61	275
61	276
61	278
61	280
61	281
61	283
61	284
61	286
61	287
61	289
61	291
61	292
61	294
61	295
61	297
61	299
61	300
61	302
61	304
61	305
61	307
61	309
61	310
61	313
61	314
61	316
61	318
61	320
61	322
61	324
61	326
61	328
61	330
61	333
61	335
61	337
61	340
61	342
61	345
61	348
61	350
61	354
61	357
61	360
61	364
61	367
61	371
61	375
61	379
61	384
61	389
61	395
61	401
61	408
61	416
61	425
61	436
62	158
62	167
62	174
62	181
62	187
62	193
62	199
62	205
62	211
62	218
62	225
62	233
62	241
62	249
62	258
62	267
62	276
62	285
62	294
62	304
62	314
62	324
62	335
62	348
63	370
63	382
63	395
64	241
64	254
64	266
64	277
64	288
64	299
64	309
64	319
64	328
64	336
64	344
64	352
64	359
64	366
64	373
64	380
64	387
64	394
64	401
64	408
64	416
64	424
64	433
64	442
64	453
65	177
65	187
65	196
65	204
65	211
65	218
65	224
65	230
65	236
65	242
65	248
65	254
65	260
65	265
65	271
65	276
65	282
65	287
65	292
65	297
65	302
65	307
65	312
65	317
65	321
65	326
65	330
65	334
65	338
65	342
65	346
65	350
65	354
65	358
65	362
65	365
65	369
65	372
65	376
65	379
65	383
65	386
65	390
65	393
65	397
65	400
65	404
65	408
65	412
65	416
65	420
65	425
65	430
65	435
65	441
65	447
65	454
65	462
65	472
66	163
66	172
66	180
66	185
66	191
66	195
66	200
66	204
66	208
66	212
66	216
66	220
66	223
66	227
66	230
66	233
66	237
66	240
66	243
66	246
66	249
66	252
66	255
66	258
66	261
66	264
66	267
66	270
66	273
66	276
66	279
66	282
66	285
66	288
66	291
66	293
66	296
66	299
66	301
66	304
66	307
66	309
66	312
66	314
66	317
66	319
66	322
66	324
66	327
66	329
66	331
66	334
66	336
66	338
66	341
66	342
66	345
66	347
66	349
66	351
66	353
66	355
66	357
66	359
66	361
66	363
66	365
66	367
66	369
66	371
66	373
66	375
66	377
66	379
66	381
66	383
66	385
66	387
66	389
66	391
66	393
66	395
66	397
66	399
66	401
66	403
66	405
66	407
66	409
66	412
66	414
66	416
66	419
66	421
66	424
66	427
66	429
66	433
66	436
66	439
66	443
66	447
66	451
66	456
66	461
66	467
66	474
66	482
66	492
67	160
67	169
67	175
67	181
67	186
67	191
67	195
67	199
67	203
67	207
67	211
67	214
67	218
67	221
67	225
67	228
67	232
67	235
67	239
67	242
67	245
67	249
67	252
67	255
67	259
67	261
67	265
67	268
67	271
67	274
67	277
67	280
67	283
67	286
67	289
67	291
67	294
67	297
67	299
67	302
67	304
67	307
67	309
67	312
67	314
67	316
67	319
67	321
67	323
67	325
67	328
67	330
67	332
67	334
67	336
67	338
67	340
67	342
67	344
67	346
67	348
67	350
67	352
67	353
67	355
67	357
67	359
67	361
67	362
67	364
67	366
67	368
67	369
67	371
67	373
67	375
67	376
67	378
67	380
67	382
67	383
67	385
67	387
67	389
67	390
67	392
67	394
67	396
67	397
67	399
67	401
67	403
67	405
67	407
67	408
67	411
67	413
67	415
67	417
67	419
67	422
67	424
67	426
67	429
67	431
67	435
67	437
67	440
67	444
67	447
67	451
67	455
67	459
67	464
67	469
67	475
67	482
67	490
67	503
68	178
68	189
68	200
68	211
68	224
68	279
68	290
68	300
68	309
68	317
68	324
68	331
68	337
68	343
68	349
68	354
68	360
68	365
68	370
68	376
68	381
68	387
68	393
68	399
68	406
68	413
68	421
68	429
68	438
68	449
71	220
71	232
71	243
71	254
71	265
71	277
71	290
72	177
72	187
72	195
72	202
72	209
72	215
72	221
72	227
72	233
72	239
72	245
72	250
72	256
72	261
72	267
72	272
72	278
72	284
72	290
72	296
72	302
72	308
72	314
72	320
72	326
72	332
72	338
72	344
72	350
72	356
72	363
72	369
72	376
72	383
72	390
72	397
72	404
72	411
72	419
72	428
72	438
72	450
73	169
73	178
73	185
73	192
73	198
73	203
73	208
73	213
73	218
73	222
73	227
73	231
73	235
73	239
73	243
73	247
73	251
73	255
73	259
73	263
73	267
73	271
73	275
73	279
73	283
73	287
73	291
73	295
73	299
73	303
73	307
73	311
73	315
73	319
73	323
73	327
73	331
73	335
73	339
73	343
73	347
73	352
73	356
73	361
73	365
73	370
73	374
73	379
73	383
73	388
73	392
73	397
73	401
73	406
73	411
73	416
73	422
73	428
73	435
73	442
73	450
73	459
73	470
74	178
74	188
74	197
74	205
74	213
74	220
74	227
74	234
74	241
74	248
74	255
74	262
74	269
74	276
74	283
74	290
74	297
74	304
74	311
74	318
74	325
74	332
74	339
74	346
74	353
74	360
74	367
74	374
74	381
74	388
74	395
74	402
74	410
74	418
74	427
74	437
-1	-1
