-1	-1
4	228
4	243
5	200
5	211
5	221
5	231
5	240
5	250
5	260
5	270
5	280
5	293
6	197
6	208
6	217
6	226
6	235
6	243
6	251
6	259
6	267
6	275
6	284
6	293
6	303
7	207
7	218
7	228
7	237
7	246
7	255
7	263
7	271
7	279
7	287
7	295
7	304
7	314
7	325
8	220
8	231
8	241
8	251
8	260
8	269
8	278
8	287
8	296
8	305
8	315
8	325
8	336
9	191
9	202
9	212
9	221
9	230
9	239
9	248
9	257
9	266
9	275
9	284
9	293
9	302
9	312
9	322
9	332
9	343
10	191
10	201
10	210
10	218
10	225
10	232
10	239
10	246
10	254
10	262
10	270
10	279
10	288
10	297
10	306
10	315
10	324
10	333
10	342
10	351
10	361
11	179
11	188
11	195
11	201
11	207
11	213
11	218
11	224
11	229
11	235
11	240
11	246
11	252
11	258
11	265
11	272
11	279
11	286
11	293
11	300
11	308
11	316
11	324
11	332
11	340
11	348
11	357
11	367
12	177
12	185
12	192
12	198
12	204
12	209
12	214
12	219
12	224
12	229
12	234
12	239
12	244
12	249
12	255
12	260
12	266
12	272
12	278
12	285
12	292
12	299
12	306
12	313
12	320
12	327
12	334
12	342
12	350
12	359
12	369
13	179
13	189
13	197
13	204
13	211
13	218
13	225
13	232
13	239
13	246
13	253
13	260
13	267
13	275
13	283
13	291
13	299
13	308
13	317
13	326
13	335
13	345
13	356
24	196
24	207
24	218
24	229
25	178
25	188
25	196
25	203
25	210
25	217
25	224
25	231
25	239
25	247
25	256
25	266
25	277
26	167
26	176
26	183
26	190
26	195
26	200
26	205
26	210
26	214
26	219
26	224
26	229
26	234
26	239
26	245
26	251
26	257
26	264
26	271
26	279
26	288
26	298
27	167
27	175
27	182
27	188
27	193
27	198
27	202
27	206
27	211
27	215
27	219
27	223
27	227
27	232
27	236
27	241
27	246
27	251
27	257
27	263
27	269
27	276
27	283
27	291
27	300
27	310
27	321
27	333
28	177
28	185
28	192
28	199
28	205
28	211
28	217
28	222
28	228
28	233
28	238
28	243
28	249
28	255
28	261
28	267
28	274
28	281
28	288
28	296
28	305
28	314
28	324
28	334
28	345
29	206
29	217
29	226
29	234
29	242
29	250
29	258
29	266
29	274
29	283
29	292
29	302
29	313
29	325
39	201
39	213
39	224
39	235
39	247
40	179
40	190
40	200
40	209
40	218
40	227
40	236
40	246
40	256
40	267
41	170
41	180
41	189
41	197
41	204
41	211
41	218
41	225
41	232
41	239
41	247
41	255
41	264
41	274
41	284
42	166
42	175
42	183
42	190
42	196
42	202
42	207
42	212
42	217
42	222
42	227
42	232
42	237
42	243
42	248
42	254
42	261
42	268
42	276
42	284
42	293
42	303
43	163
43	172
43	180
43	186
43	192
43	197
43	202
43	206
43	211
43	214
43	219
43	222
43	227
43	230
43	235
43	239
43	244
43	248
43	253
43	258
43	264
43	270
43	276
43	283
43	291
43	300
43	310
44	167
44	176
44	183
44	189
44	194
44	199
44	203
44	208
44	212
44	217
44	221
44	226
44	230
44	235
44	240
44	245
44	250
44	256
44	262
44	268
44	275
44	282
44	290
44	299
44	309
45	172
45	182
45	190
45	197
45	204
45	211
45	217
45	223
45	229
45	235
45	241
45	247
45	253
45	259
45	266
45	273
45	280
45	288
45	297
45	307
46	182
46	192
46	201
46	209
46	216
46	222
46	228
46	233
46	239
46	244
46	249
46	254
46	259
46	264
46	269
46	274
46	279
46	285
46	291
46	297
46	304
46	312
46	321
46	331
47	187
47	197
47	204
47	211
47	216
47	221
47	225
47	230
47	233
47	237
47	241
47	243
47	247
47	250
47	253
47	256
47	259
47	262
47	265
47	268
47	271
47	275
47	278
47	281
47	285
47	288
47	292
47	296
47	300
47	305
47	309
47	315
47	320
47	326
47	333
47	341
47	350
47	363
48	186
48	195
48	202
48	208
48	213
48	218
48	222
48	226
48	230
48	233
48	237
48	240
48	243
48	246
48	249
48	252
48	254
48	257
48	260
48	262
48	265
48	267
48	270
48	273
48	275
48	278
48	281
48	283
48	286
48	289
48	292
48	295
48	298
48	302
48	305
48	309
48	313
48	317
48	321
48	326
48	331
48	337
48	343
48	350
48	358
48	368
49	189
49	199
49	208
49	216
49	224
49	231
49	238
49	245
49	251
49	257
49	262
49	267
49	271
49	275
49	279
49	283
49	287
49	291
49	295
49	299
49	303
49	307
49	312
49	316
49	321
49	326
49	332
49	338
49	345
49	353
49	362
49	374
50	216
50	228
50	239
50	250
50	260
50	269
50	276
50	282
50	288
50	293
50	298
50	303
50	308
50	313
50	318
50	324
50	329
50	335
50	342
50	349
50	357
50	366
51	202
51	213
51	223
51	232
51	240
51	248
51	256
51	264
51	272
51	280
51	286
51	292
51	297
51	302
51	306
51	311
51	315
51	320
51	325
51	330
51	335
51	341
51	347
51	354
51	361
51	369
51	379
52	189
52	199
52	208
52	216
52	223
52	229
52	235
52	240
52	245
52	250
52	255
52	260
52	265
52	270
52	275
52	280
52	286
52	291
52	296
52	301
52	304
52	309
52	312
52	317
52	320
52	325
52	328
52	333
52	337
52	342
52	347
52	352
52	358
52	364
52	371
52	379
52	388
52	398
52	409
52	422
53	182
53	192
53	201
53	209
53	215
53	221
53	227
53	232
53	237
53	242
53	247
53	251
53	256
53	260
53	264
53	269
53	273
53	278
53	282
53	287
53	292
53	297
53	301
53	306
53	310
53	314
53	318
53	322
53	326
53	330
53	334
53	338
53	343
53	347
53	352
53	357
53	362
53	368
53	375
53	382
53	390
53	399
53	408
53	418
53	429
54	179
54	189
54	197
54	205
54	213
54	221
54	229
54	237
54	245
54	253
54	261
54	268
54	274
54	280
54	286
54	292
54	298
54	304
54	310
54	316
54	322
54	327
54	332
54	337
54	342
54	347
54	352
54	358
54	364
54	370
54	377
54	385
54	393
54	402
54	412
54	423
55	176
55	186
55	195
55	203
55	211
55	219
55	228
55	237
55	246
55	256
55	266
55	275
55	283
55	291
55	298
55	305
55	312
55	319
55	326
55	333
55	340
55	346
55	352
55	358
55	364
55	371
55	378
55	386
55	394
55	403
55	413
55	424
56	170
56	179
56	187
56	194
56	201
56	208
56	214
56	221
56	227
56	233
56	240
56	246
56	253
56	260
56	267
56	275
56	282
56	289
56	295
56	301
56	307
56	313
56	319
56	325
56	331
56	337
56	343
56	349
56	355
56	361
56	367
56	373
56	379
56	386
56	393
56	401
56	409
56	418
56	428
57	167
57	175
57	182
57	187
57	192
57	197
57	202
57	206
57	211
57	215
57	219
57	223
57	227
57	231
57	235
57	239
57	243
57	247
57	251
57	255
57	259
57	263
57	267
57	271
57	276
57	280
57	285
57	290
57	295
57	300
57	305
57	310
57	315
57	320
57	325
57	330
57	335
57	340
57	345
57	351
57	356
57	362
57	368
57	374
57	381
57	388
57	395
57	403
57	411
57	420
57	430
58	163
58	172
58	179
58	184
58	189
58	193
58	197
58	201
58	204
58	208
58	211
58	214
58	217
58	220
58	222
58	225
58	228
58	230
58	233
58	235
58	238
58	240
58	243
58	245
58	247
58	250
58	252
58	254
58	257
58	259
58	261
58	264
58	266
58	269
58	271
58	274
58	276
58	279
58	282
58	285
58	288
58	291
58	295
58	297
58	301
58	305
58	308
58	312
58	316
58	320
58	324
58	328
58	332
58	336
58	340
58	344
58	348
58	353
58	357
58	362
58	366
58	371
58	376
58	381
58	387
58	393
58	400
58	407
58	415
58	424
58	434
59	167
59	175
59	182
59	187
59	192
59	195
59	200
59	202
59	206
59	209
59	212
59	213
59	217
59	219
59	222
59	223
59	226
59	228
59	231
59	232
59	234
59	237
59	238
59	241
59	242
59	244
59	246
59	248
59	250
59	252
59	253
59	255
59	257
59	259
59	261
59	262
59	264
59	266
59	268
59	269
59	271
59	273
59	275
59	277
59	278
59	280
59	283
59	284
59	286
59	288
59	290
59	293
59	295
59	297
59	299
59	302
59	305
59	307
59	309
59	313
59	315
59	318
59	321
59	324
59	327
59	330
59	334
59	337
59	340
59	344
59	347
59	351
59	355
59	358
59	362
59	366
59	370
59	374
59	378
59	383
59	388
59	393
59	399
59	406
59	413
59	422
59	433
60	171
60	180
60	186
60	192
60	195
60	200
60	203
60	207
60	211
60	214
60	218
60	221
60	225
60	228
60	232
60	235
60	239
60	242
60	246
60	249
60	253
60	256
60	260
60	262
60	266
60	269
60	272
60	274
60	277
60	280
60	282
60	285
60	288
60	290
60	293
60	296
60	298
60	301
60	304
60	307
60	309
60	313
60	316
60	319
60	323
60	326
60	330
60	334
60	337
60	341
60	345
60	349
60	353
60	357
60	361
60	365
60	369
60	374
60	378
60	383
60	388
60	394
60	400
60	407
60	415
60	425
61	177
61	185
61	192
61	198
61	204
61	211
61	218
61	225
61	233
61	241
61	250
61	260
61	269
61	277
61	283
61	288
61	292
61	296
61	300
61	303
61	307
61	311
61	314
61	318
61	321
61	325
61	329
61	333
61	337
61	341
61	345
61	349
61	354
61	358
61	363
61	368
61	374
61	380
61	386
61	393
61	401
61	410
62	182
62	193
62	203
62	213
62	223
62	234
62	245
62	257
62	271
62	282
62	290
62	296
62	302
62	305
62	310
62	313
62	317
62	321
62	324
62	328
62	331
62	335
62	338
62	342
62	345
62	349
62	353
62	357
62	361
62	366
62	370
62	375
62	380
62	386
62	392
62	399
62	407
62	416
63	196
63	207
63	217
63	226
63	234
63	242
63	250
63	258
63	266
63	274
63	282
63	291
63	299
63	305
63	311
63	315
63	320
63	323
63	328
63	331
63	335
63	338
63	342
63	345
63	349
63	352
63	356
63	359
63	363
63	366
63	370
63	374
63	378
63	382
63	387
63	392
63	397
63	403
63	409
63	416
63	425
63	436
64	187
64	197
64	205
64	212
64	218
64	223
64	228
64	233
64	237
64	242
64	245
64	250
64	253
64	257
64	261
64	265
64	269
64	273
64	277
64	281
64	286
64	290
64	295
64	300
64	306
64	312
64	318
64	323
64	329
64	333
64	338
64	342
64	346
64	350
64	353
64	357
64	361
64	364
64	368
64	371
64	375
64	378
64	383
64	386
64	391
64	396
64	401
64	407
64	413
64	420
64	428
64	438
65	180
65	189
65	196
65	202
65	207
65	212
65	215
65	220
65	222
65	226
65	229
65	232
65	234
65	238
65	240
65	242
65	245
65	247
65	250
65	252
65	254
65	257
65	259
65	261
65	263
65	266
65	268
65	270
65	273
65	275
65	277
65	280
65	282
65	285
65	287
65	290
65	292
65	295
65	298
65	300
65	304
65	307
65	310
65	314
65	317
65	321
65	325
65	329
65	334
65	338
65	343
65	347
65	352
65	356
65	360
65	364
65	368
65	372
65	376
65	380
65	385
65	389
65	395
65	400
65	406
65	413
65	421
65	430
66	180
66	189
66	195
66	201
66	205
66	210
66	213
66	218
66	221
66	224
66	228
66	231
66	234
66	237
66	240
66	243
66	245
66	248
66	251
66	253
66	256
66	258
66	261
66	263
66	265
66	268
66	270
66	272
66	274
66	277
66	278
66	281
66	283
66	285
66	287
66	290
66	291
66	294
66	296
66	298
66	301
66	303
66	306
66	308
66	311
66	314
66	316
66	319
66	322
66	325
66	328
66	332
66	335
66	339
66	343
66	347
66	352
66	357
66	362
66	367
66	373
66	379
66	386
66	394
66	404
67	188
67	198
67	208
67	218
67	228
67	239
67	250
67	260
67	268
67	274
67	280
67	284
67	289
67	293
67	297
67	301
67	304
67	308
67	311
67	315
67	318
67	322
67	325
67	329
67	332
67	336
67	340
67	344
67	348
67	353
67	357
67	362
67	367
67	373
67	379
67	386
67	394
67	403
67	414
68	289
68	298
68	305
68	311
68	316
68	321
68	325
68	329
68	333
68	337
68	341
68	345
68	349
68	353
68	357
68	361
68	365
68	369
68	374
68	378
68	384
68	389
68	395
68	402
68	409
68	418
69	311
69	321
69	329
69	335
69	341
69	345
69	350
69	354
69	359
69	363
69	367
69	372
69	376
69	381
69	386
69	391
69	397
69	403
69	410
69	418
69	428
70	202
70	213
70	223
70	233
70	242
70	251
70	261
70	271
70	283
70	337
70	347
70	355
70	362
70	369
70	375
70	382
70	389
70	397
70	406
70	417
71	190
71	200
71	208
71	215
71	221
71	227
71	232
71	237
71	242
71	247
71	252
71	257
71	262
71	267
71	272
71	277
71	283
71	289
71	295
71	302
71	310
71	319
71	329
72	182
72	191
72	198
72	203
72	208
72	212
72	216
72	220
72	223
72	227
72	230
72	233
72	236
72	240
72	242
72	245
72	248
72	251
72	254
72	257
72	260
72	263
72	266
72	269
72	272
72	275
72	278
72	281
72	284
72	287
72	290
72	294
72	297
72	301
72	305
72	309
72	313
72	318
72	323
72	328
72	334
72	340
72	347
72	355
72	365
72	376
73	181
73	190
73	196
73	202
73	206
73	211
73	214
73	219
73	222
73	225
73	229
73	232
73	235
73	238
73	241
73	244
73	247
73	250
73	253
73	256
73	259
73	262
73	264
73	268
73	270
73	273
73	276
73	279
73	282
73	285
73	288
73	291
73	294
73	297
73	300
73	303
73	306
73	309
73	313
73	316
73	320
73	324
73	328
73	332
73	337
73	341
73	346
73	351
73	357
73	363
73	370
73	377
73	384
73	392
73	400
73	409
73	419
74	193
74	203
74	212
74	221
74	230
74	239
74	248
74	257
74	266
74	274
74	282
74	289
74	296
74	303
74	309
74	315
74	321
74	327
74	333
74	339
74	345
74	351
74	357
74	364
74	371
74	378
74	385
74	392
74	399
74	407
74	415
74	424
74	434
74	446
75	357
75	368
75	379
75	391
-1	-1
