-1	-1
0	262
0	273
0	283
0	293
0	303
0	313
0	324
1	276
1	287
1	298
1	309
2	271
2	282
2	293
2	303
2	314
2	326
3	280
3	292
3	303
3	314
3	325
7	297
7	311
8	270
8	281
8	291
8	301
8	311
8	321
8	332
8	345
9	272
9	283
9	293
9	302
9	311
9	320
9	329
9	339
9	349
9	360
10	278
10	289
10	300
10	311
10	322
10	333
10	345
11	259
11	270
11	279
11	288
11	296
11	304
11	312
11	321
11	330
11	339
11	348
11	357
11	366
11	375
11	385
11	395
11	405
11	416
11	428
12	252
12	262
12	270
12	277
12	284
12	291
12	297
12	303
12	309
12	315
12	321
12	328
12	334
12	341
12	348
12	355
12	362
12	369
12	376
12	384
12	392
12	400
12	409
12	419
12	429
12	444
13	258
13	268
13	277
13	285
13	292
13	299
13	306
13	313
13	320
13	326
13	333
13	339
13	346
13	353
13	360
13	367
13	374
13	382
13	390
13	399
13	409
13	421
14	291
14	302
14	312
14	322
14	331
14	340
14	348
14	357
14	366
14	375
14	385
14	396
17	272
17	283
17	294
17	304
17	314
17	325
17	336
18	276
18	287
18	297
18	307
18	317
18	326
18	336
18	346
18	356
18	366
18	377
18	389
19	299
19	311
19	322
19	332
19	342
19	351
19	360
19	369
19	378
19	387
19	396
19	406
19	416
20	309
20	320
20	330
20	339
20	348
20	356
20	363
20	370
20	377
20	384
20	391
20	398
20	405
20	412
20	420
20	428
20	437
20	447
20	458
21	316
21	327
21	337
21	346
21	354
21	361
21	368
21	375
21	381
21	387
21	393
21	399
21	405
21	411
21	417
21	424
21	431
21	438
21	446
21	454
21	463
21	473
21	484
22	348
22	360
22	371
22	381
22	391
22	400
22	409
22	417
22	425
22	433
22	442
22	451
22	461
22	472
27	279
27	291
27	302
27	313
27	324
27	335
27	346
27	357
27	368
27	379
27	390
27	403
28	257
28	267
28	276
28	284
28	292
28	300
28	308
28	316
28	324
28	332
28	339
28	347
28	355
28	363
28	371
28	379
28	387
28	395
28	403
28	412
28	421
28	431
28	441
28	452
29	243
29	252
29	260
29	267
29	273
29	279
29	284
29	290
29	295
29	300
29	305
29	310
29	315
29	320
29	324
29	329
29	333
29	338
29	342
29	347
29	351
29	356
29	360
29	365
29	369
29	374
29	379
29	384
29	389
29	394
29	399
29	404
29	409
29	415
29	420
29	426
29	432
29	438
29	445
29	452
29	459
29	467
29	475
29	484
29	494
30	238
30	247
30	253
30	259
30	263
30	268
30	272
30	276
30	280
30	283
30	287
30	290
30	294
30	297
30	301
30	304
30	307
30	311
30	313
30	317
30	320
30	323
30	326
30	329
30	332
30	335
30	338
30	341
30	344
30	347
30	350
30	353
30	356
30	359
30	362
30	365
30	368
30	371
30	374
30	377
30	380
30	383
30	386
30	389
30	392
30	395
30	398
30	401
30	404
30	407
30	410
30	414
30	416
30	420
30	423
30	427
30	430
30	434
30	438
30	442
30	446
30	450
30	455
30	459
30	464
30	469
30	475
30	481
30	487
30	494
30	502
30	511
31	238
31	247
31	253
31	259
31	263
31	268
31	272
31	275
31	279
31	282
31	285
31	289
31	291
31	295
31	297
31	301
31	303
31	307
31	309
31	312
31	315
31	318
31	321
31	324
31	327
31	330
31	333
31	336
31	339
31	341
31	344
31	347
31	350
31	352
31	355
31	358
31	360
31	363
31	366
31	368
31	371
31	374
31	376
31	379
31	381
31	384
31	386
31	389
31	391
31	394
31	397
31	399
31	402
31	405
31	407
31	410
31	413
31	416
31	419
31	422
31	425
31	428
31	431
31	435
31	438
31	442
31	445
31	449
31	453
31	457
31	461
31	466
31	471
31	476
31	482
31	488
31	495
31	503
31	513
32	246
32	255
32	262
32	269
32	274
32	280
32	284
32	289
32	293
32	298
32	302
32	306
32	310
32	314
32	318
32	322
32	326
32	330
32	334
32	338
32	342
32	346
32	350
32	354
32	358
32	362
32	366
32	370
32	374
32	378
32	382
32	386
32	390
32	395
32	399
32	404
32	408
32	413
32	417
32	422
32	427
32	432
32	437
32	443
32	449
32	455
32	462
32	470
32	479
32	489
33	261
33	272
33	281
33	290
33	298
33	306
33	314
33	321
33	328
33	335
33	342
33	349
33	356
33	363
33	370
33	377
33	384
33	391
33	398
33	406
33	414
33	422
33	431
33	441
33	452
34	279
34	291
34	302
34	312
34	322
34	332
34	342
34	352
34	362
34	372
34	383
34	394
34	406
44	272
44	284
44	296
44	308
45	250
45	260
45	270
45	279
45	288
45	297
45	307
45	317
45	328
45	339
46	243
46	252
46	260
46	267
46	274
46	281
46	288
46	295
46	302
46	310
46	318
46	326
46	335
46	344
46	354
46	365
46	377
47	243
47	252
47	259
47	265
47	271
47	276
47	282
47	287
47	292
47	297
47	303
47	308
47	314
47	320
47	326
47	332
47	339
47	346
47	353
47	361
47	369
47	378
47	388
47	400
48	247
48	254
48	261
48	266
48	271
48	275
48	280
48	283
48	288
48	291
48	295
48	299
48	303
48	307
48	311
48	315
48	319
48	323
48	327
48	332
48	336
48	341
48	346
48	351
48	357
48	363
48	369
48	376
48	383
48	391
48	400
48	410
48	421
49	248
49	256
49	262
49	267
49	272
49	275
49	280
49	282
49	286
49	289
49	292
49	295
49	298
49	301
49	304
49	307
49	310
49	312
49	316
49	318
49	321
49	324
49	327
49	330
49	333
49	336
49	339
49	342
49	346
49	349
49	353
49	356
49	360
49	364
49	368
49	373
49	377
49	383
49	388
49	394
49	400
49	407
49	415
49	423
49	432
49	442
49	455
50	251
50	260
50	267
50	272
50	277
50	282
50	284
50	289
50	292
50	294
50	298
50	301
50	303
50	306
50	309
50	311
50	313
50	316
50	318
50	321
50	323
50	325
50	328
50	330
50	332
50	335
50	337
50	339
50	342
50	344
50	346
50	349
50	351
50	354
50	356
50	359
50	362
50	365
50	367
50	371
50	374
50	377
50	381
50	384
50	388
50	392
50	396
50	400
50	405
50	410
50	416
50	422
50	428
50	435
50	443
50	452
50	462
50	474
51	258
51	268
51	277
51	284
51	290
51	295
51	300
51	303
51	308
51	311
51	314
51	318
51	321
51	324
51	327
51	330
51	333
51	336
51	339
51	342
51	345
51	348
51	351
51	354
51	357
51	360
51	364
51	366
51	370
51	373
51	377
51	380
51	384
51	388
51	392
51	396
51	400
51	405
51	409
51	415
51	420
51	426
51	432
51	439
51	446
51	454
51	463
51	473
51	484
52	261
52	271
52	280
52	288
52	296
52	303
52	310
52	317
52	323
52	329
52	335
52	341
52	346
52	352
52	357
52	362
52	367
52	372
52	376
52	381
52	385
52	390
52	394
52	399
52	403
52	408
52	412
52	417
52	422
52	427
52	432
52	437
52	443
52	449
52	455
52	462
52	469
52	477
52	485
52	494
52	504
52	516
53	259
53	270
53	279
53	288
53	296
53	303
53	310
53	316
53	322
53	327
53	332
53	336
53	341
53	344
53	349
53	352
53	356
53	359
53	362
53	365
53	369
53	371
53	374
53	377
53	380
53	382
53	385
53	388
53	390
53	393
53	396
53	398
53	401
53	404
53	406
53	409
53	412
53	415
53	417
53	421
53	423
53	427
53	429
53	433
53	436
53	439
53	443
53	446
53	450
53	454
53	458
53	462
53	466
53	471
53	475
53	480
53	485
53	490
53	496
53	502
53	509
53	517
53	526
53	536
54	257
54	267
54	276
54	284
54	292
54	300
54	307
54	314
54	321
54	327
54	333
54	338
54	343
54	347
54	351
54	355
54	359
54	362
54	365
54	369
54	371
54	374
54	377
54	380
54	382
54	385
54	387
54	390
54	392
54	395
54	397
54	400
54	402
54	405
54	407
54	410
54	412
54	415
54	417
54	420
54	423
54	425
54	428
54	431
54	433
54	436
54	439
54	442
54	445
54	448
54	451
54	454
54	457
54	460
54	464
54	467
54	470
54	474
54	477
54	481
54	485
54	489
54	493
54	497
54	502
54	506
54	511
54	516
54	522
54	528
54	535
54	543
54	552
54	563
55	259
55	269
55	277
55	284
55	291
55	297
55	303
55	309
55	315
55	321
55	327
55	333
55	339
55	345
55	351
55	356
55	362
55	367
55	372
55	377
55	382
55	387
55	392
55	397
55	401
55	406
55	410
55	414
55	418
55	422
55	425
55	429
55	432
55	435
55	439
55	442
55	445
55	449
55	452
55	455
55	458
55	462
55	464
55	468
55	471
55	474
55	478
55	481
55	485
55	488
55	492
55	495
55	499
55	502
55	506
55	510
55	514
55	518
55	522
55	527
55	532
55	537
55	543
55	549
55	556
55	564
55	574
56	262
56	272
56	280
56	287
56	293
56	299
56	304
56	310
56	314
56	319
56	324
56	328
56	333
56	337
56	342
56	346
56	350
56	354
56	358
56	362
56	366
56	370
56	374
56	378
56	382
56	386
56	390
56	394
56	398
56	402
56	405
56	409
56	412
56	415
56	418
56	421
56	424
56	427
56	430
56	432
56	435
56	438
56	441
56	443
56	446
56	449
56	451
56	454
56	457
56	459
56	462
56	465
56	467
56	470
56	473
56	476
56	478
56	482
56	484
56	487
56	490
56	493
56	496
56	499
56	502
56	505
56	508
56	511
56	515
56	518
56	522
56	525
56	529
56	533
56	537
56	542
56	547
56	553
56	559
56	566
56	575
56	586
57	256
57	266
57	275
57	283
57	291
57	298
57	305
57	311
57	317
57	322
57	328
57	333
57	338
57	343
57	347
57	352
57	356
57	361
57	364
57	369
57	372
57	377
57	380
57	384
57	388
57	391
57	395
57	398
57	402
57	405
57	408
57	412
57	414
57	418
57	421
57	424
57	428
57	431
57	434
57	438
57	441
57	444
57	448
57	451
57	454
57	457
57	460
57	463
57	466
57	469
57	473
57	476
57	480
57	483
57	487
57	490
57	494
57	497
57	501
57	505
57	509
57	513
57	518
57	523
57	528
57	534
57	540
57	547
57	555
57	565
58	251
58	260
58	268
58	275
58	281
58	287
58	293
58	299
58	305
58	311
58	317
58	324
58	331
58	338
58	345
58	353
58	361
58	369
58	377
58	384
58	391
58	398
58	405
58	412
58	419
58	426
58	433
58	439
58	445
58	451
58	457
58	463
58	469
58	475
58	481
58	487
58	494
58	501
58	509
58	518
58	528
59	252
59	262
59	270
59	277
59	283
59	288
59	293
59	298
59	303
59	307
59	312
59	316
59	321
59	326
59	331
59	336
59	341
59	347
59	353
59	359
59	366
59	373
59	381
59	389
59	397
59	405
59	413
59	421
59	429
59	437
59	445
59	453
59	461
59	469
59	477
59	486
59	495
59	505
59	517
60	253
60	263
60	272
60	280
60	287
60	293
60	299
60	304
60	310
60	315
60	320
60	325
60	330
60	335
60	340
60	346
60	351
60	357
60	363
60	369
60	376
60	383
60	390
60	398
60	406
60	414
60	422
60	430
60	439
60	448
60	457
60	465
60	474
60	483
60	493
60	503
60	514
61	249
61	258
61	264
61	270
61	276
61	281
61	286
61	291
61	296
61	301
61	306
61	311
61	316
61	321
61	326
61	332
61	337
61	343
61	348
61	354
61	360
61	366
61	372
61	378
61	385
61	392
61	399
61	407
61	415
61	423
61	431
61	439
61	447
61	455
61	464
61	473
61	483
61	493
61	504
61	515
62	247
62	254
62	260
62	264
62	269
62	272
62	276
62	279
62	282
62	286
62	289
62	292
62	295
62	298
62	301
62	304
62	307
62	310
62	313
62	316
62	319
62	322
62	325
62	328
62	331
62	334
62	337
62	340
62	344
62	347
62	350
62	354
62	357
62	360
62	364
62	367
62	371
62	374
62	378
62	382
62	386
62	390
62	394
62	398
62	402
62	406
62	410
62	415
62	419
62	424
62	429
62	434
62	439
62	445
62	451
62	458
62	465
62	472
62	480
62	488
62	497
62	507
62	518
63	249
63	258
63	263
63	268
63	272
63	275
63	279
63	282
63	284
63	287
63	290
63	292
63	294
63	297
63	299
63	302
63	303
63	306
63	308
63	310
63	312
63	314
63	316
63	318
63	320
63	322
63	324
63	326
63	328
63	330
63	332
63	334
63	336
63	338
63	340
63	342
63	344
63	346
63	348
63	350
63	352
63	354
63	356
63	358
63	360
63	362
63	364
63	366
63	368
63	370
63	372
63	374
63	376
63	378
63	380
63	382
63	384
63	386
63	388
63	390
63	392
63	395
63	396
63	399
63	401
63	403
63	406
63	408
63	410
63	413
63	415
63	418
63	420
63	423
63	426
63	428
63	431
63	435
63	437
63	441
63	444
63	448
63	451
63	455
63	459
63	463
63	467
63	472
63	476
63	481
63	486
63	492
63	498
63	505
63	513
63	522
63	534
64	257
64	266
64	273
64	279
64	283
64	287
64	291
64	293
64	297
64	300
64	302
64	305
64	308
64	310
64	312
64	314
64	317
64	319
64	321
64	322
64	325
64	327
64	329
64	331
64	332
64	334
64	336
64	338
64	340
64	341
64	343
64	345
64	346
64	348
64	350
64	351
64	353
64	354
64	356
64	358
64	359
64	361
64	362
64	364
64	365
64	367
64	369
64	370
64	371
64	373
64	375
64	376
64	378
64	379
64	381
64	382
64	384
64	386
64	387
64	388
64	390
64	392
64	393
64	395
64	396
64	398
64	400
64	401
64	403
64	405
64	406
64	408
64	410
64	412
64	414
64	416
64	418
64	419
64	422
64	424
64	426
64	428
64	430
64	433
64	435
64	438
64	440
64	443
64	446
64	448
64	451
64	454
64	457
64	460
64	464
64	466
64	470
64	474
64	477
64	481
64	485
64	489
64	494
64	499
64	505
64	511
64	518
64	526
64	535
65	268
65	279
65	289
65	298
65	305
65	312
65	318
65	323
65	328
65	333
65	337
65	342
65	345
65	350
65	353
65	357
65	361
65	364
65	368
65	371
65	375
65	378
65	382
65	385
65	389
65	392
65	396
65	399
65	403
65	407
65	411
65	415
65	419
65	423
65	427
65	431
65	435
65	439
65	443
65	447
65	451
65	455
65	459
65	463
65	467
65	471
65	476
65	480
65	485
65	490
65	495
65	500
65	506
65	512
65	519
65	527
65	536
65	548
66	262
66	272
66	281
66	290
66	299
66	307
66	315
66	323
66	331
66	339
66	347
66	355
66	363
66	371
66	379
66	387
66	394
66	401
66	408
66	414
66	420
66	424
66	429
66	433
66	437
66	441
66	445
66	449
66	452
66	456
66	460
66	464
66	468
66	472
66	476
66	481
66	485
66	490
66	495
66	500
66	505
66	510
66	515
66	521
66	527
66	534
66	542
66	551
67	268
67	278
67	287
67	295
67	302
67	309
67	316
67	322
67	328
67	334
67	340
67	346
67	352
67	357
67	362
67	367
67	372
67	377
67	382
67	386
67	391
67	395
67	399
67	403
67	407
67	410
67	413
67	417
67	420
67	423
67	426
67	429
67	432
67	435
67	438
67	441
67	444
67	447
67	450
67	454
67	457
67	460
67	464
67	467
67	471
67	475
67	479
67	483
67	487
67	491
67	495
67	499
67	503
67	507
67	511
67	516
67	520
67	525
67	530
67	536
67	542
67	549
67	557
67	567
68	286
68	297
68	307
68	316
68	324
68	332
68	339
68	346
68	352
68	358
68	363
68	369
68	373
68	378
68	382
68	387
68	391
68	395
68	399
68	402
68	406
68	409
68	413
68	416
68	419
68	423
68	426
68	430
68	433
68	437
68	441
68	445
68	449
68	453
68	457
68	461
68	465
68	469
68	473
68	477
68	481
68	485
68	489
68	493
68	497
68	501
68	505
68	509
68	514
68	518
68	523
68	528
68	534
68	540
68	547
68	556
68	567
69	259
69	270
69	280
69	290
69	300
69	310
69	321
69	332
69	344
69	356
69	367
69	378
69	388
69	398
69	408
69	417
69	426
69	435
69	443
69	450
69	456
69	462
69	467
69	472
69	476
69	481
69	484
69	489
69	493
69	497
69	502
69	507
69	512
69	518
69	524
69	531
69	539
69	549
70	251
70	260
70	268
70	274
70	281
70	287
70	293
70	299
70	305
70	311
70	317
70	323
70	329
70	336
70	343
70	350
70	357
70	365
70	373
70	381
70	389
70	397
70	405
70	413
70	421
70	428
70	434
70	440
70	445
70	450
70	454
70	459
70	462
70	467
70	470
70	474
70	478
70	482
70	486
70	490
70	495
70	499
70	505
70	510
70	516
70	523
70	530
70	539
71	257
71	265
71	272
71	278
71	283
71	288
71	292
71	297
71	301
71	305
71	309
71	313
71	317
71	321
71	325
71	329
71	333
71	337
71	341
71	345
71	349
71	353
71	357
71	362
71	366
71	371
71	375
71	380
71	384
71	389
71	393
71	398
71	402
71	407
71	411
71	416
71	420
71	424
71	428
71	432
71	436
71	440
71	444
71	448
71	452
71	456
71	460
71	464
71	468
71	473
71	477
71	482
71	487
71	493
71	499
71	506
71	513
71	521
71	530
71	543
72	277
72	287
72	295
72	302
72	309
72	315
72	321
72	326
72	331
72	336
72	341
72	346
72	351
72	356
72	361
72	365
72	370
72	374
72	379
72	383
72	388
72	392
72	397
72	401
72	406
72	410
72	415
72	419
72	424
72	428
72	433
72	438
72	443
72	448
72	454
72	460
72	467
72	475
72	483
72	491
72	499
72	507
72	515
72	523
72	532
72	542
73	487
73	497
73	505
73	512
73	519
73	525
73	532
73	539
73	546
73	554
73	564
74	281
74	467
74	477
74	486
74	494
74	501
74	508
74	514
74	520
74	526
74	532
74	539
74	546
74	554
74	564
75	262
75	272
75	281
75	290
75	298
75	306
75	314
75	322
75	331
75	340
75	349
75	359
75	369
75	379
75	390
75	401
75	412
75	423
75	434
75	444
75	454
75	463
75	472
75	480
75	488
75	497
75	506
75	516
76	282
76	293
76	303
76	313
76	323
76	333
76	343
76	353
76	363
76	373
76	383
76	394
76	405
76	416
76	427
76	438
76	450
-1	-1
