-1	-1
0	208
0	222
10	181
10	192
10	202
10	212
10	222
10	232
10	242
10	252
10	262
10	274
11	170
11	180
11	188
11	195
11	202
11	209
11	215
11	221
11	227
11	233
11	239
11	245
11	252
11	259
11	266
11	274
11	282
11	291
11	302
12	167
12	175
12	182
12	188
12	193
12	198
12	203
12	207
12	212
12	216
12	221
12	225
12	229
12	234
12	238
12	243
12	247
12	252
12	256
12	261
12	266
12	271
12	277
12	283
12	289
12	296
12	304
12	313
12	324
13	168
13	176
13	182
13	188
13	193
13	198
13	202
13	206
13	210
13	214
13	218
13	221
13	225
13	228
13	232
13	235
13	239
13	242
13	246
13	249
13	253
13	256
13	260
13	264
13	268
13	272
13	276
13	281
13	286
13	291
13	297
13	303
13	310
13	317
13	326
13	336
14	177
14	186
14	193
14	200
14	205
14	211
14	216
14	221
14	226
14	230
14	235
14	239
14	244
14	248
14	253
14	257
14	262
14	267
14	272
14	277
14	283
14	289
14	295
14	302
14	309
14	317
14	326
14	336
15	192
15	203
15	213
15	223
15	233
15	243
15	253
15	264
15	276
16	172
16	183
16	193
16	202
16	211
16	220
16	230
16	241
16	252
16	265
17	162
17	171
17	179
17	186
17	193
17	199
17	205
17	211
17	217
17	224
17	231
17	238
17	245
17	253
17	261
17	269
17	278
17	288
17	299
18	162
18	171
18	179
18	185
18	191
18	196
18	201
18	206
18	211
18	216
18	221
18	226
18	231
18	236
18	241
18	246
18	252
18	257
18	263
18	269
18	275
18	281
18	288
18	295
18	303
18	312
18	322
18	334
19	168
19	177
19	184
19	191
19	197
19	203
19	209
19	215
19	221
19	227
19	232
19	238
19	243
19	249
19	254
19	259
19	264
19	269
19	274
19	279
19	285
19	290
19	296
19	302
19	308
19	315
19	322
19	330
19	338
19	347
19	357
20	187
20	198
20	208
20	217
20	226
20	234
20	242
20	249
20	256
20	263
20	269
20	275
20	281
20	287
20	293
20	299
20	305
20	311
20	317
20	323
20	330
20	337
20	344
20	352
20	361
20	371
21	251
21	262
21	272
21	281
21	290
21	298
21	306
21	314
21	322
21	330
21	339
21	348
21	358
28	191
28	202
28	212
28	222
28	232
28	242
28	252
28	262
28	272
28	283
28	294
28	307
29	173
29	183
29	192
29	200
29	207
29	214
29	221
29	228
29	235
29	242
29	249
29	256
29	263
29	270
29	277
29	284
29	291
29	299
29	307
29	315
29	324
29	333
29	343
29	355
30	168
30	177
30	183
30	189
30	194
30	199
30	204
30	208
30	213
30	217
30	221
30	225
30	229
30	233
30	237
30	241
30	245
30	249
30	253
30	257
30	261
30	265
30	269
30	273
30	277
30	281
30	285
30	289
30	294
30	298
30	303
30	308
30	313
30	318
30	323
30	328
30	334
30	340
30	346
30	353
30	361
30	370
30	380
31	167
31	175
31	182
31	187
31	192
31	196
31	200
31	203
31	207
31	210
31	213
31	216
31	219
31	222
31	225
31	228
31	231
31	233
31	237
31	239
31	242
31	245
31	248
31	250
31	254
31	256
31	259
31	262
31	265
31	268
31	271
31	274
31	277
31	280
31	283
31	286
31	289
31	292
31	295
31	298
31	301
31	305
31	308
31	312
31	315
31	319
31	323
31	327
31	331
31	335
31	339
31	344
31	348
31	354
31	359
31	365
31	372
31	380
31	389
32	168
32	177
32	184
32	190
32	195
32	200
32	204
32	208
32	212
32	215
32	219
32	222
32	225
32	228
32	231
32	234
32	237
32	240
32	243
32	246
32	249
32	252
32	255
32	258
32	261
32	264
32	267
32	270
32	273
32	276
32	279
32	283
32	286
32	289
32	293
32	296
32	300
32	304
32	308
32	312
32	316
32	320
32	325
32	329
32	334
32	339
32	345
32	351
32	357
32	364
32	372
32	382
33	177
33	187
33	195
33	202
33	209
33	215
33	221
33	227
33	233
33	239
33	244
33	250
33	255
33	261
33	266
33	272
33	278
33	284
33	290
33	296
33	303
33	310
33	317
33	325
33	333
33	342
33	353
34	187
34	198
34	208
34	217
34	226
34	235
34	244
34	253
34	263
34	273
34	283
34	294
34	306
35	202
35	214
35	227
35	241
43	189
43	201
43	212
43	224
44	180
44	191
44	201
44	211
44	221
44	231
44	242
45	171
45	181
45	190
45	199
45	208
45	217
45	226
45	235
45	245
45	256
46	168
46	177
46	184
46	191
46	198
46	204
46	211
46	218
46	225
46	232
46	239
46	247
46	256
46	265
46	275
46	287
47	168
47	177
47	185
47	192
47	199
47	205
47	211
47	217
47	223
47	229
47	235
47	242
47	249
47	256
47	264
47	272
47	281
47	291
48	163
48	172
48	179
48	185
48	191
48	196
48	201
48	206
48	210
48	215
48	219
48	224
48	228
48	233
48	237
48	242
48	247
48	252
48	257
48	263
48	269
48	276
48	283
48	291
48	300
48	310
49	166
49	173
49	180
49	184
49	190
49	193
49	198
49	201
49	204
49	208
49	211
49	214
49	217
49	220
49	223
49	226
49	229
49	232
49	235
49	238
49	241
49	244
49	247
49	250
49	254
49	257
49	260
49	264
49	268
49	272
49	276
49	281
49	286
49	291
49	297
49	303
49	310
49	318
49	327
49	337
50	172
50	181
50	188
50	193
50	198
50	202
50	205
50	209
50	212
50	214
50	218
50	220
50	222
50	225
50	228
50	230
50	232
50	235
50	237
50	240
50	242
50	244
50	247
50	249
50	252
50	254
50	257
50	259
50	262
50	265
50	267
50	270
50	274
50	276
50	280
50	283
50	287
50	290
50	295
50	298
50	304
50	308
50	314
50	320
50	327
50	334
50	342
50	352
50	365
51	181
51	191
51	199
51	205
51	211
51	216
51	221
51	225
51	230
51	233
51	238
51	241
51	245
51	249
51	253
51	257
51	261
51	265
51	269
51	273
51	278
51	282
51	287
51	292
51	297
51	303
51	309
51	316
51	323
51	331
51	340
51	350
52	188
52	199
52	209
52	218
52	226
52	233
52	240
52	246
52	252
52	257
52	262
52	267
52	272
52	277
52	282
52	287
52	292
52	297
52	303
52	309
52	315
52	322
52	329
52	337
52	346
52	356
52	367
53	189
53	200
53	210
53	219
53	226
53	232
53	238
53	243
53	248
53	252
53	256
53	260
53	263
53	267
53	270
53	273
53	277
53	280
53	283
53	287
53	290
53	293
53	297
53	300
53	304
53	307
53	311
53	315
53	319
53	323
53	327
53	332
53	337
53	342
53	347
53	353
53	359
53	366
53	373
53	381
53	390
53	399
53	409
54	177
54	188
54	198
54	207
54	216
54	224
54	232
54	239
54	245
54	251
54	255
54	260
54	263
54	267
54	271
54	273
54	277
54	280
54	282
54	286
54	288
54	291
54	294
54	297
54	300
54	303
54	306
54	309
54	312
54	315
54	318
54	322
54	325
54	328
54	332
54	335
54	339
54	343
54	347
54	351
54	355
54	359
54	364
54	368
54	374
54	379
54	385
54	391
54	398
54	405
54	413
54	422
54	433
55	172
55	182
55	191
55	199
55	206
55	213
55	220
55	227
55	233
55	239
55	245
55	251
55	257
55	262
55	268
55	272
55	277
55	282
55	286
55	291
55	295
55	300
55	304
55	308
55	312
55	316
55	320
55	324
55	327
55	331
55	334
55	338
55	341
55	345
55	348
55	352
55	356
55	359
55	364
55	367
55	372
55	376
55	381
55	386
55	391
55	397
55	404
55	411
55	419
55	429
56	178
56	188
56	197
56	204
56	211
56	218
56	224
56	230
56	235
56	240
56	245
56	250
56	255
56	260
56	265
56	270
56	275
56	280
56	285
56	290
56	294
56	299
56	302
56	306
56	310
56	313
56	316
56	320
56	322
56	326
56	328
56	332
56	334
56	337
56	340
56	343
56	346
56	349
56	352
56	355
56	358
56	361
56	365
56	368
56	371
56	375
56	378
56	383
56	386
56	391
56	396
56	401
56	407
56	413
56	420
56	428
56	438
57	170
57	180
57	189
57	197
57	205
57	213
57	221
57	228
57	235
57	242
57	249
57	255
57	261
57	267
57	273
57	279
57	284
57	289
57	293
57	298
57	301
57	305
57	308
57	312
57	314
57	318
57	321
57	324
57	327
57	330
57	333
57	336
57	339
57	342
57	346
57	349
57	352
57	356
57	359
57	362
57	366
57	369
57	373
57	376
57	380
57	384
57	388
57	393
57	397
57	403
57	408
57	415
57	422
57	431
57	443
58	167
58	176
58	183
58	190
58	195
58	201
58	206
58	212
58	217
58	223
58	228
58	234
58	240
58	246
58	253
58	260
58	267
58	274
58	281
58	288
58	295
58	301
58	307
58	313
58	319
58	325
58	331
58	337
58	342
58	348
58	353
58	358
58	362
58	367
58	371
58	376
58	381
58	386
58	391
58	397
58	403
58	409
58	416
58	424
58	434
59	167
59	175
59	182
59	188
59	193
59	198
59	202
59	206
59	210
59	214
59	218
59	222
59	226
59	230
59	234
59	238
59	242
59	246
59	251
59	256
59	261
59	266
59	272
59	278
59	284
59	290
59	297
59	303
59	310
59	316
59	322
59	328
59	333
59	339
59	344
59	349
59	354
59	359
59	364
59	369
59	375
59	380
59	386
59	392
59	399
59	407
59	416
59	427
60	170
60	180
60	188
60	195
60	201
60	207
60	212
60	217
60	222
60	227
60	232
60	237
60	242
60	247
60	252
60	258
60	264
60	270
60	276
60	282
60	288
60	294
60	300
60	306
60	312
60	318
60	324
60	330
60	336
60	342
60	348
60	354
60	361
60	368
60	376
60	385
60	395
61	168
61	177
61	185
61	192
61	199
61	205
61	211
61	217
61	223
61	229
61	235
61	241
61	247
61	253
61	259
61	265
61	271
61	278
61	285
61	292
61	299
61	307
61	315
61	323
61	332
61	341
61	351
61	361
61	374
62	166
62	173
62	180
62	184
62	189
62	193
62	197
62	201
62	204
62	208
62	211
62	215
62	218
62	221
62	224
62	228
62	230
62	234
62	237
62	240
62	243
62	246
62	249
62	252
62	256
62	258
62	262
62	265
62	268
62	272
62	275
62	279
62	283
62	287
62	291
62	295
62	299
62	304
62	308
62	313
62	318
62	323
62	328
62	334
62	340
62	347
62	354
62	362
62	371
62	381
62	395
63	167
63	173
63	179
63	182
63	187
63	190
63	193
63	196
63	199
63	202
63	203
63	207
63	209
63	211
63	213
63	216
63	218
63	220
63	222
63	224
63	226
63	228
63	230
63	232
63	234
63	236
63	238
63	240
63	241
63	244
63	245
63	247
63	249
63	251
63	253
63	254
63	257
63	258
63	260
63	262
63	264
63	266
63	268
63	269
63	272
63	274
63	275
63	278
63	279
63	282
63	284
63	286
63	288
63	290
63	293
63	294
63	297
63	299
63	301
63	304
63	306
63	308
63	311
63	314
63	316
63	319
63	322
63	325
63	328
63	331
63	335
63	338
63	342
63	346
63	350
63	355
63	359
63	365
63	370
63	376
63	382
63	389
63	397
63	406
63	418
64	170
64	179
64	185
64	191
64	194
64	199
64	202
64	205
64	209
64	211
64	213
64	217
64	219
64	221
64	223
64	226
64	228
64	230
64	232
64	234
64	236
64	238
64	240
64	242
64	243
64	245
64	247
64	249
64	251
64	252
64	254
64	256
64	257
64	259
64	261
64	262
64	264
64	266
64	267
64	269
64	271
64	272
64	274
64	275
64	277
64	279
64	280
64	282
64	284
64	285
64	287
64	289
64	290
64	292
64	294
64	296
64	297
64	299
64	301
64	303
64	305
64	307
64	308
64	311
64	313
64	315
64	317
64	319
64	322
64	324
64	326
64	329
64	331
64	335
64	337
64	340
64	344
64	346
64	350
64	354
64	357
64	361
64	365
64	369
64	374
64	379
64	385
64	391
64	398
64	406
64	416
65	191
65	202
65	212
65	221
65	229
65	237
65	244
65	250
65	255
65	261
65	265
65	270
65	274
65	278
65	282
65	286
65	290
65	294
65	298
65	302
65	306
65	311
65	315
65	320
65	325
65	330
65	335
65	340
65	345
65	350
65	355
65	360
65	366
65	371
65	377
65	383
65	390
65	398
65	407
65	418
66	188
66	199
66	209
66	218
66	227
66	235
66	243
66	251
66	259
66	267
66	275
66	283
66	290
66	297
66	304
66	310
66	316
66	322
66	327
66	332
66	337
66	341
66	346
66	350
66	354
66	358
66	362
66	366
66	371
66	375
66	380
66	385
66	390
66	396
66	402
66	409
66	417
66	427
67	188
67	198
67	207
67	215
67	222
67	229
67	235
67	241
67	247
67	252
67	257
67	262
67	267
67	272
67	277
67	281
67	286
67	290
67	294
67	298
67	302
67	305
67	309
67	312
67	315
67	319
67	321
67	325
67	327
67	331
67	333
67	336
67	339
67	342
67	344
67	347
67	350
67	353
67	356
67	359
67	362
67	365
67	368
67	372
67	375
67	379
67	382
67	386
67	390
67	395
67	399
67	404
67	409
67	415
67	422
67	430
67	440
68	211
68	222
68	232
68	241
68	249
68	256
68	262
68	268
68	273
68	278
68	282
68	287
68	291
68	294
68	298
68	301
68	304
68	308
68	311
68	314
68	317
68	320
68	323
68	326
68	329
68	332
68	335
68	338
68	341
68	345
68	348
68	352
68	356
68	359
68	364
68	367
68	372
68	376
68	380
68	385
68	389
68	394
68	399
68	405
68	411
68	417
68	425
68	434
68	445
69	261
69	272
69	282
69	292
69	301
69	310
69	319
69	328
69	337
69	346
69	354
69	362
69	370
69	377
69	384
69	391
69	398
69	406
69	414
69	423
69	434
70	179
70	189
70	197
70	205
70	212
70	219
70	226
70	233
70	240
70	247
70	254
70	261
70	269
70	277
70	285
70	294
70	303
70	312
70	320
70	328
70	335
70	342
70	349
70	355
70	361
70	367
70	373
70	379
70	385
70	392
70	399
70	407
70	416
70	428
71	176
71	184
71	191
71	197
71	202
71	207
71	212
71	216
71	221
71	225
71	230
71	234
71	238
71	242
71	246
71	250
71	254
71	258
71	262
71	267
71	271
71	276
71	280
71	285
71	289
71	294
71	299
71	303
71	308
71	312
71	317
71	321
71	326
71	330
71	334
71	338
71	342
71	346
71	350
71	354
71	358
71	362
71	366
71	371
71	376
71	381
71	387
71	393
71	400
71	407
71	416
72	182
72	192
72	200
72	207
72	214
72	220
72	226
72	232
72	237
72	242
72	247
72	252
72	257
72	262
72	267
72	272
72	277
72	282
72	286
72	291
72	295
72	300
72	304
72	309
72	313
72	318
72	322
72	327
72	331
72	336
72	341
72	346
72	351
72	356
72	362
72	368
72	375
72	382
72	390
72	399
72	409
74	381
74	392
74	401
74	410
74	420
74	433
75	187
75	197
75	207
75	216
75	225
75	234
75	243
75	252
75	262
75	272
75	283
75	295
75	337
75	349
75	360
75	371
75	381
75	391
75	401
75	411
75	425
76	202
76	213
76	224
76	234
76	244
76	254
76	264
76	275
76	286
76	298
76	312
-1	-1
