-1	-1
12	268
12	281
12	294
12	308
13	222
13	233
13	243
13	253
13	262
13	271
13	280
13	289
13	298
13	307
13	316
13	325
13	334
13	344
13	354
13	365
13	376
14	202
14	213
14	223
14	232
14	241
14	250
14	258
14	266
14	274
14	282
14	290
14	298
14	306
14	314
14	322
14	330
14	338
14	346
14	354
14	362
14	370
14	379
14	388
14	397
14	407
15	196
15	207
15	217
15	226
15	235
15	244
15	252
15	260
15	268
15	276
15	284
15	292
15	300
15	308
15	316
15	325
15	334
15	343
15	352
15	361
15	371
15	381
15	391
15	402
16	186
16	196
16	205
16	214
16	223
16	231
16	239
16	247
16	255
16	263
16	271
16	279
16	287
16	296
16	305
16	314
16	323
16	333
16	343
16	354
16	366
17	173
17	183
17	192
17	200
17	208
17	215
17	222
17	229
17	235
17	242
17	248
17	254
17	260
17	266
17	272
17	278
17	284
17	291
17	297
17	304
17	311
17	318
17	325
17	333
17	341
17	350
17	359
17	369
17	380
18	169
18	178
18	185
18	192
18	198
18	204
18	210
18	215
18	220
18	225
18	230
18	235
18	240
18	245
18	250
18	255
18	260
18	265
18	270
18	276
18	281
18	287
18	293
18	299
18	305
18	311
18	317
18	323
18	329
18	335
18	342
18	349
18	356
18	363
18	371
18	379
18	388
18	398
18	409
19	167
19	175
19	182
19	187
19	192
19	196
19	201
19	204
19	209
19	212
19	216
19	219
19	223
19	226
19	229
19	232
19	235
19	238
19	241
19	244
19	247
19	250
19	253
19	256
19	259
19	262
19	265
19	268
19	271
19	273
19	277
19	279
19	282
19	285
19	288
19	290
19	294
19	296
19	299
19	302
19	305
19	308
19	311
19	314
19	317
19	320
19	324
19	327
19	330
19	334
19	337
19	341
19	345
19	349
19	353
19	357
19	361
19	366
19	370
19	375
19	380
19	385
19	390
19	396
19	402
19	408
19	415
19	423
19	432
19	443
20	168
20	176
20	182
20	187
20	192
20	195
20	200
20	202
20	206
20	209
20	212
20	214
20	217
20	220
20	222
20	224
20	227
20	229
20	232
20	233
20	236
20	238
20	241
20	242
20	245
20	247
20	249
20	251
20	253
20	255
20	257
20	259
20	261
20	263
20	265
20	267
20	269
20	271
20	273
20	275
20	277
20	279
20	281
20	283
20	285
20	287
20	289
20	291
20	293
20	295
20	297
20	299
20	301
20	304
20	305
20	308
20	310
20	312
20	314
20	317
20	318
20	321
20	323
20	325
20	328
20	330
20	332
20	335
20	337
20	339
20	342
20	344
20	347
20	349
20	352
20	355
20	357
20	360
20	363
20	366
20	368
20	372
20	374
20	378
20	380
20	384
20	387
20	390
20	394
20	397
20	401
20	405
20	409
20	414
20	418
20	423
20	428
20	434
20	440
20	447
20	455
20	464
20	474
21	176
21	184
21	191
21	196
21	201
21	204
21	209
21	212
21	215
21	219
21	222
21	224
21	228
21	230
21	233
21	235
21	238
21	241
21	243
21	245
21	248
21	250
21	252
21	254
21	257
21	259
21	261
21	263
21	265
21	268
21	269
21	272
21	273
21	276
21	278
21	280
21	282
21	284
21	286
21	288
21	290
21	292
21	294
21	296
21	298
21	300
21	302
21	304
21	306
21	308
21	310
21	313
21	314
21	317
21	319
21	321
21	323
21	326
21	327
21	330
21	332
21	334
21	337
21	339
21	341
21	344
21	346
21	348
21	351
21	353
21	356
21	358
21	361
21	364
21	366
21	369
21	372
21	375
21	377
21	381
21	384
21	387
21	390
21	394
21	397
21	401
21	405
21	408
21	413
21	417
21	422
21	427
21	432
21	438
21	444
21	451
21	459
21	468
21	479
22	187
22	197
22	205
22	212
22	219
22	225
22	231
22	236
22	241
22	246
22	251
22	255
22	260
22	264
22	268
22	272
22	276
22	280
22	284
22	288
22	292
22	296
22	300
22	304
22	308
22	312
22	317
22	321
22	326
22	330
22	335
22	339
22	344
22	348
22	353
22	358
22	363
22	368
22	374
22	380
22	386
22	393
22	400
22	408
22	417
22	427
23	200
23	211
23	221
23	231
23	240
23	249
23	258
23	267
23	276
23	285
23	294
23	304
23	314
23	324
23	335
23	347
24	206
24	217
24	228
24	239
24	250
24	261
24	272
24	284
24	296
25	188
25	199
25	209
25	219
25	229
25	239
25	249
25	259
25	269
25	280
25	291
25	303
26	172
26	182
26	191
26	199
26	207
26	215
26	223
26	230
26	237
26	244
26	251
26	259
26	267
26	275
26	283
26	291
26	300
26	309
26	319
26	330
27	162
27	172
27	180
27	187
27	193
27	199
27	205
27	210
27	216
27	221
27	226
27	231
27	236
27	241
27	246
27	251
27	256
27	261
27	266
27	271
27	277
27	282
27	288
27	294
27	300
27	306
27	313
27	320
27	327
27	335
27	344
27	354
27	365
28	159
28	168
28	175
28	181
28	187
28	192
28	197
28	201
28	206
28	210
28	214
28	218
28	222
28	225
28	229
28	232
28	236
28	239
28	243
28	246
28	250
28	253
28	257
28	260
28	264
28	267
28	271
28	274
28	278
28	281
28	285
28	288
28	292
28	296
28	300
28	304
28	308
28	312
28	317
28	321
28	326
28	331
28	336
28	342
28	348
28	355
28	362
28	370
28	379
28	390
29	162
29	171
29	179
29	185
29	191
29	195
29	200
29	203
29	208
29	211
29	215
29	218
29	222
29	224
29	228
29	231
29	233
29	237
29	239
29	242
29	245
29	247
29	250
29	253
29	255
29	258
29	261
29	263
29	266
29	269
29	271
29	274
29	277
29	279
29	282
29	285
29	287
29	290
29	293
29	295
29	298
29	301
29	304
29	307
29	310
29	313
29	316
29	319
29	322
29	326
29	329
29	333
29	336
29	340
29	344
29	348
29	352
29	357
29	362
29	367
29	373
29	379
29	386
29	393
29	401
29	410
29	420
29	431
29	442
29	454
30	172
30	181
30	189
30	195
30	201
30	205
30	210
30	213
30	218
30	221
30	225
30	229
30	232
30	235
30	239
30	242
30	245
30	248
30	251
30	254
30	257
30	260
30	263
30	266
30	269
30	272
30	275
30	278
30	281
30	283
30	287
30	289
30	292
30	295
30	298
30	300
30	304
30	306
30	309
30	312
30	315
30	318
30	321
30	324
30	327
30	330
30	333
30	336
30	339
30	342
30	345
30	348
30	352
30	355
30	359
30	363
30	367
30	371
30	375
30	379
30	384
30	389
30	394
30	400
30	406
30	413
30	420
30	428
30	436
30	444
30	453
30	462
30	472
30	485
31	183
31	193
31	201
31	208
31	214
31	220
31	225
31	231
31	236
31	241
31	246
31	251
31	256
31	261
31	266
31	271
31	276
31	281
31	286
31	291
31	296
31	301
31	305
31	310
31	314
31	319
31	323
31	327
31	331
31	335
31	339
31	343
31	347
31	351
31	355
31	359
31	364
31	368
31	373
31	378
31	383
31	388
31	394
31	399
31	405
31	411
31	418
31	425
31	433
31	441
31	449
31	458
31	468
31	479
32	206
32	217
32	227
32	237
32	246
32	255
32	264
32	274
32	284
32	294
32	303
32	312
32	321
32	330
32	339
32	348
32	357
32	367
32	377
32	387
32	397
32	408
32	420
32	432
32	444
33	217
33	229
33	240
33	251
33	262
33	274
43	202
43	214
43	226
43	238
44	180
44	191
44	201
44	211
44	221
44	231
44	241
44	252
44	263
44	275
45	167
45	177
45	185
45	193
45	201
45	209
45	217
45	225
45	233
45	241
45	249
45	258
45	267
45	277
45	288
46	160
46	169
46	177
46	183
46	189
46	195
46	201
46	206
46	212
46	217
46	223
46	228
46	234
46	240
46	246
46	252
46	259
46	266
46	273
46	281
46	290
46	299
46	309
46	324
47	159
47	168
47	175
47	181
47	187
47	192
47	197
47	202
47	206
47	211
47	215
47	220
47	224
47	228
47	233
47	237
47	242
47	246
47	251
47	256
47	261
47	266
47	272
47	278
47	284
47	291
47	298
47	306
47	315
47	325
47	336
48	166
48	174
48	181
48	186
48	191
48	195
48	200
48	203
48	207
48	211
48	214
48	218
48	221
48	224
48	227
48	230
48	233
48	236
48	239
48	242
48	245
48	248
48	251
48	255
48	257
48	261
48	264
48	268
48	271
48	275
48	279
48	283
48	287
48	292
48	297
48	302
48	307
48	313
48	319
48	326
48	334
48	343
48	353
48	365
49	168
49	177
49	183
49	189
49	193
49	197
49	201
49	204
49	208
49	211
49	213
49	216
49	219
49	221
49	223
49	226
49	228
49	231
49	232
49	235
49	237
49	239
49	242
49	243
49	246
49	248
49	250
49	252
49	255
49	256
49	259
49	261
49	263
49	266
49	268
49	270
49	273
49	275
49	278
49	280
49	283
49	286
49	288
49	292
49	295
49	298
49	301
49	305
49	308
49	312
49	316
49	320
49	325
49	330
49	336
49	342
49	349
49	357
49	366
49	376
50	176
50	185
50	193
50	200
50	205
50	210
50	214
50	219
50	222
50	226
50	230
50	233
50	236
50	240
50	242
50	245
50	248
50	251
50	253
50	256
50	259
50	261
50	264
50	266
50	269
50	271
50	274
50	276
50	279
50	281
50	284
50	287
50	289
50	292
50	295
50	298
50	301
50	304
50	307
50	310
50	314
50	317
50	321
50	325
50	329
50	334
50	338
50	344
50	349
50	356
50	363
50	371
50	380
50	391
51	183
51	193
51	202
51	210
51	218
51	225
51	232
51	239
51	245
51	251
51	256
51	261
51	266
51	271
51	275
51	280
51	283
51	288
51	291
51	296
51	299
51	304
51	307
51	312
51	316
51	320
51	325
51	329
51	334
51	339
51	344
51	350
51	356
51	363
51	370
51	378
51	387
51	398
52	191
52	202
52	211
52	220
52	228
52	235
52	242
52	249
52	255
52	261
52	267
52	273
52	279
52	285
52	291
52	296
52	302
52	307
52	312
52	317
52	322
52	327
52	332
52	337
52	342
52	347
52	353
52	359
52	365
52	371
52	378
52	386
52	394
52	403
52	414
53	201
53	212
53	223
53	233
53	242
53	251
53	259
53	267
53	274
53	281
53	287
53	293
53	299
53	305
53	311
53	316
53	322
53	327
53	332
53	337
53	343
53	348
53	354
53	359
53	365
53	371
53	377
53	384
53	391
53	398
53	406
53	415
53	425
53	436
54	199
54	210
54	220
54	229
54	238
54	246
54	254
54	262
54	270
54	277
54	284
54	291
54	297
54	303
54	309
54	315
54	321
54	327
54	333
54	339
54	345
54	351
54	357
54	363
54	369
54	375
54	382
54	389
54	396
54	404
54	412
54	420
54	429
54	438
54	448
54	459
54	471
54	484
55	212
55	223
55	233
55	242
55	250
55	258
55	265
55	272
55	279
55	286
55	293
55	300
55	307
55	314
55	320
55	326
55	332
55	338
55	344
55	350
55	356
55	362
55	368
55	374
55	380
55	386
55	392
55	398
55	404
55	410
55	416
55	423
55	430
55	437
55	444
55	452
55	460
55	468
55	477
55	486
55	496
55	507
56	238
56	249
56	259
56	268
56	277
56	285
56	293
56	300
56	307
56	314
56	321
56	328
56	335
56	342
56	349
56	356
56	362
56	368
56	374
56	380
56	385
56	391
56	396
56	401
56	406
56	411
56	416
56	421
56	426
56	431
56	436
56	442
56	447
56	453
56	459
56	466
56	473
56	480
56	488
56	496
56	506
57	217
57	228
57	238
57	248
57	258
57	267
57	276
57	285
57	294
57	303
57	312
57	321
57	329
57	337
57	345
57	353
57	361
57	369
57	376
57	383
57	389
57	395
57	401
57	406
57	411
57	416
57	421
57	426
57	432
57	437
57	443
57	449
57	456
57	463
57	470
57	478
57	487
57	497
58	191
58	202
58	212
58	222
58	231
58	240
58	248
58	256
58	264
58	271
58	278
58	285
58	292
58	299
58	307
58	315
58	323
58	331
58	339
58	347
58	355
58	363
58	370
58	377
58	384
58	391
58	398
58	405
58	412
58	419
58	426
58	433
58	440
58	447
58	455
58	463
58	472
58	482
59	177
59	186
59	194
59	201
59	208
59	214
59	220
59	226
59	232
59	238
59	245
59	251
59	258
59	265
59	272
59	279
59	285
59	292
59	298
59	304
59	310
59	317
59	324
59	331
59	338
59	345
59	352
59	360
59	368
59	376
59	383
59	390
59	397
59	404
59	411
59	418
59	425
59	432
59	438
59	445
59	452
59	459
59	467
59	476
59	486
60	168
60	177
60	183
60	189
60	194
60	199
60	203
60	207
60	211
60	215
60	219
60	222
60	226
60	230
60	233
60	237
60	241
60	244
60	248
60	252
60	256
60	260
60	265
60	269
60	274
60	279
60	284
60	289
60	295
60	301
60	307
60	313
60	319
60	325
60	331
60	337
60	343
60	349
60	355
60	362
60	368
60	375
60	382
60	389
60	397
60	405
60	413
60	421
60	428
60	435
60	442
60	449
60	456
60	464
60	473
60	483
61	162
61	171
61	178
61	183
61	187
61	192
61	194
61	198
61	201
61	203
61	207
61	209
61	212
61	215
61	217
61	220
61	223
61	225
61	228
61	231
61	233
61	236
61	239
61	241
61	244
61	247
61	249
61	252
61	255
61	258
61	261
61	264
61	267
61	270
61	274
61	277
61	280
61	284
61	287
61	291
61	295
61	299
61	304
61	308
61	314
61	319
61	325
61	331
61	337
61	343
61	349
61	355
61	362
61	368
61	375
61	382
61	389
61	396
61	403
61	410
61	417
61	424
61	431
61	438
61	446
61	454
61	463
61	473
62	162
62	171
62	177
62	182
62	186
62	191
62	194
62	198
62	202
62	204
62	208
62	211
62	214
62	218
62	221
62	224
62	228
62	231
62	234
62	238
62	241
62	245
62	248
62	252
62	255
62	259
62	263
62	266
62	270
62	274
62	278
62	282
62	286
62	290
62	295
62	299
62	304
62	309
62	314
62	319
62	325
62	330
62	336
62	342
62	349
62	356
62	364
62	372
62	380
62	388
62	396
62	404
62	412
62	420
62	429
62	438
62	447
62	457
63	169
63	178
63	185
63	191
63	197
63	202
63	207
63	212
63	216
63	221
63	225
63	229
63	233
63	237
63	241
63	245
63	249
63	253
63	257
63	261
63	265
63	269
63	273
63	277
63	281
63	285
63	289
63	294
63	298
63	303
63	307
63	312
63	317
63	322
63	327
63	332
63	337
63	342
63	348
63	354
63	360
63	366
63	373
63	380
63	388
63	396
63	405
63	415
63	425
63	435
63	446
64	178
64	188
64	195
64	201
64	206
64	211
64	214
64	219
64	222
64	225
64	229
64	231
64	234
64	237
64	240
64	242
64	245
64	247
64	250
64	252
64	255
64	257
64	260
64	262
64	265
64	267
64	270
64	272
64	275
64	277
64	280
64	282
64	285
64	287
64	290
64	292
64	295
64	297
64	300
64	303
64	305
64	308
64	311
64	314
64	317
64	320
64	323
64	326
64	329
64	333
64	336
64	340
64	343
64	347
64	351
64	355
64	359
64	364
64	368
64	373
64	378
64	383
64	389
64	395
64	401
64	408
64	415
64	422
64	429
64	436
64	444
64	453
64	463
64	475
65	179
65	188
65	195
65	201
65	205
65	210
65	213
65	217
65	221
65	223
65	226
65	229
65	232
65	233
65	237
65	239
65	241
65	243
65	245
65	248
65	249
65	252
65	253
65	255
65	257
65	259
65	261
65	262
65	264
65	266
65	268
65	270
65	271
65	273
65	275
65	277
65	278
65	280
65	282
65	283
65	285
65	287
65	288
65	290
65	292
65	293
65	295
65	297
65	298
65	300
65	302
65	304
65	305
65	307
65	309
65	310
65	313
65	314
65	316
65	318
65	320
65	322
65	324
65	326
65	328
65	330
65	332
65	334
65	336
65	338
65	340
65	343
65	345
65	347
65	349
65	352
65	354
65	357
65	359
65	362
65	365
65	367
65	370
65	373
65	376
65	379
65	382
65	386
65	389
65	393
65	396
65	400
65	404
65	408
65	412
65	417
65	421
65	426
65	430
65	435
65	439
65	444
65	449
65	455
65	461
65	467
65	474
65	482
65	491
66	191
66	202
66	211
66	219
66	227
66	234
66	240
66	245
66	250
66	253
66	258
66	261
66	264
66	268
66	271
66	273
66	276
66	279
66	281
66	283
66	286
66	288
66	290
66	292
66	294
66	296
66	298
66	300
66	302
66	304
66	306
66	308
66	310
66	311
66	313
66	315
66	317
66	319
66	320
66	322
66	324
66	326
66	327
66	329
66	331
66	333
66	334
66	336
66	338
66	340
66	341
66	343
66	345
66	347
66	348
66	350
66	352
66	354
66	355
66	357
66	359
66	361
66	363
66	365
66	366
66	369
66	370
66	373
66	374
66	377
66	378
66	380
66	383
66	385
66	387
66	389
66	392
66	394
66	396
66	399
66	401
66	404
66	406
66	409
66	411
66	414
66	417
66	419
66	422
66	425
66	427
66	430
66	433
66	436
66	439
66	442
66	445
66	448
66	452
66	455
66	459
66	463
66	467
66	472
66	477
66	483
66	489
66	496
66	505
66	516
67	200
67	211
67	221
67	231
67	241
67	251
67	260
67	269
67	278
67	286
67	293
67	299
67	304
67	309
67	313
67	317
67	321
67	323
67	327
67	330
67	332
67	335
67	338
67	340
67	342
67	345
67	347
67	350
67	352
67	353
67	356
67	358
67	360
67	362
67	364
67	366
67	368
67	370
67	372
67	374
67	376
67	378
67	380
67	382
67	384
67	386
67	388
67	390
67	392
67	394
67	396
67	398
67	400
67	402
67	404
67	406
67	408
67	410
67	412
67	414
67	416
67	418
67	420
67	422
67	424
67	426
67	428
67	430
67	433
67	435
67	437
67	440
67	443
67	445
67	448
67	451
67	454
67	457
67	460
67	464
67	468
67	472
67	477
67	482
67	488
67	495
67	503
67	513
68	193
68	204
68	214
68	223
68	232
68	240
68	248
68	256
68	264
68	272
68	280
68	288
68	296
68	304
68	312
68	320
68	328
68	335
68	342
68	348
68	353
68	359
68	363
68	368
68	372
68	376
68	380
68	383
68	387
68	390
68	393
68	396
68	399
68	402
68	404
68	407
68	410
68	412
68	415
68	418
68	420
68	424
68	426
68	429
68	432
68	435
68	438
68	442
68	445
68	449
68	453
68	457
68	462
68	467
68	473
68	479
68	487
68	496
69	260
69	272
69	283
69	293
69	303
69	312
69	321
69	330
69	339
69	348
69	357
69	366
69	375
69	384
69	392
69	400
69	408
69	416
69	424
69	432
69	441
69	451
70	208
70	219
70	230
70	241
70	252
70	264
70	350
70	362
70	373
70	383
70	393
70	403
70	413
70	424
70	435
71	188
71	198
71	206
71	213
71	220
71	226
71	232
71	238
71	244
71	250
71	256
71	262
71	268
71	274
71	280
71	287
71	294
71	301
71	309
71	317
71	326
71	336
71	347
72	186
72	194
72	201
72	207
72	213
72	218
72	223
72	228
72	232
72	237
72	241
72	245
72	249
72	253
72	257
72	261
72	265
72	269
72	273
72	277
72	281
72	285
72	289
72	293
72	297
72	302
72	306
72	311
72	316
72	321
72	326
72	331
72	336
72	342
72	348
72	354
72	360
72	367
72	374
72	381
72	389
72	397
72	406
72	415
72	425
72	435
72	446
73	212
73	223
73	234
73	244
73	253
73	261
73	269
73	276
73	283
73	290
73	296
73	302
73	308
73	314
73	320
73	325
73	331
73	336
73	342
73	347
73	353
73	358
73	364
73	369
73	375
73	380
73	386
73	392
73	398
73	404
73	410
73	416
73	422
73	428
73	435
73	442
73	450
73	459
73	469
74	369
74	380
74	390
74	399
74	408
74	417
74	426
74	436
74	446
74	458
75	210
75	221
75	232
75	242
75	252
75	262
75	273
75	284
76	207
76	218
76	228
76	237
76	246
76	254
76	262
76	270
76	278
76	287
76	296
76	305
76	315
76	325
76	335
76	346
76	359
76	459
-1	-1
