-1	-1
9	178
9	189
9	199
9	210
9	221
9	233
10	169
10	179
10	188
10	197
10	206
10	215
10	224
10	233
10	243
10	253
10	264
10	276
11	158
11	167
11	174
11	180
11	185
11	190
11	195
11	200
11	205
11	210
11	215
11	220
11	225
11	230
11	235
11	241
11	246
11	252
11	258
11	264
11	270
11	277
11	284
11	291
11	299
11	307
11	316
11	326
12	159
12	169
12	176
12	182
12	188
12	194
12	199
12	205
12	211
12	217
12	223
12	229
12	235
12	241
12	247
12	253
12	259
12	265
12	271
12	277
12	284
12	291
12	298
12	305
12	312
12	320
12	328
12	337
12	348
13	162
13	172
13	181
13	189
13	197
13	205
13	213
13	221
13	229
13	237
13	246
13	255
13	264
13	273
13	283
13	293
13	303
13	313
13	323
13	335
14	167
14	177
14	185
14	193
14	200
14	207
14	215
14	223
14	231
14	239
14	247
14	256
14	265
14	275
14	285
14	295
14	305
14	315
14	326
15	172
15	182
15	191
15	199
15	207
15	215
15	223
15	231
15	239
15	248
15	257
15	267
15	277
15	288
15	299
15	310
16	170
16	180
16	189
16	198
16	207
16	216
16	225
16	235
16	245
16	256
17	160
17	170
17	178
17	185
17	192
17	198
17	204
17	211
17	217
17	224
17	231
17	238
17	246
17	254
17	263
17	272
17	282
17	294
18	153
18	162
18	169
18	174
18	180
18	184
18	189
18	193
18	197
18	202
18	206
18	210
18	215
18	219
18	224
18	228
18	233
18	238
18	243
18	248
18	253
18	259
18	265
18	271
18	278
18	286
18	294
18	303
18	314
19	158
19	167
19	173
19	179
19	184
19	189
19	194
19	199
19	203
19	208
19	213
19	217
19	222
19	227
19	232
19	237
19	243
19	248
19	254
19	260
19	267
19	274
19	282
19	291
19	301
20	176
20	187
20	197
20	206
20	216
20	226
20	237
20	249
27	181
27	192
27	203
27	214
27	225
27	236
27	247
27	258
27	271
28	168
28	178
28	187
28	195
28	203
28	210
28	217
28	224
28	231
28	238
28	245
28	252
28	259
28	267
28	275
28	283
28	291
28	299
28	307
28	316
28	325
28	335
29	157
29	166
29	173
29	180
29	185
29	191
29	196
29	201
29	206
29	211
29	215
29	220
29	224
29	229
29	233
29	238
29	242
29	247
29	251
29	256
29	260
29	265
29	270
29	275
29	280
29	285
29	290
29	295
29	300
29	305
29	310
29	316
29	322
29	328
29	335
29	342
29	350
29	359
30	150
30	159
30	165
30	171
30	175
30	180
30	183
30	187
30	191
30	193
30	197
30	200
30	203
30	206
30	209
30	212
30	215
30	218
30	221
30	224
30	227
30	230
30	234
30	236
30	240
30	243
30	246
30	250
30	253
30	256
30	260
30	263
30	266
30	270
30	273
30	276
30	280
30	283
30	287
30	290
30	294
30	297
30	301
30	305
30	309
30	313
30	317
30	322
30	326
30	331
30	336
30	342
30	348
30	355
30	363
30	373
31	148
31	156
31	162
31	168
31	172
31	176
31	180
31	183
31	187
31	190
31	193
31	196
31	199
31	202
31	204
31	208
31	210
31	213
31	216
31	219
31	221
31	225
31	227
31	230
31	233
31	236
31	239
31	242
31	245
31	248
31	251
31	255
31	257
31	261
31	264
31	267
31	271
31	274
31	277
31	281
31	284
31	288
31	291
31	295
31	299
31	303
31	307
31	312
31	316
31	321
31	326
31	332
31	338
31	346
31	355
31	366
32	149
32	158
32	164
32	170
32	175
32	180
32	184
32	189
32	193
32	197
32	201
32	205
32	209
32	213
32	217
32	222
32	226
32	231
32	235
32	240
32	245
32	250
32	255
32	260
32	265
32	271
32	277
32	283
32	289
32	296
32	303
32	311
32	320
32	331
33	159
33	169
33	177
33	184
33	191
33	198
33	205
33	212
33	219
33	227
33	235
33	244
33	253
33	263
33	273
33	285
34	172
34	183
34	193
34	203
34	213
34	224
34	236
44	192
44	204
44	216
44	229
45	178
45	189
45	199
45	209
45	220
45	231
45	244
46	170
46	181
46	191
46	200
46	209
46	218
46	228
46	238
46	249
47	159
47	169
47	177
47	184
47	191
47	198
47	205
47	212
47	219
47	227
47	235
47	243
47	252
47	262
47	274
48	156
48	164
48	171
48	176
48	182
48	186
48	191
48	195
48	200
48	204
48	209
48	213
48	218
48	222
48	227
48	232
48	237
48	243
48	248
48	255
48	262
48	269
48	277
48	286
48	297
49	157
49	165
49	172
49	177
49	182
49	186
49	191
49	194
49	198
49	201
49	205
49	208
49	211
49	215
49	218
49	221
49	225
49	228
49	232
49	235
49	239
49	243
49	247
49	251
49	255
49	260
49	265
49	270
49	276
49	282
49	289
49	297
49	306
49	317
50	161
50	171
50	179
50	186
50	192
50	197
50	202
50	207
50	211
50	215
50	219
50	223
50	227
50	231
50	235
50	239
50	243
50	247
50	252
50	256
50	261
50	266
50	271
50	277
50	283
50	290
50	297
50	305
50	315
51	161
51	170
51	178
51	184
51	190
51	196
51	202
51	207
51	213
51	218
51	223
51	228
51	233
51	238
51	243
51	248
51	253
51	258
51	264
51	269
51	275
51	281
51	288
51	295
51	303
51	312
51	322
52	162
52	171
52	178
52	183
52	188
52	192
52	197
52	201
52	205
52	209
52	212
52	216
52	220
52	223
52	227
52	230
52	234
52	237
52	241
52	244
52	247
52	251
52	254
52	257
52	261
52	264
52	268
52	271
52	275
52	279
52	283
52	287
52	292
52	296
52	301
52	306
52	312
52	318
52	325
52	333
52	342
53	172
53	181
53	189
53	195
53	201
53	205
53	210
53	214
53	219
53	222
53	226
53	230
53	233
53	237
53	240
53	243
53	246
53	249
53	252
53	255
53	258
53	261
53	263
53	266
53	269
53	272
53	275
53	278
53	281
53	284
53	287
53	290
53	294
53	297
53	301
53	305
53	309
53	314
53	318
53	324
53	329
53	335
53	342
53	350
53	359
54	187
54	198
54	208
54	217
54	225
54	233
54	240
54	246
54	251
54	256
54	261
54	265
54	270
54	273
54	278
54	282
54	286
54	290
54	295
54	299
54	304
54	308
54	314
54	319
54	325
54	331
54	338
54	346
54	355
54	366
55	177
55	188
55	198
55	207
55	215
55	223
55	231
55	238
55	245
55	252
55	259
55	265
55	271
55	277
55	283
55	289
55	294
55	300
55	305
55	311
55	317
55	324
55	331
55	339
55	347
55	357
56	198
56	208
56	217
56	225
56	232
56	239
56	245
56	251
56	257
56	262
56	267
56	272
56	277
56	281
56	285
56	289
56	293
56	297
56	301
56	305
56	309
56	313
56	317
56	321
56	325
56	329
56	334
56	338
56	344
56	349
56	355
56	362
56	369
56	378
56	389
57	201
57	212
57	222
57	232
57	241
57	249
57	256
57	263
57	269
57	274
57	280
57	283
57	288
57	292
57	295
57	299
57	302
57	306
57	309
57	312
57	316
57	319
57	323
57	326
57	330
57	334
57	337
57	341
57	345
57	349
57	354
57	358
57	364
57	369
57	376
57	383
57	391
57	401
58	180
58	191
58	201
58	210
58	219
58	228
58	237
58	246
58	255
58	264
58	272
58	280
58	288
58	295
58	301
58	307
58	313
58	318
58	324
58	330
58	336
58	342
58	348
58	354
58	361
58	368
58	376
58	385
58	396
59	176
59	186
59	194
59	202
59	209
59	216
59	223
59	230
59	236
59	243
59	249
59	256
59	263
59	270
59	277
59	284
59	291
59	298
59	305
59	312
59	319
59	326
59	333
59	340
59	347
59	354
59	361
59	369
59	378
59	388
60	167
60	177
60	186
60	195
60	203
60	211
60	219
60	227
60	235
60	243
60	251
60	259
60	266
60	273
60	280
60	287
60	293
60	299
60	305
60	311
60	317
60	322
60	328
60	333
60	339
60	344
60	350
60	356
60	362
60	369
60	376
60	385
60	395
61	160
61	169
61	177
61	184
61	190
61	196
61	202
61	208
61	214
61	220
61	226
61	232
61	238
61	244
61	251
61	258
61	265
61	273
61	281
61	289
61	297
61	305
61	313
61	320
61	327
61	334
61	341
61	348
61	356
61	365
61	375
62	157
62	164
62	171
62	175
62	180
62	183
62	187
62	191
62	194
62	198
62	201
62	204
62	208
62	211
62	214
62	218
62	221
62	224
62	228
62	231
62	234
62	238
62	241
62	245
62	248
62	252
62	256
62	259
62	264
62	267
62	272
62	276
62	281
62	286
62	291
62	297
62	303
62	310
62	317
62	325
62	334
62	344
62	355
63	151
63	160
63	165
63	171
63	173
63	178
63	181
63	183
63	187
63	189
63	192
63	194
63	197
63	200
63	202
63	204
63	207
63	209
63	211
63	214
63	216
63	218
63	221
63	223
63	225
63	228
63	230
63	232
63	235
63	237
63	239
63	242
63	244
63	246
63	249
63	251
63	254
63	256
63	258
63	261
63	264
63	266
63	269
63	272
63	274
63	277
63	280
63	283
63	286
63	289
63	293
63	296
63	300
63	304
63	308
63	313
63	317
63	323
63	328
63	335
63	342
63	350
63	359
64	153
64	162
64	170
64	176
64	182
64	188
64	193
64	198
64	203
64	208
64	212
64	217
64	221
64	225
64	229
64	233
64	237
64	241
64	245
64	249
64	253
64	257
64	261
64	265
64	269
64	273
64	277
64	281
64	285
64	289
64	294
64	298
64	303
64	308
64	314
64	320
64	326
64	333
64	341
64	349
64	359
65	166
65	176
65	185
65	193
65	201
65	209
65	217
65	225
65	233
65	241
65	249
65	257
65	264
65	271
65	278
65	285
65	292
65	299
65	306
65	313
65	320
65	327
65	335
65	343
65	352
65	362
65	374
66	159
66	168
66	174
66	180
66	185
66	190
66	194
66	199
66	203
66	207
66	211
66	215
66	219
66	223
66	227
66	231
66	235
66	239
66	243
66	247
66	251
66	255
66	259
66	263
66	267
66	271
66	275
66	279
66	283
66	287
66	291
66	295
66	299
66	303
66	307
66	311
66	315
66	319
66	323
66	327
66	331
66	335
66	339
66	344
66	348
66	353
66	358
66	363
66	369
66	375
66	382
66	390
66	400
67	161
67	170
67	176
67	182
67	186
67	191
67	194
67	198
67	201
67	204
67	208
67	211
67	214
67	217
67	220
67	223
67	225
67	229
67	231
67	234
67	237
67	239
67	242
67	244
67	247
67	249
67	252
67	254
67	257
67	259
67	262
67	264
67	267
67	269
67	271
67	274
67	276
67	278
67	281
67	283
67	285
67	288
67	290
67	292
67	294
67	297
67	299
67	301
67	303
67	306
67	307
67	310
67	312
67	314
67	316
67	319
67	320
67	323
67	325
67	327
67	330
67	332
67	334
67	337
67	339
67	341
67	344
67	346
67	349
67	351
67	354
67	357
67	359
67	363
67	365
67	369
67	372
67	376
67	379
67	384
67	388
67	393
67	398
67	405
67	412
67	421
68	177
68	187
68	195
68	202
68	208
68	214
68	220
68	225
68	230
68	234
68	239
68	243
68	247
68	251
68	254
68	258
68	261
68	264
68	267
68	270
68	273
68	275
68	279
68	281
68	283
68	286
68	288
68	291
68	292
68	295
68	297
68	299
68	302
68	303
68	305
68	308
68	310
68	311
68	313
68	316
68	317
68	319
68	321
68	323
68	325
68	327
68	329
68	330
68	333
68	334
68	336
68	338
68	340
68	342
68	344
68	346
68	348
68	350
68	353
68	355
68	357
68	359
68	362
68	365
68	367
68	370
68	373
68	376
68	379
68	383
68	386
68	390
68	395
68	399
68	405
68	411
68	418
68	427
69	201
69	213
69	224
69	235
69	246
69	256
69	265
69	274
69	282
69	289
69	296
69	302
69	308
69	313
69	318
69	323
69	328
69	332
69	337
69	342
69	347
69	352
69	357
69	363
69	369
69	376
69	384
69	393
70	170
70	180
70	189
70	197
70	204
70	211
70	218
70	225
70	232
70	239
70	246
70	253
70	260
70	267
70	274
70	281
70	288
70	295
70	302
70	309
70	317
70	325
70	333
70	341
70	349
70	358
70	368
71	167
71	175
71	182
71	189
71	194
71	200
71	205
71	210
71	214
71	219
71	223
71	228
71	232
71	236
71	240
71	244
71	248
71	252
71	256
71	260
71	264
71	268
71	272
71	276
71	280
71	284
71	288
71	292
71	296
71	300
71	304
71	308
71	312
71	316
71	320
71	325
71	329
71	334
71	338
71	343
71	347
71	352
71	357
71	362
71	367
71	373
71	379
71	386
71	394
71	404
72	190
72	201
72	211
72	220
72	229
72	237
72	244
72	251
72	258
72	264
72	270
72	276
72	282
72	287
72	292
72	297
72	302
72	307
72	311
72	316
72	320
72	324
72	329
72	333
72	337
72	341
72	345
72	349
72	354
72	358
72	363
72	368
72	374
72	380
72	387
72	395
72	405
74	169
74	180
74	190
74	199
74	208
74	217
74	226
74	235
74	245
74	255
74	266
74	277
75	169
75	179
75	187
75	194
75	201
75	207
75	213
75	219
75	225
75	231
75	237
75	243
75	249
75	255
75	261
75	267
75	273
75	279
75	285
75	291
75	298
75	305
75	312
75	319
75	327
75	335
75	343
75	351
75	359
75	367
75	376
75	385
75	395
76	182
76	192
76	201
76	209
76	217
76	224
76	231
76	238
76	244
76	251
76	257
76	263
76	269
76	275
76	281
76	287
76	294
76	300
76	307
76	314
76	321
76	328
76	336
76	344
76	352
76	360
76	368
76	377
76	386
76	396
-1	-1
