-1	-1
7	186
7	197
7	207
7	217
7	227
7	236
7	246
7	256
7	266
7	276
7	286
7	296
7	306
7	316
7	327
8	171
8	181
8	190
8	198
8	205
8	212
8	219
8	226
8	233
8	240
8	246
8	253
8	260
8	267
8	274
8	281
8	288
8	295
8	302
8	309
8	316
8	323
8	331
8	340
8	350
9	167
9	177
9	185
9	192
9	199
9	205
9	211
9	216
9	221
9	226
9	231
9	236
9	241
9	246
9	251
9	256
9	261
9	266
9	271
9	276
9	281
9	286
9	291
9	296
9	301
9	306
9	311
9	317
9	322
9	328
9	334
9	341
9	348
9	356
9	366
10	158
10	167
10	174
10	181
10	186
10	192
10	197
10	202
10	207
10	211
10	216
10	220
10	225
10	229
10	234
10	238
10	243
10	247
10	252
10	256
10	261
10	265
10	270
10	274
10	279
10	283
10	288
10	292
10	297
10	301
10	306
10	310
10	315
10	320
10	325
10	330
10	336
10	342
10	349
10	357
10	366
10	376
11	160
11	170
11	178
11	184
11	190
11	195
11	200
11	205
11	210
11	214
11	219
11	223
11	228
11	232
11	236
11	240
11	244
11	248
11	252
11	256
11	260
11	264
11	268
11	272
11	277
11	281
11	286
11	290
11	295
11	299
11	304
11	309
11	314
11	319
11	325
11	331
11	337
11	344
11	352
11	361
11	371
12	158
12	167
12	174
12	181
12	187
12	193
12	198
12	203
12	208
12	213
12	218
12	223
12	228
12	233
12	238
12	243
12	248
12	253
12	258
12	263
12	268
12	273
12	278
12	283
12	288
12	293
12	299
12	305
12	311
12	317
12	324
12	331
12	339
12	348
12	358
13	163
13	173
13	182
13	190
13	198
13	205
13	212
13	219
13	226
13	232
13	238
13	244
13	250
13	256
13	262
13	268
13	274
13	281
13	288
13	295
13	302
13	310
13	318
13	327
13	337
14	171
14	182
14	192
14	201
14	210
14	218
14	226
14	234
14	242
14	250
14	258
14	266
14	274
14	282
14	291
14	300
14	310
14	320
15	182
15	193
15	203
15	212
15	221
15	229
15	237
15	245
15	252
15	259
15	266
15	274
15	282
15	290
15	299
15	308
15	318
15	329
16	179
16	190
16	199
16	208
16	216
16	223
16	230
16	237
16	244
16	250
16	256
16	262
16	268
16	275
16	282
16	289
16	297
16	305
16	314
16	324
16	335
17	170
17	180
17	188
17	195
17	202
17	208
17	214
17	220
17	225
17	230
17	235
17	240
17	245
17	250
17	255
17	260
17	265
17	270
17	275
17	280
17	285
17	291
17	297
17	303
17	309
17	316
17	323
17	331
17	339
17	348
17	359
18	160
18	170
18	178
18	184
18	190
18	195
18	201
18	205
18	210
18	214
18	219
18	223
18	227
18	231
18	235
18	239
18	243
18	247
18	251
18	255
18	259
18	263
18	267
18	271
18	275
18	279
18	283
18	287
18	292
18	296
18	301
18	306
18	311
18	317
18	323
18	329
18	336
18	343
18	350
18	358
18	367
18	376
18	387
19	159
19	168
19	175
19	181
19	187
19	192
19	197
19	201
19	206
19	210
19	214
19	218
19	222
19	226
19	230
19	234
19	238
19	242
19	246
19	250
19	254
19	258
19	262
19	266
19	270
19	274
19	278
19	282
19	286
19	290
19	295
19	299
19	304
19	309
19	314
19	319
19	324
19	329
19	335
19	340
19	346
19	352
19	358
19	365
19	372
19	380
19	388
19	397
19	408
20	153
20	162
20	170
20	176
20	182
20	187
20	192
20	197
20	202
20	206
20	211
20	215
20	220
20	224
20	228
20	232
20	236
20	240
20	244
20	248
20	252
20	256
20	260
20	264
20	268
20	272
20	276
20	280
20	284
20	288
20	293
20	297
20	302
20	306
20	311
20	315
20	320
20	324
20	329
20	333
20	338
20	343
20	348
20	353
20	358
20	364
20	370
20	377
20	384
20	392
20	401
20	412
21	152
21	162
21	170
21	177
21	184
21	190
21	196
21	202
21	208
21	214
21	220
21	225
21	231
21	236
21	241
21	246
21	251
21	256
21	261
21	266
21	271
21	275
21	280
21	284
21	289
21	293
21	298
21	302
21	307
21	311
21	316
21	320
21	325
21	329
21	334
21	338
21	343
21	348
21	353
21	359
21	365
21	371
21	378
21	386
21	395
21	405
22	156
22	165
22	173
22	181
22	188
22	194
22	200
22	206
22	212
22	217
22	222
22	227
22	232
22	237
22	241
22	246
22	250
22	254
22	258
22	262
22	266
22	270
22	273
22	277
22	280
22	283
22	287
22	290
22	293
22	297
22	300
22	303
22	307
22	310
22	313
22	316
22	320
22	323
22	326
22	330
22	333
22	337
22	340
22	345
22	348
22	353
22	357
22	362
22	367
22	373
22	379
22	386
22	394
22	404
23	158
23	168
23	176
23	183
23	190
23	196
23	201
23	206
23	211
23	215
23	220
23	223
23	227
23	231
23	233
23	237
23	240
23	242
23	246
23	248
23	251
23	253
23	256
23	258
23	261
23	263
23	265
23	268
23	270
23	272
23	274
23	276
23	278
23	281
23	282
23	284
23	286
23	288
23	290
23	292
23	294
23	296
23	298
23	300
23	302
23	304
23	306
23	308
23	310
23	313
23	314
23	317
23	319
23	321
23	324
23	326
23	328
23	331
23	334
23	336
23	339
23	342
23	345
23	348
23	351
23	355
23	358
23	362
23	366
23	370
23	375
23	380
23	386
23	393
23	401
23	410
24	159
24	169
24	177
24	183
24	189
24	193
24	198
24	202
24	205
24	209
24	212
24	215
24	218
24	221
24	223
24	226
24	229
24	231
24	233
24	236
24	238
24	241
24	242
24	244
24	247
24	249
24	251
24	252
24	254
24	257
24	258
24	260
24	262
24	263
24	265
24	267
24	269
24	270
24	272
24	273
24	275
24	277
24	278
24	280
24	281
24	283
24	285
24	286
24	288
24	289
24	291
24	293
24	294
24	296
24	298
24	299
24	301
24	303
24	305
24	307
24	308
24	310
24	313
24	314
24	316
24	318
24	320
24	323
24	325
24	327
24	329
24	332
24	334
24	337
24	339
24	342
24	345
24	348
24	351
24	355
24	358
24	362
24	366
24	370
24	375
24	380
24	386
24	393
24	401
24	411
25	158
25	167
25	174
25	180
25	185
25	190
25	193
25	197
25	201
25	203
25	206
25	210
25	212
25	213
25	217
25	219
25	221
25	223
25	226
25	228
25	230
25	232
25	234
25	236
25	238
25	240
25	242
25	244
25	246
25	248
25	250
25	252
25	254
25	256
25	258
25	260
25	262
25	264
25	266
25	268
25	270
25	272
25	274
25	276
25	278
25	280
25	282
25	284
25	286
25	288
25	290
25	293
25	295
25	297
25	299
25	302
25	304
25	307
25	309
25	312
25	315
25	317
25	320
25	324
25	326
25	330
25	334
25	337
25	341
25	345
25	349
25	354
25	359
25	365
25	371
25	378
25	386
25	396
26	153
26	162
26	169
26	173
26	178
26	182
26	185
26	189
26	192
26	195
26	198
26	201
26	203
26	207
26	209
26	212
26	214
26	217
26	219
26	222
26	224
26	226
26	229
26	231
26	233
26	236
26	238
26	240
26	243
26	245
26	247
26	250
26	252
26	254
26	256
26	259
26	261
26	263
26	266
26	268
26	270
26	273
26	275
26	277
26	280
26	282
26	285
26	287
26	290
26	293
26	296
26	298
26	302
26	305
26	308
26	312
26	315
26	319
26	323
26	327
26	331
26	336
26	341
26	347
26	353
26	360
26	368
26	377
26	387
27	152
27	161
27	167
27	172
27	176
27	180
27	183
27	187
27	190
27	193
27	196
27	199
27	202
27	204
27	207
27	210
27	212
27	215
27	217
27	220
27	222
27	225
27	227
27	230
27	232
27	235
27	237
27	240
27	243
27	245
27	248
27	251
27	254
27	256
27	260
27	262
27	266
27	268
27	272
27	275
27	278
27	282
27	285
27	289
27	293
27	297
27	301
27	306
27	310
27	316
27	321
27	327
27	334
27	341
27	349
27	358
27	369
28	152
28	161
28	167
28	172
28	177
28	181
28	185
28	189
28	192
28	196
28	199
28	203
28	206
28	210
28	213
28	217
28	220
28	224
28	227
28	231
28	234
28	238
28	242
28	246
28	250
28	254
28	258
28	262
28	266
28	271
28	275
28	280
28	285
28	290
28	296
28	302
28	308
28	315
28	323
28	332
28	342
28	355
29	150
29	159
29	165
29	171
29	175
29	180
29	183
29	188
29	191
29	195
29	198
29	202
29	205
29	209
29	212
29	216
29	219
29	223
29	227
29	230
29	235
29	238
29	243
29	247
29	251
29	256
29	260
29	265
29	270
29	276
29	282
29	288
29	295
29	302
29	310
29	319
29	329
30	150
30	159
30	166
30	172
30	178
30	183
30	188
30	193
30	198
30	203
30	208
30	213
30	218
30	224
30	229
30	235
30	241
30	247
30	253
30	260
30	267
30	274
30	282
30	290
30	299
30	310
31	153
31	163
31	171
31	179
31	186
31	193
31	200
31	207
31	214
31	221
31	228
31	235
31	243
31	251
31	260
31	269
31	279
31	293
32	161
32	172
32	181
32	190
32	199
32	207
32	216
32	225
32	234
32	244
32	255
32	267
33	167
33	178
33	188
33	197
33	206
33	215
33	224
33	233
33	242
33	252
33	262
33	273
34	168
34	179
34	189
34	199
34	209
34	219
34	230
34	241
34	253
35	176
35	188
35	199
35	211
35	223
35	236
36	180
36	192
36	203
36	214
36	225
36	237
37	181
37	192
37	202
37	211
37	220
37	229
37	238
37	247
37	256
37	266
37	277
38	189
38	200
38	210
38	219
38	228
38	237
38	246
38	255
38	264
38	273
38	283
38	294
42	206
42	218
42	230
43	202
43	214
43	225
43	236
43	247
43	259
49	210
49	223
49	237
59	199
59	211
59	222
59	234
60	181
60	192
60	201
60	210
60	218
60	226
60	234
60	243
60	252
60	261
60	271
60	282
61	197
61	208
61	218
61	227
61	236
61	245
61	254
61	263
61	272
61	281
61	291
61	304
62	191
62	203
62	214
62	225
62	237
62	251
63	169
63	179
63	188
63	196
63	204
63	211
63	218
63	226
63	234
63	242
63	251
63	261
63	273
64	160
64	169
64	176
64	182
64	187
64	192
64	197
64	202
64	206
64	211
64	215
64	220
64	224
64	229
64	233
64	238
64	243
64	248
64	253
64	259
64	265
64	271
64	278
64	285
64	293
64	301
64	310
64	320
64	332
65	160
65	169
65	175
65	181
65	185
65	190
65	194
65	198
65	202
65	206
65	210
65	214
65	218
65	222
65	226
65	230
65	234
65	238
65	242
65	246
65	250
65	255
65	259
65	264
65	269
65	274
65	279
65	285
65	290
65	296
65	302
65	309
65	316
65	324
65	333
65	344
66	170
66	180
66	189
66	198
66	206
66	214
66	222
66	230
66	238
66	246
66	254
66	262
66	271
66	280
66	289
66	298
66	308
66	317
66	327
66	337
67	162
67	172
67	181
67	190
67	198
67	206
67	214
67	222
67	230
67	238
67	246
67	254
67	262
67	270
67	278
67	286
67	294
67	301
67	308
67	315
67	321
67	327
67	334
67	341
67	349
67	358
67	369
68	158
68	167
68	174
68	181
68	187
68	192
68	197
68	202
68	207
68	211
68	216
68	220
68	225
68	229
68	233
68	237
68	241
68	245
68	249
68	253
68	257
68	261
68	265
68	269
68	273
68	277
68	281
68	285
68	289
68	293
68	297
68	301
68	305
68	309
68	312
68	316
68	320
68	323
68	327
68	330
68	334
68	338
68	342
68	346
68	351
68	356
68	361
68	367
68	374
68	382
68	392
69	159
69	167
69	173
69	178
69	182
69	186
69	190
69	193
69	196
69	200
69	202
69	205
69	208
69	211
69	213
69	216
69	219
69	221
69	223
69	226
69	228
69	231
69	233
69	235
69	238
69	240
69	242
69	245
69	247
69	249
69	252
69	254
69	256
69	259
69	261
69	263
69	266
69	268
69	270
69	272
69	275
69	277
69	279
69	281
69	284
69	286
69	288
69	290
69	293
69	295
69	297
69	299
69	302
69	303
69	306
69	308
69	310
69	312
69	315
69	317
69	319
69	321
69	324
69	326
69	328
69	331
69	333
69	336
69	338
69	341
69	344
69	347
69	350
69	354
69	357
69	361
69	365
69	369
69	374
69	379
69	386
69	393
69	402
70	159
70	167
70	172
70	177
70	181
70	183
70	188
70	190
70	193
70	196
70	198
70	201
70	203
70	205
70	208
70	210
70	212
70	214
70	216
70	218
70	220
70	222
70	223
70	226
70	227
70	229
70	231
70	232
70	234
70	236
70	238
70	239
70	241
70	243
70	244
70	246
70	248
70	249
70	251
70	253
70	254
70	256
70	258
70	259
70	261
70	262
70	264
70	266
70	267
70	269
70	270
70	272
70	274
70	275
70	277
70	278
70	280
70	282
70	283
70	285
70	286
70	288
70	290
70	291
70	293
70	294
70	296
70	298
70	299
70	301
70	303
70	304
70	306
70	308
70	309
70	311
70	313
70	315
70	317
70	318
70	321
70	323
70	325
70	327
70	329
70	332
70	335
70	337
70	339
70	343
70	346
70	349
70	353
70	357
70	361
70	366
70	371
70	377
70	384
70	392
70	404
71	168
71	177
71	184
71	190
71	195
71	201
71	205
71	210
71	214
71	218
71	222
71	225
71	229
71	232
71	235
71	239
71	242
71	245
71	248
71	251
71	254
71	257
71	260
71	262
71	265
71	268
71	270
71	273
71	276
71	278
71	281
71	284
71	286
71	289
71	292
71	294
71	297
71	300
71	303
71	306
71	309
71	313
71	316
71	320
71	324
71	328
71	333
71	337
71	343
71	349
71	356
71	364
71	374
73	189
73	201
73	213
73	225
73	302
73	313
73	323
73	332
73	340
73	348
73	357
73	367
74	167
74	176
74	184
74	191
74	198
74	204
74	210
74	216
74	222
74	228
74	234
74	240
74	246
74	252
74	258
74	264
74	270
74	276
74	282
74	288
74	294
74	300
74	306
74	312
74	317
74	322
74	327
74	332
74	337
74	342
74	347
74	352
74	357
74	363
74	369
74	376
74	384
74	393
75	168
75	177
75	185
75	192
75	198
75	204
75	210
75	215
75	220
75	225
75	230
75	235
75	240
75	245
75	250
75	255
75	260
75	265
75	270
75	275
75	280
75	285
75	290
75	295
75	300
75	305
75	310
75	315
75	320
75	325
75	330
75	336
75	341
75	347
75	353
75	359
75	366
75	374
75	384
76	210
76	222
76	233
76	244
76	254
76	264
76	274
76	285
76	296
-1	-1
