-1	-1
6	316
6	328
6	340
6	352
6	365
6	378
6	391
6	403
6	415
6	428
7	286
7	297
7	306
7	315
7	324
7	332
7	340
7	348
7	357
7	366
7	375
7	384
7	392
7	400
7	408
7	416
7	425
7	434
7	443
7	453
7	464
7	477
8	271
8	281
8	290
8	298
8	305
8	312
8	319
8	325
8	332
8	338
8	344
8	351
8	357
8	364
8	370
8	376
8	382
8	388
8	394
8	400
8	406
8	412
8	418
8	424
8	430
8	437
8	444
8	451
8	459
8	467
8	476
8	486
8	498
9	262
9	272
9	280
9	287
9	293
9	299
9	305
9	310
9	316
9	321
9	326
9	331
9	336
9	341
9	346
9	351
9	357
9	362
9	368
9	373
9	379
9	384
9	390
9	395
9	400
9	405
9	410
9	415
9	420
9	426
9	431
9	437
9	443
9	449
9	456
9	463
9	471
9	479
9	488
9	498
10	257
10	266
10	273
10	280
10	286
10	292
10	297
10	302
10	307
10	312
10	317
10	322
10	327
10	332
10	337
10	342
10	347
10	352
10	357
10	362
10	367
10	372
10	377
10	382
10	387
10	392
10	397
10	402
10	406
10	411
10	416
10	421
10	426
10	431
10	436
10	442
10	448
10	454
10	461
10	468
10	476
10	485
10	495
11	258
11	268
11	276
11	283
11	290
11	296
11	302
11	308
11	313
11	319
11	324
11	330
11	335
11	341
11	346
11	352
11	357
11	363
11	368
11	374
11	379
11	384
11	389
11	394
11	399
11	404
11	409
11	414
11	419
11	424
11	429
11	435
11	441
11	447
11	454
11	461
11	468
11	476
11	485
11	495
11	507
12	253
12	263
12	271
12	279
12	286
12	293
12	300
12	307
12	314
12	321
12	328
12	335
12	342
12	349
12	356
12	363
12	369
12	375
12	381
12	387
12	393
12	399
12	404
12	410
12	415
12	421
12	427
12	433
12	440
12	447
12	455
12	463
12	472
12	481
12	491
13	257
13	267
13	276
13	284
13	292
13	300
13	308
13	316
13	324
13	332
13	340
13	348
13	356
13	364
13	372
13	380
13	387
13	394
13	401
13	408
13	415
13	423
13	431
13	440
13	449
13	459
13	470
13	483
14	278
14	289
14	300
14	310
14	320
14	330
14	340
14	350
14	359
14	368
14	377
14	386
14	395
14	404
14	413
14	422
14	432
14	443
14	456
15	290
15	301
15	312
15	322
15	331
15	340
15	349
15	357
15	365
15	373
15	381
15	389
15	397
15	405
15	414
15	423
15	433
15	443
15	455
16	287
16	298
16	307
16	316
16	324
16	331
16	338
16	345
16	352
16	359
16	366
16	373
16	380
16	387
16	394
16	401
16	408
16	415
16	423
16	431
16	440
16	450
16	461
16	475
17	269
17	279
17	288
17	296
17	303
17	310
17	316
17	322
17	328
17	334
17	340
17	345
17	351
17	356
17	361
17	366
17	371
17	376
17	381
17	386
17	391
17	396
17	401
17	406
17	411
17	416
17	421
17	426
17	432
17	438
17	444
17	450
17	457
17	464
17	472
17	481
17	491
17	502
18	262
18	272
18	280
18	287
18	294
18	300
18	306
18	311
18	317
18	322
18	327
18	332
18	337
18	341
18	346
18	350
18	355
18	359
18	363
18	367
18	371
18	375
18	379
18	383
18	387
18	391
18	395
18	399
18	404
18	408
18	413
18	417
18	422
18	427
18	432
18	437
18	442
18	448
18	454
18	460
18	466
18	473
18	480
18	488
18	497
18	507
18	519
19	253
19	263
19	271
19	278
19	284
19	290
19	295
19	300
19	304
19	309
19	313
19	318
19	322
19	326
19	330
19	334
19	338
19	342
19	346
19	350
19	354
19	358
19	362
19	366
19	370
19	373
19	377
19	381
19	384
19	388
19	391
19	395
19	398
19	402
19	405
19	409
19	412
19	416
19	419
19	423
19	427
19	430
19	434
19	438
19	442
19	446
19	450
19	455
19	459
19	464
19	469
19	474
19	479
19	485
19	491
19	498
19	506
19	515
19	525
20	252
20	261
20	269
20	275
20	281
20	287
20	292
20	298
20	303
20	308
20	313
20	318
20	322
20	327
20	331
20	335
20	340
20	344
20	348
20	352
20	356
20	360
20	364
20	368
20	372
20	376
20	380
20	383
20	387
20	391
20	394
20	398
20	401
20	405
20	408
20	412
20	415
20	419
20	422
20	426
20	429
20	433
20	436
20	440
20	443
20	447
20	450
20	454
20	458
20	462
20	466
20	470
20	475
20	479
20	484
20	489
20	495
20	501
20	508
20	516
20	525
20	536
21	251
21	260
21	268
21	275
21	282
21	288
21	294
21	300
21	305
21	311
21	316
21	321
21	326
21	331
21	335
21	340
21	344
21	349
21	353
21	357
21	361
21	365
21	369
21	373
21	377
21	381
21	384
21	388
21	391
21	395
21	398
21	402
21	405
21	409
21	412
21	415
21	419
21	422
21	425
21	428
21	431
21	434
21	437
21	440
21	443
21	446
21	449
21	453
21	456
21	459
21	463
21	466
21	470
21	474
21	478
21	482
21	486
21	491
21	496
21	501
21	507
21	514
21	521
21	530
21	541
22	250
22	260
22	268
22	275
22	282
22	289
22	295
22	301
22	306
22	311
22	315
22	320
22	323
22	327
22	331
22	334
22	338
22	341
22	344
22	348
22	351
22	354
22	357
22	360
22	363
22	366
22	369
22	372
22	374
22	378
22	380
22	383
22	386
22	388
22	391
22	394
22	396
22	399
22	402
22	404
22	407
22	409
22	412
22	414
22	417
22	419
22	422
22	424
22	427
22	429
22	432
22	434
22	437
22	439
22	442
22	444
22	447
22	449
22	452
22	455
22	457
22	460
22	463
22	466
22	468
22	472
22	474
22	478
22	481
22	484
22	488
22	491
22	495
22	499
22	504
22	508
22	514
22	519
22	526
22	534
22	543
23	252
23	262
23	270
23	278
23	284
23	290
23	296
23	301
23	306
23	311
23	314
23	319
23	322
23	325
23	329
23	332
23	334
23	338
23	340
23	342
23	345
23	348
23	350
23	352
23	355
23	357
23	359
23	362
23	363
23	366
23	368
23	370
23	372
23	374
23	376
23	378
23	380
23	382
23	384
23	386
23	388
23	390
23	392
23	393
23	396
23	397
23	399
23	401
23	402
23	404
23	406
23	408
23	409
23	411
23	413
23	415
23	416
23	418
23	420
23	422
23	423
23	425
23	427
23	429
23	430
23	432
23	434
23	436
23	438
23	439
23	442
23	444
23	445
23	448
23	449
23	452
23	454
23	456
23	458
23	460
23	463
23	465
23	467
23	470
23	472
23	475
23	477
23	480
23	483
23	486
23	489
23	492
23	496
23	499
23	503
23	507
23	511
23	516
23	521
23	527
23	534
23	542
23	552
24	256
24	265
24	273
24	280
24	285
24	291
24	294
24	299
24	303
24	307
24	311
24	314
24	318
24	321
24	324
24	328
24	331
24	333
24	336
24	339
24	342
24	343
24	347
24	349
24	351
24	353
24	356
24	358
24	360
24	362
24	364
24	367
24	368
24	371
24	373
24	375
24	377
24	379
24	381
24	383
24	385
24	387
24	389
24	391
24	392
24	394
24	396
24	398
24	400
24	401
24	403
24	405
24	407
24	408
24	410
24	412
24	413
24	415
24	417
24	418
24	420
24	422
24	424
24	425
24	427
24	429
24	431
24	433
24	435
24	437
24	438
24	441
24	443
24	445
24	447
24	449
24	452
24	454
24	456
24	459
24	461
24	464
24	467
24	469
24	473
24	475
24	478
24	481
24	485
24	487
24	491
24	495
24	498
24	503
24	507
24	512
24	517
24	523
24	529
24	536
24	545
24	556
25	253
25	262
25	269
25	274
25	280
25	283
25	288
25	291
25	293
25	297
25	300
25	302
25	305
25	308
25	310
25	313
25	315
25	318
25	320
25	323
25	325
25	328
25	330
25	332
25	335
25	337
25	339
25	342
25	344
25	346
25	349
25	351
25	353
25	355
25	358
25	359
25	362
25	364
25	366
25	368
25	370
25	372
25	374
25	376
25	378
25	380
25	382
25	384
25	386
25	388
25	390
25	392
25	394
25	396
25	398
25	400
25	403
25	404
25	407
25	409
25	411
25	414
25	416
25	418
25	420
25	423
25	425
25	428
25	430
25	433
25	436
25	438
25	441
25	445
25	447
25	451
25	455
25	458
25	462
25	466
25	470
25	475
25	479
25	484
25	488
25	494
25	499
25	505
25	511
25	518
25	526
25	536
26	251
26	260
26	266
26	271
26	275
26	280
26	282
26	286
26	289
26	292
26	294
26	297
26	300
26	302
26	303
26	307
26	308
26	311
26	312
26	315
26	317
26	319
26	321
26	323
26	325
26	327
26	329
26	331
26	333
26	335
26	337
26	339
26	341
26	343
26	345
26	347
26	349
26	352
26	354
26	356
26	358
26	361
26	363
26	365
26	368
26	370
26	372
26	375
26	377
26	379
26	382
26	384
26	387
26	389
26	392
26	394
26	397
26	399
26	402
26	405
26	407
26	410
26	413
26	416
26	419
26	422
26	426
26	429
26	433
26	437
26	441
26	445
26	449
26	454
26	459
26	465
26	470
26	476
26	482
26	489
26	496
26	504
26	513
26	523
27	250
27	259
27	264
27	270
27	273
27	277
27	281
27	283
27	287
27	290
27	293
27	296
27	299
27	302
27	304
27	308
27	310
27	313
27	316
27	318
27	321
27	324
27	326
27	329
27	332
27	334
27	337
27	339
27	342
27	345
27	347
27	350
27	353
27	356
27	358
27	362
27	365
27	368
27	371
27	375
27	378
27	382
27	385
27	389
27	393
27	397
27	401
27	405
27	409
27	414
27	418
27	423
27	428
27	433
27	439
27	445
27	452
27	459
27	467
27	475
27	484
27	494
27	505
28	249
28	258
28	264
28	270
28	274
28	279
28	282
28	287
28	290
28	294
28	298
28	301
28	305
28	309
28	313
28	317
28	321
28	325
28	329
28	334
28	338
28	343
28	348
28	353
28	358
28	363
28	368
28	373
28	378
28	384
28	389
28	395
28	401
28	407
28	414
28	421
28	428
28	436
28	445
28	455
28	467
29	249
29	258
29	264
29	270
29	275
29	280
29	284
29	289
29	293
29	297
29	301
29	305
29	309
29	313
29	317
29	321
29	326
29	330
29	335
29	339
29	344
29	349
29	354
29	359
29	364
29	369
29	375
29	380
29	386
29	392
29	398
29	404
29	410
29	417
29	424
29	432
29	441
29	452
30	249
30	258
30	265
30	271
30	277
30	283
30	289
30	294
30	300
30	305
30	310
30	315
30	320
30	325
30	330
30	335
30	340
30	345
30	351
30	357
30	363
30	369
30	376
30	383
30	391
30	399
30	408
30	418
31	251
31	261
31	269
31	277
31	284
31	291
31	298
31	305
31	313
31	321
31	329
31	337
31	345
31	353
31	362
31	371
31	381
31	394
32	257
32	267
32	276
32	285
32	293
32	301
32	310
32	319
32	329
32	339
32	351
33	257
33	268
33	278
33	287
33	296
33	305
33	314
33	324
33	334
33	345
33	358
34	259
34	270
34	280
34	290
34	300
34	310
34	321
34	332
34	343
34	356
35	261
35	272
35	282
35	292
35	302
35	313
35	324
35	336
36	261
36	272
36	282
36	292
36	302
36	312
36	323
36	334
36	346
36	358
36	371
37	262
37	273
37	283
37	293
37	303
37	313
37	323
37	333
37	344
37	355
37	366
37	377
37	388
37	399
37	412
38	282
38	294
38	305
38	316
38	326
38	336
38	347
38	359
39	330
39	343
39	357
40	286
40	298
40	310
41	286
41	298
41	309
41	320
41	332
41	344
53	328
53	340
53	352
53	364
60	280
60	291
60	301
60	310
60	319
60	328
60	337
60	347
60	357
60	368
60	379
61	291
61	302
61	312
61	321
61	330
61	338
61	346
61	354
61	362
61	371
61	380
61	389
61	398
61	408
61	418
61	430
62	286
62	297
62	308
62	318
62	328
62	338
62	347
62	356
62	365
62	374
62	383
62	392
62	401
62	411
62	421
62	433
63	262
63	272
63	281
63	289
63	297
63	304
63	311
63	318
63	325
63	333
63	341
63	349
63	357
63	366
63	375
63	384
63	394
63	404
63	415
64	258
64	266
64	273
64	279
64	284
64	289
64	294
64	299
64	303
64	308
64	312
64	317
64	321
64	326
64	330
64	335
64	339
64	344
64	349
64	354
64	359
64	364
64	369
64	375
64	381
64	387
64	394
64	401
64	408
64	416
64	424
64	433
64	443
64	454
65	260
65	269
65	275
65	281
65	286
65	291
65	295
65	299
65	303
65	307
65	311
65	314
65	318
65	321
65	325
65	328
65	332
65	335
65	338
65	342
65	345
65	348
65	352
65	355
65	359
65	362
65	366
65	369
65	373
65	376
65	380
65	384
65	387
65	391
65	395
65	399
65	403
65	408
65	412
65	417
65	422
65	427
65	433
65	438
65	444
65	451
65	458
65	466
65	476
66	278
66	288
66	297
66	305
66	312
66	319
66	325
66	331
66	336
66	341
66	346
66	351
66	355
66	360
66	364
66	368
66	372
66	376
66	380
66	384
66	388
66	392
66	396
66	401
66	405
66	410
66	414
66	419
66	424
66	429
66	434
66	440
66	446
66	452
66	458
66	465
66	473
66	482
67	271
67	282
67	292
67	302
67	311
67	320
67	329
67	338
67	347
67	356
67	365
67	374
67	383
67	392
67	401
67	410
67	419
67	428
67	437
67	445
67	453
67	461
67	469
67	478
67	489
68	259
68	268
68	275
68	282
68	288
68	294
68	299
68	304
68	309
68	314
68	319
68	324
68	329
68	334
68	339
68	345
68	350
68	356
68	361
68	367
68	373
68	379
68	385
68	391
68	397
68	403
68	409
68	416
68	422
68	428
68	434
68	440
68	445
68	451
68	456
68	462
68	468
68	475
68	482
68	490
68	500
69	253
69	261
69	267
69	272
69	276
69	281
69	283
69	288
69	291
69	294
69	297
69	301
69	303
69	306
69	309
69	312
69	314
69	318
69	320
69	323
69	326
69	328
69	331
69	334
69	337
69	339
69	342
69	345
69	348
69	350
69	354
69	356
69	359
69	362
69	365
69	368
69	371
69	374
69	377
69	380
69	383
69	386
69	389
69	392
69	395
69	398
69	402
69	405
69	408
69	412
69	415
69	418
69	422
69	425
69	428
69	432
69	434
69	438
69	441
69	444
69	448
69	451
69	455
69	458
69	463
69	467
69	472
69	477
69	483
69	489
69	496
69	505
69	516
70	252
70	261
70	266
70	271
70	274
70	278
70	282
70	283
70	287
70	290
70	292
70	294
70	297
70	300
70	302
70	303
70	306
70	308
70	311
70	312
70	314
70	317
70	318
70	321
70	322
70	324
70	326
70	328
70	330
70	332
70	333
70	336
70	337
70	339
70	341
70	343
70	345
70	346
70	349
70	350
70	352
70	354
70	356
70	358
70	359
70	362
70	363
70	365
70	367
70	369
70	371
70	372
70	375
70	376
70	378
70	380
70	382
70	384
70	386
70	388
70	389
70	392
70	393
70	395
70	397
70	399
70	401
70	403
70	405
70	407
70	409
70	411
70	413
70	415
70	417
70	419
70	421
70	423
70	425
70	427
70	429
70	431
70	433
70	435
70	437
70	439
70	441
70	444
70	446
70	448
70	451
70	454
70	456
70	459
70	462
70	465
70	468
70	472
70	476
70	479
70	484
70	488
70	494
70	500
70	507
70	516
71	262
71	272
71	280
71	286
71	292
71	297
71	302
71	305
71	310
71	313
71	317
71	320
71	323
71	326
71	329
71	332
71	335
71	338
71	341
71	343
71	346
71	349
71	351
71	353
71	356
71	358
71	361
71	363
71	365
71	368
71	370
71	372
71	375
71	377
71	379
71	381
71	384
71	386
71	388
71	390
71	393
71	394
71	397
71	399
71	401
71	403
71	405
71	408
71	409
71	412
71	414
71	416
71	418
71	420
71	423
71	425
71	427
71	429
71	432
71	434
71	437
71	439
71	442
71	445
71	447
71	450
71	454
71	456
71	460
71	464
71	467
71	472
71	476
71	481
71	486
71	492
71	499
71	507
71	518
72	358
72	370
72	381
72	391
72	401
72	411
72	421
72	431
72	441
72	450
72	459
72	468
72	478
73	282
73	294
73	306
73	319
73	440
73	450
73	458
73	466
73	474
73	482
73	491
73	502
74	262
74	272
74	280
74	287
74	294
74	301
74	307
74	313
74	319
74	325
74	331
74	337
74	343
74	349
74	355
74	361
74	368
74	375
74	382
74	389
74	396
74	403
74	411
74	419
74	427
74	434
74	441
74	447
74	453
74	459
74	464
74	470
74	476
74	482
74	488
74	495
74	503
74	513
75	267
75	276
75	283
75	290
75	296
75	302
75	307
75	312
75	317
75	322
75	327
75	332
75	337
75	342
75	347
75	351
75	356
75	361
75	366
75	371
75	376
75	381
75	386
75	391
75	396
75	401
75	406
75	411
75	416
75	421
75	426
75	431
75	437
75	442
75	448
75	454
75	460
75	466
75	473
75	481
75	490
75	504
76	302
76	313
76	323
76	333
76	342
76	351
76	360
76	368
76	376
76	384
76	392
76	400
76	408
76	417
76	426
76	435
76	445
-1	-1
