-1	-1
6	222
6	234
6	245
6	256
6	267
6	278
6	289
6	300
6	312
6	324
6	337
7	197
7	208
7	218
7	228
7	237
7	246
7	255
7	263
7	271
7	279
7	287
7	296
7	305
7	314
7	323
7	332
7	342
7	352
7	362
7	374
8	187
8	197
8	206
8	214
8	222
8	230
8	237
8	244
8	251
8	258
8	264
8	271
8	277
8	284
8	291
8	298
8	305
8	312
8	319
8	327
8	335
8	343
8	351
8	360
8	369
8	379
8	390
9	173
9	183
9	191
9	199
9	206
9	212
9	218
9	223
9	229
9	234
9	239
9	244
9	249
9	254
9	259
9	264
9	269
9	274
9	279
9	284
9	289
9	294
9	299
9	304
9	309
9	315
9	320
9	326
9	331
9	337
9	343
9	349
9	355
9	361
9	368
9	375
9	382
9	390
9	398
9	407
9	417
10	168
10	177
10	184
10	191
10	197
10	203
10	208
10	213
10	218
10	223
10	227
10	232
10	236
10	241
10	245
10	250
10	254
10	259
10	263
10	267
10	272
10	276
10	281
10	285
10	290
10	295
10	300
10	305
10	310
10	315
10	320
10	325
10	330
10	335
10	340
10	345
10	350
10	355
10	361
10	367
10	373
10	379
10	385
10	392
10	399
10	406
10	414
10	423
10	434
11	167
11	176
11	184
11	191
11	198
11	204
11	210
11	216
11	221
11	227
11	232
11	237
11	242
11	247
11	252
11	257
11	262
11	267
11	272
11	277
11	282
11	287
11	293
11	298
11	304
11	310
11	316
11	322
11	328
11	334
11	340
11	346
11	352
11	358
11	365
11	372
11	379
11	386
11	394
11	402
11	411
11	421
12	168
12	178
12	187
12	195
12	203
12	210
12	217
12	224
12	231
12	238
12	244
12	251
12	257
12	263
12	269
12	275
12	282
12	288
12	295
12	302
12	309
12	316
12	323
12	331
12	339
12	347
12	355
12	363
12	372
12	381
12	391
12	401
13	172
13	183
13	193
13	202
13	211
13	219
13	227
13	235
13	243
13	250
13	257
13	264
13	272
13	280
13	288
13	296
13	304
13	312
13	320
13	328
13	336
13	345
13	354
13	363
13	373
13	384
13	396
14	182
14	193
14	203
14	212
14	221
14	229
14	237
14	245
14	252
14	259
14	266
14	273
14	280
14	287
14	294
14	301
14	308
14	315
14	322
14	330
14	338
14	346
14	354
14	363
14	372
14	382
14	393
15	182
15	193
15	202
15	210
15	218
15	225
15	232
15	238
15	244
15	250
15	256
15	261
15	267
15	272
15	277
15	282
15	287
15	292
15	297
15	302
15	307
15	313
15	318
15	324
15	329
15	335
15	341
15	347
15	353
15	359
15	365
15	372
15	379
15	386
15	394
15	402
15	411
15	422
16	178
16	188
16	196
16	203
16	209
16	214
16	220
16	224
16	229
16	233
16	238
16	242
16	246
16	250
16	254
16	258
16	262
16	266
16	270
16	273
16	277
16	281
16	284
16	288
16	291
16	295
16	298
16	302
16	305
16	309
16	312
16	316
16	320
16	323
16	327
16	331
16	334
16	338
16	342
16	346
16	350
16	354
16	358
16	362
16	366
16	370
16	375
16	379
16	384
16	389
16	394
16	400
16	406
16	413
16	420
16	428
16	437
17	171
17	180
17	187
17	193
17	198
17	203
17	207
17	211
17	215
17	219
17	222
17	226
17	229
17	233
17	236
17	239
17	242
17	245
17	248
17	251
17	254
17	257
17	260
17	263
17	266
17	269
17	272
17	275
17	278
17	281
17	284
17	287
17	290
17	293
17	296
17	299
17	302
17	305
17	308
17	311
17	314
17	317
17	320
17	323
17	326
17	329
17	332
17	335
17	338
17	341
17	344
17	347
17	350
17	354
17	357
17	360
17	364
17	367
17	371
17	375
17	378
17	383
17	387
17	391
17	396
17	400
17	406
17	411
17	417
17	424
17	431
17	439
17	449
18	168
18	177
18	184
18	190
18	194
18	199
18	203
18	207
18	211
18	214
18	218
18	221
18	224
18	227
18	230
18	233
18	236
18	239
18	242
18	245
18	248
18	251
18	254
18	257
18	260
18	263
18	266
18	269
18	272
18	275
18	278
18	281
18	284
18	287
18	290
18	293
18	296
18	299
18	303
18	306
18	309
18	313
18	316
18	319
18	323
18	326
18	329
18	333
18	336
18	340
18	343
18	347
18	350
18	354
18	358
18	361
18	366
18	369
18	374
18	378
18	383
18	387
18	392
18	397
18	403
18	409
18	415
18	422
18	430
18	439
18	449
19	163
19	172
19	180
19	186
19	192
19	197
19	202
19	207
19	211
19	216
19	220
19	224
19	228
19	232
19	235
19	239
19	243
19	246
19	250
19	254
19	257
19	261
19	265
19	268
19	272
19	276
19	279
19	283
19	287
19	291
19	295
19	299
19	303
19	307
19	311
19	315
19	319
19	324
19	328
19	333
19	337
19	342
19	346
19	351
19	356
19	361
19	366
19	371
19	377
19	383
19	389
19	396
19	403
19	411
19	419
19	428
19	439
20	161
20	170
20	178
20	184
20	190
20	196
20	201
20	207
20	212
20	217
20	223
20	228
20	233
20	238
20	244
20	249
20	255
20	260
20	266
20	272
20	278
20	284
20	290
20	296
20	302
20	308
20	314
20	320
20	326
20	332
20	338
20	344
20	351
20	358
20	365
20	372
20	380
20	388
20	397
20	406
20	416
20	428
21	159
21	168
21	176
21	183
21	189
21	195
21	201
21	207
21	213
21	219
21	225
21	231
21	237
21	243
21	249
21	255
21	261
21	267
21	273
21	279
21	285
21	291
21	297
21	303
21	309
21	315
21	321
21	327
21	333
21	339
21	345
21	351
21	357
21	363
21	370
21	377
21	384
21	392
21	400
21	409
21	418
21	429
22	157
22	166
22	173
22	180
22	186
22	192
22	197
22	202
22	207
22	212
22	217
22	222
22	227
22	232
22	237
22	242
22	247
22	252
22	257
22	262
22	267
22	271
22	276
22	280
22	285
22	289
22	294
22	298
22	303
22	307
22	312
22	316
22	320
22	324
22	328
22	332
22	336
22	340
22	344
22	348
22	352
22	357
22	361
22	366
22	370
22	375
22	380
22	385
22	390
22	396
22	402
22	408
22	415
22	422
22	430
22	439
22	449
23	161
23	171
23	179
23	186
23	193
23	199
23	204
23	210
23	215
23	220
23	225
23	230
23	234
23	238
23	242
23	246
23	250
23	253
23	257
23	260
23	263
23	267
23	270
23	273
23	276
23	279
23	282
23	285
23	288
23	291
23	293
23	297
23	299
23	302
23	305
23	308
23	311
23	313
23	316
23	319
23	321
23	324
23	327
23	329
23	332
23	335
23	337
23	340
23	343
23	345
23	348
23	350
23	353
23	356
23	358
23	361
23	364
23	366
23	369
23	372
23	375
23	377
23	381
23	384
23	387
23	390
23	394
23	397
23	401
23	405
23	408
23	413
23	417
23	422
23	427
23	432
23	438
23	445
23	452
23	460
23	470
24	162
24	172
24	180
24	186
24	192
24	196
24	201
24	204
24	209
24	212
24	215
24	219
24	222
24	225
24	228
24	231
24	234
24	237
24	240
24	242
24	245
24	247
24	250
24	252
24	254
24	257
24	259
24	261
24	264
24	266
24	268
24	271
24	273
24	275
24	277
24	280
24	281
24	284
24	286
24	288
24	290
24	292
24	294
24	296
24	298
24	300
24	302
24	304
24	306
24	308
24	310
24	313
24	315
24	317
24	319
24	322
24	324
24	326
24	328
24	331
24	333
24	335
24	337
24	340
24	342
24	344
24	346
24	349
24	350
24	353
24	355
24	357
24	359
24	361
24	364
24	365
24	368
24	370
24	372
24	375
24	376
24	379
24	381
24	384
24	386
24	388
24	391
24	394
24	396
24	399
24	402
24	405
24	407
24	411
24	414
24	417
24	420
24	424
24	427
24	431
24	436
24	440
24	445
24	450
24	456
24	463
24	471
24	481
25	160
25	169
25	176
25	182
25	188
25	192
25	197
25	201
25	204
25	208
25	211
25	213
25	217
25	219
25	222
25	224
25	227
25	229
25	232
25	234
25	236
25	239
25	241
25	243
25	245
25	248
25	250
25	252
25	254
25	256
25	258
25	260
25	262
25	264
25	266
25	268
25	270
25	272
25	274
25	276
25	278
25	280
25	282
25	284
25	286
25	288
25	290
25	292
25	294
25	296
25	298
25	300
25	302
25	304
25	306
25	308
25	310
25	312
25	314
25	316
25	318
25	320
25	323
25	324
25	327
25	329
25	331
25	334
25	336
25	338
25	341
25	343
25	345
25	348
25	350
25	353
25	355
25	358
25	360
25	363
25	366
25	368
25	371
25	374
25	377
25	380
25	383
25	386
25	389
25	393
25	396
25	400
25	404
25	408
25	412
25	416
25	421
25	426
25	431
25	437
25	443
25	450
25	458
25	467
26	160
26	169
26	175
26	181
26	185
26	190
26	194
26	198
26	202
26	206
26	210
26	213
26	217
26	220
26	223
26	226
26	229
26	232
26	234
26	237
26	240
26	242
26	245
26	248
26	250
26	253
26	256
26	258
26	261
26	264
26	266
26	269
26	272
26	274
26	277
26	280
26	283
26	285
26	289
26	291
26	295
26	297
26	301
26	304
26	307
26	310
26	314
26	316
26	320
26	323
26	326
26	330
26	333
26	337
26	340
26	344
26	347
26	351
26	355
26	359
26	363
26	367
26	372
26	376
26	381
26	386
26	392
26	398
26	404
26	411
26	418
26	426
26	434
26	443
26	454
27	157
27	164
27	170
27	173
27	178
27	181
27	184
27	188
27	191
27	193
27	196
27	199
27	201
27	204
27	206
27	209
27	211
27	214
27	216
27	219
27	221
27	224
27	226
27	229
27	231
27	234
27	237
27	239
27	242
27	245
27	247
27	250
27	253
27	256
27	259
27	262
27	265
27	268
27	271
27	275
27	278
27	282
27	285
27	289
27	293
27	297
27	301
27	305
27	309
27	314
27	318
27	323
27	328
27	333
27	338
27	343
27	349
27	355
27	361
27	368
27	375
27	383
27	392
27	402
27	413
28	156
28	163
28	170
28	174
28	180
28	183
28	188
28	191
28	195
28	198
28	202
28	205
28	208
28	211
28	214
28	217
28	220
28	223
28	226
28	229
28	232
28	235
28	238
28	241
28	244
28	247
28	251
28	254
28	258
28	261
28	265
28	268
28	272
28	276
28	280
28	285
28	289
28	294
28	299
28	304
28	310
28	316
28	322
28	328
28	335
28	342
28	349
28	357
28	365
28	374
28	384
29	159
29	168
29	175
29	182
29	189
29	195
29	201
29	207
29	213
29	219
29	225
29	231
29	237
29	243
29	249
29	255
29	261
29	267
29	274
29	281
29	288
29	295
29	303
29	311
29	320
29	329
29	339
29	350
30	162
30	171
30	179
30	186
30	192
30	198
30	204
30	210
30	216
30	222
30	228
30	234
30	240
30	247
30	254
30	261
30	268
30	276
30	284
30	293
30	302
30	312
30	323
31	168
31	178
31	187
31	196
31	205
31	214
31	222
31	230
31	238
31	246
31	254
31	263
31	272
31	282
31	292
31	303
32	177
32	188
32	198
32	208
32	218
32	228
32	238
32	248
32	258
32	268
32	279
32	291
33	172
33	182
33	191
33	199
33	207
33	214
33	221
33	228
33	236
33	244
33	252
33	261
33	270
33	280
33	290
33	303
34	181
34	193
34	204
34	214
34	224
34	233
34	242
34	251
34	260
34	270
34	280
34	291
34	305
35	200
35	213
35	227
35	240
35	251
35	262
35	273
35	285
36	178
36	189
36	198
36	207
36	216
36	225
36	234
36	243
36	253
36	263
36	273
36	283
36	294
37	181
37	192
37	203
37	213
37	223
37	232
37	241
37	251
37	261
37	272
37	284
38	188
38	201
38	239
38	251
38	263
39	176
39	187
39	197
39	206
39	215
39	225
39	235
39	246
39	257
39	268
39	279
40	173
40	183
40	192
40	200
40	208
40	215
40	222
40	230
40	238
40	246
40	255
40	265
40	275
40	286
41	212
41	223
41	234
41	244
41	255
41	268
48	207
48	219
48	231
49	212
49	224
49	235
49	246
62	232
63	183
63	193
63	202
63	211
63	219
63	227
63	235
63	243
63	251
63	260
63	269
63	279
63	289
63	300
63	312
64	171
64	180
64	188
64	194
64	200
64	205
64	210
64	215
64	220
64	224
64	229
64	233
64	238
64	242
64	247
64	252
64	257
64	262
64	267
64	273
64	278
64	284
64	290
64	297
64	304
64	312
64	320
64	329
64	339
64	349
64	361
65	168
65	176
65	182
65	186
65	191
65	194
65	198
65	202
65	204
65	208
65	211
65	213
65	217
65	219
65	222
65	225
65	227
65	230
65	233
65	235
65	238
65	240
65	243
65	246
65	248
65	251
65	254
65	256
65	259
65	262
65	265
65	268
65	271
65	274
65	277
65	280
65	284
65	287
65	291
65	295
65	298
65	303
65	306
65	311
65	315
65	320
65	325
65	330
65	336
65	342
65	348
65	355
65	362
65	370
65	378
65	387
65	397
65	409
66	168
66	175
66	181
66	184
66	189
66	192
66	195
66	199
66	201
66	203
66	207
66	209
66	211
66	213
66	216
66	218
66	220
66	222
66	224
66	226
66	228
66	230
66	232
66	234
66	236
66	238
66	240
66	242
66	243
66	246
66	247
66	249
66	251
66	253
66	255
66	257
66	258
66	261
66	262
66	264
66	266
66	268
66	270
66	272
66	274
66	276
66	278
66	280
66	282
66	284
66	286
66	288
66	290
66	293
66	295
66	297
66	299
66	302
66	304
66	307
66	309
66	312
66	315
66	317
66	320
66	323
66	326
66	329
66	332
66	335
66	338
66	342
66	345
66	349
66	352
66	356
66	360
66	364
66	368
66	373
66	377
66	382
66	387
66	392
66	398
66	404
66	410
66	417
66	425
66	435
67	173
67	183
67	191
67	198
67	204
67	210
67	215
67	220
67	224
67	228
67	232
67	235
67	239
67	242
67	245
67	248
67	251
67	253
67	256
67	259
67	261
67	264
67	266
67	269
67	271
67	273
67	276
67	278
67	280
67	282
67	285
67	287
67	289
67	291
67	293
67	296
67	297
67	300
67	302
67	304
67	306
67	308
67	310
67	313
67	314
67	317
67	319
67	321
67	323
67	326
67	327
67	330
67	332
67	334
67	337
67	338
67	341
67	343
67	346
67	348
67	350
67	353
67	355
67	358
67	360
67	363
67	365
67	368
67	370
67	374
67	376
67	379
67	382
67	385
67	388
67	391
67	394
67	397
67	400
67	404
67	407
67	411
67	415
67	419
67	424
67	429
67	435
67	441
67	448
67	457
68	251
68	261
68	269
68	276
68	282
68	286
68	291
68	294
68	298
68	302
68	304
68	308
68	311
68	313
68	316
68	319
68	321
68	324
68	326
68	329
68	331
68	333
68	336
68	338
68	340
68	342
68	345
68	347
68	349
68	351
68	353
68	356
68	357
68	360
68	362
68	364
68	366
68	368
68	370
68	373
68	374
68	377
68	379
68	381
68	384
68	386
68	388
68	391
68	393
68	396
68	398
68	401
68	404
68	406
68	409
68	412
68	415
68	418
68	422
68	426
68	429
68	434
68	438
68	444
68	450
68	457
68	465
68	475
69	297
69	307
69	315
69	322
69	329
69	334
69	340
69	344
69	349
69	353
69	357
69	361
69	364
69	368
69	372
69	375
69	379
69	383
69	387
69	391
69	395
69	399
69	404
69	409
69	415
69	421
69	428
69	436
69	446
70	179
70	190
70	200
70	210
70	219
70	228
70	238
70	248
70	258
70	269
71	168
71	177
71	184
71	191
71	197
71	203
71	208
71	213
71	218
71	223
71	228
71	233
71	238
71	243
71	248
71	253
71	259
71	265
71	271
71	277
71	284
71	291
71	298
71	306
71	315
71	325
71	336
72	162
72	171
72	177
72	182
72	186
72	191
72	193
72	198
72	201
72	204
72	208
72	211
72	213
72	217
72	219
72	222
72	225
72	228
72	230
72	233
72	236
72	238
72	241
72	244
72	246
72	249
72	252
72	255
72	257
72	260
72	263
72	266
72	269
72	272
72	275
72	278
72	281
72	285
72	288
72	292
72	295
72	299
72	303
72	307
72	311
72	316
72	320
72	325
72	330
72	336
72	342
72	348
72	355
72	362
72	369
72	377
72	385
72	393
72	402
72	412
73	166
73	173
73	180
73	183
73	188
73	192
73	195
73	199
73	202
73	204
73	208
73	210
73	213
73	216
73	218
73	221
73	223
73	226
73	228
73	231
73	233
73	235
73	238
73	240
73	242
73	244
73	247
73	249
73	251
73	253
73	256
73	258
73	260
73	262
73	265
73	267
73	269
73	271
73	274
73	276
73	278
73	281
73	283
73	285
73	288
73	290
73	293
73	295
73	298
73	300
73	303
73	306
73	308
73	311
73	314
73	317
73	319
73	323
73	325
73	329
73	331
73	335
73	338
73	341
73	345
73	348
73	352
73	356
73	359
73	364
73	367
73	372
73	376
73	380
73	385
73	389
73	394
73	398
73	403
73	408
73	414
73	420
73	427
73	435
73	444
74	179
74	189
74	197
74	204
74	211
74	217
74	223
74	229
74	234
74	239
74	244
74	249
74	253
74	258
74	262
74	266
74	270
74	274
74	278
74	282
74	285
74	289
74	292
74	296
74	299
74	303
74	306
74	310
74	313
74	317
74	320
74	324
74	327
74	331
74	334
74	338
74	341
74	345
74	348
74	352
74	355
74	359
74	362
74	366
74	369
74	373
74	377
74	380
74	384
74	388
74	392
74	396
74	400
74	404
74	408
74	413
74	418
74	424
74	430
74	437
74	445
74	455
75	317
75	328
75	338
75	348
75	357
75	366
75	375
75	384
75	393
75	402
75	412
-1	-1
