-1	-1
7	192
7	204
7	215
7	225
7	235
7	245
7	256
7	266
7	276
7	286
7	296
7	307
8	178
8	189
8	198
8	206
8	214
8	222
8	230
8	238
8	246
8	254
8	262
8	270
8	278
8	286
8	294
8	302
8	311
8	321
8	332
9	172
9	182
9	191
9	199
9	206
9	213
9	219
9	225
9	231
9	237
9	243
9	249
9	256
9	263
9	270
9	277
9	284
9	291
9	298
9	306
9	314
9	323
9	333
9	344
10	169
10	179
10	187
10	194
10	201
10	207
10	213
10	219
10	224
10	230
10	235
10	241
10	247
10	253
10	259
10	265
10	271
10	277
10	283
10	290
10	297
10	304
10	312
10	320
10	329
10	339
11	167
11	176
11	184
11	191
11	198
11	204
11	210
11	216
11	222
11	228
11	234
11	240
11	246
11	253
11	260
11	267
11	274
11	281
11	289
11	297
11	306
11	316
11	328
12	171
12	182
12	192
12	201
12	210
12	218
12	226
12	235
12	244
12	253
12	262
12	272
12	282
12	293
13	177
13	188
13	198
13	208
13	218
13	228
13	238
13	249
13	260
13	273
14	191
14	203
14	215
14	228
17	231
17	244
17	258
18	207
18	218
18	229
18	239
18	249
18	259
18	270
18	281
19	198
19	209
19	219
19	228
19	236
19	244
19	252
19	260
19	268
19	276
19	284
19	292
19	301
19	310
19	320
19	331
20	180
20	190
20	199
20	207
20	214
20	220
20	226
20	232
20	238
20	243
20	248
20	253
20	258
20	263
20	268
20	273
20	278
20	284
20	289
20	295
20	301
20	307
20	314
20	321
20	329
20	337
20	346
20	356
20	368
21	171
21	181
21	189
21	196
21	202
21	207
21	212
21	216
21	221
21	225
21	229
21	233
21	237
21	241
21	244
21	248
21	252
21	255
21	259
21	263
21	266
21	270
21	274
21	277
21	281
21	285
21	289
21	293
21	297
21	302
21	306
21	311
21	316
21	321
21	327
21	333
21	339
21	346
21	353
21	361
21	369
21	378
21	388
22	168
22	177
22	183
22	189
22	194
22	199
22	203
22	208
22	211
22	215
22	219
22	222
22	226
22	229
22	232
22	236
22	239
22	242
22	245
22	248
22	251
22	254
22	257
22	260
22	263
22	266
22	269
22	273
22	276
22	279
22	283
22	286
22	289
22	293
22	296
22	300
22	304
22	308
22	312
22	316
22	320
22	325
22	329
22	335
22	340
22	346
22	352
22	358
22	364
22	371
22	378
22	386
22	394
22	403
22	414
23	166
23	174
23	181
23	185
23	191
23	194
23	199
23	202
23	206
23	210
23	213
23	217
23	220
23	224
23	227
23	231
23	234
23	238
23	241
23	245
23	248
23	252
23	256
23	259
23	263
23	267
23	270
23	274
23	278
23	282
23	286
23	290
23	294
23	298
23	303
23	307
23	312
23	317
23	322
23	327
23	333
23	338
23	344
23	350
23	356
23	362
23	368
23	375
23	382
23	390
23	399
23	409
24	162
24	171
24	179
24	186
24	192
24	198
24	203
24	208
24	213
24	218
24	223
24	228
24	233
24	238
24	243
24	248
24	253
24	258
24	263
24	268
24	273
24	278
24	283
24	288
24	293
24	298
24	304
24	309
24	315
24	321
24	327
24	333
24	339
24	345
24	351
24	357
24	364
24	371
24	378
24	386
24	395
24	405
25	160
25	169
25	176
25	183
25	189
25	195
25	201
25	206
25	212
25	217
25	223
25	228
25	234
25	239
25	244
25	250
25	255
25	260
25	265
25	270
25	274
25	279
25	283
25	288
25	292
25	297
25	301
25	306
25	311
25	316
25	321
25	326
25	332
25	337
25	343
25	349
25	355
25	361
25	368
25	375
25	383
25	392
25	402
26	159
26	168
26	176
26	183
26	190
26	196
26	202
26	208
26	213
26	218
26	223
26	228
26	233
26	237
26	242
26	246
26	250
26	254
26	258
26	261
26	265
26	268
26	272
26	275
26	278
26	282
26	284
26	288
26	291
26	294
26	298
26	301
26	305
26	308
26	312
26	316
26	320
26	324
26	328
26	333
26	338
26	343
26	349
26	355
26	361
26	368
26	375
26	383
26	392
26	402
27	160
27	170
27	179
27	187
27	194
27	201
27	207
27	213
27	218
27	223
27	227
27	231
27	235
27	239
27	242
27	245
27	249
27	251
27	254
27	257
27	260
27	262
27	265
27	268
27	270
27	273
27	275
27	278
27	280
27	283
27	285
27	288
27	290
27	293
27	295
27	298
27	301
27	304
27	306
27	309
27	313
27	315
27	319
27	322
27	326
27	330
27	334
27	338
27	343
27	348
27	354
27	360
27	367
27	374
27	382
27	390
27	399
27	410
28	169
28	179
28	188
28	195
28	201
28	206
28	211
28	215
28	220
28	223
28	227
28	230
28	233
28	236
28	239
28	242
28	244
28	247
28	250
28	252
28	255
28	257
28	260
28	262
28	265
28	267
28	270
28	272
28	274
28	277
28	279
28	282
28	284
28	287
28	289
28	292
28	295
28	297
28	300
28	304
28	306
28	310
28	313
28	317
28	320
28	325
28	329
28	334
28	339
28	345
28	351
28	358
28	365
28	373
28	381
28	390
28	400
29	169
29	179
29	187
29	193
29	199
29	203
29	208
29	212
29	215
29	219
29	222
29	225
29	229
29	231
29	234
29	237
29	240
29	242
29	245
29	248
29	250
29	253
29	256
29	258
29	261
29	264
29	266
29	269
29	272
29	275
29	277
29	280
29	284
29	286
29	290
29	293
29	297
29	300
29	305
29	308
29	313
29	317
29	323
29	328
29	335
29	342
29	350
29	359
29	369
29	380
29	393
30	166
30	174
30	181
30	187
30	192
30	197
30	202
30	206
30	211
30	214
30	218
30	221
30	225
30	228
30	232
30	235
30	238
30	242
30	245
30	248
30	252
30	255
30	258
30	262
30	265
30	269
30	272
30	276
30	279
30	284
30	287
30	292
30	297
30	302
30	308
30	314
30	321
30	329
30	338
30	349
31	160
31	169
31	174
31	180
31	182
31	187
31	190
31	193
31	196
31	200
31	202
31	205
31	208
31	211
31	214
31	217
31	220
31	223
31	226
31	229
31	232
31	235
31	238
31	241
31	244
31	247
31	250
31	254
31	257
31	261
31	265
31	268
31	273
31	276
31	281
31	286
31	291
31	297
31	303
31	310
31	318
31	327
32	160
32	169
32	174
32	180
32	182
32	187
32	190
32	192
32	196
32	198
32	201
32	203
32	206
32	209
32	211
32	214
32	216
32	219
32	221
32	224
32	227
32	229
32	232
32	235
32	237
32	240
32	244
32	246
32	249
32	253
32	256
32	259
32	263
32	267
32	271
32	275
32	280
32	285
32	290
32	296
32	303
32	311
32	320
33	162
33	172
33	180
33	188
33	195
33	201
33	207
33	212
33	217
33	222
33	227
33	232
33	237
33	242
33	247
33	252
33	258
33	264
33	270
33	277
33	284
33	292
33	302
34	158
34	167
34	174
34	180
34	186
34	192
34	197
34	203
34	208
34	214
34	219
34	225
34	231
34	237
34	243
34	249
34	256
34	263
34	271
34	280
34	291
35	158
35	166
35	172
35	178
35	183
35	187
35	192
35	196
35	200
35	204
35	208
35	213
35	217
35	222
35	227
35	232
35	237
35	243
35	249
35	256
35	263
35	271
35	280
35	291
36	162
36	172
36	180
36	188
36	195
36	202
36	209
36	216
36	223
36	230
36	238
36	246
36	255
36	265
36	276
37	168
37	179
37	189
37	199
37	209
37	220
37	231
37	243
38	170
38	180
38	189
38	198
38	206
38	215
38	224
38	233
38	243
38	254
39	177
39	187
39	196
39	204
39	212
39	220
39	228
39	237
39	246
39	256
42	189
42	201
42	213
43	199
43	211
62	183
62	194
62	204
62	213
62	222
62	231
62	241
62	252
62	265
63	170
63	180
63	188
63	195
63	201
63	207
63	213
63	219
63	225
63	231
63	237
63	243
63	250
63	257
63	265
63	273
63	282
63	293
64	167
64	174
64	181
64	185
64	191
64	193
64	198
64	201
64	205
64	208
64	212
64	214
64	218
64	221
64	224
64	227
64	231
64	234
64	237
64	241
64	244
64	248
64	252
64	256
64	260
64	265
64	269
64	275
64	280
64	286
64	293
64	301
64	310
64	321
65	165
65	172
65	178
65	182
65	185
65	190
65	192
65	194
65	198
65	200
65	202
65	205
65	207
65	210
65	212
65	213
65	216
65	218
65	220
65	222
65	224
65	226
65	228
65	230
65	232
65	234
65	236
65	238
65	240
65	243
65	244
65	247
65	249
65	251
65	254
65	256
65	258
65	261
65	264
65	266
65	269
65	272
65	275
65	278
65	282
65	286
65	289
65	294
65	298
65	304
65	309
65	316
65	323
65	331
65	341
66	168
66	175
66	181
66	185
66	190
66	193
66	197
66	200
66	203
66	206
66	209
66	211
66	213
66	216
66	218
66	221
66	222
66	225
66	227
66	229
66	231
66	233
66	235
66	237
66	239
66	241
66	243
66	245
66	247
66	249
66	251
66	253
66	255
66	257
66	259
66	261
66	264
66	266
66	268
66	270
66	273
66	276
66	278
66	281
66	284
66	287
66	290
66	294
66	297
66	301
66	305
66	309
66	314
66	318
66	324
66	330
66	337
66	345
66	354
67	210
67	220
67	228
67	234
67	240
67	243
67	248
67	251
67	254
67	258
67	261
67	264
67	267
67	270
67	273
67	276
67	279
67	283
67	286
67	289
67	293
67	297
67	300
67	305
67	308
67	313
67	317
67	322
67	327
67	333
67	339
67	346
67	354
67	364
68	241
68	250
68	257
68	262
68	267
68	271
68	275
68	279
68	283
68	287
68	291
68	295
68	299
68	303
68	307
68	311
68	316
68	320
68	325
68	330
68	336
68	342
68	349
68	357
68	366
69	258
69	268
69	275
69	281
69	286
69	291
69	295
69	300
69	304
69	309
69	313
69	318
69	323
69	328
69	334
69	340
69	347
69	355
69	365
70	181
70	192
70	202
70	211
70	220
70	229
70	239
70	249
70	260
70	271
70	281
70	290
70	297
70	304
70	311
70	318
70	325
70	333
70	342
70	352
71	168
71	177
71	183
71	189
71	194
71	200
71	204
71	209
71	213
71	218
71	222
71	227
71	231
71	236
71	241
71	246
71	251
71	257
71	263
71	269
71	276
71	284
71	292
71	301
71	311
71	321
71	333
72	163
72	171
72	177
72	182
72	186
72	191
72	193
72	197
72	201
72	203
72	206
72	209
72	212
72	214
72	217
72	220
72	222
72	225
72	228
72	230
72	233
72	236
72	238
72	241
72	244
72	246
72	249
72	252
72	255
72	258
72	261
72	265
72	268
72	272
72	276
72	280
72	285
72	289
72	295
72	300
72	306
72	312
72	319
72	326
72	333
72	341
72	349
72	358
72	369
73	167
73	174
73	181
73	185
73	190
73	193
73	197
73	201
73	203
73	207
73	210
73	213
73	216
73	219
73	222
73	224
73	227
73	230
73	232
73	235
73	237
73	240
73	242
73	245
73	247
73	250
73	252
73	255
73	257
73	260
73	263
73	265
73	268
73	271
73	274
73	277
73	280
73	284
73	287
73	291
73	295
73	299
73	303
73	308
73	312
73	317
73	321
73	326
73	331
73	336
73	341
73	346
73	351
73	357
73	363
73	370
73	377
73	386
73	397
74	196
74	207
74	217
74	226
74	234
74	241
74	247
74	253
74	258
74	263
74	268
74	273
74	278
74	283
74	288
74	293
74	298
74	303
74	308
74	313
74	318
74	323
74	328
74	333
74	338
74	343
74	348
74	353
74	358
74	364
74	370
74	377
74	385
74	394
74	405
75	289
75	300
75	310
75	320
75	330
75	340
75	350
-1	-1
