-1	-1
6	227
6	238
6	248
6	258
6	268
6	278
6	289
6	300
6	311
6	322
6	334
6	346
7	211
7	221
7	230
7	238
7	246
7	253
7	260
7	267
7	274
7	281
7	288
7	295
7	303
7	311
7	319
7	327
7	335
7	343
7	351
7	359
7	368
7	378
7	389
7	403
8	199
8	209
8	217
8	224
8	230
8	235
8	241
8	246
8	251
8	256
8	261
8	266
8	271
8	276
8	281
8	286
8	291
8	296
8	301
8	306
8	312
8	317
8	323
8	329
8	335
8	341
8	347
8	353
8	359
8	366
8	373
8	380
8	388
8	397
8	406
8	416
8	428
9	193
9	203
9	211
9	218
9	224
9	230
9	234
9	239
9	243
9	248
9	252
9	256
9	260
9	264
9	268
9	272
9	276
9	280
9	284
9	288
9	292
9	296
9	300
9	304
9	308
9	312
9	316
9	320
9	324
9	328
9	332
9	336
9	341
9	345
9	350
9	354
9	359
9	364
9	369
9	374
9	380
9	386
9	393
9	400
9	408
9	416
9	425
9	436
10	190
10	200
10	208
10	215
10	221
10	227
10	232
10	237
10	242
10	247
10	252
10	257
10	262
10	266
10	271
10	275
10	280
10	284
10	289
10	293
10	297
10	301
10	305
10	309
10	313
10	317
10	321
10	325
10	329
10	333
10	337
10	340
10	344
10	348
10	351
10	355
10	359
10	363
10	367
10	371
10	376
10	380
10	385
10	390
10	396
10	402
10	408
10	415
10	423
10	432
10	442
11	191
11	201
11	209
11	216
11	223
11	230
11	236
11	242
11	248
11	254
11	260
11	266
11	272
11	278
11	284
11	290
11	295
11	300
11	305
11	310
11	314
11	319
11	323
11	328
11	332
11	337
11	341
11	346
11	350
11	355
11	359
11	364
11	369
11	375
11	380
11	386
11	393
11	400
11	407
11	415
11	423
11	432
11	442
11	455
12	192
12	202
12	210
12	218
12	225
12	232
12	239
12	246
12	253
12	261
12	269
12	277
12	284
12	291
12	297
12	303
12	309
12	315
12	320
12	326
12	331
12	337
12	342
12	348
12	353
12	359
12	365
12	371
12	378
12	385
12	393
12	401
12	410
12	419
12	429
12	441
13	200
13	211
13	221
13	231
13	241
13	251
13	262
13	273
13	283
13	292
13	301
13	309
13	317
13	325
13	333
13	341
13	349
13	357
13	366
13	376
13	387
14	201
14	213
14	225
14	238
14	290
14	302
14	313
14	324
14	335
14	346
14	359
16	298
16	310
16	322
16	334
16	347
17	276
17	287
17	297
17	307
17	317
17	326
17	335
17	344
17	354
17	364
17	376
18	227
18	239
18	250
18	260
18	270
18	279
18	287
18	295
18	302
18	309
18	316
18	323
18	330
18	337
18	344
18	351
18	358
18	366
18	374
18	383
18	393
18	403
18	414
18	425
19	210
19	221
19	230
19	239
19	247
19	255
19	262
19	269
19	275
19	281
19	287
19	292
19	297
19	302
19	307
19	312
19	317
19	322
19	327
19	332
19	337
19	342
19	347
19	352
19	357
19	363
19	369
19	375
19	382
19	389
19	397
19	405
19	413
19	421
19	430
19	440
19	451
20	203
20	213
20	221
20	229
20	236
20	242
20	248
20	254
20	260
20	265
20	270
20	275
20	280
20	284
20	289
20	293
20	297
20	301
20	305
20	309
20	313
20	317
20	321
20	325
20	329
20	333
20	337
20	341
20	345
20	349
20	353
20	357
20	362
20	366
20	371
20	376
20	381
20	387
20	393
20	399
20	405
20	411
20	417
20	423
20	430
20	437
20	445
20	453
20	462
20	473
21	198
21	208
21	216
21	223
21	230
21	236
21	242
21	247
21	252
21	257
21	262
21	267
21	272
21	276
21	281
21	285
21	289
21	293
21	297
21	301
21	305
21	309
21	313
21	317
21	321
21	325
21	329
21	333
21	337
21	341
21	345
21	349
21	353
21	357
21	362
21	366
21	371
21	376
21	381
21	386
21	391
21	397
21	402
21	408
21	413
21	418
21	424
21	429
21	435
21	441
21	447
21	454
21	461
21	469
21	478
21	488
22	192
22	201
22	209
22	215
22	221
22	227
22	232
22	238
22	243
22	248
22	253
22	258
22	263
22	268
22	273
22	278
22	283
22	288
22	292
22	297
22	301
22	306
22	310
22	315
22	319
22	324
22	328
22	333
22	337
22	342
22	347
22	352
22	357
22	362
22	367
22	373
22	378
22	384
22	390
22	396
22	402
22	408
22	413
22	418
22	423
22	428
22	434
22	439
22	445
22	451
22	457
22	464
22	471
22	478
22	486
22	495
22	505
23	191
23	200
23	207
23	213
23	219
23	225
23	230
23	235
23	241
23	246
23	251
23	257
23	262
23	267
23	272
23	278
23	283
23	288
23	293
23	298
23	303
23	308
23	313
23	318
23	323
23	328
23	333
23	338
23	344
23	349
23	355
23	361
23	367
23	373
23	379
23	386
23	393
23	400
23	407
23	413
23	419
23	425
23	431
23	437
23	443
23	450
23	457
23	464
23	471
23	479
23	487
23	496
23	507
24	191
24	202
24	211
24	220
24	228
24	236
24	243
24	250
24	257
24	264
24	271
24	277
24	283
24	289
24	295
24	300
24	306
24	311
24	316
24	321
24	326
24	331
24	336
24	341
24	346
24	351
24	356
24	361
24	366
24	371
24	377
24	383
24	389
24	395
24	401
24	407
24	413
24	419
24	425
24	431
24	438
24	444
24	451
24	458
24	465
24	473
24	482
24	492
25	188
25	198
25	207
25	215
25	223
25	230
25	237
25	243
25	249
25	254
25	259
25	264
25	269
25	273
25	277
25	281
25	285
25	289
25	293
25	296
25	300
25	303
25	307
25	310
25	313
25	317
25	320
25	323
25	326
25	329
25	332
25	335
25	338
25	341
25	345
25	347
25	351
25	354
25	357
25	361
25	364
25	368
25	371
25	375
25	379
25	383
25	387
25	392
25	396
25	401
25	406
25	411
25	416
25	421
25	426
25	431
25	436
25	442
25	447
25	453
25	459
25	466
25	473
25	481
25	491
26	191
26	201
26	210
26	218
26	225
26	231
26	237
26	242
26	246
26	251
26	254
26	258
26	262
26	264
26	268
26	271
26	273
26	277
26	279
26	282
26	285
26	287
26	290
26	292
26	295
26	297
26	300
26	302
26	304
26	307
26	309
26	311
26	313
26	316
26	318
26	320
26	322
26	324
26	327
26	328
26	331
26	333
26	335
26	337
26	339
26	342
26	344
26	346
26	348
26	351
26	353
26	355
26	358
26	360
26	362
26	365
26	367
26	370
26	372
26	375
26	378
26	380
26	384
26	386
26	390
26	393
26	397
26	400
26	404
26	408
26	412
26	416
26	420
26	425
26	429
26	434
26	438
26	443
26	448
26	454
26	460
26	466
26	473
26	481
26	490
26	503
27	199
27	209
27	216
27	222
27	227
27	232
27	236
27	241
27	243
27	248
27	251
27	253
27	257
27	259
27	262
27	264
27	267
27	270
27	272
27	274
27	277
27	279
27	281
27	283
27	285
27	288
27	289
27	292
27	293
27	296
27	298
27	300
27	302
27	304
27	306
27	308
27	310
27	312
27	314
27	316
27	318
27	320
27	322
27	324
27	326
27	328
27	330
27	332
27	334
27	336
27	338
27	340
27	342
27	344
27	346
27	348
27	350
27	353
27	355
27	357
27	359
27	362
27	364
27	366
27	369
27	371
27	374
27	377
27	379
27	383
27	385
27	388
27	392
27	395
27	399
27	403
27	407
27	411
27	416
27	420
27	425
27	430
27	435
27	440
27	446
27	452
27	458
27	465
27	472
27	480
27	490
28	199
28	208
28	213
28	219
28	222
28	226
28	230
28	232
28	236
28	239
28	241
28	244
28	247
28	250
28	252
28	255
28	257
28	260
28	262
28	264
28	267
28	269
28	271
28	273
28	276
28	278
28	280
28	282
28	284
28	286
28	289
28	290
28	292
28	295
28	296
28	299
28	301
28	303
28	305
28	307
28	309
28	311
28	314
28	315
28	318
28	320
28	322
28	325
28	326
28	329
28	331
28	334
28	336
28	338
28	341
28	343
28	346
28	348
28	351
28	354
28	356
28	359
28	362
28	365
28	368
28	371
28	374
28	377
28	381
28	384
28	388
28	392
28	396
28	401
28	406
28	411
28	416
28	422
28	428
28	434
28	440
28	447
28	454
28	462
28	471
28	481
29	192
29	201
29	209
29	215
29	221
29	224
29	229
29	232
29	235
29	239
29	241
29	244
29	247
29	250
29	252
29	255
29	258
29	260
29	263
29	266
29	268
29	271
29	273
29	276
29	278
29	281
29	284
29	286
29	289
29	292
29	294
29	297
29	300
29	302
29	305
29	308
29	310
29	313
29	316
29	319
29	321
29	325
29	327
29	330
29	334
29	336
29	340
29	343
29	346
29	350
29	353
29	357
29	361
29	365
29	369
29	374
29	378
29	384
29	389
29	396
29	403
29	411
29	419
29	428
29	437
29	447
29	457
29	468
30	188
30	196
30	202
30	208
30	213
30	218
30	223
30	228
30	233
30	237
30	242
30	246
30	251
30	255
30	259
30	263
30	267
30	271
30	275
30	279
30	283
30	287
30	291
30	295
30	299
30	303
30	307
30	311
30	316
30	320
30	325
30	329
30	334
30	339
30	344
30	349
30	355
30	361
30	368
30	375
30	383
30	393
31	185
31	192
31	198
31	202
31	207
31	211
31	214
31	218
31	221
31	224
31	228
31	231
31	234
31	237
31	240
31	244
31	246
31	250
31	253
31	257
31	260
31	264
31	267
31	271
31	274
31	278
31	282
31	286
31	290
31	294
31	298
31	302
31	307
31	311
31	316
31	321
31	326
31	331
31	337
31	343
31	349
31	356
31	364
31	372
31	382
32	184
32	192
32	198
32	203
32	208
32	212
32	216
32	220
32	223
32	227
32	231
32	234
32	238
32	241
32	245
32	248
32	252
32	255
32	259
32	263
32	267
32	271
32	275
32	279
32	283
32	288
32	292
32	297
32	302
32	307
32	312
32	318
32	324
32	331
32	338
32	346
32	355
32	365
33	193
33	204
33	214
33	223
33	232
33	241
33	249
33	257
33	265
33	273
33	281
33	289
33	297
33	306
33	316
33	326
33	338
34	200
34	211
34	221
34	231
34	241
34	251
34	261
34	271
34	282
34	293
34	305
35	199
35	210
35	220
35	230
35	239
35	248
35	257
35	266
35	276
35	286
35	296
35	306
35	317
36	248
36	259
36	270
36	281
36	291
36	301
36	311
36	322
36	334
37	221
37	258
37	270
37	281
37	292
37	303
37	315
38	236
38	269
42	216
42	227
42	237
42	247
42	258
57	247
57	260
58	232
58	243
58	252
58	261
58	270
58	280
58	291
62	201
62	212
62	221
62	230
62	239
62	247
62	255
62	264
62	273
62	283
62	293
62	304
63	197
63	206
63	213
63	220
63	226
63	232
63	237
63	243
63	248
63	253
63	258
63	264
63	269
63	275
63	281
63	287
63	294
63	301
63	309
63	317
63	326
63	336
63	348
64	191
64	200
64	206
64	212
64	216
64	221
64	224
64	228
64	232
64	234
64	238
64	241
64	244
64	247
64	250
64	253
64	256
64	259
64	262
64	265
64	268
64	271
64	275
64	277
64	281
64	284
64	288
64	291
64	295
64	299
64	303
64	308
64	312
64	317
64	323
64	329
64	336
64	343
64	351
64	359
64	368
64	378
65	190
65	199
65	203
65	209
65	212
65	215
65	219
65	222
65	224
65	227
65	230
65	232
65	234
65	237
65	239
65	241
65	243
65	246
65	247
65	250
65	252
65	253
65	256
65	258
65	260
65	262
65	264
65	266
65	268
65	270
65	272
65	274
65	276
65	278
65	280
65	282
65	285
65	286
65	289
65	291
65	294
65	296
65	298
65	301
65	304
65	306
65	309
65	312
65	315
65	318
65	321
65	325
65	328
65	332
65	336
65	340
65	345
65	349
65	355
65	360
65	366
65	372
65	379
65	387
65	396
65	407
66	191
66	200
66	206
66	212
66	216
66	221
66	224
66	229
66	232
66	236
66	239
66	242
66	245
66	248
66	251
66	253
66	256
66	259
66	261
66	263
66	266
66	268
66	271
66	272
66	275
66	277
66	279
66	282
66	283
66	286
66	288
66	290
66	292
66	295
66	296
66	299
66	301
66	303
66	306
66	308
66	310
66	313
66	315
66	318
66	320
66	323
66	326
66	328
66	331
66	334
66	337
66	340
66	343
66	346
66	349
66	353
66	356
66	360
66	364
66	368
66	373
66	378
66	383
66	389
66	395
66	402
66	410
66	419
67	258
67	268
67	274
67	280
67	284
67	289
67	292
67	296
67	299
67	302
67	305
67	308
67	311
67	314
67	317
67	320
67	322
67	325
67	328
67	330
67	333
67	336
67	338
67	341
67	344
67	346
67	349
67	352
67	355
67	358
67	361
67	364
67	367
67	371
67	374
67	378
67	382
67	386
67	390
67	395
67	400
67	406
67	412
67	419
67	427
67	437
68	281
68	291
68	299
68	304
68	310
68	313
68	318
68	321
68	324
68	328
68	331
68	334
68	337
68	340
68	343
68	346
68	349
68	352
68	355
68	358
68	361
68	365
68	368
68	372
68	375
68	379
68	383
68	387
68	392
68	396
68	401
68	407
68	413
68	420
68	428
68	438
69	216
69	228
69	240
69	252
69	302
69	312
69	320
69	326
69	332
69	338
69	344
69	350
69	356
69	362
69	368
69	374
69	381
69	388
69	396
69	405
69	415
70	191
70	201
70	210
70	218
70	226
70	233
70	240
70	247
70	254
70	261
70	268
70	276
70	284
70	293
70	302
70	312
70	323
70	335
70	348
70	359
70	370
70	380
70	390
70	401
71	178
71	187
71	194
71	201
71	206
71	211
71	215
71	220
71	223
71	228
71	231
71	235
71	239
71	242
71	246
71	249
71	253
71	256
71	260
71	263
71	267
71	270
71	274
71	278
71	282
71	286
71	290
71	295
71	299
71	304
71	309
71	315
71	321
71	328
71	335
71	343
71	351
71	359
71	367
71	375
71	382
71	390
71	398
71	407
71	417
72	141
72	151
72	159
72	167
72	175
72	182
72	188
72	192
72	197
72	201
72	204
72	208
72	211
72	213
72	217
72	219
72	222
72	224
72	227
72	229
72	232
72	233
72	236
72	238
72	241
72	242
72	245
72	247
72	249
72	251
72	253
72	255
72	257
72	259
72	261
72	263
72	265
72	267
72	269
72	271
72	273
72	275
72	277
72	279
72	282
72	284
72	286
72	288
72	291
72	293
72	296
72	298
72	300
72	304
72	306
72	308
72	312
72	315
72	318
72	321
72	325
72	328
72	332
72	336
72	340
72	344
72	348
72	353
72	357
72	362
72	367
72	372
72	377
72	382
72	387
72	392
72	397
72	403
72	409
72	416
72	424
72	433
72	444
73	138
73	146
73	152
73	158
73	163
73	168
73	173
73	177
73	182
73	185
73	190
73	192
73	196
73	199
73	202
73	205
73	208
73	211
73	213
73	216
73	219
73	221
73	224
73	226
73	229
73	231
73	233
73	236
73	238
73	240
73	243
73	245
73	247
73	249
73	252
73	253
73	256
73	258
73	260
73	262
73	264
73	266
73	268
73	270
73	272
73	274
73	276
73	278
73	280
73	282
73	284
73	286
73	288
73	290
73	292
73	294
73	296
73	298
73	300
73	303
73	305
73	307
73	309
73	312
73	314
73	316
73	319
73	321
73	324
73	326
73	329
73	332
73	334
73	337
73	340
73	343
73	346
73	349
73	352
73	356
73	358
73	362
73	366
73	369
73	373
73	377
73	381
73	385
73	389
73	393
73	397
73	401
73	406
73	410
73	416
73	421
73	427
73	434
73	442
73	452
74	140
74	149
74	155
74	161
74	166
74	171
74	176
74	180
74	185
74	189
74	194
74	198
74	203
74	207
74	212
74	217
74	222
74	227
74	233
74	238
74	244
74	250
74	256
74	262
74	268
74	273
74	279
74	284
74	289
74	293
74	298
74	302
74	306
74	310
74	314
74	318
74	322
74	326
74	330
74	334
74	338
74	342
74	346
74	350
74	354
74	358
74	362
74	367
74	371
74	376
74	381
74	386
74	391
74	396
74	401
74	406
74	412
74	418
74	425
74	433
74	442
75	181
75	332
75	344
75	356
75	368
75	380
75	392
-1	-1
