-1	-1
8	251
8	263
8	274
8	285
8	297
8	309
8	322
9	238
9	250
9	261
9	271
9	281
9	291
9	301
9	311
9	321
9	330
9	339
9	348
9	357
9	367
9	377
10	240
10	252
10	263
10	273
10	283
10	293
10	302
10	311
10	320
10	328
10	336
10	344
10	352
10	360
10	368
10	376
10	385
10	395
11	178
11	190
11	201
11	213
11	286
11	298
11	309
11	318
11	327
11	335
11	342
11	349
11	356
11	363
11	370
11	377
11	385
11	394
11	405
12	169
12	180
12	190
12	200
12	211
12	222
12	331
12	342
12	352
12	362
12	373
13	178
13	189
13	200
13	211
13	222
13	234
14	189
14	200
14	211
14	222
14	233
14	244
14	255
14	267
15	171
15	182
15	192
15	201
15	210
15	218
15	226
15	235
15	244
15	253
15	262
15	272
15	282
15	293
15	305
16	171
16	182
16	191
16	200
16	208
16	216
16	224
16	232
16	240
16	248
16	256
16	264
16	272
16	280
16	289
16	298
16	308
16	318
16	329
17	173
17	184
17	193
17	201
17	209
17	216
17	223
17	229
17	235
17	241
17	247
17	253
17	259
17	265
17	271
17	277
17	283
17	289
17	296
17	303
17	310
17	317
17	325
17	333
17	342
17	352
17	363
18	167
18	177
18	185
18	192
18	198
18	204
18	209
18	214
18	219
18	223
18	228
18	232
18	237
18	241
18	245
18	250
18	254
18	258
18	262
18	266
18	270
18	274
18	278
18	282
18	286
18	290
18	294
18	298
18	303
18	307
18	312
18	316
18	321
18	326
18	331
18	336
18	342
18	347
18	353
18	359
18	366
18	374
18	382
18	392
19	162
19	172
19	180
19	186
19	192
19	197
19	202
19	206
19	211
19	215
19	219
19	223
19	227
19	231
19	234
19	238
19	241
19	245
19	248
19	252
19	255
19	259
19	262
19	265
19	269
19	272
19	275
19	279
19	282
19	285
19	289
19	292
19	296
19	299
19	303
19	306
19	310
19	314
19	317
19	321
19	325
19	329
19	333
19	337
19	342
19	346
19	351
19	356
19	361
19	366
19	372
19	378
19	385
19	393
19	402
19	415
20	161
20	170
20	178
20	184
20	190
20	195
20	200
20	204
20	209
20	213
20	217
20	221
20	225
20	229
20	233
20	236
20	240
20	244
20	247
20	251
20	255
20	258
20	262
20	265
20	269
20	272
20	276
20	279
20	283
20	286
20	290
20	293
20	297
20	300
20	304
20	307
20	311
20	314
20	318
20	321
20	325
20	328
20	332
20	336
20	339
20	343
20	347
20	351
20	355
20	359
20	364
20	368
20	374
20	379
20	385
20	392
20	400
20	409
21	161
21	171
21	179
21	186
21	193
21	199
21	205
21	211
21	216
21	221
21	226
21	231
21	235
21	240
21	244
21	249
21	253
21	257
21	261
21	265
21	269
21	273
21	277
21	281
21	284
21	288
21	291
21	295
21	298
21	302
21	305
21	309
21	312
21	316
21	319
21	322
21	326
21	329
21	332
21	336
21	339
21	343
21	346
21	350
21	354
21	357
21	362
21	366
21	370
21	375
21	380
21	386
21	392
21	399
21	407
21	417
22	167
22	177
22	186
22	194
22	201
22	207
22	213
22	218
22	223
22	228
22	232
22	236
22	240
22	244
22	248
22	251
22	255
22	258
22	262
22	265
22	269
22	272
22	275
22	279
22	281
22	285
22	288
22	291
22	294
22	297
22	300
22	303
22	306
22	309
22	312
22	315
22	318
22	321
22	324
22	327
22	330
22	333
22	336
22	339
22	342
22	345
22	348
22	352
22	355
22	358
22	362
22	366
22	369
22	374
22	378
22	383
22	388
22	394
22	401
22	409
22	418
23	173
23	183
23	191
23	199
23	205
23	211
23	215
23	220
23	224
23	228
23	232
23	236
23	240
23	243
23	247
23	250
23	254
23	257
23	261
23	264
23	267
23	271
23	273
23	277
23	280
23	283
23	286
23	289
23	292
23	295
23	298
23	301
23	304
23	307
23	310
23	314
23	317
23	320
23	324
23	327
23	330
23	334
23	337
23	341
23	344
23	348
23	351
23	355
23	359
23	363
23	367
23	372
23	377
23	382
23	388
23	394
23	401
23	409
23	419
24	177
24	186
24	193
24	200
24	204
24	209
24	213
24	217
24	221
24	224
24	228
24	231
24	234
24	237
24	240
24	243
24	246
24	249
24	252
24	255
24	258
24	261
24	265
24	267
24	271
24	274
24	278
24	281
24	285
24	289
24	293
24	297
24	301
24	305
24	309
24	314
24	318
24	323
24	327
24	332
24	337
24	342
24	347
24	352
24	357
24	362
24	367
24	373
24	379
24	386
24	393
24	401
24	411
25	169
25	179
25	186
25	192
25	198
25	203
25	207
25	212
25	215
25	220
25	223
25	227
25	231
25	234
25	238
25	241
25	245
25	248
25	252
25	255
25	259
25	263
25	266
25	270
25	274
25	278
25	283
25	287
25	292
25	297
25	303
25	309
25	315
25	321
25	328
25	335
25	342
25	349
25	356
25	363
25	370
25	378
25	386
25	395
25	406
26	163
26	172
26	180
26	185
26	191
26	195
26	200
26	204
26	209
26	213
26	218
26	222
26	227
26	231
26	236
26	240
26	245
26	250
26	255
26	260
26	266
26	272
26	278
26	285
26	293
26	301
26	310
26	319
26	329
26	339
26	349
26	359
26	369
26	379
26	390
27	161
27	170
27	177
27	183
27	188
27	193
27	198
27	203
27	207
27	212
27	216
27	221
27	226
27	231
27	236
27	241
27	246
27	252
27	258
27	264
27	271
27	278
27	286
27	295
27	304
27	314
27	325
27	337
27	349
27	360
27	371
27	383
28	159
28	168
28	174
28	180
28	185
28	191
28	196
28	201
28	206
28	211
28	216
28	221
28	226
28	232
28	237
28	243
28	249
28	255
28	261
28	268
28	275
28	283
28	291
28	300
28	310
28	320
28	331
28	343
28	355
29	157
29	165
29	172
29	177
29	182
29	187
29	192
29	197
29	202
29	206
29	211
29	215
29	220
29	224
29	229
29	234
29	239
29	244
29	249
29	255
29	261
29	267
29	274
29	281
29	288
29	296
29	304
29	313
29	323
29	333
29	344
29	355
29	367
29	381
30	157
30	166
30	173
30	180
30	186
30	192
30	198
30	204
30	210
30	216
30	222
30	228
30	234
30	240
30	246
30	252
30	258
30	264
30	271
30	277
30	284
30	291
30	298
30	305
30	313
30	321
30	329
30	338
30	347
30	356
30	366
30	376
30	387
31	161
31	171
31	180
31	189
31	197
31	205
31	212
31	219
31	225
31	231
31	237
31	243
31	249
31	255
31	261
31	267
31	272
31	278
31	283
31	289
31	294
31	299
31	305
31	310
31	316
31	322
31	328
31	334
31	340
31	346
31	352
31	358
31	365
31	372
31	380
31	388
31	397
31	408
32	166
32	176
32	185
32	193
32	200
32	206
32	212
32	217
32	222
32	226
32	231
32	235
32	240
32	244
32	248
32	252
32	256
32	260
32	264
32	268
32	272
32	276
32	280
32	283
32	287
32	291
32	294
32	298
32	302
32	305
32	309
32	313
32	317
32	321
32	325
32	329
32	333
32	337
32	341
32	345
32	349
32	354
32	358
32	363
32	367
32	372
32	377
32	383
32	389
32	396
32	404
32	413
32	424
33	167
33	177
33	185
33	192
33	198
33	204
33	209
33	214
33	219
33	223
33	227
33	231
33	234
33	238
33	241
33	245
33	248
33	252
33	254
33	258
33	261
33	263
33	267
33	269
33	272
33	275
33	277
33	280
33	283
33	285
33	288
33	291
33	293
33	296
33	299
33	301
33	304
33	307
33	310
33	313
33	316
33	319
33	322
33	325
33	328
33	331
33	334
33	337
33	340
33	344
33	347
33	350
33	354
33	357
33	360
33	364
33	367
33	371
33	375
33	379
33	384
33	388
33	394
33	399
33	405
33	412
33	420
33	430
34	167
34	176
34	183
34	189
34	193
34	198
34	202
34	206
34	210
34	214
34	218
34	221
34	225
34	228
34	232
34	234
34	238
34	241
34	244
34	247
34	250
34	253
34	256
34	259
34	261
34	264
34	267
34	269
34	272
34	274
34	277
34	279
34	282
34	284
34	287
34	289
34	292
34	294
34	297
34	299
34	302
34	305
34	307
34	310
34	313
34	316
34	318
34	322
34	325
34	328
34	331
34	335
34	337
34	341
34	344
34	348
34	351
34	354
34	358
34	361
34	365
34	368
34	372
34	376
34	380
34	385
34	390
34	395
34	401
34	407
34	415
34	424
34	435
35	169
35	178
35	184
35	190
35	193
35	198
35	201
35	204
35	208
35	211
35	214
35	217
35	220
35	223
35	226
35	229
35	232
35	235
35	238
35	241
35	244
35	247
35	250
35	253
35	256
35	259
35	262
35	265
35	268
35	271
35	274
35	277
35	280
35	284
35	287
35	290
35	294
35	297
35	301
35	305
35	308
35	313
35	316
35	321
35	325
35	330
35	335
35	340
35	345
35	350
35	356
35	361
35	367
35	373
35	380
35	388
35	397
35	408
36	163
36	172
36	179
36	184
36	190
36	194
36	199
36	203
36	207
36	211
36	215
36	219
36	223
36	227
36	231
36	235
36	239
36	243
36	247
36	251
36	255
36	259
36	263
36	267
36	272
36	276
36	281
36	286
36	291
36	296
36	302
36	308
36	315
36	322
36	329
36	337
36	345
36	354
36	363
36	373
37	160
37	169
37	175
37	181
37	186
37	192
37	197
37	202
37	207
37	212
37	217
37	223
37	229
37	235
37	242
37	249
37	256
37	264
37	272
37	280
37	289
37	298
37	308
37	319
38	158
38	166
38	172
38	178
38	183
38	188
38	193
38	198
38	203
38	208
38	213
38	218
38	224
38	230
38	236
38	243
38	250
38	258
38	267
38	277
38	288
39	159
39	168
39	174
39	180
39	186
39	191
39	197
39	202
39	208
39	214
39	220
39	227
39	234
39	242
39	250
39	259
39	270
40	178
40	189
40	200
40	211
40	223
41	171
41	182
41	192
41	202
41	213
41	225
42	163
42	174
42	185
42	196
42	207
42	219
43	166
43	177
43	188
44	179
64	192
64	204
64	216
64	229
65	178
65	188
65	197
65	205
65	213
65	221
65	229
65	238
65	247
65	257
65	268
66	168
66	177
66	184
66	191
66	196
66	202
66	207
66	212
66	217
66	222
66	227
66	232
66	237
66	243
66	248
66	254
66	260
66	266
66	273
66	280
66	288
66	297
66	306
66	316
66	326
66	336
66	346
66	356
66	366
66	377
67	161
67	170
67	176
67	181
67	185
67	190
67	193
67	197
67	200
67	203
67	206
67	209
67	212
67	215
67	218
67	221
67	224
67	227
67	230
67	233
67	236
67	239
67	242
67	245
67	248
67	251
67	255
67	258
67	261
67	265
67	268
67	272
67	276
67	280
67	284
67	288
67	293
67	298
67	303
67	308
67	314
67	319
67	325
67	331
67	337
67	343
67	350
67	357
67	365
67	373
67	382
67	394
68	160
68	169
68	174
68	180
68	182
68	187
68	190
68	192
68	196
68	198
68	201
68	203
68	206
68	208
68	211
68	212
68	215
68	217
68	219
68	222
68	223
68	225
68	228
68	230
68	231
68	234
68	236
68	238
68	240
68	242
68	244
68	246
68	248
68	250
68	252
68	254
68	256
68	258
68	260
68	263
68	265
68	267
68	269
68	272
68	274
68	276
68	279
68	281
68	284
68	286
68	289
68	292
68	295
68	297
68	300
68	303
68	306
68	309
68	312
68	315
68	318
68	322
68	325
68	328
68	332
68	336
68	339
68	344
68	348
68	353
68	358
68	363
68	369
68	375
68	382
68	389
68	397
68	407
69	168
69	178
69	186
69	193
69	199
69	204
69	209
69	213
69	218
69	222
69	225
69	229
69	232
69	235
69	239
69	241
69	244
69	247
69	250
69	252
69	255
69	258
69	260
69	263
69	265
69	268
69	270
69	273
69	275
69	277
69	280
69	282
69	284
69	287
69	289
69	291
69	294
69	296
69	299
69	301
69	304
69	306
69	309
69	311
69	314
69	316
69	319
69	321
69	324
69	327
69	329
69	333
69	335
69	339
69	342
69	345
69	349
69	352
69	356
69	360
69	364
69	368
69	373
69	377
69	382
69	387
69	393
69	399
69	406
69	414
69	423
70	162
70	172
70	181
70	189
70	197
70	204
70	211
70	218
70	225
70	232
70	239
70	246
70	252
70	258
70	263
70	269
70	273
70	278
70	282
70	287
70	291
70	295
70	299
70	303
70	307
70	311
70	315
70	319
70	323
70	327
70	331
70	335
70	339
70	344
70	348
70	353
70	357
70	362
70	366
70	371
70	375
70	380
70	385
70	390
70	395
70	400
70	406
70	413
70	420
70	429
70	440
71	158
71	168
71	175
71	181
71	187
71	192
71	197
71	202
71	206
71	211
71	215
71	219
71	223
71	227
71	231
71	235
71	239
71	243
71	247
71	251
71	255
71	259
71	264
71	268
71	273
71	277
71	282
71	287
71	292
71	297
71	302
71	308
71	313
71	319
71	324
71	329
71	334
71	339
71	343
71	348
71	352
71	357
71	362
71	367
71	372
71	377
71	383
71	388
71	394
71	401
71	408
71	416
71	426
72	152
72	162
72	170
72	177
72	183
72	188
72	193
72	197
72	202
72	205
72	210
72	213
72	217
72	220
72	223
72	227
72	230
72	233
72	236
72	239
72	242
72	245
72	248
72	251
72	254
72	257
72	260
72	263
72	266
72	269
72	272
72	275
72	278
72	281
72	284
72	287
72	290
72	293
72	296
72	299
72	303
72	306
72	309
72	313
72	316
72	319
72	323
72	326
72	329
72	333
72	336
72	339
72	343
72	346
72	350
72	354
72	358
72	362
72	367
72	372
72	377
72	383
72	389
72	396
72	405
72	415
73	216
73	226
73	234
73	241
73	248
73	254
73	260
73	264
73	269
73	273
73	278
73	282
73	286
73	290
73	293
73	297
73	301
73	304
73	308
73	311
73	315
73	318
73	322
73	326
73	329
73	334
73	337
73	342
73	346
73	351
73	356
73	361
73	367
73	373
73	379
73	386
73	393
73	402
73	413
74	168
74	179
74	189
74	199
74	209
74	221
74	346
74	356
74	364
74	372
74	379
74	386
74	394
74	402
74	411
74	423
75	153
75	162
75	170
75	177
75	183
75	189
75	194
75	200
75	205
75	211
75	216
75	222
75	227
75	233
75	239
75	245
75	251
75	257
75	264
75	271
75	278
75	286
75	295
75	304
75	313
75	322
75	331
75	339
75	347
75	354
75	360
75	366
75	371
75	376
75	381
75	386
75	391
75	397
75	403
75	409
75	416
75	424
75	434
76	139
76	150
76	159
76	166
76	172
76	178
76	183
76	188
76	193
76	198
76	203
76	207
76	212
76	216
76	221
76	225
76	230
76	234
76	239
76	244
76	248
76	253
76	258
76	263
76	268
76	273
76	278
76	284
76	289
76	295
76	301
76	307
76	313
76	319
76	325
76	331
76	337
76	343
76	349
76	355
76	361
76	367
76	373
76	380
76	387
76	394
76	402
76	411
77	157
77	168
77	178
77	188
77	197
77	206
77	215
77	224
77	233
77	242
77	251
77	260
77	269
77	278
77	287
77	296
77	305
77	314
77	324
77	334
77	345
-1	-1
