-1	-1
8	221
8	233
8	244
8	255
8	266
8	279
8	293
9	209
9	220
9	230
9	240
9	250
9	259
9	268
9	278
9	288
9	298
9	308
9	319
9	330
9	342
9	354
9	366
9	378
10	207
10	218
10	228
10	237
10	246
10	254
10	262
10	270
10	278
10	286
10	294
10	302
10	310
10	318
10	326
10	334
10	342
10	351
10	360
10	370
10	380
10	390
10	401
11	182
11	194
11	205
11	216
11	226
11	236
11	245
11	254
11	263
11	271
11	279
11	287
11	295
11	303
11	310
11	317
11	324
11	331
11	338
11	345
11	352
11	359
11	366
11	373
11	381
11	389
11	398
11	407
11	418
12	172
12	183
12	193
12	203
12	213
12	223
12	233
12	243
12	253
12	263
12	272
12	281
12	290
12	298
12	306
12	314
12	321
12	328
12	335
12	342
12	349
12	356
12	363
12	370
12	377
12	385
12	393
12	402
12	412
12	424
13	172
13	183
13	192
13	201
13	210
13	219
13	228
13	237
13	247
13	257
13	268
13	279
13	290
13	301
13	311
13	321
13	331
13	341
13	351
13	361
13	371
13	382
13	394
14	178
14	188
14	197
14	206
14	214
14	223
14	232
14	241
14	251
14	261
14	272
15	177
15	187
15	196
15	205
15	213
15	221
15	229
15	237
15	245
15	254
15	263
15	272
15	282
15	292
15	304
16	173
16	183
16	192
16	200
16	207
16	214
16	221
16	227
16	233
16	239
16	245
16	251
16	257
16	263
16	270
16	277
16	284
16	291
16	299
16	307
16	316
16	325
16	335
16	346
17	168
17	178
17	185
17	192
17	198
17	203
17	209
17	213
17	218
17	222
17	227
17	231
17	236
17	240
17	244
17	249
17	253
17	257
17	262
17	266
17	271
17	275
17	280
17	285
17	289
17	294
17	299
17	304
17	309
17	315
17	320
17	326
17	332
17	338
17	345
17	352
17	360
17	369
17	379
17	390
18	163
18	172
18	180
18	185
18	191
18	195
18	200
18	204
18	209
18	213
18	217
18	221
18	225
18	229
18	232
18	236
18	239
18	243
18	246
18	250
18	253
18	257
18	260
18	263
18	267
18	270
18	273
18	277
18	280
18	283
18	287
18	290
18	294
18	297
18	301
18	304
18	308
18	312
18	315
18	319
18	323
18	327
18	331
18	335
18	339
18	344
18	348
18	353
18	358
18	363
18	368
18	374
18	380
18	386
18	393
18	401
18	410
18	420
19	162
19	171
19	178
19	184
19	190
19	194
19	199
19	203
19	208
19	212
19	216
19	220
19	224
19	228
19	232
19	236
19	240
19	243
19	247
19	250
19	254
19	257
19	261
19	264
19	267
19	271
19	274
19	277
19	281
19	283
19	287
19	290
19	293
19	296
19	299
19	303
19	305
19	309
19	312
19	315
19	319
19	322
19	325
19	329
19	332
19	336
19	339
19	343
19	347
19	350
19	355
19	358
19	363
19	367
19	372
19	377
19	382
19	387
19	393
19	399
19	406
19	413
19	421
19	431
20	164
20	173
20	181
20	188
20	194
20	200
20	206
20	211
20	216
20	221
20	226
20	231
20	236
20	241
20	245
20	250
20	254
20	259
20	263
20	268
20	272
20	276
20	281
20	284
20	289
20	293
20	297
20	301
20	305
20	309
20	313
20	317
20	321
20	325
20	329
20	333
20	337
20	341
20	345
20	349
20	353
20	357
20	361
20	365
20	369
20	374
20	378
20	383
20	388
20	393
20	399
20	405
20	412
20	419
20	428
20	438
21	171
21	182
21	191
21	199
21	207
21	214
21	220
21	226
21	232
21	237
21	242
21	247
21	251
21	256
21	260
21	264
21	268
21	272
21	276
21	280
21	284
21	287
21	291
21	294
21	298
21	301
21	305
21	308
21	312
21	315
21	319
21	322
21	326
21	329
21	333
21	336
21	340
21	343
21	347
21	350
21	354
21	357
21	361
21	365
21	368
21	372
21	376
21	380
21	384
21	388
21	393
21	398
21	403
21	408
21	414
21	421
21	428
21	437
21	448
22	179
22	189
22	198
22	205
22	212
22	218
22	223
22	228
22	232
22	237
22	241
22	245
22	249
22	253
22	257
22	261
22	264
22	268
22	271
22	275
22	278
22	282
22	284
22	288
22	291
22	294
22	297
22	300
22	303
22	306
22	309
22	311
22	314
22	317
22	320
22	322
22	325
22	328
22	331
22	333
22	337
22	339
22	342
22	345
22	348
22	351
22	354
22	357
22	360
22	364
22	367
22	370
22	374
22	377
22	381
22	385
22	388
22	393
22	397
22	401
22	406
22	411
22	417
22	423
22	430
22	438
22	447
23	178
23	188
23	196
23	203
23	209
23	214
23	219
23	223
23	227
23	231
23	235
23	239
23	242
23	246
23	249
23	252
23	256
23	259
23	262
23	265
23	268
23	271
23	274
23	277
23	280
23	283
23	286
23	289
23	292
23	295
23	298
23	301
23	304
23	307
23	310
23	313
23	316
23	319
23	322
23	325
23	328
23	331
23	334
23	337
23	340
23	344
23	347
23	351
23	354
23	358
23	362
23	366
23	370
23	374
23	378
23	383
23	387
23	392
23	397
23	402
23	407
23	413
23	419
23	426
23	434
23	443
23	454
24	171
24	181
24	189
24	195
24	201
24	205
24	210
24	214
24	218
24	222
24	225
24	229
24	232
24	236
24	239
24	242
24	246
24	249
24	252
24	255
24	258
24	261
24	264
24	267
24	270
24	274
24	277
24	280
24	284
24	287
24	291
24	295
24	298
24	302
24	306
24	310
24	314
24	318
24	323
24	327
24	332
24	337
24	342
24	347
24	353
24	359
24	365
24	372
24	379
24	386
24	393
24	401
24	409
24	418
24	428
25	168
25	177
25	184
25	190
25	195
25	200
25	204
25	208
25	212
25	216
25	220
25	223
25	227
25	231
25	234
25	238
25	242
25	245
25	249
25	253
25	257
25	261
25	265
25	269
25	274
25	278
25	283
25	288
25	293
25	298
25	304
25	309
25	315
25	321
25	328
25	335
25	343
25	351
25	360
25	370
25	381
25	393
26	164
26	173
26	180
26	186
26	191
26	196
26	201
26	205
26	210
26	214
26	218
26	223
26	227
26	232
26	236
26	241
26	246
26	251
26	256
26	261
26	267
26	273
26	279
26	286
26	293
26	301
26	309
26	318
26	328
26	339
27	161
27	170
27	177
27	183
27	189
27	194
27	200
27	205
27	210
27	215
27	220
27	225
27	230
27	236
27	242
27	248
27	254
27	261
27	268
27	275
27	283
27	291
27	300
27	310
27	320
27	332
28	164
28	173
28	181
28	188
28	194
28	200
28	206
28	212
28	218
28	224
28	230
28	236
28	243
28	250
28	257
28	265
28	273
28	282
28	291
28	300
28	310
28	320
28	331
29	168
29	178
29	186
29	193
29	200
29	207
29	214
29	221
29	228
29	235
29	242
29	249
29	257
29	265
29	273
29	281
29	290
29	299
29	308
29	317
29	326
29	336
29	346
29	357
30	167
30	177
30	185
30	193
30	201
30	209
30	217
30	225
30	232
30	239
30	246
30	253
30	260
30	267
30	274
30	281
30	288
30	295
30	302
30	309
30	316
30	323
30	330
30	337
30	345
30	353
30	361
30	369
30	378
30	387
30	396
30	406
30	416
30	427
30	439
31	166
31	176
31	185
31	193
31	201
31	209
31	216
31	223
31	230
31	236
31	242
31	247
31	253
31	258
31	263
31	268
31	273
31	278
31	283
31	288
31	293
31	298
31	303
31	308
31	313
31	318
31	323
31	328
31	333
31	339
31	344
31	350
31	356
31	362
31	368
31	375
31	382
31	389
31	396
31	404
31	412
31	421
31	430
31	440
32	171
32	181
32	190
32	198
32	205
32	212
32	218
32	224
32	230
32	234
32	239
32	243
32	247
32	251
32	254
32	258
32	261
32	265
32	268
32	271
32	275
32	278
32	281
32	284
32	287
32	290
32	293
32	296
32	299
32	302
32	305
32	308
32	311
32	314
32	317
32	320
32	324
32	327
32	330
32	334
32	337
32	341
32	344
32	348
32	352
32	356
32	360
32	364
32	368
32	373
32	377
32	382
32	387
32	393
32	398
32	405
32	412
32	419
32	427
32	436
32	446
33	177
33	187
33	194
33	201
33	207
33	212
33	217
33	222
33	225
33	230
33	233
33	237
33	240
33	243
33	246
33	249
33	252
33	254
33	257
33	260
33	262
33	265
33	267
33	270
33	272
33	274
33	277
33	279
33	282
33	284
33	286
33	289
33	291
33	293
33	296
33	298
33	300
33	303
33	305
33	307
33	310
33	312
33	314
33	317
33	319
33	321
33	324
33	326
33	328
33	331
33	333
33	336
33	338
33	341
33	344
33	346
33	349
33	352
33	355
33	358
33	361
33	365
33	368
33	372
33	376
33	380
33	384
33	388
33	393
33	398
33	404
33	410
33	417
33	424
33	432
33	442
34	173
34	182
34	190
34	196
34	201
34	205
34	210
34	213
34	217
34	221
34	223
34	227
34	230
34	232
34	236
34	238
34	241
34	244
34	246
34	249
34	252
34	254
34	257
34	260
34	262
34	264
34	267
34	269
34	272
34	274
34	276
34	279
34	281
34	284
34	286
34	288
34	291
34	293
34	296
34	298
34	301
34	303
34	306
34	308
34	311
34	313
34	316
34	318
34	321
34	323
34	326
34	328
34	331
34	334
34	337
34	339
34	343
34	346
34	349
34	353
34	356
34	360
34	364
34	368
34	373
34	378
34	383
34	389
34	395
34	402
34	410
34	419
34	430
35	169
35	178
35	184
35	190
35	194
35	199
35	202
35	205
35	209
35	212
35	214
35	218
35	220
35	223
35	226
35	228
35	231
35	234
35	236
35	239
35	242
35	244
35	247
35	250
35	253
35	255
35	258
35	261
35	264
35	267
35	270
35	273
35	276
35	279
35	282
35	286
35	289
35	292
35	296
35	299
35	303
35	306
35	310
35	314
35	318
35	322
35	326
35	330
35	335
35	339
35	345
35	350
35	356
35	363
35	370
35	378
35	388
36	167
36	175
36	181
36	185
36	190
36	193
36	197
36	201
36	203
36	207
36	210
36	213
36	216
36	219
36	222
36	225
36	228
36	231
36	234
36	237
36	241
36	244
36	248
36	251
36	255
36	259
36	263
36	267
36	272
36	276
36	281
36	286
36	291
36	297
36	303
36	309
36	316
36	323
36	331
36	340
36	350
36	363
37	162
37	171
37	177
37	182
37	187
37	191
37	195
37	199
37	202
37	206
37	209
37	213
37	216
37	220
37	223
37	227
37	230
37	234
37	238
37	242
37	246
37	251
37	256
37	261
37	266
37	272
37	278
37	285
37	292
37	300
37	309
37	319
38	162
38	171
38	176
38	182
38	186
38	191
38	195
38	200
38	204
38	209
38	214
38	219
38	224
38	229
38	235
38	241
38	247
38	254
38	262
38	270
38	279
38	289
38	300
38	313
39	170
39	180
39	188
39	196
39	204
39	212
39	220
39	229
39	239
39	250
40	171
40	181
40	190
40	198
40	206
40	214
40	223
40	232
40	242
40	255
41	178
41	189
41	199
41	208
41	218
41	228
41	239
42	180
42	192
43	177
43	188
43	199
44	182
44	194
57	220
57	232
57	243
57	255
63	236
64	200
64	211
64	222
64	232
64	242
64	252
64	262
64	272
64	282
64	293
64	305
65	183
65	194
65	204
65	213
65	222
65	231
65	240
65	249
65	258
65	267
65	276
65	285
65	295
65	305
65	315
65	326
65	337
66	179
66	188
66	196
66	203
66	210
66	216
66	222
66	228
66	234
66	240
66	246
66	253
66	260
66	267
66	275
66	283
66	291
66	300
66	310
66	320
66	332
67	179
67	188
67	194
67	200
67	205
67	210
67	214
67	219
67	223
67	227
67	231
67	235
67	239
67	243
67	247
67	251
67	255
67	259
67	263
67	267
67	272
67	276
67	281
67	286
67	291
67	296
67	301
67	307
67	313
67	319
67	326
67	333
67	340
67	347
67	354
67	361
67	369
67	377
67	385
67	394
67	404
67	416
68	182
68	191
68	199
68	204
68	210
68	214
68	219
68	223
68	228
68	232
68	236
68	240
68	244
68	247
68	251
68	254
68	258
68	261
68	265
68	268
68	272
68	275
68	279
68	282
68	286
68	289
68	293
68	296
68	300
68	304
68	307
68	311
68	315
68	319
68	323
68	327
68	331
68	335
68	339
68	344
68	348
68	353
68	357
68	362
68	367
68	372
68	378
68	384
68	390
68	397
68	405
68	414
68	424
69	182
69	193
69	202
69	211
69	219
69	227
69	235
69	242
69	249
69	256
69	262
69	268
69	274
69	280
69	285
69	290
69	295
69	300
69	304
69	309
69	313
69	317
69	321
69	325
69	329
69	333
69	337
69	341
69	345
69	349
69	354
69	358
69	363
69	368
69	373
69	378
69	384
69	390
69	396
69	403
69	410
69	418
69	427
69	439
70	176
70	184
70	191
70	198
70	204
70	210
70	215
70	220
70	225
70	230
70	235
70	240
70	245
70	250
70	255
70	260
70	265
70	270
70	275
70	281
70	286
70	292
70	298
70	304
70	310
70	316
70	322
70	328
70	334
70	340
70	347
70	354
70	361
70	368
70	374
70	380
70	386
70	392
70	398
70	405
70	412
70	419
70	427
70	436
71	173
71	181
71	187
71	192
71	197
71	201
71	204
71	208
71	211
71	214
71	218
71	221
71	223
71	227
71	229
71	232
71	235
71	238
71	240
71	243
71	246
71	248
71	251
71	254
71	256
71	259
71	262
71	265
71	267
71	270
71	273
71	276
71	279
71	282
71	285
71	288
71	291
71	295
71	297
71	301
71	304
71	308
71	311
71	315
71	319
71	323
71	327
71	331
71	335
71	339
71	344
71	348
71	352
71	357
71	361
71	365
71	369
71	373
71	377
71	381
71	386
71	390
71	395
71	399
71	405
71	410
71	416
71	422
71	429
71	437
71	447
72	178
72	186
72	192
72	197
72	202
72	205
72	210
72	212
72	216
72	219
72	222
72	224
72	227
72	230
72	232
72	235
72	237
72	240
72	242
72	244
72	247
72	249
72	251
72	253
72	256
72	258
72	260
72	262
72	264
72	267
72	268
72	271
72	273
72	275
72	277
72	279
72	282
72	283
72	286
72	288
72	290
72	292
72	295
72	296
72	299
72	301
72	303
72	306
72	308
72	310
72	313
72	315
72	317
72	320
72	322
72	325
72	327
72	330
72	332
72	335
72	337
72	340
72	342
72	345
72	348
72	350
72	353
72	356
72	358
72	361
72	364
72	367
72	369
72	373
72	375
72	379
72	382
72	386
72	389
72	393
72	397
72	401
72	406
72	411
72	416
72	422
72	429
72	437
72	447
73	217
73	227
73	236
73	243
73	250
73	256
73	261
73	266
73	271
73	275
73	280
73	283
73	287
73	291
73	294
73	298
73	301
73	304
73	308
73	311
73	314
73	317
73	320
73	323
73	326
73	329
73	332
73	335
73	338
73	341
73	344
73	347
73	350
73	354
73	357
73	361
73	365
73	369
73	373
73	377
73	382
73	387
73	392
73	397
73	403
73	409
73	416
73	424
73	433
73	445
74	202
74	215
74	382
74	392
74	401
74	410
74	418
74	427
74	437
75	181
75	191
75	199
75	206
75	213
75	220
75	226
75	232
75	238
75	244
75	250
75	256
75	263
75	270
75	277
75	284
75	291
75	299
75	307
75	316
75	325
75	334
75	343
75	352
75	361
75	369
75	377
75	384
75	390
75	396
75	402
75	407
75	413
75	418
75	424
75	430
75	436
75	443
75	451
75	461
76	180
76	190
76	198
76	205
76	212
76	218
76	224
76	230
76	235
76	241
76	246
76	252
76	257
76	262
76	268
76	273
76	279
76	284
76	290
76	296
76	302
76	308
76	314
76	320
76	326
76	332
76	338
76	344
76	350
76	356
76	362
76	368
76	374
76	380
76	386
76	392
76	398
76	404
76	411
76	418
76	425
76	433
76	442
77	240
77	252
77	264
77	275
77	286
77	297
77	308
77	319
77	330
77	341
77	352
77	363
-1	-1
