-1	-1
13	221
13	234
13	247
14	190
14	201
14	211
14	220
14	229
14	238
14	246
14	254
14	263
14	272
14	281
14	291
14	301
14	312
15	177
15	187
15	195
15	203
15	210
15	216
15	222
15	228
15	234
15	240
15	246
15	252
15	258
15	264
15	270
15	276
15	282
15	288
15	295
15	302
15	309
15	317
15	326
15	336
15	347
16	162
16	172
16	180
16	187
16	193
16	198
16	203
16	208
16	212
16	216
16	220
16	224
16	228
16	232
16	235
16	239
16	242
16	246
16	249
16	253
16	256
16	260
16	264
16	267
16	271
16	275
16	279
16	283
16	287
16	291
16	295
16	299
16	304
16	308
16	313
16	318
16	323
16	329
16	335
16	341
16	348
16	356
16	364
16	374
16	385
17	157
17	166
17	173
17	179
17	184
17	189
17	193
17	197
17	201
17	204
17	208
17	211
17	214
17	217
17	220
17	223
17	226
17	229
17	232
17	234
17	237
17	240
17	242
17	245
17	248
17	250
17	253
17	256
17	258
17	261
17	264
17	266
17	269
17	272
17	275
17	277
17	281
17	283
17	286
17	289
17	292
17	295
17	298
17	301
17	305
17	308
17	312
17	315
17	319
17	323
17	327
17	331
17	336
17	340
17	345
17	350
17	356
17	362
17	368
17	375
17	383
17	392
17	404
18	151
18	160
18	167
18	173
18	178
18	183
18	187
18	192
18	195
18	200
18	203
18	207
18	210
18	213
18	217
18	220
18	223
18	226
18	229
18	232
18	235
18	238
18	241
18	244
18	247
18	250
18	253
18	256
18	259
18	262
18	265
18	268
18	271
18	274
18	277
18	280
18	283
18	286
18	289
18	292
18	296
18	298
18	302
18	305
18	308
18	312
18	315
18	319
18	322
18	326
18	329
18	334
18	337
18	342
18	346
18	351
18	356
18	361
18	367
18	373
18	380
18	388
18	397
19	149
19	158
19	165
19	172
19	178
19	183
19	189
19	194
19	199
19	204
19	209
19	214
19	219
19	224
19	229
19	234
19	239
19	244
19	249
19	254
19	259
19	264
19	269
19	274
19	279
19	285
19	290
19	296
19	301
19	307
19	313
19	319
19	325
19	331
19	338
19	345
19	353
19	362
19	372
20	149
20	159
20	167
20	174
20	181
20	188
20	195
20	201
20	207
20	213
20	219
20	226
20	233
20	240
20	247
20	254
20	261
20	268
20	275
20	283
20	291
20	299
20	307
20	315
20	324
20	333
20	343
20	354
21	163
21	174
21	184
21	193
21	202
21	210
21	218
21	226
21	234
21	242
21	250
21	257
21	264
21	271
21	278
21	285
21	292
21	299
21	307
21	315
21	323
21	331
21	340
21	349
21	359
21	371
22	179
22	189
22	198
22	206
22	213
22	220
22	227
22	233
22	239
22	245
22	251
22	257
22	262
22	268
22	273
22	279
22	284
22	289
22	294
22	299
22	304
22	309
22	314
22	320
22	325
22	331
22	337
22	343
22	349
22	356
22	363
22	371
22	380
22	390
23	177
23	186
23	193
23	200
23	206
23	211
23	216
23	221
23	225
23	230
23	233
23	238
23	241
23	245
23	249
23	252
23	256
23	260
23	263
23	267
23	270
23	274
23	277
23	281
23	284
23	288
23	291
23	295
23	298
23	302
23	305
23	309
23	312
23	316
23	319
23	323
23	327
23	330
23	335
23	338
23	343
23	347
23	352
23	356
23	361
23	366
23	371
23	377
23	383
23	390
23	397
23	405
23	415
24	168
24	177
24	184
24	190
24	195
24	200
24	204
24	209
24	212
24	216
24	220
24	223
24	227
24	230
24	233
24	236
24	240
24	242
24	246
24	248
24	252
24	254
24	258
24	260
24	263
24	266
24	269
24	272
24	275
24	278
24	281
24	283
24	287
24	289
24	292
24	295
24	298
24	301
24	304
24	307
24	310
24	313
24	316
24	319
24	322
24	325
24	328
24	331
24	335
24	337
24	341
24	344
24	348
24	351
24	355
24	359
24	363
24	367
24	372
24	376
24	381
24	386
24	392
24	398
24	405
24	413
24	422
25	162
25	171
25	178
25	183
25	189
25	193
25	197
25	201
25	204
25	208
25	211
25	215
25	218
25	221
25	224
25	228
25	230
25	234
25	237
25	240
25	243
25	246
25	249
25	252
25	256
25	258
25	262
25	265
25	268
25	272
25	275
25	278
25	282
25	285
25	289
25	292
25	296
25	299
25	303
25	306
25	310
25	313
25	317
25	321
25	325
25	328
25	333
25	336
25	341
25	345
25	349
25	354
25	358
25	364
25	369
25	375
25	381
25	387
25	394
25	402
25	411
26	159
26	168
26	174
26	180
26	184
26	189
26	193
26	197
26	201
26	204
26	208
26	212
26	215
26	219
26	223
26	226
26	230
26	234
26	238
26	242
26	246
26	250
26	254
26	258
26	263
26	267
26	272
26	277
26	282
26	287
26	292
26	298
26	303
26	309
26	315
26	321
26	327
26	334
26	341
26	348
26	355
26	363
26	372
26	382
26	394
27	154
27	162
27	169
27	175
27	180
27	185
27	190
27	194
27	199
27	203
27	207
27	212
27	216
27	221
27	225
27	230
27	235
27	240
27	245
27	250
27	256
27	262
27	268
27	274
27	280
27	287
27	294
27	301
27	309
27	317
27	325
27	334
27	343
27	353
27	363
27	375
28	151
28	160
28	166
28	172
28	177
28	182
28	187
28	192
28	197
28	202
28	207
28	212
28	217
28	222
28	227
28	232
28	238
28	244
28	250
28	256
28	262
28	269
28	276
28	283
28	290
28	298
28	306
28	314
28	323
28	332
28	342
28	353
28	365
29	151
29	160
29	168
29	175
29	182
29	188
29	194
29	200
29	206
29	212
29	218
29	224
29	230
29	236
29	242
29	248
29	254
29	260
29	266
29	272
29	278
29	284
29	290
29	297
29	304
29	311
29	318
29	326
29	334
29	343
29	352
29	362
29	374
30	150
30	159
30	167
30	174
30	181
30	187
30	193
30	199
30	204
30	210
30	214
30	219
30	223
30	228
30	232
30	237
30	241
30	245
30	249
30	253
30	257
30	261
30	265
30	269
30	273
30	277
30	281
30	285
30	289
30	293
30	297
30	301
30	306
30	310
30	315
30	319
30	324
30	329
30	334
30	339
30	345
30	351
30	357
30	364
30	371
30	379
30	388
30	398
31	149
31	159
31	167
31	174
31	181
31	187
31	192
31	197
31	201
31	205
31	209
31	212
31	215
31	219
31	221
31	224
31	227
31	230
31	232
31	235
31	238
31	240
31	243
31	245
31	248
31	250
31	252
31	255
31	257
31	259
31	262
31	264
31	266
31	269
31	271
31	273
31	276
31	278
31	280
31	283
31	285
31	287
31	290
31	292
31	294
31	297
31	299
31	301
31	304
31	306
31	309
31	311
31	314
31	316
31	319
31	322
31	324
31	327
31	330
31	333
31	336
31	339
31	342
31	346
31	349
31	353
31	357
31	361
31	365
31	369
31	374
31	378
31	384
31	389
31	396
31	403
31	411
31	421
32	152
32	162
32	170
32	176
32	181
32	186
32	190
32	193
32	197
32	201
32	203
32	207
32	210
32	212
32	215
32	218
32	220
32	222
32	225
32	227
32	229
32	232
32	233
32	235
32	238
32	240
32	241
32	243
32	245
32	247
32	249
32	251
32	252
32	254
32	256
32	258
32	260
32	261
32	263
32	265
32	267
32	268
32	270
32	272
32	274
32	275
32	277
32	279
32	281
32	282
32	284
32	286
32	288
32	289
32	291
32	293
32	295
32	296
32	298
32	300
32	302
32	304
32	305
32	307
32	309
32	311
32	313
32	315
32	316
32	319
32	320
32	323
32	324
32	327
32	328
32	330
32	333
32	335
32	337
32	339
32	342
32	344
32	347
32	349
32	352
32	355
32	357
32	360
32	364
32	366
32	370
32	373
32	377
32	380
32	385
32	388
32	394
32	398
32	404
32	410
32	417
32	426
32	437
33	158
33	167
33	173
33	178
33	182
33	186
33	190
33	193
33	197
33	200
33	203
33	207
33	210
33	213
33	216
33	219
33	222
33	224
33	228
33	230
33	233
33	235
33	238
33	241
33	243
33	246
33	248
33	251
33	253
33	256
33	258
33	261
33	263
33	266
33	268
33	271
33	273
33	276
33	278
33	281
33	283
33	286
33	288
33	291
33	293
33	296
33	298
33	301
33	304
33	306
33	309
33	312
33	314
33	317
33	320
33	322
33	325
33	328
33	330
33	334
33	336
33	339
33	343
33	345
33	349
33	352
33	356
33	359
33	364
33	367
33	372
33	377
33	382
33	388
33	394
33	401
33	409
33	419
34	158
34	166
34	172
34	178
34	182
34	187
34	191
34	194
34	198
34	201
34	204
34	208
34	211
34	214
34	217
34	220
34	223
34	226
34	229
34	232
34	236
34	238
34	242
34	245
34	248
34	252
34	255
34	259
34	263
34	266
34	270
34	274
34	278
34	282
34	286
34	291
34	295
34	300
34	305
34	310
34	315
34	320
34	326
34	332
34	338
34	345
34	352
34	360
34	369
34	379
35	158
35	167
35	173
35	179
35	183
35	188
35	192
35	196
35	201
35	204
35	209
35	213
35	217
35	221
35	225
35	229
35	234
35	238
35	243
35	248
35	253
35	258
35	263
35	269
35	275
35	281
35	287
35	294
35	301
35	308
35	316
35	325
35	334
35	344
36	151
36	160
36	165
36	171
36	175
36	180
36	184
36	188
36	192
36	196
36	200
36	204
36	208
36	212
36	216
36	221
36	225
36	230
36	235
36	240
36	246
36	252
36	258
36	265
36	273
36	281
36	290
36	300
36	313
37	151
37	160
37	166
37	172
37	177
37	182
37	187
37	192
37	197
37	202
37	207
37	212
37	217
37	223
37	229
37	235
37	242
37	249
37	257
37	266
37	276
37	287
38	161
38	171
38	180
38	188
38	196
38	204
38	212
38	221
38	230
38	240
38	251
38	265
39	159
39	169
39	178
39	186
39	194
39	202
39	210
39	218
39	227
39	236
39	246
39	257
40	160
40	170
40	179
40	188
40	197
40	206
40	215
40	225
40	236
41	158
41	168
41	177
41	186
41	195
41	204
41	213
41	223
41	234
42	162
42	173
42	184
42	194
42	204
42	215
42	227
60	183
60	194
60	204
60	214
60	224
60	235
61	172
61	183
61	193
61	203
61	214
61	226
63	196
63	207
63	218
63	229
64	172
64	182
64	191
64	199
64	207
64	215
64	223
64	231
64	239
64	248
64	257
64	267
64	278
65	161
65	171
65	179
65	186
65	193
65	200
65	207
65	214
65	221
65	228
65	235
65	243
65	251
65	260
65	270
65	281
65	294
66	167
66	177
66	186
66	195
66	203
66	211
66	220
66	229
66	238
66	247
66	257
66	267
66	277
66	288
67	182
67	193
67	202
67	210
67	218
67	225
67	232
67	240
67	248
67	256
67	264
67	273
67	282
67	291
67	300
67	310
67	320
67	332
68	162
68	172
68	180
68	187
68	193
68	199
68	203
68	208
68	212
68	216
68	221
68	224
68	229
68	232
68	236
68	240
68	244
68	248
68	253
68	257
68	262
68	267
68	272
68	278
68	284
68	290
68	296
68	302
68	308
68	315
68	322
68	329
68	337
68	346
68	356
69	151
69	160
69	167
69	172
69	177
69	182
69	185
69	190
69	192
69	196
69	199
69	202
69	204
69	207
69	210
69	212
69	214
69	217
69	219
69	222
69	223
69	226
69	228
69	230
69	232
69	235
69	236
69	239
69	241
69	243
69	246
69	248
69	250
69	253
69	255
69	258
69	260
69	263
69	266
69	268
69	272
69	275
69	278
69	282
69	285
69	289
69	293
69	297
69	301
69	306
69	310
69	315
69	320
69	325
69	330
69	336
69	341
69	347
69	354
69	361
69	369
69	379
70	148
70	156
70	162
70	166
70	171
70	173
70	178
70	181
70	183
70	187
70	189
70	192
70	194
70	197
70	199
70	202
70	203
70	206
70	208
70	210
70	212
70	214
70	216
70	218
70	220
70	222
70	223
70	226
70	227
70	229
70	231
70	233
70	234
70	236
70	238
70	240
70	241
70	243
70	245
70	247
70	248
70	250
70	252
70	254
70	256
70	258
70	259
70	262
70	264
70	266
70	268
70	270
70	273
70	275
70	277
70	279
70	282
70	285
70	287
70	290
70	293
70	296
70	299
70	303
70	306
70	310
70	314
70	318
70	323
70	327
70	332
70	337
70	343
70	349
70	356
70	364
70	373
70	385
71	150
71	159
71	165
71	171
71	175
71	180
71	184
71	188
71	192
71	196
71	200
71	204
71	208
71	212
71	216
71	220
71	224
71	228
71	232
71	236
71	240
71	243
71	247
71	250
71	253
71	257
71	260
71	263
71	266
71	270
71	272
71	276
71	279
71	282
71	286
71	289
71	293
71	296
71	300
71	304
71	308
71	312
71	317
71	322
71	327
71	333
71	339
71	346
71	354
71	363
72	258
72	268
72	276
72	283
72	289
72	295
72	301
72	306
72	312
72	317
72	323
72	329
72	335
72	342
72	349
72	357
72	366
72	378
73	293
73	304
73	313
73	322
73	330
73	338
73	346
73	355
73	365
74	161
74	172
74	182
74	191
74	200
74	208
74	216
74	224
74	232
74	240
74	248
74	257
74	267
75	146
75	156
75	165
75	173
75	181
75	188
75	195
75	202
75	209
75	215
75	222
75	228
75	235
75	242
75	249
75	256
75	264
75	272
75	281
75	291
76	178
76	191
-1	-1
