-1	-1
0	182
0	193
0	203
0	212
0	221
0	230
0	240
0	250
0	262
0	274
0	286
0	299
0	312
1	198
1	209
1	220
1	231
2	206
2	218
2	230
8	307
8	318
8	329
8	342
9	180
9	191
9	202
9	213
9	224
9	235
9	246
9	257
9	268
9	278
9	288
9	298
9	307
9	316
9	324
9	333
9	342
9	352
9	364
10	170
10	180
10	189
10	198
10	206
10	215
10	224
10	233
10	242
10	251
10	260
10	269
10	278
10	287
10	296
10	305
10	313
10	321
10	329
10	337
10	346
10	356
11	169
11	179
11	188
11	197
11	206
11	215
11	225
11	235
11	246
11	258
11	300
11	312
11	323
11	335
12	181
12	192
12	203
12	214
12	225
12	237
13	189
13	200
13	211
13	221
13	231
13	242
13	254
14	179
14	190
14	199
14	208
14	216
14	224
14	232
14	240
14	248
14	257
14	266
14	276
14	287
14	300
15	163
15	173
15	181
15	188
15	195
15	201
15	207
15	213
15	219
15	224
15	230
15	235
15	241
15	246
15	252
15	258
15	264
15	270
15	277
15	284
15	292
15	300
15	308
15	316
15	325
15	334
15	344
15	355
16	159
16	168
16	175
16	181
16	186
16	191
16	195
16	200
16	203
16	208
16	211
16	215
16	219
16	222
16	226
16	230
16	233
16	237
16	240
16	244
16	247
16	251
16	255
16	258
16	263
16	266
16	271
16	275
16	279
16	284
16	288
16	293
16	298
16	303
16	308
16	313
16	318
16	324
16	329
16	335
16	341
16	348
16	355
16	363
16	372
16	382
16	394
17	154
17	162
17	169
17	174
17	180
17	183
17	188
17	191
17	195
17	198
17	202
17	204
17	208
17	211
17	213
17	217
17	219
17	222
17	225
17	228
17	230
17	233
17	236
17	238
17	241
17	244
17	246
17	249
17	252
17	254
17	257
17	260
17	263
17	265
17	269
17	271
17	275
17	277
17	281
17	284
17	287
17	291
17	294
17	298
17	301
17	305
17	308
17	312
17	315
17	319
17	322
17	326
17	329
17	333
17	337
17	341
17	345
17	349
17	354
17	358
17	363
17	368
17	374
17	380
17	387
17	395
17	404
17	414
18	158
18	167
18	174
18	181
18	186
18	191
18	196
18	200
18	204
18	208
18	212
18	215
18	219
18	222
18	226
18	229
18	232
18	235
18	239
18	241
18	245
18	247
18	251
18	253
18	257
18	259
18	263
18	265
18	269
18	272
18	275
18	278
18	282
18	285
18	288
18	292
18	295
18	299
18	302
18	306
18	309
18	312
18	316
18	319
18	322
18	326
18	329
18	333
18	336
18	340
18	343
18	347
18	351
18	355
18	359
18	364
18	368
18	374
18	379
18	385
18	392
18	400
18	409
19	176
19	186
19	195
19	203
19	211
19	218
19	225
19	232
19	238
19	244
19	250
19	256
19	262
19	268
19	274
19	280
19	286
19	292
19	297
19	302
19	307
19	312
19	317
19	322
19	327
19	332
19	337
19	342
19	347
19	353
19	358
19	364
19	371
19	378
19	386
19	396
20	189
20	200
20	209
20	217
20	225
20	232
20	239
20	246
20	252
20	258
20	264
20	270
20	276
20	282
20	288
20	293
20	299
20	304
20	309
20	314
20	319
20	324
20	329
20	334
20	339
20	344
20	349
20	355
20	360
20	366
20	373
20	380
20	388
20	398
21	183
21	193
21	202
21	210
21	217
21	223
21	229
21	235
21	240
21	245
21	250
21	255
21	260
21	264
21	269
21	273
21	278
21	282
21	286
21	290
21	294
21	298
21	302
21	306
21	310
21	313
21	317
21	321
21	324
21	328
21	332
21	335
21	339
21	343
21	347
21	351
21	355
21	359
21	364
21	368
21	374
21	379
21	385
21	392
21	399
21	408
21	418
22	177
22	187
22	195
22	202
22	208
22	213
22	218
22	222
22	226
22	231
22	234
22	238
22	242
22	245
22	249
22	252
22	255
22	259
22	262
22	265
22	269
22	272
22	275
22	278
22	282
22	284
22	288
22	291
22	294
22	297
22	300
22	303
22	306
22	309
22	312
22	315
22	318
22	321
22	324
22	327
22	330
22	333
22	336
22	339
22	343
22	346
22	350
22	353
22	357
22	361
22	365
22	369
22	374
22	379
22	385
22	391
22	397
22	404
22	412
22	422
23	168
23	178
23	185
23	191
23	196
23	201
23	205
23	210
23	213
23	217
23	221
23	223
23	227
23	230
23	233
23	236
23	239
23	242
23	245
23	248
23	251
23	253
23	256
23	259
23	262
23	264
23	267
23	270
23	273
23	276
23	279
23	282
23	285
23	288
23	291
23	294
23	297
23	300
23	303
23	306
23	309
23	312
23	315
23	318
23	321
23	325
23	328
23	331
23	335
23	338
23	342
23	346
23	350
23	355
23	359
23	364
23	369
23	375
23	381
23	387
23	394
23	402
23	411
23	422
24	161
24	170
24	177
24	183
24	188
24	193
24	197
24	202
24	205
24	210
24	213
24	217
24	221
24	224
24	228
24	231
24	235
24	238
24	242
24	245
24	249
24	252
24	256
24	259
24	263
24	267
24	271
24	275
24	279
24	283
24	287
24	292
24	296
24	301
24	306
24	311
24	316
24	321
24	327
24	333
24	339
24	346
24	353
24	361
24	369
24	378
24	388
25	160
25	169
25	176
25	182
25	188
25	193
25	198
25	203
25	208
25	213
25	217
25	222
25	227
25	232
25	237
25	242
25	247
25	252
25	258
25	263
25	269
25	275
25	281
25	288
25	295
25	302
25	309
25	317
25	325
25	333
25	342
25	352
25	363
26	159
26	168
26	176
26	183
26	190
26	196
26	202
26	208
26	214
26	220
26	226
26	232
26	239
26	246
26	253
26	260
26	267
26	274
26	282
26	290
26	298
26	306
26	314
26	322
26	331
26	340
26	350
26	360
26	372
27	161
27	171
27	180
27	189
27	197
27	205
27	213
27	221
27	229
27	237
27	245
27	253
27	261
27	269
27	277
27	284
27	291
27	298
27	305
27	312
27	319
27	326
27	333
27	340
27	348
27	356
27	364
27	373
27	382
27	392
27	405
28	171
28	182
28	192
28	201
28	210
28	218
28	226
28	233
28	240
28	247
28	253
28	259
28	265
28	271
28	277
28	283
28	289
28	294
28	300
28	305
28	310
28	315
28	320
28	325
28	330
28	335
28	340
28	345
28	350
28	356
28	361
28	367
28	373
28	379
28	386
28	394
28	403
28	413
29	173
29	184
29	193
29	201
29	209
29	215
29	221
29	227
29	232
29	237
29	242
29	246
29	251
29	255
29	259
29	263
29	267
29	271
29	275
29	279
29	282
29	286
29	290
29	293
29	297
29	300
29	303
29	306
29	310
29	312
29	316
29	319
29	322
29	325
29	328
29	331
29	334
29	337
29	340
29	344
29	347
29	351
29	354
29	358
29	362
29	366
29	370
29	375
29	380
29	385
29	391
29	397
29	404
29	412
29	422
30	167
30	176
30	184
30	191
30	197
30	203
30	208
30	212
30	217
30	221
30	224
30	228
30	231
30	234
30	237
30	240
30	242
30	245
30	248
30	250
30	253
30	255
30	258
30	260
30	262
30	265
30	267
30	269
30	272
30	274
30	276
30	279
30	281
30	283
30	285
30	287
30	290
30	291
30	293
30	296
30	298
30	299
30	302
30	304
30	306
30	308
30	310
30	313
30	314
30	317
30	319
30	321
30	324
30	326
30	328
30	331
30	333
30	336
30	338
30	341
30	344
30	346
30	349
30	352
30	355
30	358
30	362
30	365
30	369
30	373
30	377
30	382
30	387
30	392
30	398
30	405
30	413
30	422
30	433
31	160
31	170
31	177
31	183
31	188
31	192
31	196
31	200
31	203
31	207
31	210
31	213
31	216
31	219
31	222
31	224
31	227
31	230
31	232
31	234
31	237
31	239
31	241
31	243
31	245
31	247
31	249
31	251
31	253
31	255
31	257
31	259
31	261
31	262
31	264
31	266
31	268
31	270
31	271
31	273
31	275
31	277
31	278
31	280
31	282
31	284
31	285
31	287
31	289
31	291
31	293
31	294
31	296
31	298
31	300
31	302
31	304
31	306
31	308
31	310
31	312
31	314
31	316
31	318
31	320
31	323
31	325
31	327
31	329
31	332
31	335
31	337
31	339
31	343
31	345
31	348
31	351
31	355
31	358
31	362
31	366
31	370
31	375
31	379
31	385
31	391
31	398
31	406
31	415
31	425
32	158
32	166
32	172
32	177
32	182
32	184
32	189
32	192
32	194
32	198
32	200
32	202
32	205
32	208
32	210
32	212
32	215
32	217
32	219
32	222
32	223
32	226
32	228
32	230
32	233
32	234
32	237
32	239
32	241
32	244
32	246
32	248
32	250
32	253
32	255
32	257
32	260
32	262
32	265
32	267
32	269
32	272
32	275
32	277
32	280
32	283
32	285
32	288
32	291
32	294
32	297
32	300
32	303
32	306
32	309
32	313
32	316
32	319
32	323
32	327
32	331
32	335
32	339
32	344
32	349
32	355
32	361
32	368
32	376
32	386
33	152
33	161
33	165
33	171
33	173
33	178
33	181
33	184
33	187
33	190
33	193
33	195
33	199
33	201
33	203
33	207
33	209
33	211
33	214
33	217
33	219
33	222
33	224
33	227
33	229
33	232
33	235
33	237
33	240
33	243
33	245
33	248
33	251
33	254
33	257
33	260
33	263
33	266
33	269
33	273
33	276
33	280
33	284
33	288
33	292
33	296
33	301
33	305
33	310
33	315
33	320
33	326
33	332
33	339
33	347
33	356
33	367
34	150
34	159
34	164
34	169
34	172
34	176
34	180
34	182
34	186
34	189
34	192
34	195
34	198
34	201
34	204
34	207
34	210
34	213
34	216
34	219
34	222
34	225
34	228
34	232
34	235
34	239
34	242
34	246
34	250
34	254
34	258
34	262
34	267
34	271
34	276
34	281
34	286
34	292
34	298
34	304
34	311
34	318
34	326
34	335
34	346
35	152
35	161
35	167
35	172
35	177
35	182
35	186
35	191
35	195
35	200
35	204
35	209
35	214
35	219
35	224
35	229
35	234
35	239
35	245
35	251
35	257
35	263
35	269
35	276
35	283
35	291
35	299
35	308
35	318
36	156
36	164
36	172
36	179
36	185
36	191
36	197
36	203
36	209
36	215
36	221
36	227
36	234
36	241
36	248
36	256
36	264
36	273
36	282
36	292
36	303
37	159
37	169
37	178
37	186
37	194
37	202
37	210
37	218
37	226
37	234
37	243
37	252
37	262
37	272
37	284
38	173
38	184
38	194
38	203
38	212
38	221
38	231
38	241
38	251
38	262
38	274
39	189
39	202
39	215
40	197
40	212
62	198
62	210
62	222
62	234
63	189
63	200
63	210
63	219
63	228
63	237
63	246
63	255
63	264
63	273
63	283
63	293
63	304
63	316
64	200
64	211
64	221
64	231
64	240
64	249
64	258
64	267
64	277
64	287
64	298
66	179
66	190
66	200
66	210
66	220
66	231
66	244
67	171
67	181
67	190
67	198
67	206
67	214
67	222
67	230
67	238
67	246
67	254
67	262
67	271
67	280
67	290
67	300
67	310
67	320
67	331
67	342
67	353
68	171
68	182
68	192
68	201
68	210
68	218
68	226
68	234
68	242
68	250
68	258
68	266
68	274
68	283
68	292
68	301
68	310
68	320
68	330
68	340
68	350
68	360
68	371
69	162
69	172
69	180
69	187
69	194
69	200
69	206
69	212
69	218
69	224
69	230
69	236
69	242
69	248
69	254
69	260
69	266
69	272
69	278
69	285
69	291
69	298
69	305
69	312
69	319
69	326
69	333
69	340
69	346
69	352
69	358
69	364
69	371
69	378
69	385
69	393
69	402
69	415
70	160
70	169
70	175
70	181
70	185
70	190
70	194
70	198
70	202
70	206
70	210
70	213
70	217
70	220
70	224
70	227
70	231
70	234
70	237
70	241
70	244
70	247
70	251
70	254
70	257
70	261
70	264
70	267
70	271
70	274
70	278
70	281
70	285
70	288
70	292
70	295
70	299
70	302
70	306
70	309
70	313
70	316
70	320
70	323
70	327
70	330
70	334
70	337
70	341
70	344
70	348
70	351
70	355
70	358
70	362
70	366
70	369
70	374
70	378
70	383
70	387
70	393
70	398
70	405
70	412
70	421
70	434
71	159
71	167
71	172
71	177
71	181
71	184
71	188
71	191
71	193
71	197
71	199
71	202
71	204
71	207
71	209
71	212
71	213
71	216
71	218
71	220
71	222
71	224
71	226
71	228
71	230
71	232
71	234
71	236
71	238
71	240
71	242
71	244
71	246
71	248
71	250
71	252
71	254
71	256
71	258
71	260
71	262
71	264
71	266
71	268
71	270
71	272
71	274
71	276
71	278
71	280
71	282
71	284
71	286
71	288
71	290
71	292
71	294
71	296
71	298
71	300
71	302
71	304
71	306
71	308
71	310
71	312
71	314
71	316
71	318
71	320
71	322
71	324
71	326
71	328
71	330
71	332
71	335
71	336
71	339
71	341
71	343
71	346
71	348
71	350
71	353
71	355
71	358
71	360
71	364
71	366
71	369
71	373
71	376
71	379
71	384
71	387
71	392
71	397
71	403
71	409
71	417
71	426
72	160
72	169
72	174
72	180
72	183
72	188
72	191
72	194
72	197
72	201
72	202
72	205
72	208
72	211
72	212
72	215
72	217
72	220
72	222
72	223
72	226
72	228
72	230
72	232
72	234
72	236
72	238
72	240
72	242
72	243
72	246
72	247
72	249
72	251
72	253
72	255
72	256
72	258
72	260
72	262
72	263
72	265
72	267
72	269
72	270
72	272
72	274
72	276
72	277
72	279
72	281
72	283
72	284
72	286
72	288
72	290
72	292
72	293
72	295
72	297
72	299
72	301
72	303
72	305
72	307
72	309
72	311
72	313
72	315
72	317
72	319
72	321
72	324
72	325
72	328
72	330
72	333
72	335
72	337
72	340
72	343
72	345
72	348
72	351
72	354
72	357
72	360
72	364
72	368
72	372
72	377
72	382
72	387
72	394
72	401
72	410
73	187
73	198
73	207
73	215
73	223
73	230
73	237
73	243
73	249
73	255
73	261
73	267
73	273
73	279
73	285
73	291
73	297
73	304
73	311
73	318
73	326
73	335
73	345
73	355
73	366
73	377
74	358
74	369
74	379
74	389
74	400
75	177
75	187
75	196
75	204
75	212
75	220
75	228
75	236
75	244
75	252
75	260
75	269
75	278
75	287
75	296
75	305
75	314
75	323
75	332
75	340
75	348
75	356
75	363
75	370
75	377
75	384
75	391
75	399
75	408
76	188
76	199
76	209
76	218
76	227
76	235
76	243
76	251
76	259
76	267
76	275
76	284
76	293
76	302
76	311
76	320
76	329
76	338
76	347
76	356
76	366
76	377
-1	-1
