-1	-1
8	300
8	311
8	322
8	332
8	343
8	355
9	271
9	282
9	292
9	301
9	309
9	317
9	324
9	331
9	338
9	345
9	353
9	361
9	370
9	383
10	260
10	271
10	281
10	290
10	298
10	305
10	311
10	317
10	322
10	327
10	332
10	337
10	342
10	347
10	352
10	358
10	364
10	371
10	378
10	387
10	398
11	172
11	183
11	193
11	203
11	214
11	225
11	268
11	279
11	289
11	298
11	306
11	313
11	320
11	326
11	332
11	337
11	343
11	348
11	354
11	360
11	366
11	373
11	381
11	390
12	167
12	178
12	188
12	198
12	208
12	218
12	229
12	241
12	310
12	322
12	333
12	343
12	354
13	163
13	174
13	184
13	194
13	204
13	214
13	224
13	234
13	245
13	256
13	268
14	167
14	178
14	187
14	196
14	205
14	213
14	221
14	229
14	237
14	246
14	255
14	264
14	273
14	282
14	292
14	302
14	313
15	160
15	170
15	178
15	185
15	192
15	198
15	204
15	210
15	216
15	222
15	228
15	234
15	240
15	246
15	252
15	258
15	264
15	270
15	276
15	282
15	288
15	295
15	302
15	309
15	316
15	324
15	332
15	341
15	351
16	153
16	162
16	169
16	175
16	181
16	185
16	190
16	194
16	199
16	203
16	207
16	211
16	215
16	219
16	223
16	227
16	231
16	235
16	239
16	243
16	247
16	251
16	255
16	259
16	263
16	267
16	271
16	275
16	279
16	283
16	287
16	291
16	296
16	300
16	305
16	309
16	314
16	319
16	324
16	329
16	335
16	341
16	347
16	354
16	361
16	369
16	379
17	152
17	161
17	168
17	173
17	178
17	182
17	186
17	190
17	194
17	198
17	201
17	205
17	208
17	212
17	215
17	218
17	221
17	224
17	227
17	230
17	233
17	236
17	239
17	242
17	245
17	248
17	251
17	254
17	257
17	260
17	263
17	266
17	269
17	272
17	275
17	278
17	281
17	284
17	287
17	290
17	293
17	296
17	299
17	302
17	305
17	308
17	311
17	314
17	317
17	320
17	324
17	327
17	330
17	334
17	337
17	341
17	345
17	349
17	353
17	358
17	362
17	367
17	373
17	379
17	386
17	394
17	403
17	415
18	157
18	166
18	173
18	180
18	186
18	192
18	197
18	203
18	208
18	213
18	218
18	222
18	227
18	231
18	235
18	240
18	243
18	248
18	251
18	255
18	259
18	262
18	266
18	269
18	273
18	276
18	280
18	283
18	286
18	290
18	292
18	296
18	299
18	302
18	305
18	308
18	311
18	314
18	317
18	320
18	323
18	326
18	329
18	332
18	336
18	338
18	342
18	345
18	349
18	353
18	357
18	361
18	366
18	370
18	375
18	380
18	386
18	393
18	401
18	410
19	163
19	174
19	184
19	193
19	202
19	210
19	218
19	226
19	233
19	240
19	247
19	254
19	261
19	267
19	273
19	279
19	285
19	290
19	295
19	300
19	305
19	310
19	315
19	320
19	325
19	330
19	335
19	340
19	345
19	350
19	356
19	362
19	368
19	375
19	383
19	392
19	404
20	182
20	193
20	203
20	213
20	222
20	231
20	239
20	247
20	255
20	263
20	270
20	277
20	284
20	291
20	298
20	305
20	312
20	319
20	326
20	333
20	340
20	347
20	355
20	363
20	372
20	382
21	190
21	201
21	211
21	220
21	228
21	236
21	243
21	250
21	257
21	264
21	270
21	276
21	282
21	288
21	294
21	300
21	305
21	311
21	316
21	322
21	327
21	333
21	338
21	344
21	350
21	356
21	363
21	370
21	378
21	386
21	396
22	178
22	189
22	198
22	206
22	213
22	220
22	226
22	232
22	237
22	242
22	247
22	252
22	256
22	261
22	265
22	269
22	273
22	277
22	281
22	285
22	289
22	293
22	297
22	301
22	304
22	308
22	312
22	315
22	319
22	323
22	326
22	330
22	334
22	338
22	342
22	346
22	350
22	354
22	358
22	363
22	367
22	372
22	377
22	383
22	389
22	396
22	403
22	412
22	423
23	166
23	176
23	184
23	191
23	197
23	202
23	207
23	212
23	216
23	221
23	224
23	229
23	232
23	236
23	240
23	243
23	246
23	250
23	252
23	256
23	259
23	262
23	265
23	268
23	271
23	274
23	277
23	280
23	282
23	285
23	288
23	290
23	293
23	296
23	298
23	301
23	303
23	306
23	309
23	311
23	314
23	316
23	319
23	322
23	324
23	327
23	330
23	332
23	335
23	338
23	340
23	344
23	346
23	349
23	352
23	355
23	358
23	362
23	365
23	369
23	373
23	377
23	381
23	386
23	390
23	396
23	401
23	407
23	414
23	422
23	432
24	159
24	169
24	176
24	182
24	188
24	193
24	198
24	202
24	206
24	210
24	213
24	217
24	220
24	223
24	227
24	230
24	233
24	236
24	239
24	242
24	245
24	248
24	251
24	253
24	257
24	259
24	262
24	265
24	267
24	270
24	273
24	275
24	278
24	281
24	283
24	286
24	289
24	291
24	294
24	297
24	299
24	302
24	305
24	307
24	310
24	313
24	316
24	318
24	321
24	324
24	327
24	330
24	333
24	336
24	339
24	342
24	346
24	349
24	353
24	356
24	360
24	364
24	368
24	373
24	377
24	382
24	387
24	393
24	399
24	406
24	415
24	426
25	157
25	165
25	172
25	177
25	182
25	186
25	191
25	194
25	198
25	202
25	205
25	209
25	212
25	216
25	219
25	222
25	226
25	229
25	232
25	236
25	239
25	242
25	246
25	249
25	252
25	256
25	259
25	262
25	266
25	269
25	273
25	276
25	280
25	283
25	287
25	291
25	295
25	299
25	303
25	307
25	311
25	315
25	319
25	324
25	328
25	333
25	338
25	343
25	348
25	354
25	360
25	366
25	373
25	380
25	388
25	398
26	152
26	161
26	168
26	174
26	180
26	184
26	189
26	193
26	198
26	202
26	206
26	210
26	214
26	218
26	222
26	226
26	230
26	234
26	238
26	242
26	246
26	250
26	254
26	258
26	263
26	267
26	272
26	276
26	281
26	286
26	291
26	296
26	301
26	306
26	311
26	316
26	321
26	327
26	333
26	339
26	345
26	351
26	358
26	365
26	373
26	382
26	392
27	152
27	161
27	169
27	176
27	183
27	189
27	195
27	201
27	207
27	213
27	219
27	224
27	230
27	236
27	242
27	248
27	254
27	260
27	266
27	272
27	278
27	284
27	290
27	295
27	301
27	306
27	312
27	317
27	323
27	328
27	334
27	340
27	346
27	352
27	358
27	365
27	372
27	379
27	387
27	396
27	406
28	152
28	162
28	170
28	178
28	185
28	192
28	199
28	205
28	211
28	217
28	223
28	229
28	235
28	241
28	247
28	252
28	258
28	263
28	268
28	273
28	278
28	283
28	287
28	292
28	296
28	300
28	304
28	308
28	312
28	316
28	320
28	324
28	328
28	332
28	336
28	340
28	344
28	348
28	353
28	357
28	362
28	367
28	372
28	377
28	383
28	388
28	395
28	402
28	410
28	419
29	157
29	167
29	176
29	184
29	192
29	199
29	205
29	211
29	217
29	222
29	227
29	232
29	236
29	241
29	245
29	249
29	253
29	257
29	261
29	264
29	268
29	271
29	274
29	278
29	281
29	283
29	287
29	290
29	292
29	295
29	298
29	301
29	303
29	306
29	309
29	311
29	314
29	317
29	319
29	322
29	325
29	327
29	330
29	333
29	335
29	338
29	341
29	344
29	347
29	350
29	353
29	356
29	359
29	363
29	366
29	370
29	374
29	378
29	382
29	387
29	392
29	397
29	403
29	409
29	416
29	425
29	436
30	166
30	176
30	184
30	192
30	199
30	205
30	211
30	215
30	220
30	223
30	228
30	231
30	234
30	238
30	241
30	243
30	247
30	249
30	252
30	254
30	257
30	260
30	262
30	264
30	267
30	269
30	271
30	273
30	275
30	277
30	279
30	281
30	283
30	285
30	287
30	289
30	291
30	293
30	295
30	297
30	299
30	301
30	303
30	305
30	307
30	309
30	311
30	313
30	315
30	317
30	319
30	321
30	323
30	325
30	327
30	329
30	331
30	333
30	335
30	337
30	339
30	342
30	344
30	346
30	349
30	351
30	354
30	356
30	359
30	362
30	365
30	368
30	371
30	375
30	378
30	383
30	387
30	392
30	397
30	403
30	409
30	416
30	425
30	436
31	168
31	177
31	184
31	191
31	196
31	201
31	205
31	210
31	213
31	217
31	221
31	223
31	226
31	230
31	232
31	234
31	237
31	240
31	242
31	243
31	246
31	248
31	250
31	252
31	254
31	256
31	258
31	260
31	262
31	263
31	266
31	267
31	269
31	271
31	273
31	275
31	276
31	279
31	280
31	282
31	284
31	286
31	288
31	289
31	292
31	293
31	295
31	297
31	299
31	301
31	303
31	305
31	307
31	309
31	311
31	313
31	315
31	317
31	319
31	321
31	323
31	325
31	327
31	329
31	332
31	334
31	336
31	339
31	341
31	344
31	346
31	349
31	352
31	355
31	358
31	361
31	365
31	368
31	373
31	377
31	382
31	387
31	393
31	400
31	408
31	417
32	161
32	170
32	177
32	182
32	187
32	191
32	194
32	198
32	201
32	204
32	207
32	210
32	213
32	215
32	218
32	221
32	223
32	226
32	228
32	231
32	233
32	236
32	238
32	241
32	243
32	246
32	248
32	251
32	253
32	256
32	258
32	261
32	263
32	266
32	268
32	271
32	273
32	276
32	278
32	281
32	284
32	286
32	289
32	292
32	295
32	297
32	300
32	303
32	306
32	309
32	312
32	315
32	318
32	321
32	325
32	328
32	332
32	336
32	339
32	344
32	348
32	353
32	358
32	364
32	370
32	377
32	386
32	397
33	157
33	164
33	171
33	175
33	180
33	183
33	187
33	191
33	193
33	197
33	200
33	202
33	205
33	208
33	211
33	213
33	216
33	219
33	221
33	224
33	227
33	229
33	232
33	235
33	237
33	240
33	243
33	246
33	248
33	252
33	254
33	258
33	260
33	264
33	267
33	270
33	274
33	277
33	281
33	285
33	289
33	293
33	297
33	301
33	306
33	310
33	315
33	320
33	326
33	332
33	338
33	345
33	353
33	363
34	150
34	159
34	164
34	170
34	173
34	178
34	181
34	185
34	188
34	192
34	195
34	198
34	202
34	205
34	208
34	212
34	215
34	218
34	222
34	225
34	229
34	232
34	236
34	240
34	244
34	248
34	252
34	257
34	261
34	266
34	271
34	276
34	281
34	287
34	293
34	299
34	306
34	313
34	320
34	328
34	337
34	347
35	150
35	159
35	164
35	170
35	174
35	179
35	183
35	188
35	192
35	196
35	201
35	205
35	210
35	214
35	219
35	224
35	229
35	234
35	239
35	245
35	251
35	257
35	263
35	270
35	277
35	284
35	292
35	300
35	309
35	318
35	328
36	154
36	163
36	170
36	176
36	182
36	188
36	194
36	199
36	205
36	211
36	217
36	223
36	229
36	236
36	243
36	250
36	258
36	266
36	275
36	284
36	294
36	304
36	315
37	163
37	174
37	184
37	193
37	202
37	211
37	220
37	229
37	238
37	247
37	257
37	267
37	278
37	290
38	173
38	184
38	195
38	206
38	217
38	227
38	237
38	247
38	258
38	269
38	281
39	168
39	179
39	189
39	199
39	209
39	219
39	229
39	240
39	251
39	263
40	167
40	178
40	188
40	197
40	206
40	215
40	225
40	235
40	246
40	258
41	178
41	190
41	202
41	214
41	227
42	248
42	263
64	199
64	210
64	221
64	231
64	241
64	251
64	261
64	271
64	281
64	292
64	303
65	211
65	223
65	234
65	245
65	255
65	265
65	276
65	287
66	168
66	178
66	187
66	195
66	203
66	211
66	219
66	227
66	235
66	244
66	253
66	262
66	272
66	283
67	158
67	167
67	174
67	180
67	185
67	191
67	195
67	200
67	205
67	209
67	214
67	218
67	223
67	227
67	232
67	237
67	242
67	247
67	252
67	257
67	263
67	268
67	274
67	280
67	286
67	293
67	300
67	307
67	315
67	323
67	331
67	340
67	349
67	358
67	367
67	377
67	389
68	157
68	165
68	172
68	177
68	182
68	186
68	191
68	194
68	199
68	202
68	206
68	210
68	213
68	217
68	220
68	224
68	227
68	231
68	234
68	238
68	242
68	245
68	249
68	253
68	257
68	261
68	265
68	269
68	273
68	278
68	282
68	287
68	292
68	297
68	302
68	308
68	314
68	320
68	326
68	332
68	338
68	344
68	350
68	355
68	361
68	367
68	373
68	379
68	386
68	394
68	403
68	413
69	157
69	167
69	176
69	184
69	191
69	198
69	205
69	212
69	218
69	224
69	230
69	236
69	242
69	248
69	254
69	260
69	266
69	272
69	278
69	285
69	291
69	298
69	304
69	310
69	316
69	322
69	327
69	332
69	337
69	342
69	346
69	351
69	355
69	359
69	364
69	368
69	373
69	377
69	382
69	387
69	393
69	399
69	406
69	414
69	424
70	148
70	157
70	164
70	171
70	177
70	183
70	189
70	194
70	200
70	205
70	211
70	216
70	221
70	226
70	231
70	236
70	241
70	246
70	251
70	256
70	261
70	266
70	271
70	276
70	280
70	285
70	289
70	293
70	298
70	302
70	306
70	310
70	313
70	317
70	321
70	323
70	327
70	330
70	333
70	336
70	339
70	342
70	345
70	348
70	351
70	354
70	357
70	360
70	364
70	367
70	371
70	375
70	379
70	384
70	388
70	394
70	400
70	407
70	415
70	425
71	138
71	148
71	155
71	161
71	165
71	170
71	174
71	178
71	182
71	185
71	189
71	192
71	195
71	199
71	201
71	205
71	207
71	211
71	213
71	216
71	219
71	222
71	224
71	228
71	230
71	233
71	236
71	238
71	241
71	244
71	246
71	249
71	252
71	254
71	257
71	260
71	262
71	265
71	267
71	270
71	272
71	275
71	277
71	280
71	282
71	284
71	287
71	289
71	291
71	294
71	296
71	298
71	301
71	303
71	305
71	307
71	310
71	311
71	314
71	316
71	318
71	320
71	322
71	324
71	326
71	328
71	330
71	332
71	335
71	336
71	339
71	341
71	344
71	346
71	348
71	351
71	354
71	356
71	359
71	362
71	365
71	368
71	372
71	375
71	379
71	384
71	388
71	394
71	399
71	406
71	414
71	424
72	142
72	151
72	158
72	163
72	168
72	172
72	175
72	179
72	182
72	184
72	188
72	191
72	192
72	196
72	198
72	201
72	203
72	205
72	208
72	210
72	212
72	214
72	217
72	219
72	221
72	223
72	225
72	227
72	229
72	231
72	233
72	235
72	237
72	239
72	241
72	243
72	245
72	247
72	249
72	251
72	252
72	255
72	256
72	258
72	260
72	262
72	263
72	265
72	267
72	269
72	271
72	272
72	274
72	276
72	278
72	279
72	281
72	283
72	285
72	286
72	288
72	290
72	292
72	293
72	295
72	297
72	298
72	300
72	302
72	304
72	305
72	307
72	309
72	310
72	313
72	314
72	316
72	318
72	319
72	322
72	324
72	325
72	327
72	329
72	332
72	334
72	336
72	338
72	341
72	343
72	346
72	348
72	351
72	354
72	357
72	360
72	364
72	367
72	371
72	375
72	379
72	384
72	388
72	394
72	400
72	407
72	416
73	157
73	167
73	175
73	182
73	188
73	193
73	198
73	203
73	207
73	212
73	215
73	220
73	223
73	227
73	231
73	234
73	238
73	241
73	244
73	248
73	251
73	254
73	257
73	260
73	263
73	266
73	269
73	272
73	275
73	278
73	281
73	284
73	287
73	290
73	294
73	297
73	300
73	304
73	307
73	311
73	315
73	319
73	324
73	328
73	333
73	338
73	344
73	349
73	355
73	360
73	366
73	371
73	377
73	383
73	389
73	396
73	404
73	413
74	338
74	348
74	356
74	363
74	369
74	375
74	381
74	387
74	393
74	400
74	407
74	415
74	425
75	139
75	149
75	158
75	166
75	173
75	180
75	187
75	194
75	201
75	208
75	215
75	223
75	231
75	239
75	247
75	256
75	265
75	274
75	283
75	292
75	301
75	310
75	318
75	326
75	333
75	340
75	347
75	353
75	359
75	365
75	371
75	377
75	383
75	389
75	396
75	404
75	413
75	424
76	149
76	159
76	168
76	176
76	183
76	190
76	197
76	203
76	209
76	215
76	221
76	227
76	233
76	239
76	246
76	253
76	260
76	267
76	274
76	281
76	288
76	295
76	302
76	309
76	316
76	323
76	331
76	339
76	347
76	356
76	366
-1	-1
