-1	-1
0	207
0	219
0	231
0	244
2	218
3	201
3	212
3	223
3	234
3	245
3	257
4	216
4	228
4	239
4	250
4	261
4	272
4	283
4	294
4	306
4	319
5	227
5	239
5	250
5	261
5	272
5	283
5	295
5	307
5	319
5	331
6	246
6	259
6	318
6	331
8	267
8	278
8	289
8	299
8	309
8	319
8	329
8	340
9	232
9	243
9	253
9	262
9	271
9	279
9	287
9	294
9	301
9	308
9	315
9	322
9	329
9	336
9	344
9	353
9	363
10	176
10	187
10	198
10	209
10	219
10	229
10	238
10	246
10	253
10	260
10	266
10	272
10	278
10	284
10	289
10	295
10	300
10	305
10	311
10	316
10	322
10	328
10	334
10	340
10	347
10	355
10	364
10	375
11	168
11	178
11	188
11	197
11	207
11	217
11	226
11	234
11	242
11	249
11	255
11	261
11	266
11	272
11	277
11	282
11	287
11	292
11	296
11	301
11	306
11	311
11	316
11	321
11	326
11	331
11	337
11	343
11	349
11	356
11	364
11	373
11	385
12	168
12	179
12	189
12	199
12	209
12	219
12	229
12	239
12	249
12	258
12	267
12	275
12	283
12	291
12	298
12	305
12	312
12	319
12	326
12	334
12	342
12	351
12	361
13	177
13	188
13	199
13	209
13	220
13	231
13	245
13	307
13	321
14	177
14	188
14	198
14	208
14	217
14	226
14	236
14	246
14	257
14	268
15	169
15	179
15	188
15	196
15	204
15	211
15	218
15	225
15	232
15	239
15	247
15	255
15	263
15	272
15	281
15	291
15	301
15	312
15	324
16	160
16	170
16	178
16	184
16	190
16	196
16	201
16	206
16	211
16	216
16	221
16	226
16	231
16	236
16	241
16	246
16	251
16	256
16	262
16	267
16	273
16	279
16	285
16	292
16	299
16	306
16	314
16	322
16	330
16	339
16	349
16	363
17	158
17	167
17	173
17	179
17	184
17	189
17	193
17	197
17	201
17	205
17	209
17	212
17	216
17	219
17	223
17	226
17	230
17	233
17	237
17	240
17	244
17	247
17	251
17	254
17	258
17	261
17	265
17	268
17	272
17	276
17	279
17	284
17	287
17	292
17	296
17	300
17	305
17	309
17	314
17	319
17	324
17	329
17	335
17	341
17	347
17	354
17	361
17	369
17	378
17	389
18	159
18	168
18	174
18	180
18	185
18	190
18	194
18	198
18	202
18	205
18	209
18	212
18	215
18	219
18	221
18	225
18	228
18	231
18	234
18	237
18	240
18	243
18	246
18	249
18	252
18	255
18	258
18	261
18	264
18	267
18	270
18	273
18	276
18	279
18	282
18	285
18	288
18	291
18	294
18	297
18	300
18	304
18	306
18	310
18	313
18	316
18	320
18	323
18	326
18	330
18	333
18	337
18	340
18	344
18	348
18	352
18	356
18	360
18	365
18	370
18	376
18	382
18	389
18	397
18	406
18	417
19	169
19	179
19	187
19	194
19	200
19	206
19	211
19	216
19	221
19	225
19	230
19	234
19	238
19	242
19	246
19	250
19	253
19	257
19	260
19	264
19	267
19	271
19	273
19	277
19	280
19	283
19	286
19	289
19	292
19	295
19	298
19	301
19	304
19	307
19	310
19	313
19	316
19	319
19	322
19	325
19	328
19	331
19	335
19	337
19	341
19	344
19	348
19	351
19	355
19	359
19	363
19	368
19	372
19	377
19	383
19	389
19	396
19	404
19	413
19	425
20	178
20	189
20	198
20	206
20	213
20	220
20	227
20	233
20	239
20	244
20	250
20	255
20	260
20	265
20	270
20	274
20	279
20	283
20	287
20	291
20	295
20	299
20	302
20	306
20	309
20	313
20	316
20	320
20	323
20	327
20	330
20	334
20	337
20	341
20	345
20	348
20	353
20	356
20	361
20	365
20	370
20	375
20	381
20	387
20	394
20	402
20	411
20	423
21	187
21	197
21	206
21	214
21	221
21	228
21	234
21	240
21	245
21	251
21	255
21	260
21	264
21	269
21	273
21	277
21	281
21	285
21	289
21	292
21	296
21	299
21	303
21	306
21	310
21	313
21	316
21	320
21	323
21	326
21	330
21	333
21	336
21	340
21	343
21	347
21	350
21	354
21	358
21	362
21	366
21	371
21	376
21	381
21	387
21	393
21	400
21	408
21	417
21	428
22	179
22	189
22	198
22	205
22	212
22	218
22	223
22	229
22	233
22	238
22	242
22	246
22	250
22	254
22	258
22	261
22	265
22	268
22	272
22	274
22	278
22	281
22	284
22	287
22	290
22	293
22	296
22	299
22	302
22	305
22	308
22	311
22	314
22	317
22	320
22	323
22	326
22	329
22	332
22	335
22	338
22	341
22	344
22	347
22	350
22	354
22	357
22	361
22	365
22	369
22	373
22	378
22	383
22	388
22	394
22	400
22	407
22	415
22	424
22	434
23	170
23	180
23	188
23	195
23	201
23	206
23	211
23	216
23	220
23	224
23	228
23	232
23	235
23	239
23	242
23	246
23	249
23	252
23	255
23	258
23	261
23	264
23	267
23	270
23	273
23	276
23	279
23	282
23	285
23	288
23	291
23	294
23	297
23	300
23	303
23	306
23	309
23	312
23	315
23	318
23	321
23	324
23	327
23	330
23	334
23	337
23	340
23	344
23	347
23	351
23	355
23	359
23	363
23	368
23	373
23	378
23	384
23	390
23	397
23	404
23	412
23	421
23	432
24	161
24	170
24	178
24	184
24	190
24	195
24	200
24	204
24	209
24	213
24	217
24	221
24	225
24	229
24	233
24	236
24	240
24	243
24	247
24	251
24	254
24	258
24	262
24	265
24	269
24	273
24	277
24	281
24	285
24	289
24	293
24	297
24	301
24	306
24	310
24	315
24	319
24	324
24	329
24	334
24	339
24	345
24	351
24	357
24	364
24	372
24	381
24	391
24	403
25	158
25	167
25	173
25	179
25	184
25	189
25	194
25	199
25	203
25	208
25	212
25	216
25	221
25	225
25	229
25	234
25	238
25	243
25	247
25	252
25	257
25	262
25	267
25	272
25	277
25	283
25	288
25	294
25	300
25	306
25	313
25	320
25	327
25	334
25	342
25	350
25	359
25	370
26	159
26	168
26	175
26	182
26	188
26	194
26	199
26	205
26	210
26	215
26	221
26	226
26	232
26	237
26	243
26	249
26	255
26	261
26	267
26	274
26	281
26	288
26	295
26	302
26	310
26	318
26	326
26	334
26	343
26	352
26	362
26	374
27	167
27	177
27	185
27	193
27	200
27	207
27	214
27	221
27	228
27	235
27	242
27	249
27	257
27	265
27	273
27	281
27	289
27	297
27	305
27	313
27	321
27	329
27	337
27	345
27	354
27	363
27	373
27	384
28	168
28	178
28	187
28	196
28	204
28	212
28	220
28	228
28	235
28	242
28	249
28	256
28	262
28	268
28	274
28	280
28	286
28	292
28	298
28	304
28	310
28	316
28	322
28	328
28	334
28	340
28	346
28	352
28	358
28	365
28	372
28	380
28	389
28	399
29	168
29	178
29	187
29	195
29	202
29	209
29	216
29	222
29	228
29	233
29	239
29	244
29	249
29	253
29	258
29	262
29	266
29	270
29	274
29	278
29	281
29	285
29	289
29	292
29	296
29	299
29	303
29	306
29	310
29	313
29	316
29	320
29	323
29	326
29	330
29	333
29	337
29	340
29	344
29	347
29	351
29	355
29	359
29	364
29	368
29	373
29	378
29	384
29	390
29	397
29	405
29	414
29	425
30	167
30	177
30	185
30	192
30	199
30	204
30	210
30	214
30	219
30	223
30	227
30	231
30	234
30	238
30	241
30	244
30	247
30	250
30	253
30	255
30	258
30	261
30	263
30	265
30	268
30	270
30	272
30	275
30	277
30	279
30	282
30	283
30	286
30	288
30	290
30	292
30	295
30	296
30	299
30	301
30	303
30	305
30	307
30	310
30	311
30	314
30	316
30	318
30	320
30	322
30	325
30	326
30	329
30	331
30	333
30	336
30	338
30	340
30	343
30	345
30	348
30	350
30	354
30	356
30	359
30	363
30	366
30	369
30	373
30	377
30	381
30	386
30	391
30	397
30	403
30	410
30	418
30	427
31	167
31	176
31	183
31	190
31	194
31	200
31	203
31	208
31	211
31	214
31	218
31	221
31	224
31	227
31	230
31	232
31	235
31	238
31	240
31	243
31	245
31	248
31	250
31	252
31	255
31	257
31	259
31	262
31	263
31	266
31	268
31	270
31	272
31	275
31	276
31	279
31	281
31	283
31	285
31	288
31	289
31	292
31	294
31	296
31	298
31	300
31	303
31	304
31	307
31	309
31	311
31	314
31	316
31	318
31	320
31	323
31	325
31	327
31	330
31	332
31	335
31	337
31	340
31	343
31	345
31	348
31	351
31	354
31	357
31	360
31	364
31	367
31	372
31	376
31	381
31	386
31	392
31	398
31	406
31	415
31	426
32	160
32	169
32	176
32	182
32	187
32	192
32	194
32	199
32	202
32	204
32	208
32	210
32	212
32	215
32	218
32	220
32	222
32	225
32	227
32	229
32	232
32	233
32	236
32	238
32	240
32	242
32	245
32	247
32	249
32	251
32	254
32	256
32	258
32	260
32	263
32	265
32	267
32	269
32	272
32	274
32	276
32	279
32	281
32	284
32	286
32	289
32	291
32	294
32	297
32	299
32	302
32	305
32	308
32	310
32	314
32	317
32	320
32	324
32	327
32	331
32	335
32	338
32	343
32	347
32	352
32	357
32	362
32	368
32	375
32	383
32	392
32	405
33	157
33	164
33	171
33	174
33	180
33	182
33	187
33	190
33	193
33	196
33	199
33	202
33	204
33	208
33	210
33	213
33	216
33	218
33	221
33	224
33	226
33	229
33	232
33	234
33	237
33	240
33	242
33	245
33	248
33	250
33	253
33	256
33	259
33	262
33	265
33	268
33	271
33	274
33	277
33	280
33	284
33	287
33	291
33	295
33	298
33	303
33	306
33	311
33	315
33	320
33	325
33	330
33	335
33	341
33	347
33	354
33	362
33	371
33	383
34	154
34	162
34	168
34	172
34	176
34	181
34	182
34	187
34	189
34	192
34	195
34	198
34	200
34	203
34	205
34	208
34	211
34	213
34	216
34	218
34	221
34	223
34	226
34	228
34	231
34	234
34	236
34	239
34	242
34	245
34	248
34	251
34	255
34	258
34	262
34	265
34	269
34	273
34	277
34	281
34	286
34	290
34	296
34	301
34	307
34	313
34	319
34	326
34	333
34	341
34	350
34	361
35	157
35	164
35	171
35	176
35	181
35	185
35	190
35	194
35	198
35	202
35	206
35	211
35	215
35	220
35	224
35	229
35	234
35	239
35	244
35	249
35	255
35	261
35	267
35	274
35	281
35	288
35	296
35	304
35	313
35	323
35	335
36	158
36	167
36	173
36	179
36	184
36	190
36	195
36	200
36	205
36	210
36	216
36	221
36	227
36	233
36	239
36	246
36	253
36	260
36	267
36	275
36	283
36	292
36	301
36	311
36	323
37	160
37	169
37	177
37	184
37	191
37	198
37	205
37	212
37	219
37	226
37	233
37	241
37	249
37	257
37	266
37	276
37	287
37	299
38	161
38	171
38	179
38	187
38	194
38	201
38	208
38	215
38	222
38	229
38	237
38	245
38	254
38	264
38	275
38	288
39	168
39	179
39	189
39	199
39	209
39	219
39	230
39	243
40	170
40	181
40	191
40	201
40	211
40	221
40	232
40	243
40	255
62	196
62	207
62	218
62	228
62	239
62	250
62	263
63	187
63	198
63	207
63	216
63	225
63	233
63	241
63	249
63	257
63	266
63	275
63	285
63	295
63	306
64	199
64	210
64	220
64	230
64	239
64	248
64	257
64	266
64	276
64	286
64	297
65	192
65	204
65	216
66	169
66	179
66	187
66	195
66	202
66	209
66	216
66	223
66	231
66	239
66	247
66	256
66	266
66	276
66	288
67	167
67	176
67	183
67	190
67	196
67	202
67	207
67	213
67	218
67	224
67	229
67	235
67	240
67	246
67	252
67	258
67	264
67	271
67	278
67	285
67	292
67	300
67	308
67	316
67	325
67	335
67	345
68	166
68	176
68	185
68	193
68	201
68	209
68	216
68	223
68	230
68	237
68	244
68	252
68	260
68	268
68	276
68	284
68	292
68	300
68	308
68	317
68	326
68	335
68	344
68	354
68	365
69	158
69	167
69	175
69	182
69	189
69	196
69	202
69	208
69	214
69	220
69	226
69	232
69	238
69	244
69	250
69	256
69	262
69	268
69	274
69	280
69	286
69	292
69	298
69	304
69	310
69	316
69	322
69	327
69	333
69	338
69	344
69	349
69	355
69	361
69	367
69	374
69	381
69	389
69	398
70	151
70	160
70	166
70	172
70	177
70	182
70	186
70	191
70	194
70	198
70	202
70	205
70	209
70	212
70	215
70	219
70	222
70	225
70	229
70	231
70	235
70	238
70	241
70	244
70	247
70	250
70	253
70	256
70	259
70	262
70	265
70	268
70	271
70	274
70	277
70	280
70	283
70	286
70	289
70	292
70	295
70	298
70	301
70	304
70	307
70	310
70	313
70	316
70	319
70	322
70	325
70	328
70	331
70	334
70	337
70	340
70	343
70	346
70	349
70	352
70	355
70	358
70	362
70	365
70	369
70	373
70	377
70	381
70	386
70	391
70	397
70	403
70	410
70	418
70	428
71	149
71	158
71	163
71	169
71	172
71	177
71	180
71	183
71	186
71	189
71	192
71	194
71	197
71	200
71	202
71	204
71	207
71	209
71	211
71	213
71	215
71	218
71	219
71	222
71	223
71	226
71	227
71	230
71	231
71	233
71	235
71	237
71	239
71	241
71	243
71	244
71	247
71	248
71	250
71	252
71	254
71	256
71	257
71	260
71	261
71	263
71	265
71	267
71	269
71	270
71	272
71	274
71	276
71	278
71	279
71	281
71	283
71	285
71	287
71	288
71	290
71	292
71	294
71	296
71	297
71	299
71	301
71	303
71	305
71	306
71	309
71	310
71	312
71	314
71	316
71	318
71	319
71	322
71	323
71	325
71	327
71	329
71	331
71	333
71	335
71	337
71	339
71	341
71	344
71	345
71	348
71	350
71	353
71	355
71	357
71	360
71	363
71	366
71	368
71	372
71	375
71	378
71	382
71	386
71	390
71	395
71	400
71	406
71	413
71	421
71	433
72	157
72	165
72	171
72	176
72	181
72	184
72	188
72	192
72	193
72	198
72	200
72	202
72	205
72	208
72	210
72	212
72	215
72	217
72	219
72	222
72	223
72	226
72	228
72	230
72	232
72	234
72	236
72	238
72	240
72	242
72	243
72	246
72	247
72	249
72	251
72	253
72	255
72	256
72	258
72	260
72	262
72	263
72	265
72	267
72	269
72	270
72	272
72	274
72	276
72	277
72	279
72	281
72	283
72	285
72	286
72	288
72	290
72	292
72	294
72	296
72	297
72	300
72	301
72	304
72	305
72	307
72	309
72	312
72	314
72	315
72	318
72	320
72	323
72	325
72	327
72	330
72	333
72	335
72	338
72	341
72	344
72	347
72	351
72	355
72	358
72	363
72	367
72	372
72	377
72	383
72	390
72	398
72	408
73	186
73	197
73	207
73	216
73	224
73	232
73	240
73	247
73	254
73	261
73	268
73	275
73	282
73	289
73	296
73	304
73	313
73	322
73	332
73	344
74	171
74	183
74	195
74	346
74	357
74	367
74	376
74	385
74	394
74	404
75	151
75	161
75	169
75	176
75	183
75	190
75	196
75	202
75	208
75	214
75	220
75	226
75	233
75	240
75	247
75	254
75	261
75	268
75	275
75	282
75	290
75	297
75	304
75	311
75	318
75	325
75	332
75	339
75	346
75	353
75	360
75	366
75	372
75	378
75	385
75	392
75	399
75	407
75	416
76	157
76	167
76	175
76	183
76	190
76	197
76	204
76	211
76	217
76	224
76	230
76	237
76	244
76	251
76	258
76	265
76	272
76	279
76	286
76	293
76	301
76	309
76	317
76	325
76	333
76	341
76	349
76	358
76	368
76	378
-1	-1
