-1	-1
6	308
6	322
7	209
7	221
7	232
7	243
7	254
7	264
7	274
7	284
7	294
7	303
7	312
7	321
7	330
7	339
7	349
7	359
8	180
8	191
8	200
8	209
8	217
8	225
8	233
8	241
8	249
8	257
8	264
8	271
8	278
8	285
8	292
8	299
8	306
8	313
8	320
8	326
8	333
8	340
8	347
8	354
8	362
8	370
8	379
8	390
9	167
9	177
9	185
9	192
9	199
9	205
9	211
9	217
9	222
9	228
9	233
9	239
9	244
9	250
9	255
9	261
9	266
9	272
9	277
9	282
9	287
9	292
9	297
9	302
9	307
9	312
9	317
9	322
9	327
9	332
9	337
9	342
9	347
9	353
9	358
9	364
9	370
9	377
9	385
9	394
9	405
10	161
10	170
10	178
10	184
10	190
10	195
10	200
10	205
10	210
10	215
10	220
10	224
10	229
10	234
10	238
10	243
10	248
10	253
10	258
10	263
10	268
10	273
10	278
10	283
10	288
10	293
10	298
10	303
10	308
10	313
10	318
10	323
10	328
10	333
10	338
10	343
10	348
10	353
10	358
10	364
10	370
10	376
10	383
10	391
10	400
11	160
11	169
11	176
11	182
11	188
11	193
11	198
11	203
11	208
11	213
11	218
11	223
11	228
11	233
11	238
11	243
11	248
11	253
11	258
11	263
11	268
11	272
11	277
11	281
11	286
11	290
11	295
11	299
11	304
11	308
11	313
11	318
11	323
11	328
11	333
11	338
11	344
11	350
11	356
11	363
11	370
11	378
11	387
12	163
12	173
12	181
12	188
12	195
12	201
12	207
12	213
12	219
12	225
12	231
12	237
12	243
12	249
12	255
12	261
12	267
12	273
12	279
12	285
12	291
12	297
12	303
12	309
12	315
12	321
12	327
12	334
12	341
12	348
12	356
12	365
12	375
13	168
13	178
13	186
13	193
13	200
13	207
13	214
13	221
13	228
13	235
13	242
13	249
13	256
13	263
13	270
13	277
13	284
13	291
13	298
13	305
13	313
13	321
13	329
13	338
13	348
13	360
14	168
14	178
14	186
14	193
14	200
14	206
14	212
14	218
14	224
14	230
14	237
14	244
14	251
14	258
14	265
14	273
14	281
14	289
14	298
14	307
14	317
14	328
15	167
15	177
15	185
15	192
15	199
15	206
15	212
15	219
15	226
15	233
15	240
15	247
15	255
15	263
15	272
15	282
15	294
16	170
16	180
16	189
16	198
16	206
16	215
16	224
16	233
16	242
16	252
16	262
16	274
17	171
17	182
17	193
17	204
17	215
17	227
17	239
18	180
18	192
18	204
18	216
18	229
20	227
20	239
20	251
20	263
20	275
20	287
20	300
21	197
21	208
21	218
21	228
21	238
21	247
21	256
21	265
21	275
21	285
21	295
21	305
21	315
21	326
22	186
22	196
22	204
22	212
22	220
22	228
22	235
22	242
22	249
22	256
22	263
22	270
22	277
22	284
22	291
22	298
22	305
22	313
22	321
22	329
22	338
22	348
22	359
23	178
23	188
23	196
23	203
23	209
23	215
23	221
23	227
23	233
23	239
23	244
23	250
23	255
23	261
23	266
23	272
23	277
23	283
23	288
23	294
23	299
23	305
23	311
23	317
23	323
23	329
23	335
23	342
23	349
23	356
23	364
23	373
23	383
24	171
24	181
24	189
24	196
24	202
24	208
24	214
24	220
24	226
24	232
24	238
24	244
24	250
24	255
24	260
24	265
24	270
24	275
24	280
24	285
24	290
24	295
24	300
24	305
24	310
24	315
24	320
24	325
24	330
24	335
24	340
24	345
24	350
24	356
24	362
24	368
24	375
24	382
24	390
24	400
25	167
25	176
25	183
25	190
25	196
25	202
25	207
25	213
25	218
25	224
25	229
25	235
25	240
25	246
25	251
25	257
25	262
25	268
25	273
25	278
25	283
25	288
25	293
25	298
25	303
25	308
25	313
25	318
25	323
25	328
25	333
25	338
25	343
25	348
25	353
25	358
25	364
25	370
25	376
25	383
25	391
25	400
26	161
26	170
26	178
26	185
26	191
26	197
26	203
26	209
26	214
26	220
26	225
26	231
26	236
26	242
26	247
26	252
26	257
26	262
26	267
26	272
26	277
26	281
26	286
26	290
26	295
26	299
26	304
26	308
26	313
26	317
26	322
26	326
26	331
26	335
26	340
26	345
26	349
26	354
26	359
26	365
26	371
26	377
26	384
26	392
26	402
27	161
27	171
27	180
27	188
27	196
27	203
27	210
27	217
27	223
27	229
27	235
27	241
27	246
27	251
27	256
27	261
27	265
27	270
27	274
27	278
27	282
27	286
27	290
27	294
27	298
27	302
27	306
27	310
27	314
27	318
27	322
27	326
27	330
27	334
27	338
27	343
27	347
27	352
27	357
27	363
27	369
27	376
27	383
27	391
27	401
28	159
28	169
28	178
28	186
28	193
28	200
28	206
28	212
28	218
28	223
28	228
28	233
28	237
28	242
28	245
28	250
28	253
28	257
28	261
28	263
28	267
28	270
28	273
28	276
28	279
28	282
28	285
28	288
28	291
28	294
28	297
28	300
28	304
28	307
28	310
28	314
28	317
28	321
28	324
28	328
28	332
28	336
28	340
28	344
28	348
28	353
28	358
28	363
28	369
28	375
28	382
28	390
28	400
29	157
29	167
29	175
29	183
29	190
29	196
29	202
29	207
29	212
29	216
29	221
29	224
29	229
29	232
29	236
29	240
29	243
29	247
29	250
29	253
29	256
29	260
29	262
29	265
29	268
29	271
29	273
29	277
29	279
29	282
29	285
29	288
29	291
29	294
29	297
29	300
29	303
29	306
29	309
29	313
29	316
29	320
29	324
29	327
29	332
29	336
29	340
29	345
29	350
29	356
29	362
29	369
29	377
29	386
30	157
30	167
30	176
30	184
30	191
30	197
30	202
30	207
30	211
30	214
30	218
30	221
30	224
30	228
30	231
30	234
30	237
30	240
30	243
30	246
30	249
30	252
30	255
30	258
30	261
30	264
30	267
30	270
30	274
30	277
30	280
30	284
30	287
30	291
30	295
30	299
30	303
30	307
30	312
30	316
30	321
30	326
30	332
30	338
30	345
30	353
30	362
30	373
31	158
31	168
31	176
31	183
31	190
31	195
31	201
31	205
31	210
31	213
31	217
31	221
31	224
31	228
31	231
31	235
31	238
31	242
31	245
31	249
31	253
31	257
31	261
31	265
31	269
31	274
31	278
31	284
31	289
31	295
31	301
31	308
31	315
31	323
31	332
31	343
32	162
32	171
32	179
32	184
32	190
32	195
32	200
32	204
32	209
32	213
32	217
32	222
32	226
32	230
32	235
32	239
32	244
32	249
32	254
32	259
32	265
32	271
32	278
32	285
32	293
32	302
32	312
33	160
33	169
33	174
33	180
33	183
33	188
33	192
33	196
33	200
33	204
33	208
33	212
33	216
33	220
33	224
33	228
33	233
33	238
33	243
33	248
33	254
33	260
33	267
33	275
33	284
33	295
34	158
34	166
34	172
34	177
34	182
34	186
34	191
34	195
34	200
34	205
34	210
34	215
34	220
34	226
34	232
34	239
34	246
34	254
34	263
34	274
35	159
35	168
35	175
35	181
35	187
35	193
35	199
35	206
35	213
35	220
35	228
35	237
35	248
36	158
36	168
36	176
36	184
36	192
36	200
36	208
36	217
36	228
37	157
37	166
37	174
37	182
37	190
37	198
37	207
37	217
38	157
38	166
38	174
38	182
38	189
38	197
38	205
38	214
38	225
39	161
39	172
39	182
39	192
39	202
39	215
40	171
40	184
41	171
41	184
65	176
65	186
65	195
65	204
65	212
65	220
65	228
65	236
65	245
65	254
65	264
65	275
66	161
66	171
66	179
66	186
66	192
66	198
66	203
66	208
66	213
66	218
66	223
66	228
66	233
66	238
66	243
66	248
66	254
66	260
66	266
66	273
66	280
66	288
66	297
66	307
66	317
66	329
67	157
67	165
67	171
67	176
67	181
67	184
67	189
67	192
67	195
67	199
67	202
67	205
67	208
67	211
67	213
67	216
67	219
67	222
67	224
67	227
67	230
67	232
67	235
67	238
67	240
67	244
67	246
67	249
67	252
67	255
67	258
67	262
67	265
67	269
67	273
67	277
67	282
67	287
67	292
67	298
67	304
67	310
67	317
67	324
67	332
67	341
67	351
67	363
68	152
68	161
68	166
68	172
68	174
68	179
68	182
68	184
68	188
68	191
68	192
68	195
68	198
68	200
68	202
68	205
68	207
68	209
68	212
68	213
68	216
68	218
68	220
68	222
68	224
68	226
68	228
68	230
68	232
68	234
68	236
68	238
68	240
68	242
68	244
68	246
68	248
68	250
68	253
68	255
68	257
68	259
68	262
68	265
68	267
68	269
68	273
68	275
68	278
68	281
68	285
68	287
68	291
68	295
68	298
68	303
68	307
68	312
68	317
68	322
68	328
68	335
68	342
68	350
68	359
69	156
69	163
69	170
69	174
69	179
69	183
69	187
69	191
69	195
69	199
69	203
69	207
69	211
69	215
69	219
69	223
69	227
69	231
69	235
69	239
69	242
69	246
69	249
69	252
69	255
69	258
69	261
69	264
69	267
69	271
69	274
69	277
69	281
69	285
69	288
69	292
69	296
69	300
69	305
69	309
69	314
69	319
69	324
69	329
69	335
69	342
69	349
69	357
69	367
70	161
70	172
70	181
70	190
70	198
70	206
70	213
70	220
70	227
70	234
70	240
70	246
70	251
70	256
70	260
70	264
70	268
70	272
70	276
70	280
70	284
70	288
70	292
70	296
70	301
70	305
70	310
70	315
70	320
70	326
70	332
70	338
70	345
70	353
70	362
71	157
71	166
71	174
71	181
71	187
71	192
71	197
71	202
71	206
71	211
71	214
71	219
71	222
71	226
71	230
71	233
71	237
71	241
71	245
71	248
71	252
71	256
71	260
71	263
71	267
71	271
71	274
71	278
71	281
71	285
71	288
71	292
71	296
71	299
71	304
71	307
71	312
71	316
71	321
71	326
71	332
71	338
71	345
71	353
71	363
72	156
72	164
72	171
72	177
72	182
72	187
72	191
72	195
72	199
72	203
72	206
72	210
72	213
72	216
72	220
72	222
72	226
72	228
72	232
72	234
72	237
72	240
72	243
72	246
72	249
72	252
72	255
72	258
72	261
72	264
72	267
72	270
72	274
72	277
72	280
72	284
72	287
72	291
72	294
72	298
72	302
72	306
72	310
72	315
72	319
72	324
72	329
72	335
72	341
72	348
72	356
72	366
73	130
73	142
73	153
73	163
73	172
73	181
73	189
73	197
73	205
73	213
73	221
73	228
73	235
73	241
73	247
73	252
73	258
73	263
73	268
73	273
73	278
73	283
73	288
73	294
73	299
73	305
73	311
73	318
73	326
73	335
73	345
74	111
74	122
74	132
74	142
74	152
74	162
74	172
74	183
74	195
74	250
74	261
74	270
74	278
74	286
74	294
74	302
74	311
74	321
74	332
75	151
75	162
75	171
75	180
75	188
75	196
75	203
75	210
75	217
75	224
75	231
75	238
75	245
75	253
75	261
75	270
75	279
75	289
75	299
76	158
76	168
76	176
76	184
76	191
76	198
76	204
76	210
76	216
76	222
76	228
76	234
76	240
76	246
76	252
76	258
76	265
76	272
76	280
76	289
76	299
77	189
77	204
-1	-1
