-1	-1
11	186
11	197
11	208
11	219
11	231
11	243
11	254
11	265
11	275
11	284
11	293
11	302
11	311
11	320
11	330
11	342
11	354
11	365
11	376
11	387
12	173
12	184
12	193
12	202
12	211
12	220
12	229
12	238
12	247
12	256
12	265
12	273
12	281
12	288
12	295
12	302
12	309
12	316
12	323
12	330
12	338
12	347
12	356
12	365
12	375
12	385
12	397
13	171
13	181
13	190
13	198
13	206
13	214
13	222
13	230
13	238
13	246
13	254
13	262
13	270
13	278
13	285
13	292
13	299
13	306
13	313
13	320
13	328
13	336
13	345
13	355
13	365
13	376
13	388
14	177
14	188
14	197
14	206
14	214
14	222
14	230
14	238
14	246
14	254
14	263
14	272
14	281
14	289
14	297
14	306
14	315
14	325
14	336
14	349
15	169
15	179
15	187
15	194
15	201
15	207
15	213
15	219
15	225
15	231
15	237
15	243
15	249
15	255
15	261
15	267
15	273
15	279
15	285
15	291
15	297
15	303
15	309
15	315
15	321
15	328
15	335
15	343
15	351
15	360
15	370
15	380
16	163
16	172
16	180
16	186
16	192
16	197
16	202
16	206
16	211
16	215
16	219
16	223
16	227
16	231
16	235
16	239
16	243
16	247
16	251
16	255
16	259
16	263
16	267
16	271
16	275
16	279
16	283
16	287
16	291
16	294
16	298
16	302
16	306
16	310
16	314
16	318
16	322
16	327
16	331
16	336
16	341
16	346
16	352
16	358
16	365
16	372
16	380
16	389
16	399
17	159
17	168
17	175
17	181
17	186
17	191
17	195
17	200
17	203
17	208
17	211
17	215
17	219
17	222
17	226
17	229
17	233
17	236
17	240
17	243
17	247
17	250
17	254
17	257
17	261
17	264
17	268
17	271
17	275
17	278
17	282
17	285
17	289
17	292
17	296
17	299
17	303
17	306
17	310
17	313
17	317
17	321
17	325
17	329
17	333
17	337
17	342
17	347
17	352
17	357
17	363
17	369
17	376
17	383
17	391
17	400
17	410
18	161
18	171
18	179
18	186
18	192
18	198
18	204
18	209
18	214
18	219
18	224
18	229
18	234
18	239
18	244
18	249
18	254
18	259
18	264
18	269
18	274
18	279
18	284
18	289
18	294
18	299
18	304
18	309
18	314
18	319
18	325
18	331
18	337
18	344
18	351
18	358
18	366
18	375
18	384
18	394
19	173
19	184
19	193
19	201
19	209
19	216
19	223
19	230
19	237
19	244
19	251
19	258
19	264
19	271
19	277
19	283
19	289
19	295
19	301
19	307
19	313
19	320
19	327
19	334
19	342
19	350
19	359
19	368
19	378
19	389
20	182
20	193
20	202
20	211
20	219
20	226
20	233
20	240
20	246
20	252
20	258
20	264
20	270
20	276
20	282
20	288
20	293
20	299
20	304
20	310
20	316
20	322
20	328
20	335
20	342
20	349
20	357
20	365
20	374
20	383
20	393
20	405
21	177
21	187
21	195
21	202
21	209
21	215
21	221
21	226
21	232
21	237
21	242
21	247
21	251
21	256
21	260
21	265
21	269
21	273
21	278
21	282
21	286
21	290
21	294
21	298
21	302
21	306
21	310
21	314
21	318
21	322
21	326
21	331
21	335
21	340
21	345
21	350
21	356
21	362
21	368
21	374
21	381
21	388
21	396
21	405
21	415
22	169
22	179
22	187
22	193
22	199
22	204
22	209
22	213
22	218
22	222
22	226
22	230
22	233
22	237
22	241
22	244
22	248
22	251
22	254
22	258
22	261
22	264
22	268
22	271
22	274
22	278
22	281
22	284
22	288
22	291
22	294
22	298
22	301
22	304
22	308
22	311
22	314
22	318
22	321
22	325
22	328
22	332
22	335
22	339
22	343
22	347
22	351
22	356
22	360
22	365
22	370
22	375
22	380
22	386
22	392
22	398
22	405
22	413
22	422
22	433
23	167
23	176
23	183
23	190
23	195
23	200
23	204
23	208
23	212
23	216
23	220
23	223
23	227
23	230
23	233
23	236
23	239
23	242
23	245
23	248
23	251
23	254
23	257
23	260
23	264
23	267
23	270
23	274
23	277
23	281
23	284
23	288
23	291
23	295
23	299
23	302
23	306
23	310
23	313
23	317
23	321
23	325
23	328
23	333
23	336
23	341
23	345
23	349
23	354
23	358
23	363
23	368
23	373
23	378
23	383
23	389
23	395
23	401
23	408
23	416
23	425
23	436
24	159
24	169
24	177
24	183
24	189
24	194
24	199
24	203
24	208
24	212
24	216
24	221
24	225
24	229
24	233
24	237
24	241
24	245
24	249
24	254
24	258
24	263
24	268
24	273
24	278
24	283
24	289
24	294
24	300
24	306
24	312
24	318
24	324
24	330
24	336
24	342
24	348
24	355
24	362
24	369
24	376
24	384
24	392
24	401
24	411
24	425
25	157
25	166
25	173
25	180
25	185
25	191
25	196
25	202
25	207
25	212
25	218
25	223
25	229
25	235
25	241
25	247
25	253
25	260
25	267
25	274
25	282
25	290
25	298
25	306
25	315
25	324
25	333
25	343
25	353
25	364
25	375
26	153
26	162
26	170
26	176
26	182
26	187
26	193
26	198
26	203
26	208
26	214
26	219
26	225
26	231
26	237
26	243
26	250
26	257
26	264
26	272
26	280
26	289
26	298
26	307
26	316
26	326
26	337
26	349
27	152
27	162
27	170
27	177
27	184
27	190
27	196
27	202
27	208
27	214
27	220
27	226
27	233
27	240
27	247
27	254
27	261
27	269
27	277
27	285
27	293
27	302
27	311
27	320
27	330
27	340
27	350
27	361
27	372
27	384
28	158
28	168
28	177
28	185
28	193
28	200
28	207
28	214
28	220
28	226
28	232
28	238
28	244
28	250
28	256
28	262
28	268
28	274
28	280
28	287
28	294
28	301
28	308
28	315
28	322
28	329
28	336
28	344
28	352
28	360
28	368
28	376
28	384
28	393
28	403
28	414
29	161
29	171
29	179
29	186
29	192
29	198
29	203
29	209
29	213
29	218
29	222
29	227
29	231
29	235
29	239
29	243
29	247
29	251
29	255
29	259
29	263
29	267
29	271
29	275
29	279
29	284
29	288
29	293
29	297
29	302
29	307
29	311
29	316
29	321
29	325
29	330
29	335
29	340
29	345
29	350
29	355
29	360
29	366
29	371
29	377
29	383
29	389
29	396
29	403
29	411
29	420
29	430
30	160
30	170
30	178
30	183
30	189
30	193
30	197
30	201
30	204
30	208
30	211
30	214
30	217
30	221
30	222
30	226
30	228
30	231
30	233
30	236
30	238
30	241
30	243
30	246
30	248
30	251
30	253
30	256
30	258
30	261
30	263
30	266
30	268
30	271
30	273
30	276
30	278
30	281
30	284
30	286
30	289
30	292
30	295
30	297
30	301
30	303
30	306
30	309
30	312
30	315
30	318
30	321
30	324
30	327
30	331
30	334
30	337
30	341
30	344
30	348
30	352
30	356
30	360
30	365
30	369
30	374
30	379
30	384
30	389
30	395
30	401
30	407
30	414
30	422
30	432
31	156
31	164
31	171
31	176
31	181
31	184
31	189
31	192
31	195
31	199
31	201
31	203
31	207
31	209
31	211
31	214
31	216
31	219
31	221
31	223
31	225
31	228
31	230
31	232
31	234
31	236
31	238
31	240
31	242
31	244
31	246
31	248
31	250
31	252
31	254
31	256
31	258
31	260
31	262
31	264
31	266
31	268
31	270
31	272
31	274
31	276
31	278
31	280
31	282
31	284
31	286
31	288
31	290
31	292
31	294
31	296
31	298
31	300
31	303
31	305
31	307
31	309
31	312
31	314
31	317
31	319
31	322
31	324
31	327
31	329
31	333
31	335
31	338
31	341
31	345
31	347
31	351
31	355
31	358
31	363
31	367
31	372
31	377
31	382
31	388
31	394
31	401
31	408
31	416
31	425
31	436
32	150
32	159
32	164
32	170
32	173
32	177
32	181
32	183
32	187
32	190
32	192
32	196
32	198
32	201
32	203
32	206
32	209
32	211
32	213
32	216
32	218
32	221
32	223
32	225
32	228
32	230
32	232
32	235
32	237
32	239
32	242
32	244
32	246
32	249
32	251
32	253
32	256
32	258
32	260
32	263
32	265
32	267
32	270
32	272
32	274
32	277
32	279
32	281
32	284
32	286
32	288
32	291
32	293
32	296
32	298
32	301
32	304
32	306
32	309
32	312
32	315
32	317
32	321
32	324
32	327
32	330
32	334
32	337
32	341
32	345
32	349
32	354
32	358
32	364
32	369
32	375
32	382
32	389
32	397
32	406
32	416
33	149
33	157
33	162
33	167
33	171
33	174
33	178
33	181
33	184
33	188
33	191
33	193
33	197
33	199
33	202
33	205
33	208
33	211
33	213
33	217
33	219
33	222
33	225
33	228
33	231
33	234
33	237
33	240
33	243
33	246
33	249
33	252
33	255
33	258
33	261
33	264
33	267
33	270
33	273
33	276
33	279
33	282
33	286
33	288
33	293
33	296
33	300
33	304
33	308
33	312
33	317
33	321
33	326
33	331
33	336
33	341
33	347
33	353
33	360
33	367
33	375
33	384
33	395
34	150
34	159
34	165
34	171
34	175
34	180
34	183
34	188
34	191
34	195
34	199
34	202
34	206
34	210
34	213
34	217
34	221
34	224
34	228
34	232
34	236
34	239
34	244
34	247
34	252
34	255
34	260
34	264
34	268
34	273
34	277
34	282
34	287
34	292
34	297
34	303
34	309
34	315
34	322
34	329
34	336
34	344
34	353
34	363
34	375
35	152
35	161
35	169
35	175
35	181
35	186
35	191
35	196
35	201
35	206
35	211
35	216
35	221
35	226
35	231
35	236
35	241
35	246
35	252
35	257
35	263
35	269
35	275
35	282
35	289
35	297
35	305
35	314
35	324
35	335
36	161
36	171
36	180
36	188
36	196
36	203
36	210
36	217
36	224
36	231
36	239
36	247
36	255
36	264
36	273
36	283
36	294
37	171
37	182
37	192
37	202
37	212
37	222
37	233
37	244
37	256
37	268
38	169
38	179
38	189
38	198
38	207
38	216
38	226
38	236
38	246
38	256
38	267
39	167
39	177
39	186
39	195
39	203
39	211
39	219
39	228
39	237
39	246
39	256
39	266
39	278
40	166
40	176
40	185
40	194
40	203
40	212
40	221
40	230
40	240
40	250
40	263
41	176
41	187
41	197
41	207
41	218
41	229
43	180
43	192
43	204
44	188
44	200
44	211
44	222
44	234
45	178
45	189
45	200
45	211
45	223
45	236
46	182
46	194
46	206
62	202
62	213
62	223
62	233
62	243
62	253
62	263
62	274
62	285
63	201
63	212
63	222
63	231
63	240
63	249
63	257
63	266
63	275
63	284
63	293
63	303
63	313
63	324
64	197
64	209
64	220
64	230
64	240
64	250
64	259
64	268
64	277
64	286
64	295
64	304
64	314
64	324
64	335
65	170
65	180
65	189
65	197
65	205
65	213
65	221
65	229
65	237
65	245
65	254
65	263
65	272
65	282
65	292
65	303
65	314
65	326
66	168
66	177
66	184
66	191
66	197
66	202
66	207
66	212
66	217
66	222
66	227
66	232
66	237
66	242
66	247
66	252
66	258
66	263
66	269
66	275
66	281
66	287
66	294
66	301
66	308
66	316
66	324
66	332
66	340
66	349
66	359
67	172
67	182
67	190
67	197
67	203
67	209
67	214
67	220
67	224
67	229
67	233
67	238
67	242
67	247
67	251
67	255
67	259
67	263
67	267
67	271
67	275
67	279
67	283
67	287
67	292
67	296
67	301
67	305
67	310
67	315
67	320
67	325
67	330
67	335
67	341
67	347
67	353
67	360
67	368
67	377
68	171
68	182
68	192
68	201
68	210
68	218
68	226
68	233
68	240
68	247
68	253
68	259
68	264
68	270
68	275
68	280
68	285
68	290
68	295
68	300
68	305
68	310
68	315
68	320
68	325
68	331
68	337
68	343
68	350
68	357
68	365
68	375
69	163
69	172
69	180
69	187
69	193
69	199
69	205
69	211
69	217
69	223
69	229
69	235
69	241
69	247
69	253
69	260
69	267
69	274
69	281
69	288
69	295
69	302
69	309
69	316
69	323
69	331
69	339
69	347
69	357
70	161
70	170
70	175
70	181
70	185
70	190
70	193
70	197
70	201
70	204
70	208
70	211
70	214
70	218
70	221
70	224
70	228
70	231
70	234
70	238
70	241
70	245
70	248
70	252
70	255
70	259
70	262
70	266
70	270
70	274
70	278
70	282
70	286
70	290
70	295
70	299
70	304
70	308
70	313
70	317
70	322
70	326
70	331
70	335
70	340
70	345
70	350
70	356
70	362
70	369
70	377
70	386
71	161
71	170
71	175
71	181
71	183
71	188
71	191
71	193
71	197
71	200
71	202
71	205
71	208
71	210
71	212
71	215
71	217
71	220
71	222
71	224
71	227
71	229
71	231
71	233
71	236
71	238
71	240
71	242
71	245
71	247
71	249
71	251
71	254
71	256
71	258
71	260
71	263
71	265
71	267
71	269
71	272
71	274
71	276
71	279
71	281
71	283
71	286
71	288
71	290
71	293
71	295
71	298
71	300
71	303
71	305
71	308
71	310
71	313
71	315
71	318
71	320
71	323
71	325
71	328
71	330
71	333
71	336
71	338
71	341
71	344
71	347
71	349
71	353
71	356
71	359
71	363
71	367
71	371
71	376
71	381
71	387
71	393
71	400
71	409
72	170
72	180
72	188
72	194
72	200
72	204
72	209
72	213
72	217
72	221
72	224
72	228
72	231
72	234
72	237
72	241
72	243
72	246
72	249
72	252
72	254
72	257
72	260
72	262
72	265
72	268
72	270
72	273
72	275
72	278
72	280
72	283
72	285
72	288
72	290
72	293
72	295
72	298
72	300
72	303
72	305
72	308
72	310
72	313
72	315
72	318
72	320
72	323
72	325
72	328
72	330
72	334
72	336
72	339
72	342
72	345
72	348
72	351
72	355
72	358
72	362
72	366
72	370
72	375
72	380
72	386
72	393
72	401
72	412
73	196
73	209
73	221
73	232
73	243
73	253
73	263
73	272
73	281
73	289
73	297
73	305
73	313
73	321
73	329
73	337
73	346
73	356
74	161
74	171
74	179
74	187
74	194
74	201
74	208
74	215
74	222
74	229
74	237
74	245
74	253
74	262
74	271
74	281
74	291
74	301
74	312
74	322
74	332
74	342
74	352
74	364
75	160
75	169
75	176
75	182
75	188
75	193
75	198
75	203
75	208
75	212
75	217
75	221
75	226
75	230
75	235
75	239
75	244
75	248
75	253
75	257
75	262
75	267
75	272
75	277
75	282
75	287
75	292
75	297
75	302
75	307
75	312
75	317
75	322
75	327
75	332
75	337
75	342
75	347
75	352
75	358
75	364
75	370
75	377
75	385
75	395
76	173
76	183
76	191
76	198
76	204
76	210
76	216
76	222
76	227
76	232
76	237
76	242
76	247
76	252
76	257
76	262
76	267
76	272
76	277
76	282
76	287
76	292
76	297
76	302
76	307
76	312
76	317
76	322
76	327
76	332
76	337
76	342
76	347
76	352
76	357
76	363
76	369
76	376
76	384
76	393
76	405
-1	-1
