-1	-1
12	198
12	209
12	220
12	231
12	244
13	180
13	191
13	201
13	210
13	219
13	228
13	237
13	246
13	255
13	265
13	276
13	288
14	183
14	194
14	203
14	212
14	220
14	228
14	236
14	244
14	252
14	260
14	268
14	277
14	286
14	296
14	307
14	320
15	182
15	192
15	201
15	209
15	216
15	223
15	230
15	236
15	242
15	248
15	254
15	261
15	268
15	275
15	282
15	289
15	296
15	304
15	313
15	323
15	334
16	177
16	186
16	193
16	200
16	206
16	212
16	217
16	222
16	227
16	232
16	236
16	241
16	245
16	250
16	254
16	259
16	263
16	268
16	272
16	277
16	282
16	286
16	291
16	296
16	301
16	307
16	313
16	319
16	326
16	334
16	343
16	354
17	170
17	180
17	188
17	194
17	200
17	205
17	210
17	214
17	219
17	223
17	227
17	231
17	234
17	238
17	242
17	245
17	249
17	252
17	256
17	259
17	263
17	266
17	270
17	273
17	277
17	280
17	284
17	287
17	291
17	294
17	298
17	302
17	306
17	310
17	315
17	319
17	325
17	330
17	336
17	343
17	351
17	360
18	163
18	172
18	180
18	187
18	193
18	199
18	204
18	209
18	213
18	218
18	222
18	226
18	230
18	233
18	237
18	241
18	244
18	248
18	251
18	254
18	258
18	261
18	264
18	268
18	271
18	274
18	278
18	281
18	284
18	288
18	291
18	295
18	298
18	302
18	306
18	310
18	314
18	319
18	324
18	329
18	335
18	341
18	348
18	356
18	366
19	163
19	172
19	180
19	186
19	192
19	197
19	202
19	207
19	212
19	217
19	222
19	226
19	231
19	235
19	240
19	244
19	249
19	253
19	258
19	262
19	267
19	272
19	277
19	282
19	287
19	292
19	297
19	303
19	309
19	316
19	323
19	331
19	340
19	351
20	169
20	179
20	187
20	194
20	201
20	207
20	213
20	219
20	225
20	231
20	237
20	243
20	249
20	255
20	261
20	268
20	275
20	282
20	289
20	296
20	304
20	313
20	323
20	334
21	189
21	200
21	210
21	219
21	228
21	237
21	246
21	254
21	263
21	272
21	281
21	290
21	299
21	309
21	320
22	206
22	217
22	227
22	236
22	245
22	253
22	261
22	269
22	277
22	285
22	293
22	302
22	311
22	320
22	330
22	344
23	190
23	200
23	209
23	217
23	224
23	231
23	238
23	244
23	250
23	256
23	262
23	268
23	274
23	280
23	286
23	292
23	298
23	305
23	312
23	319
23	327
23	335
23	344
23	355
24	183
24	193
24	201
24	208
24	214
24	220
24	225
24	230
24	235
24	240
24	244
24	249
24	253
24	258
24	262
24	267
24	271
24	276
24	280
24	285
24	289
24	294
24	299
24	304
24	309
24	315
24	320
24	326
24	332
24	339
24	347
24	356
24	367
25	178
25	188
25	195
25	202
25	207
25	212
25	217
25	221
25	225
25	229
25	233
25	237
25	241
25	244
25	248
25	251
25	255
25	258
25	262
25	265
25	269
25	272
25	276
25	279
25	283
25	286
25	289
25	293
25	296
25	300
25	304
25	307
25	312
25	316
25	320
25	325
25	329
25	335
25	340
25	346
25	353
25	361
25	370
26	173
26	183
26	191
26	198
26	204
26	210
26	215
26	220
26	224
26	229
26	233
26	237
26	241
26	245
26	249
26	252
26	256
26	260
26	263
26	267
26	270
26	274
26	277
26	281
26	283
26	287
26	290
26	293
26	296
26	300
26	303
26	307
26	310
26	314
26	318
26	322
26	326
26	330
26	335
26	339
26	345
26	350
26	356
26	363
26	371
26	381
27	169
27	178
27	186
27	193
27	200
27	206
27	212
27	218
27	224
27	230
27	235
27	241
27	246
27	251
27	256
27	261
27	266
27	271
27	276
27	280
27	285
27	289
27	294
27	298
27	303
27	307
27	312
27	317
27	322
27	327
27	333
27	339
27	346
27	353
27	361
27	371
28	162
28	171
28	179
28	185
28	191
28	197
28	202
28	207
28	212
28	217
28	222
28	227
28	232
28	236
28	241
28	246
28	251
28	256
28	261
28	266
28	271
28	276
28	280
28	285
28	289
28	294
28	299
28	304
28	309
28	314
28	319
28	324
28	329
28	335
28	341
28	347
28	354
28	362
28	371
29	161
29	170
29	178
29	184
29	190
29	195
29	201
29	205
29	210
29	214
29	219
29	223
29	227
29	231
29	235
29	239
29	243
29	247
29	251
29	255
29	259
29	263
29	267
29	271
29	274
29	278
29	282
29	285
29	289
29	292
29	296
29	299
29	303
29	306
29	310
29	313
29	317
29	321
29	325
29	328
29	333
29	337
29	341
29	346
29	351
29	357
29	363
29	370
29	378
29	388
30	161
30	170
30	178
30	184
30	190
30	196
30	201
30	206
30	211
30	215
30	220
30	224
30	228
30	232
30	236
30	240
30	243
30	247
30	251
30	254
30	258
30	261
30	264
30	268
30	270
30	273
30	276
30	279
30	282
30	284
30	287
30	290
30	292
30	295
30	298
30	300
30	303
30	306
30	308
30	311
30	314
30	317
30	319
30	323
30	325
30	329
30	332
30	335
30	339
30	342
30	346
30	350
30	355
30	359
30	365
30	371
30	378
30	386
30	396
31	161
31	171
31	179
31	185
31	191
31	196
31	201
31	206
31	210
31	215
31	219
31	223
31	227
31	231
31	234
31	238
31	241
31	244
31	248
31	250
31	253
31	256
31	259
31	262
31	264
31	268
31	270
31	273
31	275
31	278
31	281
31	282
31	285
31	288
31	290
31	292
31	295
31	297
31	299
31	302
31	305
31	307
31	310
31	313
31	315
31	318
31	321
31	324
31	327
31	330
31	334
31	337
31	341
31	345
31	349
31	354
31	359
31	365
31	371
31	378
31	387
31	398
32	167
32	175
32	182
32	187
32	192
32	196
32	200
32	203
32	207
32	210
32	213
32	216
32	220
32	222
32	225
32	228
32	231
32	233
32	236
32	239
32	241
32	244
32	247
32	249
32	252
32	254
32	257
32	259
32	262
32	264
32	267
32	269
32	272
32	274
32	277
32	279
32	282
32	284
32	287
32	289
32	292
32	295
32	297
32	300
32	303
32	306
32	309
32	312
32	316
32	319
32	323
32	327
32	331
32	335
32	340
32	345
32	350
32	356
32	363
32	371
32	380
33	162
33	171
33	176
33	182
33	184
33	189
33	192
33	194
33	198
33	201
33	203
33	206
33	209
33	211
33	214
33	216
33	219
33	221
33	224
33	226
33	229
33	231
33	234
33	236
33	239
33	241
33	244
33	247
33	249
33	252
33	255
33	257
33	260
33	263
33	266
33	269
33	272
33	275
33	278
33	281
33	284
33	287
33	290
33	294
33	297
33	300
33	304
33	307
33	311
33	315
33	319
33	324
33	329
33	335
33	341
33	348
33	356
33	365
33	376
34	160
34	169
34	173
34	178
34	182
34	185
34	189
34	192
34	194
34	198
34	200
34	203
34	206
34	208
34	211
34	214
34	216
34	219
34	222
34	224
34	227
34	230
34	233
34	236
34	239
34	242
34	245
34	248
34	251
34	255
34	258
34	261
34	265
34	268
34	272
34	276
34	279
34	284
34	287
34	292
34	296
34	301
34	306
34	311
34	317
34	323
34	330
34	338
34	347
35	159
35	168
35	174
35	180
35	184
35	189
35	193
35	197
35	201
35	205
35	209
35	213
35	217
35	221
35	225
35	229
35	234
35	238
35	243
35	248
35	253
35	258
35	264
35	269
35	275
35	281
35	287
35	294
35	301
35	309
35	318
35	328
36	161
36	170
36	178
36	185
36	192
36	199
36	206
36	213
36	220
36	228
36	236
36	245
36	254
36	263
36	273
36	283
36	293
36	305
37	164
37	174
37	183
37	191
37	199
37	207
37	215
37	224
37	233
37	243
37	254
37	266
37	279
38	171
38	181
38	190
38	199
38	207
38	216
38	225
38	235
38	245
38	256
39	172
39	183
39	192
39	201
39	210
39	219
39	229
39	240
40	180
40	191
40	201
40	211
40	221
40	231
40	243
41	181
41	192
41	202
41	212
41	222
41	232
41	243
41	256
42	182
42	193
42	204
42	214
42	224
42	235
42	247
65	208
65	219
65	230
65	240
65	250
65	260
65	270
65	281
65	293
66	178
66	188
66	197
66	205
66	213
66	221
66	229
66	237
66	245
66	254
66	263
66	272
66	281
66	290
66	299
66	309
67	169
67	178
67	184
67	190
67	195
67	201
67	206
67	211
67	216
67	221
67	226
67	231
67	237
67	242
67	248
67	254
67	260
67	266
67	272
67	278
67	284
67	290
67	296
67	302
67	308
67	315
67	322
67	330
67	340
68	169
68	177
68	183
68	188
68	192
68	196
68	200
68	203
68	207
68	210
68	214
68	217
68	221
68	224
68	228
68	231
68	235
68	238
68	242
68	245
68	249
68	252
68	256
68	260
68	263
68	267
68	271
68	275
68	279
68	282
68	286
68	290
68	294
68	298
68	302
68	306
68	310
68	315
68	320
68	326
68	332
68	339
68	347
68	357
69	178
69	187
69	193
69	199
69	203
69	208
69	212
69	216
69	220
69	223
69	227
69	230
69	233
69	237
69	240
69	243
69	246
69	249
69	252
69	255
69	258
69	261
69	264
69	267
69	270
69	274
69	277
69	280
69	284
69	287
69	291
69	295
69	298
69	303
69	307
69	312
69	317
69	323
69	330
69	338
69	348
70	177
70	187
70	196
70	204
70	212
70	219
70	225
70	231
70	237
70	243
70	249
70	254
70	260
70	265
70	271
70	277
70	283
70	289
70	295
70	302
70	309
70	317
70	327
71	168
71	177
71	184
71	190
71	196
71	201
71	206
71	211
71	216
71	221
71	226
71	232
71	237
71	243
71	249
71	255
71	261
71	267
71	273
71	279
71	285
71	291
71	297
71	303
71	309
71	316
71	324
71	333
71	344
72	168
72	176
72	182
72	188
72	192
72	197
72	201
72	205
72	209
72	213
72	216
72	220
72	223
72	227
72	230
72	234
72	237
72	241
72	244
72	248
72	251
72	255
72	258
72	262
72	266
72	269
72	273
72	277
72	281
72	285
72	289
72	293
72	297
72	301
72	305
72	309
72	314
72	319
72	325
72	331
72	338
72	346
72	356
73	181
73	191
73	199
73	205
73	211
73	216
73	221
73	225
73	230
73	234
73	238
73	242
73	246
73	250
73	254
73	258
73	262
73	266
73	270
73	274
73	278
73	282
73	286
73	291
73	295
73	300
73	305
73	311
73	317
73	324
73	332
73	343
74	260
-1	-1
