-1	-1
0	344
0	353
0	361
0	368
0	375
0	383
0	391
0	399
0	407
0	416
0	426
0	437
1	369
1	383
5	392
5	404
5	415
5	426
5	438
5	453
6	366
6	377
6	388
6	398
6	408
6	418
6	427
6	436
6	445
6	455
6	465
6	475
6	486
6	497
6	508
6	522
7	357
7	367
7	377
7	386
7	395
7	403
7	411
7	419
7	426
7	433
7	440
7	447
7	455
7	463
7	471
7	479
7	487
7	495
7	503
7	511
7	520
7	529
7	539
7	549
7	560
7	572
8	350
8	360
8	368
8	375
8	382
8	389
8	395
8	401
8	407
8	413
8	419
8	424
8	430
8	435
8	441
8	446
8	452
8	458
8	464
8	470
8	476
8	482
8	488
8	494
8	500
8	506
8	512
8	518
8	525
8	532
8	539
8	547
8	555
8	563
8	572
8	582
8	593
9	353
9	363
9	371
9	379
9	386
9	392
9	398
9	403
9	409
9	414
9	419
9	424
9	429
9	433
9	438
9	442
9	447
9	451
9	456
9	460
9	465
9	469
9	474
9	479
9	484
9	489
9	494
9	499
9	504
9	509
9	514
9	519
9	524
9	529
9	535
9	540
9	546
9	552
9	559
9	566
9	573
9	580
9	588
9	597
9	607
10	356
10	365
10	373
10	380
10	387
10	393
10	399
10	404
10	409
10	414
10	418
10	423
10	427
10	431
10	435
10	439
10	443
10	447
10	451
10	455
10	459
10	463
10	467
10	471
10	475
10	479
10	483
10	487
10	492
10	496
10	501
10	505
10	510
10	515
10	520
10	525
10	530
10	535
10	541
10	547
10	553
10	559
10	565
10	571
10	578
10	585
10	593
10	602
10	612
11	353
11	363
11	372
11	380
11	387
11	394
11	400
11	406
11	412
11	417
11	422
11	427
11	432
11	437
11	441
11	446
11	450
11	454
11	459
11	463
11	467
11	472
11	476
11	481
11	485
11	490
11	495
11	500
11	505
11	510
11	515
11	520
11	526
11	531
11	537
11	543
11	549
11	556
11	563
11	570
11	577
11	585
11	593
11	602
11	613
12	358
12	368
12	378
12	387
12	395
12	402
12	409
12	415
12	421
12	426
12	431
12	436
12	441
12	446
12	451
12	455
12	460
12	465
12	470
12	475
12	480
12	485
12	490
12	496
12	502
12	508
12	514
12	521
12	528
12	535
12	543
12	551
12	558
12	565
12	573
12	581
12	590
12	600
12	614
13	362
13	373
13	383
13	392
13	400
13	408
13	415
13	422
13	428
13	434
13	440
13	446
13	452
13	458
13	464
13	470
13	476
13	482
13	488
13	495
13	502
13	510
13	518
13	527
13	536
13	546
13	555
13	564
13	573
13	583
13	594
14	370
14	381
14	391
14	400
14	408
14	416
14	423
14	430
14	437
14	444
14	451
14	457
14	464
14	471
14	478
14	485
14	493
14	501
14	509
14	518
14	528
14	539
14	551
14	562
14	574
15	367
15	378
15	387
15	395
15	403
15	410
15	417
15	423
15	429
15	435
15	441
15	447
15	453
15	459
15	465
15	471
15	477
15	484
15	491
15	498
15	506
15	514
15	523
15	533
15	543
15	553
15	563
15	573
15	584
16	360
16	371
16	380
16	388
16	395
16	401
16	407
16	412
16	417
16	422
16	427
16	432
16	437
16	442
16	446
16	451
16	455
16	460
16	465
16	469
16	474
16	479
16	484
16	489
16	495
16	501
16	507
16	514
16	521
16	529
16	538
16	547
16	556
16	565
16	574
16	584
16	595
17	359
17	369
17	377
17	384
17	390
17	395
17	401
17	405
17	410
17	414
17	418
17	422
17	426
17	430
17	434
17	438
17	442
17	446
17	450
17	454
17	458
17	462
17	466
17	470
17	474
17	478
17	482
17	487
17	491
17	496
17	501
17	506
17	511
17	517
17	523
17	529
17	536
17	543
17	550
17	558
17	566
17	574
17	583
17	593
17	605
18	357
18	366
18	373
18	380
18	385
18	391
18	395
18	400
18	404
18	409
18	412
18	417
18	420
18	424
18	428
18	432
18	436
18	440
18	444
18	447
18	451
18	455
18	459
18	463
18	467
18	471
18	475
18	479
18	483
18	487
18	492
18	496
18	501
18	506
18	511
18	516
18	522
18	527
18	533
18	539
18	546
18	553
18	560
18	567
18	575
18	583
18	592
18	602
18	615
19	351
19	360
19	367
19	373
19	378
19	383
19	388
19	392
19	397
19	401
19	405
19	410
19	414
19	418
19	422
19	426
19	430
19	434
19	438
19	442
19	446
19	450
19	454
19	458
19	462
19	466
19	470
19	474
19	478
19	482
19	487
19	491
19	496
19	500
19	505
19	510
19	515
19	520
19	525
19	530
19	536
19	541
19	547
19	553
19	559
19	565
19	571
19	577
19	584
19	591
19	598
19	606
19	615
19	625
20	350
20	359
20	366
20	372
20	378
20	384
20	389
20	394
20	399
20	404
20	409
20	414
20	419
20	424
20	429
20	434
20	439
20	444
20	449
20	454
20	459
20	463
20	468
20	472
20	477
20	481
20	486
20	490
20	495
20	500
20	505
20	510
20	515
20	520
20	525
20	530
20	535
20	540
20	546
20	551
20	557
20	562
20	568
20	574
20	580
20	586
20	592
20	599
20	606
20	614
20	623
20	634
21	357
21	367
21	376
21	384
21	392
21	400
21	407
21	414
21	420
21	426
21	432
21	438
21	444
21	450
21	455
21	461
21	466
21	471
21	476
21	481
21	485
21	490
21	494
21	498
21	502
21	506
21	510
21	514
21	518
21	522
21	526
21	530
21	535
21	539
21	544
21	548
21	553
21	558
21	563
21	568
21	573
21	578
21	583
21	588
21	594
21	600
21	607
21	615
21	624
21	634
22	360
22	371
22	380
22	388
22	395
22	402
22	408
22	414
22	420
22	425
22	430
22	435
22	440
22	444
22	449
22	453
22	457
22	461
22	465
22	469
22	472
22	475
22	479
22	482
22	484
22	488
22	491
22	493
22	497
22	499
22	502
22	505
22	507
22	510
22	513
22	515
22	518
22	521
22	523
22	526
22	529
22	532
22	534
22	538
22	540
22	544
22	546
22	550
22	553
22	556
22	559
22	562
22	565
22	568
22	572
22	575
22	578
22	582
22	585
22	589
22	593
22	597
22	602
22	607
22	612
22	618
22	625
22	633
22	642
23	358
23	368
23	377
23	385
23	392
23	398
23	403
23	408
23	412
23	417
23	421
23	425
23	429
23	432
23	436
23	439
23	442
23	445
23	448
23	451
23	454
23	457
23	460
23	462
23	465
23	468
23	470
23	472
23	475
23	477
23	480
23	482
23	484
23	487
23	489
23	491
23	493
23	496
23	498
23	500
23	502
23	505
23	507
23	509
23	511
23	514
23	515
23	518
23	520
23	522
23	525
23	526
23	529
23	531
23	533
23	536
23	538
23	540
23	543
23	545
23	548
23	550
23	553
23	555
23	558
23	560
23	563
23	565
23	568
23	570
23	573
23	576
23	578
23	582
23	584
23	588
23	591
23	595
23	598
23	602
23	606
23	610
23	615
23	620
23	626
23	633
23	641
23	651
24	359
24	369
24	378
24	384
24	390
24	394
24	399
24	402
24	406
24	410
24	412
24	416
24	419
24	422
24	424
24	427
24	430
24	432
24	434
24	437
24	439
24	442
24	443
24	446
24	448
24	450
24	452
24	454
24	456
24	458
24	460
24	462
24	464
24	466
24	468
24	470
24	472
24	474
24	476
24	478
24	480
24	482
24	484
24	486
24	488
24	490
24	492
24	494
24	496
24	498
24	500
24	502
24	504
24	506
24	508
24	510
24	513
24	515
24	517
24	519
24	522
24	524
24	527
24	529
24	532
24	534
24	537
24	539
24	543
24	545
24	548
24	551
24	554
24	557
24	560
24	563
24	566
24	569
24	572
24	576
24	579
24	583
24	586
24	590
24	594
24	598
24	603
24	607
24	613
24	618
24	625
24	633
24	642
25	358
25	368
25	375
25	381
25	386
25	391
25	394
25	399
25	402
25	405
25	408
25	411
25	413
25	416
25	419
25	421
25	423
25	426
25	428
25	430
25	432
25	434
25	436
25	438
25	440
25	442
25	444
25	446
25	448
25	450
25	452
25	454
25	456
25	458
25	460
25	462
25	464
25	466
25	468
25	470
25	472
25	474
25	476
25	478
25	480
25	482
25	485
25	486
25	489
25	491
25	494
25	496
25	498
25	501
25	504
25	506
25	509
25	512
25	515
25	518
25	521
25	525
25	528
25	532
25	536
25	540
25	545
25	549
25	554
25	559
25	564
25	569
25	574
25	579
25	584
25	590
25	596
25	602
25	609
25	617
25	626
25	637
26	350
26	359
26	367
26	373
26	379
26	383
26	388
26	392
26	396
26	400
26	403
26	406
26	410
26	412
26	415
26	418
26	421
26	423
26	426
26	429
26	431
26	434
26	436
26	439
26	441
26	444
26	446
26	449
26	451
26	454
26	456
26	459
26	461
26	464
26	466
26	469
26	472
26	474
26	477
26	480
26	483
26	486
26	489
26	492
26	495
26	498
26	502
26	505
26	509
26	513
26	517
26	522
26	527
26	532
26	538
26	544
26	550
26	557
26	564
26	571
26	578
26	586
26	594
26	603
26	613
26	625
27	348
27	357
27	364
27	370
27	375
27	380
27	384
27	389
27	393
27	398
27	401
27	405
27	409
27	412
27	416
27	419
27	422
27	426
27	429
27	432
27	435
27	438
27	441
27	444
27	447
27	450
27	453
27	456
27	459
27	463
27	466
27	469
27	473
27	476
27	480
27	484
27	488
27	492
27	497
27	501
27	506
27	511
27	517
27	523
27	530
27	537
27	545
27	554
27	563
27	573
27	584
28	348
28	357
28	364
28	371
28	377
28	383
28	389
28	394
28	400
28	404
28	409
28	413
28	418
28	422
28	427
28	431
28	436
28	440
28	445
28	449
28	454
28	458
28	463
28	468
28	473
28	478
28	484
28	490
28	496
28	503
28	510
28	518
28	527
28	537
29	362
29	373
29	383
29	392
29	400
29	407
29	414
29	421
29	427
29	433
29	439
29	445
29	452
29	458
29	465
29	472
29	479
29	486
29	494
29	503
29	513
29	524
30	381
30	392
30	402
30	411
30	419
30	427
30	434
30	441
30	448
30	455
30	463
30	471
30	479
30	487
30	496
30	506
31	399
31	410
31	420
31	429
31	437
31	445
31	454
31	463
31	473
31	483
32	412
32	424
32	435
32	447
32	460
34	432
35	422
35	434
35	445
35	458
40	427
40	440
40	454
42	358
42	369
42	379
42	390
42	401
42	413
42	425
43	362
43	374
43	387
52	407
52	419
52	430
52	441
52	452
52	464
53	446
53	459
53	472
59	412
59	425
62	376
62	388
62	399
62	410
62	421
62	432
62	444
63	388
63	399
63	408
63	417
63	425
63	433
63	441
63	450
63	459
63	469
63	480
63	494
64	383
64	394
64	403
64	411
64	419
64	426
64	433
64	439
64	445
64	451
64	457
64	463
64	469
64	476
64	483
64	490
64	497
64	505
64	513
64	522
64	532
65	378
65	388
65	397
65	406
65	414
65	422
65	429
65	436
65	443
65	449
65	455
65	461
65	467
65	473
65	479
65	485
65	491
65	497
65	503
65	509
65	516
65	523
65	531
65	539
65	548
66	381
66	391
66	400
66	408
66	416
66	424
66	432
66	440
66	448
66	456
66	464
66	472
66	480
66	488
66	496
66	504
66	512
66	520
66	528
66	536
66	545
66	555
67	377
67	386
67	393
67	399
67	404
67	410
67	415
67	420
67	425
67	430
67	435
67	440
67	446
67	451
67	457
67	463
67	469
67	476
67	483
67	490
67	497
67	504
67	511
67	518
67	524
67	531
67	537
67	544
67	551
67	558
67	566
67	576
68	379
68	389
68	395
68	401
68	405
68	410
68	413
68	418
68	421
68	425
68	429
68	432
68	436
68	439
68	443
68	446
68	450
68	453
68	457
68	460
68	464
68	468
68	471
68	475
68	479
68	483
68	487
68	491
68	495
68	499
68	503
68	507
68	511
68	515
68	519
68	523
68	526
68	530
68	533
68	537
68	540
68	544
68	548
68	552
68	556
68	560
68	565
68	570
68	576
68	582
68	589
68	597
68	607
69	390
69	399
69	404
69	410
69	413
69	417
69	421
69	423
69	427
69	430
69	432
69	435
69	438
69	440
69	443
69	445
69	448
69	450
69	453
69	455
69	457
69	460
69	462
69	464
69	467
69	469
69	471
69	474
69	476
69	478
69	481
69	483
69	485
69	488
69	490
69	493
69	495
69	498
69	500
69	503
69	505
69	508
69	510
69	513
69	515
69	518
69	520
69	523
69	525
69	528
69	530
69	533
69	535
69	538
69	540
69	543
69	546
69	548
69	551
69	555
69	557
69	561
69	565
69	568
69	573
69	577
69	582
69	587
69	593
69	600
69	608
69	618
70	397
70	405
70	411
70	415
70	420
70	422
70	426
70	430
70	432
70	434
70	438
70	440
70	442
70	445
70	447
70	449
70	452
70	453
70	456
70	458
70	460
70	462
70	463
70	466
70	468
70	469
70	472
70	473
70	475
70	477
70	479
70	481
70	482
70	484
70	486
70	488
70	490
70	491
70	493
70	495
70	497
70	498
70	500
70	502
70	504
70	505
70	507
70	509
70	511
70	513
70	515
70	517
70	519
70	521
70	524
70	525
70	528
70	530
70	533
70	535
70	538
70	540
70	544
70	546
70	550
70	553
70	557
70	561
70	566
70	570
70	576
70	582
70	589
70	598
71	407
71	417
71	425
71	432
71	438
71	443
71	448
71	452
71	457
71	461
71	464
71	468
71	471
71	474
71	478
71	481
71	483
71	487
71	490
71	492
71	495
71	498
71	501
71	504
71	506
71	510
71	512
71	516
71	518
71	522
71	525
71	529
71	533
71	537
71	541
71	546
71	551
71	557
71	563
71	570
71	578
71	588
72	399
72	410
72	422
72	436
72	519
72	531
72	543
73	389
73	398
73	406
73	413
73	420
73	427
73	434
73	441
73	449
73	457
73	466
73	475
73	485
73	495
73	505
73	514
73	523
73	531
73	539
73	546
73	553
73	561
73	569
73	578
73	589
74	389
74	398
74	404
74	410
74	415
74	420
74	425
74	430
74	434
74	439
74	443
74	448
74	452
74	457
74	462
74	467
74	472
74	477
74	482
74	487
74	492
74	497
74	502
74	507
74	512
74	517
74	522
74	527
74	531
74	536
74	540
74	544
74	548
74	553
74	557
74	562
74	567
74	572
74	578
74	585
74	592
74	601
74	613
75	397
75	406
75	413
75	420
75	425
75	431
75	436
75	441
75	446
75	451
75	455
75	460
75	464
75	469
75	473
75	478
75	482
75	487
75	491
75	496
75	500
75	505
75	509
75	514
75	518
75	523
75	527
75	532
75	536
75	541
75	546
75	551
75	556
75	562
75	568
75	575
75	583
75	592
76	456
76	467
76	477
76	487
76	497
76	507
76	518
-1	-1
