-1	-1
0	141
0	150
0	154
0	160
0	163
0	168
0	171
0	175
0	179
0	183
0	187
0	191
0	195
0	199
0	204
0	208
0	214
0	219
0	225
0	232
0	239
0	247
0	257
1	148
1	157
1	164
1	171
1	177
1	184
1	191
1	198
1	206
1	215
1	225
2	151
2	161
2	170
2	178
2	186
2	195
2	205
2	216
3	162
3	173
3	185
7	179
7	191
7	203
8	163
8	173
8	182
8	191
8	199
8	208
8	217
8	226
8	236
8	246
8	256
8	267
8	278
8	290
8	303
9	159
9	168
9	176
9	183
9	190
9	197
9	204
9	211
9	218
9	225
9	232
9	240
9	248
9	256
9	264
9	273
9	282
9	291
9	300
9	309
9	318
9	327
9	337
9	348
10	159
10	168
10	176
10	183
10	189
10	195
10	201
10	207
10	213
10	219
10	226
10	233
10	240
10	247
10	254
10	261
10	268
10	275
10	282
10	289
10	296
10	303
10	310
10	317
10	324
10	331
10	338
10	346
10	355
10	366
11	171
11	182
11	191
11	200
11	209
11	217
11	225
11	233
11	241
11	249
11	256
11	263
11	270
11	276
11	282
11	288
11	294
11	300
11	306
11	312
11	318
11	324
11	331
11	338
11	346
11	355
11	366
12	198
12	209
12	220
12	230
12	239
12	247
12	254
12	261
12	267
12	273
12	279
12	285
12	291
12	297
12	303
12	309
12	316
12	323
12	331
12	339
12	349
13	210
13	221
13	231
13	240
13	248
13	256
13	263
13	270
13	277
13	284
13	291
13	298
13	306
13	314
13	323
13	333
13	345
14	207
14	218
14	228
14	237
14	246
14	254
14	262
14	270
14	277
14	284
14	292
14	300
14	308
14	317
14	327
14	339
15	192
15	203
15	213
15	223
15	232
15	240
15	248
15	255
15	262
15	269
15	276
15	283
15	291
15	299
15	307
15	315
15	324
15	334
16	172
16	183
16	193
16	202
16	211
16	219
16	227
16	234
16	241
16	248
16	255
16	262
16	269
16	276
16	283
16	290
16	297
16	304
16	311
16	319
16	327
16	336
16	347
17	159
17	169
17	178
17	186
17	193
17	200
17	207
17	214
17	220
17	226
17	232
17	238
17	244
17	250
17	255
17	261
17	266
17	271
17	276
17	281
17	286
17	291
17	296
17	302
17	307
17	313
17	319
17	325
17	332
17	339
17	347
17	356
17	368
18	151
18	161
18	169
18	176
18	182
18	188
18	193
18	198
18	203
18	208
18	212
18	217
18	221
18	226
18	230
18	235
18	239
18	243
18	248
18	252
18	256
18	260
18	264
18	268
18	272
18	276
18	280
18	284
18	288
18	292
18	296
18	300
18	304
18	308
18	312
18	316
18	320
18	325
18	329
18	334
18	339
18	345
18	351
18	357
18	365
18	373
18	383
19	149
19	158
19	164
19	170
19	175
19	180
19	184
19	189
19	193
19	197
19	201
19	204
19	208
19	211
19	214
19	218
19	221
19	224
19	227
19	231
19	233
19	237
19	240
19	243
19	246
19	249
19	252
19	255
19	258
19	261
19	264
19	267
19	270
19	273
19	276
19	279
19	282
19	285
19	288
19	291
19	293
19	297
19	299
19	302
19	305
19	308
19	311
19	314
19	317
19	320
19	324
19	327
19	330
19	334
19	337
19	341
19	345
19	349
19	354
19	359
19	365
19	371
19	378
19	386
19	395
19	406
20	147
20	154
20	160
20	164
20	169
20	173
20	177
20	181
20	184
20	188
20	191
20	195
20	198
20	202
20	205
20	208
20	212
20	214
20	218
20	221
20	223
20	227
20	229
20	232
20	235
20	238
20	240
20	243
20	246
20	248
20	251
20	253
20	256
20	259
20	261
20	263
20	266
20	268
20	271
20	273
20	275
20	278
20	280
20	282
20	285
20	287
20	289
20	292
20	294
20	296
20	299
20	301
20	304
20	306
20	309
20	311
20	314
20	316
20	319
20	321
20	324
20	327
20	329
20	333
20	335
20	338
20	342
20	345
20	348
20	352
20	356
20	360
20	365
20	369
20	375
20	380
20	386
20	393
20	401
20	410
21	148
21	155
21	161
21	167
21	172
21	177
21	182
21	186
21	191
21	194
21	199
21	203
21	207
21	211
21	215
21	219
21	223
21	227
21	231
21	234
21	238
21	241
21	245
21	248
21	251
21	254
21	258
21	260
21	264
21	266
21	270
21	272
21	276
21	278
21	282
21	284
21	288
21	290
21	294
21	296
21	300
21	302
21	305
21	308
21	311
21	313
21	316
21	319
21	322
21	325
21	328
21	331
21	334
21	337
21	340
21	344
21	347
21	351
21	355
21	358
21	363
21	367
21	372
21	377
21	382
21	388
21	395
21	403
21	412
21	424
22	168
22	179
22	188
22	195
22	202
22	209
22	215
22	221
22	227
22	232
22	237
22	242
22	247
22	252
22	257
22	262
22	266
22	271
22	274
22	279
22	282
22	286
22	290
22	293
22	297
22	300
22	303
22	307
22	310
22	313
22	316
22	319
22	322
22	325
22	328
22	331
22	335
22	337
22	341
22	344
22	348
22	351
22	355
22	359
22	363
22	367
22	372
22	377
22	382
22	388
22	395
22	402
22	411
22	422
23	180
23	191
23	200
23	209
23	217
23	224
23	231
23	237
23	243
23	249
23	254
23	259
23	263
23	267
23	271
23	274
23	278
23	281
23	284
23	287
23	291
23	293
23	297
23	300
23	302
23	306
23	308
23	311
23	314
23	316
23	319
23	322
23	324
23	327
23	329
23	332
23	335
23	337
23	340
23	343
23	346
23	348
23	352
23	355
23	358
23	362
23	365
23	369
23	373
23	377
23	382
23	387
23	393
23	399
23	406
23	414
23	424
24	181
24	191
24	200
24	208
24	216
24	223
24	230
24	236
24	242
24	248
24	253
24	258
24	263
24	267
24	272
24	276
24	280
24	284
24	288
24	291
24	294
24	298
24	301
24	303
24	307
24	309
24	312
24	314
24	317
24	319
24	322
24	324
24	326
24	329
24	331
24	334
24	336
24	339
24	341
24	344
24	347
24	349
24	353
24	356
24	359
24	363
24	366
24	370
24	375
24	379
24	385
24	390
24	396
24	403
24	411
24	421
25	182
25	192
25	201
25	209
25	216
25	222
25	228
25	232
25	237
25	241
25	244
25	248
25	251
25	255
25	258
25	261
25	264
25	267
25	270
25	273
25	276
25	279
25	281
25	284
25	286
25	289
25	291
25	293
25	296
25	298
25	300
25	302
25	304
25	306
25	309
25	310
25	313
25	315
25	317
25	319
25	322
25	324
25	326
25	329
25	331
25	334
25	337
25	339
25	343
25	346
25	349
25	353
25	356
25	360
25	365
25	369
25	375
25	381
25	388
25	396
25	405
26	177
26	187
26	195
26	202
26	209
26	214
26	220
26	224
26	229
26	232
26	235
26	239
26	242
26	243
26	247
26	249
26	252
26	253
26	256
26	258
26	261
26	262
26	264
26	267
26	269
26	271
26	272
26	275
26	276
26	278
26	280
26	282
26	284
26	285
26	287
26	289
26	291
26	293
26	295
26	296
26	299
26	300
26	303
26	304
26	307
26	308
26	311
26	313
26	315
26	317
26	320
26	322
26	325
26	327
26	330
26	333
26	336
26	339
26	343
26	346
26	350
26	354
26	358
26	363
26	368
26	375
26	382
26	390
26	400
27	168
27	178
27	186
27	192
27	197
27	202
27	206
27	211
27	214
27	218
27	222
27	225
27	229
27	232
27	235
27	239
27	241
27	244
27	247
27	250
27	252
27	255
27	258
27	260
27	263
27	265
27	268
27	270
27	273
27	275
27	278
27	280
27	283
27	286
27	288
27	291
27	294
27	297
27	300
27	303
27	306
27	309
27	313
27	316
27	319
27	323
27	327
27	331
27	335
27	339
27	344
27	349
27	355
27	362
27	370
27	379
28	162
28	172
28	180
28	187
28	192
28	197
28	201
28	204
28	208
28	211
28	213
28	217
28	219
28	222
28	225
28	227
28	230
28	233
28	235
28	238
28	241
28	244
28	246
28	249
28	252
28	255
28	258
28	261
28	265
28	268
28	271
28	275
28	278
28	282
28	286
28	290
28	294
28	298
28	302
28	306
28	311
28	315
28	320
28	325
28	331
28	337
28	344
28	352
28	361
29	166
29	175
29	183
29	190
29	196
29	201
29	205
29	210
29	212
29	216
29	219
29	222
29	224
29	227
29	230
29	232
29	234
29	237
29	239
29	242
29	244
29	247
29	249
29	252
29	254
29	257
29	259
29	262
29	265
29	267
29	270
29	273
29	276
29	278
29	282
29	285
29	288
29	291
29	295
29	298
29	302
29	306
29	310
29	315
29	320
29	326
29	332
29	339
29	347
29	357
30	159
30	169
30	177
30	184
30	190
30	195
30	200
30	205
30	210
30	214
30	219
30	223
30	227
30	231
30	235
30	239
30	243
30	247
30	251
30	255
30	259
30	263
30	267
30	272
30	276
30	281
30	286
30	291
30	297
30	303
30	310
30	317
30	325
30	334
30	345
31	152
31	162
31	170
31	178
31	184
31	190
31	194
31	199
31	203
31	207
31	211
31	215
31	219
31	223
31	227
31	232
31	236
31	241
31	246
31	251
31	257
31	263
31	269
31	276
31	283
31	291
31	299
31	308
31	317
31	328
32	151
32	160
32	168
32	175
32	182
32	188
32	193
32	199
32	203
32	208
32	212
32	216
32	221
32	225
32	229
32	234
32	238
32	243
32	247
32	252
32	257
32	262
32	267
32	272
32	278
32	284
32	290
32	296
32	303
32	310
32	318
32	328
33	163
33	174
33	184
33	193
33	201
33	209
33	217
33	224
33	231
33	238
33	245
33	252
33	259
33	266
33	273
33	280
33	287
33	295
33	304
33	314
33	325
34	188
34	198
34	207
34	216
34	225
34	235
34	245
34	256
34	269
35	188
35	198
35	206
35	213
35	220
35	227
35	234
35	242
35	250
35	258
35	267
35	276
35	286
35	296
35	306
35	317
36	190
36	200
36	209
36	217
36	225
36	232
36	239
36	246
36	253
36	260
36	267
36	274
36	281
36	289
36	297
36	306
36	316
37	200
37	212
37	224
37	235
37	245
37	255
37	265
37	275
37	285
38	188
38	199
38	210
38	222
39	182
39	192
39	201
39	210
39	219
39	228
39	237
39	247
39	258
40	190
40	201
40	211
40	220
40	229
40	238
40	247
40	256
40	265
40	275
40	286
50	211
50	223
50	234
50	245
50	256
50	266
50	277
50	288
50	301
51	259
51	271
55	210
55	222
55	233
55	244
56	210
56	221
56	231
56	241
56	251
56	261
56	271
56	282
57	231
57	243
57	254
57	266
60	200
60	211
60	221
60	231
60	241
60	251
60	261
60	271
60	282
60	293
60	304
60	317
61	190
61	200
61	209
61	217
61	224
61	231
61	238
61	245
61	252
61	259
61	266
61	273
61	280
61	287
61	294
61	301
61	308
61	315
61	322
61	330
61	338
61	347
61	358
62	186
62	194
62	201
62	207
62	212
62	217
62	222
62	226
62	231
62	234
62	239
62	242
62	246
62	250
62	254
62	258
62	262
62	266
62	270
62	274
62	278
62	282
62	286
62	290
62	294
62	298
62	302
62	306
62	310
62	314
62	318
62	322
62	326
62	330
62	335
62	339
62	345
62	350
62	356
62	363
62	371
62	381
63	179
63	189
63	195
63	201
63	204
63	209
63	212
63	215
63	219
63	222
63	224
63	228
63	230
63	232
63	235
63	238
63	240
63	242
63	245
63	247
63	249
63	252
63	254
63	256
63	259
63	261
63	263
63	265
63	268
63	270
63	272
63	274
63	277
63	279
63	281
63	283
63	286
63	288
63	290
63	292
63	295
63	297
63	299
63	302
63	304
63	306
63	309
63	311
63	314
63	316
63	319
63	321
63	324
63	327
63	329
63	333
63	336
63	339
63	343
63	347
63	351
63	356
63	361
63	367
63	373
63	381
63	390
64	187
64	196
64	202
64	207
64	212
64	214
64	219
64	222
64	224
64	228
64	230
64	232
64	235
64	237
64	240
64	242
64	243
64	246
64	248
64	250
64	252
64	253
64	256
64	258
64	259
64	262
64	263
64	265
64	267
64	269
64	271
64	272
64	274
64	276
64	278
64	279
64	281
64	283
64	285
64	286
64	288
64	290
64	292
64	294
64	296
64	297
64	300
64	302
64	304
64	306
64	308
64	310
64	313
64	315
64	317
64	320
64	323
64	325
64	328
64	331
64	335
64	337
64	341
64	345
64	349
64	354
64	359
64	365
64	372
64	380
64	390
65	209
65	219
65	227
65	233
65	239
65	243
65	248
65	252
65	256
65	260
65	264
65	268
65	271
65	275
65	279
65	282
65	286
65	290
65	294
65	298
65	303
65	307
65	312
65	317
65	323
65	329
65	336
65	344
65	354
68	319
68	330
68	341
68	352
68	365
69	201
69	212
69	222
69	231
69	240
69	249
69	258
69	267
69	275
69	283
69	291
69	299
69	306
69	313
69	320
69	326
69	332
69	338
69	343
69	349
69	354
69	360
69	366
69	373
69	381
69	390
70	190
70	199
70	206
70	212
70	218
70	223
70	228
70	233
70	238
70	242
70	247
70	251
70	256
70	260
70	264
70	269
70	273
70	277
70	281
70	285
70	289
70	293
70	297
70	301
70	304
70	308
70	311
70	315
70	318
70	321
70	324
70	327
70	330
70	333
70	336
70	339
70	342
70	345
70	348
70	351
70	354
70	357
70	360
70	364
70	367
70	370
70	375
70	378
70	383
70	387
70	393
70	398
70	405
70	413
70	423
71	188
71	195
71	201
71	205
71	210
71	213
71	217
71	221
71	223
71	227
71	230
71	232
71	236
71	238
71	241
71	243
71	246
71	249
71	251
71	254
71	256
71	259
71	261
71	263
71	266
71	268
71	271
71	273
71	275
71	278
71	280
71	282
71	284
71	287
71	289
71	291
71	293
71	295
71	298
71	299
71	302
71	303
71	306
71	308
71	310
71	312
71	314
71	316
71	318
71	320
71	322
71	324
71	326
71	328
71	330
71	332
71	334
71	336
71	338
71	340
71	342
71	344
71	346
71	348
71	350
71	352
71	355
71	356
71	359
71	361
71	364
71	366
71	368
71	371
71	374
71	377
71	380
71	384
71	387
71	391
71	395
71	399
71	405
71	410
71	417
71	425
71	435
72	189
72	197
72	202
72	207
72	211
72	214
72	218
72	221
72	224
72	227
72	230
72	233
72	235
72	238
72	241
72	243
72	245
72	248
72	250
72	252
72	255
72	257
72	259
72	262
72	263
72	266
72	268
72	270
72	272
72	274
72	276
72	278
72	280
72	282
72	284
72	286
72	288
72	290
72	292
72	294
72	296
72	298
72	300
72	302
72	304
72	306
72	308
72	310
72	312
72	314
72	316
72	318
72	320
72	322
72	324
72	326
72	328
72	330
72	333
72	335
72	337
72	339
72	342
72	345
72	347
72	350
72	353
72	356
72	359
72	363
72	366
72	370
72	374
72	378
72	384
72	389
72	396
72	404
72	414
73	202
73	212
73	221
73	229
73	237
73	244
73	250
73	256
73	262
73	267
73	272
73	277
73	282
73	287
73	292
73	297
73	302
73	308
73	314
73	320
73	327
73	335
73	344
73	355
-1	-1
