-1	-1
0	157
0	165
0	172
0	178
0	183
0	188
0	193
0	198
0	204
0	209
0	215
0	221
0	227
0	234
0	241
0	249
0	258
0	268
0	278
0	289
1	161
1	171
1	179
1	187
1	195
1	203
1	211
1	219
1	228
1	237
1	247
1	258
2	167
2	177
2	186
2	195
2	204
2	213
2	222
2	232
2	243
2	255
3	168
3	178
3	187
3	196
3	205
3	214
3	223
3	232
3	242
3	252
3	263
3	275
4	171
4	182
4	192
4	202
4	211
4	220
4	229
4	238
4	247
4	256
4	265
4	275
4	285
4	296
4	307
4	319
4	332
4	345
4	358
4	371
4	384
4	397
5	171
5	182
5	192
5	201
5	210
5	219
5	227
5	235
5	243
5	251
5	259
5	267
5	275
5	284
5	293
5	302
5	311
5	320
5	329
5	338
5	347
5	356
5	365
5	374
5	383
5	392
5	401
5	410
5	419
5	428
5	438
5	448
5	459
6	171
6	181
6	191
6	200
6	209
6	217
6	225
6	232
6	239
6	246
6	253
6	260
6	267
6	274
6	281
6	288
6	295
6	302
6	309
6	316
6	323
6	330
6	337
6	344
6	350
6	357
6	363
6	369
6	375
6	381
6	387
6	393
6	399
6	405
6	411
6	417
6	424
6	431
6	438
6	445
6	453
6	461
6	470
6	479
6	490
7	170
7	180
7	189
7	198
7	206
7	214
7	222
7	229
7	236
7	243
7	250
7	256
7	262
7	268
7	274
7	280
7	286
7	291
7	297
7	302
7	307
7	312
7	317
7	322
7	327
7	332
7	336
7	341
7	345
7	350
7	354
7	359
7	363
7	367
7	371
7	375
7	379
7	383
7	387
7	391
7	395
7	399
7	403
7	407
7	411
7	415
7	419
7	424
7	428
7	433
7	438
7	443
7	448
7	453
7	458
7	464
7	470
7	477
7	485
7	494
7	504
8	162
8	172
8	180
8	187
8	194
8	200
8	206
8	212
8	218
8	223
8	229
8	234
8	239
8	244
8	249
8	254
8	259
8	263
8	268
8	272
8	277
8	281
8	285
8	289
8	293
8	297
8	301
8	305
8	309
8	313
8	317
8	321
8	325
8	329
8	332
8	336
8	340
8	343
8	347
8	351
8	354
8	358
8	361
8	365
8	368
8	372
8	375
8	379
8	382
8	386
8	389
8	393
8	396
8	400
8	403
8	406
8	410
8	413
8	417
8	420
8	424
8	427
8	431
8	435
8	439
8	443
8	447
8	451
8	456
8	460
8	465
8	470
8	476
8	482
8	489
8	497
8	506
8	517
9	159
9	168
9	175
9	181
9	187
9	192
9	197
9	202
9	207
9	212
9	217
9	222
9	226
9	231
9	235
9	240
9	244
9	248
9	252
9	256
9	260
9	264
9	268
9	272
9	276
9	280
9	284
9	288
9	292
9	296
9	300
9	304
9	308
9	312
9	316
9	320
9	323
9	327
9	331
9	335
9	338
9	342
9	346
9	350
9	353
9	357
9	361
9	364
9	368
9	372
9	375
9	379
9	383
9	386
9	390
9	394
9	397
9	401
9	405
9	408
9	412
9	416
9	420
9	424
9	428
9	432
9	437
9	441
9	446
9	451
9	456
9	461
9	467
9	473
9	480
9	487
9	496
9	506
10	161
10	170
10	178
10	185
10	191
10	197
10	203
10	209
10	214
10	220
10	225
10	230
10	235
10	240
10	244
10	249
10	253
10	258
10	262
10	267
10	271
10	276
10	280
10	285
10	289
10	294
10	299
10	304
10	309
10	314
10	319
10	324
10	329
10	334
10	339
10	344
10	349
10	354
10	359
10	364
10	369
10	374
10	379
10	384
10	389
10	394
10	399
10	404
10	409
10	414
10	419
10	424
10	429
10	435
10	440
10	446
10	452
10	458
10	465
10	473
10	481
10	490
10	501
11	158
11	167
11	174
11	181
11	187
11	193
11	199
11	205
11	211
11	216
11	222
11	227
11	233
11	238
11	244
11	249
11	255
11	260
11	266
11	272
11	278
11	284
11	290
11	296
11	303
11	309
11	316
11	323
11	330
11	336
11	342
11	348
11	354
11	360
11	366
11	372
11	378
11	384
11	390
11	396
11	402
11	407
11	413
11	419
11	425
11	431
11	437
11	444
11	451
11	458
11	466
11	474
11	483
11	494
12	158
12	167
12	174
12	181
12	187
12	193
12	199
12	205
12	211
12	217
12	223
12	230
12	237
12	244
12	251
12	258
12	265
12	272
12	279
12	287
12	295
12	303
12	311
12	319
12	327
12	335
12	343
12	351
12	359
12	367
12	374
12	381
12	388
12	395
12	402
12	409
12	416
12	423
12	430
12	437
12	445
12	453
12	462
12	471
12	481
13	162
13	172
13	181
13	189
13	197
13	205
13	213
13	221
13	229
13	238
13	247
13	256
13	265
13	274
13	283
13	292
13	301
13	310
13	319
13	328
13	337
13	346
13	355
13	364
13	373
13	382
13	390
13	398
13	406
13	414
13	422
13	430
13	439
13	448
13	457
13	467
13	477
14	177
14	188
14	198
14	208
14	217
14	226
14	235
14	244
14	253
14	262
14	271
14	280
14	289
14	298
14	307
14	316
14	325
14	334
14	343
14	352
14	360
14	368
14	376
14	384
14	392
14	400
14	408
14	415
14	423
14	431
14	439
14	447
14	455
14	463
14	471
14	480
14	490
14	502
15	183
15	194
15	204
15	213
15	222
15	230
15	238
15	246
15	254
15	262
15	270
15	278
15	286
15	294
15	303
15	311
15	319
15	327
15	335
15	343
15	350
15	357
15	364
15	371
15	377
15	383
15	389
15	395
15	401
15	407
15	412
15	418
15	423
15	429
15	434
15	440
15	446
15	452
15	458
15	464
15	470
15	477
15	484
15	491
15	499
15	508
15	518
16	170
16	180
16	189
16	197
16	204
16	211
16	218
16	225
16	232
16	239
16	246
16	253
16	260
16	267
16	273
16	280
16	286
16	293
16	299
16	305
16	311
16	317
16	323
16	329
16	334
16	340
16	345
16	350
16	355
16	360
16	364
16	369
16	373
16	378
16	382
16	386
16	390
16	394
16	398
16	402
16	406
16	410
16	414
16	418
16	422
16	426
16	430
16	434
16	438
16	442
16	446
16	450
16	454
16	458
16	463
16	467
16	472
16	477
16	482
16	487
16	493
16	499
16	506
16	513
16	521
16	530
16	540
17	162
17	171
17	179
17	185
17	191
17	196
17	201
17	206
17	211
17	216
17	221
17	226
17	231
17	236
17	241
17	246
17	251
17	256
17	261
17	266
17	271
17	276
17	281
17	286
17	291
17	296
17	301
17	305
17	310
17	314
17	319
17	323
17	328
17	332
17	337
17	341
17	345
17	350
17	354
17	358
17	362
17	366
17	370
17	374
17	378
17	382
17	386
17	390
17	394
17	398
17	402
17	405
17	409
17	413
17	416
17	420
17	423
17	427
17	430
17	434
17	437
17	441
17	445
17	448
17	452
17	456
17	460
17	464
17	468
17	472
17	476
17	481
17	486
17	491
17	496
17	502
17	508
17	514
17	521
17	528
17	536
17	545
17	555
18	167
18	175
18	182
18	188
18	193
18	198
18	202
18	206
18	210
18	214
18	218
18	222
18	226
18	230
18	234
18	238
18	242
18	246
18	250
18	254
18	258
18	262
18	266
18	270
18	274
18	278
18	282
18	286
18	290
18	293
18	297
18	301
18	305
18	309
18	313
18	317
18	321
18	325
18	329
18	333
18	337
18	341
18	345
18	349
18	353
18	357
18	361
18	365
18	369
18	373
18	377
18	381
18	385
18	389
18	393
18	397
18	401
18	405
18	409
18	413
18	417
18	421
18	425
18	429
18	433
18	437
18	441
18	445
18	449
18	454
18	458
18	463
18	467
18	472
18	477
18	482
18	487
18	493
18	498
18	504
18	510
18	517
18	524
18	531
18	539
18	548
18	558
19	162
19	171
19	179
19	185
19	191
19	195
19	200
19	204
19	209
19	212
19	217
19	220
19	224
19	228
19	232
19	236
19	240
19	244
19	248
19	252
19	256
19	260
19	264
19	268
19	272
19	276
19	280
19	284
19	288
19	292
19	296
19	300
19	304
19	308
19	312
19	316
19	320
19	324
19	328
19	332
19	336
19	340
19	345
19	349
19	354
19	358
19	363
19	367
19	372
19	376
19	381
19	386
19	390
19	395
19	399
19	404
19	408
19	413
19	417
19	422
19	426
19	431
19	435
19	440
19	445
19	450
19	455
19	460
19	465
19	471
19	477
19	483
19	489
19	496
19	503
19	510
19	518
19	526
19	535
19	545
19	556
20	162
20	171
20	179
20	185
20	191
20	195
20	200
20	204
20	209
20	212
20	217
20	220
20	224
20	228
20	231
20	235
20	239
20	242
20	246
20	250
20	254
20	257
20	261
20	265
20	269
20	273
20	277
20	281
20	285
20	289
20	293
20	297
20	301
20	305
20	309
20	314
20	318
20	323
20	327
20	332
20	336
20	341
20	345
20	350
20	355
20	360
20	365
20	370
20	375
20	380
20	385
20	390
20	395
20	400
20	404
20	409
20	413
20	418
20	422
20	427
20	431
20	436
20	441
20	446
20	451
20	456
20	462
20	467
20	473
20	479
20	486
20	493
20	500
20	508
20	517
20	527
20	538
21	160
21	169
21	176
21	182
21	187
21	192
21	197
21	202
21	206
21	211
21	215
21	219
21	223
21	227
21	231
21	235
21	239
21	243
21	246
21	250
21	254
21	258
21	262
21	266
21	270
21	274
21	278
21	282
21	285
21	289
21	293
21	296
21	300
21	304
21	307
21	311
21	314
21	318
21	321
21	325
21	328
21	332
21	335
21	339
21	342
21	346
21	349
21	353
21	356
21	360
21	363
21	367
21	370
21	374
21	377
21	381
21	384
21	387
21	391
21	393
21	397
21	400
21	403
21	406
21	409
21	412
21	415
21	418
21	421
21	424
21	427
21	430
21	433
21	436
21	439
21	442
21	446
21	448
21	452
21	455
21	459
21	463
21	467
21	471
21	475
21	479
21	484
21	488
21	494
21	499
21	505
21	511
21	518
21	526
21	535
21	546
22	158
22	167
22	174
22	180
22	186
22	191
22	196
22	201
22	206
22	211
22	216
22	221
22	225
22	230
22	234
22	239
22	243
22	248
22	252
22	256
22	260
22	264
22	268
22	271
22	275
22	278
22	282
22	284
22	288
22	291
22	293
22	297
22	299
22	302
22	305
22	307
22	310
22	312
22	315
22	317
22	320
22	322
22	324
22	327
22	329
22	331
22	334
22	336
22	338
22	341
22	342
22	345
22	347
22	349
22	351
22	353
22	356
22	357
22	360
22	362
22	364
22	366
22	368
22	370
22	372
22	374
22	376
22	378
22	380
22	382
22	384
22	386
22	388
22	390
22	392
22	394
22	396
22	398
22	400
22	402
22	404
22	406
22	408
22	410
22	412
22	414
22	416
22	418
22	420
22	422
22	424
22	426
22	428
22	430
22	432
22	435
22	436
22	439
22	441
22	444
22	446
22	448
22	451
22	454
22	456
22	459
22	462
22	465
22	468
22	471
22	475
22	478
22	482
22	486
22	489
22	494
22	498
22	503
22	508
22	514
22	520
22	527
22	536
22	547
23	158
23	167
23	174
23	181
23	188
23	194
23	200
23	206
23	212
23	217
23	222
23	227
23	232
23	236
23	241
23	244
23	248
23	252
23	255
23	259
23	262
23	265
23	268
23	271
23	273
23	276
23	279
23	281
23	283
23	286
23	288
23	290
23	292
23	294
23	296
23	298
23	300
23	302
23	303
23	305
23	307
23	309
23	311
23	312
23	313
23	316
23	317
23	319
23	320
23	322
23	323
23	325
23	326
23	328
23	329
23	331
23	332
23	333
23	335
23	337
23	338
23	339
23	341
23	342
23	343
23	345
23	346
23	348
23	349
23	350
23	352
23	353
23	354
23	356
23	357
23	358
23	360
23	361
23	362
23	364
23	365
23	366
23	368
23	369
23	370
23	372
23	373
23	374
23	376
23	377
23	378
23	380
23	381
23	382
23	384
23	385
23	386
23	388
23	389
23	390
23	392
23	393
23	395
23	396
23	397
23	399
23	400
23	402
23	403
23	405
23	406
23	408
23	409
23	411
23	412
23	414
23	415
23	417
23	418
23	420
23	422
23	423
23	425
23	427
23	428
23	430
23	432
23	434
23	435
23	437
23	439
23	441
23	443
23	445
23	447
23	449
23	451
23	454
23	456
23	458
23	461
23	464
23	466
23	469
23	472
23	475
23	478
23	481
23	485
23	488
23	492
23	496
23	500
23	505
23	510
23	516
23	522
23	529
23	537
23	547
24	169
24	179
24	188
24	196
24	203
24	210
24	215
24	221
24	225
24	230
24	233
24	237
24	241
24	243
24	246
24	250
24	252
24	254
24	257
24	260
24	262
24	264
24	267
24	269
24	272
24	274
24	276
24	279
24	281
24	283
24	285
24	288
24	290
24	292
24	294
24	296
24	298
24	300
24	302
24	304
24	306
24	308
24	310
24	312
24	313
24	316
24	317
24	319
24	321
24	323
24	324
24	326
24	328
24	330
24	331
24	333
24	335
24	337
24	338
24	340
24	342
24	344
24	345
24	347
24	349
24	351
24	352
24	354
24	356
24	358
24	359
24	361
24	363
24	365
24	366
24	368
24	370
24	372
24	373
24	375
24	377
24	379
24	380
24	383
24	384
24	386
24	388
24	390
24	392
24	394
24	396
24	398
24	400
24	402
24	404
24	406
24	408
24	410
24	412
24	414
24	416
24	418
24	420
24	423
24	424
24	427
24	429
24	431
24	434
24	436
24	438
24	441
24	443
24	446
24	448
24	451
24	454
24	456
24	459
24	462
24	465
24	468
24	471
24	475
24	478
24	482
24	486
24	490
24	495
24	500
24	506
24	512
24	519
24	527
24	536
25	172
25	182
25	190
25	198
25	204
25	210
25	214
25	219
25	222
25	226
25	229
25	232
25	235
25	238
25	241
25	243
25	246
25	249
25	251
25	253
25	255
25	258
25	260
25	262
25	264
25	266
25	268
25	270
25	272
25	274
25	276
25	278
25	280
25	282
25	284
25	286
25	288
25	290
25	293
25	295
25	297
25	299
25	302
25	304
25	306
25	309
25	311
25	314
25	316
25	319
25	321
25	324
25	327
25	329
25	332
25	335
25	338
25	340
25	344
25	346
25	349
25	353
25	355
25	359
25	362
25	365
25	369
25	372
25	375
25	379
25	382
25	385
25	389
25	392
25	395
25	399
25	402
25	405
25	409
25	412
25	416
25	419
25	423
25	426
25	430
25	433
25	437
25	440
25	444
25	448
25	452
25	456
25	461
25	466
25	471
25	476
25	482
25	488
25	495
25	503
25	512
25	522
26	168
26	177
26	184
26	191
26	196
26	202
26	206
26	211
26	214
26	219
26	222
26	224
26	228
26	231
26	233
26	236
26	239
26	242
26	244
26	247
26	250
26	252
26	255
26	257
26	260
26	262
26	265
26	267
26	270
26	272
26	274
26	277
26	279
26	282
26	284
26	286
26	289
26	291
26	294
26	296
26	299
26	301
26	304
26	306
26	309
26	312
26	314
26	317
26	320
26	322
26	326
26	328
26	331
26	334
26	337
26	340
26	343
26	346
26	349
26	352
26	356
26	358
26	362
26	365
26	369
26	372
26	376
26	379
26	383
26	387
26	391
26	395
26	399
26	403
26	407
26	411
26	416
26	420
26	425
26	429
26	434
26	439
26	445
26	451
26	457
26	464
26	471
26	479
26	488
26	498
26	510
27	167
27	176
27	183
27	189
27	195
27	200
27	205
27	210
27	214
27	219
27	223
27	227
27	231
27	234
27	238
27	241
27	244
27	248
27	251
27	254
27	258
27	261
27	264
27	268
27	271
27	275
27	278
27	282
27	286
27	290
27	294
27	298
27	303
27	307
27	312
27	317
27	322
27	327
27	333
27	339
27	345
27	352
27	359
27	366
27	373
27	381
27	389
27	396
27	403
27	410
27	417
27	424
27	432
27	440
27	448
27	456
27	465
27	474
27	484
27	495
27	507
28	166
28	174
28	181
28	188
28	194
28	200
28	206
28	211
28	216
28	221
28	226
28	230
28	235
28	239
28	244
28	248
28	253
28	257
28	262
28	266
28	271
28	275
28	280
28	285
28	290
28	295
28	300
28	305
28	311
28	317
28	323
28	329
28	335
28	341
28	348
28	355
28	362
28	369
28	377
28	385
28	393
28	401
28	410
28	419
28	428
28	438
28	448
28	459
28	471
29	168
29	178
29	186
29	193
29	200
29	207
29	213
29	219
29	225
29	231
29	236
29	242
29	247
29	253
29	259
29	265
29	271
29	278
29	285
29	292
29	299
29	307
29	315
29	324
29	333
29	343
29	354
29	366
30	170
30	180
30	188
30	195
30	202
30	209
30	216
30	223
30	230
30	237
30	244
30	251
30	258
30	265
30	273
30	281
30	290
30	300
30	311
30	324
31	169
31	178
31	185
31	192
31	198
31	204
31	210
31	216
31	222
31	228
31	234
31	240
31	247
31	254
31	262
31	270
31	279
31	288
31	298
31	309
31	320
31	333
32	171
32	180
32	188
32	194
32	201
32	207
32	213
32	219
32	225
32	232
32	239
32	246
32	254
32	262
32	271
32	281
32	293
33	177
33	186
33	194
33	201
33	208
33	215
33	222
33	229
33	237
33	245
33	253
33	262
33	271
33	281
33	291
33	302
33	315
34	177
34	187
34	196
34	204
34	212
34	220
34	228
34	236
34	245
34	254
34	263
34	273
34	283
34	293
34	304
34	315
34	327
34	341
35	178
35	188
35	198
35	207
35	216
35	225
35	234
35	243
35	252
35	262
35	272
35	284
36	171
36	182
36	192
36	201
36	210
36	219
36	229
36	239
36	249
36	259
36	270
36	283
37	168
37	178
37	187
37	195
37	204
37	213
37	222
37	231
37	241
37	251
37	262
37	274
38	206
38	217
38	228
38	239
38	250
39	231
39	243
39	254
39	267
43	181
43	193
43	206
44	178
44	189
44	200
44	212
62	221
62	232
62	242
62	252
62	262
62	272
62	282
62	293
62	305
63	209
63	219
63	227
63	234
63	241
63	247
63	253
63	259
63	265
63	271
63	277
63	284
63	291
63	298
63	305
63	313
63	321
63	329
63	337
63	346
63	355
63	364
63	374
63	384
63	394
63	403
63	412
63	421
63	429
63	437
63	445
63	453
63	462
63	472
63	484
64	208
64	216
64	222
64	228
64	232
64	237
64	241
64	245
64	249
64	253
64	257
64	261
64	264
64	268
64	272
64	276
64	280
64	284
64	288
64	292
64	296
64	300
64	305
64	309
64	314
64	318
64	323
64	327
64	332
64	337
64	342
64	347
64	352
64	357
64	362
64	368
64	373
64	379
64	384
64	390
64	395
64	401
64	406
64	411
64	416
64	421
64	426
64	431
64	436
64	441
64	446
64	451
64	456
64	461
64	466
64	472
64	478
64	485
64	493
64	502
65	208
65	216
65	222
65	227
65	231
65	234
65	238
65	241
65	244
65	247
65	250
65	252
65	255
65	258
65	260
65	263
65	265
65	268
65	270
65	273
65	275
65	278
65	280
65	283
65	285
65	288
65	290
65	293
65	295
65	298
65	300
65	303
65	305
65	308
65	310
65	313
65	315
65	318
65	320
65	323
65	326
65	328
65	331
65	334
65	336
65	339
65	342
65	345
65	347
65	350
65	353
65	356
65	359
65	362
65	365
65	368
65	371
65	374
65	377
65	380
65	383
65	386
65	389
65	392
65	395
65	398
65	401
65	404
65	407
65	410
65	413
65	416
65	419
65	422
65	425
65	428
65	431
65	434
65	437
65	441
65	444
65	448
65	451
65	455
65	459
65	463
65	468
65	473
65	478
65	484
65	491
65	499
65	508
66	212
66	221
66	229
66	234
66	240
66	243
66	248
66	251
66	253
66	257
66	260
66	262
66	265
66	268
66	270
66	272
66	275
66	277
66	279
66	282
66	283
66	286
66	288
66	290
66	292
66	294
66	296
66	298
66	300
66	302
66	304
66	306
66	308
66	310
66	312
66	314
66	316
66	318
66	320
66	322
66	324
66	326
66	328
66	330
66	332
66	334
66	336
66	338
66	340
66	342
66	344
66	346
66	348
66	350
66	352
66	354
66	356
66	358
66	360
66	362
66	364
66	366
66	368
66	370
66	372
66	374
66	376
66	378
66	380
66	382
66	384
66	386
66	388
66	390
66	393
66	394
66	397
66	399
66	401
66	404
66	406
66	408
66	411
66	413
66	416
66	418
66	421
66	424
66	426
66	429
66	433
66	435
66	439
66	443
66	446
66	450
66	455
66	459
66	465
66	471
66	478
66	486
66	496
67	249
67	259
67	267
67	273
67	279
67	283
67	288
67	292
67	296
67	300
67	303
67	307
67	310
67	313
67	317
67	320
67	323
67	326
67	330
67	332
67	336
67	339
67	342
67	345
67	348
67	352
67	355
67	358
67	362
67	365
67	368
67	372
67	375
67	379
67	382
67	386
67	389
67	394
67	397
67	402
67	406
67	411
67	416
67	422
67	428
67	435
67	443
67	452
67	462
69	431
69	443
69	454
69	465
70	219
70	229
70	238
70	247
70	256
70	265
70	274
70	283
70	293
70	303
70	313
70	323
70	333
70	343
70	353
70	363
70	373
70	383
70	392
70	401
70	410
70	418
70	425
70	432
70	439
70	445
70	451
70	457
70	463
70	469
70	475
70	482
70	489
70	497
70	506
70	517
71	209
71	218
71	224
71	230
71	235
71	241
71	245
71	250
71	255
71	260
71	265
71	270
71	275
71	280
71	285
71	290
71	295
71	300
71	305
71	310
71	315
71	320
71	325
71	330
71	335
71	340
71	345
71	350
71	355
71	360
71	365
71	370
71	375
71	380
71	385
71	390
71	395
71	400
71	404
71	409
71	413
71	417
71	421
71	425
71	429
71	432
71	436
71	439
71	442
71	446
71	449
71	452
71	455
71	458
71	461
71	464
71	467
71	470
71	474
71	476
71	480
71	483
71	487
71	490
71	495
71	498
71	503
71	508
71	513
71	519
71	526
71	534
71	544
72	208
72	215
72	221
72	225
72	230
72	233
72	237
72	241
72	243
72	247
72	250
72	253
72	256
72	259
72	262
72	264
72	268
72	270
72	273
72	276
72	279
72	281
72	284
72	287
72	290
72	292
72	295
72	298
72	301
72	303
72	306
72	309
72	312
72	314
72	317
72	320
72	322
72	325
72	328
72	330
72	333
72	336
72	338
72	341
72	344
72	346
72	349
72	352
72	354
72	357
72	360
72	362
72	365
72	368
72	370
72	373
72	376
72	378
72	381
72	383
72	386
72	388
72	391
72	393
72	396
72	398
72	401
72	403
72	406
72	408
72	411
72	413
72	415
72	418
72	420
72	422
72	424
72	427
72	428
72	431
72	433
72	435
72	437
72	439
72	441
72	443
72	445
72	447
72	449
72	451
72	453
72	455
72	457
72	459
72	461
72	463
72	465
72	467
72	469
72	471
72	473
72	475
72	477
72	479
72	482
72	484
72	486
72	489
72	491
72	494
72	497
72	499
72	503
72	506
72	509
72	513
72	517
72	521
72	526
72	531
72	537
72	544
72	552
72	564
73	209
73	218
73	224
73	230
73	233
73	238
73	242
73	245
73	249
73	252
73	255
73	258
73	261
73	264
73	267
73	270
73	272
73	275
73	278
73	280
73	283
73	285
73	288
73	290
73	293
73	295
73	298
73	300
73	302
73	305
73	307
73	309
73	312
73	314
73	316
73	319
73	321
73	323
73	325
73	328
73	330
73	332
73	334
73	336
73	339
73	340
73	343
73	345
73	347
73	349
73	351
73	353
73	355
73	357
73	359
73	361
73	363
73	365
73	367
73	369
73	371
73	373
73	375
73	377
73	379
73	381
73	383
73	385
73	387
73	389
73	391
73	393
73	395
73	397
73	399
73	401
73	403
73	405
73	407
73	409
73	411
73	413
73	415
73	417
73	419
73	421
73	423
73	425
73	427
73	429
73	431
73	433
73	435
73	437
73	439
73	441
73	444
73	445
73	448
73	450
73	452
73	455
73	457
73	459
73	462
73	464
73	467
73	469
73	472
73	475
73	477
73	480
73	484
73	486
73	490
73	494
73	497
73	502
73	506
73	511
73	517
73	523
73	530
73	539
74	232
74	243
74	253
74	262
74	270
74	277
74	283
74	289
74	295
74	300
74	305
74	310
74	315
74	320
74	324
74	329
74	333
74	337
74	341
74	345
74	349
74	353
74	357
74	361
74	365
74	369
74	373
74	377
74	381
74	385
74	389
74	393
74	397
74	401
74	405
74	409
74	414
74	418
74	423
74	428
74	434
74	440
74	446
74	453
74	461
74	470
-1	-1
