-1	-1
0	113
0	125
8	113
8	124
8	135
8	148
9	101
9	110
9	118
9	125
9	132
9	139
9	147
9	155
9	164
9	174
9	185
10	99
10	108
10	115
10	122
10	128
10	134
10	141
10	148
10	155
10	163
10	172
10	182
10	193
11	99
11	108
11	114
11	120
11	125
11	131
11	136
11	142
11	148
11	154
11	161
11	168
11	176
11	184
11	193
11	203
11	215
12	98
12	106
12	113
12	119
12	124
12	130
12	135
12	140
12	146
12	152
12	158
12	165
12	172
12	179
12	187
12	196
12	206
12	217
13	100
13	109
13	117
13	124
13	131
13	137
13	144
13	151
13	158
13	165
13	173
13	181
13	190
13	199
13	209
13	219
13	230
14	119
14	130
14	140
14	150
14	159
14	168
14	177
14	186
14	195
14	204
14	213
14	222
14	231
14	240
14	250
14	260
14	271
15	129
15	140
15	149
15	158
15	166
15	174
15	182
15	189
15	196
15	203
15	210
15	217
15	224
15	231
15	238
15	245
15	252
15	260
15	268
15	277
15	287
15	298
16	120
16	131
16	140
16	148
16	155
16	162
16	169
16	175
16	181
16	187
16	193
16	198
16	204
16	209
16	215
16	220
16	225
16	231
16	236
16	242
16	248
16	254
16	260
16	267
16	274
16	282
16	291
16	301
16	312
17	109
17	119
17	128
17	135
17	142
17	148
17	154
17	160
17	165
17	171
17	176
17	181
17	186
17	191
17	196
17	201
17	206
17	211
17	216
17	221
17	226
17	231
17	236
17	241
17	247
17	252
17	258
17	264
17	271
17	278
17	286
17	294
17	303
17	313
17	324
18	103
18	112
18	120
18	126
18	132
18	137
18	142
18	147
18	151
18	156
18	160
18	164
18	168
18	172
18	176
18	180
18	184
18	188
18	191
18	195
18	199
18	202
18	206
18	210
18	213
18	217
18	221
18	224
18	228
18	232
18	235
18	239
18	243
18	247
18	251
18	255
18	259
18	263
18	268
18	272
18	277
18	282
18	287
18	293
18	299
18	305
18	312
18	319
18	326
18	334
18	343
18	354
19	103
19	112
19	120
19	126
19	132
19	137
19	142
19	146
19	151
19	154
19	159
19	162
19	166
19	170
19	173
19	177
19	180
19	184
19	187
19	191
19	194
19	197
19	201
19	204
19	207
19	211
19	213
19	217
19	220
19	223
19	226
19	230
19	233
19	236
19	240
19	243
19	246
19	250
19	253
19	257
19	260
19	264
19	268
19	272
19	276
19	280
19	285
19	289
19	294
19	299
19	304
19	309
19	315
19	321
19	327
19	334
19	341
19	349
19	358
19	369
20	108
20	117
20	124
20	131
20	137
20	142
20	147
20	152
20	156
20	161
20	165
20	170
20	174
20	178
20	182
20	186
20	190
20	194
20	198
20	202
20	206
20	210
20	214
20	218
20	221
20	225
20	229
20	232
20	236
20	240
20	244
20	248
20	252
20	256
20	260
20	265
20	269
20	274
20	279
20	284
20	290
20	296
20	302
20	308
20	314
20	321
20	328
20	335
20	343
20	352
20	362
21	118
21	128
21	137
21	145
21	152
21	159
21	166
21	172
21	178
21	184
21	190
21	196
21	202
21	208
21	214
21	220
21	225
21	231
21	236
21	242
21	247
21	253
21	259
21	265
21	272
21	279
21	287
21	295
21	303
21	311
21	320
21	329
21	339
22	128
22	139
22	149
22	158
22	167
22	175
22	183
22	191
22	199
22	207
22	214
22	221
22	228
22	235
22	242
22	249
22	256
22	264
22	272
22	281
22	290
22	300
22	310
22	320
22	331
23	129
23	140
23	150
23	159
23	168
23	176
23	184
23	192
23	199
23	206
23	213
23	220
23	227
23	233
23	239
23	245
23	251
23	257
23	264
23	271
23	278
23	286
23	294
23	302
23	311
23	320
23	330
23	342
24	126
24	137
24	146
24	154
24	162
24	170
24	177
24	184
24	190
24	196
24	202
24	208
24	213
24	219
24	224
24	229
24	234
24	239
24	244
24	249
24	254
24	259
24	264
24	269
24	275
24	280
24	286
24	292
24	298
24	305
24	312
24	319
24	327
24	335
24	344
24	354
25	118
25	128
25	137
25	145
25	152
25	159
25	165
25	171
25	176
25	181
25	186
25	190
25	195
25	199
25	203
25	207
25	211
25	215
25	219
25	222
25	226
25	230
25	233
25	237
25	240
25	244
25	247
25	251
25	254
25	258
25	261
25	265
25	268
25	272
25	276
25	280
25	284
25	288
25	292
25	297
25	301
25	306
25	310
25	315
25	320
25	325
25	331
25	337
25	344
25	351
25	359
25	368
26	108
26	118
26	126
26	133
26	140
26	145
26	151
26	155
26	160
26	164
26	168
26	172
26	175
26	179
26	182
26	185
26	189
26	192
26	195
26	198
26	201
26	204
26	207
26	210
26	213
26	215
26	219
26	221
26	224
26	227
26	229
26	232
26	235
26	237
26	240
26	243
26	245
26	248
26	251
26	254
26	256
26	259
26	262
26	265
26	268
26	271
26	275
26	277
26	281
26	284
26	288
26	291
26	295
26	298
26	302
26	306
26	309
26	313
26	317
26	321
26	325
26	329
26	334
26	338
26	343
26	348
26	354
26	360
26	367
26	375
26	384
27	107
27	116
27	123
27	129
27	134
27	139
27	143
27	147
27	151
27	154
27	158
27	161
27	164
27	168
27	170
27	173
27	176
27	179
27	182
27	184
27	188
27	190
27	193
27	196
27	198
27	201
27	204
27	206
27	209
27	212
27	214
27	217
27	220
27	222
27	225
27	228
27	230
27	233
27	236
27	238
27	241
27	244
27	247
27	249
27	253
27	255
27	259
27	261
27	265
27	268
27	271
27	275
27	278
27	282
27	286
27	289
27	294
27	297
27	302
27	305
27	310
27	313
27	318
27	321
27	326
27	330
27	335
27	339
27	344
27	349
27	355
27	361
27	368
27	376
27	385
28	102
28	111
28	119
28	125
28	131
28	135
28	140
28	143
28	147
28	151
28	154
28	158
28	161
28	164
28	168
28	171
28	174
28	178
28	181
28	184
28	187
28	191
28	194
28	197
28	201
28	204
28	207
28	211
28	214
28	218
28	221
28	225
28	228
28	232
28	236
28	239
28	244
28	247
28	252
28	256
28	260
28	265
28	269
28	274
28	279
28	284
28	289
28	295
28	300
28	306
28	311
28	317
28	323
28	329
28	335
28	342
28	349
28	357
28	366
28	377
29	107
29	117
29	124
29	131
29	136
29	142
29	146
29	151
29	155
29	160
29	164
29	169
29	173
29	178
29	182
29	187
29	191
29	196
29	201
29	206
29	211
29	216
29	221
29	226
29	232
29	237
29	243
29	249
29	255
29	261
29	267
29	274
29	281
29	288
29	296
29	304
29	312
29	320
29	328
29	337
29	347
30	111
30	121
30	129
30	136
30	143
30	149
30	155
30	161
30	167
30	173
30	179
30	185
30	191
30	197
30	203
30	209
30	215
30	221
30	227
30	233
30	239
30	245
30	251
30	257
30	264
30	271
30	278
30	285
30	293
30	301
30	309
30	317
30	326
30	335
30	345
31	120
31	130
31	139
31	147
31	155
31	163
31	171
31	178
31	185
31	192
31	199
31	205
31	211
31	217
31	223
31	228
31	233
31	238
31	243
31	248
31	253
31	258
31	263
31	268
31	274
31	279
31	285
31	291
31	297
31	304
31	311
31	318
31	326
31	335
31	345
31	357
32	146
32	157
32	166
32	174
32	181
32	188
32	194
32	200
32	205
32	210
32	214
32	219
32	223
32	227
32	231
32	234
32	238
32	242
32	245
32	249
32	252
32	256
32	259
32	263
32	267
32	270
32	275
32	278
32	283
32	287
32	291
32	296
32	300
32	305
32	310
32	315
32	320
32	326
32	332
32	339
32	346
32	355
32	365
33	140
33	150
33	159
33	167
33	173
33	179
33	183
33	188
33	192
33	196
33	200
33	203
33	207
33	210
33	213
33	216
33	219
33	222
33	224
33	227
33	230
33	232
33	234
33	237
33	239
33	242
33	244
33	246
33	249
33	251
33	254
33	256
33	259
33	261
33	264
33	266
33	269
33	272
33	275
33	277
33	280
33	284
33	286
33	289
33	293
33	296
33	299
33	303
33	306
33	310
33	314
33	318
33	322
33	326
33	331
33	336
33	341
33	347
33	354
33	362
33	371
34	131
34	141
34	150
34	157
34	163
34	169
34	173
34	178
34	181
34	185
34	188
34	192
34	193
34	197
34	200
34	202
34	205
34	207
34	210
34	212
34	214
34	217
34	219
34	221
34	223
34	226
34	228
34	230
34	232
34	235
34	237
34	239
34	241
34	244
34	246
34	248
34	250
34	253
34	255
34	257
34	260
34	262
34	265
34	267
34	270
34	273
34	275
34	278
34	281
34	284
34	287
34	290
34	294
34	297
34	300
34	304
34	307
34	311
34	315
34	319
34	323
34	327
34	332
34	337
34	343
34	349
34	356
34	364
34	373
35	126
35	136
35	144
35	151
35	156
35	161
35	165
35	170
35	172
35	176
35	180
35	182
35	186
35	188
35	192
35	194
35	197
35	200
35	202
35	205
35	208
35	210
35	213
35	215
35	218
35	220
35	223
35	226
35	228
35	231
35	234
35	236
35	239
35	242
35	245
35	248
35	251
35	254
35	257
35	260
35	264
35	267
35	271
35	275
35	279
35	283
35	288
35	292
35	297
35	302
35	307
35	312
35	317
35	323
35	328
35	334
35	340
35	347
35	355
35	364
35	375
36	119
36	129
36	137
36	143
36	149
36	153
36	158
36	161
36	165
36	168
36	172
36	174
36	178
36	181
36	184
36	187
36	190
36	193
36	196
36	199
36	202
36	205
36	208
36	211
36	214
36	217
36	220
36	224
36	227
36	231
36	235
36	238
36	243
36	246
36	251
36	255
36	260
36	265
36	270
36	276
36	282
36	289
36	297
36	305
36	313
36	321
36	329
36	337
36	346
36	356
37	113
37	122
37	130
37	135
37	141
37	144
37	149
37	152
37	156
37	160
37	163
37	167
37	170
37	173
37	177
37	180
37	183
37	187
37	190
37	194
37	197
37	201
37	205
37	208
37	213
37	216
37	221
37	225
37	229
37	234
37	239
37	244
37	249
37	255
37	261
37	268
37	276
37	285
37	295
37	306
37	318
37	329
37	339
37	350
38	107
38	116
38	123
38	129
38	133
38	138
38	141
38	145
38	148
38	152
38	154
38	158
38	161
38	164
38	167
38	170
38	173
38	176
38	179
38	183
38	186
38	189
38	193
38	196
38	200
38	204
38	208
38	212
38	216
38	221
38	226
38	231
38	236
38	242
38	248
38	255
38	263
38	272
38	282
39	100
39	109
39	116
39	122
39	127
39	132
39	136
39	141
39	144
39	149
39	152
39	156
39	160
39	164
39	168
39	172
39	176
39	180
39	185
39	189
39	194
39	198
39	203
39	208
39	214
39	219
39	225
39	231
39	238
39	245
39	253
39	262
39	273
40	103
40	112
40	119
40	124
40	130
40	133
40	138
40	142
40	146
40	150
40	154
40	158
40	162
40	166
40	170
40	174
40	178
40	183
40	187
40	192
40	197
40	202
40	208
40	214
40	220
40	227
40	234
40	242
40	251
40	261
41	117
41	126
41	133
41	140
41	146
41	152
41	158
41	164
41	170
41	176
41	182
41	188
41	195
41	202
41	209
41	217
41	225
41	234
41	244
41	255
42	120
42	130
42	139
42	147
42	154
42	161
42	168
42	175
42	182
42	189
42	197
42	205
42	214
42	223
42	233
42	244
43	137
43	147
43	156
43	165
43	173
43	181
43	190
43	199
43	208
43	218
43	229
44	168
44	180
44	193
45	141
45	152
45	162
45	172
45	182
45	193
45	204
46	133
46	144
46	154
46	164
46	174
46	184
46	194
46	205
46	217
47	137
47	149
47	160
47	171
47	182
47	194
48	140
48	151
48	162
48	173
48	184
48	196
51	146
51	158
51	171
52	152
52	166
61	160
61	171
61	182
61	194
61	207
62	151
62	162
62	171
62	180
62	189
62	198
62	207
62	217
62	227
62	238
63	156
63	167
63	177
63	186
63	195
63	204
63	214
63	224
63	235
63	246
64	131
64	141
64	150
64	158
64	166
64	174
64	182
64	190
64	198
64	206
64	215
64	224
64	234
64	244
64	254
64	265
64	277
65	127
65	136
65	143
65	150
65	155
65	161
65	166
65	171
65	176
65	181
65	186
65	191
65	196
65	201
65	206
65	212
65	218
65	224
65	231
65	238
65	246
65	254
65	263
65	272
65	282
65	292
65	303
66	129
66	138
66	144
66	150
66	154
66	159
66	162
66	166
66	170
66	173
66	176
66	180
66	182
66	186
66	189
66	192
66	195
66	198
66	201
66	205
66	207
66	211
66	214
66	218
66	221
66	225
66	229
66	233
66	237
66	242
66	246
66	251
66	256
66	261
66	267
66	273
66	279
66	286
66	293
66	300
66	308
66	316
66	325
66	335
67	131
67	140
67	147
67	152
67	157
67	162
67	165
67	170
67	172
67	176
67	179
67	182
67	185
67	188
67	191
67	193
67	196
67	199
67	201
67	204
67	206
67	209
67	212
67	214
67	217
67	220
67	222
67	226
67	228
67	231
67	235
67	237
67	241
67	244
67	247
67	251
67	254
67	258
67	261
67	265
67	269
67	273
67	277
67	281
67	285
67	289
67	294
67	298
67	303
67	307
67	312
67	317
67	322
67	328
67	334
67	340
67	347
67	355
67	365
68	139
68	150
68	159
68	168
68	176
68	182
68	188
68	192
68	197
68	201
68	204
68	208
68	211
68	214
68	217
68	220
68	223
68	226
68	229
68	232
68	235
68	238
68	241
68	244
68	247
68	250
68	254
68	257
68	260
68	264
68	267
68	271
68	274
68	278
68	281
68	285
68	288
68	292
68	296
68	299
68	304
68	307
68	312
68	316
68	321
68	326
68	331
68	337
68	343
68	350
68	358
68	367
69	133
69	143
69	151
69	158
69	165
69	171
69	177
69	183
69	189
69	195
69	200
69	204
69	209
69	212
69	216
69	220
69	222
69	226
69	229
69	232
69	235
69	238
69	241
69	244
69	247
69	250
69	253
69	256
69	259
69	262
69	266
69	268
69	272
69	275
69	279
69	282
69	286
69	290
69	294
69	298
69	302
69	307
69	311
69	316
69	321
69	327
69	333
69	340
69	348
69	357
70	131
70	140
70	146
70	152
70	156
70	161
70	164
70	169
70	172
70	176
70	180
70	183
70	187
70	190
70	194
70	197
70	201
70	205
70	208
70	212
70	216
70	219
70	223
70	226
70	230
70	232
70	236
70	239
70	242
70	245
70	248
70	251
70	254
70	257
70	260
70	263
70	266
70	269
70	272
70	275
70	278
70	281
70	285
70	287
70	291
70	294
70	298
70	301
70	305
70	309
70	313
70	317
70	322
70	326
70	331
70	337
70	343
70	350
70	358
70	367
71	134
71	142
71	149
71	153
71	158
71	162
71	165
71	169
71	172
71	174
71	178
71	181
71	183
71	186
71	189
71	191
71	194
71	196
71	199
71	202
71	204
71	207
71	210
71	212
71	215
71	218
71	221
71	224
71	227
71	230
71	233
71	236
71	239
71	243
71	246
71	249
71	253
71	256
71	259
71	263
71	266
71	269
71	273
71	276
71	280
71	283
71	287
71	290
71	294
71	298
71	302
71	306
71	310
71	315
71	319
71	324
71	329
71	335
71	341
71	348
71	356
71	365
72	150
72	160
72	168
72	174
72	180
72	185
72	190
72	194
72	198
72	202
72	205
72	209
72	212
72	215
72	219
72	222
72	225
72	229
72	232
72	236
72	239
72	243
72	246
72	250
72	254
72	258
72	262
72	267
72	271
72	276
72	281
72	286
72	292
72	298
72	304
72	310
72	317
72	324
72	332
72	341
72	351
73	202
73	212
73	220
73	226
73	232
73	238
73	243
73	248
73	253
73	258
73	263
73	268
73	273
73	278
73	283
73	288
73	293
73	298
73	303
73	308
73	313
73	319
73	325
73	331
73	337
73	344
73	351
73	359
73	369
74	140
74	150
74	159
74	168
74	177
74	186
74	195
74	205
74	216
74	227
74	237
74	246
74	254
74	261
74	268
74	274
74	280
74	286
74	291
74	297
74	302
74	308
74	313
74	319
74	325
74	331
74	338
74	346
74	355
74	365
75	137
75	146
75	153
75	160
75	166
75	172
75	178
75	183
75	189
75	194
75	200
75	206
75	212
75	218
75	225
75	233
75	241
75	250
75	260
75	271
75	284
76	142
76	152
76	161
76	169
76	176
76	183
76	190
76	196
76	203
76	209
76	216
76	223
76	230
76	237
76	245
76	253
76	262
76	272
76	283
76	341
-1	-1
