-1	-1
7	179
8	170
8	183
9	151
9	161
9	170
9	179
9	188
9	197
9	207
9	218
10	152
10	162
10	171
10	180
10	189
10	198
10	208
10	219
11	151
11	161
11	170
11	178
11	186
11	195
11	204
11	213
11	223
11	234
11	246
12	152
12	162
12	171
12	179
12	187
12	195
12	203
12	211
12	220
12	229
12	239
12	249
12	260
13	154
13	163
13	171
13	179
13	186
13	193
13	200
13	207
13	214
13	221
13	229
13	237
13	246
13	255
13	265
13	276
14	157
14	166
14	173
14	180
14	186
14	192
14	198
14	203
14	209
14	215
14	221
14	227
14	234
14	241
14	248
14	255
14	263
14	271
14	280
14	290
15	159
15	169
15	177
15	184
15	190
15	196
15	202
15	208
15	214
15	220
15	226
15	232
15	238
15	244
15	250
15	257
15	264
15	271
15	278
15	286
15	295
15	305
16	167
16	177
16	185
16	193
16	200
16	207
16	213
16	220
16	226
16	233
16	239
16	245
16	251
16	257
16	263
16	269
16	275
16	282
16	289
16	296
16	304
16	313
16	324
17	162
17	173
17	183
17	192
17	201
17	209
17	217
17	225
17	233
17	240
17	247
17	254
17	261
17	268
17	274
17	281
17	288
17	295
17	303
17	311
17	320
17	331
18	196
18	207
18	217
18	226
18	235
18	243
18	251
18	259
18	266
18	273
18	280
18	288
18	296
18	305
18	315
18	327
19	190
19	201
19	211
19	221
19	230
19	239
19	247
19	255
19	263
19	271
19	279
19	288
19	298
20	189
20	200
20	210
20	220
20	229
20	238
20	247
20	256
20	265
20	274
20	284
21	178
21	189
21	199
21	209
21	218
21	227
21	236
21	245
21	254
21	263
21	273
21	284
22	162
22	173
22	182
22	191
22	199
22	207
22	214
22	221
22	228
22	235
22	242
22	249
22	257
22	265
22	273
22	282
22	292
22	305
23	159
23	169
23	177
23	184
23	191
23	197
23	203
23	209
23	214
23	220
23	225
23	231
23	236
23	242
23	247
23	253
23	258
23	264
23	270
23	276
23	283
23	290
23	298
23	307
23	317
24	154
24	163
24	170
24	176
24	181
24	186
24	191
24	195
24	200
24	203
24	208
24	211
24	215
24	219
24	222
24	226
24	230
24	233
24	237
24	241
24	244
24	248
24	252
24	255
24	259
24	263
24	267
24	271
24	275
24	279
24	284
24	288
24	294
24	299
24	305
24	311
24	318
24	326
24	335
24	345
25	153
25	162
25	169
25	174
25	180
25	183
25	188
25	192
25	195
25	199
25	202
25	205
25	209
25	212
25	215
25	218
25	221
25	224
25	227
25	230
25	233
25	236
25	239
25	241
25	244
25	247
25	250
25	252
25	255
25	258
25	260
25	264
25	266
25	269
25	272
25	275
25	278
25	281
25	285
25	288
25	292
25	296
25	299
25	304
25	308
25	313
25	318
25	324
25	330
25	337
25	345
25	354
25	365
26	158
26	167
26	174
26	181
26	185
26	191
26	194
26	199
26	202
26	206
26	210
26	212
26	216
26	219
26	222
26	225
26	228
26	231
26	234
26	237
26	240
26	243
26	246
26	249
26	251
26	254
26	257
26	260
26	262
26	266
26	268
26	271
26	274
26	277
26	280
26	283
26	287
26	289
26	294
26	297
26	301
26	305
26	309
26	314
26	318
26	324
26	329
26	336
26	343
26	351
26	361
27	163
27	173
27	181
27	188
27	194
27	200
27	205
27	210
27	215
27	220
27	224
27	229
27	233
27	237
27	241
27	245
27	249
27	253
27	257
27	261
27	265
27	269
27	273
27	278
27	282
27	287
27	292
27	297
27	303
27	309
27	316
27	323
27	331
27	340
27	354
28	169
28	179
28	188
28	196
28	203
28	210
28	216
28	222
28	228
28	234
28	240
28	246
28	252
28	258
28	264
28	270
28	276
28	282
28	288
28	295
28	302
28	310
28	318
28	327
28	338
29	178
29	189
29	198
29	207
29	215
29	223
29	230
29	237
29	244
29	251
29	258
29	264
29	271
29	278
29	285
29	292
29	300
29	308
29	317
29	327
29	338
30	186
30	196
30	205
30	213
30	221
30	228
30	235
30	241
30	247
30	253
30	259
30	264
30	270
30	275
30	281
30	287
30	293
30	299
30	306
30	313
30	321
30	329
30	339
31	187
31	197
31	206
31	214
31	221
31	228
31	233
31	239
31	243
31	248
31	252
31	256
31	260
31	264
31	268
31	272
31	276
31	280
31	284
31	288
31	293
31	297
31	302
31	307
31	312
31	317
31	323
31	329
31	336
31	343
31	351
31	361
32	178
32	188
32	196
32	203
32	210
32	215
32	220
32	224
32	228
32	232
32	235
32	239
32	242
32	244
32	248
32	250
32	253
32	255
32	258
32	261
32	263
32	266
32	268
32	271
32	273
32	276
32	278
32	281
32	284
32	286
32	289
32	292
32	295
32	298
32	301
32	305
32	307
32	311
32	315
32	318
32	322
32	326
32	330
32	335
32	339
32	345
32	350
32	357
32	365
32	374
33	171
33	181
33	189
33	195
33	201
33	205
33	210
33	213
33	217
33	221
33	223
33	227
33	229
33	232
33	234
33	237
33	240
33	242
33	244
33	247
33	249
33	251
33	253
33	255
33	258
33	259
33	262
33	264
33	266
33	268
33	270
33	273
33	275
33	277
33	279
33	282
33	284
33	286
33	289
33	291
33	294
33	297
33	299
33	303
33	305
33	309
33	312
33	316
33	319
33	323
33	327
33	331
33	336
33	341
33	347
33	353
33	360
33	369
34	167
34	176
34	183
34	189
34	193
34	198
34	202
34	205
34	209
34	212
34	214
34	218
34	220
34	223
34	225
34	228
34	231
34	232
34	235
34	238
34	240
34	242
34	245
34	247
34	249
34	252
34	254
34	256
34	259
34	261
34	263
34	266
34	268
34	270
34	273
34	275
34	278
34	280
34	283
34	286
34	288
34	292
34	295
34	298
34	302
34	305
34	309
34	313
34	317
34	322
34	327
34	333
34	339
34	346
34	355
34	366
35	156
35	165
35	172
35	178
35	182
35	187
35	191
35	193
35	197
35	200
35	203
35	206
35	209
35	211
35	214
35	216
35	219
35	221
35	224
35	226
35	229
35	231
35	234
35	236
35	239
35	241
35	244
35	246
35	249
35	252
35	254
35	257
35	260
35	263
35	266
35	269
35	272
35	276
35	279
35	283
35	287
35	291
35	296
35	300
35	306
35	311
35	317
35	324
35	333
35	344
36	150
36	159
36	166
36	172
36	178
36	183
36	188
36	192
36	195
36	199
36	202
36	205
36	209
36	211
36	215
36	218
36	221
36	224
36	227
36	230
36	234
36	237
36	240
36	244
36	247
36	251
36	255
36	259
36	263
36	267
36	272
36	276
36	281
36	286
36	292
36	298
36	305
36	313
36	323
37	158
37	168
37	177
37	184
37	191
37	197
37	202
37	207
37	212
37	217
37	222
37	227
37	232
37	237
37	242
37	247
37	253
37	259
37	265
37	272
37	279
37	287
37	296
37	307
38	169
38	179
38	187
38	194
38	200
38	206
38	212
38	218
38	223
38	229
38	235
38	241
38	247
38	253
38	260
38	267
38	275
38	284
38	294
39	180
39	190
39	199
39	207
39	214
39	221
39	228
39	235
39	243
39	251
39	259
39	268
39	278
40	187
40	197
40	206
40	214
40	222
40	230
40	239
40	248
40	257
40	267
40	278
41	182
41	192
41	201
41	209
41	217
41	225
41	233
41	242
41	251
41	261
41	272
42	186
42	197
42	207
42	216
42	225
42	234
42	244
42	254
42	266
43	198
43	209
43	220
43	231
43	242
44	202
44	214
44	226
55	207
55	218
55	229
55	241
59	208
59	219
59	229
59	239
59	250
60	216
60	227
60	237
60	247
60	257
60	268
61	221
61	232
61	242
61	252
61	262
61	273
62	197
62	207
62	217
62	226
62	236
62	246
62	256
62	266
62	277
63	188
63	197
63	204
63	211
63	217
63	223
63	229
63	235
63	241
63	248
63	255
63	263
63	271
63	280
63	294
64	187
64	196
64	203
64	209
64	214
64	219
64	224
64	228
64	233
64	237
64	242
64	247
64	252
64	257
64	262
64	268
64	274
64	281
64	288
64	296
64	306
65	193
65	203
65	212
65	219
65	225
65	231
65	237
65	242
65	248
65	253
65	259
65	264
65	270
65	276
65	282
65	289
65	296
65	304
65	314
66	202
66	213
66	224
66	234
66	243
66	252
66	260
66	267
66	274
66	281
66	288
66	296
66	305
66	315
67	192
67	202
67	211
67	219
67	227
67	235
67	243
67	251
67	259
67	267
67	275
67	283
67	292
67	302
67	314
68	188
68	196
68	202
68	208
68	213
68	218
68	222
68	227
68	231
68	235
68	240
68	244
68	249
68	253
68	258
68	263
68	268
68	274
68	280
68	287
68	294
68	302
68	312
69	187
69	194
69	201
69	204
69	209
69	212
69	215
69	219
69	222
69	224
69	228
69	230
69	233
69	236
69	238
69	241
69	244
69	246
69	249
69	252
69	254
69	257
69	260
69	263
69	266
69	269
69	272
69	276
69	279
69	283
69	287
69	291
69	296
69	300
69	306
69	312
69	319
69	327
69	337
70	190
70	199
70	205
70	211
70	214
70	219
70	222
70	225
70	229
70	231
70	234
70	237
70	240
70	242
70	245
70	247
70	250
70	252
70	254
70	257
70	259
70	262
70	264
70	266
70	269
70	271
70	274
70	276
70	279
70	282
70	285
70	287
70	291
70	294
70	297
70	301
70	305
70	309
70	314
70	318
70	324
70	330
70	337
70	346
71	219
71	229
71	237
71	243
71	249
71	253
71	258
71	262
71	266
71	270
71	273
71	277
71	281
71	284
71	288
71	292
71	296
71	300
71	305
71	310
71	316
71	322
71	329
71	337
71	347
72	276
72	290
73	199
73	210
73	220
73	230
73	240
73	252
74	190
74	199
74	207
74	214
74	220
74	226
74	232
74	238
74	244
74	250
74	256
74	263
74	270
74	277
74	285
74	293
74	302
74	314
75	196
75	205
75	213
75	220
75	226
75	232
75	238
75	244
75	250
75	256
75	262
75	268
75	274
75	280
75	286
75	293
75	300
75	307
75	315
75	325
76	278
76	290
76	303
-1	-1
