-1	-1
0	156
0	166
0	176
0	186
0	196
0	206
0	216
0	226
0	236
0	247
0	258
0	270
0	283
0	296
0	309
1	197
1	209
1	221
1	233
2	207
2	219
2	231
2	243
2	255
2	267
7	182
8	170
8	181
8	192
8	203
8	214
9	170
9	182
9	193
9	204
9	215
9	227
10	189
10	200
10	211
10	221
10	231
10	242
10	253
10	266
10	351
10	363
10	374
10	385
10	396
11	177
11	188
11	198
11	207
11	216
11	225
11	233
11	242
11	251
11	260
11	269
11	279
11	290
11	303
11	356
11	369
11	383
12	172
12	182
12	191
12	199
12	207
12	214
12	221
12	228
12	235
12	242
12	249
12	256
12	264
12	272
12	280
12	289
12	299
12	309
12	321
13	167
13	177
13	185
13	192
13	199
13	205
13	212
13	218
13	224
13	230
13	237
13	244
13	251
13	258
13	265
13	273
13	281
13	289
13	298
13	307
13	317
13	328
14	161
14	171
14	180
14	188
14	195
14	202
14	208
14	214
14	220
14	226
14	232
14	238
14	244
14	250
14	257
14	264
14	271
14	278
14	285
14	292
14	300
14	308
14	316
14	324
14	333
14	342
14	352
14	362
14	374
15	163
15	173
15	182
15	190
15	197
15	203
15	209
15	214
15	220
15	225
15	230
15	235
15	240
15	245
15	250
15	255
15	260
15	265
15	270
15	275
15	280
15	285
15	290
15	295
15	300
15	305
15	310
15	315
15	320
15	325
15	330
15	336
15	341
15	347
15	353
15	359
15	365
15	372
15	379
15	386
15	394
15	402
15	411
15	421
16	160
16	170
16	179
16	187
16	194
16	201
16	207
16	212
16	217
16	222
16	226
16	231
16	235
16	239
16	243
16	247
16	251
16	255
16	259
16	262
16	266
16	270
16	273
16	277
16	280
16	284
16	287
16	291
16	294
16	298
16	301
16	305
16	308
16	312
16	315
16	319
16	322
16	326
16	329
16	333
16	336
16	340
16	344
16	348
16	352
16	356
16	360
16	364
16	368
16	372
16	377
16	381
16	386
16	390
16	395
16	400
16	405
16	411
16	417
16	423
16	430
16	438
16	447
16	458
17	157
17	167
17	176
17	185
17	193
17	201
17	208
17	214
17	220
17	225
17	230
17	234
17	239
17	243
17	247
17	251
17	255
17	259
17	263
17	266
17	270
17	273
17	277
17	280
17	284
17	287
17	291
17	293
17	297
17	300
17	303
17	306
17	309
17	312
17	315
17	318
17	321
17	324
17	327
17	330
17	333
17	336
17	339
17	342
17	345
17	348
17	351
17	354
17	357
17	360
17	364
17	367
17	370
17	374
17	377
17	381
17	384
17	388
17	391
17	395
17	399
17	403
17	407
17	411
17	416
17	420
17	425
17	430
17	436
17	442
17	449
17	457
17	467
18	151
18	161
18	169
18	177
18	185
18	192
18	199
18	206
18	213
18	220
18	227
18	233
18	239
18	245
18	251
18	257
18	262
18	268
18	273
18	278
18	283
18	288
18	293
18	297
18	302
18	306
18	311
18	315
18	320
18	324
18	328
18	332
18	336
18	340
18	344
18	348
18	352
18	356
18	360
18	364
18	368
18	372
18	376
18	380
18	384
18	388
18	393
18	397
18	402
18	406
18	411
18	416
18	422
18	428
18	435
18	443
18	452
18	463
19	153
19	162
19	170
19	178
19	186
19	194
19	202
19	210
19	218
19	226
19	234
19	242
19	250
19	258
19	266
19	274
19	282
19	290
19	297
19	304
19	311
19	318
19	325
19	332
19	339
19	346
19	353
19	360
19	367
19	374
19	381
19	388
19	395
19	403
19	411
19	420
19	430
20	157
20	167
20	176
20	184
20	192
20	200
20	208
20	216
20	224
20	232
20	240
20	248
20	255
20	262
20	269
20	276
20	283
20	290
20	297
20	304
20	311
20	318
20	325
20	332
20	339
20	347
20	354
20	362
20	369
20	377
20	384
20	392
20	400
20	408
20	417
20	427
20	438
21	152
21	162
21	171
21	180
21	188
21	196
21	204
21	212
21	220
21	228
21	236
21	243
21	250
21	257
21	264
21	271
21	278
21	285
21	292
21	299
21	306
21	313
21	320
21	327
21	334
21	341
21	348
21	355
21	362
21	369
21	375
21	382
21	388
21	394
21	400
21	407
21	414
21	421
21	429
21	438
21	448
22	158
22	168
22	177
22	186
22	194
22	202
22	209
22	216
22	223
22	230
22	237
22	243
22	249
22	255
22	261
22	267
22	273
22	279
22	284
22	290
22	295
22	300
22	305
22	310
22	315
22	320
22	325
22	330
22	335
22	340
22	345
22	350
22	355
22	360
22	365
22	370
22	374
22	379
22	383
22	388
22	392
22	397
22	402
22	407
22	412
22	417
22	423
22	429
22	436
22	443
22	451
22	460
23	159
23	169
23	177
23	184
23	191
23	197
23	203
23	209
23	215
23	220
23	225
23	230
23	235
23	240
23	245
23	250
23	254
23	259
23	263
23	267
23	271
23	275
23	279
23	283
23	287
23	291
23	294
23	298
23	302
23	305
23	309
23	313
23	316
23	320
23	323
23	327
23	330
23	334
23	337
23	341
23	344
23	348
23	351
23	355
23	358
23	362
23	365
23	369
23	372
23	375
23	379
23	382
23	386
23	389
23	393
23	396
23	400
23	403
23	407
23	411
23	415
23	419
23	424
23	428
23	433
23	438
23	444
23	450
23	457
23	465
23	475
24	156
24	164
24	171
24	177
24	183
24	189
24	194
24	199
24	204
24	208
24	213
24	217
24	221
24	225
24	229
24	233
24	237
24	240
24	244
24	247
24	251
24	254
24	258
24	261
24	264
24	268
24	271
24	274
24	278
24	281
24	284
24	287
24	290
24	293
24	296
24	299
24	302
24	305
24	308
24	311
24	314
24	317
24	320
24	323
24	326
24	329
24	332
24	335
24	338
24	341
24	344
24	347
24	350
24	353
24	356
24	359
24	362
24	365
24	368
24	371
24	374
24	377
24	380
24	383
24	386
24	389
24	393
24	396
24	399
24	403
24	406
24	410
24	414
24	418
24	422
24	427
24	431
24	436
24	441
24	447
24	454
24	461
24	470
24	481
25	151
25	160
25	167
25	172
25	177
25	182
25	186
25	191
25	194
25	199
25	202
25	206
25	209
25	212
25	216
25	219
25	222
25	225
25	228
25	231
25	234
25	237
25	240
25	242
25	245
25	248
25	250
25	253
25	256
25	258
25	261
25	264
25	266
25	269
25	272
25	274
25	277
25	280
25	282
25	285
25	288
25	290
25	293
25	296
25	299
25	301
25	305
25	307
25	310
25	313
25	316
25	319
25	322
25	325
25	328
25	331
25	334
25	337
25	340
25	344
25	346
25	350
25	353
25	357
25	360
25	364
25	367
25	371
25	375
25	378
25	382
25	386
25	390
25	394
25	398
25	403
25	407
25	412
25	417
25	422
25	428
25	434
25	441
25	448
25	456
25	466
26	150
26	159
26	165
26	171
26	174
26	179
26	183
26	187
26	191
26	194
26	198
26	201
26	204
26	208
26	211
26	214
26	217
26	220
26	223
26	226
26	229
26	232
26	235
26	238
26	241
26	244
26	247
26	250
26	253
26	256
26	259
26	262
26	265
26	268
26	271
26	274
26	277
26	280
26	283
26	286
26	289
26	293
26	296
26	299
26	303
26	306
26	310
26	313
26	317
26	321
26	325
26	328
26	333
26	336
26	341
26	345
26	349
26	353
26	358
26	362
26	367
26	371
26	376
26	380
26	385
26	389
26	394
26	399
26	404
26	409
26	415
26	421
26	427
26	434
26	441
26	449
26	458
26	470
27	153
27	162
27	170
27	176
27	182
27	187
27	192
27	197
27	201
27	206
27	210
27	214
27	218
27	222
27	226
27	230
27	234
27	238
27	242
27	246
27	250
27	254
27	258
27	262
27	266
27	270
27	274
27	278
27	282
27	286
27	290
27	294
27	298
27	303
27	307
27	312
27	316
27	321
27	325
27	330
27	334
27	339
27	343
27	348
27	352
27	357
27	361
27	366
27	371
27	375
27	380
27	384
27	389
27	393
27	398
27	402
27	407
27	411
27	416
27	421
27	426
27	432
27	438
27	444
27	451
27	459
27	468
27	480
28	163
28	173
28	182
28	190
28	198
28	205
28	212
28	218
28	224
28	230
28	236
28	242
28	248
28	253
28	259
28	264
28	269
28	274
28	279
28	283
28	288
28	292
28	297
28	301
28	305
28	309
28	313
28	317
28	321
28	324
28	328
28	332
28	335
28	339
28	343
28	346
28	350
28	354
28	357
28	361
28	365
28	368
28	372
28	376
28	379
28	383
28	386
28	390
28	393
28	397
28	400
28	404
28	407
28	411
28	415
28	418
28	423
28	426
28	431
28	435
28	440
28	445
28	450
28	456
28	463
28	471
28	480
29	187
29	197
29	206
29	214
29	222
29	229
29	236
29	242
29	248
29	254
29	259
29	264
29	269
29	273
29	277
29	281
29	284
29	288
29	291
29	294
29	298
29	301
29	303
29	307
29	309
29	312
29	315
29	317
29	320
29	323
29	325
29	328
29	331
29	333
29	336
29	338
29	341
29	343
29	346
29	348
29	351
29	353
29	356
29	358
29	361
29	363
29	366
29	368
29	371
29	373
29	376
29	378
29	381
29	384
29	386
29	389
29	392
29	394
29	397
29	400
29	403
29	405
29	409
29	411
29	415
29	417
29	421
29	424
29	428
29	431
29	436
29	439
29	444
29	448
29	454
29	459
29	466
29	473
29	482
29	493
30	197
30	207
30	215
30	222
30	229
30	234
30	240
30	245
30	250
30	254
30	259
30	262
30	266
30	270
30	272
30	276
30	279
30	282
30	284
30	287
30	290
30	292
30	294
30	297
30	299
30	301
30	303
30	306
30	308
30	310
30	312
30	314
30	316
30	318
30	320
30	322
30	324
30	326
30	328
30	330
30	332
30	334
30	336
30	338
30	340
30	342
30	344
30	346
30	348
30	350
30	352
30	354
30	356
30	358
30	360
30	362
30	364
30	366
30	368
30	370
30	372
30	374
30	376
30	378
30	380
30	383
30	385
30	387
30	389
30	392
30	394
30	396
30	399
30	401
30	404
30	407
30	409
30	413
30	415
30	418
30	422
30	425
30	429
30	433
30	437
30	441
30	446
30	451
30	457
30	463
30	470
30	478
30	488
31	191
31	201
31	209
31	215
31	221
31	225
31	230
31	233
31	237
31	241
31	243
31	247
31	250
31	252
31	255
31	258
31	261
31	263
31	266
31	268
31	271
31	273
31	276
31	278
31	281
31	283
31	285
31	288
31	290
31	292
31	295
31	297
31	299
31	301
31	304
31	306
31	308
31	310
31	312
31	315
31	316
31	319
31	321
31	323
31	325
31	327
31	329
31	331
31	333
31	335
31	337
31	339
31	341
31	343
31	345
31	347
31	349
31	351
31	354
31	355
31	358
31	360
31	362
31	365
31	367
31	369
31	372
31	374
31	377
31	379
31	382
31	385
31	387
31	390
31	393
31	396
31	399
31	402
31	406
31	409
31	413
31	417
31	421
31	426
31	430
31	436
31	441
31	447
31	454
31	462
31	472
32	186
32	194
32	201
32	206
32	211
32	215
32	219
32	222
32	226
32	229
32	232
32	234
32	238
32	240
32	242
32	245
32	247
32	250
32	252
32	253
32	256
32	258
32	260
32	262
32	264
32	266
32	268
32	270
32	272
32	274
32	276
32	278
32	280
32	282
32	284
32	286
32	288
32	290
32	292
32	294
32	296
32	298
32	300
32	302
32	304
32	306
32	308
32	310
32	313
32	314
32	317
32	319
32	321
32	324
32	326
32	328
32	331
32	333
32	336
32	338
32	341
32	344
32	346
32	349
32	352
32	355
32	357
32	361
32	364
32	367
32	370
32	374
32	377
32	381
32	385
32	389
32	394
32	398
32	403
32	408
32	414
32	420
32	427
32	435
32	445
33	168
33	178
33	186
33	192
33	197
33	202
33	205
33	210
33	212
33	216
33	219
33	222
33	224
33	228
33	230
33	233
33	235
33	238
33	241
33	243
33	246
33	248
33	251
33	253
33	256
33	258
33	261
33	263
33	266
33	268
33	271
33	274
33	276
33	279
33	282
33	285
33	288
33	291
33	294
33	297
33	300
33	304
33	307
33	311
33	314
33	318
33	322
33	326
33	330
33	334
33	338
33	343
33	347
33	352
33	357
33	363
33	369
33	375
33	382
33	389
33	397
33	406
33	417
34	159
34	168
34	175
34	181
34	186
34	191
34	195
34	200
34	203
34	207
34	211
34	213
34	217
34	220
34	223
34	226
34	229
34	232
34	235
34	238
34	241
34	244
34	247
34	250
34	253
34	256
34	259
34	262
34	265
34	268
34	272
34	275
34	278
34	282
34	285
34	289
34	293
34	297
34	301
34	305
34	309
34	314
34	318
34	323
34	328
34	333
34	338
34	344
34	350
34	357
34	364
34	372
34	380
34	389
34	400
35	151
35	160
35	167
35	173
35	178
35	183
35	187
35	192
35	195
35	200
35	203
35	207
35	211
35	214
35	218
35	221
35	225
35	228
35	232
35	236
35	239
35	244
35	247
35	252
35	256
35	260
35	265
35	269
35	274
35	279
35	284
35	289
35	295
35	301
35	307
35	313
35	319
35	326
35	333
35	340
35	348
35	357
35	366
35	377
36	150
36	159
36	166
36	172
36	178
36	183
36	188
36	193
36	198
36	203
36	207
36	212
36	216
36	221
36	225
36	230
36	235
36	240
36	245
36	250
36	255
36	260
36	265
36	271
36	277
36	283
36	289
36	296
36	303
36	310
36	318
36	326
36	335
36	345
36	356
37	160
37	170
37	179
37	188
37	196
37	203
37	210
37	217
37	223
37	229
37	235
37	241
37	247
37	254
37	261
37	268
37	275
37	282
37	290
37	298
37	306
37	315
37	324
37	334
37	345
38	188
38	199
38	209
38	218
38	226
38	234
38	242
38	250
38	258
38	266
38	275
38	284
38	293
38	302
38	312
38	323
38	335
39	199
39	210
39	220
39	230
39	240
39	250
39	260
39	270
39	281
39	294
40	203
40	214
40	224
40	234
40	244
40	253
40	262
40	271
40	281
40	291
40	303
41	210
41	222
41	233
41	244
41	255
41	267
41	280
55	238
55	250
55	261
55	272
55	284
55	296
56	238
56	249
56	259
56	269
56	279
56	289
56	299
56	309
56	319
56	330
62	241
62	253
62	264
62	274
62	284
62	294
62	304
62	314
62	324
62	334
62	345
63	227
63	238
63	247
63	256
63	264
63	272
63	280
63	288
63	296
63	304
63	312
63	320
63	328
63	337
63	346
63	356
64	217
64	228
64	239
64	249
64	259
64	269
64	279
64	289
64	299
64	309
64	320
64	334
65	200
65	210
65	218
65	226
65	233
65	240
65	247
65	254
65	262
65	270
65	278
65	287
65	296
65	306
65	317
66	198
66	207
66	213
66	219
66	224
66	230
66	234
66	239
66	244
66	248
66	253
66	257
66	262
66	266
66	271
66	276
66	281
66	286
66	291
66	296
66	301
66	307
66	313
66	319
66	326
66	333
66	340
66	348
66	356
66	364
66	373
66	382
66	392
66	402
66	413
67	200
67	209
67	216
67	222
67	228
67	233
67	238
67	242
67	247
67	251
67	255
67	259
67	263
67	267
67	271
67	275
67	279
67	283
67	287
67	292
67	296
67	301
67	305
67	310
67	315
67	320
67	325
67	331
67	337
67	343
67	349
67	356
67	363
67	370
67	377
67	384
67	391
67	398
67	405
67	412
67	420
67	428
67	437
67	447
68	207
68	217
68	226
68	234
68	242
68	249
68	256
68	263
68	270
68	277
68	284
68	291
68	298
68	306
68	314
68	322
68	330
68	338
68	346
68	354
68	361
68	368
68	374
68	380
68	386
68	391
68	396
68	401
68	406
68	411
68	416
68	421
68	427
68	433
68	439
68	446
68	453
68	461
68	471
69	207
69	217
69	225
69	233
69	240
69	247
69	254
69	261
69	267
69	273
69	279
69	285
69	291
69	297
69	303
69	309
69	315
69	321
69	326
69	332
69	337
69	342
69	347
69	352
69	356
69	361
69	365
69	369
69	373
69	376
69	380
69	383
69	387
69	390
69	393
69	397
69	400
69	404
69	407
69	411
69	415
69	418
69	423
69	427
69	432
69	437
69	442
69	448
69	455
69	463
69	472
70	203
70	212
70	219
70	225
70	231
70	235
70	240
70	244
70	248
70	252
70	256
70	260
70	263
70	267
70	270
70	274
70	277
70	281
70	284
70	287
70	291
70	293
70	297
70	300
70	303
70	306
70	309
70	312
70	315
70	318
70	321
70	324
70	327
70	330
70	332
70	335
70	338
70	341
70	343
70	346
70	349
70	351
70	354
70	356
70	359
70	361
70	363
70	366
70	368
70	371
70	373
70	375
70	378
70	380
70	382
70	385
70	387
70	389
70	392
70	395
70	397
70	400
70	403
70	406
70	409
70	412
70	416
70	419
70	423
70	427
70	431
70	436
70	441
70	447
70	454
70	462
70	473
71	207
71	214
71	221
71	224
71	230
71	232
71	236
71	240
71	242
71	245
71	248
71	251
71	253
71	256
71	258
71	261
71	263
71	265
71	268
71	270
71	272
71	274
71	277
71	279
71	281
71	283
71	285
71	287
71	289
71	291
71	293
71	295
71	297
71	299
71	301
71	303
71	305
71	307
71	309
71	311
71	312
71	314
71	316
71	318
71	320
71	321
71	323
71	325
71	327
71	329
71	330
71	332
71	334
71	336
71	337
71	339
71	341
71	343
71	344
71	346
71	348
71	350
71	351
71	353
71	355
71	357
71	358
71	360
71	362
71	364
71	366
71	367
71	369
71	372
71	373
71	375
71	378
71	379
71	382
71	384
71	387
71	388
71	392
71	394
71	397
71	399
71	403
71	406
71	409
71	413
71	416
71	420
71	425
71	429
71	435
71	440
71	447
71	455
71	464
72	211
72	220
72	226
72	232
72	236
72	241
72	244
72	248
72	251
72	254
72	257
72	260
72	263
72	265
72	268
72	271
72	273
72	276
72	278
72	281
72	283
72	285
72	288
72	290
72	292
72	294
72	297
72	299
72	301
72	303
72	305
72	308
72	309
72	312
72	314
72	316
72	318
72	320
72	322
72	324
72	326
72	328
72	330
72	333
72	334
72	337
72	339
72	341
72	344
72	346
72	348
72	351
72	353
72	356
72	358
72	361
72	364
72	367
72	369
72	373
72	376
72	379
72	383
72	387
72	391
72	396
72	400
72	405
72	410
72	415
72	420
72	426
72	432
72	438
72	445
72	453
72	463
73	262
73	274
73	286
73	297
73	308
73	320
73	378
73	389
73	398
73	406
73	413
73	419
73	425
73	431
73	437
73	443
73	449
73	456
73	464
73	473
73	485
74	212
74	223
74	234
74	245
74	256
74	268
74	352
74	363
74	372
74	380
74	388
74	394
74	400
74	405
74	410
74	415
74	420
74	424
74	429
74	433
74	438
74	442
74	447
74	452
74	458
74	464
74	471
74	479
74	489
75	204
75	213
75	221
75	229
75	236
75	243
75	249
75	255
75	261
75	267
75	273
75	279
75	285
75	291
75	297
75	303
75	309
75	316
75	322
75	329
75	335
75	342
75	348
75	354
75	360
75	366
75	372
75	378
75	383
75	389
75	394
75	399
75	404
75	409
75	415
75	420
75	426
75	432
75	438
75	445
75	453
75	462
76	211
76	221
76	230
76	238
76	245
76	252
76	259
76	266
76	273
76	280
76	287
76	294
76	301
76	308
76	315
76	322
76	329
76	336
76	343
76	350
76	357
76	365
76	373
76	381
76	390
76	400
-1	-1
