-1	-1
0	168
0	179
0	189
0	199
0	209
0	219
0	230
0	241
0	255
1	180
1	192
1	205
6	180
6	192
6	204
7	167
7	177
7	186
7	194
7	202
7	211
7	220
7	230
7	242
8	159
8	168
8	175
8	182
8	188
8	194
8	200
8	206
8	212
8	218
8	225
8	233
8	241
8	250
8	261
9	158
9	166
9	172
9	178
9	183
9	188
9	193
9	198
9	203
9	208
9	213
9	218
9	224
9	230
9	236
9	243
9	251
9	259
9	269
9	281
9	381
9	395
10	159
10	168
10	175
10	181
10	187
10	192
10	197
10	202
10	207
10	212
10	218
10	224
10	230
10	237
10	244
10	252
10	261
10	271
10	283
10	349
10	360
10	370
10	379
10	388
10	397
10	406
10	416
11	158
11	167
11	174
11	181
11	187
11	193
11	198
11	204
11	209
11	215
11	221
11	227
11	233
11	240
11	247
11	255
11	263
11	272
11	282
11	294
11	342
11	353
11	363
11	372
11	380
11	388
11	396
11	404
11	413
11	423
12	158
12	168
12	176
12	183
12	189
12	195
12	201
12	207
12	213
12	219
12	225
12	231
12	237
12	244
12	251
12	258
12	266
12	275
12	284
12	294
12	305
12	351
12	362
12	372
12	382
12	392
12	403
13	161
13	171
13	180
13	188
13	195
13	202
13	209
13	216
13	223
13	230
13	237
13	245
13	253
13	261
13	269
13	278
13	287
13	297
13	308
13	321
14	160
14	170
14	179
14	187
14	194
14	201
14	208
14	215
14	222
14	228
14	235
14	241
14	248
14	254
14	261
14	268
14	275
14	282
14	290
14	298
14	306
14	315
14	324
14	334
14	345
14	358
15	161
15	171
15	179
15	186
15	193
15	200
15	206
15	212
15	217
15	222
15	227
15	232
15	237
15	242
15	247
15	252
15	257
15	262
15	267
15	272
15	277
15	282
15	287
15	293
15	298
15	304
15	310
15	316
15	322
15	328
15	335
15	342
15	350
15	358
15	366
15	375
15	385
15	396
16	163
16	173
16	182
16	190
16	198
16	205
16	211
16	216
16	221
16	226
16	231
16	235
16	240
16	244
16	248
16	252
16	256
16	260
16	264
16	268
16	272
16	276
16	280
16	284
16	288
16	292
16	296
16	300
16	304
16	308
16	312
16	316
16	320
16	324
16	328
16	333
16	337
16	342
16	347
16	352
16	357
16	363
16	368
16	374
16	380
16	386
16	393
16	400
16	408
16	417
16	427
17	172
17	183
17	193
17	202
17	210
17	217
17	223
17	229
17	234
17	239
17	243
17	248
17	252
17	256
17	260
17	263
17	267
17	271
17	274
17	278
17	281
17	285
17	288
17	291
17	295
17	298
17	301
17	304
17	307
17	310
17	313
17	316
17	319
17	323
17	326
17	329
17	333
17	336
17	339
17	343
17	346
17	350
17	353
17	357
17	361
17	364
17	368
17	372
17	376
17	380
17	384
17	388
17	393
17	397
17	402
17	407
17	413
17	419
17	426
17	434
17	443
17	454
18	163
18	174
18	184
18	193
18	202
18	211
18	219
18	227
18	234
18	241
18	247
18	253
18	259
18	264
18	269
18	274
18	279
18	283
18	288
18	292
18	296
18	300
18	304
18	308
18	312
18	315
18	319
18	323
18	326
18	330
18	333
18	337
18	340
18	344
18	347
18	351
18	354
18	358
18	361
18	365
18	368
18	372
18	375
18	379
18	382
18	386
18	389
18	393
18	397
18	401
18	405
18	409
18	414
18	419
18	425
18	431
18	437
18	445
18	454
18	465
19	172
19	183
19	194
19	204
19	213
19	222
19	230
19	238
19	246
19	253
19	260
19	267
19	273
19	279
19	285
19	291
19	297
19	302
19	308
19	313
19	318
19	323
19	328
19	333
19	337
19	342
19	346
19	351
19	355
19	360
19	364
19	368
19	372
19	376
19	380
19	385
19	389
19	394
19	398
19	403
19	408
19	414
19	420
19	426
19	433
19	441
19	451
20	177
20	188
20	198
20	208
20	217
20	225
20	233
20	241
20	249
20	256
20	263
20	270
20	276
20	282
20	288
20	294
20	300
20	306
20	311
20	317
20	322
20	327
20	332
20	337
20	342
20	347
20	352
20	357
20	362
20	366
20	371
20	375
20	380
20	384
20	389
20	393
20	398
20	403
20	408
20	413
20	418
20	424
20	430
20	437
20	445
20	454
20	466
21	177
21	187
21	196
21	204
21	212
21	219
21	226
21	232
21	238
21	244
21	250
21	255
21	261
21	266
21	271
21	276
21	281
21	285
21	290
21	294
21	299
21	303
21	307
21	311
21	315
21	319
21	323
21	327
21	331
21	335
21	339
21	343
21	346
21	350
21	354
21	357
21	361
21	364
21	368
21	371
21	375
21	378
21	382
21	385
21	389
21	392
21	396
21	399
21	403
21	407
21	410
21	415
21	418
21	423
21	427
21	432
21	437
21	443
21	450
21	458
21	467
21	478
22	169
22	179
22	187
22	194
22	201
22	207
22	212
22	217
22	222
22	227
22	231
22	236
22	240
22	244
22	248
22	252
22	256
22	260
22	263
22	267
22	270
22	274
22	277
22	281
22	283
22	287
22	290
22	293
22	296
22	299
22	302
22	305
22	308
22	311
22	313
22	316
22	319
22	321
22	324
22	327
22	329
22	332
22	335
22	337
22	340
22	343
22	346
22	348
22	351
22	354
22	357
22	359
22	363
22	365
22	368
22	371
22	374
22	377
22	380
22	383
22	386
22	389
22	392
22	395
22	398
22	402
22	405
22	408
22	412
22	416
22	419
22	424
22	428
22	433
22	438
22	444
22	450
22	457
22	465
22	475
23	160
23	169
23	176
23	182
23	188
23	193
23	198
23	202
23	206
23	210
23	213
23	217
23	220
23	223
23	227
23	230
23	233
23	236
23	239
23	242
23	245
23	248
23	251
23	253
23	256
23	259
23	261
23	264
23	267
23	269
23	272
23	274
23	277
23	280
23	282
23	285
23	287
23	290
23	292
23	295
23	297
23	300
23	302
23	305
23	307
23	310
23	312
23	315
23	317
23	320
23	322
23	325
23	327
23	330
23	332
23	335
23	337
23	340
23	342
23	345
23	347
23	350
23	353
23	355
23	358
23	361
23	364
23	366
23	369
23	372
23	375
23	378
23	381
23	384
23	387
23	390
23	394
23	397
23	400
23	404
23	407
23	411
23	415
23	419
23	424
23	428
23	434
23	440
23	447
23	455
23	464
23	475
24	158
24	166
24	172
24	178
24	182
24	187
24	191
24	195
24	199
24	202
24	206
24	209
24	212
24	215
24	218
24	221
24	224
24	227
24	230
24	232
24	235
24	238
24	241
24	243
24	246
24	249
24	251
24	254
24	257
24	259
24	262
24	265
24	267
24	270
24	273
24	275
24	278
24	281
24	283
24	286
24	289
24	292
24	295
24	298
24	301
24	304
24	307
24	310
24	313
24	316
24	319
24	322
24	326
24	328
24	332
24	335
24	338
24	342
24	345
24	349
24	352
24	356
24	359
24	363
24	367
24	371
24	375
24	379
24	383
24	387
24	391
24	396
24	400
24	405
24	410
24	415
24	421
24	427
24	434
24	442
24	451
24	463
25	159
25	168
25	175
25	181
25	187
25	192
25	197
25	202
25	207
25	211
25	215
25	220
25	223
25	228
25	231
25	235
25	239
25	243
25	247
25	251
25	254
25	258
25	262
25	265
25	269
25	273
25	276
25	280
25	284
25	288
25	292
25	296
25	300
25	304
25	308
25	312
25	316
25	320
25	324
25	328
25	333
25	337
25	342
25	346
25	351
25	356
25	361
25	366
25	371
25	376
25	381
25	387
25	392
25	398
25	404
25	410
25	417
25	424
25	432
25	441
25	452
26	163
26	173
26	181
26	189
26	196
26	203
26	209
26	215
26	221
26	227
26	232
26	238
26	243
26	248
26	253
26	258
26	263
26	268
26	273
26	278
26	283
26	288
26	293
26	298
26	303
26	308
26	313
26	318
26	323
26	328
26	333
26	338
26	343
26	348
26	353
26	358
26	363
26	369
26	374
26	379
26	384
26	389
26	394
26	399
26	404
26	409
26	415
26	421
26	427
26	434
26	442
26	451
26	462
27	179
27	190
27	199
27	208
27	216
27	223
27	230
27	237
27	243
27	249
27	255
27	260
27	266
27	271
27	276
27	281
27	286
27	291
27	296
27	301
27	306
27	311
27	315
27	320
27	324
27	328
27	332
27	336
27	340
27	344
27	348
27	352
27	356
27	360
27	364
27	368
27	372
27	376
27	380
27	384
27	388
27	392
27	396
27	400
27	404
27	408
27	412
27	416
27	420
27	425
27	429
27	434
27	439
27	445
27	451
27	458
27	466
27	476
28	189
28	200
28	210
28	218
28	226
28	233
28	240
28	246
28	252
28	257
28	262
28	267
28	272
28	277
28	281
28	286
28	290
28	294
28	298
28	302
28	305
28	309
28	312
28	315
28	318
28	321
28	324
28	327
28	330
28	333
28	336
28	339
28	342
28	345
28	348
28	351
28	354
28	357
28	360
28	363
28	366
28	369
28	372
28	375
28	378
28	381
28	384
28	387
28	390
28	393
28	396
28	399
28	402
28	405
28	408
28	411
28	415
28	417
28	421
28	425
28	428
28	433
28	436
28	441
28	446
28	451
28	457
28	464
28	472
28	481
29	190
29	201
29	210
29	218
29	225
29	231
29	236
29	241
29	245
29	250
29	253
29	257
29	261
29	264
29	268
29	271
29	274
29	278
29	280
29	284
29	286
29	290
29	292
29	295
29	298
29	301
29	303
29	306
29	309
29	311
29	314
29	316
29	319
29	321
29	324
29	326
29	329
29	331
29	334
29	336
29	339
29	341
29	344
29	346
29	349
29	351
29	354
29	356
29	359
29	361
29	364
29	366
29	369
29	371
29	374
29	376
29	379
29	382
29	384
29	387
29	390
29	392
29	395
29	398
29	400
29	404
29	406
29	409
29	413
29	416
29	419
29	423
29	427
29	431
29	435
29	440
29	445
29	451
29	457
29	465
29	474
29	485
30	178
30	188
30	197
30	205
30	212
30	217
30	222
30	226
30	231
30	233
30	238
30	241
30	243
30	247
30	250
30	252
30	254
30	257
30	260
30	262
30	263
30	266
30	269
30	270
30	272
30	275
30	277
30	279
30	281
30	283
30	285
30	287
30	289
30	291
30	293
30	295
30	297
30	299
30	301
30	303
30	305
30	307
30	309
30	311
30	313
30	315
30	317
30	319
30	321
30	324
30	325
30	328
30	330
30	332
30	335
30	337
30	339
30	342
30	344
30	346
30	349
30	351
30	354
30	356
30	358
30	361
30	363
30	366
30	368
30	371
30	374
30	376
30	379
30	382
30	385
30	387
30	390
30	394
30	396
30	400
30	403
30	407
30	410
30	415
30	418
30	423
30	428
30	433
30	439
30	446
30	454
30	464
31	169
31	179
31	187
31	194
31	201
31	206
31	211
31	215
31	220
31	222
31	226
31	229
31	232
31	235
31	238
31	241
31	243
31	246
31	249
31	251
31	253
31	256
31	258
31	261
31	263
31	265
31	268
31	270
31	272
31	275
31	277
31	279
31	282
31	284
31	286
31	289
31	291
31	293
31	296
31	298
31	300
31	303
31	305
31	308
31	310
31	313
31	315
31	318
31	320
31	323
31	326
31	328
31	331
31	334
31	336
31	339
31	342
31	345
31	347
31	350
31	353
31	356
31	359
31	362
31	365
31	368
31	371
31	374
31	377
31	380
31	384
31	387
31	391
31	395
31	398
31	403
31	407
31	412
31	417
31	423
31	429
31	436
31	444
31	454
32	168
32	177
32	185
32	192
32	199
32	205
32	211
32	215
32	220
32	223
32	228
32	231
32	235
32	238
32	242
32	245
32	248
32	252
32	254
32	258
32	261
32	264
32	267
32	270
32	273
32	276
32	279
32	282
32	285
32	288
32	291
32	294
32	297
32	300
32	304
32	306
32	310
32	313
32	316
32	320
32	323
32	327
32	330
32	334
32	337
32	341
32	345
32	349
32	353
32	357
32	361
32	366
32	370
32	375
32	380
32	386
32	392
32	398
32	405
32	413
32	422
32	434
33	161
33	170
33	177
33	183
33	189
33	194
33	200
33	205
33	210
33	214
33	219
33	223
33	227
33	231
33	235
33	239
33	243
33	247
33	251
33	255
33	259
33	263
33	267
33	272
33	276
33	281
33	285
33	290
33	295
33	300
33	305
33	310
33	315
33	321
33	327
33	333
33	339
33	346
33	353
33	361
33	369
33	378
33	388
34	159
34	168
34	174
34	180
34	184
34	189
34	194
34	198
34	203
34	207
34	212
34	216
34	221
34	225
34	230
34	234
34	239
34	243
34	248
34	252
34	257
34	261
34	266
34	271
34	276
34	281
34	286
34	292
34	298
34	304
34	311
34	318
34	326
34	334
34	343
34	353
34	363
34	374
35	159
35	168
35	175
35	181
35	187
35	193
35	198
35	204
35	209
35	215
35	220
35	226
35	231
35	237
35	242
35	248
35	254
35	260
35	266
35	272
35	278
35	284
35	291
35	298
35	305
35	312
35	320
35	328
35	336
35	345
35	355
35	365
35	376
36	171
36	181
36	190
36	199
36	207
36	215
36	222
36	229
36	236
36	243
36	250
36	258
36	266
36	274
36	282
36	290
36	298
36	306
36	314
36	322
36	331
36	340
36	350
36	361
37	181
37	192
37	201
37	210
37	218
37	226
37	234
37	242
37	250
37	258
37	266
37	275
37	284
37	294
37	304
37	315
37	327
38	180
38	191
38	201
38	210
38	219
38	227
38	235
38	243
38	251
38	259
38	267
38	275
38	284
38	293
38	303
38	314
38	326
39	179
39	190
39	200
39	210
39	219
39	228
39	237
39	246
39	255
39	264
39	273
39	282
39	292
39	302
39	312
39	323
39	334
40	207
40	218
40	229
40	240
40	250
40	260
40	270
40	280
40	290
40	299
40	308
40	318
40	328
40	339
41	219
41	231
41	242
41	253
41	264
41	275
41	286
41	298
42	237
42	248
42	259
42	270
42	281
42	292
56	257
56	268
56	279
56	290
56	301
56	313
62	266
62	278
62	290
62	303
63	249
63	260
63	270
63	280
63	289
63	298
63	307
63	316
63	326
63	336
63	348
64	258
64	270
64	281
64	292
64	302
64	312
64	323
64	334
65	228
65	239
65	250
65	261
65	272
65	284
66	222
66	232
66	241
66	249
66	257
66	264
66	271
66	278
66	285
66	292
66	300
66	308
66	316
66	325
66	334
66	344
66	355
66	366
66	377
66	388
66	399
67	227
67	237
67	245
67	253
67	260
67	267
67	273
67	279
67	285
67	291
67	297
67	303
67	309
67	315
67	321
67	327
67	334
67	341
67	348
67	356
67	364
67	372
67	380
67	387
67	394
67	401
67	408
67	416
67	424
67	433
67	445
68	221
68	232
68	242
68	251
68	260
68	268
68	276
68	284
68	292
68	300
68	308
68	316
68	324
68	332
68	340
68	348
68	356
68	363
68	370
68	376
68	382
68	387
68	392
68	397
68	402
68	406
68	411
68	416
68	421
68	426
68	432
68	438
68	445
68	453
68	462
69	218
69	227
69	234
69	241
69	248
69	254
69	260
69	266
69	272
69	278
69	284
69	290
69	296
69	302
69	308
69	314
69	320
69	326
69	332
69	337
69	343
69	348
69	353
69	358
69	362
69	367
69	371
69	375
69	379
69	382
69	385
69	389
69	391
69	394
69	397
69	400
69	403
69	405
69	409
69	411
69	414
69	417
69	420
69	423
69	426
69	429
69	433
69	436
69	440
69	444
69	448
69	453
69	458
69	464
69	471
69	479
69	489
70	218
70	226
70	232
70	237
70	242
70	246
70	251
70	254
70	259
70	262
70	266
70	269
70	273
70	276
70	280
70	283
70	286
70	290
70	292
70	296
70	299
70	302
70	305
70	308
70	311
70	314
70	317
70	320
70	323
70	326
70	329
70	332
70	335
70	338
70	341
70	343
70	347
70	349
70	352
70	355
70	357
70	360
70	362
70	365
70	367
70	370
70	372
70	374
70	377
70	379
70	381
70	384
70	386
70	388
70	391
70	393
70	395
70	398
70	400
70	402
70	405
70	407
70	409
70	412
70	415
70	417
70	420
70	423
70	426
70	429
70	432
70	436
70	439
70	444
70	447
70	452
70	457
70	463
70	469
70	477
70	486
71	219
71	227
71	232
71	237
71	241
71	244
71	248
71	251
71	253
71	257
71	259
71	262
71	264
71	267
71	269
71	272
71	273
71	276
71	278
71	281
71	282
71	284
71	287
71	289
71	291
71	293
71	295
71	297
71	299
71	301
71	303
71	305
71	307
71	309
71	311
71	313
71	314
71	317
71	318
71	320
71	322
71	324
71	326
71	327
71	330
71	331
71	333
71	335
71	337
71	338
71	340
71	342
71	344
71	345
71	347
71	349
71	351
71	352
71	354
71	356
71	358
71	359
71	361
71	363
71	365
71	367
71	368
71	370
71	373
71	374
71	376
71	378
71	380
71	383
71	385
71	387
71	389
71	392
71	395
71	397
71	400
71	403
71	406
71	409
71	413
71	416
71	420
71	425
71	429
71	435
71	441
71	448
71	456
71	467
72	227
72	235
72	241
72	246
72	251
72	254
72	258
72	262
72	264
72	268
72	271
72	273
72	276
72	279
72	281
72	283
72	286
72	288
72	291
72	292
72	295
72	297
72	299
72	301
72	303
72	305
72	307
72	309
72	311
72	313
72	315
72	317
72	319
72	321
72	323
72	325
72	327
72	329
72	331
72	333
72	335
72	337
72	339
72	341
72	343
72	345
72	347
72	349
72	351
72	353
72	355
72	357
72	359
72	362
72	364
72	366
72	369
72	371
72	375
72	377
72	380
72	384
72	387
72	390
72	395
72	398
72	403
72	407
72	412
72	417
72	423
72	429
72	437
72	446
73	252
73	263
73	273
73	283
73	292
73	301
73	309
73	317
73	325
73	333
73	341
73	350
73	360
73	370
73	380
73	390
73	400
73	409
73	418
73	427
73	437
74	236
74	248
74	260
74	371
74	382
74	391
74	399
74	406
74	412
74	418
74	424
74	430
74	436
74	443
74	451
74	460
74	471
75	222
75	232
75	241
75	249
75	256
75	263
75	270
75	277
75	284
75	291
75	298
75	305
75	312
75	319
75	326
75	334
75	342
75	350
75	358
75	365
75	372
75	379
75	386
75	392
75	398
75	404
75	410
75	416
75	422
75	428
75	434
75	441
75	448
75	456
75	466
76	236
76	246
76	255
76	263
76	271
76	279
76	286
76	293
76	300
76	307
76	314
76	321
76	329
76	337
76	345
76	353
76	361
76	370
76	379
76	389
76	400
-1	-1
