-1	-1
0	161
0	172
0	183
0	195
7	159
7	170
7	180
7	190
7	200
7	212
8	151
8	161
8	170
8	178
8	186
8	194
8	202
8	211
8	221
8	233
9	152
9	162
9	170
9	177
9	184
9	191
9	198
9	205
9	213
9	221
9	230
9	240
9	253
10	148
10	157
10	164
10	171
10	177
10	183
10	189
10	195
10	201
10	208
10	215
10	223
10	231
10	240
10	250
10	261
11	146
11	155
11	163
11	170
11	177
11	183
11	189
11	196
11	203
11	210
11	217
11	225
11	233
11	242
11	251
11	261
11	272
11	285
12	148
12	158
12	166
12	174
12	182
12	189
12	196
12	204
12	212
12	220
12	228
12	237
12	246
12	256
12	266
12	277
12	288
12	300
12	313
13	147
13	157
13	165
13	173
13	180
13	187
13	194
13	201
13	208
13	216
13	224
13	232
13	240
13	248
13	257
13	266
13	275
13	284
13	293
13	302
13	311
13	320
13	329
13	339
13	349
13	360
13	372
13	385
14	147
14	156
14	163
14	170
14	177
14	183
14	189
14	195
14	201
14	207
14	213
14	219
14	226
14	233
14	240
14	247
14	254
14	261
14	268
14	275
14	282
14	289
14	296
14	303
14	310
14	317
14	324
14	331
14	338
14	345
14	352
14	360
14	368
14	377
14	386
14	396
14	408
15	147
15	155
15	162
15	168
15	173
15	179
15	184
15	189
15	194
15	199
15	204
15	209
15	214
15	219
15	224
15	229
15	234
15	239
15	244
15	249
15	254
15	259
15	264
15	269
15	274
15	279
15	284
15	289
15	294
15	299
15	303
15	308
15	312
15	317
15	321
15	326
15	330
15	335
15	339
15	344
15	348
15	353
15	358
15	363
15	368
15	374
15	380
15	386
15	393
15	400
15	408
15	417
15	427
16	148
16	156
16	163
16	169
16	175
16	180
16	186
16	191
16	196
16	201
16	206
16	211
16	216
16	221
16	225
16	230
16	234
16	239
16	243
16	247
16	251
16	255
16	259
16	263
16	267
16	271
16	274
16	278
16	281
16	285
16	288
16	292
16	295
16	298
16	302
16	305
16	308
16	311
16	314
16	317
16	320
16	323
16	326
16	329
16	332
16	335
16	338
16	341
16	344
16	347
16	350
16	353
16	356
16	359
16	363
16	366
16	370
16	374
16	377
16	382
16	386
16	390
16	395
16	400
16	405
16	411
16	417
16	424
16	431
16	439
16	448
16	458
17	147
17	156
17	163
17	170
17	176
17	182
17	188
17	194
17	200
17	206
17	211
17	216
17	221
17	226
17	231
17	235
17	240
17	244
17	248
17	252
17	256
17	260
17	263
17	267
17	270
17	273
17	277
17	280
17	283
17	286
17	289
17	292
17	295
17	298
17	301
17	303
17	307
17	309
17	312
17	315
17	317
17	320
17	323
17	325
17	328
17	330
17	333
17	335
17	338
17	340
17	343
17	345
17	348
17	350
17	353
17	356
17	358
17	361
17	364
17	367
17	370
17	373
17	376
17	379
17	383
17	386
17	390
17	394
17	398
17	402
17	407
17	411
17	416
17	421
17	427
17	433
17	440
17	447
17	455
17	464
17	475
18	148
18	157
18	165
18	173
18	181
18	188
18	195
18	202
18	209
18	216
18	222
18	228
18	234
18	240
18	245
18	250
18	255
18	260
18	264
18	269
18	273
18	277
18	281
18	285
18	289
18	292
18	296
18	300
18	303
18	307
18	310
18	313
18	317
18	320
18	323
18	326
18	329
18	332
18	335
18	338
18	341
18	344
18	347
18	351
18	354
18	357
18	361
18	365
18	368
18	372
18	376
18	380
18	385
18	389
18	394
18	399
18	405
18	410
18	416
18	423
18	430
18	437
18	445
18	454
18	464
19	151
19	162
19	172
19	181
19	190
19	198
19	206
19	213
19	220
19	227
19	233
19	239
19	244
19	250
19	255
19	260
19	265
19	270
19	274
19	279
19	282
19	287
19	290
19	294
19	298
19	302
19	305
19	309
19	312
19	316
19	319
19	323
19	326
19	330
19	333
19	337
19	340
19	344
19	348
19	352
19	356
19	360
19	365
19	369
19	374
19	378
19	383
19	388
19	393
19	399
19	405
19	411
19	418
19	425
19	433
19	442
19	452
19	463
20	166
20	177
20	187
20	196
20	204
20	211
20	218
20	224
20	230
20	236
20	242
20	247
20	252
20	257
20	262
20	267
20	271
20	276
20	280
20	284
20	288
20	292
20	295
20	299
20	302
20	306
20	309
20	312
20	316
20	319
20	322
20	325
20	328
20	331
20	334
20	337
20	340
20	343
20	346
20	349
20	352
20	356
20	358
20	362
20	365
20	369
20	372
20	376
20	379
20	383
20	387
20	391
20	395
20	399
20	404
20	408
20	414
20	419
20	425
20	432
20	439
20	447
20	456
20	468
21	161
21	171
21	180
21	188
21	195
21	202
21	208
21	214
21	219
21	224
21	229
21	233
21	238
21	242
21	246
21	250
21	253
21	257
21	261
21	264
21	268
21	271
21	274
21	277
21	281
21	283
21	286
21	289
21	292
21	295
21	297
21	301
21	303
21	306
21	309
21	311
21	314
21	317
21	319
21	322
21	325
21	327
21	330
21	333
21	335
21	338
21	341
21	343
21	346
21	349
21	351
21	355
21	357
21	360
21	364
21	366
21	370
21	373
21	376
21	379
21	383
21	386
21	389
21	393
21	396
21	400
21	404
21	408
21	413
21	417
21	423
21	428
21	434
21	441
21	448
21	456
21	466
22	157
22	166
22	173
22	180
22	186
22	191
22	196
22	201
22	205
22	210
22	213
22	217
22	221
22	224
22	228
22	231
22	234
22	237
22	240
22	243
22	246
22	249
22	252
22	254
22	257
22	260
22	262
22	265
22	268
22	270
22	273
22	275
22	278
22	280
22	283
22	285
22	288
22	290
22	293
22	295
22	298
22	300
22	303
22	306
22	308
22	311
22	314
22	316
22	319
22	322
22	324
22	327
22	330
22	333
22	335
22	339
22	341
22	344
22	347
22	350
22	353
22	356
22	359
22	362
22	365
22	368
22	371
22	375
22	377
22	381
22	384
22	387
22	391
22	394
22	398
22	401
22	405
22	409
22	413
22	417
22	422
22	427
22	432
22	438
22	444
22	451
22	459
22	468
22	480
23	149
23	159
23	166
23	172
23	176
23	181
23	184
23	189
23	192
23	195
23	199
23	202
23	205
23	208
23	211
23	213
23	217
23	219
23	222
23	224
23	227
23	230
23	232
23	234
23	237
23	239
23	242
23	244
23	247
23	249
23	251
23	254
23	256
23	259
23	261
23	264
23	266
23	269
23	271
23	274
23	276
23	279
23	281
23	284
23	286
23	289
23	292
23	294
23	297
23	300
23	303
23	305
23	309
23	311
23	315
23	317
23	321
23	324
23	327
23	330
23	334
23	337
23	341
23	344
23	348
23	351
23	355
23	359
23	362
23	366
23	370
23	373
23	377
23	381
23	384
23	388
23	391
23	395
23	398
23	402
23	406
23	409
23	414
23	417
23	422
23	426
23	431
23	436
23	441
23	447
23	453
23	460
23	468
23	477
24	148
24	157
24	163
24	169
24	173
24	177
24	181
24	184
24	188
24	191
24	194
24	197
24	200
24	203
24	206
24	209
24	211
24	214
24	217
24	220
24	222
24	225
24	228
24	230
24	233
24	236
24	238
24	241
24	244
24	247
24	249
24	253
24	255
24	258
24	261
24	264
24	267
24	270
24	274
24	277
24	280
24	284
24	287
24	291
24	295
24	299
24	303
24	307
24	312
24	316
24	321
24	326
24	331
24	336
24	342
24	348
24	354
24	360
24	366
24	372
24	378
24	384
24	389
24	394
24	399
24	404
24	409
24	414
24	419
24	424
24	429
24	435
24	441
24	447
24	454
24	461
24	469
24	479
25	149
25	158
25	164
25	170
25	174
25	179
25	182
25	186
25	190
25	193
25	197
25	201
25	204
25	208
25	211
25	215
25	218
25	222
25	225
25	229
25	233
25	236
25	240
25	244
25	248
25	252
25	256
25	260
25	265
25	269
25	274
25	279
25	284
25	289
25	295
25	301
25	307
25	314
25	321
25	328
25	336
25	344
25	353
25	362
25	371
25	380
25	388
25	396
25	403
25	410
25	416
25	422
25	428
25	434
25	440
25	446
25	453
25	460
25	468
25	477
25	489
26	150
26	159
26	166
26	172
26	178
26	183
26	188
26	193
26	198
26	203
26	208
26	213
26	218
26	223
26	228
26	233
26	238
26	243
26	248
26	254
26	260
26	266
26	272
26	278
26	285
26	292
26	299
26	307
26	315
26	323
26	332
26	341
26	351
26	361
26	371
26	381
26	391
26	400
26	408
26	415
26	422
26	428
26	434
26	440
26	446
26	452
26	459
26	466
26	475
26	485
27	153
27	163
27	171
27	179
27	186
27	193
27	200
27	206
27	212
27	218
27	224
27	229
27	235
27	240
27	246
27	251
27	257
27	262
27	268
27	273
27	279
27	285
27	291
27	297
27	303
27	309
27	316
27	323
27	330
27	337
27	344
27	352
27	360
27	368
27	376
27	385
27	394
27	402
27	410
27	418
27	425
27	432
27	440
27	448
27	457
27	467
28	168
28	179
28	189
28	197
28	204
28	210
28	216
28	221
28	226
28	231
28	235
28	240
28	244
28	248
28	252
28	256
28	260
28	264
28	268
28	272
28	276
28	280
28	284
28	288
28	292
28	296
28	300
28	304
28	308
28	313
28	317
28	322
28	326
28	331
28	335
28	340
28	345
28	350
28	355
28	360
28	365
28	370
28	376
28	381
28	387
28	393
28	399
28	405
28	411
28	417
28	424
28	431
28	438
28	446
28	455
28	465
29	161
29	172
29	181
29	189
29	195
29	201
29	205
29	210
29	213
29	217
29	221
29	223
29	227
29	230
29	233
29	236
29	239
29	241
29	244
29	247
29	249
29	252
29	254
29	257
29	259
29	262
29	264
29	267
29	269
29	272
29	274
29	277
29	279
29	282
29	284
29	287
29	289
29	292
29	294
29	297
29	299
29	302
29	304
29	307
29	309
29	312
29	315
29	317
29	320
29	323
29	325
29	328
29	331
29	334
29	337
29	340
29	343
29	346
29	349
29	352
29	355
29	358
29	361
29	364
29	367
29	370
29	374
29	377
29	381
29	385
29	388
29	393
29	396
29	401
29	405
29	410
29	414
29	419
29	424
29	429
29	435
29	441
29	448
29	456
29	465
29	476
30	153
30	162
30	170
30	177
30	183
30	189
30	193
30	198
30	202
30	205
30	209
30	212
30	214
30	218
30	220
30	222
30	225
30	227
30	230
30	232
30	233
30	236
30	238
30	240
30	242
30	243
30	246
30	247
30	249
30	251
30	252
30	254
30	256
30	258
30	259
30	261
30	263
30	264
30	266
30	268
30	269
30	271
30	273
30	274
30	276
30	278
30	279
30	281
30	283
30	285
30	286
30	288
30	290
30	292
30	293
30	295
30	297
30	299
30	300
30	302
30	304
30	306
30	307
30	309
30	311
30	313
30	314
30	316
30	318
30	320
30	322
30	324
30	325
30	328
30	329
30	331
30	333
30	335
30	337
30	339
30	341
30	343
30	345
30	347
30	349
30	351
30	354
30	356
30	358
30	360
30	363
30	365
30	367
30	370
30	372
30	375
30	377
30	380
30	383
30	386
30	389
30	392
30	396
30	399
30	403
30	406
30	410
30	414
30	418
30	422
30	426
30	430
30	435
30	440
30	445
30	451
30	457
30	464
30	472
30	482
31	148
31	156
31	162
31	168
31	172
31	177
31	181
31	185
31	189
31	192
31	196
31	199
31	202
31	206
31	209
31	212
31	215
31	218
31	221
31	223
31	226
31	229
31	231
31	233
31	236
31	238
31	241
31	243
31	245
31	248
31	250
31	252
31	254
31	256
31	258
31	260
31	262
31	264
31	266
31	268
31	270
31	272
31	273
31	276
31	277
31	279
31	281
31	283
31	285
31	287
31	288
31	291
31	292
31	294
31	296
31	298
31	300
31	302
31	304
31	306
31	308
31	310
31	312
31	314
31	316
31	318
31	320
31	322
31	324
31	326
31	328
31	330
31	333
31	334
31	337
31	339
31	341
31	344
31	346
31	348
31	351
31	353
31	356
31	358
31	361
31	364
31	366
31	369
31	372
31	375
31	378
31	381
31	385
31	388
31	392
31	396
31	400
31	405
31	409
31	414
31	418
31	423
31	428
31	433
31	438
31	444
31	449
31	456
31	463
31	471
31	480
32	141
32	150
32	156
32	162
32	166
32	171
32	174
32	179
32	182
32	187
32	190
32	194
32	198
32	202
32	206
32	210
32	214
32	218
32	221
32	225
32	229
32	232
32	236
32	239
32	243
32	246
32	250
32	253
32	257
32	260
32	264
32	267
32	271
32	274
32	278
32	281
32	285
32	288
32	292
32	295
32	299
32	302
32	305
32	309
32	312
32	315
32	319
32	322
32	326
32	329
32	333
32	336
32	340
32	344
32	348
32	352
32	356
32	360
32	365
32	369
32	375
32	380
32	386
32	392
32	399
32	406
32	414
32	422
32	430
32	438
32	446
32	455
32	465
32	476
33	140
33	149
33	155
33	161
33	165
33	170
33	175
33	179
33	184
33	189
33	194
33	199
33	204
33	209
33	214
33	219
33	224
33	229
33	234
33	239
33	244
33	249
33	254
33	259
33	265
33	270
33	276
33	282
33	288
33	294
33	301
33	308
33	315
33	323
33	331
33	339
33	348
33	357
33	367
33	378
34	144
34	153
34	160
34	166
34	172
34	178
34	183
34	189
34	194
34	200
34	206
34	212
34	218
34	224
34	230
34	236
34	242
34	248
34	254
34	260
34	266
34	273
34	280
34	287
34	295
34	303
34	312
34	321
34	331
34	342
35	153
35	162
35	170
35	177
35	184
35	191
35	198
35	205
35	212
35	219
35	226
35	233
35	240
35	247
35	255
35	263
35	271
35	279
35	288
35	297
35	306
35	316
35	326
35	337
36	163
36	173
36	182
36	191
36	199
36	207
36	215
36	223
36	231
36	239
36	247
36	256
36	265
36	275
36	286
37	169
37	179
37	189
37	198
37	207
37	216
37	225
37	234
37	243
37	252
37	261
37	271
37	281
37	294
38	180
38	192
38	203
38	214
38	224
38	234
38	244
38	254
38	264
38	275
38	287
39	201
39	213
39	224
39	235
39	247
40	201
40	213
40	224
40	235
40	247
62	221
62	233
62	244
62	255
62	266
63	212
63	223
63	232
63	241
63	249
63	257
63	265
63	273
63	281
63	289
63	297
63	306
63	315
63	324
63	334
63	344
63	355
64	211
64	222
64	232
64	241
64	249
64	256
64	263
64	270
64	276
64	282
64	288
64	294
64	300
64	306
64	312
64	318
64	324
64	331
64	338
64	345
64	352
64	360
64	369
64	379
65	199
65	210
65	220
65	230
65	240
65	249
65	258
65	266
65	274
65	282
65	289
65	296
65	303
65	310
65	317
65	324
65	331
65	338
65	345
65	353
65	362
65	372
66	197
66	206
66	214
66	221
66	228
66	235
66	242
66	249
66	256
66	264
66	272
66	281
66	291
66	301
66	312
66	324
67	196
67	204
67	211
67	217
67	223
67	228
67	233
67	238
67	243
67	248
67	253
67	258
67	263
67	269
67	274
67	280
67	286
67	292
67	299
67	306
67	314
67	322
67	331
67	340
67	349
67	358
67	368
67	379
67	392
68	198
68	208
68	217
68	225
68	232
68	239
68	246
68	253
68	260
68	267
68	273
68	280
68	286
68	293
68	300
68	307
68	314
68	321
68	328
68	335
68	342
68	349
68	357
68	365
68	374
68	383
68	393
68	405
69	206
69	216
69	225
69	234
69	242
69	250
69	258
69	266
69	274
69	282
69	290
69	298
69	306
69	314
69	322
69	331
69	340
69	349
69	358
69	368
69	379
70	202
70	211
70	219
70	226
70	232
70	238
70	243
70	248
70	253
70	258
70	263
70	268
70	273
70	278
70	283
70	288
70	293
70	298
70	303
70	308
70	313
70	318
70	324
70	329
70	335
70	340
70	346
70	351
70	357
70	363
70	369
70	375
70	382
70	389
70	397
70	406
70	417
71	208
71	216
71	222
71	227
71	232
71	236
71	240
71	243
71	247
71	250
71	253
71	256
71	259
71	262
71	265
71	268
71	271
71	273
71	277
71	279
71	282
71	285
71	288
71	290
71	293
71	296
71	299
71	301
71	305
71	307
71	310
71	313
71	316
71	319
71	322
71	325
71	328
71	331
71	334
71	337
71	340
71	343
71	346
71	349
71	352
71	355
71	358
71	361
71	364
71	367
71	370
71	374
71	377
71	381
71	385
71	389
71	394
71	398
71	404
71	409
71	416
71	423
71	431
71	441
72	217
72	225
72	231
72	236
72	241
72	244
72	249
72	251
72	255
72	258
72	261
72	263
72	266
72	269
72	271
72	273
72	276
72	278
72	281
72	283
72	285
72	288
72	290
72	292
72	294
72	297
72	299
72	301
72	303
72	305
72	307
72	310
72	311
72	313
72	316
72	318
72	319
72	322
72	324
72	326
72	328
72	330
72	332
72	334
72	336
72	338
72	340
72	342
72	344
72	346
72	348
72	350
72	353
72	354
72	357
72	359
72	361
72	364
72	366
72	368
72	371
72	374
72	376
72	379
72	382
72	385
72	388
72	391
72	395
72	398
72	403
72	407
72	412
72	417
72	423
72	430
72	438
72	448
73	246
73	256
73	264
73	271
73	277
73	283
73	288
73	293
73	298
73	302
73	306
73	310
73	314
73	318
73	322
73	325
73	329
73	333
73	336
73	340
73	344
73	348
73	352
73	356
73	360
73	365
73	369
73	375
73	380
73	386
73	392
73	399
73	407
73	416
74	218
74	229
74	240
74	251
75	207
75	216
75	223
75	230
75	236
75	242
75	248
75	254
75	260
75	266
75	272
75	278
75	284
75	290
75	296
75	303
75	310
75	317
75	324
75	331
75	338
75	345
75	352
75	359
75	366
75	372
75	378
75	384
75	390
75	396
75	402
75	409
75	416
75	424
75	433
75	443
76	210
76	219
76	227
76	234
76	240
76	246
76	252
76	257
76	263
76	268
76	273
76	278
76	283
76	288
76	294
76	299
76	305
76	310
76	316
76	321
76	327
76	333
76	339
76	345
76	351
76	357
76	362
76	368
76	373
76	379
76	384
76	390
76	396
76	402
76	408
76	415
76	422
76	430
76	440
77	288
77	301
77	313
77	325
77	337
77	350
-1	-1
