-1	-1
7	198
7	210
7	220
7	230
7	240
7	249
7	258
7	267
7	277
7	287
7	297
7	307
7	317
7	327
7	337
7	348
8	188
8	199
8	209
8	218
8	227
8	235
8	243
8	251
8	259
8	267
8	275
8	282
8	289
8	296
8	303
8	311
8	319
8	327
8	335
8	343
8	352
8	362
8	372
8	384
9	191
9	202
9	212
9	221
9	229
9	236
9	243
9	250
9	256
9	262
9	268
9	274
9	280
9	286
9	292
9	298
9	304
9	310
9	316
9	322
9	328
9	335
9	342
9	349
9	357
9	366
9	375
9	385
9	396
10	182
10	193
10	203
10	212
10	220
10	227
10	234
10	241
10	247
10	253
10	259
10	265
10	271
10	277
10	283
10	289
10	294
10	300
10	305
10	311
10	316
10	322
10	328
10	334
10	340
10	347
10	354
10	362
10	370
10	379
10	389
10	400
11	188
11	199
11	209
11	218
11	225
11	232
11	239
11	245
11	251
11	257
11	263
11	268
11	274
11	279
11	284
11	289
11	294
11	299
11	304
11	309
11	314
11	319
11	325
11	331
11	337
11	344
11	351
11	358
11	366
11	375
11	385
11	396
12	186
12	197
12	207
12	216
12	224
12	231
12	238
12	244
12	250
12	256
12	262
12	268
12	274
12	280
12	286
12	292
12	298
12	304
12	310
12	316
12	323
12	330
12	337
12	345
12	353
12	362
12	372
12	383
13	207
13	218
13	227
13	235
13	243
13	251
13	258
13	265
13	272
13	279
13	286
13	293
13	300
13	308
13	316
13	324
13	333
13	342
13	352
13	363
13	375
14	211
14	222
14	233
14	243
14	253
14	263
14	273
14	283
14	293
14	303
14	313
14	323
14	334
14	346
15	208
15	220
15	231
15	242
15	253
15	263
15	273
15	284
15	295
15	307
15	320
16	181
16	192
16	203
16	213
16	223
16	233
16	242
16	251
16	261
16	271
16	281
16	291
16	302
16	313
16	324
16	335
16	346
16	357
16	369
16	381
17	178
17	189
17	199
17	209
17	218
17	227
17	236
17	245
17	254
17	263
17	272
17	281
17	290
17	299
17	308
17	317
17	326
17	335
17	344
17	353
17	362
17	371
17	380
17	389
17	399
17	409
17	420
17	434
18	168
18	178
18	187
18	195
18	203
18	210
18	217
18	224
18	231
18	238
18	245
18	252
18	260
18	268
18	276
18	284
18	292
18	300
18	308
18	316
18	324
18	332
18	340
18	347
18	354
18	361
18	368
18	375
18	382
18	389
18	396
18	403
18	410
18	418
18	426
18	434
18	443
18	453
18	464
19	167
19	176
19	184
19	191
19	197
19	203
19	209
19	215
19	221
19	227
19	233
19	238
19	244
19	250
19	256
19	262
19	268
19	274
19	280
19	286
19	292
19	298
19	304
19	310
19	316
19	322
19	328
19	333
19	339
19	344
19	349
19	354
19	359
19	364
19	369
19	374
19	379
19	384
19	389
19	394
19	399
19	404
19	409
19	414
19	419
19	425
19	431
19	437
19	443
19	449
19	456
19	463
19	471
19	479
19	488
20	159
20	168
20	175
20	181
20	187
20	192
20	197
20	202
20	207
20	211
20	216
20	220
20	225
20	229
20	234
20	238
20	243
20	247
20	252
20	256
20	261
20	265
20	270
20	274
20	279
20	283
20	288
20	292
20	297
20	301
20	306
20	310
20	315
20	319
20	324
20	328
20	332
20	336
20	340
20	344
20	348
20	352
20	356
20	360
20	364
20	368
20	372
20	376
20	380
20	384
20	388
20	391
20	395
20	399
20	403
20	407
20	411
20	415
20	419
20	424
20	428
20	433
20	437
20	442
20	447
20	452
20	457
20	463
20	469
20	476
20	483
20	491
20	500
21	158
21	167
21	174
21	180
21	185
21	191
21	195
21	200
21	204
21	209
21	213
21	217
21	221
21	225
21	229
21	233
21	237
21	241
21	245
21	249
21	253
21	257
21	261
21	265
21	269
21	273
21	277
21	281
21	285
21	289
21	293
21	297
21	301
21	305
21	309
21	313
21	317
21	321
21	325
21	329
21	332
21	336
21	340
21	343
21	347
21	350
21	354
21	357
21	361
21	364
21	368
21	371
21	375
21	378
21	382
21	385
21	388
21	392
21	395
21	398
21	402
21	405
21	409
21	412
21	416
21	419
21	423
21	427
21	431
21	435
21	439
21	443
21	447
21	452
21	457
21	462
21	467
21	473
21	479
21	486
21	494
21	503
21	515
22	159
22	168
22	175
22	182
22	187
22	192
22	197
22	201
22	205
22	209
22	213
22	217
22	221
22	224
22	228
22	231
22	235
22	238
22	242
22	245
22	249
22	252
22	255
22	259
22	262
22	265
22	269
22	272
22	275
22	279
22	282
22	285
22	289
22	292
22	295
22	299
22	302
22	306
22	309
22	313
22	316
22	320
22	323
22	326
22	330
22	333
22	336
22	340
22	343
22	346
22	350
22	353
22	356
22	360
22	363
22	366
22	370
22	373
22	376
22	380
22	383
22	386
22	390
22	393
22	396
22	400
22	403
22	406
22	410
22	413
22	417
22	420
22	424
22	427
22	431
22	434
22	438
22	442
22	446
22	450
22	455
22	459
22	464
22	469
22	475
22	481
22	488
22	496
22	505
22	516
23	162
23	172
23	180
23	187
23	193
23	198
23	203
23	208
23	212
23	216
23	221
23	224
23	229
23	232
23	236
23	240
23	243
23	247
23	250
23	254
23	257
23	261
23	264
23	268
23	271
23	275
23	278
23	282
23	285
23	289
23	292
23	296
23	299
23	303
23	306
23	310
23	313
23	316
23	320
23	323
23	327
23	330
23	334
23	337
23	341
23	344
23	348
23	351
23	355
23	358
23	362
23	365
23	369
23	373
23	376
23	380
23	384
23	387
23	391
23	394
23	398
23	401
23	405
23	408
23	412
23	415
23	419
23	422
23	426
23	429
23	433
23	436
23	440
23	444
23	448
23	452
23	457
23	461
23	466
23	471
23	477
23	483
23	490
23	497
23	506
23	516
24	166
24	175
24	183
24	190
24	195
24	201
24	205
24	210
24	214
24	219
24	223
24	227
24	231
24	235
24	239
24	243
24	247
24	251
24	255
24	259
24	262
24	266
24	270
24	273
24	277
24	281
24	284
24	288
24	292
24	295
24	299
24	303
24	306
24	310
24	314
24	317
24	321
24	325
24	328
24	332
24	336
24	340
24	344
24	348
24	352
24	356
24	360
24	364
24	368
24	372
24	375
24	379
24	382
24	386
24	389
24	392
24	395
24	399
24	401
24	405
24	407
24	411
24	413
24	417
24	419
24	423
24	425
24	429
24	432
24	435
24	438
24	442
24	445
24	449
24	453
24	457
24	461
24	466
24	470
24	475
24	480
24	486
24	492
24	499
24	507
24	516
25	167
25	176
25	183
25	190
25	195
25	200
25	204
25	209
25	213
25	217
25	221
25	225
25	229
25	232
25	236
25	240
25	243
25	247
25	251
25	255
25	258
25	262
25	266
25	270
25	274
25	278
25	282
25	286
25	290
25	294
25	298
25	302
25	306
25	310
25	314
25	318
25	322
25	326
25	330
25	333
25	337
25	341
25	344
25	348
25	351
25	354
25	358
25	361
25	364
25	367
25	370
25	373
25	375
25	379
25	381
25	384
25	387
25	389
25	392
25	394
25	397
25	399
25	402
25	404
25	407
25	409
25	412
25	415
25	417
25	420
25	423
25	426
25	428
25	432
25	435
25	438
25	442
25	445
25	449
25	453
25	457
25	462
25	467
25	472
25	478
25	484
25	491
25	498
25	506
25	516
26	163
26	173
26	181
26	188
26	193
26	198
26	202
26	206
26	210
26	214
26	217
26	221
26	224
26	228
26	231
26	235
26	238
26	242
26	245
26	249
26	252
26	256
26	259
26	263
26	267
26	270
26	274
26	278
26	282
26	286
26	290
26	293
26	297
26	301
26	304
26	308
26	311
26	315
26	318
26	322
26	325
26	328
26	331
26	334
26	337
26	340
26	343
26	346
26	349
26	351
26	354
26	356
26	359
26	361
26	363
26	366
26	368
26	370
26	372
26	375
26	376
26	379
26	381
26	383
26	385
26	387
26	389
26	391
26	393
26	395
26	397
26	399
26	402
26	403
26	406
26	408
26	410
26	413
26	415
26	417
26	420
26	422
26	425
26	427
26	430
26	433
26	436
26	439
26	442
26	446
26	449
26	453
26	457
26	461
26	466
26	471
26	477
26	483
26	489
26	496
26	504
26	513
26	525
27	169
27	179
27	188
27	194
27	200
27	204
27	209
27	213
27	217
27	221
27	224
27	228
27	231
27	234
27	238
27	241
27	244
27	247
27	250
27	253
27	256
27	259
27	262
27	265
27	268
27	271
27	274
27	277
27	280
27	283
27	286
27	289
27	292
27	295
27	298
27	301
27	304
27	307
27	310
27	312
27	315
27	318
27	320
27	323
27	326
27	328
27	331
27	333
27	336
27	338
27	341
27	343
27	345
27	348
27	350
27	352
27	355
27	357
27	359
27	362
27	364
27	366
27	369
27	371
27	373
27	376
27	378
27	380
27	383
27	385
27	388
27	390
27	393
27	395
27	398
27	400
27	404
27	406
27	409
27	412
27	415
27	418
27	421
27	425
27	428
27	432
27	436
27	440
27	445
27	450
27	456
27	462
27	469
27	477
27	486
27	496
28	178
28	188
28	197
28	205
28	212
28	218
28	223
28	228
28	232
28	237
28	241
28	244
28	248
28	251
28	254
28	257
28	260
28	263
28	266
28	269
28	271
28	274
28	277
28	279
28	282
28	285
28	287
28	290
28	292
28	295
28	297
28	300
28	302
28	305
28	307
28	310
28	312
28	315
28	317
28	320
28	322
28	324
28	327
28	329
28	331
28	334
28	336
28	338
28	341
28	343
28	345
28	348
28	350
28	352
28	355
28	357
28	359
28	362
28	364
28	366
28	369
28	371
28	374
28	376
28	379
28	381
28	384
28	386
28	389
28	392
28	394
28	397
28	400
28	403
28	406
28	409
28	413
28	416
28	420
28	424
28	428
28	433
28	437
28	443
28	448
28	455
28	462
28	471
28	481
29	186
29	197
29	206
29	213
29	220
29	224
29	229
29	233
29	237
29	241
29	244
29	248
29	251
29	253
29	257
29	260
29	262
29	265
29	268
29	270
29	272
29	275
29	277
29	280
29	282
29	284
29	287
29	289
29	291
29	294
29	296
29	298
29	301
29	303
29	305
29	308
29	310
29	312
29	315
29	317
29	319
29	322
29	324
29	326
29	329
29	331
29	333
29	336
29	338
29	340
29	343
29	345
29	347
29	350
29	352
29	355
29	357
29	360
29	363
29	365
29	368
29	371
29	374
29	377
29	380
29	384
29	387
29	390
29	394
29	398
29	402
29	406
29	410
29	415
29	420
29	426
29	432
29	439
29	447
29	456
30	188
30	199
30	208
30	215
30	221
30	225
30	230
30	233
30	237
30	240
30	243
30	246
30	249
30	252
30	254
30	257
30	260
30	262
30	265
30	267
30	270
30	272
30	275
30	277
30	280
30	282
30	284
30	287
30	289
30	291
30	294
30	296
30	298
30	301
30	303
30	305
30	308
30	310
30	313
30	315
30	318
30	320
30	323
30	325
30	328
30	330
30	333
30	336
30	338
30	341
30	344
30	347
30	349
30	353
30	355
30	358
30	362
30	365
30	368
30	372
30	375
30	379
30	383
30	387
30	391
30	396
30	400
30	405
30	410
30	416
30	422
30	429
30	437
30	446
30	458
31	198
31	208
31	216
31	223
31	230
31	235
31	240
31	244
31	249
31	252
31	257
31	260
31	264
31	267
31	271
31	274
31	278
31	281
31	285
31	288
31	292
31	295
31	299
31	302
31	306
31	309
31	313
31	316
31	320
31	323
31	327
31	331
31	335
31	339
31	343
31	347
31	352
31	356
31	361
31	366
31	371
31	376
31	382
31	388
31	394
31	401
31	408
31	416
31	425
31	436
32	207
32	217
32	225
32	232
32	238
32	244
32	249
32	254
32	259
32	264
32	269
32	273
32	278
32	283
32	287
32	292
32	297
32	301
32	306
32	311
32	316
32	321
32	326
32	331
32	336
32	342
32	348
32	354
32	360
32	367
32	374
32	381
32	389
32	397
32	406
32	416
33	211
33	222
33	231
33	239
33	246
33	252
33	258
33	263
33	268
33	273
33	278
33	283
33	288
33	293
33	298
33	304
33	309
33	315
33	321
33	327
33	333
33	339
33	345
33	351
33	358
33	365
33	373
33	381
33	390
33	400
34	226
34	237
34	247
34	256
34	264
34	271
34	278
34	285
34	292
34	299
34	306
34	313
34	320
34	327
34	334
34	341
34	348
34	356
34	364
34	373
34	382
34	392
34	405
35	227
35	238
35	247
35	256
35	265
35	273
35	281
35	289
35	297
35	305
35	313
35	321
35	329
35	337
35	346
35	355
35	365
35	376
36	227
36	238
36	248
36	257
36	266
36	275
36	283
36	291
36	299
36	307
36	315
36	323
36	331
36	340
36	349
36	359
36	369
36	382
37	222
37	232
37	241
37	249
37	257
37	265
37	273
37	281
37	289
37	297
37	305
37	313
37	321
37	329
37	337
37	346
37	355
37	365
37	376
38	231
38	241
38	250
38	258
38	265
38	272
38	279
38	286
38	293
38	300
38	308
38	316
38	324
38	332
38	341
38	350
38	360
38	371
39	232
39	243
39	253
39	262
39	271
39	279
39	287
39	295
39	303
39	311
39	319
39	328
39	337
39	347
39	358
39	371
40	230
40	241
40	251
40	261
40	271
40	281
40	291
40	301
40	311
40	321
40	331
40	342
40	355
41	239
41	251
41	263
41	276
42	238
42	250
42	261
42	273
42	286
43	236
43	247
43	257
43	266
43	275
43	284
43	294
43	304
43	315
43	328
44	246
44	256
44	265
44	274
44	283
44	291
44	300
44	309
44	318
44	328
44	339
44	350
44	365
45	267
45	278
45	288
45	297
45	306
45	315
45	324
45	334
45	344
45	355
46	289
46	301
46	312
46	322
46	332
46	342
46	353
47	260
47	273
47	287
50	238
50	249
50	258
50	267
50	276
50	284
50	293
50	302
50	311
50	321
50	331
50	342
50	353
50	365
51	240
51	251
51	260
51	268
51	276
51	283
51	290
51	297
51	304
51	311
51	318
51	326
51	334
51	343
51	353
51	364
52	269
52	280
52	290
52	299
52	307
52	314
52	321
52	328
52	335
52	343
52	351
52	360
52	370
52	383
53	307
53	318
53	328
53	337
53	346
53	356
53	366
53	377
55	229
55	240
55	251
55	262
55	273
55	284
55	297
56	216
56	226
56	235
56	243
56	251
56	259
56	267
56	275
56	283
56	291
56	300
56	309
56	319
56	330
57	219
57	229
57	237
57	244
57	250
57	256
57	262
57	267
57	273
57	278
57	284
57	290
57	296
57	302
57	308
57	315
57	322
57	330
57	338
57	347
57	357
57	368
58	218
58	227
58	233
58	239
58	243
58	248
58	252
58	255
58	259
58	262
58	266
58	269
58	273
58	276
58	279
58	283
58	286
58	289
58	293
58	296
58	300
58	303
58	307
58	311
58	315
58	319
58	324
58	328
58	333
58	338
58	343
58	349
58	355
58	362
58	369
58	377
58	386
58	397
59	219
59	228
59	234
59	240
59	243
59	248
59	251
59	254
59	257
59	261
59	262
59	265
59	268
59	271
59	272
59	275
59	278
59	280
59	282
59	284
59	287
59	289
59	291
59	294
59	296
59	298
59	300
59	303
59	305
59	307
59	310
59	312
59	315
59	317
59	320
59	322
59	325
59	328
59	330
59	334
59	336
59	339
59	343
59	346
59	349
59	353
59	357
59	361
59	365
59	370
59	375
59	380
59	386
59	393
59	400
59	408
59	418
60	228
60	238
60	246
60	252
60	258
60	262
60	266
60	270
60	272
60	276
60	279
60	282
60	283
60	287
60	289
60	292
60	293
60	296
60	298
60	301
60	302
60	305
60	307
60	309
60	311
60	313
60	315
60	317
60	319
60	321
60	323
60	325
60	327
60	329
60	331
60	334
60	335
60	338
60	340
60	342
60	345
60	347
60	349
60	352
60	355
60	357
60	360
60	363
60	366
60	369
60	372
60	376
60	379
60	383
60	387
60	391
60	396
60	401
60	407
60	413
60	420
60	428
60	437
61	220
61	230
61	240
61	249
61	258
61	267
61	275
61	282
61	288
61	293
61	298
61	302
61	306
61	310
61	313
61	316
61	320
61	322
61	325
61	328
61	331
61	333
61	336
61	339
61	341
61	344
61	347
61	349
61	352
61	355
61	357
61	360
61	363
61	366
61	369
61	372
61	376
61	378
61	383
61	386
61	390
61	395
61	399
61	404
61	409
61	415
61	421
61	428
61	436
61	446
62	212
62	221
62	229
62	235
62	241
62	247
62	253
62	259
62	265
62	271
62	277
62	284
62	291
62	298
62	306
62	314
62	321
62	328
62	335
62	342
62	348
62	354
62	360
62	366
62	373
62	380
62	387
62	394
62	402
62	410
62	419
62	429
63	210
63	219
63	225
63	231
63	234
63	239
63	242
63	246
63	250
63	253
63	257
63	260
63	264
63	267
63	271
63	274
63	278
63	281
63	285
63	289
63	293
63	297
63	301
63	306
63	310
63	315
63	320
63	325
63	331
63	337
63	343
63	349
63	356
63	363
63	370
63	377
63	384
63	391
63	399
63	407
63	415
63	424
63	433
63	443
64	211
64	220
64	226
64	232
64	235
64	240
64	243
64	247
64	250
64	253
64	256
64	259
64	262
64	264
64	268
64	270
64	273
64	276
64	278
64	281
64	284
64	286
64	289
64	292
64	294
64	297
64	300
64	303
64	306
64	309
64	312
64	315
64	318
64	321
64	325
64	327
64	331
64	334
64	338
64	341
64	345
64	348
64	352
64	356
64	360
64	364
64	368
64	372
64	376
64	380
64	384
64	388
64	392
64	396
64	400
64	404
64	408
64	413
64	417
64	422
64	427
64	432
64	437
64	443
64	449
64	456
64	464
64	474
65	229
65	239
65	248
65	255
65	262
65	268
65	273
65	278
65	283
65	287
65	292
65	295
65	300
65	303
65	307
65	311
65	314
65	318
65	321
65	325
65	328
65	331
65	335
65	338
65	341
65	344
65	347
65	350
65	353
65	356
65	359
65	362
65	364
65	368
65	370
65	373
65	376
65	378
65	381
65	383
65	386
65	388
65	391
65	393
65	396
65	398
65	401
65	403
65	406
65	408
65	411
65	414
65	416
65	419
65	422
65	425
65	428
65	431
65	434
65	437
65	441
65	444
65	448
65	452
65	457
65	462
65	467
65	473
65	480
65	488
65	499
66	298
66	309
66	318
66	326
66	333
66	339
66	344
66	349
66	353
66	357
66	361
66	364
66	368
66	371
66	373
66	377
66	379
66	382
66	385
66	387
66	390
66	393
66	395
66	398
66	400
66	403
66	405
66	408
66	410
66	413
66	416
66	418
66	421
66	424
66	427
66	430
66	433
66	436
66	439
66	443
66	447
66	451
66	456
66	460
66	466
66	472
66	479
66	487
66	497
67	230
67	241
67	251
67	261
67	271
67	281
67	292
67	304
67	338
67	349
67	359
67	368
67	377
67	386
67	395
67	404
67	413
67	423
67	433
67	443
67	454
68	221
68	231
68	239
68	246
68	252
68	258
68	264
68	270
68	276
68	282
68	288
68	294
68	300
68	306
68	312
68	319
68	326
68	333
68	341
68	349
68	357
68	366
68	375
68	384
68	394
68	404
68	414
68	424
68	433
68	442
68	451
68	460
68	470
69	222
69	231
69	239
69	245
69	251
69	255
69	260
69	264
69	269
69	273
69	277
69	281
69	285
69	289
69	293
69	297
69	301
69	305
69	309
69	313
69	317
69	321
69	325
69	329
69	333
69	337
69	342
69	346
69	351
69	355
69	360
69	365
69	370
69	375
69	380
69	385
69	390
69	395
69	400
69	405
69	410
69	415
69	420
69	425
69	430
69	435
69	440
69	445
69	451
69	457
69	464
69	471
69	480
69	491
70	247
70	257
70	266
70	274
70	281
70	288
70	294
70	300
70	305
70	310
70	315
70	320
70	324
70	329
70	333
70	337
70	341
70	345
70	349
70	353
70	357
70	361
70	365
70	369
70	373
70	377
70	381
70	384
70	388
70	391
70	395
70	398
70	402
70	405
70	409
70	412
70	416
70	419
70	423
70	426
70	430
70	433
70	437
70	441
70	445
70	449
70	454
70	458
70	464
70	470
70	477
70	485
70	495
71	336
71	346
71	355
71	363
71	371
71	378
71	385
71	391
71	397
71	403
71	409
71	414
71	420
71	425
71	431
71	437
71	443
71	449
71	456
71	464
71	474
73	228
73	239
73	248
73	257
73	266
73	275
73	284
73	293
73	303
73	313
73	324
74	221
74	231
74	239
74	246
74	253
74	259
74	265
74	271
74	277
74	283
74	289
74	295
74	301
74	307
74	313
74	319
74	325
74	332
74	339
74	346
74	353
74	361
74	369
74	378
74	387
74	396
74	406
74	416
74	426
74	436
74	445
74	454
74	464
74	475
75	232
75	242
75	251
75	259
75	267
75	274
75	281
75	288
75	295
75	301
75	308
75	314
75	320
75	326
75	333
75	339
75	346
75	353
75	360
75	367
75	374
75	381
75	389
75	397
75	405
75	413
75	421
75	429
75	438
75	447
75	457
75	468
-1	-1
