-1	-1
0	282
0	293
0	304
0	315
0	327
8	306
8	317
8	328
8	339
8	350
8	362
8	375
8	546
8	558
8	570
8	582
9	302
9	313
9	323
9	332
9	341
9	350
9	359
9	368
9	378
9	388
9	398
9	409
9	420
9	432
9	444
9	456
9	468
9	479
9	490
9	500
9	510
9	520
9	529
9	538
9	547
9	556
9	565
9	574
9	583
9	593
9	604
10	291
10	301
10	310
10	318
10	325
10	332
10	339
10	346
10	353
10	360
10	367
10	374
10	381
10	388
10	395
10	402
10	410
10	418
10	426
10	434
10	442
10	450
10	458
10	466
10	474
10	482
10	490
10	498
10	506
10	514
10	521
10	528
10	535
10	542
10	550
10	558
10	566
10	575
10	584
10	594
10	607
11	296
11	306
11	314
11	321
11	328
11	334
11	340
11	345
11	351
11	356
11	361
11	366
11	371
11	376
11	381
11	386
11	392
11	397
11	403
11	409
11	415
11	421
11	427
11	433
11	439
11	445
11	451
11	457
11	463
11	469
11	475
11	481
11	487
11	493
11	499
11	505
11	511
11	517
11	524
11	531
11	538
11	545
11	552
11	560
11	568
11	577
11	587
12	297
12	307
12	315
12	322
12	329
12	335
12	341
12	346
12	352
12	357
12	362
12	367
12	372
12	377
12	382
12	387
12	392
12	397
12	403
12	408
12	414
12	420
12	426
12	432
12	438
12	445
12	452
12	459
12	466
12	473
12	480
12	487
12	494
12	501
12	508
12	516
12	524
12	532
12	540
12	549
12	558
12	568
12	578
12	589
13	289
13	299
13	308
13	316
13	324
13	331
13	338
13	344
13	351
13	357
13	363
13	369
13	375
13	381
13	387
13	394
13	401
13	408
13	415
13	422
13	430
13	438
13	446
13	455
13	464
13	473
13	482
13	491
13	500
13	509
13	518
13	528
13	538
13	548
13	558
13	568
13	579
13	590
13	602
14	277
14	287
14	295
14	303
14	310
14	317
14	324
14	331
14	338
14	345
14	352
14	359
14	366
14	373
14	380
14	387
14	395
14	403
14	411
14	420
14	429
14	438
14	447
14	456
14	466
14	476
14	486
14	496
14	506
14	516
14	526
14	535
14	544
14	553
14	562
14	571
14	579
14	588
14	597
14	606
14	615
14	625
14	636
15	270
15	279
15	286
15	292
15	298
15	303
15	309
15	314
15	319
15	324
15	329
15	335
15	340
15	346
15	352
15	358
15	364
15	370
15	376
15	383
15	390
15	397
15	404
15	411
15	419
15	427
15	435
15	443
15	451
15	459
15	467
15	475
15	483
15	491
15	499
15	507
15	515
15	523
15	530
15	537
15	543
15	549
15	555
15	561
15	567
15	573
15	579
15	585
15	591
15	597
15	603
15	609
15	616
15	623
15	630
15	638
15	647
15	657
16	270
16	279
16	286
16	292
16	298
16	303
16	308
16	313
16	318
16	323
16	328
16	333
16	338
16	343
16	348
16	353
16	358
16	364
16	369
16	375
16	381
16	387
16	393
16	399
16	405
16	412
16	419
16	426
16	433
16	440
16	447
16	454
16	461
16	468
16	475
16	482
16	489
16	496
16	503
16	509
16	515
16	521
16	527
16	532
16	537
16	542
16	547
16	552
16	557
16	562
16	567
16	572
16	577
16	582
16	587
16	592
16	597
16	602
16	607
16	613
16	618
16	624
16	630
16	636
16	643
16	650
16	658
16	668
17	270
17	279
17	287
17	293
17	299
17	304
17	309
17	314
17	319
17	323
17	328
17	332
17	337
17	341
17	346
17	351
17	356
17	361
17	366
17	371
17	377
17	382
17	388
17	394
17	400
17	406
17	412
17	419
17	426
17	433
17	440
17	447
17	454
17	461
17	468
17	474
17	480
17	486
17	492
17	498
17	504
17	509
17	514
17	519
17	524
17	528
17	533
17	537
17	541
17	545
17	549
17	553
17	557
17	561
17	565
17	569
17	573
17	577
17	581
17	586
17	590
17	595
17	599
17	604
17	609
17	614
17	619
17	625
17	630
17	636
17	643
17	650
17	658
17	667
18	276
18	285
18	292
18	299
18	304
18	310
18	314
18	319
18	323
18	328
18	332
18	337
18	341
18	346
18	350
18	355
18	359
18	364
18	369
18	374
18	379
18	384
18	389
18	394
18	399
18	404
18	409
18	414
18	419
18	424
18	429
18	434
18	439
18	444
18	449
18	454
18	459
18	464
18	469
18	474
18	479
18	484
18	489
18	493
18	498
18	502
18	506
18	510
18	514
18	518
18	522
18	525
18	529
18	532
18	536
18	539
18	543
18	546
18	550
18	554
18	557
18	561
18	565
18	569
18	573
18	577
18	582
18	587
18	592
18	597
18	603
18	609
18	615
18	622
18	629
18	637
18	646
18	656
19	278
19	288
19	295
19	302
19	308
19	313
19	318
19	323
19	327
19	332
19	336
19	341
19	345
19	349
19	353
19	357
19	361
19	366
19	370
19	375
19	379
19	384
19	388
19	393
19	397
19	402
19	406
19	411
19	415
19	420
19	424
19	429
19	433
19	438
19	442
19	447
19	451
19	456
19	460
19	465
19	469
19	474
19	478
19	483
19	487
19	491
19	495
19	499
19	503
19	507
19	511
19	515
19	519
19	523
19	527
19	532
19	536
19	541
19	545
19	550
19	554
19	559
19	564
19	569
19	575
19	580
19	586
19	593
19	600
19	607
19	615
19	624
19	633
19	643
20	281
20	291
20	299
20	306
20	312
20	317
20	322
20	327
20	331
20	335
20	340
20	343
20	348
20	351
20	355
20	359
20	363
20	367
20	370
20	374
20	378
20	381
20	385
20	388
20	392
20	395
20	399
20	402
20	406
20	409
20	413
20	416
20	419
20	423
20	426
20	429
20	433
20	436
20	439
20	443
20	446
20	449
20	453
20	456
20	459
20	463
20	466
20	469
20	473
20	476
20	479
20	483
20	486
20	489
20	493
20	496
20	500
20	503
20	507
20	511
20	515
20	519
20	523
20	527
20	531
20	536
20	540
20	545
20	550
20	555
20	561
20	567
20	573
20	579
20	586
20	593
20	601
20	609
20	617
20	626
20	636
20	647
21	281
21	291
21	300
21	307
21	313
21	319
21	324
21	329
21	334
21	339
21	343
21	348
21	352
21	356
21	360
21	364
21	368
21	372
21	375
21	379
21	382
21	386
21	389
21	393
21	396
21	400
21	403
21	406
21	410
21	413
21	416
21	420
21	423
21	426
21	430
21	433
21	436
21	440
21	443
21	446
21	450
21	453
21	456
21	460
21	463
21	466
21	470
21	473
21	477
21	480
21	484
21	487
21	491
21	495
21	499
21	503
21	507
21	511
21	516
21	520
21	525
21	530
21	535
21	540
21	545
21	551
21	557
21	563
21	569
21	575
21	581
21	588
21	595
21	602
21	609
21	616
21	624
21	632
21	641
21	650
21	661
22	278
22	288
22	296
22	303
22	310
22	316
22	322
22	327
22	332
22	337
22	342
22	347
22	351
22	356
22	360
22	364
22	369
22	373
22	377
22	381
22	385
22	389
22	393
22	397
22	401
22	405
22	409
22	413
22	417
22	421
22	425
22	429
22	433
22	437
22	441
22	445
22	449
22	454
22	458
22	463
22	467
22	472
22	476
22	481
22	486
22	491
22	496
22	501
22	507
22	512
22	518
22	524
22	530
22	536
22	542
22	547
22	553
22	558
22	563
22	568
22	573
22	578
22	583
22	588
22	593
22	599
22	604
22	610
22	616
22	622
22	628
22	635
22	642
22	650
22	659
22	670
23	279
23	289
23	296
23	302
23	308
23	313
23	319
23	324
23	329
23	334
23	339
23	343
23	348
23	352
23	357
23	361
23	366
23	370
23	374
23	379
23	383
23	387
23	392
23	396
23	401
23	405
23	410
23	414
23	419
23	423
23	428
23	433
23	438
23	443
23	448
23	453
23	458
23	463
23	468
23	473
23	478
23	483
23	488
23	494
23	499
23	505
23	511
23	517
23	522
23	528
23	533
23	538
23	542
23	547
23	551
23	555
23	559
23	563
23	566
23	570
23	573
23	577
23	580
23	584
23	588
23	592
23	596
23	600
23	605
23	609
23	614
23	619
23	625
23	631
23	637
23	644
23	652
23	661
24	280
24	290
24	298
24	304
24	310
24	315
24	321
24	326
24	331
24	336
24	341
24	346
24	351
24	356
24	361
24	366
24	371
24	376
24	381
24	386
24	391
24	396
24	401
24	405
24	410
24	415
24	419
24	424
24	429
24	434
24	439
24	444
24	449
24	454
24	459
24	464
24	469
24	474
24	479
24	484
24	489
24	494
24	499
24	504
24	509
24	513
24	518
24	522
24	527
24	531
24	535
24	539
24	543
24	547
24	551
24	555
24	559
24	563
24	567
24	571
24	575
24	579
24	584
24	588
24	594
24	599
24	605
24	611
24	618
24	626
24	635
24	645
25	281
25	291
25	299
25	304
25	310
25	314
25	319
25	323
25	327
25	331
25	335
25	339
25	343
25	347
25	351
25	355
25	359
25	363
25	367
25	371
25	375
25	379
25	384
25	388
25	393
25	397
25	402
25	406
25	411
25	416
25	420
25	425
25	430
25	435
25	440
25	445
25	450
25	455
25	460
25	465
25	470
25	474
25	479
25	483
25	488
25	492
25	496
25	500
25	504
25	508
25	511
25	515
25	518
25	522
25	525
25	529
25	532
25	536
25	539
25	543
25	546
25	550
25	553
25	557
25	561
25	565
25	569
25	574
25	578
25	583
25	588
25	594
25	600
25	607
25	615
25	624
25	635
26	288
26	297
26	303
26	309
26	313
26	318
26	322
26	326
26	330
26	333
26	337
26	341
26	344
26	348
26	352
26	355
26	359
26	363
26	367
26	371
26	375
26	379
26	383
26	387
26	391
26	396
26	400
26	405
26	409
26	414
26	418
26	422
26	426
26	430
26	434
26	438
26	442
26	446
26	450
26	453
26	457
26	460
26	463
26	467
26	470
26	473
26	476
26	479
26	482
26	484
26	487
26	490
26	492
26	495
26	497
26	500
26	502
26	504
26	507
26	509
26	511
26	514
26	516
26	518
26	521
26	523
26	525
26	528
26	530
26	532
26	535
26	537
26	539
26	542
26	544
26	547
26	549
26	552
26	555
26	557
26	560
26	564
26	566
26	570
26	574
26	577
26	582
26	586
26	591
26	596
26	602
26	608
26	616
26	625
26	635
27	290
27	300
27	307
27	313
27	318
27	322
27	327
27	331
27	334
27	338
27	341
27	345
27	348
27	352
27	355
27	358
27	362
27	365
27	368
27	372
27	375
27	378
27	382
27	385
27	389
27	392
27	396
27	399
27	403
27	406
27	410
27	413
27	417
27	420
27	423
27	427
27	430
27	433
27	437
27	440
27	443
27	446
27	449
27	452
27	455
27	458
27	461
27	463
27	466
27	469
27	471
27	474
27	476
27	479
27	481
27	484
27	486
27	489
27	491
27	494
27	496
27	499
27	501
27	504
27	506
27	509
27	511
27	514
27	516
27	519
27	522
27	524
27	527
27	530
27	533
27	536
27	539
27	543
27	546
27	549
27	554
27	557
27	562
27	566
27	571
27	576
27	582
27	588
27	596
27	605
27	615
28	296
28	304
28	311
28	317
28	322
28	327
28	331
28	335
28	339
28	342
28	346
28	349
28	353
28	356
28	359
28	363
28	366
28	369
28	372
28	375
28	378
28	381
28	384
28	387
28	390
28	393
28	396
28	399
28	402
28	405
28	408
28	411
28	414
28	417
28	420
28	423
28	426
28	429
28	432
28	435
28	438
28	441
28	444
28	447
28	450
28	453
28	456
28	459
28	462
28	465
28	468
28	471
28	474
28	477
28	480
28	483
28	486
28	489
28	493
28	495
28	499
28	502
28	505
28	509
28	512
28	516
28	519
28	523
28	526
28	530
28	534
28	538
28	542
28	547
28	551
28	556
28	561
28	567
28	573
28	580
28	588
28	598
29	287
29	297
29	306
29	313
29	319
29	324
29	329
29	333
29	337
29	341
29	344
29	348
29	351
29	354
29	358
29	361
29	363
29	367
29	370
29	372
29	375
29	378
29	380
29	383
29	385
29	388
29	390
29	393
29	395
29	397
29	400
29	402
29	404
29	407
29	409
29	411
29	414
29	416
29	418
29	421
29	423
29	425
29	428
29	430
29	432
29	435
29	437
29	439
29	442
29	444
29	446
29	449
29	451
29	453
29	456
29	458
29	460
29	463
29	465
29	468
29	470
29	473
29	475
29	478
29	480
29	483
29	485
29	488
29	490
29	493
29	496
29	498
29	501
29	504
29	507
29	509
29	513
29	516
29	519
29	523
29	526
29	530
29	534
29	538
29	542
29	547
29	552
29	557
29	563
29	569
29	576
29	584
29	594
30	287
30	297
30	305
30	312
30	319
30	324
30	330
30	334
30	339
30	342
30	346
30	350
30	352
30	356
30	359
30	362
30	364
30	367
30	370
30	372
30	375
30	377
30	380
30	382
30	385
30	387
30	390
30	392
30	394
30	397
30	399
30	402
30	404
30	407
30	409
30	412
30	414
30	417
30	419
30	422
30	424
30	427
30	429
30	432
30	435
30	437
30	440
30	443
30	445
30	448
30	451
30	454
30	457
30	460
30	463
30	466
30	469
30	472
30	475
30	478
30	482
30	485
30	488
30	492
30	496
30	499
30	504
30	507
30	512
30	516
30	521
30	526
30	532
30	538
30	544
30	551
30	558
30	566
30	575
30	585
31	292
31	302
31	311
31	319
31	325
31	331
31	336
31	341
31	346
31	350
31	354
31	359
31	362
31	367
31	370
31	374
31	378
31	382
31	385
31	389
31	393
31	396
31	400
31	403
31	407
31	410
31	414
31	417
31	421
31	424
31	428
31	431
31	435
31	438
31	442
31	445
31	449
31	452
31	456
31	459
31	463
31	467
31	471
31	475
31	479
31	483
31	487
31	492
31	496
31	501
31	506
31	511
31	516
31	522
31	528
31	534
31	541
31	548
31	556
31	565
31	575
32	298
32	308
32	317
32	324
32	331
32	337
32	343
32	348
32	353
32	358
32	363
32	367
32	372
32	376
32	380
32	384
32	388
32	391
32	395
32	398
32	402
32	405
32	408
32	412
32	414
32	418
32	421
32	424
32	427
32	430
32	433
32	436
32	439
32	442
32	445
32	448
32	451
32	454
32	457
32	460
32	464
32	467
32	470
32	474
32	477
32	481
32	485
32	489
32	493
32	497
32	502
32	506
32	511
32	516
32	522
32	528
32	535
32	542
32	550
32	559
32	569
33	297
33	307
33	316
33	324
33	331
33	337
33	343
33	349
33	354
33	359
33	364
33	369
33	374
33	379
33	383
33	388
33	392
33	397
33	401
33	406
33	411
33	416
33	421
33	426
33	431
33	436
33	441
33	446
33	451
33	456
33	462
33	467
33	473
33	479
33	485
33	491
33	498
33	505
33	512
33	519
33	526
33	534
33	542
33	550
33	559
33	569
34	300
34	311
34	320
34	328
34	335
34	342
34	348
34	354
34	360
34	366
34	372
34	377
34	383
34	388
34	394
34	399
34	405
34	410
34	416
34	421
34	427
34	432
34	438
34	443
34	449
34	454
34	460
34	465
34	471
34	477
34	483
34	489
34	495
34	501
34	507
34	513
34	519
34	526
34	533
34	540
34	548
34	557
34	567
35	307
35	317
35	326
35	334
35	341
35	348
35	354
35	360
35	365
35	370
35	375
35	380
35	385
35	390
35	395
35	400
35	405
35	410
35	415
35	420
35	425
35	430
35	435
35	440
35	446
35	451
35	457
35	462
35	468
35	473
35	479
35	485
35	491
35	497
35	504
35	511
35	519
35	527
35	536
35	546
36	307
36	317
36	326
36	334
36	341
36	348
36	354
36	360
36	366
36	372
36	378
36	384
36	390
36	396
36	402
36	408
36	415
36	421
36	428
36	435
36	442
36	449
36	456
36	463
36	471
36	479
36	487
36	496
36	506
36	516
36	527
36	539
37	308
37	318
37	327
37	335
37	342
37	349
37	356
37	362
37	369
37	375
37	381
37	387
37	392
37	398
37	403
37	408
37	413
37	418
37	423
37	428
37	433
37	438
37	443
37	448
37	453
37	458
37	464
37	470
37	476
37	482
37	488
37	495
37	502
37	510
37	518
37	527
37	537
37	548
38	302
38	313
38	322
38	330
38	337
38	343
38	349
38	355
38	361
38	366
38	371
38	376
38	381
38	386
38	391
38	396
38	401
38	406
38	411
38	416
38	421
38	426
38	431
38	436
38	441
38	446
38	451
38	457
38	462
38	468
38	474
38	480
38	487
38	494
38	502
38	511
38	520
38	531
39	299
39	309
39	318
39	326
39	334
39	341
39	348
39	355
39	362
39	369
39	376
39	383
39	390
39	397
39	404
39	412
39	420
39	428
39	436
39	445
39	454
39	463
39	473
39	483
39	493
39	503
39	513
39	524
39	535
40	308
40	318
40	327
40	335
40	343
40	351
40	359
40	367
40	375
40	383
40	390
40	397
40	404
40	411
40	418
40	425
40	432
40	439
40	446
40	453
40	460
40	467
40	474
40	481
40	488
40	495
40	502
40	510
40	518
40	526
40	535
40	544
40	554
41	318
41	329
41	338
41	347
41	355
41	362
41	369
41	376
41	383
41	390
41	396
41	403
41	409
41	415
41	421
41	427
41	433
41	439
41	445
41	451
41	457
41	463
41	469
41	475
41	481
41	488
41	495
41	502
41	510
41	518
41	527
41	538
42	337
42	348
42	358
42	368
42	377
42	387
42	397
42	407
42	417
42	427
42	438
42	449
42	461
43	351
43	363
43	375
43	387
44	338
44	349
44	359
44	369
44	378
44	387
44	396
44	405
44	414
44	424
44	434
44	445
45	337
45	348
45	358
45	367
45	376
45	385
45	394
45	403
45	413
45	423
45	434
46	329
46	341
46	352
46	363
46	374
46	385
46	396
46	408
46	421
47	321
47	332
47	343
47	354
47	364
47	374
47	384
47	393
47	402
47	411
47	419
47	427
47	435
47	443
47	452
47	461
47	470
47	479
47	488
47	497
47	507
47	517
47	528
48	321
48	332
48	342
48	352
48	361
48	369
48	377
48	385
48	392
48	399
48	406
48	412
48	419
48	425
48	431
48	437
48	443
48	449
48	455
48	461
48	467
48	474
48	481
48	488
48	495
48	503
48	511
48	520
48	530
48	542
49	329
49	340
49	350
49	360
49	369
49	378
49	387
49	396
49	405
49	414
49	423
49	432
49	442
49	452
49	462
49	472
49	483
49	495
50	320
50	331
50	342
50	352
50	362
50	372
50	382
50	393
50	404
50	417
51	317
51	327
51	336
51	344
51	352
51	360
51	368
51	376
51	385
51	394
51	403
51	412
51	422
51	432
51	442
51	452
51	462
51	472
51	482
51	492
51	503
51	515
52	317
52	327
52	336
52	344
52	352
52	359
52	366
52	373
52	380
52	387
52	394
52	401
52	408
52	416
52	424
52	432
52	440
52	449
52	458
52	467
52	476
52	485
52	494
52	503
52	513
52	523
52	535
53	318
53	329
53	339
53	349
53	358
53	367
53	375
53	383
53	391
53	399
53	407
53	416
53	425
53	434
53	443
53	453
53	463
53	473
53	483
53	494
53	506
54	319
54	330
54	340
54	349
54	358
54	367
54	375
54	383
54	391
54	399
54	407
54	415
54	423
54	431
54	439
54	447
54	455
54	463
54	471
54	480
54	489
54	499
54	509
54	521
55	319
55	329
55	337
55	344
55	351
55	358
55	364
55	370
55	375
55	381
55	386
55	391
55	396
55	401
55	406
55	411
55	415
55	420
55	424
55	429
55	433
55	438
55	442
55	447
55	451
55	456
55	460
55	465
55	470
55	475
55	480
55	485
55	490
55	496
55	502
55	508
55	515
55	522
55	529
55	537
55	545
55	554
55	564
56	317
56	326
56	333
56	339
56	344
56	349
56	353
56	357
56	361
56	364
56	368
56	371
56	374
56	378
56	381
56	383
56	387
56	389
56	392
56	395
56	398
56	400
56	403
56	406
56	408
56	411
56	413
56	416
56	418
56	421
56	423
56	426
56	428
56	431
56	433
56	436
56	438
56	441
56	443
56	446
56	448
56	451
56	453
56	456
56	458
56	461
56	463
56	466
56	468
56	471
56	474
56	476
56	479
56	482
56	485
56	487
56	490
56	494
56	496
56	500
56	503
56	507
56	510
56	514
56	518
56	522
56	526
56	531
56	536
56	541
56	547
56	553
56	559
56	566
56	574
56	584
57	318
57	327
57	333
57	338
57	342
57	346
57	350
57	352
57	356
57	359
57	361
57	363
57	366
57	369
57	371
57	372
57	375
57	377
57	379
57	381
57	383
57	385
57	387
57	389
57	391
57	392
57	394
57	396
57	398
57	399
57	401
57	403
57	404
57	406
57	408
57	409
57	411
57	412
57	414
57	416
57	417
57	419
57	420
57	422
57	423
57	425
57	427
57	428
57	430
57	431
57	433
57	434
57	436
57	438
57	439
57	440
57	442
57	444
57	445
57	447
57	448
57	450
57	452
57	453
57	455
57	456
57	458
57	460
57	461
57	463
57	465
57	466
57	468
57	470
57	471
57	474
57	475
57	477
57	479
57	480
57	483
57	485
57	486
57	489
57	490
57	493
57	495
57	497
57	499
57	502
57	505
57	507
57	510
57	513
57	516
57	519
57	523
57	526
57	530
57	534
57	538
57	543
57	548
57	554
57	560
57	567
57	575
57	585
58	318
58	328
58	335
58	341
58	344
58	349
58	352
58	355
58	359
58	361
58	363
58	366
58	369
58	371
58	373
58	376
58	378
58	380
58	382
58	384
58	386
58	389
58	390
58	392
58	395
58	396
58	399
58	400
58	403
58	404
58	407
58	408
58	411
58	412
58	415
58	416
58	419
58	420
58	423
58	425
58	426
58	429
58	431
58	433
58	435
58	437
58	439
58	442
58	444
58	446
58	448
58	451
58	453
58	456
58	458
58	460
58	464
58	466
58	468
58	472
58	474
58	477
58	480
58	484
58	487
58	491
58	495
58	499
58	503
58	508
58	513
58	518
58	524
58	530
58	537
58	545
58	554
58	565
59	309
59	319
59	328
59	337
59	345
59	353
59	360
59	367
59	375
59	383
59	392
59	402
59	413
59	425
59	478
59	489
59	500
59	510
59	520
59	530
59	540
59	551
60	302
60	311
60	319
60	325
60	331
60	337
60	343
60	349
60	355
60	362
60	369
60	376
60	384
60	392
60	400
60	408
60	417
60	426
60	435
60	444
60	452
60	460
60	468
60	475
60	482
60	489
60	495
60	501
60	507
60	512
60	518
60	523
60	529
60	534
60	540
60	546
60	552
60	558
60	565
60	573
60	582
60	593
61	300
61	309
61	314
61	320
61	323
61	328
61	332
61	335
61	339
61	343
61	346
61	350
61	354
61	358
61	362
61	366
61	370
61	374
61	378
61	382
61	386
61	390
61	395
61	399
61	404
61	408
61	413
61	417
61	422
61	426
61	431
61	435
61	440
61	444
61	448
61	452
61	456
61	460
61	464
61	468
61	471
61	475
61	478
61	482
61	485
61	488
61	492
61	494
61	498
61	501
61	503
61	507
61	509
61	512
61	515
61	518
61	520
61	524
61	526
61	529
61	532
61	535
61	538
61	541
61	544
61	547
61	550
61	554
61	557
61	561
61	565
61	569
61	574
61	578
61	584
61	589
61	596
61	603
61	612
61	623
62	303
62	311
62	318
62	322
62	327
62	331
62	334
62	338
62	341
62	344
62	347
62	350
62	353
62	356
62	359
62	362
62	365
62	368
62	371
62	374
62	377
62	380
62	383
62	385
62	389
62	391
62	394
62	397
62	400
62	402
62	405
62	408
62	411
62	413
62	416
62	419
62	421
62	424
62	427
62	429
62	432
62	435
62	437
62	440
62	443
62	445
62	448
62	450
62	453
62	455
62	458
62	460
62	462
62	465
62	467
62	469
62	472
62	473
62	476
62	478
62	480
62	482
62	484
62	486
62	488
62	490
62	492
62	494
62	496
62	498
62	500
62	502
62	503
62	506
62	507
62	509
62	511
62	513
62	515
62	517
62	519
62	520
62	523
62	525
62	526
62	529
62	531
62	533
62	535
62	537
62	540
62	542
62	545
62	547
62	549
62	553
62	555
62	558
62	561
62	565
62	567
62	571
62	575
62	579
62	584
62	588
62	594
62	600
62	607
62	615
62	625
63	319
63	328
63	335
63	341
63	346
63	351
63	355
63	360
63	363
63	368
63	371
63	375
63	379
63	382
63	386
63	390
63	393
63	397
63	400
63	404
63	407
63	411
63	414
63	418
63	421
63	425
63	428
63	432
63	435
63	439
63	442
63	446
63	449
63	452
63	456
63	459
63	462
63	465
63	468
63	471
63	474
63	477
63	480
63	483
63	485
63	489
63	491
63	494
63	497
63	499
63	502
63	505
63	508
63	510
63	514
63	516
63	520
63	523
63	526
63	530
63	534
63	538
63	542
63	547
63	552
63	557
63	563
63	569
63	576
63	584
63	594
64	331
64	343
64	354
64	365
65	302
65	313
65	323
65	333
65	343
65	353
65	364
65	528
65	539
65	549
65	558
65	567
65	576
65	584
65	593
65	602
65	611
65	621
65	632
66	306
66	315
66	323
66	330
66	337
66	344
66	351
66	358
66	365
66	372
66	379
66	386
66	393
66	400
66	407
66	415
66	423
66	431
66	439
66	447
66	455
66	463
66	471
66	479
66	487
66	495
66	502
66	509
66	516
66	523
66	529
66	535
66	541
66	546
66	551
66	556
66	561
66	565
66	570
66	574
66	579
66	583
66	588
66	592
66	597
66	601
66	606
66	611
66	616
66	621
66	627
66	633
66	639
66	646
66	654
66	663
67	307
67	315
67	322
67	327
67	332
67	337
67	342
67	346
67	351
67	355
67	359
67	363
67	367
67	371
67	375
67	379
67	383
67	387
67	391
67	395
67	399
67	403
67	407
67	411
67	415
67	419
67	423
67	427
67	431
67	435
67	439
67	443
67	447
67	451
67	455
67	459
67	463
67	467
67	471
67	475
67	479
67	483
67	487
67	491
67	495
67	499
67	503
67	507
67	511
67	514
67	518
67	521
67	525
67	528
67	532
67	535
67	538
67	541
67	544
67	547
67	550
67	553
67	556
67	559
67	562
67	564
67	567
67	570
67	572
67	575
67	578
67	580
67	583
67	586
67	588
67	591
67	594
67	597
67	599
67	603
67	606
67	609
67	612
67	616
67	619
67	623
67	627
67	631
67	636
67	640
67	646
67	652
67	658
67	666
67	675
68	313
68	322
68	329
68	334
68	340
68	344
68	349
68	352
68	356
68	360
68	363
68	367
68	370
68	373
68	377
68	380
68	383
68	386
68	389
68	392
68	395
68	398
68	401
68	404
68	407
68	410
68	413
68	416
68	419
68	422
68	425
68	428
68	431
68	434
68	437
68	440
68	443
68	446
68	449
68	452
68	455
68	458
68	462
68	464
68	468
68	471
68	474
68	478
68	481
68	484
68	488
68	491
68	494
68	498
68	501
68	504
68	508
68	511
68	514
68	518
68	521
68	524
68	528
68	531
68	534
68	538
68	541
68	544
68	547
68	551
68	553
68	557
68	560
68	563
68	566
68	569
68	573
68	575
68	579
68	582
68	586
68	589
68	593
68	596
68	600
68	604
68	608
68	613
68	618
68	623
68	629
68	636
68	644
68	653
69	340
69	350
69	359
69	367
69	374
69	381
69	388
69	395
69	402
69	409
69	416
69	424
69	432
69	440
69	448
69	457
69	466
69	475
69	485
69	495
69	506
69	517
71	612
71	624
71	636
72	311
72	321
72	330
72	339
72	347
72	355
72	363
72	372
72	381
72	390
72	399
72	408
72	417
72	426
72	435
72	444
72	453
72	462
72	471
72	480
72	489
72	498
72	507
72	516
72	525
72	534
72	542
72	550
72	558
72	566
72	573
72	580
72	587
72	594
72	601
72	607
72	613
72	619
72	625
72	631
72	637
72	643
72	649
72	656
72	664
72	673
73	308
73	316
73	323
73	329
73	334
73	340
73	345
73	350
73	355
73	360
73	365
73	370
73	375
73	380
73	385
73	390
73	395
73	400
73	405
73	410
73	415
73	420
73	425
73	430
73	435
73	440
73	445
73	450
73	455
73	460
73	465
73	470
73	475
73	480
73	485
73	490
73	495
73	500
73	505
73	510
73	515
73	520
73	525
73	530
73	534
73	539
73	543
73	548
73	552
73	557
73	561
73	566
73	570
73	574
73	578
73	582
73	586
73	590
73	594
73	598
73	602
73	606
73	610
73	613
73	617
73	621
73	624
73	628
73	632
73	635
73	639
73	643
73	647
73	651
73	656
73	661
73	666
73	672
73	679
73	687
73	697
74	309
74	318
74	325
74	331
74	336
74	341
74	346
74	351
74	355
74	360
74	364
74	369
74	373
74	377
74	381
74	385
74	389
74	393
74	397
74	401
74	405
74	409
74	413
74	417
74	421
74	425
74	429
74	433
74	437
74	441
74	445
74	449
74	454
74	458
74	462
74	467
74	471
74	476
74	480
74	485
74	489
74	494
74	498
74	503
74	507
74	512
74	516
74	521
74	525
74	530
74	534
74	539
74	543
74	548
74	552
74	557
74	561
74	566
74	570
74	575
74	579
74	584
74	588
74	593
74	597
74	602
74	606
74	611
74	615
74	620
74	625
74	629
74	634
74	639
74	644
74	650
74	656
74	663
74	671
74	680
75	341
75	352
75	362
75	372
75	382
75	392
75	402
75	412
75	422
75	432
75	442
75	452
75	463
75	474
75	485
75	497
-1	-1
