-1	-1
8	202
8	214
8	225
8	236
8	247
8	258
8	270
8	283
8	297
8	416
8	428
8	440
9	187
9	197
9	206
9	215
9	224
9	232
9	240
9	248
9	256
9	264
9	273
9	282
9	291
9	300
9	309
9	318
9	327
9	336
9	345
9	354
9	363
9	372
9	382
9	392
9	402
9	412
9	422
9	432
9	442
9	453
10	179
10	189
10	198
10	206
10	213
10	220
10	227
10	233
10	240
10	246
10	252
10	258
10	264
10	270
10	277
10	284
10	291
10	298
10	305
10	312
10	319
10	326
10	333
10	341
10	349
10	357
10	365
10	373
10	382
10	391
10	400
10	410
10	420
10	431
11	179
11	189
11	197
11	204
11	210
11	216
11	222
11	227
11	232
11	237
11	242
11	247
11	252
11	257
11	262
11	267
11	272
11	277
11	283
11	288
11	294
11	300
11	306
11	312
11	318
11	325
11	332
11	339
11	347
11	355
11	363
11	372
11	381
11	391
11	402
12	179
12	189
12	197
12	204
12	211
12	217
12	223
12	229
12	234
12	240
12	245
12	251
12	256
12	262
12	267
12	273
12	279
12	285
12	291
12	298
12	305
12	312
12	320
12	328
12	337
12	346
12	356
12	367
13	176
13	186
13	195
13	203
13	211
13	218
13	225
13	232
13	239
13	246
13	253
13	260
13	267
13	274
13	282
13	290
13	298
13	307
13	316
13	326
13	337
13	349
14	159
14	170
14	180
14	189
14	198
14	206
14	214
14	222
14	230
14	238
14	246
14	254
14	262
14	270
14	278
14	287
14	296
14	305
14	315
14	325
14	335
14	346
14	357
14	369
14	384
15	150
15	161
15	170
15	179
15	187
15	194
15	201
15	208
15	215
15	222
15	229
15	236
15	243
15	250
15	257
15	264
15	272
15	280
15	288
15	296
15	304
15	313
15	322
15	331
15	340
15	349
15	359
15	369
15	379
15	389
15	399
15	409
15	419
15	428
15	437
15	447
15	457
15	469
16	146
16	155
16	163
16	170
16	177
16	183
16	189
16	194
16	200
16	205
16	210
16	215
16	220
16	225
16	230
16	236
16	241
16	247
16	253
16	259
16	265
16	271
16	277
16	284
16	291
16	298
16	305
16	312
16	319
16	326
16	333
16	341
16	348
16	355
16	362
16	369
16	376
16	383
16	390
16	397
16	404
16	411
16	418
16	424
16	430
16	436
16	443
16	450
16	457
16	464
16	472
16	481
16	492
17	141
17	150
17	157
17	163
17	169
17	174
17	179
17	183
17	188
17	192
17	196
17	200
17	204
17	208
17	212
17	216
17	220
17	224
17	228
17	232
17	237
17	241
17	246
17	250
17	255
17	259
17	264
17	269
17	274
17	279
17	284
17	289
17	294
17	299
17	304
17	309
17	315
17	320
17	326
17	332
17	338
17	344
17	350
17	356
17	362
17	367
17	373
17	378
17	383
17	388
17	393
17	398
17	403
17	408
17	413
17	418
17	423
17	428
17	433
17	438
17	443
17	448
17	453
17	458
17	464
17	470
17	476
17	483
17	491
17	500
17	513
18	140
18	149
18	156
18	162
18	168
18	173
18	178
18	182
18	186
18	190
18	194
18	198
18	202
18	206
18	210
18	214
18	217
18	221
18	225
18	229
18	233
18	237
18	241
18	245
18	249
18	253
18	257
18	261
18	265
18	269
18	274
18	278
18	283
18	287
18	292
18	296
18	301
18	305
18	310
18	314
18	319
18	323
18	328
18	332
18	337
18	341
18	346
18	350
18	355
18	359
18	363
18	367
18	371
18	375
18	379
18	383
18	387
18	391
18	395
18	399
18	404
18	408
18	413
18	417
18	422
18	426
18	431
18	435
18	440
18	445
18	450
18	455
18	460
18	466
18	472
18	478
18	485
18	493
18	502
18	514
19	147
19	156
19	163
19	170
19	175
19	181
19	185
19	190
19	194
19	198
19	202
19	206
19	210
19	213
19	217
19	220
19	224
19	227
19	231
19	234
19	237
19	241
19	244
19	247
19	251
19	253
19	257
19	260
19	263
19	266
19	270
19	272
19	276
19	279
19	282
19	285
19	288
19	291
19	294
19	297
19	300
19	303
19	306
19	309
19	313
19	315
19	319
19	322
19	325
19	328
19	332
19	335
19	338
19	342
19	345
19	348
19	352
19	355
19	358
19	362
19	365
19	368
19	372
19	375
19	378
19	382
19	385
19	389
19	393
19	396
19	400
19	404
19	408
19	412
19	416
19	421
19	425
19	430
19	435
19	440
19	445
19	450
19	456
19	462
19	468
19	475
19	482
19	490
19	500
20	148
20	158
20	166
20	173
20	179
20	184
20	190
20	194
20	199
20	203
20	207
20	211
20	214
20	218
20	221
20	225
20	228
20	232
20	235
20	238
20	242
20	244
20	248
20	251
20	254
20	257
20	260
20	263
20	266
20	269
20	272
20	275
20	278
20	281
20	284
20	287
20	290
20	292
20	295
20	298
20	301
20	303
20	306
20	309
20	311
20	314
20	317
20	319
20	322
20	325
20	327
20	330
20	333
20	335
20	338
20	341
20	343
20	346
20	349
20	351
20	354
20	357
20	359
20	363
20	365
20	368
20	371
20	374
20	377
20	380
20	384
20	387
20	391
20	394
20	398
20	402
20	406
20	410
20	414
20	418
20	423
20	427
20	432
20	437
20	442
20	447
20	453
20	459
20	465
20	472
20	479
20	487
20	497
21	149
21	159
21	168
21	176
21	183
21	189
21	194
21	200
21	204
21	209
21	213
21	217
21	221
21	225
21	229
21	233
21	236
21	240
21	243
21	247
21	250
21	254
21	257
21	261
21	264
21	268
21	271
21	274
21	278
21	281
21	284
21	288
21	291
21	294
21	298
21	301
21	304
21	308
21	311
21	314
21	318
21	321
21	324
21	328
21	331
21	334
21	338
21	341
21	344
21	348
21	351
21	355
21	358
21	362
21	365
21	369
21	373
21	376
21	380
21	384
21	388
21	392
21	396
21	401
21	405
21	410
21	415
21	420
21	425
21	430
21	435
21	440
21	446
21	451
21	457
21	463
21	470
21	477
21	485
21	494
21	505
22	147
22	156
22	164
22	171
22	177
22	183
22	189
22	194
22	199
22	204
22	209
22	213
22	218
22	222
22	227
22	231
22	235
22	239
22	243
22	247
22	251
22	255
22	259
22	263
22	267
22	271
22	275
22	279
22	283
22	287
22	291
22	295
22	299
22	303
22	307
22	311
22	315
22	319
22	323
22	327
22	331
22	335
22	339
22	343
22	347
22	351
22	355
22	359
22	363
22	367
22	372
22	376
22	381
22	385
22	390
22	395
22	400
22	405
22	410
22	415
22	420
22	425
22	430
22	434
22	439
22	444
22	449
22	454
22	459
22	465
22	470
22	476
22	483
22	490
22	498
22	508
23	149
23	159
23	167
23	174
23	180
23	186
23	192
23	197
23	202
23	207
23	212
23	217
23	222
23	227
23	232
23	237
23	242
23	247
23	252
23	257
23	262
23	267
23	272
23	277
23	282
23	287
23	292
23	297
23	302
23	307
23	312
23	317
23	322
23	327
23	332
23	337
23	342
23	347
23	352
23	357
23	362
23	367
23	373
23	378
23	384
23	389
23	395
23	401
23	406
23	412
23	417
23	422
23	427
23	432
23	437
23	442
23	447
23	452
23	457
23	462
23	468
23	474
23	480
23	487
23	495
23	504
23	515
24	157
24	167
24	174
24	181
24	187
24	193
24	198
24	203
24	208
24	213
24	218
24	223
24	228
24	233
24	238
24	243
24	248
24	253
24	259
24	264
24	270
24	275
24	281
24	286
24	292
24	298
24	304
24	310
24	316
24	322
24	328
24	334
24	340
24	346
24	352
24	358
24	364
24	370
24	376
24	382
24	388
24	394
24	400
24	405
24	411
24	416
24	421
24	426
24	431
24	436
24	441
24	446
24	452
24	458
24	464
24	471
24	478
24	486
24	496
25	160
25	170
25	178
25	184
25	190
25	195
25	200
25	205
25	210
25	215
25	220
25	225
25	230
25	235
25	240
25	245
25	250
25	256
25	261
25	267
25	273
25	279
25	285
25	291
25	297
25	303
25	310
25	316
25	323
25	329
25	335
25	341
25	347
25	353
25	358
25	363
25	368
25	372
25	377
25	381
25	386
25	390
25	395
25	399
25	404
25	408
25	413
25	417
25	422
25	427
25	432
25	437
25	443
25	449
25	456
25	463
25	471
25	481
26	167
26	176
26	183
26	189
26	194
26	200
26	205
26	210
26	215
26	220
26	225
26	230
26	235
26	240
26	245
26	250
26	256
26	261
26	267
26	273
26	279
26	285
26	291
26	297
26	303
26	309
26	315
26	321
26	327
26	333
26	339
26	344
26	349
26	354
26	359
26	363
26	367
26	371
26	375
26	379
26	383
26	387
26	391
26	395
26	399
26	404
26	408
26	413
26	418
26	424
26	430
26	436
26	443
26	451
26	460
26	473
27	168
27	178
27	185
27	191
27	196
27	201
27	206
27	210
27	215
27	219
27	224
27	228
27	233
27	237
27	242
27	246
27	251
27	256
27	261
27	266
27	271
27	276
27	281
27	286
27	291
27	297
27	302
27	308
27	313
27	319
27	324
27	329
27	334
27	339
27	343
27	348
27	352
27	356
27	360
27	364
27	368
27	372
27	376
27	380
27	384
27	388
27	393
27	397
27	402
27	407
27	413
27	419
27	426
27	433
27	441
27	450
27	461
28	168
28	178
28	185
28	191
28	196
28	201
28	205
28	210
28	214
28	218
28	222
28	226
28	230
28	234
28	238
28	242
28	246
28	250
28	254
28	258
28	262
28	266
28	270
28	274
28	278
28	282
28	286
28	290
28	294
28	298
28	302
28	306
28	310
28	314
28	318
28	322
28	325
28	329
28	332
28	336
28	339
28	342
28	345
28	348
28	351
28	354
28	357
28	360
28	363
28	366
28	369
28	372
28	375
28	378
28	381
28	385
28	388
28	392
28	395
28	399
28	403
28	407
28	412
28	417
28	423
28	429
28	436
28	444
28	453
29	159
29	170
29	179
29	186
29	192
29	197
29	202
29	205
29	210
29	212
29	216
29	220
29	222
29	226
29	229
29	232
29	234
29	238
29	240
29	243
29	246
29	248
29	251
29	254
29	256
29	259
29	262
29	264
29	267
29	269
29	272
29	274
29	277
29	279
29	282
29	285
29	287
29	290
29	293
29	295
29	298
29	301
29	303
29	306
29	309
29	311
29	314
29	317
29	320
29	322
29	326
29	328
29	331
29	334
29	337
29	340
29	343
29	346
29	349
29	352
29	355
29	358
29	361
29	364
29	367
29	371
29	374
29	378
29	381
29	386
29	389
29	394
29	398
29	404
29	409
29	416
29	423
29	432
29	443
30	161
30	172
30	181
30	189
30	195
30	201
30	205
30	210
30	213
30	217
30	221
30	223
30	227
30	230
30	232
30	235
30	238
30	240
30	242
30	245
30	247
30	250
30	252
30	253
30	256
30	258
30	260
30	262
30	264
30	266
30	268
30	270
30	272
30	274
30	276
30	278
30	280
30	282
30	284
30	286
30	288
30	290
30	292
30	293
30	296
30	297
30	299
30	301
30	303
30	305
30	307
30	309
30	310
30	313
30	315
30	316
30	319
30	320
30	323
30	325
30	326
30	329
30	331
30	333
30	335
30	337
30	340
30	341
30	344
30	346
30	349
30	351
30	354
30	356
30	359
30	361
30	365
30	367
30	370
30	374
30	376
30	380
30	384
30	387
30	392
30	396
30	401
30	406
30	412
30	419
30	427
30	437
31	161
31	172
31	181
31	189
31	196
31	202
31	208
31	213
31	218
31	223
31	227
31	232
31	235
31	240
31	243
31	247
31	251
31	254
31	258
31	261
31	264
31	268
31	271
31	274
31	277
31	280
31	283
31	286
31	289
31	291
31	294
31	297
31	299
31	302
31	304
31	307
31	309
31	312
31	314
31	317
31	319
31	322
31	324
31	327
31	329
31	332
31	334
31	337
31	339
31	342
31	345
31	347
31	350
31	353
31	356
31	359
31	362
31	365
31	368
31	372
31	375
31	379
31	383
31	387
31	392
31	397
31	403
31	409
31	416
31	424
31	434
32	159
32	170
32	180
32	189
32	196
32	202
32	208
32	213
32	218
32	222
32	227
32	231
32	235
32	239
32	242
32	246
32	249
32	253
32	256
32	260
32	263
32	266
32	270
32	273
32	276
32	280
32	283
32	286
32	290
32	293
32	296
32	300
32	303
32	307
32	310
32	314
32	317
32	321
32	325
32	328
32	332
32	336
32	340
32	344
32	348
32	353
32	357
32	362
32	367
32	372
32	378
32	384
32	391
32	398
32	406
32	416
33	168
33	179
33	188
33	196
33	203
33	210
33	216
33	221
33	226
33	231
33	235
33	240
33	244
33	248
33	252
33	256
33	260
33	263
33	267
33	270
33	274
33	277
33	281
33	284
33	287
33	291
33	294
33	297
33	301
33	304
33	307
33	311
33	314
33	317
33	321
33	324
33	328
33	331
33	335
33	338
33	342
33	346
33	350
33	354
33	358
33	363
33	367
33	372
33	377
33	382
33	388
33	394
33	401
33	409
33	418
34	176
34	186
34	194
34	201
34	208
34	214
34	220
34	226
34	231
34	237
34	242
34	247
34	252
34	257
34	262
34	267
34	272
34	277
34	282
34	287
34	292
34	297
34	302
34	307
34	312
34	317
34	322
34	327
34	333
34	338
34	344
34	350
34	356
34	362
34	369
34	376
34	384
34	393
34	403
35	169
35	180
35	190
35	198
35	205
35	211
35	217
35	222
35	227
35	232
35	236
35	241
35	245
35	250
35	254
35	258
35	262
35	266
35	270
35	274
35	278
35	282
35	286
35	290
35	294
35	298
35	302
35	306
35	310
35	315
35	319
35	324
35	328
35	333
35	338
35	343
35	348
35	354
35	360
35	366
35	373
35	380
35	388
35	397
35	408
36	169
36	180
36	190
36	199
36	207
36	214
36	221
36	227
36	233
36	239
36	244
36	250
36	255
36	260
36	265
36	270
36	275
36	280
36	284
36	289
36	293
36	298
36	302
36	307
36	311
36	316
36	320
36	325
36	329
36	334
36	338
36	343
36	348
36	353
36	358
36	364
36	370
36	376
36	383
36	391
36	400
36	410
37	168
37	179
37	189
37	198
37	205
37	212
37	219
37	226
37	233
37	239
37	246
37	252
37	259
37	266
37	273
37	280
37	287
37	294
37	301
37	308
37	315
37	322
37	329
37	337
37	345
37	353
37	362
37	372
37	383
38	166
38	178
38	188
38	197
38	205
38	212
38	219
38	225
38	231
38	237
38	243
38	249
38	254
38	260
38	265
38	271
38	276
38	281
38	286
38	292
38	297
38	303
38	308
38	314
38	320
38	326
38	332
38	338
38	345
38	352
38	359
38	367
38	375
38	384
38	394
39	188
39	199
39	209
39	218
39	226
39	234
39	242
39	249
39	256
39	263
39	270
39	276
39	282
39	288
39	294
39	300
39	306
39	312
39	318
39	324
39	330
39	336
39	342
39	348
39	355
39	362
39	369
39	377
39	386
39	396
40	191
40	202
40	211
40	220
40	228
40	236
40	244
40	252
40	260
40	268
40	276
40	285
40	294
40	303
40	312
40	322
40	332
40	342
40	354
41	197
41	207
41	216
41	224
41	232
41	239
41	246
41	253
41	260
41	267
41	274
41	281
41	288
41	296
41	304
41	312
41	320
41	329
41	338
41	348
41	360
42	207
42	218
42	228
42	238
42	247
42	256
42	265
42	274
42	283
42	292
42	301
42	310
42	319
42	328
42	337
42	347
42	358
43	206
43	217
43	228
43	238
43	248
43	258
43	268
43	278
43	289
43	300
43	313
44	207
44	218
44	228
44	237
44	245
44	253
44	261
44	269
44	277
44	285
44	294
44	303
44	313
44	323
44	334
44	346
45	207
45	218
45	228
45	237
45	245
45	253
45	261
45	269
45	277
45	285
45	293
45	301
45	309
45	317
45	325
45	334
45	343
45	353
45	363
45	374
46	197
46	208
46	219
46	229
46	239
46	249
46	259
46	268
46	277
46	286
46	295
46	305
46	315
46	325
46	335
46	346
46	357
47	200
47	211
47	221
47	230
47	239
47	247
47	255
47	263
47	271
47	279
47	287
47	296
47	305
47	314
47	324
47	335
48	206
48	216
48	225
48	233
48	240
48	247
48	253
48	259
48	265
48	271
48	277
48	283
48	289
48	295
48	301
48	308
48	315
48	322
48	329
48	337
48	345
48	354
48	364
48	375
49	208
49	219
49	229
49	238
49	246
49	254
49	261
49	268
49	275
49	281
49	288
49	294
49	300
49	306
49	313
49	319
49	326
49	333
49	340
49	347
49	355
49	363
49	372
49	382
50	192
50	203
50	214
50	224
50	234
50	244
50	254
50	264
50	274
50	284
50	294
50	304
50	314
50	324
50	334
50	345
50	356
51	198
51	209
51	219
51	228
51	236
51	244
51	252
51	259
51	266
51	273
51	280
51	287
51	294
51	302
51	310
51	318
51	327
51	336
51	346
51	357
52	201
52	211
52	220
52	228
52	235
52	241
52	247
52	252
52	257
52	262
52	267
52	272
52	276
52	281
52	285
52	290
52	294
52	299
52	303
52	308
52	313
52	318
52	323
52	328
52	334
52	339
52	345
52	351
52	358
52	365
52	373
52	382
52	392
52	405
53	200
53	211
53	220
53	228
53	235
53	242
53	248
53	253
53	259
53	263
53	268
53	273
53	277
53	282
53	286
53	290
53	294
53	298
53	302
53	306
53	310
53	314
53	318
53	322
53	327
53	331
53	336
53	341
53	346
53	351
53	357
53	363
53	369
53	376
53	383
53	391
53	400
53	411
54	188
54	198
54	207
54	215
54	223
54	231
54	239
54	247
54	254
54	261
54	268
54	275
54	282
54	289
54	296
54	303
54	310
54	317
54	324
54	331
54	338
54	346
54	354
54	362
54	371
54	381
54	392
55	181
55	191
55	199
55	206
55	212
55	218
55	223
55	229
55	234
55	239
55	244
55	249
55	254
55	259
55	264
55	269
55	275
55	280
55	286
55	292
55	298
55	304
55	310
55	316
55	322
55	328
55	335
55	342
55	349
55	356
55	364
55	372
55	381
55	391
55	404
56	187
56	195
56	201
56	206
56	211
56	215
56	220
56	223
56	227
56	231
56	234
56	238
56	241
56	244
56	247
56	251
56	253
56	257
56	260
56	263
56	266
56	269
56	272
56	275
56	278
56	281
56	284
56	287
56	290
56	293
56	296
56	299
56	302
56	306
56	308
56	312
56	315
56	318
56	322
56	325
56	329
56	332
56	336
56	339
56	343
56	347
56	351
56	355
56	359
56	363
56	368
56	372
56	377
56	382
56	387
56	393
56	399
56	406
56	414
56	423
56	433
57	189
57	198
57	203
57	209
57	212
57	216
57	220
57	222
57	225
57	228
57	231
57	232
57	235
57	238
57	240
57	242
57	244
57	246
57	249
57	250
57	252
57	254
57	256
57	258
57	260
57	262
57	263
57	266
57	267
57	269
57	271
57	273
57	274
57	276
57	278
57	280
57	282
57	283
57	285
57	287
57	289
57	290
57	292
57	294
57	296
57	297
57	299
57	301
57	303
57	304
57	306
57	308
57	310
57	312
57	313
57	315
57	317
57	319
57	321
57	322
57	325
57	326
57	328
57	330
57	332
57	334
57	336
57	338
57	340
57	342
57	344
57	346
57	348
57	350
57	352
57	354
57	356
57	358
57	360
57	363
57	365
57	367
57	370
57	372
57	375
57	377
57	380
57	383
57	386
57	389
57	392
57	396
57	399
57	403
57	407
57	411
57	416
57	421
57	427
57	433
57	440
57	449
58	197
58	206
58	212
58	218
58	222
58	226
58	230
58	232
58	235
58	238
58	241
58	242
58	245
58	248
58	250
58	252
58	254
58	256
58	258
58	260
58	262
58	263
58	266
58	267
58	269
58	271
58	272
58	274
58	276
58	278
58	279
58	281
58	282
58	284
58	286
58	287
58	289
58	290
58	292
58	293
58	295
58	296
58	298
58	299
58	301
58	302
58	304
58	305
58	307
58	308
58	310
58	311
58	312
58	314
58	315
58	317
58	318
58	320
58	321
58	322
58	324
58	325
58	327
58	328
58	330
58	331
58	332
58	334
58	335
58	337
58	338
58	340
58	341
58	343
58	344
58	346
58	347
58	349
58	350
58	352
58	353
58	355
58	356
58	358
58	359
58	361
58	363
58	365
58	366
58	368
58	370
58	372
58	374
58	376
58	377
58	380
58	382
58	384
58	386
58	389
58	391
58	394
58	396
58	399
58	402
58	405
58	408
58	412
58	416
58	420
58	425
58	430
58	436
58	443
58	451
58	461
59	193
59	204
59	215
59	225
59	235
59	244
59	252
59	260
59	267
59	273
59	279
59	284
59	289
59	294
59	298
59	302
59	306
59	310
59	313
59	317
59	321
59	323
59	327
59	330
59	333
59	337
59	339
59	343
59	346
59	349
59	353
59	356
59	360
59	364
59	367
59	372
59	376
59	380
59	385
59	390
59	396
59	402
59	408
59	416
59	425
59	435
60	182
60	192
60	200
60	207
60	214
60	221
60	228
60	236
60	244
60	252
60	261
60	271
60	281
60	293
60	369
60	380
60	391
60	402
60	414
61	179
61	188
61	194
61	200
61	205
61	210
61	214
61	219
61	223
61	228
61	232
61	237
61	241
61	246
61	250
61	255
61	260
61	265
61	270
61	275
61	281
61	286
61	292
61	298
61	304
61	311
61	318
61	325
61	332
61	339
61	346
61	353
61	360
61	367
61	373
61	379
61	385
61	391
61	397
61	403
61	409
61	415
61	421
61	428
61	435
61	443
61	452
61	463
62	180
62	190
62	196
62	202
62	206
62	211
62	214
62	218
62	221
62	224
62	228
62	231
62	234
62	237
62	240
62	243
62	246
62	249
62	252
62	255
62	258
62	261
62	264
62	267
62	270
62	273
62	276
62	279
62	283
62	286
62	289
62	293
62	296
62	299
62	303
62	306
62	310
62	313
62	317
62	320
62	324
62	328
62	331
62	335
62	339
62	342
62	346
62	350
62	353
62	357
62	360
62	364
62	367
62	371
62	373
62	377
62	380
62	383
62	386
62	389
62	392
62	395
62	398
62	401
62	404
62	407
62	410
62	414
62	417
62	420
62	424
62	427
62	431
62	435
62	439
62	444
62	449
62	455
62	461
62	468
62	477
63	191
63	200
63	208
63	213
63	219
63	223
63	228
63	232
63	236
63	240
63	243
63	247
63	250
63	253
63	257
63	260
63	263
63	266
63	270
63	272
63	276
63	279
63	282
63	285
63	288
63	291
63	294
63	297
63	300
63	303
63	306
63	309
63	312
63	315
63	318
63	321
63	324
63	327
63	330
63	333
63	336
63	339
63	342
63	344
63	347
63	350
63	352
63	355
63	358
63	360
63	363
63	365
63	368
63	370
63	372
63	375
63	377
63	379
63	382
63	383
63	386
63	388
63	390
63	393
63	395
63	397
63	399
63	402
63	404
63	407
63	409
63	412
63	415
63	417
63	420
63	424
63	426
63	430
63	434
63	437
63	442
63	446
63	451
63	456
63	462
63	469
63	477
63	487
64	240
64	252
64	263
64	274
64	284
64	294
64	303
64	311
64	319
64	327
64	334
64	341
64	347
64	353
64	359
64	364
64	369
64	374
64	379
64	384
64	389
64	394
64	399
64	405
64	411
64	417
64	424
64	432
64	440
64	449
64	459
66	199
66	210
66	220
66	229
66	238
66	247
66	256
66	266
66	276
66	286
66	297
66	309
66	402
66	413
66	423
66	432
66	440
66	448
66	455
66	463
66	471
66	480
66	492
67	197
67	206
67	213
67	220
67	226
67	232
67	238
67	243
67	248
67	253
67	258
67	263
67	268
67	273
67	278
67	284
67	289
67	295
67	300
67	306
67	312
67	318
67	324
67	330
67	337
67	344
67	351
67	358
67	365
67	372
67	379
67	386
67	393
67	400
67	406
67	412
67	418
67	423
67	428
67	433
67	438
67	442
67	447
67	451
67	456
67	461
67	466
67	472
67	478
67	485
67	493
67	502
68	199
68	208
68	215
68	221
68	226
68	231
68	236
68	240
68	244
68	248
68	252
68	256
68	260
68	264
68	268
68	272
68	275
68	279
68	283
68	286
68	290
68	294
68	297
68	301
68	305
68	309
68	313
68	317
68	321
68	325
68	329
68	333
68	337
68	341
68	345
68	349
68	354
68	358
68	363
68	367
68	372
68	376
68	381
68	385
68	389
68	393
68	397
68	401
68	405
68	409
68	413
68	417
68	421
68	425
68	429
68	433
68	437
68	441
68	445
68	449
68	454
68	458
68	464
68	469
68	476
68	483
68	491
68	502
69	228
69	238
69	247
69	256
69	264
69	272
69	279
69	286
69	293
69	300
69	307
69	314
69	321
69	328
69	335
69	342
69	349
69	356
69	363
69	370
69	377
69	384
69	391
69	398
69	405
69	412
69	419
69	426
69	434
69	442
69	451
69	462
72	193
72	203
72	212
72	221
72	230
72	239
72	248
72	257
72	266
72	276
72	286
72	297
72	308
72	323
72	437
72	448
72	458
72	467
72	476
72	486
73	188
73	197
73	204
73	210
73	216
73	221
73	226
73	231
73	236
73	241
73	246
73	251
73	256
73	261
73	266
73	271
73	276
73	281
73	286
73	292
73	297
73	303
73	309
73	315
73	321
73	327
73	333
73	339
73	346
73	353
73	360
73	367
73	374
73	381
73	388
73	395
73	402
73	409
73	416
73	423
73	430
73	437
73	443
73	449
73	455
73	461
73	466
73	472
73	477
73	483
73	489
73	496
73	504
73	513
73	524
74	190
74	199
74	206
74	212
74	218
74	223
74	228
74	233
74	237
74	242
74	246
74	251
74	255
74	260
74	264
74	268
74	273
74	277
74	281
74	286
74	290
74	295
74	299
74	304
74	308
74	313
74	317
74	322
74	327
74	332
74	337
74	342
74	347
74	352
74	357
74	362
74	367
74	372
74	377
74	382
74	388
74	393
74	399
74	404
74	410
74	416
74	422
74	428
74	434
74	440
74	446
74	452
74	458
74	464
74	470
74	476
74	482
74	489
74	496
74	505
74	515
75	226
75	237
75	247
75	257
75	266
75	275
75	284
75	293
75	302
75	311
75	320
75	329
75	338
75	347
75	356
75	366
75	376
75	386
75	397
75	408
-1	-1
