-1	-1
0	267
0	278
0	289
0	299
0	309
0	320
0	333
1	281
1	293
1	305
1	317
2	282
2	294
2	305
2	317
2	330
3	277
3	288
3	298
3	308
3	318
3	328
3	339
3	351
4	277
4	288
4	298
4	308
4	318
4	328
4	338
4	349
4	362
5	269
5	280
5	291
5	301
5	311
5	321
5	331
5	342
5	353
5	366
6	266
6	277
6	287
6	297
6	307
6	317
6	327
6	337
6	347
6	357
6	368
6	379
6	390
6	401
6	412
6	423
6	434
6	445
6	456
6	468
7	269
7	280
7	290
7	300
7	310
7	319
7	328
7	337
7	346
7	355
7	364
7	373
7	382
7	391
7	400
7	409
7	418
7	427
7	436
7	445
7	454
7	464
7	474
7	485
8	269
8	280
8	290
8	300
8	310
8	319
8	327
8	335
8	343
8	351
8	358
8	365
8	372
8	379
8	386
8	393
8	400
8	407
8	414
8	421
8	428
8	435
8	442
8	449
8	457
8	465
8	474
8	483
8	493
8	504
9	278
9	289
9	299
9	309
9	318
9	326
9	334
9	341
9	348
9	354
9	360
9	366
9	372
9	378
9	383
9	389
9	394
9	399
9	404
9	409
9	414
9	419
9	424
9	429
9	434
9	439
9	445
9	451
9	457
9	463
9	470
9	477
9	485
9	493
9	502
9	512
9	524
10	279
10	290
10	300
10	309
10	318
10	326
10	334
10	341
10	347
10	353
10	358
10	363
10	368
10	373
10	378
10	382
10	387
10	391
10	395
10	399
10	403
10	407
10	411
10	415
10	419
10	423
10	427
10	431
10	435
10	439
10	444
10	448
10	453
10	458
10	463
10	468
10	474
10	480
10	486
10	493
10	500
10	508
10	517
10	527
11	271
11	282
11	292
11	302
11	311
11	319
11	327
11	334
11	341
11	347
11	353
11	358
11	363
11	368
11	373
11	378
11	382
11	387
11	391
11	396
11	400
11	404
11	408
11	412
11	416
11	421
11	425
11	430
11	434
11	439
11	443
11	448
11	453
11	458
11	464
11	469
11	475
11	481
11	488
11	495
11	502
11	510
11	519
11	529
12	269
12	280
12	291
12	301
12	311
12	320
12	328
12	336
12	343
12	350
12	357
12	363
12	369
12	375
12	381
12	386
12	391
12	396
12	401
12	406
12	411
12	416
12	421
12	426
12	432
12	437
12	443
12	449
12	455
12	462
12	469
12	476
12	484
12	492
12	501
12	511
12	523
13	268
13	279
13	290
13	300
13	310
13	320
13	329
13	338
13	346
13	354
13	362
13	370
13	378
13	385
13	392
13	399
13	406
13	413
13	420
13	427
13	435
13	443
13	451
13	460
13	469
13	479
13	490
14	267
14	278
14	288
14	298
14	308
14	318
14	328
14	337
14	346
14	355
14	363
14	371
14	379
14	387
14	395
14	403
14	411
14	419
14	427
14	436
14	445
14	455
14	465
14	476
15	257
15	267
15	276
15	285
15	294
15	303
15	312
15	321
15	330
15	339
15	347
15	355
15	363
15	371
15	379
15	387
15	395
15	403
15	411
15	419
15	428
15	437
15	446
15	455
15	465
15	475
15	486
15	498
16	250
16	260
16	269
16	277
16	284
16	291
16	298
16	305
16	312
16	319
16	326
16	333
16	340
16	347
16	354
16	361
16	368
16	375
16	382
16	389
16	396
16	403
16	410
16	418
16	426
16	434
16	442
16	450
16	458
16	466
16	474
16	483
16	492
16	501
16	511
16	521
16	532
17	251
17	261
17	270
17	278
17	285
17	292
17	299
17	306
17	313
17	320
17	326
17	332
17	338
17	344
17	350
17	356
17	362
17	368
17	374
17	380
17	386
17	392
17	398
17	404
17	410
17	416
17	422
17	428
17	434
17	440
17	446
17	452
17	458
17	464
17	470
17	476
17	483
17	489
17	496
17	503
17	510
17	517
17	524
17	532
17	540
17	549
17	559
18	248
18	258
18	266
18	273
18	279
18	285
18	291
18	296
18	302
18	307
18	312
18	317
18	322
18	327
18	332
18	337
18	342
18	347
18	352
18	357
18	362
18	367
18	372
18	377
18	382
18	387
18	392
18	397
18	402
18	407
18	412
18	417
18	422
18	427
18	432
18	437
18	442
18	447
18	452
18	457
18	462
18	467
18	472
18	477
18	482
18	487
18	492
18	497
18	502
18	507
18	512
18	517
18	522
18	527
18	533
18	538
18	544
18	551
18	558
18	566
18	575
18	586
19	249
19	259
19	267
19	274
19	281
19	287
19	293
19	298
19	303
19	308
19	313
19	318
19	323
19	328
19	333
19	338
19	343
19	348
19	353
19	358
19	363
19	368
19	373
19	378
19	383
19	388
19	393
19	398
19	403
19	408
19	413
19	418
19	422
19	427
19	431
19	435
19	440
19	443
19	448
19	451
19	456
19	459
19	463
19	467
19	471
19	475
19	479
19	483
19	487
19	491
19	495
19	499
19	503
19	507
19	511
19	516
19	520
19	525
19	530
19	535
19	540
19	546
19	552
19	559
19	567
19	576
19	586
20	249
20	259
20	267
20	274
20	280
20	286
20	291
20	296
20	301
20	306
20	311
20	315
20	320
20	324
20	329
20	333
20	337
20	341
20	345
20	349
20	353
20	357
20	361
20	365
20	369
20	373
20	377
20	381
20	385
20	389
20	393
20	397
20	401
20	405
20	409
20	412
20	416
20	420
20	423
20	427
20	430
20	434
20	437
20	441
20	444
20	447
20	451
20	454
20	457
20	461
20	464
20	467
20	471
20	474
20	478
20	481
20	485
20	488
20	492
20	496
20	500
20	504
20	508
20	513
20	517
20	522
20	527
20	532
20	538
20	544
20	551
20	558
20	566
20	575
20	585
21	247
21	256
21	263
21	270
21	276
21	281
21	286
21	291
21	296
21	301
21	305
21	310
21	314
21	318
21	322
21	326
21	330
21	333
21	337
21	340
21	344
21	347
21	351
21	354
21	357
21	361
21	364
21	367
21	371
21	374
21	377
21	381
21	384
21	388
21	391
21	394
21	398
21	401
21	404
21	407
21	411
21	413
21	417
21	420
21	423
21	426
21	429
21	432
21	435
21	438
21	441
21	444
21	447
21	450
21	453
21	456
21	459
21	463
21	466
21	469
21	473
21	476
21	480
21	484
21	488
21	492
21	496
21	501
21	505
21	510
21	515
21	520
21	526
21	532
21	539
21	546
21	554
21	563
21	572
21	583
22	248
22	257
22	264
22	271
22	276
22	282
22	286
22	291
22	295
22	300
22	303
22	308
22	311
22	315
22	319
22	322
22	326
22	330
22	333
22	336
22	340
22	342
22	346
22	349
22	352
22	355
22	358
22	361
22	364
22	367
22	370
22	373
22	376
22	379
22	382
22	385
22	388
22	391
22	394
22	397
22	400
22	403
22	406
22	409
22	412
22	415
22	418
22	421
22	424
22	427
22	430
22	433
22	436
22	439
22	442
22	445
22	448
22	452
22	455
22	458
22	462
22	466
22	469
22	474
22	477
22	482
22	486
22	491
22	496
22	501
22	507
22	513
22	519
22	526
22	533
22	541
22	550
22	559
22	569
22	581
23	248
23	257
23	264
23	271
23	276
23	281
23	286
23	290
23	294
23	298
23	302
23	305
23	309
23	312
23	316
23	319
23	323
23	326
23	330
23	333
23	337
23	340
23	344
23	347
23	351
23	354
23	358
23	361
23	364
23	368
23	371
23	374
23	378
23	381
23	385
23	388
23	392
23	395
23	399
23	402
23	406
23	409
23	413
23	417
23	421
23	425
23	429
23	433
23	437
23	441
23	445
23	449
23	454
23	458
23	463
23	467
23	472
23	477
23	482
23	487
23	493
23	498
23	504
23	510
23	516
23	523
23	530
23	537
23	545
23	554
23	563
23	573
24	246
24	254
24	261
24	267
24	272
24	277
24	281
24	285
24	290
24	293
24	297
24	301
24	304
24	308
24	311
24	315
24	318
24	322
24	325
24	329
24	332
24	336
24	339
24	343
24	347
24	350
24	355
24	358
24	363
24	366
24	371
24	375
24	379
24	383
24	387
24	391
24	396
24	400
24	405
24	409
24	414
24	419
24	424
24	429
24	434
24	439
24	444
24	449
24	454
24	459
24	464
24	469
24	475
24	480
24	486
24	491
24	497
24	502
24	508
24	514
24	520
24	526
24	532
24	538
24	545
24	552
24	559
24	567
24	576
24	586
25	247
25	255
25	262
25	267
25	272
25	276
25	281
25	284
25	289
25	292
25	296
25	300
25	303
25	307
25	310
25	313
25	317
25	320
25	323
25	327
25	330
25	334
25	337
25	341
25	344
25	348
25	352
25	356
25	359
25	364
25	367
25	372
25	376
25	380
25	385
25	389
25	394
25	398
25	403
25	407
25	412
25	416
25	421
25	425
25	430
25	434
25	439
25	443
25	448
25	452
25	457
25	461
25	466
25	470
25	475
25	479
25	484
25	488
25	493
25	497
25	502
25	507
25	512
25	517
25	522
25	527
25	532
25	537
25	542
25	548
25	554
25	560
25	567
25	574
25	582
25	591
25	602
26	251
26	260
26	268
26	273
26	279
26	283
26	288
26	292
26	296
26	300
26	303
26	307
26	311
26	313
26	317
26	320
26	323
26	326
26	329
26	332
26	335
26	338
26	341
26	344
26	347
26	350
26	354
26	356
26	360
26	363
26	367
26	370
26	374
26	377
26	381
26	385
26	388
26	392
26	396
26	400
26	404
26	408
26	411
26	415
26	418
26	422
26	425
26	429
26	432
26	435
26	439
26	442
26	445
26	449
26	451
26	455
26	458
26	461
26	465
26	468
26	471
26	475
26	478
26	482
26	485
26	489
26	492
26	496
26	499
26	503
26	507
26	511
26	515
26	519
26	524
26	528
26	533
26	538
26	543
26	549
26	555
26	561
26	568
26	575
26	583
26	592
26	603
27	257
27	266
27	273
27	280
27	285
27	290
27	294
27	299
27	303
27	307
27	311
27	314
27	318
27	321
27	325
27	328
27	332
27	335
27	338
27	342
27	344
27	348
27	351
27	354
27	357
27	360
27	363
27	366
27	369
27	372
27	375
27	378
27	381
27	384
27	387
27	390
27	393
27	396
27	399
27	402
27	405
27	408
27	411
27	414
27	417
27	420
27	423
27	425
27	429
27	431
27	434
27	437
27	439
27	442
27	445
27	447
27	450
27	453
27	455
27	458
27	461
27	463
27	466
27	469
27	472
27	475
27	478
27	481
27	484
27	487
27	490
27	494
27	497
27	501
27	505
27	508
27	513
27	517
27	522
27	527
27	532
27	538
27	544
27	550
27	557
27	565
27	573
27	582
27	592
28	249
28	259
28	266
28	272
28	278
28	283
28	288
28	292
28	297
28	301
28	305
28	309
28	313
28	316
28	320
28	323
28	327
28	330
28	334
28	337
28	341
28	344
28	348
28	351
28	355
28	358
28	362
28	365
28	368
28	371
28	374
28	377
28	380
28	383
28	386
28	389
28	392
28	395
28	398
28	401
28	403
28	406
28	409
28	411
28	414
28	417
28	419
28	422
28	425
28	427
28	430
28	433
28	435
28	438
28	441
28	443
28	446
28	449
28	452
28	454
28	458
28	460
28	464
28	466
28	470
28	473
28	476
28	479
28	483
28	486
28	490
28	494
28	498
28	503
28	507
28	512
28	517
28	523
28	529
28	536
28	544
28	553
28	563
28	575
29	251
29	261
29	269
29	275
29	281
29	286
29	291
29	295
29	300
29	303
29	307
29	311
29	314
29	318
29	321
29	324
29	328
29	331
29	334
29	337
29	341
29	343
29	347
29	350
29	353
29	356
29	359
29	362
29	366
29	368
29	372
29	375
29	378
29	381
29	384
29	387
29	390
29	392
29	395
29	398
29	401
29	403
29	406
29	409
29	412
29	415
29	418
29	421
29	424
29	427
29	430
29	433
29	436
29	439
29	442
29	446
29	448
29	452
29	455
29	459
29	462
29	466
29	470
29	474
29	478
29	483
29	487
29	492
29	497
29	503
29	509
29	516
29	524
29	533
29	545
30	259
30	269
30	278
30	285
30	292
30	298
30	303
30	308
30	312
30	317
30	321
30	324
30	328
30	332
30	335
30	339
30	342
30	345
30	349
30	351
30	355
30	358
30	361
30	364
30	367
30	370
30	373
30	376
30	379
30	382
30	385
30	388
30	391
30	393
30	397
30	399
30	402
30	405
30	408
30	411
30	414
30	417
30	420
30	423
30	426
30	429
30	433
30	436
30	439
30	443
30	447
30	450
30	455
30	458
30	463
30	467
30	472
30	477
30	483
30	489
30	496
30	504
30	513
30	524
31	258
31	268
31	277
31	285
31	292
31	299
31	305
31	311
31	317
31	322
31	327
31	332
31	337
31	342
31	346
31	351
31	355
31	359
31	363
31	367
31	371
31	374
31	378
31	382
31	385
31	389
31	393
31	396
31	400
31	403
31	407
31	410
31	414
31	418
31	421
31	425
31	429
31	433
31	437
31	441
31	446
31	450
31	456
31	461
31	467
31	473
31	480
31	488
31	497
31	507
32	253
32	263
32	272
32	280
32	287
32	294
32	301
32	308
32	314
32	320
32	326
32	332
32	338
32	343
32	349
32	354
32	359
32	364
32	369
32	374
32	379
32	384
32	389
32	394
32	399
32	404
32	409
32	414
32	419
32	424
32	429
32	434
32	439
32	445
32	451
32	457
32	464
32	472
32	481
32	491
33	252
33	262
33	271
33	279
33	286
33	293
33	300
33	307
33	314
33	321
33	328
33	334
33	340
33	345
33	351
33	355
33	360
33	364
33	369
33	374
33	378
33	383
33	388
33	393
33	398
33	403
33	408
33	413
33	418
33	424
33	430
33	436
33	443
33	450
33	458
33	467
33	477
34	260
34	271
34	280
34	289
34	297
34	305
34	313
34	321
34	329
34	337
34	344
34	351
34	357
34	363
34	369
34	375
34	381
34	387
34	393
34	399
34	405
34	411
34	417
34	424
34	431
34	438
34	446
34	455
34	465
34	476
35	267
35	278
35	289
35	299
35	309
35	319
35	329
35	338
35	347
35	355
35	363
35	371
35	378
35	385
35	392
35	399
35	406
35	413
35	420
35	428
35	436
35	445
35	454
35	464
36	277
36	288
36	299
36	309
36	319
36	328
36	337
36	345
36	352
36	359
36	365
36	371
36	377
36	383
36	389
36	395
36	402
36	408
36	415
36	422
36	429
36	437
36	445
36	454
36	464
37	272
37	283
37	293
37	302
37	311
37	320
37	328
37	336
37	344
37	351
37	358
37	364
37	370
37	376
37	382
37	388
37	394
37	400
37	406
37	412
37	418
37	425
37	432
37	439
37	447
37	456
37	466
38	269
38	280
38	289
38	298
38	306
38	314
38	322
38	329
38	336
38	343
38	350
38	357
38	364
38	371
38	378
38	385
38	391
38	398
38	404
38	411
38	418
38	425
38	432
38	440
38	448
38	457
38	467
39	266
39	276
39	284
39	291
39	298
39	305
39	311
39	317
39	323
39	329
39	335
39	341
39	346
39	352
39	357
39	362
39	367
39	372
39	378
39	383
39	389
39	394
39	400
39	405
39	411
39	417
39	423
39	429
39	436
39	443
39	451
39	460
39	471
40	263
40	273
40	281
40	288
40	294
40	300
40	306
40	312
40	318
40	323
40	329
40	334
40	339
40	344
40	349
40	353
40	357
40	361
40	365
40	369
40	373
40	377
40	381
40	385
40	389
40	394
40	398
40	403
40	408
40	413
40	418
40	423
40	429
40	435
40	441
40	448
40	456
40	465
40	475
41	267
41	276
41	284
41	291
41	298
41	304
41	310
41	316
41	322
41	328
41	334
41	340
41	346
41	352
41	358
41	363
41	368
41	373
41	378
41	383
41	388
41	393
41	398
41	403
41	408
41	414
41	420
41	426
41	433
41	440
41	448
41	457
41	467
42	269
42	279
42	288
42	296
42	304
42	311
42	318
42	326
42	334
42	342
42	350
42	359
42	368
42	377
42	385
42	393
42	401
42	409
42	417
42	426
42	436
42	447
43	277
43	288
43	299
43	309
43	319
43	329
43	339
43	349
43	358
43	367
43	376
43	386
43	396
43	405
43	415
43	425
43	436
44	269
44	280
44	291
44	303
44	315
44	326
44	337
44	347
44	356
44	364
44	372
44	380
44	388
44	396
44	405
44	414
44	423
44	433
44	444
45	300
45	312
45	324
45	336
45	347
45	357
45	366
45	375
45	383
45	391
45	399
45	407
45	415
45	424
45	433
45	443
46	300
46	312
46	323
46	334
46	345
46	357
46	369
46	380
46	390
46	399
46	408
46	417
46	426
46	436
46	447
47	282
47	294
47	305
47	316
47	326
47	336
47	346
47	356
47	366
47	376
47	386
47	396
47	406
47	415
47	424
47	433
47	443
47	454
48	278
48	290
48	301
48	312
48	322
48	332
48	341
48	350
48	358
48	366
48	374
48	382
48	390
48	398
48	407
48	416
48	425
48	434
48	444
48	455
49	299
49	310
49	320
49	330
49	339
49	347
49	355
49	362
49	369
49	376
49	383
49	390
49	397
49	404
49	411
49	419
49	427
49	436
49	446
49	457
50	296
50	306
50	315
50	324
50	333
50	342
50	352
50	362
50	371
50	380
50	388
50	396
50	404
50	412
50	420
50	428
50	437
50	447
51	278
51	289
51	299
51	309
51	318
51	327
51	336
51	345
51	355
51	365
51	376
51	387
51	397
51	406
51	415
51	424
51	433
51	442
51	452
51	463
52	276
52	287
52	297
52	306
52	315
52	323
52	331
52	339
52	347
52	355
52	363
52	372
52	381
52	391
52	401
52	411
52	421
52	430
52	439
52	448
52	457
52	467
52	479
53	278
53	288
53	297
53	305
53	313
53	320
53	327
53	334
53	341
53	348
53	354
53	360
53	366
53	373
53	379
53	386
53	393
53	401
53	409
53	418
53	427
53	436
53	445
53	455
53	465
53	476
54	286
54	297
54	307
54	315
54	323
54	330
54	337
54	344
54	351
54	358
54	364
54	370
54	376
54	382
54	388
54	394
54	400
54	407
54	414
54	421
54	429
54	438
54	448
54	459
55	301
55	312
55	322
55	332
55	341
55	350
55	359
55	368
55	377
55	385
55	393
55	400
55	407
55	414
55	421
55	429
55	437
55	446
55	456
56	291
56	302
56	312
56	322
56	331
56	340
56	348
56	356
56	365
56	374
56	383
56	392
56	401
56	409
56	417
56	425
56	433
56	441
56	449
56	458
56	468
57	299
57	310
57	320
57	329
57	337
57	344
57	351
57	357
57	364
57	370
57	377
57	384
57	391
57	399
57	407
57	415
57	423
57	431
57	439
57	448
57	457
57	467
57	479
58	311
58	321
58	329
58	335
58	341
58	345
58	350
58	354
58	359
58	363
58	367
58	371
58	375
58	379
58	383
58	387
58	392
58	396
58	401
58	406
58	411
58	417
58	423
58	429
58	436
58	444
58	453
58	463
59	307
59	317
59	324
59	330
59	334
59	339
59	342
59	345
59	349
59	352
59	354
59	358
59	360
59	363
59	365
59	368
59	371
59	373
59	375
59	378
59	380
59	383
59	385
59	388
59	390
59	393
59	396
59	398
59	401
59	404
59	407
59	410
59	413
59	416
59	419
59	423
59	426
59	430
59	434
59	438
59	443
59	448
59	454
59	460
59	467
59	475
59	484
60	297
60	307
60	315
60	322
60	328
60	332
60	337
60	341
60	344
60	348
60	351
60	353
60	357
60	359
60	362
60	364
60	367
60	369
60	372
60	373
60	376
60	378
60	380
60	382
60	384
60	387
60	388
60	391
60	393
60	395
60	397
60	399
60	402
60	404
60	406
60	408
60	411
60	413
60	415
60	418
60	420
60	423
60	425
60	428
60	430
60	434
60	436
60	439
60	443
60	446
60	449
60	453
60	457
60	461
60	466
60	470
60	476
60	481
60	488
60	496
60	505
61	292
61	303
61	312
61	321
61	329
61	337
61	345
61	353
61	361
61	369
61	375
61	381
61	386
61	391
61	394
61	399
61	402
61	406
61	409
61	412
61	415
61	418
61	421
61	424
61	427
61	430
61	433
61	436
61	439
61	442
61	445
61	448
61	452
61	455
61	459
61	462
61	466
61	470
61	474
61	478
61	483
61	488
61	494
61	500
61	507
61	516
61	527
62	272
62	283
62	293
62	303
62	313
62	323
62	333
62	344
62	356
62	391
62	401
62	409
62	415
62	421
62	425
62	430
62	433
62	438
62	441
62	445
62	449
62	452
62	456
62	459
62	463
62	466
62	470
62	474
62	478
62	482
62	487
62	491
62	497
62	502
62	508
62	515
62	523
62	533
63	259
63	268
63	276
63	283
63	290
63	297
63	304
63	312
63	320
63	328
63	336
63	344
63	353
63	362
63	371
63	381
63	392
63	404
63	416
63	426
63	435
63	443
63	450
63	456
63	462
63	468
63	474
63	480
63	486
63	493
63	500
63	508
63	517
64	254
64	262
64	269
64	275
64	281
64	287
64	293
64	299
64	306
64	313
64	320
64	327
64	333
64	339
64	345
64	351
64	357
64	363
64	369
64	375
64	381
64	387
64	393
64	400
64	407
64	415
64	423
64	432
64	442
64	488
65	259
65	269
65	278
65	286
65	295
65	304
65	313
65	321
65	328
65	334
65	340
65	344
65	349
65	353
65	357
65	361
65	364
65	368
65	371
65	375
65	378
65	382
65	385
65	389
65	392
65	396
65	399
65	403
65	407
65	411
65	415
65	419
65	424
65	428
65	434
65	439
65	445
65	451
65	458
65	466
65	474
65	482
65	490
65	498
65	506
65	515
65	526
66	317
66	326
66	333
66	339
66	343
66	348
66	352
66	355
66	359
66	362
66	365
66	368
66	371
66	373
66	376
66	379
66	381
66	384
66	386
66	389
66	391
66	394
66	396
66	399
66	401
66	404
66	406
66	409
66	412
66	414
66	417
66	420
66	423
66	426
66	429
66	432
66	435
66	438
66	442
66	445
66	449
66	453
66	457
66	461
66	466
66	470
66	475
66	480
66	485
66	491
66	497
66	503
66	510
66	517
66	526
66	536
67	340
67	350
67	359
67	366
67	372
67	377
67	382
67	386
67	391
67	394
67	398
67	402
67	404
67	408
67	411
67	414
67	417
67	420
67	423
67	426
67	429
67	432
67	435
67	438
67	441
67	444
67	447
67	450
67	453
67	456
67	459
67	463
67	466
67	469
67	473
67	476
67	480
67	484
67	488
67	492
67	496
67	500
67	505
67	509
67	515
67	520
67	526
67	533
67	541
67	550
68	399
68	409
68	417
68	423
68	429
68	433
68	438
68	442
68	446
68	450
68	454
68	458
68	462
68	466
68	470
68	473
68	477
68	481
68	485
68	489
68	493
68	497
68	501
68	506
68	510
68	515
68	520
68	526
68	532
68	539
68	547
68	556
69	447
69	458
69	468
69	477
69	486
69	496
69	506
69	518
71	313
71	323
71	331
71	338
71	345
71	351
71	357
71	363
71	369
71	375
71	381
71	387
71	394
71	401
71	408
71	416
71	424
71	433
71	443
71	454
72	303
72	312
72	319
72	324
72	330
72	333
72	338
72	342
72	345
72	349
72	352
72	356
72	359
72	363
72	366
72	370
72	373
72	376
72	380
72	383
72	387
72	390
72	394
72	397
72	401
72	405
72	408
72	412
72	416
72	420
72	424
72	428
72	433
72	437
72	442
72	447
72	452
72	458
72	464
72	470
72	476
72	483
72	490
72	497
72	505
72	513
72	522
72	532
73	300
73	309
73	315
73	321
73	324
73	329
73	332
73	336
73	339
73	342
73	345
73	349
73	351
73	354
73	357
73	360
73	363
73	365
73	369
73	371
73	374
73	377
73	379
73	382
73	385
73	387
73	390
73	393
73	395
73	398
73	401
73	404
73	406
73	409
73	412
73	415
73	418
73	421
73	424
73	427
73	430
73	433
73	436
73	439
73	442
73	446
73	448
73	452
73	455
73	459
73	462
73	466
73	469
73	473
73	477
73	481
73	485
73	489
73	493
73	497
73	501
73	505
73	509
73	514
73	518
73	523
73	528
73	534
73	540
73	547
73	555
73	564
74	308
74	317
74	324
74	331
74	338
74	344
74	350
74	356
74	362
74	368
74	374
74	380
74	386
74	391
74	397
74	402
74	407
74	412
74	417
74	421
74	426
74	430
74	434
74	438
74	442
74	446
74	450
74	454
74	458
74	462
74	466
74	470
74	474
74	478
74	482
74	486
74	490
74	494
74	498
74	502
74	506
74	510
74	514
74	518
74	523
74	527
74	532
74	537
74	543
74	549
74	556
74	564
74	573
75	460
75	471
75	482
75	492
75	502
75	512
75	523
75	535
-1	-1
