-1	-1
0	211
0	221
0	230
0	238
0	246
0	255
0	264
0	274
1	219
1	230
1	240
1	250
1	261
2	223
2	234
2	245
2	256
3	230
3	242
3	254
5	247
5	260
6	230
6	242
6	253
6	264
6	275
6	286
6	297
6	309
6	323
7	237
7	248
7	258
7	267
7	276
7	285
7	294
7	303
7	312
7	321
7	330
7	339
7	349
7	359
7	369
7	379
7	388
7	397
7	406
7	415
7	424
7	433
7	442
7	451
7	460
7	469
7	478
7	487
7	496
7	506
7	517
8	226
8	237
8	246
8	254
8	262
8	270
8	278
8	286
8	294
8	302
8	310
8	318
8	326
8	334
8	342
8	350
8	358
8	366
8	374
8	382
8	390
8	398
8	405
8	412
8	419
8	426
8	433
8	440
8	447
8	454
8	461
8	468
8	475
8	482
8	489
8	497
8	505
8	514
8	524
8	535
9	227
9	238
9	248
9	257
9	265
9	273
9	280
9	287
9	294
9	301
9	307
9	313
9	319
9	325
9	331
9	337
9	343
9	349
9	355
9	361
9	367
9	373
9	379
9	385
9	391
9	396
9	402
9	407
9	413
9	418
9	423
9	429
9	434
9	440
9	445
9	451
9	457
9	463
9	469
9	475
9	481
9	487
9	493
9	499
9	506
9	514
9	522
9	531
9	542
10	223
10	234
10	244
10	254
10	263
10	272
10	280
10	288
10	295
10	302
10	309
10	315
10	321
10	327
10	333
10	339
10	345
10	351
10	357
10	363
10	369
10	375
10	381
10	386
10	392
10	397
10	402
10	407
10	412
10	417
10	423
10	428
10	434
10	439
10	445
10	451
10	457
10	463
10	469
10	475
10	481
10	487
10	494
10	501
10	508
10	516
10	525
10	535
11	218
11	228
11	237
11	246
11	255
11	264
11	273
11	282
11	291
11	299
11	307
11	315
11	323
11	331
11	339
11	347
11	355
11	363
11	371
11	379
11	387
11	395
11	403
11	411
11	419
11	427
11	435
11	443
11	451
11	459
11	468
11	477
11	486
11	495
11	505
11	516
12	218
12	228
12	237
12	246
12	255
12	264
12	274
12	284
12	294
12	304
12	314
12	323
12	332
12	341
12	350
12	359
12	368
12	377
12	386
12	395
12	404
12	413
12	422
12	432
12	442
12	453
12	464
12	475
12	487
13	216
13	226
13	235
13	244
13	253
13	262
13	272
13	283
13	294
13	306
13	318
13	330
13	342
13	354
13	366
13	378
13	390
13	402
13	414
13	426
14	210
14	220
14	229
14	237
14	245
14	253
14	261
14	270
14	280
14	291
15	207
15	216
15	224
15	231
15	238
15	245
15	252
15	259
15	267
15	275
15	284
15	294
15	306
16	202
16	211
16	218
16	224
16	230
16	235
16	241
16	246
16	252
16	257
16	263
16	269
16	276
16	283
16	291
16	299
16	308
16	318
16	329
17	202
17	211
17	218
17	223
17	229
17	234
17	239
17	244
17	249
17	254
17	259
17	264
17	269
17	275
17	281
17	287
17	294
17	301
17	308
17	316
17	325
17	334
17	344
17	354
17	365
17	377
17	489
17	502
17	514
17	527
17	540
17	553
18	200
18	209
18	215
18	221
18	225
18	230
18	234
18	239
18	243
18	248
18	252
18	257
18	261
18	266
18	271
18	276
18	281
18	286
18	292
18	298
18	304
18	310
18	317
18	324
18	331
18	339
18	347
18	356
18	365
18	374
18	384
18	394
18	404
18	414
18	425
18	436
18	447
18	458
18	468
18	478
18	487
18	496
18	505
18	514
18	523
18	532
18	541
18	550
18	559
18	568
18	578
18	589
19	200
19	209
19	215
19	221
19	225
19	230
19	234
19	239
19	243
19	247
19	251
19	255
19	259
19	264
19	268
19	273
19	277
19	282
19	287
19	292
19	297
19	303
19	308
19	314
19	320
19	326
19	332
19	338
19	345
19	352
19	359
19	366
19	373
19	380
19	387
19	395
19	403
19	411
19	419
19	427
19	435
19	443
19	451
19	459
19	467
19	475
19	482
19	489
19	496
19	503
19	510
19	517
19	524
19	531
19	538
19	545
19	552
19	559
19	566
19	573
19	581
19	589
19	598
19	608
19	620
20	200
20	209
20	216
20	222
20	227
20	232
20	237
20	241
20	246
20	250
20	254
20	258
20	263
20	267
20	272
20	276
20	281
20	286
20	291
20	296
20	301
20	307
20	312
20	318
20	324
20	330
20	336
20	342
20	349
20	356
20	363
20	370
20	377
20	384
20	391
20	398
20	405
20	412
20	419
20	426
20	433
20	439
20	445
20	451
20	457
20	463
20	469
20	475
20	481
20	487
20	493
20	499
20	505
20	511
20	516
20	522
20	528
20	534
20	539
20	545
20	551
20	557
20	563
20	569
20	576
20	583
20	591
20	599
20	608
20	619
21	207
21	216
21	223
21	230
21	236
21	242
21	247
21	252
21	257
21	261
21	266
21	270
21	275
21	279
21	284
21	288
21	293
21	297
21	302
21	307
21	312
21	317
21	322
21	327
21	332
21	338
21	343
21	349
21	355
21	361
21	367
21	373
21	379
21	385
21	391
21	397
21	402
21	408
21	413
21	418
21	423
21	428
21	433
21	437
21	442
21	446
21	451
21	455
21	459
21	463
21	467
21	471
21	475
21	479
21	483
21	487
21	491
21	495
21	499
21	503
21	507
21	511
21	515
21	519
21	524
21	528
21	533
21	537
21	542
21	546
21	551
21	556
21	561
21	566
21	572
21	578
21	585
21	592
21	600
21	609
22	210
22	220
22	228
22	235
22	241
22	247
22	252
22	257
22	262
22	267
22	272
22	276
22	281
22	285
22	289
22	293
22	297
22	301
22	305
22	309
22	313
22	317
22	321
22	325
22	329
22	333
22	337
22	341
22	345
22	349
22	353
22	357
22	361
22	365
22	369
22	373
22	377
22	381
22	385
22	389
22	393
22	397
22	401
22	405
22	409
22	412
22	416
22	420
22	423
22	427
22	430
22	434
22	437
22	441
22	444
22	447
22	451
22	454
22	457
22	461
22	464
22	467
22	471
22	474
22	477
22	481
22	484
22	487
22	491
22	494
22	498
22	501
22	505
22	508
22	512
22	516
22	520
22	524
22	528
22	533
22	537
22	542
22	547
22	552
22	557
22	563
22	569
22	576
22	583
22	591
22	601
23	219
23	229
23	238
23	245
23	252
23	258
23	264
23	270
23	275
23	280
23	284
23	289
23	293
23	297
23	301
23	305
23	309
23	312
23	316
23	319
23	323
23	326
23	329
23	333
23	336
23	339
23	342
23	345
23	348
23	351
23	354
23	357
23	360
23	363
23	366
23	369
23	372
23	375
23	378
23	381
23	384
23	387
23	390
23	393
23	396
23	399
23	402
23	405
23	408
23	411
23	414
23	417
23	420
23	424
23	427
23	430
23	434
23	437
23	440
23	444
23	447
23	450
23	454
23	457
23	461
23	464
23	468
23	471
23	475
23	478
23	482
23	486
23	489
23	494
23	497
23	502
23	506
23	510
23	515
23	519
23	524
23	528
23	533
23	538
23	543
23	549
23	555
23	561
23	568
23	576
23	585
23	595
24	218
24	228
24	237
24	245
24	252
24	259
24	265
24	271
24	277
24	282
24	287
24	292
24	296
24	301
24	305
24	309
24	313
24	317
24	321
24	324
24	328
24	331
24	334
24	337
24	340
24	343
24	346
24	349
24	352
24	355
24	358
24	361
24	363
24	366
24	369
24	371
24	374
24	377
24	379
24	382
24	385
24	387
24	390
24	393
24	395
24	398
24	401
24	403
24	406
24	409
24	412
24	414
24	417
24	420
24	423
24	426
24	429
24	432
24	435
24	438
24	441
24	444
24	447
24	450
24	454
24	457
24	460
24	464
24	467
24	471
24	474
24	478
24	481
24	485
24	488
24	492
24	496
24	499
24	503
24	507
24	511
24	515
24	519
24	523
24	527
24	531
24	536
24	540
24	545
24	550
24	555
24	560
24	566
24	572
24	579
24	587
24	596
24	607
25	212
25	222
25	231
25	239
25	246
25	252
25	258
25	264
25	269
25	274
25	279
25	284
25	289
25	293
25	298
25	302
25	307
25	311
25	315
25	319
25	323
25	327
25	331
25	335
25	339
25	343
25	347
25	350
25	354
25	358
25	361
25	365
25	369
25	372
25	376
25	379
25	383
25	386
25	390
25	393
25	397
25	400
25	404
25	407
25	411
25	414
25	418
25	422
25	425
25	429
25	433
25	437
25	441
25	445
25	449
25	453
25	457
25	461
25	465
25	469
25	473
25	477
25	481
25	485
25	489
25	493
25	497
25	501
25	504
25	508
25	511
25	515
25	518
25	522
25	525
25	529
25	532
25	536
25	539
25	543
25	547
25	551
25	555
25	559
25	564
25	569
25	574
25	580
25	586
25	593
25	601
25	610
25	623
26	209
26	219
26	228
26	235
26	241
26	247
26	252
26	257
26	262
26	267
26	272
26	276
26	281
26	285
26	290
26	294
26	298
26	302
26	306
26	310
26	314
26	318
26	322
26	326
26	330
26	334
26	338
26	342
26	346
26	350
26	354
26	358
26	362
26	366
26	370
26	375
26	379
26	384
26	388
26	393
26	397
26	402
26	406
26	411
26	415
26	420
26	424
26	429
26	433
26	438
26	442
26	447
26	451
26	456
26	460
26	464
26	468
26	472
26	475
26	479
26	482
26	485
26	489
26	491
26	494
26	497
26	500
26	502
26	505
26	508
26	510
26	513
26	515
26	518
26	520
26	523
26	525
26	528
26	530
26	533
26	535
26	538
26	541
26	544
26	547
26	549
26	553
26	556
26	559
26	563
26	566
26	570
26	574
26	578
26	583
26	588
26	593
26	599
26	606
26	613
26	622
26	633
27	212
27	222
27	230
27	237
27	243
27	249
27	254
27	259
27	263
27	268
27	272
27	277
27	281
27	285
27	289
27	293
27	297
27	301
27	306
27	310
27	315
27	319
27	324
27	328
27	333
27	337
27	342
27	347
27	352
27	357
27	362
27	367
27	372
27	377
27	382
27	387
27	392
27	397
27	402
27	407
27	412
27	417
27	422
27	427
27	432
27	437
27	442
27	447
27	451
27	456
27	460
27	464
27	468
27	472
27	475
27	479
27	482
27	484
27	488
27	491
27	493
27	496
27	499
27	501
27	504
27	506
27	509
27	512
27	514
27	517
27	519
27	522
27	525
27	528
27	530
27	534
27	537
27	540
27	544
27	547
27	551
27	555
27	559
27	564
27	568
27	573
27	578
27	583
27	589
27	595
27	602
27	609
27	617
27	626
28	221
28	231
28	240
28	246
28	252
28	257
28	262
28	266
28	271
28	275
28	279
28	283
28	287
28	291
28	295
28	299
28	303
28	307
28	312
28	316
28	321
28	325
28	330
28	335
28	340
28	345
28	350
28	355
28	360
28	366
28	371
28	377
28	383
28	389
28	395
28	401
28	407
28	413
28	419
28	425
28	431
28	437
28	442
28	447
28	452
28	456
28	461
28	465
28	469
28	473
28	477
28	481
28	485
28	489
28	493
28	497
28	501
28	505
28	509
28	513
28	517
28	522
28	527
28	532
28	537
28	543
28	549
28	556
28	563
28	571
28	579
28	588
28	597
28	607
28	618
29	231
29	241
29	249
29	254
29	259
29	263
29	267
29	271
29	274
29	278
29	282
29	285
29	289
29	293
29	296
29	300
29	304
29	308
29	312
29	316
29	320
29	325
29	329
29	334
29	338
29	343
29	348
29	353
29	358
29	363
29	368
29	374
29	379
29	385
29	391
29	397
29	403
29	409
29	414
29	420
29	424
29	429
29	433
29	438
29	441
29	445
29	449
29	452
29	455
29	458
29	461
29	464
29	467
29	470
29	472
29	475
29	478
29	481
29	483
29	487
29	489
29	492
29	495
29	498
29	501
29	504
29	507
29	510
29	514
29	517
29	521
29	525
29	529
29	534
29	538
29	544
29	549
29	555
29	562
29	570
29	579
29	588
29	598
30	238
30	248
30	255
30	261
30	266
30	271
30	274
30	279
30	282
30	286
30	289
30	293
30	296
30	300
30	303
30	306
30	310
30	313
30	317
30	320
30	324
30	327
30	331
30	335
30	339
30	343
30	347
30	351
30	355
30	359
30	364
30	368
30	373
30	377
30	382
30	386
30	391
30	395
30	400
30	404
30	409
30	413
30	418
30	422
30	427
30	431
30	435
30	439
30	443
30	447
30	451
30	454
30	458
30	461
30	464
30	468
30	471
30	474
30	478
30	481
30	484
30	488
30	491
30	495
30	498
30	502
30	506
30	510
30	515
30	519
30	525
30	530
30	536
30	543
30	551
30	560
30	572
31	238
31	248
31	256
31	263
31	269
31	274
31	279
31	283
31	288
31	292
31	296
31	300
31	303
31	307
31	310
31	314
31	317
31	321
31	324
31	327
31	331
31	334
31	337
31	341
31	344
31	347
31	351
31	353
31	357
31	360
31	363
31	366
31	369
31	372
31	375
31	378
31	381
31	384
31	387
31	390
31	393
31	396
31	399
31	402
31	405
31	408
31	411
31	414
31	417
31	420
31	423
31	426
31	429
31	432
31	435
31	438
31	441
31	444
31	447
31	450
31	454
31	457
31	461
31	464
31	468
31	472
31	476
31	480
31	485
31	489
31	494
31	499
31	504
31	510
31	516
31	523
31	530
31	538
31	548
32	239
32	249
32	257
32	263
32	269
32	274
32	279
32	284
32	289
32	293
32	298
32	302
32	306
32	311
32	314
32	319
32	322
32	326
32	330
32	333
32	337
32	341
32	344
32	348
32	351
32	354
32	358
32	361
32	364
32	367
32	370
32	373
32	376
32	379
32	381
32	384
32	387
32	389
32	392
32	394
32	396
32	399
32	401
32	403
32	405
32	408
32	410
32	412
32	414
32	416
32	419
32	420
32	423
32	425
32	427
32	429
32	431
32	434
32	435
32	438
32	440
32	442
32	445
32	447
32	449
32	452
32	454
32	456
32	459
32	461
32	464
32	466
32	469
32	472
32	475
32	477
32	480
32	484
32	486
32	490
32	493
32	497
32	500
32	505
32	508
32	513
32	517
32	523
32	528
32	535
32	542
32	550
32	560
33	247
33	257
33	264
33	271
33	276
33	281
33	285
33	290
33	293
33	298
33	301
33	305
33	309
33	312
33	316
33	319
33	323
33	326
33	330
33	333
33	337
33	340
33	344
33	347
33	351
33	354
33	358
33	362
33	365
33	369
33	373
33	376
33	380
33	383
33	387
33	390
33	394
33	397
33	401
33	404
33	407
33	411
33	413
33	417
33	420
33	423
33	426
33	430
33	433
33	436
33	440
33	443
33	447
33	450
33	454
33	457
33	461
33	465
33	469
33	473
33	478
33	482
33	487
33	492
33	497
33	503
33	509
33	516
33	524
33	533
33	545
34	250
34	260
34	269
34	275
34	281
34	285
34	290
34	293
34	297
34	301
34	303
34	307
34	310
34	312
34	316
34	318
34	321
34	324
34	326
34	329
34	332
34	334
34	337
34	339
34	342
34	344
34	347
34	349
34	352
34	354
34	357
34	359
34	362
34	365
34	367
34	370
34	373
34	375
34	378
34	381
34	384
34	386
34	390
34	392
34	396
34	398
34	402
34	405
34	408
34	412
34	415
34	419
34	423
34	427
34	431
34	435
34	439
34	444
34	448
34	453
34	458
34	463
34	469
34	475
34	481
34	488
34	495
34	503
34	512
34	522
35	249
35	259
35	268
35	276
35	283
35	290
35	295
35	301
35	304
35	309
35	312
35	316
35	320
35	322
35	326
35	329
35	331
35	334
35	337
35	339
35	342
35	344
35	347
35	349
35	352
35	354
35	356
35	359
35	361
35	363
35	365
35	368
35	370
35	372
35	374
35	377
35	379
35	381
35	383
35	386
35	388
35	390
35	393
35	395
35	397
35	400
35	402
35	405
35	407
35	409
35	412
35	415
35	417
35	420
35	423
35	425
35	428
35	431
35	434
35	437
35	440
35	443
35	446
35	449
35	453
35	456
35	460
35	464
35	467
35	472
35	476
35	480
35	485
35	489
35	495
35	500
35	506
35	513
35	520
35	528
35	538
36	248
36	258
36	267
36	275
36	282
36	289
36	296
36	303
36	309
36	315
36	321
36	327
36	333
36	338
36	343
36	348
36	353
36	358
36	362
36	367
36	371
36	376
36	380
36	384
36	388
36	392
36	396
36	400
36	404
36	408
36	412
36	416
36	420
36	425
36	429
36	434
36	438
36	443
36	448
36	453
36	458
36	464
36	470
36	476
36	483
36	490
36	498
36	507
36	517
37	252
37	263
37	272
37	280
37	287
37	294
37	300
37	306
37	312
37	318
37	324
37	330
37	336
37	342
37	348
37	354
37	360
37	367
37	374
37	381
37	388
37	395
37	403
37	411
37	419
37	428
37	437
37	447
37	458
38	259
38	270
38	280
38	289
38	297
38	305
38	312
38	319
38	325
38	331
38	337
38	343
38	348
38	354
38	359
38	364
38	369
38	374
38	379
38	384
38	390
38	395
38	401
38	407
38	413
38	419
38	426
38	433
38	440
38	448
38	456
38	465
38	474
38	484
38	495
39	256
39	266
39	275
39	284
39	293
39	302
39	311
39	320
39	329
39	338
39	346
39	354
39	362
39	369
39	376
39	383
39	390
39	397
39	404
39	411
39	419
39	427
39	435
39	443
39	452
39	461
39	471
39	482
39	495
40	258
40	268
40	277
40	286
40	294
40	302
40	311
40	320
40	329
40	338
40	348
40	358
40	369
40	381
41	276
41	287
41	297
41	306
41	315
41	324
41	332
41	340
41	349
41	358
41	367
41	376
41	385
41	395
41	405
41	416
42	301
42	313
42	324
42	334
42	344
42	354
42	364
42	373
42	382
42	391
42	400
42	410
42	420
42	432
45	341
45	354
45	366
45	378
45	390
46	348
46	360
46	371
46	382
46	393
46	404
46	415
46	426
46	437
46	449
48	290
48	301
48	312
48	322
48	333
48	344
48	355
48	366
48	378
48	392
49	286
49	297
49	306
49	315
49	324
49	332
49	340
49	348
49	356
49	364
49	372
49	380
49	388
49	396
49	404
49	413
49	422
49	431
49	441
49	451
49	462
49	474
50	292
50	303
50	313
50	323
50	332
50	341
50	350
50	358
50	366
50	374
50	382
50	390
50	397
50	404
50	411
50	418
50	425
50	433
50	441
50	449
50	457
50	466
50	475
50	485
50	496
51	280
51	292
51	304
51	315
51	326
51	337
51	348
51	359
51	370
51	381
51	392
51	402
51	412
51	422
51	432
51	442
51	452
51	463
51	474
52	268
52	279
52	289
52	298
52	307
52	315
52	323
52	331
52	339
52	347
52	355
52	363
52	371
52	379
52	388
52	397
52	406
52	416
52	426
52	437
53	267
53	277
53	285
53	292
53	299
53	305
53	311
53	317
53	322
53	328
53	333
53	338
53	343
53	348
53	353
53	358
53	363
53	368
53	373
53	378
53	383
53	388
53	394
53	399
53	405
53	411
53	417
53	424
53	431
53	438
53	446
53	454
53	463
53	473
53	484
54	270
54	280
54	288
54	295
54	301
54	306
54	311
54	315
54	320
54	323
54	328
54	331
54	335
54	339
54	342
54	346
54	349
54	352
54	356
54	359
54	362
54	365
54	369
54	371
54	375
54	378
54	381
54	384
54	388
54	391
54	394
54	398
54	401
54	405
54	408
54	412
54	415
54	419
54	423
54	427
54	431
54	435
54	439
54	444
54	449
54	454
54	459
54	465
54	471
54	477
54	484
54	491
54	498
54	506
54	515
54	525
55	278
55	289
55	298
55	305
55	311
55	316
55	321
55	325
55	329
55	332
55	336
55	339
55	342
55	345
55	348
55	351
55	353
55	356
55	359
55	361
55	364
55	366
55	369
55	371
55	374
55	376
55	379
55	381
55	383
55	386
55	388
55	391
55	393
55	395
55	398
55	400
55	403
55	405
55	408
55	410
55	413
55	416
55	418
55	421
55	424
55	427
55	429
55	433
55	436
55	439
55	443
55	446
55	449
55	453
55	456
55	460
55	464
55	468
55	472
55	476
55	481
55	485
55	490
55	495
55	500
55	506
55	512
55	519
55	527
55	536
55	546
56	268
56	279
56	289
56	299
56	309
56	318
56	327
56	334
56	341
56	347
56	353
56	358
56	363
56	368
56	373
56	378
56	382
56	387
56	391
56	396
56	400
56	405
56	409
56	414
56	418
56	423
56	428
56	433
56	438
56	444
56	449
56	455
56	461
56	467
56	474
56	481
56	488
56	496
56	505
56	515
57	261
57	271
57	280
57	288
57	296
57	303
57	311
57	319
57	327
57	335
57	343
57	352
57	361
57	371
57	381
57	391
57	401
57	411
57	421
57	431
57	442
57	453
57	464
57	477
58	257
58	266
58	273
58	279
58	284
58	289
58	294
58	299
58	303
58	308
58	312
58	317
58	321
58	326
58	330
58	335
58	340
58	345
58	350
58	355
58	360
58	366
58	371
58	377
58	383
58	389
58	395
58	401
58	407
58	413
58	419
58	425
58	431
58	437
58	444
58	450
58	457
58	464
58	471
58	479
58	487
58	496
58	506
59	257
59	265
59	272
59	276
59	281
59	284
59	288
59	292
59	294
59	298
59	301
59	303
59	307
59	309
59	312
59	315
59	317
59	320
59	323
59	325
59	328
59	331
59	333
59	336
59	339
59	341
59	344
59	347
59	349
59	352
59	355
59	358
59	360
59	364
59	366
59	369
59	372
59	375
59	378
59	381
59	384
59	387
59	390
59	393
59	396
59	399
59	402
59	405
59	408
59	411
59	415
59	417
59	421
59	424
59	427
59	431
59	434
59	437
59	441
59	444
59	448
59	451
59	455
59	458
59	462
59	466
59	469
59	474
59	477
59	482
59	486
59	491
59	496
59	501
59	507
59	513
59	520
59	527
59	536
59	547
60	262
60	271
60	277
60	282
60	285
60	290
60	292
60	295
60	299
60	301
60	303
60	306
60	308
60	311
60	312
60	315
60	317
60	319
60	321
60	323
60	325
60	327
60	329
60	331
60	332
60	335
60	336
60	338
60	340
60	342
60	343
60	345
60	347
60	349
60	351
60	352
60	354
60	356
60	358
60	359
60	361
60	363
60	365
60	366
60	368
60	370
60	372
60	373
60	375
60	377
60	379
60	380
60	382
60	384
60	386
60	387
60	389
60	391
60	393
60	394
60	396
60	398
60	400
60	401
60	403
60	405
60	407
60	408
60	410
60	412
60	414
60	415
60	417
60	419
60	421
60	422
60	424
60	426
60	428
60	429
60	431
60	433
60	435
60	436
60	438
60	440
60	442
60	444
60	445
60	447
60	449
60	451
60	453
60	455
60	456
60	459
60	460
60	463
60	464
60	467
60	468
60	471
60	473
60	475
60	477
60	479
60	482
60	484
60	486
60	489
60	491
60	494
60	496
60	499
60	502
60	505
60	508
60	511
60	515
60	518
60	522
60	526
60	530
60	535
60	540
60	546
60	553
60	561
60	571
61	277
61	286
61	292
61	298
61	302
61	306
61	310
61	312
61	316
61	319
61	322
61	323
61	327
61	329
61	331
61	333
61	336
61	337
61	340
61	342
61	343
61	346
61	347
61	350
61	351
61	353
61	355
61	357
61	358
61	360
61	362
61	363
61	365
61	367
61	368
61	370
61	372
61	373
61	375
61	376
61	378
61	380
61	381
61	382
61	384
61	386
61	387
61	388
61	390
61	392
61	393
61	394
61	396
61	397
61	399
61	400
61	402
61	403
61	404
61	406
61	407
61	409
61	410
61	411
61	413
61	414
61	415
61	417
61	418
61	420
61	421
61	422
61	423
61	425
61	426
61	428
61	429
61	430
61	431
61	433
61	434
61	436
61	437
61	438
61	439
61	441
61	442
61	444
61	445
61	446
61	448
61	449
61	450
61	452
61	453
61	455
61	456
61	457
61	459
61	460
61	462
61	463
61	465
61	466
61	468
61	469
61	471
61	473
61	474
61	476
61	477
61	479
61	481
61	483
61	485
61	486
61	488
61	490
61	493
61	494
61	497
61	498
61	501
61	504
61	506
61	508
61	511
61	514
61	517
61	520
61	524
61	527
61	531
61	535
61	539
61	545
61	550
61	557
61	565
61	574
62	266
62	280
62	307
62	318
62	328
62	336
62	343
62	350
62	356
62	362
62	367
62	372
62	376
62	381
62	384
62	389
62	392
62	396
62	399
62	402
62	405
62	409
62	411
62	414
62	417
62	420
62	422
62	425
62	428
62	431
62	433
62	436
62	439
62	442
62	444
62	448
62	450
62	454
62	456
62	460
62	463
62	467
62	470
62	474
62	478
62	482
62	487
62	491
62	497
62	502
62	508
62	515
62	522
62	530
62	540
63	248
63	258
63	266
63	274
63	282
63	290
63	299
63	308
63	318
64	242
64	251
64	258
64	263
64	269
64	274
64	279
64	284
64	289
64	294
64	299
64	305
64	310
64	316
64	322
64	329
64	336
64	344
64	353
64	362
64	372
64	383
64	467
64	478
64	489
64	499
64	508
64	517
64	526
64	535
64	544
64	554
64	565
65	243
65	251
65	257
65	262
65	266
65	271
65	273
65	278
65	281
65	284
65	288
65	291
65	294
65	298
65	301
65	304
65	308
65	311
65	315
65	318
65	322
65	326
65	329
65	334
65	337
65	342
65	346
65	351
65	356
65	361
65	366
65	371
65	377
65	383
65	389
65	395
65	401
65	408
65	415
65	422
65	429
65	436
65	443
65	450
65	456
65	462
65	468
65	474
65	480
65	485
65	491
65	496
65	501
65	506
65	511
65	515
65	520
65	524
65	529
65	533
65	538
65	542
65	547
65	552
65	557
65	563
65	569
65	576
65	584
65	593
65	604
66	248
66	256
66	262
66	267
66	272
66	274
66	279
66	282
66	285
66	288
66	291
66	294
66	297
66	300
66	302
66	305
66	308
66	311
66	313
66	316
66	319
66	321
66	324
66	327
66	329
66	332
66	335
66	338
66	340
66	344
66	346
66	349
66	352
66	355
66	358
66	361
66	364
66	367
66	370
66	373
66	376
66	379
66	383
66	386
66	389
66	393
66	396
66	399
66	403
66	406
66	410
66	413
66	417
66	420
66	424
66	427
66	431
66	434
66	438
66	441
66	445
66	448
66	452
66	455
66	458
66	462
66	464
66	468
66	471
66	474
66	477
66	480
66	483
66	486
66	489
66	491
66	494
66	497
66	499
66	502
66	504
66	507
66	509
66	512
66	514
66	517
66	519
66	522
66	524
66	526
66	529
66	531
66	534
66	536
66	539
66	541
66	544
66	546
66	549
66	552
66	555
66	557
66	561
66	564
66	567
66	571
66	575
66	579
66	584
66	588
66	594
66	600
66	607
66	616
66	627
67	268
67	278
67	285
67	292
67	298
67	303
67	308
67	312
67	317
67	321
67	325
67	329
67	333
67	336
67	340
67	343
67	347
67	350
67	353
67	357
67	360
67	363
67	367
67	370
67	373
67	376
67	379
67	382
67	385
67	388
67	391
67	394
67	397
67	400
67	403
67	406
67	409
67	412
67	415
67	418
67	421
67	424
67	427
67	430
67	433
67	436
67	439
67	441
67	444
67	447
67	449
67	452
67	455
67	457
67	460
67	462
67	465
67	467
67	470
67	472
67	474
67	477
67	479
67	481
67	483
67	486
67	488
67	490
67	492
67	494
67	496
67	499
67	500
67	502
67	505
67	506
67	509
67	510
67	513
67	514
67	517
67	518
67	521
67	522
67	525
67	527
67	528
67	531
67	533
67	535
67	537
67	539
67	542
67	544
67	546
67	549
67	551
67	554
67	557
67	559
67	563
67	566
67	569
67	573
67	576
67	580
67	585
67	589
67	595
67	601
67	608
67	617
68	349
68	360
68	371
68	381
68	390
68	399
68	408
68	416
68	424
68	432
68	439
68	446
68	453
68	460
68	466
68	472
68	478
68	483
68	488
68	493
68	498
68	503
68	508
68	513
68	518
68	524
68	529
68	535
68	542
68	549
68	557
68	567
70	258
70	269
70	280
70	292
71	249
71	258
71	266
71	273
71	280
71	287
71	294
71	301
71	308
71	315
71	322
71	330
71	338
71	346
71	355
71	364
71	373
71	383
71	393
71	404
71	415
71	427
71	532
71	544
71	556
71	568
72	248
72	256
72	262
72	267
72	272
72	276
72	281
72	285
72	289
72	293
72	297
72	301
72	305
72	309
72	313
72	317
72	321
72	325
72	329
72	333
72	337
72	342
72	346
72	351
72	355
72	360
72	364
72	369
72	374
72	379
72	384
72	389
72	394
72	399
72	404
72	409
72	415
72	420
72	426
72	432
72	438
72	444
72	450
72	456
72	462
72	468
72	474
72	480
72	486
72	492
72	498
72	504
72	510
72	516
72	522
72	528
72	534
72	540
72	546
72	552
72	558
72	564
72	570
72	576
72	582
72	589
72	597
72	606
72	617
73	248
73	256
73	262
73	268
73	272
73	277
73	281
73	285
73	289
73	293
73	296
73	300
73	303
73	307
73	310
73	314
73	317
73	321
73	324
73	327
73	331
73	334
73	337
73	341
73	344
73	347
73	351
73	354
73	357
73	361
73	364
73	367
73	371
73	374
73	378
73	381
73	385
73	388
73	392
73	395
73	399
73	402
73	406
73	409
73	413
73	416
73	420
73	424
73	427
73	431
73	435
73	439
73	443
73	447
73	451
73	455
73	459
73	463
73	467
73	471
73	475
73	479
73	483
73	487
73	491
73	495
73	499
73	503
73	507
73	511
73	515
73	519
73	523
73	527
73	531
73	535
73	539
73	543
73	547
73	551
73	555
73	559
73	563
73	567
73	571
73	575
73	579
73	584
73	589
73	595
73	601
73	608
73	616
73	625
74	262
74	273
74	283
74	292
74	300
74	308
74	315
74	322
74	328
74	334
74	340
74	346
74	352
74	358
74	363
74	369
74	374
74	380
74	385
74	390
74	395
74	400
74	405
74	410
74	415
74	420
74	425
74	430
74	435
74	441
74	446
74	452
74	457
74	463
74	468
74	474
74	479
74	485
74	491
74	497
74	503
74	509
74	515
74	521
74	527
74	533
74	539
74	545
74	551
74	557
74	563
74	570
74	577
74	585
74	594
74	605
-1	-1
