-1	-1
0	169
0	179
0	188
0	196
0	203
0	209
0	215
0	221
0	227
0	233
0	239
0	245
0	251
0	257
0	263
0	269
0	276
0	283
0	290
0	298
0	306
0	315
0	324
0	334
0	345
1	180
1	191
1	200
1	208
1	216
1	223
1	230
1	237
1	244
1	251
1	258
1	265
1	273
1	281
1	289
1	298
1	307
1	317
1	327
1	339
2	179
2	190
2	199
2	207
2	215
2	223
2	231
2	239
2	247
2	255
2	263
2	271
2	279
2	288
2	297
2	307
2	317
2	329
3	177
3	187
3	196
3	205
3	213
3	221
3	229
3	237
3	246
3	255
3	264
3	274
3	284
3	295
3	307
4	170
4	180
4	189
4	198
4	206
4	214
4	222
4	230
4	239
4	248
4	258
4	268
4	279
5	172
5	183
5	192
5	201
5	209
5	217
5	225
5	233
5	242
5	251
5	261
5	271
5	282
6	171
6	182
6	191
6	200
6	209
6	218
6	227
6	236
6	245
6	254
6	263
6	272
6	282
6	292
6	302
6	313
6	324
6	335
6	346
6	357
6	369
7	173
7	184
7	194
7	203
7	212
7	221
7	230
7	239
7	248
7	256
7	264
7	272
7	280
7	288
7	296
7	304
7	313
7	322
7	331
7	340
7	349
7	358
7	368
7	378
7	389
7	400
7	411
7	422
7	433
7	445
8	181
8	192
8	202
8	211
8	220
8	228
8	236
8	243
8	250
8	257
8	264
8	271
8	278
8	285
8	292
8	299
8	306
8	313
8	320
8	327
8	334
8	341
8	349
8	357
8	365
8	373
8	382
8	391
8	401
8	411
8	421
8	432
8	444
9	180
9	191
9	201
9	210
9	219
9	228
9	236
9	243
9	250
9	256
9	262
9	268
9	274
9	280
9	286
9	292
9	297
9	303
9	309
9	315
9	321
9	327
9	333
9	339
9	345
9	351
9	358
9	365
9	372
9	379
9	386
9	394
9	402
9	411
9	420
9	429
9	439
9	450
9	464
10	177
10	187
10	196
10	205
10	214
10	222
10	230
10	237
10	243
10	249
10	255
10	261
10	266
10	272
10	277
10	282
10	287
10	292
10	297
10	302
10	307
10	312
10	317
10	322
10	327
10	332
10	337
10	342
10	348
10	353
10	359
10	365
10	371
10	377
10	384
10	391
10	399
10	407
10	415
10	424
10	433
10	442
10	452
10	462
10	474
11	177
11	187
11	196
11	205
11	214
11	223
11	232
11	240
11	248
11	255
11	262
11	269
11	276
11	282
11	288
11	294
11	300
11	306
11	312
11	318
11	324
11	330
11	336
11	342
11	348
11	355
11	362
11	369
11	377
11	386
11	396
11	406
11	417
11	428
11	439
11	450
11	461
11	474
12	173
12	184
12	194
12	204
12	214
12	224
12	234
12	244
12	253
12	262
12	271
12	280
12	289
12	298
12	307
12	316
12	325
12	334
12	343
12	352
12	362
12	373
13	180
13	191
13	202
13	213
13	224
13	236
13	248
13	260
13	272
13	284
13	296
13	308
13	320
13	332
13	345
14	179
14	190
14	200
14	210
14	220
14	231
14	243
14	255
14	267
14	279
14	292
15	171
15	181
15	190
15	199
15	208
15	217
15	226
15	236
15	246
15	257
15	269
15	284
16	168
16	178
16	187
16	195
16	203
16	211
16	219
16	228
16	237
16	247
16	257
16	268
16	281
16	419
16	430
16	440
16	450
16	460
16	472
17	168
17	178
17	187
17	195
17	203
17	211
17	219
17	227
17	236
17	245
17	255
17	265
17	276
17	289
17	412
17	423
17	433
17	443
17	453
17	463
17	474
18	167
18	176
18	184
18	192
18	199
18	206
18	214
18	222
18	230
18	238
18	247
18	256
18	265
18	275
18	285
18	296
18	307
18	318
18	330
18	342
18	354
18	407
18	418
18	427
18	435
18	443
18	451
18	459
18	468
18	478
18	489
19	167
19	176
19	184
19	191
19	198
19	205
19	212
19	219
19	226
19	233
19	240
19	248
19	256
19	264
19	273
19	282
19	291
19	300
19	310
19	320
19	330
19	340
19	350
19	360
19	370
19	380
19	391
19	402
19	412
19	421
19	429
19	437
19	444
19	451
19	458
19	466
19	474
19	483
19	493
20	167
20	176
20	183
20	190
20	196
20	202
20	208
20	214
20	220
20	226
20	232
20	238
20	244
20	251
20	258
20	265
20	272
20	279
20	286
20	293
20	300
20	307
20	314
20	321
20	328
20	335
20	342
20	349
20	356
20	363
20	370
20	377
20	384
20	391
20	399
20	406
20	413
20	420
20	427
20	433
20	440
20	446
20	453
20	460
20	467
20	475
20	483
20	492
20	502
21	163
21	172
21	179
21	185
21	190
21	195
21	200
21	205
21	210
21	214
21	219
21	224
21	229
21	234
21	239
21	244
21	249
21	254
21	259
21	264
21	269
21	274
21	279
21	284
21	289
21	294
21	299
21	304
21	309
21	314
21	319
21	324
21	329
21	334
21	339
21	344
21	349
21	354
21	359
21	364
21	369
21	374
21	379
21	384
21	389
21	394
21	399
21	405
21	410
21	415
21	420
21	425
21	430
21	435
21	440
21	445
21	450
21	456
21	461
21	467
21	473
21	479
21	486
21	493
21	501
21	510
21	520
22	160
22	169
22	174
22	180
22	183
22	188
22	192
22	195
22	199
22	203
22	206
22	210
22	213
22	217
22	220
22	224
22	227
22	231
22	234
22	238
22	241
22	245
22	248
22	252
22	255
22	259
22	262
22	266
22	269
22	273
22	276
22	280
22	283
22	287
22	290
22	294
22	297
22	301
22	304
22	308
22	311
22	314
22	318
22	321
22	324
22	328
22	331
22	334
22	337
22	340
22	343
22	346
22	349
22	353
22	356
22	359
22	363
22	366
22	370
22	374
22	377
22	381
22	385
22	389
22	393
22	397
22	401
22	406
22	410
22	414
22	419
22	423
22	427
22	432
22	436
22	441
22	445
22	450
22	454
22	459
22	464
22	469
22	474
22	479
22	485
22	491
22	497
22	504
22	512
22	521
22	531
23	158
23	166
23	172
23	178
23	183
23	188
23	192
23	196
23	200
23	204
23	208
23	212
23	215
23	219
23	222
23	226
23	229
23	232
23	236
23	239
23	242
23	245
23	248
23	251
23	254
23	257
23	260
23	263
23	266
23	269
23	272
23	275
23	278
23	281
23	283
23	286
23	289
23	292
23	294
23	297
23	300
23	302
23	305
23	308
23	310
23	313
23	315
23	318
23	321
23	323
23	326
23	328
23	331
23	333
23	336
23	338
23	341
23	344
23	346
23	349
23	352
23	354
23	357
23	360
23	363
23	366
23	369
23	372
23	375
23	378
23	382
23	385
23	389
23	392
23	396
23	400
23	404
23	408
23	412
23	416
23	420
23	424
23	428
23	432
23	437
23	441
23	446
23	450
23	455
23	459
23	464
23	468
23	473
23	478
23	483
23	489
23	495
23	502
23	509
23	517
23	527
24	159
24	168
24	176
24	183
24	189
24	194
24	200
24	204
24	209
24	213
24	217
24	221
24	225
24	229
24	232
24	236
24	240
24	243
24	247
24	250
24	253
24	256
24	259
24	262
24	265
24	268
24	271
24	274
24	277
24	280
24	282
24	285
24	288
24	291
24	293
24	296
24	299
24	301
24	304
24	307
24	309
24	312
24	315
24	317
24	320
24	323
24	325
24	328
24	331
24	333
24	336
24	339
24	342
24	345
24	348
24	351
24	354
24	357
24	360
24	364
24	367
24	370
24	374
24	377
24	381
24	385
24	388
24	392
24	396
24	400
24	404
24	408
24	412
24	417
24	421
24	426
24	430
24	435
24	439
24	444
24	448
24	453
24	458
24	463
24	468
24	473
24	478
24	484
24	490
24	497
24	505
24	514
24	525
25	159
25	169
25	177
25	183
25	189
25	194
25	199
25	203
25	208
25	212
25	216
25	220
25	223
25	227
25	231
25	234
25	238
25	242
25	245
25	249
25	252
25	256
25	259
25	263
25	266
25	270
25	273
25	276
25	280
25	283
25	286
25	290
25	293
25	296
25	300
25	303
25	306
25	310
25	313
25	317
25	320
25	324
25	327
25	331
25	334
25	338
25	342
25	346
25	350
25	354
25	358
25	362
25	366
25	370
25	375
25	379
25	384
25	388
25	393
25	397
25	402
25	406
25	411
25	415
25	420
25	424
25	429
25	433
25	437
25	442
25	446
25	451
25	455
25	460
25	465
25	470
25	475
25	481
25	487
25	494
25	502
25	511
25	522
26	154
26	163
26	171
26	177
26	183
26	188
26	193
26	197
26	202
26	205
26	210
26	213
26	217
26	220
26	223
26	227
26	230
26	233
26	237
26	240
26	244
26	247
26	251
26	254
26	258
26	261
26	265
26	268
26	272
26	276
26	279
26	283
26	287
26	291
26	295
26	299
26	303
26	307
26	311
26	315
26	319
26	323
26	328
26	332
26	337
26	341
26	346
26	350
26	355
26	359
26	363
26	368
26	372
26	376
26	380
26	384
26	388
26	392
26	396
26	400
26	405
26	409
26	414
26	418
26	422
26	426
26	430
26	434
26	438
26	442
26	446
26	450
26	454
26	458
26	463
26	467
26	472
26	477
26	483
26	489
26	496
26	504
26	513
26	524
27	151
27	160
27	167
27	173
27	179
27	184
27	189
27	193
27	198
27	201
27	205
27	209
27	212
27	216
27	219
27	223
27	226
27	230
27	233
27	237
27	240
27	244
27	247
27	251
27	255
27	258
27	262
27	266
27	270
27	274
27	278
27	282
27	286
27	290
27	295
27	299
27	304
27	308
27	313
27	317
27	322
27	326
27	331
27	335
27	340
27	344
27	349
27	353
27	357
27	361
27	365
27	369
27	373
27	377
27	381
27	385
27	389
27	394
27	398
27	403
27	407
27	412
27	417
27	422
27	427
27	432
27	437
27	442
27	447
27	452
27	457
27	462
27	467
27	473
27	479
27	486
27	493
27	501
27	510
27	522
28	158
28	168
28	176
28	183
28	189
28	194
28	200
28	205
28	210
28	214
28	219
28	223
28	228
28	232
28	237
28	241
28	246
28	251
28	256
28	261
28	266
28	271
28	276
28	281
28	286
28	291
28	297
28	302
28	308
28	313
28	319
28	324
28	329
28	334
28	339
28	343
28	348
28	352
28	356
28	360
28	364
28	368
28	372
28	376
28	380
28	384
28	388
28	393
28	397
28	402
28	407
28	412
28	418
28	424
28	430
28	436
28	442
28	448
28	454
28	460
28	466
28	473
28	480
28	487
28	495
28	504
28	514
29	161
29	171
29	179
29	186
29	192
29	198
29	203
29	209
29	214
29	219
29	224
29	229
29	234
29	239
29	244
29	249
29	254
29	259
29	264
29	269
29	274
29	279
29	284
29	289
29	295
29	300
29	306
29	312
29	318
29	323
29	328
29	333
29	338
29	342
29	347
29	351
29	355
29	359
29	363
29	367
29	371
29	375
29	379
29	384
29	388
29	393
29	398
29	403
29	409
29	415
29	421
29	427
29	434
29	441
29	448
29	455
29	462
29	469
29	476
29	483
29	491
29	499
29	508
29	520
30	161
30	171
30	179
30	186
30	193
30	199
30	204
30	210
30	215
30	221
30	226
30	231
30	236
30	241
30	246
30	251
30	256
30	261
30	265
30	270
30	274
30	279
30	283
30	288
30	292
30	297
30	301
30	306
30	310
30	315
30	319
30	323
30	327
30	331
30	335
30	339
30	343
30	346
30	350
30	354
30	358
30	362
30	366
30	370
30	374
30	378
30	383
30	387
30	392
30	397
30	403
30	409
30	416
30	423
30	430
30	437
30	444
30	451
30	458
30	465
30	472
30	480
30	488
30	496
30	505
30	515
31	167
31	176
31	184
31	191
31	198
31	204
31	210
31	215
31	220
31	225
31	230
31	234
31	239
31	243
31	248
31	252
31	256
31	261
31	264
31	268
31	272
31	275
31	279
31	282
31	286
31	289
31	293
31	296
31	300
31	303
31	306
31	310
31	312
31	316
31	319
31	322
31	325
31	328
31	331
31	334
31	337
31	340
31	343
31	346
31	349
31	352
31	355
31	358
31	361
31	365
31	368
31	372
31	376
31	379
31	384
31	388
31	393
31	398
31	404
31	410
31	417
31	425
31	433
31	441
31	449
31	458
31	466
31	474
31	482
31	490
31	498
31	507
31	517
32	173
32	184
32	193
32	201
32	208
32	214
32	220
32	224
32	229
32	233
32	237
32	241
32	244
32	248
32	251
32	254
32	258
32	261
32	264
32	267
32	270
32	273
32	276
32	279
32	282
32	285
32	288
32	291
32	293
32	297
32	299
32	302
32	305
32	308
32	310
32	313
32	316
32	319
32	321
32	324
32	327
32	330
32	332
32	336
32	338
32	341
32	344
32	347
32	350
32	354
32	357
32	360
32	364
32	368
32	372
32	376
32	381
32	386
32	391
32	397
32	404
32	412
32	421
32	431
32	442
32	453
32	463
32	472
32	481
32	490
32	499
32	508
32	518
33	182
33	193
33	202
33	210
33	217
33	222
33	227
33	232
33	235
33	240
33	242
33	246
33	249
33	252
33	255
33	258
33	261
33	263
33	267
33	269
33	272
33	275
33	277
33	280
33	283
33	286
33	288
33	291
33	294
33	296
33	299
33	302
33	305
33	307
33	310
33	313
33	316
33	319
33	322
33	325
33	328
33	331
33	335
33	338
33	342
33	345
33	349
33	353
33	357
33	361
33	366
33	371
33	376
33	382
33	388
33	395
33	403
33	413
33	425
33	476
33	487
33	497
33	507
33	517
33	528
34	180
34	190
34	199
34	207
34	214
34	221
34	228
34	234
34	240
34	245
34	251
34	255
34	260
34	264
34	269
34	273
34	277
34	281
34	285
34	289
34	293
34	297
34	301
34	305
34	309
34	313
34	317
34	322
34	326
34	331
34	336
34	341
34	346
34	351
34	357
34	363
34	370
34	377
34	385
34	395
34	496
34	508
34	520
35	192
35	203
35	213
35	222
35	230
35	238
35	245
35	252
35	259
35	265
35	271
35	276
35	282
35	287
35	292
35	297
35	302
35	307
35	312
35	317
35	323
35	328
35	334
35	340
35	346
35	353
35	360
35	368
35	377
35	387
36	207
36	217
36	225
36	232
36	239
36	244
36	250
36	255
36	260
36	265
36	270
36	274
36	279
36	283
36	288
36	292
36	297
36	302
36	307
36	312
36	317
36	322
36	327
36	332
36	338
36	343
36	349
36	355
36	362
36	369
36	377
36	386
36	397
37	206
37	217
37	225
37	232
37	239
37	244
37	250
37	254
37	259
37	263
37	268
37	272
37	276
37	281
37	285
37	289
37	294
37	298
37	303
37	307
37	312
37	317
37	322
37	327
37	332
37	338
37	344
37	350
37	357
37	364
37	372
37	381
37	392
38	208
38	219
38	229
38	239
38	248
38	256
38	263
38	269
38	275
38	281
38	287
38	293
38	299
38	305
38	311
38	317
38	324
38	331
38	338
38	346
38	355
38	365
38	376
39	210
39	221
39	231
39	240
39	249
39	257
39	265
39	272
39	279
39	286
39	293
39	299
39	306
39	313
39	320
39	327
39	335
39	343
39	352
39	362
39	374
40	199
40	209
40	218
40	226
40	233
40	239
40	245
40	251
40	256
40	262
40	267
40	273
40	278
40	284
40	289
40	295
40	300
40	306
40	312
40	318
40	324
40	331
40	338
40	346
40	354
40	363
40	374
41	187
41	198
41	208
41	217
41	224
41	231
41	237
41	242
41	247
41	252
41	256
41	261
41	265
41	270
41	274
41	279
41	283
41	288
41	293
41	298
41	303
41	308
41	313
41	318
41	324
41	330
41	337
41	344
41	352
41	361
41	372
42	190
42	201
42	211
42	220
42	229
42	237
42	245
42	252
42	259
42	265
42	271
42	277
42	283
42	289
42	295
42	301
42	307
42	313
42	319
42	326
42	333
42	341
42	349
42	358
42	369
43	209
43	220
43	231
43	242
43	253
43	263
43	272
43	281
43	290
43	298
43	306
43	315
43	324
43	334
43	344
44	226
44	238
44	250
44	262
44	273
44	284
44	295
44	306
44	317
45	226
45	237
45	247
45	256
45	265
45	274
45	284
45	294
45	304
45	315
46	221
46	232
46	242
46	251
46	259
46	267
46	275
46	283
46	291
46	300
46	309
46	319
46	330
46	343
47	217
47	229
47	241
47	252
47	262
47	271
47	280
47	289
47	298
47	307
47	317
47	328
48	218
48	230
48	243
48	257
48	269
48	279
48	289
48	299
48	309
48	319
48	330
49	208
49	219
49	229
49	239
49	249
49	259
49	269
49	279
49	288
49	297
49	306
49	315
49	325
49	335
49	346
50	191
50	202
50	211
50	220
50	228
50	235
50	242
50	249
50	256
50	263
50	270
50	277
50	285
50	293
50	301
50	309
50	317
50	326
50	335
50	345
50	356
51	181
51	191
51	200
51	208
51	215
51	222
51	228
51	234
51	240
51	245
51	251
51	256
51	261
51	266
51	272
51	277
51	283
51	289
51	295
51	301
51	308
51	315
51	323
51	331
51	340
51	350
51	364
52	187
52	196
52	204
52	211
52	218
52	225
52	232
52	239
52	246
52	253
52	260
52	267
52	273
52	279
52	285
52	292
52	298
52	305
52	312
52	319
52	327
52	335
52	344
52	354
52	366
53	189
53	198
53	206
53	214
53	222
53	230
53	238
53	246
53	254
53	262
53	270
53	278
53	285
53	292
53	299
53	306
53	313
53	320
53	328
53	336
53	344
53	353
53	363
53	375
54	199
54	210
54	219
54	228
54	236
54	244
54	252
54	260
54	268
54	276
54	283
54	290
54	297
54	304
54	311
54	318
54	325
54	332
54	340
54	348
54	357
54	367
55	208
55	218
55	227
55	234
55	241
55	247
55	253
55	259
55	265
55	271
55	278
55	284
55	290
55	296
55	302
55	308
55	314
55	320
55	326
55	333
55	340
55	348
55	356
55	365
55	376
56	209
56	219
56	226
56	232
56	238
56	242
56	247
56	251
56	255
56	259
56	263
56	267
56	271
56	275
56	279
56	284
56	288
56	293
56	297
56	302
56	306
56	311
56	315
56	320
56	325
56	330
56	335
56	340
56	346
56	352
56	358
56	365
56	373
56	382
56	393
57	210
57	220
57	226
57	232
57	236
57	241
57	243
57	248
57	251
57	253
57	257
57	260
57	262
57	265
57	268
57	271
57	273
57	276
57	279
57	282
57	285
57	288
57	291
57	294
57	297
57	300
57	304
57	307
57	310
57	314
57	317
57	320
57	324
57	327
57	331
57	334
57	338
57	342
57	346
57	350
57	355
57	359
57	364
57	369
57	375
57	381
57	388
57	396
57	405
57	417
58	210
58	220
58	227
58	233
58	239
58	244
58	249
58	253
58	257
58	261
58	264
58	268
58	271
58	274
58	277
58	280
58	283
58	286
58	289
58	292
58	295
58	298
58	301
58	305
58	308
58	311
58	315
58	318
58	321
58	324
58	328
58	331
58	334
58	338
58	341
58	345
58	348
58	352
58	356
58	360
58	364
58	369
58	374
58	379
58	385
58	391
58	398
58	406
58	416
59	220
59	233
59	249
59	260
59	269
59	275
59	281
59	285
59	290
59	294
59	298
59	302
59	306
59	310
59	315
59	319
59	324
59	328
59	333
59	337
59	342
59	347
59	352
59	357
59	363
59	369
59	376
59	383
59	391
59	401
60	270
60	280
60	287
60	292
60	297
60	302
60	306
60	311
60	315
60	320
60	325
60	330
60	335
60	340
60	346
60	352
60	358
60	365
60	373
60	382
60	392
61	236
61	247
61	258
61	269
61	280
61	289
61	295
61	301
61	305
61	310
61	314
61	319
61	323
61	328
61	332
61	337
61	341
61	346
61	351
61	356
61	361
61	367
61	373
61	379
61	386
61	394
61	403
61	413
62	222
62	232
62	241
62	249
62	256
62	263
62	270
62	277
62	285
62	292
62	299
62	304
62	309
62	313
62	317
62	321
62	325
62	329
62	332
62	336
62	340
62	343
62	347
62	350
62	354
62	357
62	361
62	365
62	369
62	373
62	377
62	382
62	387
62	392
62	398
62	404
62	411
62	419
62	428
62	439
63	217
63	226
63	233
63	240
63	244
63	250
63	254
63	259
63	263
63	267
63	271
63	275
63	279
63	284
63	288
63	293
63	298
63	302
63	307
63	311
63	315
63	319
63	322
63	326
63	329
63	332
63	335
63	338
63	341
63	344
63	347
63	350
63	352
63	355
63	358
63	361
63	364
63	367
63	370
63	373
63	376
63	379
63	383
63	386
63	390
63	394
63	398
63	403
63	408
63	413
63	419
63	426
63	434
63	443
63	454
64	217
64	225
64	232
64	237
64	242
64	245
64	250
64	252
64	256
64	259
64	262
64	264
64	268
64	270
64	273
64	276
64	278
64	281
64	284
64	287
64	289
64	293
64	296
64	299
64	303
64	306
64	309
64	313
64	316
64	320
64	323
64	327
64	330
64	333
64	337
64	340
64	343
64	346
64	349
64	352
64	355
64	358
64	362
64	365
64	368
64	372
64	375
64	379
64	382
64	386
64	390
64	394
64	398
64	403
64	408
64	414
64	420
64	427
64	435
64	444
64	455
65	220
65	230
65	238
65	244
65	250
65	254
65	259
65	262
65	266
65	270
65	272
65	276
65	278
65	282
65	284
65	287
65	290
65	293
65	296
65	299
65	302
65	305
65	308
65	312
65	315
65	319
65	323
65	327
65	331
65	336
65	341
65	346
65	352
65	357
65	363
65	368
65	374
65	379
65	385
65	391
65	397
65	404
65	411
65	419
65	428
65	438
66	266
66	274
66	281
66	286
66	291
66	295
66	300
66	304
66	309
66	313
66	318
66	323
66	328
66	333
66	339
66	345
66	351
66	357
66	363
66	369
66	375
66	381
66	387
66	393
66	400
66	407
66	415
66	424
66	435
67	287
67	296
67	303
67	310
67	316
67	322
67	328
67	334
67	340
67	346
67	352
67	358
67	364
67	370
67	376
67	382
67	388
67	395
67	402
67	410
67	419
67	429
68	301
68	311
68	319
68	326
68	332
68	338
68	343
68	349
68	354
68	359
68	364
68	369
68	375
68	381
68	387
68	393
68	400
68	408
68	417
68	428
69	259
69	312
69	322
69	331
69	339
69	346
69	353
69	360
69	367
69	374
69	382
69	390
69	399
69	410
70	222
70	232
70	240
70	247
70	254
70	260
70	266
70	272
70	278
70	285
70	292
70	300
70	309
70	319
70	330
71	213
71	222
71	229
71	233
71	239
71	242
71	247
71	250
71	254
71	257
71	261
71	264
71	267
71	271
71	274
71	277
71	281
71	284
71	288
71	291
71	295
71	299
71	303
71	307
71	312
71	317
71	323
71	329
71	336
71	344
71	353
71	363
71	373
71	383
71	393
71	404
72	211
72	220
72	225
72	231
72	233
72	238
72	241
72	244
72	247
72	251
72	252
72	256
72	258
72	261
72	263
72	266
72	268
72	271
72	273
72	276
72	278
72	281
72	283
72	286
72	288
72	291
72	293
72	296
72	298
72	301
72	304
72	307
72	309
72	313
72	316
72	319
72	323
72	326
72	330
72	335
72	339
72	344
72	349
72	355
72	361
72	367
72	374
72	381
72	388
72	395
72	403
72	411
72	420
72	431
73	213
73	222
73	229
73	235
73	241
73	246
73	251
73	255
73	260
73	264
73	268
73	272
73	276
73	280
73	283
73	287
73	290
73	294
73	297
73	301
73	304
73	308
73	311
73	315
73	318
73	322
73	326
73	329
73	334
73	337
73	342
73	346
73	351
73	356
73	361
73	366
73	372
73	378
73	384
73	390
73	396
73	402
73	408
73	415
73	422
73	430
73	439
73	450
74	290
74	300
74	309
74	316
74	323
74	329
74	335
74	341
74	347
74	353
74	359
74	365
74	371
74	377
74	383
74	389
74	395
74	401
74	407
74	413
74	419
74	426
74	433
74	441
74	451
-1	-1
