-1	-1
0	2
0	10
0	18
0	26
0	34
0	42
0	50
0	60
0	70
0	80
0	90
0	104
1	14
1	24
1	36
1	48
2	22
2	36
3	22
3	34
3	48
4	14
4	24
4	34
4	44
4	56
4	68
4	80
4	92
4	104
5	14
5	24
5	34
5	44
5	54
5	64
5	74
5	84
5	94
5	104
5	114
5	124
5	136
5	148
6	6
6	16
6	26
6	34
6	44
6	52
6	62
6	70
6	80
6	88
6	96
6	104
6	112
6	120
6	128
6	138
6	148
6	158
6	168
6	180
6	194
6	208
7	8
7	18
7	28
7	36
7	44
7	52
7	60
7	68
7	76
7	84
7	90
7	98
7	104
7	112
7	118
7	126
7	132
7	140
7	148
7	156
7	164
7	172
7	182
7	190
7	200
7	210
7	220
7	230
7	240
7	252
7	262
7	274
7	284
7	296
7	310
7	338
7	350
7	362
7	372
7	384
7	394
7	402
7	412
7	420
7	428
7	436
7	444
7	452
7	460
7	470
7	478
7	488
7	498
7	508
8	2
8	10
8	18
8	24
8	32
8	38
8	46
8	52
8	60
8	66
8	74
8	80
8	86
8	92
8	98
8	104
8	110
8	116
8	122
8	128
8	134
8	140
8	146
8	152
8	158
8	166
8	172
8	180
8	186
8	194
8	202
8	210
8	218
8	226
8	234
8	242
8	250
8	260
8	268
8	278
8	286
8	296
8	306
8	316
8	326
8	336
8	346
8	354
8	364
8	372
8	380
8	388
8	396
8	402
8	410
8	416
8	424
8	430
8	438
8	444
8	452
8	458
8	466
8	472
8	480
8	488
8	496
8	506
8	514
8	524
8	536
9	2
9	10
9	20
9	28
9	36
9	44
9	52
9	60
9	68
9	74
9	82
9	86
9	92
9	98
9	102
9	108
9	112
9	118
9	122
9	128
9	132
9	138
9	142
9	148
9	154
9	160
9	166
9	172
9	178
9	184
9	190
9	196
9	202
9	208
9	214
9	220
9	226
9	232
9	238
9	246
9	252
9	260
9	266
9	274
9	282
9	290
9	298
9	306
9	314
9	322
9	330
9	338
9	344
9	352
9	358
9	366
9	372
9	380
9	386
9	392
9	398
9	404
9	410
9	414
9	420
9	426
9	432
9	436
9	442
9	446
9	452
9	458
9	464
9	470
9	476
9	482
9	490
9	496
9	504
9	514
9	524
9	534
10	2
10	10
10	18
10	26
10	32
10	40
10	46
10	54
10	60
10	66
10	72
10	78
10	84
10	88
10	92
10	96
10	100
10	104
10	108
10	112
10	116
10	120
10	124
10	128
10	132
10	136
10	140
10	144
10	148
10	152
10	156
10	160
10	164
10	168
10	174
10	178
10	182
10	186
10	192
10	196
10	202
10	206
10	212
10	216
10	222
10	226
10	232
10	238
10	244
10	250
10	256
10	262
10	268
10	274
10	280
10	286
10	294
10	300
10	308
10	314
10	322
10	328
10	336
10	342
10	350
10	356
10	362
10	368
10	374
10	380
10	384
10	390
10	396
10	400
10	406
10	410
10	414
10	420
10	424
10	428
10	432
10	438
10	442
10	446
10	450
10	456
10	460
10	466
10	470
10	476
10	482
10	488
10	496
10	502
10	510
10	520
10	530
10	542
10	554
11	6
11	16
11	26
11	34
11	42
11	50
11	58
11	64
11	72
11	78
11	84
11	88
11	94
11	98
11	102
11	108
11	112
11	116
11	120
11	124
11	128
11	132
11	136
11	140
11	144
11	148
11	152
11	156
11	160
11	164
11	168
11	172
11	176
11	180
11	184
11	188
11	192
11	196
11	200
11	204
11	208
11	212
11	216
11	220
11	224
11	228
11	232
11	236
11	242
11	246
11	252
11	256
11	262
11	266
11	272
11	276
11	282
11	288
11	292
11	298
11	304
11	310
11	316
11	322
11	328
11	334
11	340
11	346
11	352
11	358
11	364
11	370
11	376
11	382
11	386
11	392
11	396
11	402
11	406
11	412
11	416
11	422
11	426
11	432
11	436
11	442
11	446
11	452
11	456
11	462
11	468
11	474
11	482
11	488
11	496
11	506
11	516
12	4
12	14
12	22
12	32
12	40
12	48
12	56
12	66
12	74
12	80
12	88
12	94
12	100
12	104
12	110
12	114
12	120
12	124
12	128
12	132
12	138
12	142
12	146
12	150
12	154
12	158
12	162
12	166
12	170
12	176
12	180
12	184
12	190
12	194
12	200
12	204
12	210
12	216
12	220
12	226
12	232
12	238
12	244
12	250
12	256
12	262
12	268
12	274
12	280
12	288
12	294
12	302
12	308
12	316
12	322
12	330
12	336
12	344
12	350
12	358
12	364
12	370
12	376
12	382
12	388
12	394
12	400
12	406
12	412
12	418
12	424
12	430
12	436
12	442
12	448
12	454
12	460
12	466
12	474
12	482
12	490
12	500
13	2
13	12
13	22
13	30
13	40
13	48
13	58
13	66
13	74
13	82
13	90
13	96
13	102
13	108
13	112
13	118
13	124
13	128
13	134
13	138
13	144
13	148
13	154
13	158
13	164
13	168
13	174
13	178
13	184
13	190
13	196
13	202
13	208
13	214
13	220
13	226
13	234
13	240
13	248
13	256
13	264
13	272
13	280
13	288
13	296
13	306
13	314
13	324
13	332
13	342
13	350
13	358
13	366
13	374
13	382
13	388
13	396
13	402
13	410
13	416
13	424
13	430
13	438
13	444
13	452
13	460
13	470
13	478
13	490
14	2
14	12
14	20
14	28
14	36
14	46
14	54
14	64
14	72
14	80
14	88
14	94
14	102
14	108
14	114
14	120
14	126
14	132
14	138
14	144
14	150
14	156
14	162
14	168
14	174
14	182
14	188
14	196
14	202
14	210
14	218
14	226
14	236
14	244
14	254
14	264
14	274
14	284
14	294
14	304
14	314
14	324
14	334
14	344
14	354
14	364
14	374
14	384
14	394
14	402
14	412
14	420
14	430
14	438
14	448
14	458
14	470
15	2
15	10
15	18
15	24
15	32
15	38
15	46
15	52
15	60
15	68
15	76
15	82
15	90
15	96
15	104
15	110
15	118
15	124
15	132
15	138
15	146
15	152
15	160
15	166
15	174
15	180
15	188
15	196
15	202
15	210
15	218
15	226
15	234
15	242
15	250
15	258
15	266
15	274
15	284
15	292
15	302
15	310
15	320
15	328
15	338
15	348
15	358
15	368
15	378
15	388
15	396
15	406
15	414
15	424
15	432
15	442
15	450
15	460
15	470
15	480
16	2
16	8
16	14
16	20
16	26
16	30
16	36
16	40
16	46
16	52
16	56
16	62
16	68
16	74
16	80
16	86
16	92
16	98
16	104
16	110
16	116
16	122
16	128
16	134
16	140
16	146
16	152
16	158
16	164
16	170
16	176
16	184
16	190
16	198
16	204
16	212
16	220
16	228
16	236
16	244
16	252
16	260
16	268
16	276
16	284
16	292
16	300
16	308
16	316
16	324
16	332
16	340
16	348
16	356
16	364
16	372
16	378
16	386
16	392
16	400
16	406
16	414
16	420
16	428
16	434
16	442
16	448
16	456
16	462
16	470
16	478
16	486
16	494
16	504
16	514
16	526
16	562
16	574
16	584
16	596
16	608
17	2
17	8
17	14
17	20
17	26
17	30
17	36
17	40
17	46
17	50
17	56
17	60
17	66
17	70
17	76
17	80
17	84
17	90
17	94
17	100
17	104
17	110
17	114
17	120
17	124
17	130
17	136
17	140
17	146
17	152
17	158
17	164
17	170
17	176
17	182
17	188
17	196
17	202
17	210
17	216
17	224
17	230
17	238
17	244
17	252
17	258
17	266
17	272
17	280
17	286
17	294
17	300
17	308
17	314
17	322
17	328
17	336
17	342
17	350
17	356
17	364
17	370
17	376
17	382
17	388
17	394
17	400
17	406
17	412
17	418
17	424
17	430
17	436
17	442
17	448
17	454
17	460
17	466
17	474
17	480
17	488
17	494
17	502
17	510
17	520
17	530
17	540
17	552
17	562
17	572
17	582
17	592
17	602
17	612
17	624
17	636
18	2
18	8
18	14
18	20
18	24
18	30
18	34
18	38
18	42
18	48
18	52
18	56
18	60
18	66
18	70
18	74
18	78
18	84
18	88
18	92
18	96
18	102
18	106
18	110
18	114
18	120
18	124
18	130
18	134
18	140
18	144
18	150
18	156
18	160
18	166
18	172
18	178
18	184
18	190
18	196
18	202
18	208
18	214
18	220
18	226
18	232
18	238
18	244
18	250
18	256
18	262
18	268
18	274
18	280
18	286
18	292
18	298
18	302
18	308
18	314
18	320
18	324
18	330
18	336
18	340
18	346
18	350
18	356
18	360
18	366
18	370
18	376
18	380
18	386
18	390
18	394
18	400
18	404
18	408
18	412
18	418
18	422
18	426
18	430
18	434
18	440
18	444
18	448
18	452
18	456
18	460
18	464
18	468
18	472
18	476
18	480
18	486
18	490
18	494
18	500
18	504
18	510
18	516
18	522
18	528
18	536
18	544
18	552
18	560
18	568
18	576
18	584
18	592
18	600
18	608
18	618
18	626
18	636
18	646
19	2
19	6
19	12
19	18
19	22
19	26
19	32
19	36
19	40
19	44
19	48
19	52
19	56
19	60
19	64
19	68
19	72
19	76
19	80
19	84
19	88
19	92
19	96
19	100
19	104
19	108
19	112
19	116
19	120
19	124
19	128
19	132
19	136
19	140
19	144
19	148
19	154
19	158
19	162
19	168
19	172
19	178
19	182
19	188
19	192
19	198
19	202
19	208
19	212
19	218
19	222
19	228
19	232
19	238
19	242
19	248
19	252
19	258
19	262
19	268
19	272
19	278
19	282
19	288
19	292
19	298
19	302
19	306
19	312
19	316
19	320
19	324
19	328
19	332
19	336
19	340
19	344
19	348
19	352
19	356
19	360
19	362
19	366
19	370
19	374
19	376
19	380
19	384
19	388
19	390
19	394
19	398
19	402
19	404
19	408
19	412
19	416
19	418
19	422
19	426
19	430
19	432
19	436
19	440
19	444
19	446
19	450
19	454
19	458
19	460
19	464
19	468
19	472
19	474
19	478
19	482
19	486
19	490
19	494
19	498
19	502
19	508
19	512
19	516
19	522
19	526
19	532
19	538
19	544
19	552
19	558
19	566
19	572
19	580
19	588
19	596
19	604
19	612
19	622
19	630
19	640
19	652
20	2
20	4
20	10
20	14
20	20
20	24
20	28
20	32
20	36
20	40
20	44
20	48
20	52
20	56
20	60
20	64
20	66
20	70
20	74
20	78
20	82
20	86
20	90
20	92
20	96
20	100
20	104
20	108
20	112
20	116
20	120
20	124
20	128
20	132
20	136
20	140
20	144
20	148
20	152
20	156
20	160
20	164
20	168
20	172
20	176
20	180
20	184
20	188
20	194
20	198
20	202
20	206
20	210
20	214
20	220
20	224
20	228
20	232
20	236
20	240
20	244
20	248
20	252
20	256
20	260
20	264
20	268
20	272
20	276
20	280
20	284
20	288
20	292
20	296
20	300
20	304
20	306
20	310
20	314
20	318
20	320
20	324
20	328
20	330
20	334
20	338
20	340
20	344
20	346
20	350
20	352
20	356
20	360
20	362
20	366
20	368
20	372
20	374
20	378
20	380
20	384
20	386
20	390
20	392
20	396
20	398
20	402
20	404
20	406
20	410
20	412
20	414
20	418
20	420
20	422
20	424
20	428
20	430
20	432
20	436
20	438
20	440
20	442
20	446
20	448
20	450
20	452
20	456
20	458
20	460
20	462
20	466
20	468
20	470
20	474
20	476
20	478
20	482
20	484
20	488
20	490
20	494
20	496
20	500
20	504
20	506
20	510
20	514
20	518
20	522
20	526
20	532
20	536
20	542
20	546
20	552
20	558
20	566
20	572
20	580
20	588
20	596
20	604
20	614
20	622
20	632
20	642
21	2
21	8
21	14
21	18
21	24
21	28
21	34
21	38
21	44
21	48
21	54
21	58
21	62
21	66
21	70
21	74
21	78
21	82
21	86
21	90
21	94
21	98
21	102
21	106
21	110
21	114
21	118
21	122
21	126
21	130
21	134
21	138
21	142
21	146
21	150
21	154
21	158
21	162
21	166
21	170
21	174
21	178
21	182
21	186
21	190
21	194
21	198
21	202
21	206
21	210
21	214
21	218
21	222
21	226
21	230
21	234
21	238
21	242
21	246
21	250
21	254
21	258
21	262
21	266
21	270
21	274
21	278
21	282
21	284
21	288
21	292
21	296
21	300
21	302
21	306
21	310
21	314
21	316
21	320
21	324
21	326
21	330
21	332
21	336
21	338
21	342
21	344
21	348
21	350
21	354
21	356
21	360
21	362
21	366
21	368
21	372
21	374
21	378
21	380
21	384
21	386
21	390
21	392
21	396
21	398
21	402
21	404
21	408
21	410
21	414
21	416
21	420
21	422
21	426
21	428
21	430
21	434
21	436
21	438
21	442
21	444
21	448
21	450
21	454
21	456
21	458
21	462
21	464
21	468
21	470
21	474
21	476
21	480
21	484
21	486
21	490
21	494
21	496
21	500
21	504
21	508
21	512
21	518
21	522
21	526
21	532
21	538
21	544
21	550
21	556
21	564
21	572
21	580
21	590
21	600
21	610
21	622
22	2
22	6
22	12
22	18
22	24
22	28
22	34
22	38
22	42
22	48
22	52
22	56
22	60
22	64
22	68
22	72
22	74
22	78
22	82
22	86
22	90
22	92
22	96
22	100
22	104
22	106
22	110
22	114
22	118
22	120
22	124
22	128
22	132
22	134
22	138
22	142
22	146
22	148
22	152
22	156
22	160
22	162
22	166
22	170
22	174
22	176
22	180
22	184
22	188
22	192
22	196
22	200
22	204
22	208
22	212
22	216
22	220
22	224
22	228
22	232
22	236
22	240
22	244
22	248
22	252
22	256
22	260
22	264
22	266
22	270
22	274
22	278
22	282
22	284
22	288
22	292
22	296
22	298
22	302
22	306
22	310
22	312
22	316
22	320
22	324
22	326
22	330
22	334
22	338
22	340
22	344
22	348
22	352
22	354
22	358
22	362
22	366
22	368
22	372
22	376
22	380
22	382
22	386
22	390
22	394
22	396
22	400
22	404
22	408
22	410
22	414
22	418
22	422
22	424
22	428
22	432
22	436
22	438
22	442
22	446
22	450
22	452
22	456
22	460
22	464
22	466
22	470
22	474
22	478
22	482
22	486
22	490
22	494
22	498
22	502
22	506
22	512
22	516
22	522
22	526
22	532
22	538
22	542
22	548
22	554
22	562
22	568
22	576
22	584
22	592
22	600
22	610
22	620
22	630
23	2
23	8
23	14
23	20
23	24
23	30
23	34
23	40
23	44
23	50
23	54
23	58
23	62
23	66
23	70
23	74
23	78
23	82
23	86
23	90
23	92
23	96
23	100
23	104
23	106
23	110
23	114
23	116
23	120
23	124
23	126
23	130
23	134
23	136
23	140
23	144
23	146
23	150
23	154
23	158
23	160
23	164
23	168
23	172
23	174
23	178
23	182
23	186
23	190
23	194
23	196
23	200
23	204
23	208
23	212
23	216
23	220
23	224
23	228
23	232
23	236
23	240
23	244
23	248
23	252
23	254
23	258
23	262
23	266
23	270
23	274
23	276
23	280
23	284
23	288
23	292
23	296
23	300
23	304
23	308
23	312
23	316
23	320
23	324
23	328
23	332
23	336
23	340
23	344
23	348
23	352
23	356
23	360
23	364
23	368
23	372
23	376
23	380
23	384
23	388
23	392
23	396
23	400
23	404
23	408
23	410
23	414
23	418
23	422
23	424
23	428
23	430
23	432
23	436
23	438
23	442
23	444
23	446
23	450
23	452
23	454
23	458
23	460
23	462
23	464
23	468
23	470
23	472
23	474
23	478
23	480
23	482
23	486
23	488
23	490
23	494
23	496
23	500
23	502
23	506
23	508
23	512
23	516
23	520
23	522
23	526
23	530
23	534
23	538
23	542
23	546
23	552
23	556
23	562
23	566
23	572
23	578
23	584
23	590
23	596
23	602
23	610
23	618
23	626
23	634
23	644
24	2
24	10
24	16
24	22
24	28
24	34
24	40
24	44
24	50
24	54
24	60
24	64
24	68
24	72
24	76
24	80
24	82
24	86
24	90
24	92
24	96
24	100
24	102
24	106
24	110
24	112
24	116
24	118
24	122
24	124
24	128
24	130
24	134
24	136
24	140
24	142
24	146
24	148
24	152
24	156
24	158
24	162
24	164
24	168
24	172
24	174
24	178
24	182
24	184
24	188
24	192
24	194
24	198
24	202
24	204
24	208
24	212
24	214
24	218
24	222
24	226
24	228
24	232
24	236
24	240
24	242
24	246
24	250
24	254
24	258
24	260
24	264
24	268
24	272
24	276
24	280
24	284
24	288
24	292
24	296
24	300
24	304
24	308
24	312
24	316
24	320
24	324
24	328
24	332
24	336
24	340
24	344
24	348
24	352
24	356
24	360
24	364
24	368
24	370
24	374
24	378
24	382
24	384
24	388
24	390
24	394
24	396
24	400
24	402
24	404
24	408
24	410
24	412
24	416
24	418
24	420
24	422
24	424
24	428
24	430
24	432
24	434
24	436
24	438
24	440
24	442
24	444
24	446
24	448
24	450
24	452
24	454
24	456
24	458
24	460
24	462
24	464
24	466
24	468
24	470
24	472
24	474
24	476
24	478
24	480
24	484
24	486
24	488
24	490
24	492
24	496
24	498
24	500
24	504
24	506
24	508
24	512
24	514
24	518
24	520
24	524
24	528
24	530
24	534
24	538
24	542
24	546
24	550
24	554
24	558
24	564
24	568
24	574
24	580
24	586
24	592
24	598
24	604
24	610
24	618
24	624
24	632
24	640
24	650
25	2
25	10
25	16
25	22
25	28
25	34
25	40
25	46
25	50
25	54
25	60
25	62
25	66
25	70
25	72
25	76
25	80
25	82
25	86
25	88
25	92
25	94
25	96
25	100
25	102
25	104
25	108
25	110
25	112
25	116
25	118
25	120
25	124
25	126
25	128
25	132
25	134
25	138
25	140
25	144
25	146
25	150
25	152
25	156
25	158
25	162
25	164
25	168
25	170
25	174
25	178
25	180
25	184
25	188
25	190
25	194
25	198
25	200
25	204
25	208
25	212
25	214
25	218
25	222
25	226
25	228
25	232
25	236
25	240
25	244
25	248
25	252
25	256
25	260
25	264
25	268
25	272
25	276
25	280
25	284
25	288
25	292
25	296
25	300
25	304
25	308
25	312
25	316
25	320
25	324
25	328
25	330
25	334
25	338
25	340
25	344
25	346
25	350
25	352
25	356
25	358
25	362
25	364
25	366
25	370
25	372
25	374
25	376
25	378
25	382
25	386
25	388
25	390
25	392
25	394
25	396
25	398
25	400
25	402
25	404
25	406
25	408
25	410
25	412
25	414
25	416
25	418
25	420
25	422
25	424
25	426
25	428
25	430
25	432
25	434
25	436
25	438
25	440
25	444
25	448
25	450
25	452
25	454
25	456
25	458
25	460
25	462
25	466
25	468
25	470
25	472
25	474
25	476
25	480
25	482
25	484
25	486
25	490
25	492
25	496
25	498
25	500
25	504
25	506
25	510
25	514
25	518
25	520
25	524
25	528
25	532
25	536
25	540
25	546
25	550
25	554
25	560
25	566
25	570
25	576
25	582
25	590
25	596
25	604
25	612
25	620
25	628
25	638
25	646
26	2
26	8
26	14
26	20
26	26
26	32
26	36
26	42
26	46
26	50
26	54
26	58
26	62
26	64
26	68
26	72
26	74
26	78
26	80
26	84
26	86
26	90
26	92
26	94
26	98
26	100
26	104
26	106
26	108
26	112
26	114
26	116
26	120
26	122
26	124
26	126
26	130
26	132
26	134
26	136
26	140
26	142
26	144
26	146
26	150
26	152
26	154
26	156
26	160
26	162
26	164
26	168
26	170
26	172
26	176
26	178
26	180
26	184
26	186
26	190
26	192
26	196
26	198
26	202
26	204
26	208
26	210
26	214
26	216
26	220
26	222
26	226
26	228
26	232
26	236
26	238
26	242
26	244
26	248
26	250
26	254
26	256
26	260
26	262
26	266
26	268
26	272
26	274
26	276
26	280
26	282
26	284
26	288
26	290
26	292
26	296
26	298
26	300
26	304
26	306
26	308
26	312
26	314
26	316
26	320
26	322
26	324
26	326
26	330
26	332
26	334
26	336
26	338
26	340
26	342
26	344
26	346
26	348
26	350
26	352
26	354
26	356
26	358
26	360
26	362
26	364
26	366
26	368
26	370
26	372
26	374
26	376
26	378
26	380
26	382
26	384
26	386
26	388
26	390
26	392
26	394
26	396
26	398
26	400
26	402
26	404
26	406
26	408
26	410
26	414
26	418
26	420
26	422
26	424
26	426
26	428
26	430
26	434
26	436
26	438
26	440
26	444
26	446
26	448
26	450
26	454
26	456
26	458
26	462
26	464
26	468
26	470
26	474
26	476
26	480
26	484
26	486
26	490
26	494
26	498
26	502
26	506
26	510
26	516
26	520
26	524
26	530
26	536
26	542
26	548
26	554
26	562
26	570
26	578
26	588
26	598
26	608
26	618
26	628
26	640
27	2
27	10
27	16
27	24
27	30
27	36
27	42
27	46
27	52
27	56
27	60
27	64
27	68
27	72
27	76
27	80
27	84
27	88
27	90
27	94
27	96
27	100
27	102
27	104
27	108
27	110
27	112
27	116
27	118
27	120
27	124
27	126
27	128
27	130
27	134
27	136
27	138
27	140
27	144
27	146
27	148
27	150
27	152
27	154
27	158
27	160
27	162
27	164
27	166
27	168
27	170
27	172
27	176
27	178
27	180
27	182
27	184
27	186
27	188
27	190
27	192
27	194
27	196
27	198
27	200
27	202
27	204
27	206
27	208
27	210
27	212
27	214
27	216
27	218
27	220
27	222
27	224
27	226
27	228
27	230
27	232
27	234
27	236
27	238
27	240
27	242
27	244
27	246
27	248
27	250
27	252
27	254
27	256
27	258
27	260
27	262
27	264
27	266
27	268
27	270
27	272
27	274
27	276
27	278
27	280
27	282
27	284
27	286
27	288
27	290
27	292
27	294
27	296
27	298
27	300
27	302
27	304
27	306
27	308
27	310
27	312
27	314
27	316
27	318
27	320
27	324
27	326
27	328
27	330
27	332
27	334
27	336
27	338
27	340
27	344
27	346
27	348
27	350
27	352
27	354
27	356
27	358
27	360
27	362
27	364
27	366
27	368
27	372
27	374
27	378
27	380
27	384
27	386
27	388
27	390
27	392
27	394
27	396
27	398
27	400
27	404
27	408
27	410
27	412
27	414
27	416
27	418
27	422
27	424
27	426
27	428
27	432
27	434
27	436
27	440
27	442
27	446
27	448
27	452
27	454
27	458
27	460
27	464
27	468
27	470
27	474
27	478
27	482
27	486
27	490
27	496
27	500
27	506
27	512
27	518
27	524
27	530
27	538
27	546
27	554
27	564
27	576
27	586
27	600
28	2
28	12
28	20
28	28
28	36
28	44
28	50
28	58
28	64
28	70
28	74
28	80
28	84
28	88
28	92
28	96
28	98
28	102
28	104
28	108
28	110
28	112
28	116
28	118
28	120
28	122
28	126
28	128
28	130
28	132
28	134
28	138
28	140
28	142
28	144
28	146
28	148
28	152
28	154
28	156
28	158
28	160
28	162
28	164
28	166
28	170
28	172
28	174
28	176
28	178
28	180
28	184
28	186
28	188
28	190
28	192
28	194
28	198
28	200
28	202
28	204
28	206
28	208
28	212
28	216
28	218
28	220
28	222
28	224
28	226
28	228
28	230
28	232
28	234
28	236
28	238
28	240
28	242
28	246
28	248
28	250
28	252
28	254
28	256
28	258
28	260
28	262
28	264
28	266
28	268
28	270
28	272
28	274
28	276
28	278
28	280
28	282
28	286
28	288
28	290
28	292
28	294
28	296
28	298
28	300
28	302
28	304
28	306
28	308
28	310
28	312
28	314
28	316
28	318
28	320
28	322
28	324
28	326
28	328
28	330
28	332
28	334
28	336
28	338
28	340
28	342
28	344
28	346
28	348
28	350
28	352
28	354
28	356
28	358
28	360
28	362
28	364
28	366
28	368
28	370
28	374
28	376
28	378
28	380
28	384
28	386
28	388
28	390
28	394
28	396
28	400
28	402
28	406
28	408
28	412
28	414
28	418
28	420
28	424
28	428
28	430
28	434
28	438
28	442
28	446
28	448
28	454
28	456
28	462
28	466
28	470
28	476
28	480
28	486
28	492
28	498
28	506
28	512
28	520
28	530
28	540
28	550
29	2
29	12
29	22
29	32
29	40
29	50
29	58
29	64
29	72
29	78
29	82
29	88
29	92
29	96
29	100
29	104
29	108
29	110
29	114
29	116
29	120
29	122
29	124
29	128
29	130
29	132
29	134
29	138
29	140
29	142
29	144
29	146
29	148
29	152
29	156
29	158
29	160
29	162
29	164
29	166
29	168
29	170
29	172
29	174
29	176
29	178
29	180
29	182
29	184
29	186
29	188
29	190
29	192
29	194
29	196
29	198
29	200
29	202
29	204
29	206
29	208
29	210
29	212
29	214
29	216
29	218
29	220
29	222
29	224
29	228
29	232
29	234
29	236
29	238
29	240
29	242
29	246
29	248
29	250
29	252
29	254
29	256
29	260
29	262
29	264
29	266
29	268
29	270
29	274
29	276
29	278
29	280
29	282
29	284
29	288
29	290
29	292
29	294
29	296
29	300
29	302
29	304
29	306
29	310
29	312
29	314
29	316
29	320
29	322
29	324
29	328
29	330
29	334
29	336
29	338
29	342
29	344
29	348
29	350
29	354
29	358
29	360
29	364
29	368
29	370
29	374
29	378
29	382
29	386
29	388
29	394
29	396
29	402
29	406
29	410
29	416
29	420
29	426
29	432
29	438
29	444
29	452
29	458
29	466
29	474
29	484
29	494
29	504
30	2
30	12
30	20
30	28
30	36
30	44
30	52
30	60
30	66
30	72
30	78
30	84
30	88
30	92
30	96
30	102
30	104
30	108
30	112
30	116
30	120
30	122
30	126
30	130
30	132
30	136
30	138
30	142
30	144
30	148
30	150
30	154
30	156
30	160
30	162
30	164
30	168
30	170
30	172
30	174
30	178
30	180
30	182
30	184
30	188
30	190
30	192
30	194
30	196
30	200
30	202
30	204
30	206
30	208
30	210
30	212
30	216
30	218
30	220
30	222
30	224
30	226
30	228
30	230
30	234
30	238
30	240
30	242
30	244
30	246
30	248
30	250
30	252
30	256
30	258
30	260
30	262
30	264
30	266
30	270
30	272
30	274
30	276
30	280
30	282
30	284
30	288
30	290
30	292
30	296
30	298
30	300
30	304
30	306
30	310
30	312
30	316
30	318
30	322
30	324
30	328
30	330
30	334
30	338
30	340
30	344
30	348
30	352
30	356
30	360
30	364
30	368
30	372
30	376
30	382
30	386
30	392
30	398
30	404
30	410
30	416
30	424
30	430
30	438
30	446
30	456
30	466
30	476
30	488
31	2
31	10
31	16
31	24
31	32
31	40
31	48
31	56
31	64
31	72
31	80
31	86
31	92
31	96
31	102
31	106
31	110
31	114
31	118
31	122
31	124
31	128
31	132
31	134
31	138
31	142
31	144
31	148
31	152
31	154
31	158
31	162
31	164
31	168
31	170
31	174
31	178
31	180
31	184
31	188
31	192
31	194
31	198
31	202
31	206
31	208
31	212
31	216
31	220
31	224
31	228
31	232
31	236
31	240
31	242
31	246
31	250
31	254
31	258
31	260
31	264
31	268
31	272
31	274
31	278
31	282
31	286
31	290
31	294
31	298
31	302
31	306
31	310
31	316
31	320
31	324
31	330
31	334
31	340
31	346
31	350
31	356
31	362
31	368
31	374
31	382
31	388
31	396
31	402
31	410
31	418
31	426
31	434
31	442
31	452
31	462
31	474
32	2
32	10
32	16
32	24
32	30
32	38
32	46
32	54
32	62
32	72
32	80
32	88
32	94
32	100
32	106
32	112
32	118
32	122
32	128
32	132
32	138
32	142
32	146
32	150
32	156
32	160
32	164
32	168
32	172
32	176
32	180
32	184
32	188
32	192
32	196
32	200
32	204
32	208
32	214
32	218
32	222
32	226
32	232
32	236
32	242
32	246
32	252
32	256
32	262
32	266
32	272
32	276
32	282
32	288
32	292
32	298
32	304
32	310
32	316
32	322
32	328
32	334
32	342
32	348
32	356
32	364
32	372
32	380
32	390
32	400
32	410
32	420
32	434
33	2
33	12
33	20
33	30
33	38
33	48
33	58
33	68
33	78
33	86
33	94
33	102
33	108
33	114
33	120
33	126
33	132
33	138
33	142
33	148
33	152
33	158
33	162
33	168
33	172
33	178
33	184
33	188
33	194
33	200
33	206
33	212
33	218
33	224
33	230
33	236
33	242
33	250
33	256
33	264
33	270
33	278
33	284
33	292
33	298
33	306
33	312
33	320
33	328
33	336
33	344
33	352
33	360
33	370
33	378
33	388
33	400
34	4
34	14
34	22
34	32
34	40
34	50
34	58
34	68
34	78
34	86
34	94
34	102
34	110
34	116
34	122
34	128
34	132
34	138
34	142
34	148
34	152
34	158
34	162
34	168
34	172
34	178
34	182
34	188
34	192
34	198
34	202
34	208
34	212
34	218
34	222
34	228
34	232
34	238
34	244
34	250
34	256
34	262
34	268
34	274
34	280
34	286
34	292
34	298
34	304
34	310
34	316
34	322
34	330
34	336
34	344
34	352
34	360
34	368
34	378
34	388
34	398
35	10
35	22
35	32
35	44
35	56
35	68
35	80
35	90
35	98
35	106
35	114
35	120
35	128
35	134
35	140
35	146
35	152
35	158
35	164
35	170
35	176
35	182
35	188
35	194
35	200
35	206
35	212
35	218
35	224
35	230
35	234
35	240
35	246
35	252
35	256
35	262
35	268
35	274
35	280
35	286
35	292
35	300
35	306
35	314
35	320
35	328
35	336
35	344
35	352
35	360
35	370
35	380
35	390
35	400
35	412
35	424
35	438
36	8
36	20
36	30
36	80
36	92
36	100
36	108
36	116
36	122
36	128
36	134
36	140
36	146
36	152
36	158
36	162
36	168
36	174
36	180
36	184
36	190
36	196
36	202
36	208
36	214
36	220
36	226
36	232
36	238
36	244
36	250
36	256
36	262
36	268
36	274
36	280
36	286
36	294
36	300
36	308
36	316
36	324
36	332
36	340
36	350
36	360
36	370
36	384
37	2
37	14
37	24
37	34
37	44
37	76
37	88
37	96
37	104
37	112
37	120
37	126
37	134
37	140
37	146
37	152
37	156
37	162
37	168
37	172
37	178
37	182
37	188
37	192
37	198
37	202
37	208
37	212
37	218
37	222
37	228
37	232
37	238
37	242
37	248
37	252
37	258
37	264
37	268
37	274
37	280
37	286
37	294
37	300
37	308
37	316
37	324
37	332
37	340
37	350
37	358
37	368
37	378
37	390
37	402
38	2
38	12
38	20
38	30
38	38
38	48
38	60
38	72
38	84
38	92
38	100
38	108
38	116
38	122
38	130
38	136
38	144
38	150
38	158
38	164
38	172
38	178
38	186
38	192
38	200
38	206
38	214
38	220
38	228
38	234
38	242
38	248
38	254
38	262
38	268
38	274
38	280
38	286
38	294
38	300
38	308
38	314
38	322
38	330
38	340
38	348
38	358
38	368
38	380
38	392
39	2
39	10
39	18
39	26
39	34
39	44
39	54
39	64
39	76
39	86
39	96
39	104
39	112
39	120
39	126
39	132
39	138
39	144
39	150
39	156
39	162
39	168
39	176
39	182
39	190
39	196
39	204
39	210
39	218
39	226
39	234
39	244
39	252
39	260
39	268
39	276
39	284
39	292
39	298
39	306
39	312
39	320
39	326
39	334
39	342
39	350
39	358
39	368
39	378
39	388
40	2
40	12
40	20
40	28
40	38
40	46
40	56
40	68
40	80
40	92
40	102
40	110
40	120
40	128
40	136
40	144
40	152
40	158
40	166
40	172
40	180
40	186
40	194
40	200
40	208
40	214
40	222
40	228
40	236
40	242
40	250
40	256
40	264
40	272
40	280
40	288
40	298
40	306
40	316
40	324
40	334
40	342
40	352
40	362
40	372
40	384
40	396
41	2
41	12
41	20
41	30
41	38
41	48
41	60
41	78
41	90
41	100
41	110
41	120
41	130
41	140
41	152
41	162
41	174
41	186
41	198
41	210
41	222
41	232
41	242
41	252
41	262
41	270
41	280
41	290
41	300
41	310
42	8
42	18
42	28
42	40
42	102
42	114
42	126
42	138
48	118
48	130
49	138
49	150
49	164
50	152
50	164
52	108
52	120
52	132
52	144
52	158
53	110
53	120
53	132
53	142
53	152
53	162
53	172
53	182
53	192
53	202
53	212
53	222
53	234
53	246
54	116
54	128
54	138
54	148
54	158
54	168
54	178
54	186
54	196
54	204
54	214
54	222
54	232
54	240
54	250
54	260
54	272
55	220
55	232
55	244
55	258
56	82
56	92
56	104
56	114
56	126
56	136
56	148
56	160
56	172
56	184
56	196
56	208
56	218
56	230
56	240
56	252
56	264
56	278
57	100
57	112
57	124
57	136
57	146
57	158
57	168
57	176
57	186
57	194
57	202
57	210
57	216
57	224
57	230
57	238
57	244
57	252
57	258
57	266
57	274
57	282
57	290
57	300
57	310
57	320
58	90
58	102
58	112
58	124
58	134
58	144
58	152
58	162
58	170
58	176
58	184
58	190
58	196
58	202
58	208
58	214
58	218
58	224
58	228
58	234
58	238
58	244
58	248
58	252
58	258
58	262
58	268
58	272
58	278
58	282
58	288
58	294
58	298
58	304
58	310
58	318
58	324
58	332
58	342
58	352
59	8
59	18
59	28
59	38
59	48
59	58
59	70
59	80
59	88
59	98
59	106
59	114
59	122
59	130
59	138
59	146
59	154
59	162
59	170
59	178
59	184
59	192
59	198
59	204
59	210
59	216
59	222
59	228
59	234
59	240
59	244
59	250
59	254
59	260
59	264
59	268
59	272
59	278
59	282
59	286
59	290
59	294
59	298
59	304
59	308
59	312
59	318
59	322
59	328
59	334
59	340
59	346
59	354
59	362
59	370
59	380
60	4
60	14
60	22
60	30
60	38
60	46
60	56
60	66
60	74
60	82
60	90
60	96
60	102
60	108
60	112
60	118
60	124
60	130
60	134
60	140
60	146
60	152
60	158
60	164
60	170
60	176
60	182
60	188
60	196
60	202
60	210
60	216
60	224
60	232
60	240
60	248
60	256
60	264
60	270
60	276
60	282
60	288
60	294
60	300
60	306
60	312
60	316
60	322
60	328
60	334
60	340
60	346
60	354
60	360
60	368
60	378
60	388
60	398
60	410
61	8
61	18
61	28
61	36
61	46
61	58
61	68
61	76
61	84
61	90
61	94
61	100
61	104
61	108
61	112
61	116
61	120
61	122
61	126
61	130
61	134
61	138
61	140
61	144
61	148
61	152
61	154
61	158
61	162
61	166
61	170
61	172
61	176
61	180
61	184
61	188
61	192
61	196
61	200
61	206
61	210
61	214
61	218
61	224
61	228
61	234
61	238
61	244
61	248
61	254
61	260
61	266
61	272
61	280
61	286
61	294
61	300
61	308
61	316
61	324
61	332
61	340
61	348
61	356
61	366
61	376
61	386
61	400
62	78
62	86
62	92
62	98
62	102
62	106
62	110
62	112
62	116
62	120
62	122
62	124
62	128
62	130
62	132
62	134
62	138
62	140
62	142
62	144
62	146
62	150
62	152
62	154
62	156
62	158
62	160
62	162
62	164
62	168
62	170
62	172
62	174
62	176
62	178
62	180
62	182
62	186
62	188
62	190
62	192
62	194
62	196
62	200
62	202
62	204
62	206
62	208
62	210
62	214
62	216
62	218
62	220
62	224
62	226
62	228
62	230
62	234
62	236
62	238
62	242
62	244
62	248
62	250
62	254
62	256
62	260
62	262
62	266
62	268
62	272
62	276
62	278
62	282
62	286
62	290
62	294
62	298
62	304
62	308
62	312
62	318
62	322
62	328
62	334
62	340
62	346
62	352
62	358
62	364
62	372
62	378
62	386
62	394
62	404
62	412
62	422
62	434
62	446
63	86
63	94
63	102
63	106
63	112
63	114
63	118
63	122
63	126
63	128
63	132
63	136
63	138
63	140
63	142
63	144
63	146
63	148
63	150
63	152
63	154
63	156
63	158
63	160
63	162
63	164
63	166
63	168
63	170
63	172
63	174
63	176
63	178
63	180
63	182
63	184
63	186
63	188
63	190
63	192
63	194
63	196
63	198
63	200
63	202
63	204
63	206
63	208
63	210
63	212
63	214
63	216
63	218
63	220
63	222
63	224
63	226
63	228
63	230
63	232
63	234
63	236
63	238
63	240
63	242
63	244
63	246
63	248
63	250
63	252
63	254
63	256
63	258
63	260
63	262
63	264
63	266
63	268
63	270
63	272
63	274
63	276
63	278
63	280
63	282
63	284
63	286
63	288
63	290
63	292
63	294
63	296
63	298
63	300
63	304
63	306
63	308
63	310
63	312
63	316
63	318
63	320
63	324
63	326
63	328
63	332
63	334
63	338
63	340
63	344
63	346
63	350
63	354
63	356
63	360
63	364
63	366
63	370
63	374
63	378
63	382
63	386
63	392
63	396
63	400
63	406
63	410
63	416
63	422
63	428
63	434
63	440
63	448
63	454
63	462
63	470
63	478
63	486
63	494
63	502
63	512
63	520
63	530
63	542
64	70
64	82
64	92
64	100
64	108
64	116
64	122
64	126
64	130
64	134
64	138
64	142
64	144
64	148
64	150
64	152
64	156
64	158
64	160
64	162
64	164
64	166
64	170
64	172
64	174
64	178
64	180
64	182
64	184
64	186
64	188
64	190
64	192
64	194
64	196
64	198
64	200
64	202
64	204
64	206
64	208
64	210
64	212
64	214
64	216
64	218
64	220
64	222
64	224
64	226
64	228
64	230
64	232
64	234
64	236
64	238
64	240
64	242
64	244
64	246
64	248
64	250
64	252
64	254
64	256
64	258
64	260
64	262
64	264
64	266
64	268
64	270
64	272
64	274
64	276
64	278
64	280
64	282
64	284
64	286
64	288
64	290
64	292
64	294
64	296
64	298
64	300
64	302
64	304
64	306
64	308
64	310
64	312
64	314
64	316
64	318
64	320
64	322
64	324
64	326
64	328
64	330
64	332
64	334
64	336
64	338
64	340
64	344
64	346
64	348
64	350
64	352
64	354
64	356
64	358
64	360
64	362
64	364
64	366
64	368
64	370
64	372
64	376
64	380
64	382
64	384
64	386
64	388
64	390
64	394
64	396
64	398
64	400
64	404
64	406
64	408
64	412
64	414
64	418
64	420
64	424
64	426
64	430
64	434
64	436
64	440
64	444
64	446
64	450
64	454
64	458
64	462
64	466
64	470
64	474
64	478
64	484
64	488
64	492
64	496
64	502
64	506
64	512
64	516
64	522
64	528
64	536
64	542
64	550
64	560
65	58
65	68
65	76
65	82
65	90
65	96
65	104
65	110
65	118
65	126
65	136
65	144
65	154
65	164
65	174
65	184
65	192
65	202
65	210
65	216
65	224
65	230
65	236
65	240
65	246
65	250
65	254
65	260
65	262
65	266
65	270
65	272
65	276
65	278
65	282
65	284
65	286
65	290
65	292
65	294
65	296
65	298
65	302
65	306
65	308
65	310
65	312
65	314
65	316
65	318
65	320
65	322
65	326
65	328
65	330
65	332
65	334
65	336
65	338
65	340
65	342
65	344
65	346
65	348
65	350
65	352
65	354
65	356
65	358
65	360
65	362
65	364
65	366
65	368
65	370
65	372
65	374
65	376
65	378
65	380
65	382
65	384
65	386
65	388
65	390
65	392
65	394
65	396
65	398
65	400
65	404
65	406
65	408
65	410
65	412
65	414
65	416
65	418
65	420
65	422
65	424
65	426
65	428
65	430
65	432
65	434
65	436
65	438
65	440
65	442
65	444
65	446
65	448
65	452
65	454
65	456
65	458
65	460
65	464
65	466
65	468
65	470
65	474
65	476
65	478
65	482
65	484
65	488
65	490
65	494
65	496
65	500
65	502
65	506
65	510
65	514
65	518
65	522
65	526
65	532
65	536
65	542
65	548
65	556
65	566
65	576
66	60
66	70
66	78
66	84
66	90
66	94
66	100
66	104
66	110
66	114
66	120
66	126
66	130
66	136
66	142
66	148
66	156
66	162
66	170
66	178
66	188
66	198
66	208
66	220
66	286
66	296
66	306
66	314
66	320
66	326
66	332
66	336
66	342
66	346
66	350
66	354
66	358
66	362
66	364
66	368
66	372
66	374
66	378
66	380
66	384
66	386
66	390
66	392
66	394
66	398
66	400
66	404
66	406
66	408
66	412
66	414
66	418
66	420
66	424
66	426
66	428
66	432
66	434
66	438
66	440
66	444
66	446
66	450
66	454
66	456
66	460
66	464
66	466
66	470
66	474
66	478
66	482
66	488
66	492
66	496
66	502
66	508
66	514
66	520
66	528
66	536
66	544
66	554
67	68
67	78
67	84
67	90
67	94
67	98
67	102
67	106
67	110
67	114
67	118
67	122
67	124
67	128
67	132
67	136
67	140
67	144
67	148
67	152
67	156
67	160
67	164
67	168
67	172
67	178
67	182
67	188
67	192
67	198
67	204
67	208
67	214
67	220
67	226
67	234
67	240
67	248
67	254
67	262
67	270
67	280
67	288
67	298
67	308
67	320
67	332
67	510
67	520
67	530
67	540
67	552
68	76
68	84
68	92
68	96
68	102
68	104
68	110
68	112
68	116
68	120
68	122
68	126
68	128
68	132
68	134
68	138
68	140
68	142
68	146
68	148
68	152
68	154
68	156
68	160
68	162
68	164
68	168
68	170
68	174
68	176
68	180
68	182
68	184
68	188
68	190
68	194
68	196
68	200
68	202
68	206
68	208
68	212
68	214
68	218
68	220
68	224
68	228
68	230
68	234
68	238
68	242
68	244
68	248
68	252
68	256
68	260
68	264
68	268
68	272
68	276
68	280
68	284
68	288
68	294
68	298
68	304
68	308
68	314
68	320
68	326
68	332
68	338
68	344
68	350
68	356
68	364
68	370
68	378
68	384
68	392
68	400
68	408
68	416
68	424
68	432
68	440
68	448
68	456
68	464
68	472
68	480
68	488
68	494
68	502
68	508
68	514
68	520
68	526
68	532
68	538
68	544
68	552
68	558
68	566
68	576
69	92
69	102
69	110
69	116
69	122
69	126
69	132
69	136
69	140
69	144
69	146
69	150
69	154
69	156
69	160
69	162
69	166
69	170
69	172
69	176
69	178
69	182
69	184
69	188
69	190
69	194
69	196
69	200
69	202
69	204
69	208
69	210
69	212
69	216
69	218
69	222
69	224
69	228
69	230
69	234
69	236
69	238
69	242
69	244
69	248
69	250
69	254
69	256
69	258
69	262
69	264
69	268
69	270
69	274
69	276
69	280
69	282
69	286
69	288
69	292
69	294
69	298
69	300
69	304
69	306
69	310
69	314
69	316
69	320
69	324
69	328
69	330
69	334
69	338
69	342
69	344
69	348
69	352
69	356
69	358
69	362
69	366
69	370
69	374
69	376
69	380
69	384
69	388
69	392
69	396
69	400
69	404
69	408
69	412
69	416
69	420
69	424
69	428
69	432
69	436
69	440
69	444
69	448
69	452
69	456
69	460
69	464
69	468
69	472
69	476
69	480
69	484
69	488
69	492
69	496
69	500
69	504
69	508
69	512
69	516
69	520
69	524
69	528
69	532
69	536
69	540
69	546
69	550
69	556
69	562
69	568
69	576
69	584
69	596
70	150
70	162
70	172
70	182
70	192
70	202
70	210
70	220
70	228
70	236
70	244
70	252
70	260
70	266
70	272
70	278
70	284
70	290
70	296
70	300
70	306
70	310
70	314
70	320
70	324
70	328
70	332
70	336
70	340
70	344
70	348
70	350
70	354
70	358
70	362
70	364
70	368
70	372
70	374
70	378
70	382
70	384
70	388
70	390
70	394
70	398
70	400
70	404
70	406
70	410
70	412
70	416
70	418
70	422
70	424
70	428
70	430
70	434
70	436
70	440
70	442
70	446
70	448
70	452
70	454
70	458
70	460
70	462
70	466
70	468
70	470
70	474
70	476
70	480
70	482
70	484
70	488
70	490
70	492
70	496
70	498
70	502
70	504
70	508
70	510
70	514
70	516
70	520
70	524
70	528
70	532
70	536
70	542
70	546
70	552
70	558
70	566
70	576
71	358
71	370
71	380
71	388
71	396
71	404
71	410
71	418
71	424
71	430
71	436
71	440
71	446
71	452
71	456
71	462
71	466
71	472
71	476
71	482
71	486
71	492
71	498
71	504
71	510
71	516
71	524
71	534
71	544
72	72
72	82
72	90
72	98
72	106
72	114
72	122
72	130
72	138
72	146
72	156
72	166
72	176
72	188
73	70
73	80
73	86
73	92
73	98
73	102
73	108
73	112
73	116
73	120
73	126
73	130
73	134
73	138
73	144
73	148
73	154
73	158
73	164
73	168
73	174
73	178
73	184
73	190
73	196
73	202
73	208
73	214
73	220
73	226
73	232
73	240
73	246
73	254
73	260
73	268
73	276
73	284
73	294
73	302
73	312
73	322
73	334
73	346
73	526
73	538
73	548
74	72
74	80
74	88
74	94
74	98
74	104
74	108
74	112
74	116
74	120
74	124
74	128
74	132
74	136
74	140
74	142
74	146
74	150
74	154
74	158
74	162
74	166
74	170
74	174
74	178
74	182
74	186
74	190
74	194
74	198
74	202
74	206
74	210
74	214
74	218
74	222
74	226
74	230
74	234
74	238
74	244
74	248
74	252
74	256
74	262
74	266
74	270
74	276
74	280
74	286
74	290
74	296
74	300
74	306
74	312
74	316
74	322
74	328
74	334
74	340
74	346
74	352
74	360
74	366
74	374
74	380
74	388
74	396
74	404
74	412
74	420
74	428
74	438
74	446
74	456
74	464
74	474
74	482
74	492
74	500
74	510
74	518
74	524
74	532
74	538
74	546
74	552
74	560
74	568
74	578
74	588
75	88
75	98
75	106
75	114
75	122
75	130
75	136
75	144
75	150
75	156
75	162
75	168
75	174
75	180
75	186
75	192
75	198
75	204
75	210
75	216
75	222
75	228
75	234
75	240
75	246
75	252
75	258
75	264
75	270
75	276
75	282
75	288
75	294
75	300
75	306
75	312
75	318
75	324
75	330
75	336
75	342
75	348
75	354
75	360
75	366
75	374
75	380
75	386
75	394
75	400
75	408
75	414
75	422
75	428
75	436
75	442
75	450
75	458
75	466
75	474
75	482
75	490
75	498
75	506
75	514
75	522
75	530
75	538
75	546
75	554
75	564
75	574
-1	-1
