-1	-1
6	172
6	183
6	193
6	203
6	213
6	224
6	235
6	247
6	278
6	290
6	302
6	313
6	325
7	159
7	169
7	178
7	186
7	194
7	202
7	210
7	218
7	226
7	234
7	242
7	250
7	259
7	267
7	275
7	283
7	291
7	299
7	307
7	315
7	323
7	332
7	341
7	351
8	149
8	159
8	167
8	174
8	181
8	188
8	194
8	200
8	206
8	213
8	220
8	227
8	234
8	241
8	247
8	254
8	261
8	268
8	275
8	282
8	289
8	295
8	301
8	307
8	313
8	320
8	327
8	334
8	341
8	349
8	358
8	368
9	147
9	156
9	163
9	170
9	177
9	183
9	189
9	195
9	200
9	206
9	211
9	217
9	223
9	229
9	234
9	240
9	245
9	251
9	257
9	263
9	269
9	275
9	281
9	287
9	293
9	299
9	305
9	311
9	317
9	323
9	329
9	336
9	343
9	351
9	360
9	370
10	149
10	159
10	167
10	175
10	182
10	189
10	195
10	201
10	207
10	213
10	219
10	225
10	231
10	236
10	242
10	247
10	253
10	258
10	264
10	269
10	274
10	279
10	284
10	289
10	294
10	299
10	304
10	309
10	314
10	319
10	324
10	329
10	334
10	339
10	345
10	351
10	357
10	364
10	372
10	381
10	393
11	149
11	159
11	167
11	174
11	181
11	188
11	194
11	200
11	206
11	212
11	218
11	223
11	229
11	234
11	239
11	244
11	249
11	254
11	259
11	264
11	269
11	274
11	279
11	284
11	289
11	294
11	299
11	304
11	309
11	314
11	319
11	324
11	329
11	335
11	340
11	346
11	352
11	359
11	366
11	374
11	384
12	158
12	168
12	176
12	183
12	190
12	196
12	202
12	208
12	214
12	220
12	226
12	231
12	237
12	242
12	247
12	252
12	257
12	262
12	267
12	272
12	277
12	282
12	287
12	292
12	297
12	302
12	307
12	312
12	317
12	322
12	327
12	333
12	338
12	344
12	350
12	356
12	363
12	370
12	378
12	387
13	162
13	172
13	180
13	187
13	194
13	200
13	206
13	212
13	218
13	224
13	229
13	235
13	240
13	245
13	250
13	255
13	260
13	265
13	270
13	275
13	280
13	285
13	290
13	295
13	300
13	304
13	309
13	314
13	318
13	323
13	328
13	333
13	338
13	343
13	348
13	353
13	359
13	365
13	371
13	378
13	386
13	395
13	406
14	169
14	179
14	187
14	194
14	201
14	207
14	213
14	218
14	224
14	229
14	234
14	239
14	244
14	249
14	254
14	259
14	264
14	269
14	274
14	279
14	284
14	289
14	294
14	298
14	303
14	307
14	312
14	316
14	321
14	326
14	330
14	335
14	340
14	345
14	350
14	355
14	360
14	366
14	372
14	379
14	387
14	396
14	407
15	166
15	175
15	183
15	190
15	196
15	202
15	207
15	212
15	217
15	222
15	227
15	232
15	237
15	241
15	246
15	250
15	255
15	259
15	264
15	268
15	273
15	277
15	282
15	287
15	291
15	296
15	300
15	305
15	309
15	314
15	318
15	323
15	328
15	333
15	338
15	344
15	350
15	356
15	363
15	370
15	378
15	388
16	159
16	169
16	177
16	183
16	189
16	194
16	199
16	203
16	208
16	212
16	217
16	221
16	226
16	230
16	235
16	239
16	244
16	248
16	253
16	257
16	262
16	266
16	271
16	276
16	281
16	286
16	291
16	296
16	301
16	307
16	313
16	319
16	326
16	333
16	341
16	350
16	361
17	166
17	176
17	183
17	190
17	196
17	202
17	207
17	212
17	217
17	222
17	227
17	232
17	237
17	242
17	247
17	252
17	257
17	262
17	267
17	272
17	277
17	283
17	288
17	294
17	300
17	307
17	314
17	322
17	331
17	342
18	178
18	188
18	197
18	205
18	212
18	219
18	225
18	231
18	237
18	243
18	249
18	255
18	261
18	267
18	273
18	279
18	285
18	292
18	299
18	307
18	316
18	326
19	200
19	211
19	221
19	230
19	239
19	247
19	255
19	263
19	271
19	279
19	287
19	296
19	306
19	317
20	229
20	241
20	253
20	265
22	162
22	173
22	183
22	193
22	204
22	215
22	317
22	329
22	341
22	355
23	157
23	167
23	176
23	185
23	194
23	203
23	212
23	222
23	232
23	244
23	287
23	298
23	308
23	317
23	325
23	333
23	341
23	349
23	357
23	366
23	377
24	150
24	160
24	168
24	175
24	182
24	189
24	196
24	203
24	210
24	218
24	226
24	235
24	244
24	254
24	264
24	274
24	284
24	293
24	301
24	309
24	316
24	323
24	329
24	335
24	341
24	347
24	353
24	359
24	366
24	374
24	383
24	393
25	148
25	157
25	164
25	170
25	176
25	182
25	187
25	193
25	198
25	204
25	210
25	216
25	222
25	229
25	236
25	243
25	250
25	257
25	264
25	271
25	278
25	285
25	291
25	297
25	303
25	309
25	314
25	319
25	324
25	329
25	334
25	339
25	344
25	349
25	354
25	359
25	365
25	371
25	378
25	386
25	395
25	406
26	143
26	152
26	159
26	164
26	170
26	174
26	179
26	183
26	188
26	192
26	197
26	202
26	207
26	212
26	217
26	222
26	227
26	233
26	238
26	244
26	250
26	256
26	262
26	268
26	274
26	279
26	284
26	289
26	294
26	299
26	303
26	308
26	312
26	316
26	320
26	324
26	328
26	332
26	336
26	340
26	345
26	349
26	354
26	359
26	365
26	371
26	378
26	386
26	395
27	141
27	150
27	157
27	162
27	167
27	172
27	176
27	181
27	184
27	189
27	193
27	197
27	201
27	205
27	209
27	214
27	218
27	223
27	227
27	232
27	237
27	242
27	247
27	252
27	257
27	262
27	267
27	272
27	277
27	282
27	287
27	291
27	296
27	300
27	305
27	309
27	313
27	317
27	321
27	325
27	329
27	333
27	337
27	341
27	346
27	350
27	355
27	360
27	366
27	372
27	379
27	387
27	396
28	142
28	151
28	158
28	163
28	169
28	173
28	178
28	182
28	186
28	190
28	194
28	197
28	201
28	205
28	209
28	213
28	217
28	221
28	225
28	229
28	233
28	237
28	242
28	246
28	251
28	255
28	260
28	264
28	269
28	273
28	278
28	282
28	287
28	291
28	296
28	300
28	305
28	309
28	313
28	317
28	321
28	325
28	329
28	333
28	337
28	341
28	345
28	349
28	354
28	358
28	364
28	369
28	376
28	383
28	391
28	401
29	147
29	156
29	164
29	171
29	177
29	182
29	187
29	192
29	197
29	202
29	207
29	212
29	217
29	222
29	227
29	232
29	237
29	242
29	247
29	252
29	258
29	263
29	269
29	274
29	279
29	284
29	289
29	294
29	299
29	303
29	308
29	312
29	316
29	320
29	324
29	328
29	332
29	336
29	340
29	345
29	349
29	354
29	359
29	365
29	371
29	378
29	386
29	395
29	406
30	160
30	171
30	180
30	188
30	196
30	203
30	210
30	217
30	224
30	231
30	238
30	245
30	252
30	259
30	266
30	273
30	279
30	285
30	291
30	296
30	301
30	305
30	310
30	313
30	318
30	321
30	325
30	329
30	333
30	337
30	341
30	346
30	350
30	355
30	360
30	366
30	372
30	379
30	387
30	396
31	167
31	177
31	186
31	194
31	202
31	209
31	216
31	223
31	230
31	237
31	244
31	251
31	258
31	264
31	270
31	275
31	281
31	285
31	290
31	294
31	298
31	302
31	305
31	309
31	312
31	315
31	319
31	322
31	325
31	329
31	332
31	336
31	339
31	344
31	347
31	352
31	356
31	361
31	366
31	372
31	378
31	386
31	395
31	406
32	156
32	165
32	173
32	180
32	187
32	193
32	199
32	205
32	211
32	217
32	223
32	229
32	235
32	241
32	246
32	252
32	257
32	262
32	267
32	271
32	275
32	279
32	283
32	286
32	290
32	293
32	296
32	299
32	302
32	305
32	308
32	311
32	314
32	317
32	320
32	323
32	326
32	329
32	333
32	336
32	340
32	344
32	348
32	353
32	358
32	363
32	369
32	376
32	384
32	393
32	405
33	157
33	167
33	175
33	182
33	188
33	194
33	199
33	204
33	209
33	214
33	219
33	224
33	229
33	234
33	239
33	243
33	248
33	252
33	256
33	260
33	264
33	268
33	272
33	275
33	279
33	282
33	285
33	289
33	292
33	295
33	298
33	301
33	304
33	307
33	310
33	314
33	317
33	320
33	324
33	327
33	331
33	335
33	339
33	344
33	349
33	355
33	361
33	368
33	376
33	386
34	160
34	170
34	177
34	183
34	188
34	193
34	197
34	201
34	205
34	209
34	212
34	216
34	220
34	223
34	227
34	230
34	234
34	237
34	241
34	243
34	247
34	250
34	253
34	256
34	259
34	262
34	265
34	268
34	271
34	274
34	277
34	280
34	283
34	286
34	289
34	292
34	295
34	298
34	301
34	305
34	308
34	312
34	315
34	319
34	323
34	327
34	332
34	337
34	343
34	349
34	356
34	364
34	374
35	160
35	170
35	178
35	184
35	190
35	194
35	199
35	202
35	206
35	210
35	213
35	216
35	220
35	222
35	225
35	228
35	231
35	233
35	236
35	239
35	241
35	243
35	246
35	248
35	251
35	252
35	255
35	257
35	259
35	262
35	263
35	266
35	268
35	270
35	273
35	275
35	277
35	280
35	282
35	285
35	287
35	290
35	293
35	295
35	298
35	301
35	304
35	307
35	310
35	314
35	317
35	321
35	325
35	329
35	335
35	340
35	346
35	353
35	361
35	371
36	159
36	169
36	178
36	185
36	191
36	196
36	201
36	205
36	210
36	213
36	217
36	220
36	223
36	226
36	229
36	232
36	234
36	237
36	240
36	242
36	245
36	247
36	250
36	252
36	255
36	257
36	260
36	262
36	265
36	267
36	270
36	273
36	276
36	278
36	282
36	284
36	288
36	291
36	295
36	298
36	302
36	306
36	310
36	315
36	319
36	325
36	330
36	336
36	343
36	351
36	361
37	163
37	173
37	181
37	189
37	194
37	200
37	204
37	209
37	212
37	216
37	220
37	223
37	226
37	230
37	232
37	236
37	238
37	242
37	244
37	247
37	250
37	253
37	256
37	259
37	262
37	265
37	268
37	272
37	275
37	279
37	282
37	286
37	290
37	294
37	298
37	303
37	308
37	313
37	318
37	324
37	331
37	339
37	348
38	178
38	188
38	196
38	202
38	208
38	213
38	218
38	222
38	226
38	230
38	234
38	238
38	242
38	246
38	250
38	254
38	258
38	262
38	266
38	270
38	275
38	279
38	284
38	289
38	294
38	300
38	306
38	312
38	319
38	327
38	336
39	180
39	190
39	199
39	206
39	213
39	219
39	225
39	231
39	236
39	242
39	247
39	252
39	257
39	263
39	268
39	274
39	280
39	287
39	294
39	302
39	310
39	319
40	187
40	197
40	206
40	214
40	221
40	228
40	234
40	240
40	246
40	253
40	260
40	267
40	275
40	283
40	292
40	302
40	313
41	192
41	202
41	211
41	219
41	227
41	235
41	243
41	251
41	259
41	267
41	276
41	285
41	295
41	307
42	190
42	200
42	209
42	218
42	226
42	234
42	242
42	250
42	258
42	266
42	275
42	285
42	296
43	191
43	201
43	210
43	219
43	227
43	235
43	243
43	251
43	260
43	269
43	279
44	199
44	210
44	220
44	229
44	238
44	247
44	257
44	268
45	217
45	229
45	242
50	251
50	264
50	276
51	240
51	252
51	263
51	274
51	285
52	221
52	233
52	245
52	257
53	197
53	208
53	219
53	229
53	239
53	249
53	259
53	269
53	280
53	292
54	190
54	201
54	211
54	221
54	230
54	239
54	248
54	257
54	266
54	275
54	285
54	295
54	307
55	199
55	210
55	220
55	230
55	239
55	248
55	257
55	266
55	275
55	285
55	295
55	306
55	317
55	329
56	201
56	212
56	221
56	230
56	239
56	247
56	255
56	263
56	271
56	279
56	287
56	295
56	303
56	312
56	321
56	330
56	340
56	351
57	190
57	201
57	210
57	218
57	225
57	232
57	239
57	246
57	253
57	260
57	267
57	274
57	282
57	290
57	298
57	307
57	316
57	325
57	334
57	344
57	355
58	188
58	198
58	207
58	215
58	223
58	230
58	237
58	244
58	252
58	260
58	268
58	277
58	286
58	295
58	304
58	313
58	322
58	331
58	341
58	353
59	189
59	199
59	208
59	216
59	224
59	232
59	240
59	248
59	256
59	264
59	272
59	280
59	289
59	297
59	306
59	314
59	322
59	331
59	340
59	350
60	193
60	203
60	212
60	220
60	228
60	235
60	242
60	249
60	256
60	263
60	270
60	277
60	284
60	291
60	298
60	306
60	313
60	320
60	327
60	334
60	341
60	349
60	358
60	368
61	198
61	208
61	216
61	223
61	230
61	236
61	242
61	247
61	252
61	257
61	262
61	266
61	271
61	275
61	279
61	284
61	288
61	293
61	297
61	302
61	307
61	312
61	317
61	322
61	327
61	333
61	339
61	346
61	353
61	361
61	371
62	193
62	202
62	209
62	214
62	220
62	224
62	229
62	232
62	236
62	240
62	243
62	246
62	250
62	252
62	255
62	258
62	261
62	263
62	266
62	269
62	271
62	274
62	276
62	279
62	281
62	284
62	286
62	289
62	292
62	294
62	297
62	300
62	303
62	306
62	309
62	312
62	316
62	319
62	323
62	327
62	331
62	336
62	340
62	346
62	351
62	357
62	365
62	374
62	386
63	192
63	201
63	208
63	213
63	218
63	222
63	225
63	229
63	232
63	234
63	238
63	240
63	242
63	245
63	248
63	250
63	252
63	255
63	257
63	259
63	262
63	263
63	266
63	268
63	270
63	273
63	275
63	277
63	279
63	282
63	284
63	286
63	289
63	291
63	294
63	296
63	299
63	301
63	305
63	307
63	310
63	313
63	316
63	319
63	323
63	326
63	330
63	334
63	338
63	342
63	347
63	352
63	358
63	365
63	373
63	382
64	190
64	200
64	208
64	214
64	220
64	224
64	229
64	233
64	237
64	241
64	245
64	249
64	253
64	257
64	261
64	265
64	269
64	273
64	277
64	281
64	285
64	289
64	293
64	297
64	301
64	305
64	309
64	313
64	317
64	321
64	325
64	329
64	334
64	338
64	344
64	349
64	355
64	362
64	370
64	380
65	187
65	195
65	202
65	208
65	213
65	219
65	224
65	229
65	234
65	239
65	243
65	248
65	252
65	256
65	260
65	264
65	268
65	272
65	275
65	279
65	282
65	286
65	289
65	293
65	296
65	299
65	303
65	305
65	309
65	312
65	315
65	319
65	322
65	326
65	329
65	334
65	337
65	342
65	346
65	351
65	357
65	363
65	370
65	378
65	388
66	182
66	191
66	199
66	204
66	210
66	214
66	219
66	222
66	226
66	230
66	233
66	237
66	240
66	243
66	247
66	250
66	253
66	256
66	259
66	262
66	264
66	268
66	270
66	273
66	276
66	278
66	281
66	284
66	286
66	289
66	292
66	294
66	297
66	300
66	302
66	306
66	308
66	311
66	315
66	317
66	321
66	324
66	328
66	331
66	336
66	339
66	344
66	348
66	354
66	359
66	366
66	374
66	383
67	188
67	198
67	206
67	213
67	220
67	226
67	232
67	237
67	242
67	247
67	252
67	256
67	261
67	265
67	270
67	275
67	279
67	284
67	289
67	294
67	299
67	304
67	309
67	314
67	319
67	325
67	330
67	336
67	342
67	348
67	355
67	363
67	372
67	385
68	191
68	201
68	210
68	218
68	226
68	234
68	242
68	250
68	258
68	266
68	273
68	280
68	287
68	293
68	299
68	304
68	310
68	315
68	320
68	325
68	330
68	336
68	342
68	348
68	355
68	363
68	372
68	384
69	192
69	201
69	209
69	215
69	221
69	227
69	233
69	239
69	245
69	251
69	257
69	263
69	269
69	275
69	280
69	285
69	290
69	295
69	300
69	304
69	309
69	313
69	318
69	323
69	328
69	333
69	339
69	345
69	352
69	360
69	370
70	197
70	206
70	214
70	221
70	228
70	235
70	242
70	249
70	256
70	263
70	270
70	278
70	285
70	292
70	299
70	307
70	315
70	324
70	334
70	345
71	207
71	218
71	228
71	238
71	247
71	256
71	265
71	274
71	283
71	292
71	301
71	310
71	320
71	330
71	342
72	202
72	212
72	221
72	229
72	236
72	243
72	249
72	255
72	261
72	267
72	272
72	278
72	283
72	289
72	294
72	300
72	305
72	311
72	317
72	323
72	330
72	337
72	345
72	354
72	365
73	202
73	212
73	220
73	227
73	233
73	239
73	244
73	250
73	255
73	260
73	265
73	270
73	275
73	280
73	285
73	290
73	296
73	301
73	307
73	313
73	319
73	326
73	333
73	341
73	350
73	363
74	321
74	332
74	343
74	355
75	203
75	214
75	225
75	236
75	247
75	258
75	269
75	280
75	290
75	300
75	309
75	317
75	324
75	331
75	337
75	343
75	349
75	355
75	362
75	369
75	377
75	386
76	198
76	208
76	216
76	224
76	231
76	238
76	245
76	252
76	259
76	266
76	273
76	280
76	287
76	293
76	299
76	305
76	311
76	317
76	322
76	327
76	332
76	337
76	342
76	347
76	352
76	357
76	363
76	369
76	376
76	384
76	393
77	213
77	224
77	234
77	244
77	254
77	264
77	274
77	284
77	294
77	303
77	312
77	322
77	332
77	342
77	354
-1	-1
