-1	-1
9	371
9	383
9	396
10	362
10	373
10	383
10	393
10	403
10	413
10	423
10	434
10	445
10	457
11	370
11	382
11	393
11	404
11	415
11	426
11	437
11	448
11	460
11	475
12	397
12	409
12	420
12	431
12	442
12	454
12	467
13	370
13	382
13	393
13	404
13	415
13	426
13	436
13	446
13	457
13	468
13	479
13	491
14	360
14	371
14	381
14	390
14	399
14	408
14	417
14	425
14	433
14	441
14	449
14	457
14	465
14	473
14	482
14	491
14	500
14	510
14	520
14	531
14	543
15	358
15	368
15	377
15	385
15	393
15	400
15	407
15	414
15	421
15	427
15	433
15	439
15	445
15	451
15	457
15	463
15	469
15	475
15	481
15	487
15	493
15	500
15	507
15	514
15	521
15	528
15	536
15	544
15	552
15	560
15	569
15	579
15	590
16	360
16	370
16	379
16	387
16	394
16	400
16	406
16	412
16	417
16	422
16	427
16	432
16	437
16	441
16	446
16	450
16	454
16	459
16	463
16	467
16	471
16	475
16	479
16	483
16	487
16	492
16	496
16	501
16	505
16	510
16	514
16	519
16	524
16	529
16	534
16	539
16	544
16	549
16	554
16	560
16	566
16	572
16	578
16	585
16	592
16	600
16	609
16	619
17	366
17	375
17	383
17	390
17	396
17	402
17	408
17	413
17	418
17	422
17	427
17	431
17	435
17	439
17	443
17	446
17	450
17	453
17	457
17	460
17	463
17	467
17	470
17	473
17	477
17	480
17	483
17	486
17	490
17	493
17	496
17	500
17	503
17	506
17	510
17	513
17	517
17	520
17	524
17	527
17	531
17	535
17	538
17	542
17	546
17	550
17	554
17	558
17	562
17	567
17	571
17	576
17	581
17	586
17	592
17	598
17	605
17	613
17	622
17	632
18	367
18	377
18	385
18	392
18	399
18	405
18	411
18	416
18	421
18	426
18	431
18	435
18	440
18	444
18	448
18	452
18	456
18	460
18	463
18	467
18	471
18	474
18	478
18	481
18	485
18	488
18	492
18	495
18	499
18	502
18	506
18	509
18	513
18	517
18	520
18	524
18	528
18	532
18	536
18	540
18	544
18	548
18	552
18	557
18	561
18	566
18	571
18	576
18	582
18	588
18	595
18	603
18	612
18	622
19	366
19	377
19	386
19	394
19	402
19	410
19	417
19	424
19	430
19	436
19	442
19	447
19	453
19	458
19	463
19	468
19	473
19	478
19	483
19	488
19	493
19	498
19	503
19	508
19	513
19	518
19	524
19	529
19	535
19	541
19	547
19	553
19	559
19	566
19	574
19	582
19	592
19	604
20	359
20	369
20	378
20	387
20	396
20	404
20	412
20	420
20	428
20	436
20	444
20	451
20	458
20	465
20	472
20	479
20	486
20	493
20	501
20	509
20	517
20	525
20	533
20	542
20	551
20	561
20	572
21	358
21	368
21	377
21	385
21	393
21	401
21	409
21	417
21	425
21	433
21	441
21	449
21	457
21	465
21	473
21	481
21	489
21	498
21	507
21	516
21	525
21	535
21	545
21	555
21	566
22	357
22	367
22	375
22	383
22	390
22	397
22	404
22	411
22	418
22	425
22	432
22	439
22	446
22	454
22	462
22	470
22	478
22	486
22	494
22	502
22	511
22	520
22	529
22	538
22	547
22	556
22	566
22	577
23	350
23	359
23	366
23	372
23	378
23	383
23	389
23	394
23	400
23	405
23	411
23	416
23	422
23	428
23	434
23	440
23	446
23	453
23	460
23	467
23	474
23	481
23	489
23	497
23	505
23	513
23	521
23	529
23	537
23	545
23	553
23	561
23	570
23	579
23	589
23	601
24	348
24	355
24	361
24	366
24	371
24	375
24	380
24	383
24	388
24	391
24	395
24	399
24	403
24	407
24	411
24	415
24	419
24	423
24	428
24	432
24	437
24	441
24	446
24	451
24	456
24	461
24	466
24	472
24	477
24	483
24	489
24	495
24	501
24	507
24	513
24	519
24	525
24	531
24	537
24	543
24	549
24	555
24	561
24	567
24	573
24	580
24	587
24	594
24	602
24	611
24	621
25	348
25	357
25	363
25	369
25	373
25	378
25	382
25	386
25	390
25	394
25	398
25	401
25	405
25	408
25	412
25	415
25	419
25	423
25	426
25	430
25	434
25	437
25	441
25	445
25	449
25	453
25	457
25	461
25	465
25	469
25	473
25	477
25	481
25	485
25	489
25	493
25	497
25	501
25	506
25	510
25	514
25	519
25	523
25	527
25	531
25	535
25	539
25	543
25	547
25	551
25	555
25	559
25	563
25	567
25	571
25	575
25	579
25	584
25	588
25	593
25	598
25	603
25	609
25	615
25	622
25	630
25	639
26	348
26	357
26	364
26	371
26	376
26	381
26	385
26	390
26	393
26	397
26	401
26	404
26	408
26	411
26	415
26	418
26	421
26	425
26	428
26	431
26	434
26	438
26	440
26	444
26	447
26	450
26	453
26	456
26	459
26	462
26	465
26	468
26	471
26	474
26	477
26	480
26	483
26	486
26	489
26	492
26	495
26	498
26	501
26	504
26	507
26	510
26	513
26	516
26	519
26	522
26	525
26	528
26	531
26	534
26	537
26	540
26	543
26	546
26	549
26	552
26	555
26	558
26	561
26	564
26	567
26	570
26	574
26	576
26	580
26	583
26	587
26	590
26	594
26	598
26	602
26	606
26	610
26	615
26	620
26	626
26	632
26	639
26	647
26	656
27	347
27	356
27	363
27	370
27	376
27	381
27	386
27	391
27	394
27	399
27	402
27	406
27	410
27	413
27	416
27	420
27	422
27	426
27	429
27	432
27	435
27	438
27	441
27	444
27	447
27	450
27	452
27	455
27	458
27	461
27	463
27	466
27	469
27	471
27	474
27	477
27	479
27	482
27	484
27	487
27	490
27	492
27	495
27	497
27	500
27	502
27	505
27	507
27	510
27	512
27	515
27	517
27	520
27	522
27	525
27	527
27	530
27	532
27	535
27	537
27	540
27	543
27	545
27	548
27	551
27	554
27	556
27	560
27	562
27	566
27	568
27	572
27	575
27	578
27	582
27	585
27	589
27	593
27	597
27	601
27	606
27	610
27	616
27	621
27	627
27	634
27	641
27	649
27	659
28	349
28	359
28	367
28	374
28	381
28	387
28	392
28	398
28	403
28	408
28	412
28	417
28	421
28	425
28	429
28	433
28	436
28	440
28	443
28	447
28	450
28	454
28	457
28	461
28	463
28	467
28	470
28	473
28	476
28	479
28	482
28	485
28	488
28	491
28	494
28	497
28	500
28	504
28	507
28	510
28	514
28	517
28	520
28	524
28	527
28	531
28	534
28	538
28	541
28	545
28	549
28	553
28	557
28	561
28	565
28	569
28	574
28	578
28	583
28	587
28	592
28	597
28	602
28	608
28	614
28	621
28	628
28	636
28	645
28	656
29	357
29	367
29	375
29	382
29	389
29	395
29	401
29	407
29	413
29	419
29	424
29	430
29	435
29	440
29	445
29	450
29	455
29	460
29	465
29	470
29	474
29	479
29	483
29	488
29	492
29	497
29	501
29	506
29	511
29	516
29	521
29	526
29	531
29	536
29	541
29	546
29	551
29	556
29	561
29	566
29	571
29	576
29	581
29	586
29	591
29	596
29	602
29	608
29	614
29	621
29	628
29	636
29	645
29	656
30	356
30	365
30	373
30	380
30	387
30	393
30	399
30	405
30	411
30	417
30	422
30	428
30	433
30	439
30	444
30	450
30	455
30	461
30	466
30	472
30	477
30	483
30	488
30	494
30	499
30	505
30	511
30	517
30	523
30	529
30	535
30	541
30	546
30	552
30	557
30	562
30	567
30	571
30	576
30	580
30	584
30	588
30	593
30	597
30	602
30	606
30	611
30	616
30	622
30	628
30	635
30	642
30	650
30	659
30	671
31	358
31	367
31	374
31	381
31	387
31	393
31	399
31	404
31	410
31	415
31	420
31	425
31	430
31	435
31	441
31	446
31	452
31	457
31	463
31	468
31	474
31	480
31	486
31	492
31	498
31	504
31	510
31	515
31	521
31	526
31	531
31	536
31	541
31	546
31	550
31	554
31	558
31	562
31	565
31	569
31	572
31	576
31	579
31	583
31	586
31	590
31	593
31	597
31	601
31	605
31	609
31	614
31	618
31	623
31	628
31	634
31	640
31	647
31	655
31	664
31	674
32	358
32	367
32	373
32	379
32	384
32	389
32	394
32	398
32	403
32	407
32	412
32	416
32	420
32	424
32	428
32	432
32	436
32	440
32	444
32	448
32	453
32	457
32	462
32	466
32	471
32	475
32	480
32	484
32	488
32	492
32	496
32	500
32	504
32	508
32	512
32	516
32	520
32	524
32	528
32	532
32	535
32	539
32	542
32	546
32	549
32	552
32	556
32	559
32	562
32	565
32	569
32	572
32	575
32	579
32	582
32	586
32	590
32	594
32	598
32	603
32	607
32	612
32	617
32	623
32	629
32	636
32	644
32	653
32	663
33	359
33	368
33	375
33	381
33	386
33	391
33	395
33	400
33	403
33	408
33	411
33	415
33	419
33	422
33	426
33	429
33	432
33	435
33	439
33	441
33	445
33	448
33	451
33	454
33	457
33	460
33	463
33	466
33	469
33	472
33	475
33	478
33	481
33	483
33	487
33	489
33	492
33	495
33	498
33	500
33	503
33	506
33	508
33	511
33	514
33	516
33	519
33	522
33	524
33	527
33	530
33	532
33	535
33	538
33	540
33	543
33	545
33	548
33	551
33	553
33	556
33	559
33	561
33	565
33	567
33	570
33	574
33	576
33	580
33	584
33	587
33	592
33	596
33	601
33	606
33	612
33	618
33	625
33	633
33	642
33	653
34	358
34	368
34	375
34	381
34	386
34	391
34	394
34	399
34	402
34	405
34	409
34	412
34	415
34	418
34	421
34	423
34	426
34	429
34	431
34	434
34	436
34	439
34	441
34	443
34	446
34	448
34	450
34	453
34	455
34	457
34	459
34	462
34	464
34	466
34	468
34	471
34	472
34	475
34	477
34	479
34	481
34	483
34	485
34	487
34	489
34	491
34	493
34	495
34	497
34	499
34	501
34	503
34	505
34	507
34	509
34	511
34	513
34	515
34	517
34	519
34	521
34	523
34	525
34	527
34	529
34	531
34	534
34	535
34	538
34	540
34	542
34	545
34	547
34	549
34	552
34	554
34	557
34	559
34	562
34	565
34	568
34	571
34	575
34	578
34	582
34	586
34	590
34	595
34	600
34	606
34	612
34	619
34	628
34	638
35	361
35	371
35	379
35	386
35	392
35	397
35	402
35	405
35	409
35	412
35	415
35	418
35	421
35	423
35	426
35	429
35	431
35	433
35	436
35	438
35	441
35	443
35	445
35	448
35	450
35	452
35	454
35	456
35	459
35	460
35	462
35	465
35	466
35	469
35	471
35	472
35	475
35	477
35	479
35	481
35	483
35	485
35	487
35	489
35	491
35	493
35	495
35	497
35	499
35	501
35	503
35	505
35	507
35	509
35	511
35	514
35	515
35	518
35	520
35	522
35	525
35	527
35	529
35	532
35	535
35	537
35	540
35	543
35	546
35	548
35	552
35	555
35	558
35	562
35	566
35	570
35	575
35	579
35	585
35	591
35	598
35	606
35	616
36	369
36	379
36	388
36	394
36	400
36	405
36	410
36	414
36	418
36	422
36	425
36	429
36	432
36	435
36	439
36	441
36	445
36	447
36	451
36	453
36	456
36	459
36	462
36	464
36	467
36	470
36	472
36	475
36	478
36	480
36	483
36	486
36	488
36	491
36	494
36	496
36	499
36	502
36	504
36	507
36	510
36	513
36	516
36	519
36	523
36	526
36	529
36	534
36	537
36	542
36	546
36	551
36	556
36	562
36	568
36	575
36	583
36	593
37	380
37	390
37	399
37	407
37	413
37	419
37	424
37	430
37	435
37	440
37	444
37	449
37	453
37	457
37	461
37	465
37	469
37	473
37	477
37	481
37	486
37	490
37	495
37	499
37	504
37	509
37	515
37	521
37	527
37	534
37	541
37	549
37	557
37	567
38	381
38	391
38	400
38	408
38	415
38	421
38	427
38	433
38	438
38	443
38	448
38	453
38	458
38	463
38	468
38	473
38	478
38	484
38	489
38	495
38	501
38	507
38	514
38	521
38	529
38	538
38	547
38	558
39	387
39	397
39	405
39	413
39	420
39	427
39	434
39	441
39	448
39	455
39	462
39	469
39	476
39	483
39	490
39	497
39	504
39	512
39	520
39	529
39	539
40	387
40	397
40	406
40	414
40	422
40	430
40	438
40	446
40	453
40	460
40	468
40	476
40	484
40	492
40	501
40	510
40	520
40	533
41	379
41	389
41	397
41	405
41	412
41	419
41	426
41	433
41	439
41	445
41	451
41	458
41	465
41	472
41	479
41	487
41	495
41	504
41	514
41	525
42	381
42	392
42	402
42	411
42	420
42	428
42	436
42	444
42	451
42	458
42	465
42	472
42	480
42	488
42	497
42	506
42	516
43	399
43	410
43	421
43	432
43	443
43	454
43	464
43	474
43	485
43	496
44	418
44	430
44	442
44	455
45	418
45	430
45	441
45	452
45	463
45	475
46	392
46	404
46	415
46	426
46	436
46	446
46	456
46	466
46	476
46	487
47	401
47	413
47	426
47	460
50	416
50	429
50	442
51	399
51	411
51	424
52	400
52	412
58	430
58	442
58	455
59	421
59	433
59	444
59	455
59	465
59	475
59	485
59	496
59	508
60	461
60	474
60	486
60	498
61	420
61	432
61	443
61	454
61	466
61	479
62	400
62	410
62	419
62	427
62	435
62	443
62	451
62	459
62	467
62	475
62	483
62	491
62	500
62	509
62	519
62	529
62	540
62	552
63	391
63	400
63	407
63	413
63	419
63	424
63	429
63	434
63	439
63	444
63	449
63	454
63	459
63	464
63	469
63	474
63	479
63	484
63	489
63	495
63	500
63	506
63	512
63	518
63	525
63	532
63	539
63	546
63	553
63	561
63	569
63	577
63	586
63	596
64	387
64	396
64	402
64	407
64	412
64	415
64	420
64	422
64	426
64	429
64	432
64	435
64	438
64	441
64	444
64	447
64	450
64	453
64	455
64	459
64	461
64	464
64	467
64	470
64	473
64	476
64	479
64	482
64	485
64	488
64	491
64	495
64	498
64	501
64	505
64	508
64	512
64	516
64	519
64	524
64	527
64	532
64	536
64	540
64	544
64	548
64	552
64	556
64	560
64	565
64	569
64	574
64	579
64	584
64	590
64	596
64	603
64	610
64	618
64	628
65	378
65	388
65	396
65	402
65	408
65	412
65	415
65	420
65	422
65	424
65	428
65	430
65	432
65	435
65	437
65	439
65	442
65	443
65	445
65	448
65	450
65	451
65	453
65	456
65	457
65	459
65	461
65	463
65	465
65	467
65	468
65	471
65	472
65	474
65	476
65	478
65	480
65	482
65	484
65	485
65	488
65	489
65	491
65	493
65	495
65	497
65	499
65	501
65	503
65	505
65	507
65	509
65	511
65	513
65	515
65	517
65	519
65	521
65	524
65	526
65	528
65	530
65	533
65	535
65	537
65	540
65	542
65	544
65	547
65	549
65	551
65	554
65	556
65	559
65	561
65	564
65	566
65	569
65	572
65	575
65	577
65	581
65	584
65	587
65	591
65	595
65	599
65	604
65	608
65	614
65	619
65	625
65	632
65	640
65	649
66	368
66	378
66	386
66	393
66	400
66	405
66	411
66	414
66	419
66	422
66	425
66	429
66	432
66	433
66	437
66	439
66	442
66	443
66	446
66	448
66	450
66	452
66	453
66	456
66	458
66	459
66	461
66	463
66	464
66	466
66	468
66	470
66	471
66	472
66	474
66	476
66	478
66	479
66	481
66	482
66	484
66	485
66	487
66	489
66	490
66	491
66	493
66	495
66	496
66	497
66	499
66	501
66	502
66	503
66	505
66	506
66	508
66	509
66	511
66	512
66	514
66	515
66	517
66	518
66	520
66	521
66	523
66	524
66	526
66	527
66	529
66	530
66	532
66	533
66	535
66	536
66	538
66	539
66	541
66	543
66	544
66	546
66	547
66	549
66	551
66	553
66	554
66	556
66	558
66	560
66	562
66	564
66	566
66	568
66	570
66	573
66	575
66	577
66	580
66	583
66	585
66	588
66	591
66	595
66	598
66	602
66	606
66	610
66	615
66	619
66	625
66	630
66	637
66	644
66	653
66	664
67	371
67	381
67	389
67	394
67	400
67	404
67	409
67	414
67	419
67	423
67	428
67	432
67	437
67	441
67	445
67	449
67	453
67	457
67	461
67	464
67	468
67	471
67	473
67	477
67	480
67	482
67	485
67	488
67	490
67	492
67	495
67	497
67	499
67	502
67	503
67	506
67	508
67	510
67	512
67	514
67	516
67	518
67	520
67	522
67	524
67	526
67	528
67	530
67	532
67	534
67	536
67	538
67	540
67	542
67	545
67	546
67	549
67	551
67	554
67	556
67	558
67	561
67	564
67	566
67	569
67	572
67	575
67	578
67	582
67	585
67	589
67	593
67	597
67	602
67	607
67	613
67	619
67	626
67	634
67	644
68	387
68	394
68	401
68	406
68	411
68	416
68	421
68	426
68	431
68	436
68	441
68	447
68	453
68	459
68	466
68	473
68	480
68	488
68	496
68	504
68	512
68	520
68	528
68	536
68	544
68	551
68	558
68	564
68	570
68	576
68	583
68	590
68	598
68	606
68	616
69	399
69	409
69	418
69	427
69	436
69	445
69	454
69	464
69	474
69	485
69	497
69	509
69	520
69	531
69	541
69	550
69	558
69	565
69	572
69	579
69	587
69	595
69	604
69	614
70	411
70	423
70	435
70	550
70	563
71	401
71	411
71	420
71	429
71	437
71	445
71	453
71	461
71	469
71	478
71	487
71	497
71	507
71	518
71	529
71	540
71	550
71	560
71	571
71	584
72	408
72	418
72	426
72	433
72	439
72	445
72	451
72	456
72	462
72	467
72	472
72	477
72	482
72	487
72	493
72	498
72	504
72	509
72	515
72	521
72	527
72	533
72	539
72	545
72	551
72	557
72	563
72	569
72	576
72	583
72	591
72	600
72	610
73	430
73	440
73	449
73	457
73	464
73	471
73	477
73	483
73	489
73	494
73	500
73	505
73	511
73	516
73	521
73	526
73	531
73	536
73	541
73	546
73	552
73	557
73	563
73	569
73	576
73	584
73	592
73	601
73	613
75	396
75	405
75	413
75	421
75	429
75	437
75	445
75	453
75	462
75	471
75	481
75	492
75	561
75	572
75	581
75	590
75	598
75	606
75	615
75	625
76	394
76	403
76	411
76	418
76	425
76	431
76	437
76	443
76	449
76	456
76	462
76	469
76	476
76	483
76	490
76	498
76	506
76	514
76	523
76	532
76	541
76	550
76	559
76	567
76	574
76	581
76	588
76	595
76	602
76	609
76	617
76	626
76	636
77	436
77	448
77	460
77	472
77	485
-1	-1
