-1	-1
4	229
4	242
5	217
5	228
5	239
5	250
5	261
6	181
6	194
6	206
6	217
6	227
6	237
6	247
6	257
6	268
7	171
7	182
7	193
7	204
7	214
7	224
7	234
7	244
7	254
7	264
7	275
8	172
8	183
8	194
8	205
8	216
8	226
8	236
8	246
8	256
8	267
9	169
9	180
9	190
9	200
9	210
9	220
9	231
9	242
9	255
10	159
10	169
10	178
10	186
10	194
10	202
10	210
10	219
10	228
10	238
10	249
11	161
11	171
11	180
11	188
11	196
11	204
11	212
11	220
11	229
11	238
11	248
11	259
12	160
12	170
12	179
12	187
12	194
12	201
12	208
12	215
12	222
12	230
12	238
12	246
12	255
12	264
12	274
12	285
12	297
12	309
12	321
12	333
12	345
13	159
13	169
13	178
13	186
13	193
13	200
13	206
13	212
13	218
13	224
13	230
13	236
13	242
13	248
13	255
13	262
13	269
13	276
13	284
13	292
13	300
13	308
13	316
13	324
13	332
13	340
13	348
13	357
13	367
13	378
14	159
14	169
14	178
14	185
14	192
14	198
14	204
14	209
14	214
14	219
14	224
14	229
14	234
14	239
14	244
14	249
14	254
14	259
14	264
14	269
14	274
14	279
14	285
14	290
14	296
14	302
14	308
14	314
14	320
14	326
14	332
14	338
14	345
14	352
14	359
14	367
14	376
14	386
14	397
15	167
15	177
15	186
15	193
15	200
15	205
15	211
15	216
15	221
15	226
15	230
15	235
15	239
15	243
15	247
15	251
15	255
15	259
15	263
15	267
15	271
15	276
15	280
15	285
15	289
15	294
15	299
15	304
15	309
15	314
15	319
15	325
15	330
15	336
15	342
15	348
15	354
15	360
15	367
15	374
15	382
15	391
15	401
15	414
16	159
16	169
16	178
16	186
16	193
16	200
16	206
16	212
16	218
16	223
16	228
16	233
16	238
16	243
16	247
16	252
16	256
16	261
16	266
16	271
16	276
16	281
16	286
16	291
16	297
16	302
16	308
16	313
16	319
16	324
16	330
16	335
16	340
16	345
16	351
16	356
16	362
16	368
16	375
16	382
16	389
16	397
16	406
16	416
17	157
17	166
17	174
17	181
17	188
17	195
17	202
17	209
17	216
17	223
17	230
17	237
17	244
17	251
17	258
17	265
17	272
17	279
17	286
17	293
17	300
17	307
17	313
17	319
17	325
17	331
17	336
17	342
17	347
17	353
17	359
17	365
17	371
17	378
17	385
17	393
17	402
17	412
17	423
18	152
18	162
18	170
18	177
18	183
18	189
18	195
18	201
18	208
18	215
18	222
18	229
18	236
18	243
18	250
18	258
18	266
18	274
18	282
18	290
18	298
18	305
18	312
18	319
18	326
18	333
18	340
18	347
18	354
18	361
18	369
18	378
18	387
18	397
18	408
19	148
19	157
19	164
19	170
19	175
19	181
19	186
19	191
19	196
19	201
19	207
19	212
19	218
19	224
19	230
19	236
19	243
19	250
19	257
19	265
19	273
19	281
19	289
19	297
19	305
19	313
19	321
19	329
19	337
19	345
19	353
19	362
19	372
19	382
19	393
19	405
20	149
20	158
20	164
20	170
20	175
20	180
20	185
20	190
20	195
20	200
20	205
20	210
20	216
20	221
20	227
20	233
20	239
20	246
20	253
20	260
20	267
20	275
20	283
20	291
20	299
20	308
20	317
20	326
20	335
20	344
20	353
20	362
20	372
20	382
20	393
20	405
21	149
21	158
21	164
21	170
21	174
21	179
21	183
21	188
21	192
21	197
21	201
21	206
21	210
21	215
21	220
21	225
21	230
21	235
21	241
21	247
21	253
21	259
21	266
21	273
21	280
21	288
21	296
21	304
21	312
21	320
21	328
21	336
21	344
21	352
21	360
21	368
21	376
21	385
21	394
21	403
21	413
21	424
22	150
22	159
22	165
22	171
22	175
22	180
22	184
22	188
22	192
22	196
22	200
22	204
22	208
22	212
22	216
22	220
22	225
22	229
22	234
22	238
22	243
22	248
22	253
22	258
22	264
22	270
22	276
22	282
22	289
22	296
22	303
22	310
22	317
22	324
22	331
22	338
22	345
22	352
22	359
22	366
22	373
22	380
22	387
22	394
22	402
22	410
22	418
22	427
22	437
22	449
23	151
23	160
23	167
23	173
23	178
23	183
23	188
23	192
23	197
23	201
23	206
23	210
23	215
23	219
23	224
23	228
23	233
23	238
23	243
23	248
23	253
23	258
23	264
23	269
23	275
23	281
23	287
23	293
23	299
23	305
23	311
23	317
23	323
23	329
23	335
23	340
23	346
23	351
23	357
23	362
23	368
23	373
23	379
23	385
23	391
23	397
23	403
23	410
23	417
23	424
23	432
23	440
23	450
24	151
24	161
24	169
24	175
24	181
24	186
24	192
24	197
24	202
24	207
24	212
24	217
24	222
24	227
24	232
24	237
24	242
24	247
24	252
24	257
24	263
24	268
24	274
24	279
24	285
24	291
24	296
24	302
24	307
24	313
24	318
24	323
24	328
24	333
24	338
24	343
24	348
24	353
24	358
24	363
24	368
24	373
24	379
24	385
24	391
24	397
24	403
24	409
24	416
24	423
24	431
24	440
24	450
25	157
25	167
25	175
25	183
25	190
25	197
25	204
25	210
25	216
25	222
25	228
25	234
25	240
25	245
25	251
25	256
25	262
25	267
25	272
25	277
25	282
25	287
25	292
25	297
25	302
25	307
25	312
25	316
25	321
25	325
25	330
25	334
25	339
25	343
25	348
25	352
25	357
25	362
25	367
25	373
25	378
25	384
25	390
25	397
25	404
25	412
25	420
25	429
25	440
26	156
26	165
26	173
26	181
26	188
26	195
26	201
26	207
26	213
26	219
26	224
26	229
26	234
26	239
26	244
26	248
26	253
26	257
26	262
26	266
26	271
26	275
26	280
26	284
26	288
26	292
26	296
26	300
26	304
26	308
26	312
26	316
26	320
26	324
26	328
26	332
26	337
26	341
26	346
26	350
26	355
26	360
26	366
26	372
26	378
26	385
26	392
26	400
26	409
26	419
27	151
27	161
27	169
27	176
27	183
27	190
27	196
27	202
27	208
27	213
27	218
27	223
27	228
27	232
27	237
27	241
27	245
27	250
27	253
27	258
27	261
27	266
27	269
27	273
27	277
27	281
27	285
27	289
27	293
27	297
27	301
27	305
27	309
27	313
27	317
27	321
27	325
27	329
27	333
27	337
27	342
27	346
27	351
27	356
27	361
27	367
27	373
27	379
27	386
27	393
27	400
27	408
27	416
27	425
27	435
28	153
28	163
28	172
28	180
28	187
28	193
28	199
28	204
28	210
28	215
28	220
28	225
28	230
28	234
28	239
28	243
28	248
28	252
28	256
28	261
28	264
28	269
28	272
28	277
28	280
28	284
28	288
28	292
28	296
28	300
28	304
28	308
28	312
28	316
28	320
28	324
28	328
28	332
28	336
28	340
28	345
28	349
28	354
28	358
28	363
28	368
28	373
28	378
28	383
28	388
28	394
28	399
28	405
28	411
28	417
28	424
28	431
28	439
28	448
28	459
29	159
29	169
29	178
29	185
29	191
29	197
29	203
29	208
29	213
29	218
29	223
29	228
29	233
29	238
29	242
29	247
29	251
29	256
29	260
29	265
29	269
29	274
29	278
29	283
29	287
29	292
29	296
29	301
29	305
29	310
29	314
29	319
29	323
29	328
29	332
29	337
29	341
29	346
29	350
29	355
29	359
29	364
29	369
29	373
29	378
29	382
29	387
29	391
29	396
29	400
29	405
29	410
29	415
29	420
29	426
29	432
29	438
29	445
29	453
29	462
29	473
30	161
30	171
30	180
30	187
30	194
30	200
30	206
30	212
30	217
30	223
30	228
30	233
30	238
30	243
30	248
30	253
30	258
30	263
30	268
30	273
30	278
30	283
30	288
30	293
30	298
30	303
30	307
30	312
30	316
30	321
30	325
30	329
30	333
30	337
30	341
30	345
30	349
30	353
30	357
30	361
30	365
30	369
30	373
30	377
30	381
30	385
30	389
30	394
30	398
30	403
30	408
30	413
30	419
30	425
30	431
30	438
30	445
30	453
30	462
30	474
31	160
31	170
31	179
31	186
31	193
31	199
31	205
31	211
31	216
31	222
31	227
31	232
31	237
31	242
31	247
31	252
31	257
31	262
31	267
31	272
31	277
31	282
31	287
31	292
31	296
31	301
31	305
31	310
31	313
31	318
31	321
31	325
31	328
31	332
31	335
31	338
31	341
31	344
31	347
31	350
31	353
31	356
31	359
31	362
31	365
31	368
31	372
31	375
31	378
31	382
31	386
31	390
31	394
31	398
31	403
31	408
31	414
31	420
31	426
31	433
31	441
31	450
31	460
32	160
32	170
32	178
32	185
32	191
32	197
32	202
32	207
32	212
32	216
32	221
32	225
32	229
32	233
32	237
32	241
32	245
32	249
32	253
32	257
32	261
32	265
32	269
32	273
32	277
32	281
32	285
32	289
32	293
32	297
32	301
32	304
32	308
32	311
32	313
32	317
32	320
32	322
32	325
32	328
32	330
32	332
32	335
32	337
32	340
32	342
32	344
32	347
32	349
32	351
32	354
32	356
32	358
32	361
32	364
32	366
32	369
32	372
32	375
32	378
32	381
32	385
32	388
32	392
32	396
32	400
32	405
32	410
32	416
32	422
32	429
32	437
32	446
33	162
33	172
33	181
33	188
33	193
33	199
33	203
33	208
33	211
33	215
33	219
33	222
33	225
33	228
33	231
33	234
33	237
33	240
33	243
33	245
33	249
33	251
33	254
33	257
33	259
33	262
33	265
33	267
33	270
33	273
33	275
33	278
33	280
33	283
33	285
33	288
33	290
33	293
33	295
33	298
33	300
33	303
33	305
33	307
33	310
33	312
33	314
33	317
33	319
33	321
33	324
33	326
33	328
33	331
33	333
33	336
33	338
33	340
33	343
33	346
33	348
33	351
33	354
33	356
33	359
33	363
33	365
33	369
33	372
33	376
33	379
33	384
33	388
33	393
33	398
33	404
33	410
33	417
33	426
33	437
34	162
34	172
34	181
34	189
34	195
34	201
34	205
34	210
34	213
34	217
34	221
34	223
34	227
34	230
34	232
34	235
34	238
34	240
34	242
34	245
34	247
34	250
34	252
34	254
34	257
34	259
34	261
34	263
34	266
34	268
34	270
34	272
34	274
34	276
34	278
34	280
34	282
34	284
34	286
34	288
34	290
34	292
34	294
34	296
34	298
34	300
34	302
34	304
34	306
34	308
34	310
34	312
34	314
34	316
34	318
34	320
34	322
34	324
34	326
34	328
34	330
34	332
34	334
34	336
34	338
34	340
34	343
34	345
34	347
34	350
34	352
34	355
34	358
34	360
34	364
34	367
34	370
34	374
34	377
34	382
34	386
34	391
34	396
34	402
34	409
34	417
34	426
35	169
35	180
35	190
35	198
35	204
35	210
35	214
35	219
35	223
35	227
35	231
35	234
35	238
35	241
35	243
35	247
35	249
35	252
35	254
35	257
35	260
35	262
35	264
35	267
35	269
35	272
35	274
35	276
35	279
35	281
35	283
35	286
35	288
35	290
35	293
35	295
35	298
35	300
35	303
35	305
35	308
35	310
35	313
35	316
35	318
35	321
35	324
35	327
35	329
35	333
35	336
35	339
35	342
35	346
35	349
35	353
35	357
35	361
35	366
35	371
35	376
35	382
35	389
35	397
35	407
36	177
36	188
36	198
36	206
36	212
36	218
36	222
36	227
36	231
36	235
36	239
36	242
36	246
36	249
36	252
36	255
36	259
36	261
36	265
36	267
36	271
36	273
36	276
36	279
36	282
36	285
36	288
36	291
36	294
36	297
36	300
36	303
36	306
36	309
36	312
36	315
36	318
36	321
36	325
36	328
36	332
36	335
36	339
36	343
36	347
36	352
36	356
36	361
36	367
36	373
36	380
36	388
36	398
37	168
37	179
37	190
37	200
37	208
37	215
37	221
37	227
37	232
37	237
37	241
37	245
37	250
37	253
37	257
37	261
37	264
37	268
37	271
37	275
37	278
37	282
37	285
37	289
37	292
37	296
37	299
37	303
37	307
37	311
37	315
37	319
37	324
37	328
37	333
37	338
37	343
37	349
37	355
37	362
37	370
37	379
38	162
38	173
38	182
38	191
38	199
38	207
38	214
38	220
38	226
38	231
38	236
38	241
38	246
38	250
38	255
38	259
38	263
38	267
38	271
38	275
38	279
38	283
38	287
38	291
38	295
38	299
38	304
38	308
38	313
38	317
38	322
38	327
38	332
38	338
38	344
38	350
38	357
38	365
38	374
38	386
39	160
39	170
39	179
39	187
39	195
39	202
39	209
39	215
39	221
39	227
39	233
39	238
39	243
39	248
39	253
39	258
39	263
39	268
39	273
39	278
39	283
39	288
39	293
39	299
39	304
39	310
39	316
39	322
39	328
39	335
39	342
39	350
39	359
39	369
40	168
40	179
40	189
40	198
40	206
40	213
40	220
40	226
40	232
40	238
40	244
40	250
40	255
40	261
40	266
40	272
40	277
40	283
40	289
40	295
40	301
40	307
40	313
40	320
40	327
40	334
40	341
40	349
40	358
40	368
41	188
41	199
41	209
41	218
41	226
41	233
41	240
41	246
41	252
41	258
41	264
41	270
41	276
41	283
41	290
41	297
41	304
41	311
41	319
41	327
41	336
41	346
41	358
42	186
42	197
42	207
42	216
42	224
42	232
42	240
42	247
42	254
42	261
42	268
42	275
42	282
42	289
42	296
42	303
42	310
42	317
42	325
42	334
42	344
42	355
43	178
43	189
43	199
43	209
43	218
43	226
43	234
43	242
43	249
43	256
43	263
43	270
43	277
43	284
43	291
43	298
43	305
43	313
43	321
43	330
43	340
43	353
44	191
44	204
44	215
44	225
44	234
44	243
44	251
44	259
44	267
44	275
44	283
44	291
44	300
44	309
44	319
44	330
45	189
45	202
45	213
45	223
45	233
45	242
45	251
45	260
45	269
45	278
45	287
45	297
45	307
45	318
45	330
46	171
46	182
46	193
46	205
46	216
46	226
46	236
46	246
46	256
46	266
46	277
46	289
47	168
47	179
47	189
47	200
47	211
47	222
47	233
47	244
47	255
47	268
48	241
53	228
53	240
53	252
53	264
54	226
54	237
54	247
54	257
54	267
54	277
54	288
55	230
55	241
55	250
55	259
55	268
55	277
55	286
55	296
55	307
56	237
56	248
56	258
56	267
56	276
56	285
56	294
56	303
56	313
56	324
57	232
57	244
57	255
57	265
57	275
57	285
57	295
57	305
57	315
57	326
58	221
58	232
58	242
58	252
58	261
58	270
58	279
58	288
58	297
58	307
58	317
58	328
59	218
59	229
59	239
59	249
59	258
59	267
59	275
59	283
59	291
59	299
59	307
59	315
59	323
59	332
59	341
59	351
60	211
60	221
60	230
60	238
60	246
60	254
60	261
60	268
60	275
60	283
60	291
60	299
60	307
60	315
60	323
60	331
60	340
60	349
60	359
61	206
61	216
61	224
61	231
61	237
61	243
61	248
61	253
61	258
61	263
61	268
61	273
61	278
61	283
61	288
61	294
61	299
61	305
61	311
61	318
61	325
61	333
61	342
61	352
61	364
62	197
62	208
62	217
62	224
62	230
62	234
62	239
62	243
62	247
62	251
62	254
62	258
62	261
62	264
62	268
62	271
62	274
62	277
62	280
62	284
62	286
62	290
62	293
62	296
62	300
62	303
62	307
62	310
62	315
62	318
62	323
62	327
62	332
62	337
62	343
62	349
62	356
62	364
62	373
62	385
63	202
63	212
63	220
63	227
63	233
63	239
63	243
63	247
63	251
63	254
63	258
63	261
63	263
63	267
63	269
63	272
63	274
63	277
63	279
63	282
63	284
63	287
63	289
63	292
63	294
63	296
63	299
63	301
63	304
63	306
63	309
63	311
63	314
63	317
63	319
63	323
63	325
63	329
63	332
63	336
63	339
63	344
63	347
63	352
63	357
63	362
63	368
63	375
63	383
63	392
64	202
64	211
64	219
64	225
64	232
64	238
64	244
64	250
64	255
64	260
64	264
64	268
64	272
64	275
64	279
64	282
64	285
64	288
64	291
64	294
64	297
64	300
64	303
64	306
64	309
64	312
64	315
64	318
64	321
64	325
64	328
64	332
64	336
64	339
64	344
64	348
64	353
64	358
64	364
64	370
64	377
64	385
64	394
65	201
65	210
65	217
65	223
65	229
65	234
65	239
65	244
65	249
65	254
65	259
65	264
65	269
65	274
65	279
65	285
65	290
65	296
65	302
65	308
65	314
65	320
65	326
65	332
65	338
65	345
65	351
65	358
65	365
65	372
65	380
65	389
65	400
66	197
66	208
66	216
66	222
66	227
66	232
66	236
66	241
66	244
66	248
66	252
66	255
66	259
66	262
66	266
66	269
66	273
66	277
66	280
66	284
66	288
66	292
66	296
66	300
66	304
66	308
66	312
66	316
66	320
66	324
66	328
66	332
66	336
66	340
66	344
66	348
66	352
66	356
66	360
66	364
66	368
66	373
66	377
66	382
66	387
66	393
66	399
66	406
66	414
66	423
67	190
67	201
67	210
67	219
67	225
67	231
67	235
67	240
67	243
67	248
67	251
67	255
67	258
67	262
67	264
67	268
67	271
67	274
67	277
67	280
67	283
67	286
67	289
67	292
67	294
67	298
67	300
67	303
67	305
67	308
67	311
67	313
67	316
67	318
67	321
67	323
67	325
67	328
67	330
67	332
67	335
67	337
67	339
67	342
67	344
67	346
67	349
67	351
67	353
67	356
67	358
67	360
67	363
67	366
67	368
67	371
67	374
67	377
67	379
67	383
67	386
67	389
67	393
67	397
67	401
67	406
67	411
67	417
67	423
67	431
67	440
68	202
68	213
68	223
68	232
68	240
68	248
68	255
68	261
68	267
68	272
68	277
68	282
68	286
68	291
68	294
68	298
68	302
68	304
68	308
68	311
68	313
68	317
68	319
68	322
68	324
68	327
68	329
68	332
68	334
68	336
68	339
68	341
68	343
68	346
68	348
68	350
68	353
68	355
68	358
68	360
68	364
68	366
68	369
68	372
68	376
68	378
68	383
68	386
68	390
68	395
68	399
68	405
68	411
68	418
68	426
68	437
69	217
69	228
69	238
69	248
69	258
69	268
69	278
69	288
69	297
69	306
69	314
69	322
69	330
69	337
69	345
69	353
69	361
69	369
69	378
69	388
70	219
70	229
70	238
70	246
70	254
70	261
70	268
70	275
70	282
70	290
70	298
70	306
70	314
70	322
70	330
70	338
70	345
70	352
70	359
70	366
70	373
70	380
70	387
70	395
70	404
70	414
71	230
71	240
71	249
71	256
71	263
71	270
71	276
71	282
71	288
71	293
71	299
71	304
71	309
71	314
71	319
71	324
71	329
71	334
71	338
71	343
71	347
71	352
71	356
71	360
71	364
71	368
71	373
71	377
71	382
71	386
71	391
71	396
71	402
71	408
71	415
71	423
71	433
72	271
72	282
72	292
72	301
72	309
72	316
72	323
72	329
72	335
72	341
72	346
72	352
72	357
72	362
72	367
72	373
72	379
72	385
72	392
72	399
72	408
72	419
74	212
74	222
74	230
74	238
74	245
74	252
74	259
74	266
74	274
74	282
74	290
74	299
74	308
74	318
74	329
74	370
74	382
74	394
75	212
75	221
75	228
75	234
75	240
75	245
75	250
75	255
75	260
75	265
75	270
75	275
75	280
75	285
75	290
75	295
75	300
75	306
75	311
75	317
75	323
75	329
75	335
75	341
75	348
75	355
75	362
75	369
75	375
75	382
75	388
75	395
75	402
75	409
75	417
75	426
76	227
76	237
76	245
76	252
76	259
76	265
76	271
76	277
76	283
76	289
76	295
76	301
76	307
76	313
76	319
76	325
76	331
76	338
76	345
76	352
76	359
76	366
76	373
76	380
76	387
76	395
76	403
76	412
76	423
-1	-1
