-1	-1
8	178
8	189
8	199
8	210
8	222
9	168
9	178
9	187
9	196
9	205
9	214
9	223
9	233
9	244
9	256
10	162
10	172
10	181
10	189
10	197
10	205
10	213
10	221
10	230
10	239
10	248
10	257
10	267
10	277
10	287
10	297
10	308
10	320
11	163
11	174
11	183
11	191
11	199
11	207
11	214
11	222
11	230
11	238
11	246
11	254
11	263
11	272
11	281
11	290
11	299
11	309
11	319
11	330
11	344
12	172
12	183
12	192
12	201
12	209
12	217
12	225
12	233
12	241
12	249
12	257
12	264
12	272
12	280
12	288
12	296
12	304
12	313
12	322
12	332
12	343
13	169
13	180
13	189
13	197
13	204
13	211
13	218
13	224
13	231
13	237
13	243
13	249
13	255
13	261
13	267
13	274
13	281
13	288
13	295
13	302
13	310
13	318
13	326
13	335
13	345
13	356
14	168
14	178
14	187
14	194
14	201
14	207
14	213
14	219
14	224
14	230
14	235
14	240
14	245
14	250
14	255
14	260
14	265
14	270
14	276
14	281
14	287
14	293
14	299
14	305
14	311
14	317
14	324
14	331
14	338
14	346
14	354
14	363
14	373
15	176
15	186
15	193
15	200
15	206
15	212
15	217
15	222
15	227
15	232
15	236
15	241
15	245
15	250
15	254
15	258
15	262
15	266
15	270
15	274
15	278
15	283
15	287
15	292
15	296
15	301
15	306
15	310
15	315
15	320
15	325
15	330
15	335
15	340
15	346
15	352
15	359
15	366
15	374
15	383
15	394
16	189
16	199
16	207
16	214
16	221
16	227
16	233
16	238
16	243
16	248
16	252
16	257
16	261
16	265
16	269
16	273
16	277
16	281
16	285
16	289
16	293
16	297
16	302
16	306
16	311
16	316
16	321
16	326
16	331
16	336
16	342
16	348
16	355
16	362
16	370
16	379
16	389
17	192
17	203
17	212
17	220
17	228
17	235
17	242
17	248
17	253
17	259
17	264
17	269
17	274
17	279
17	284
17	289
17	294
17	299
17	305
17	311
17	317
17	324
17	331
17	339
17	347
17	357
17	369
18	202
18	213
18	223
18	233
18	242
18	250
18	258
18	265
18	272
18	280
18	288
18	296
18	305
18	315
18	326
19	229
19	240
19	250
19	260
19	270
19	280
19	290
19	301
20	258
20	271
23	188
23	200
23	213
23	225
23	237
23	248
23	259
23	270
23	281
23	293
23	306
24	169
24	179
24	188
24	197
24	206
24	215
24	224
24	233
24	242
24	251
24	260
24	269
24	278
24	287
24	296
24	305
24	314
24	323
24	333
24	343
24	353
24	364
24	377
25	167
25	176
25	184
25	192
25	200
25	207
25	215
25	223
25	231
25	238
25	245
25	252
25	259
25	266
25	273
25	280
25	287
25	294
25	301
25	308
25	315
25	322
25	329
25	336
25	343
25	350
25	357
25	365
25	373
25	382
25	391
25	401
25	413
26	161
26	171
26	179
26	186
26	193
26	199
26	205
26	211
26	217
26	223
26	229
26	235
26	241
26	247
26	253
26	259
26	265
26	271
26	277
26	282
26	288
26	293
26	298
26	303
26	308
26	313
26	318
26	323
26	328
26	333
26	337
26	342
26	347
26	352
26	357
26	362
26	367
26	373
26	378
26	384
26	390
26	397
26	404
26	412
26	421
26	431
27	159
27	169
27	177
27	184
27	190
27	196
27	202
27	208
27	213
27	219
27	224
27	229
27	234
27	239
27	243
27	248
27	252
27	257
27	261
27	266
27	270
27	274
27	279
27	282
27	287
27	290
27	294
27	298
27	302
27	306
27	310
27	313
27	317
27	321
27	324
27	328
27	331
27	335
27	338
27	342
27	345
27	349
27	352
27	356
27	359
27	363
27	367
27	371
27	375
27	379
27	384
27	388
27	394
27	399
27	405
27	411
27	418
27	426
27	436
28	158
28	167
28	174
28	180
28	186
28	191
28	196
28	201
28	205
28	210
28	214
28	219
28	223
28	227
28	231
28	235
28	239
28	242
28	246
28	250
28	253
28	257
28	260
28	264
28	267
28	271
28	274
28	278
28	281
28	284
28	288
28	291
28	294
28	298
28	300
28	304
28	307
28	310
28	313
28	316
28	319
28	323
28	325
28	329
28	332
28	335
28	338
28	341
28	345
28	348
28	351
28	355
28	358
28	362
28	366
28	369
28	374
28	377
28	382
28	386
28	391
28	396
28	402
28	408
28	415
28	423
28	432
28	444
29	157
29	165
29	172
29	178
29	183
29	188
29	192
29	197
29	201
29	205
29	209
29	213
29	217
29	220
29	224
29	227
29	231
29	234
29	238
29	241
29	244
29	248
29	251
29	254
29	258
29	260
29	264
29	267
29	270
29	273
29	276
29	279
29	282
29	285
29	288
29	291
29	294
29	297
29	300
29	304
29	306
29	310
29	313
29	316
29	320
29	323
29	327
29	330
29	334
29	337
29	341
29	345
29	348
29	352
29	356
29	360
29	364
29	368
29	373
29	377
29	382
29	387
29	393
29	399
29	406
29	413
29	421
29	430
29	441
30	153
30	162
30	169
30	175
30	181
30	186
30	191
30	195
30	200
30	204
30	208
30	212
30	216
30	220
30	224
30	228
30	232
30	236
30	240
30	244
30	248
30	252
30	256
30	260
30	263
30	267
30	271
30	274
30	278
30	282
30	285
30	289
30	293
30	297
30	300
30	304
30	308
30	312
30	315
30	319
30	323
30	327
30	331
30	335
30	339
30	343
30	347
30	351
30	356
30	360
30	365
30	369
30	374
30	379
30	384
30	389
30	395
30	401
30	408
30	415
30	423
30	432
30	443
31	158
31	167
31	174
31	181
31	187
31	192
31	198
31	203
31	208
31	213
31	218
31	223
31	229
31	234
31	239
31	244
31	249
31	254
31	259
31	264
31	269
31	274
31	279
31	284
31	289
31	294
31	299
31	304
31	308
31	313
31	317
31	321
31	325
31	329
31	333
31	337
31	341
31	345
31	349
31	353
31	357
31	362
31	366
31	371
31	376
31	381
31	386
31	392
31	398
31	405
31	412
31	420
31	429
31	439
32	158
32	168
32	176
32	183
32	189
32	195
32	201
32	207
32	213
32	219
32	225
32	231
32	236
32	242
32	247
32	252
32	257
32	262
32	267
32	272
32	277
32	282
32	286
32	291
32	295
32	299
32	303
32	307
32	311
32	314
32	318
32	321
32	325
32	328
32	332
32	335
32	339
32	342
32	346
32	349
32	353
32	357
32	361
32	365
32	369
32	374
32	378
32	384
32	389
32	395
32	401
32	408
32	416
32	425
32	435
32	446
33	167
33	177
33	185
33	192
33	199
33	205
33	211
33	217
33	223
33	229
33	234
33	240
33	245
33	250
33	255
33	260
33	264
33	269
33	273
33	277
33	281
33	285
33	289
33	292
33	296
33	299
33	302
33	306
33	309
33	312
33	315
33	318
33	321
33	324
33	327
33	330
33	333
33	336
33	339
33	342
33	346
33	348
33	353
33	356
33	360
33	364
33	368
33	373
33	377
33	382
33	387
33	393
33	399
33	406
33	414
33	423
33	433
34	166
34	175
34	182
34	189
34	194
34	200
34	205
34	210
34	215
34	220
34	224
34	229
34	233
34	237
34	241
34	245
34	249
34	253
34	256
34	260
34	263
34	266
34	270
34	272
34	276
34	279
34	282
34	285
34	288
34	291
34	294
34	297
34	300
34	303
34	306
34	309
34	312
34	315
34	318
34	322
34	325
34	328
34	332
34	335
34	339
34	343
34	347
34	351
34	356
34	360
34	365
34	370
34	376
34	382
34	389
34	397
34	406
34	416
35	166
35	175
35	182
35	188
35	193
35	198
35	202
35	206
35	210
35	213
35	217
35	221
35	224
35	228
35	231
35	234
35	237
35	240
35	243
35	246
35	249
35	252
35	254
35	257
35	260
35	262
35	265
35	268
35	270
35	273
35	276
35	278
35	281
35	284
35	287
35	290
35	293
35	296
35	299
35	303
35	306
35	310
35	314
35	318
35	322
35	327
35	331
35	336
35	341
35	347
35	353
35	360
35	367
35	376
35	386
36	172
36	182
36	190
36	195
36	201
36	204
36	209
36	212
36	216
36	219
36	222
36	225
36	228
36	231
36	233
36	237
36	239
36	242
36	244
36	247
36	249
36	252
36	254
36	257
36	259
36	262
36	264
36	267
36	269
36	272
36	274
36	277
36	279
36	283
36	285
36	288
36	291
36	295
36	297
36	301
36	305
36	308
36	313
36	317
36	322
36	327
36	332
36	338
36	345
36	352
36	360
36	370
37	170
37	180
37	189
37	195
37	201
37	205
37	210
37	213
37	217
37	221
37	224
37	228
37	231
37	234
37	237
37	240
37	243
37	246
37	249
37	252
37	255
37	258
37	261
37	264
37	267
37	270
37	273
37	276
37	279
37	283
37	286
37	290
37	294
37	298
37	302
37	306
37	311
37	316
37	321
37	327
37	333
37	340
37	348
37	357
37	368
38	179
38	189
38	197
38	203
38	209
38	213
38	218
38	222
38	226
38	230
38	234
38	237
38	241
38	244
38	248
38	251
38	255
38	258
38	262
38	265
38	269
38	273
38	276
38	280
38	284
38	288
38	293
38	297
38	302
38	307
38	313
38	319
38	326
38	333
38	341
38	350
38	363
39	192
39	202
39	210
39	217
39	223
39	229
39	235
39	241
39	246
39	251
39	256
39	261
39	266
39	271
39	277
39	283
39	289
39	295
39	302
39	309
39	317
39	326
39	336
40	198
40	208
40	217
40	226
40	234
40	242
40	250
40	257
40	264
40	271
40	279
40	287
40	295
40	304
40	314
40	325
41	190
41	200
41	209
41	218
41	226
41	234
41	242
41	249
41	256
41	263
41	270
41	277
41	285
41	293
41	302
41	311
41	321
42	180
42	191
42	200
42	209
42	217
42	225
42	233
42	241
42	249
42	256
42	263
42	270
42	277
42	285
42	293
42	302
42	312
42	323
43	190
43	201
43	211
43	221
43	230
43	239
43	247
43	255
43	263
43	271
43	279
43	288
43	297
43	307
43	319
44	198
44	209
44	220
44	230
44	240
44	249
44	258
44	267
44	277
44	287
44	298
45	211
45	223
45	234
45	244
45	254
45	264
45	274
45	284
45	295
46	216
46	228
46	239
46	249
46	259
46	268
46	277
46	287
46	297
47	216
47	227
47	238
47	248
47	258
47	267
47	276
47	286
47	296
47	307
48	220
48	232
48	243
48	253
48	263
48	273
48	283
48	294
48	306
49	242
49	254
49	265
49	276
49	287
55	242
55	254
55	266
55	278
56	229
56	240
56	250
56	259
56	268
56	277
56	287
56	297
56	308
57	219
57	230
57	240
57	249
57	257
57	265
57	273
57	281
57	289
57	298
57	307
57	317
58	209
58	220
58	230
58	239
58	247
58	255
58	263
58	271
58	279
58	287
58	295
58	303
58	312
58	322
58	333
59	212
59	223
59	232
59	241
59	249
59	257
59	265
59	273
59	281
59	289
59	297
59	305
59	314
59	324
59	336
60	222
60	232
60	241
60	249
60	257
60	264
60	271
60	278
60	286
60	294
60	302
60	311
60	321
60	335
61	222
61	233
61	243
61	252
61	261
61	269
61	277
61	285
61	294
61	303
61	313
61	324
62	210
62	220
62	229
62	237
62	244
62	251
62	258
62	265
62	272
62	279
62	286
62	294
62	302
62	311
62	321
63	203
63	213
63	221
63	228
63	234
63	240
63	245
63	250
63	255
63	260
63	265
63	270
63	275
63	280
63	285
63	290
63	296
63	302
63	308
63	315
63	323
63	332
63	343
64	197
64	206
64	213
64	220
64	225
64	231
64	235
64	240
64	243
64	248
64	251
64	255
64	259
64	262
64	266
64	270
64	273
64	277
64	281
64	285
64	289
64	293
64	297
64	301
64	306
64	310
64	315
64	320
64	326
64	332
64	339
64	347
64	356
64	367
65	191
65	200
65	206
65	212
65	215
65	220
65	223
65	227
65	231
65	233
65	237
65	240
65	243
65	246
65	249
65	252
65	254
65	257
65	260
65	262
65	265
65	268
65	270
65	273
65	276
65	278
65	281
65	284
65	287
65	289
65	293
65	295
65	299
65	302
65	305
65	308
65	312
65	315
65	319
65	323
65	327
65	331
65	336
65	341
65	347
65	353
65	360
65	368
65	377
66	193
66	201
66	207
66	212
66	216
66	220
66	223
66	227
66	230
66	233
66	236
66	239
66	242
66	244
66	247
66	250
66	252
66	255
66	257
66	260
66	262
66	264
66	267
66	269
66	271
66	274
66	276
66	278
66	281
66	283
66	285
66	288
66	290
66	292
66	295
66	297
66	299
66	302
66	305
66	307
66	310
66	313
66	316
66	318
66	322
66	325
66	328
66	332
66	335
66	339
66	343
66	347
66	352
66	357
66	362
66	368
66	375
66	383
66	393
67	201
67	210
67	218
67	224
67	230
67	234
67	239
67	243
67	247
67	251
67	254
67	258
67	261
67	264
67	267
67	270
67	273
67	275
67	279
67	281
67	283
67	286
67	289
67	291
67	294
67	296
67	299
67	302
67	304
67	307
67	310
67	313
67	316
67	319
67	322
67	325
67	328
67	332
67	335
67	339
67	343
67	347
67	352
67	357
67	362
67	368
67	375
67	383
67	393
68	210
68	220
68	229
68	236
68	242
68	248
68	253
68	258
68	263
68	268
68	273
68	277
68	282
68	286
68	291
68	295
68	300
68	304
68	309
68	313
68	318
68	322
68	327
68	332
68	337
68	342
68	348
68	354
68	361
68	369
68	378
69	207
69	217
69	225
69	232
69	239
69	245
69	251
69	257
69	262
69	268
69	273
69	279
69	284
69	290
69	296
69	302
69	308
69	314
69	320
69	326
69	333
69	340
69	347
69	356
69	366
70	222
70	233
70	243
70	252
70	261
70	269
70	277
70	285
70	293
70	300
70	307
70	315
70	323
70	331
70	340
70	349
70	360
71	230
71	241
71	251
71	261
71	271
71	281
71	291
71	301
71	311
71	321
71	332
71	344
72	219
72	229
72	238
72	246
72	254
72	262
72	270
72	277
72	285
72	293
72	301
72	309
72	318
72	327
72	337
73	222
73	233
73	243
73	252
73	260
73	268
73	275
73	282
73	289
73	296
73	303
73	310
73	317
73	325
73	333
73	342
73	352
74	288
74	300
74	311
74	322
74	333
74	345
-1	-1
