-1	-1
8	389
8	400
8	410
8	420
8	430
8	439
8	448
8	457
8	467
8	478
8	491
9	376
9	386
9	395
9	404
9	413
9	421
9	429
9	437
9	445
9	453
9	461
9	470
9	480
9	490
9	500
9	510
9	520
9	530
9	540
9	551
9	564
10	371
10	381
10	390
10	398
10	406
10	414
10	422
10	430
10	438
10	446
10	454
10	462
10	471
10	481
10	491
10	501
10	511
10	520
10	529
10	537
10	546
10	555
10	564
10	574
11	372
11	382
11	391
11	400
11	408
11	416
11	424
11	432
11	440
11	448
11	457
11	466
11	476
11	487
11	499
11	510
11	520
11	530
11	540
11	550
11	561
12	370
12	380
12	389
12	398
12	406
12	414
12	422
12	430
12	439
12	448
12	457
12	467
13	367
13	377
13	385
13	393
13	401
13	409
13	417
13	425
13	433
13	442
13	451
13	461
14	367
14	377
14	385
14	393
14	401
14	409
14	417
14	425
14	434
14	443
14	453
14	465
15	367
15	377
15	386
15	395
15	404
15	413
15	422
15	431
15	441
15	451
16	366
16	376
16	385
16	394
16	403
16	412
16	421
16	430
16	439
16	449
16	460
17	358
17	368
17	377
17	385
17	392
17	399
17	406
17	413
17	420
17	427
17	434
17	442
17	450
17	458
17	467
17	478
18	352
18	362
18	370
18	377
18	384
18	390
18	396
18	402
18	408
18	414
18	420
18	425
18	431
18	436
18	442
18	448
18	454
18	460
18	467
18	475
18	483
18	493
18	505
18	562
18	574
18	585
18	596
19	350
19	359
19	366
19	373
19	379
19	384
19	390
19	395
19	400
19	405
19	410
19	414
19	419
19	423
19	428
19	432
19	437
19	441
19	446
19	450
19	455
19	460
19	465
19	470
19	476
19	482
19	489
19	497
19	506
19	516
19	537
19	548
19	558
19	567
19	576
19	585
19	595
19	605
20	350
20	359
20	366
20	372
20	377
20	382
20	387
20	391
20	395
20	400
20	403
20	408
20	411
20	415
20	419
20	422
20	426
20	430
20	433
20	437
20	440
20	444
20	447
20	451
20	455
20	458
20	463
20	466
20	471
20	475
20	480
20	485
20	490
20	496
20	502
20	509
20	516
20	524
20	533
20	542
20	550
20	558
20	566
20	574
20	583
20	592
20	602
21	352
21	361
21	369
21	375
21	381
21	386
21	391
21	395
21	400
21	404
21	408
21	412
21	416
21	420
21	423
21	427
21	431
21	434
21	438
21	441
21	445
21	448
21	452
21	455
21	459
21	463
21	467
21	471
21	475
21	479
21	484
21	488
21	493
21	498
21	504
21	510
21	516
21	523
21	530
21	538
21	546
21	555
21	564
21	574
21	584
22	360
22	370
22	379
22	386
22	393
22	399
22	405
22	410
22	415
22	420
22	425
22	430
22	434
22	439
22	443
22	447
22	451
22	455
22	459
22	463
22	467
22	472
22	476
22	481
22	486
22	491
22	496
22	501
22	507
22	513
22	519
22	526
22	533
22	541
22	550
22	560
22	571
23	360
23	370
23	379
23	387
23	394
23	401
23	408
23	414
23	420
23	426
23	431
23	436
23	441
23	446
23	451
23	455
23	460
23	465
23	470
23	475
23	480
23	485
23	491
23	497
23	503
23	509
23	516
23	524
23	532
23	541
23	551
23	562
24	359
24	369
24	378
24	385
24	392
24	399
24	406
24	413
24	419
24	426
24	432
24	438
24	444
24	450
24	456
24	462
24	469
24	476
24	483
24	490
24	498
24	506
24	515
24	525
24	535
24	546
25	356
25	365
25	372
25	379
25	384
25	390
25	395
25	400
25	405
25	410
25	415
25	420
25	426
25	431
25	437
25	443
25	449
25	456
25	463
25	471
25	480
25	489
25	499
25	509
25	520
26	350
26	359
26	366
26	372
26	377
26	382
26	386
26	391
26	394
26	399
26	402
26	406
26	410
26	414
26	418
26	422
26	426
26	430
26	435
26	439
26	444
26	449
26	454
26	460
26	466
26	473
26	480
26	488
26	496
26	505
26	515
26	526
26	538
27	350
27	359
27	365
27	371
27	374
27	379
27	382
27	386
27	390
27	392
27	396
27	399
27	402
27	405
27	408
27	411
27	414
27	417
27	420
27	423
27	426
27	429
27	433
27	436
27	439
27	443
27	447
27	450
27	455
27	459
27	464
27	468
27	474
27	479
27	485
27	491
27	498
27	505
27	513
27	521
27	530
27	540
27	550
27	562
28	349
28	358
28	364
28	370
28	373
28	378
28	381
28	384
28	388
28	391
28	393
28	396
28	399
28	401
28	403
28	406
28	408
28	410
28	413
28	415
28	417
28	420
28	422
28	424
28	427
28	429
28	432
28	434
28	437
28	439
28	443
28	445
28	448
28	451
28	455
28	458
28	462
28	466
28	469
28	474
28	478
28	483
28	488
28	493
28	498
28	504
28	510
28	516
28	523
28	530
28	537
28	545
28	553
28	562
28	572
28	583
29	350
29	359
29	365
29	371
29	374
29	379
29	382
29	386
29	389
29	392
29	395
29	398
29	401
29	402
29	405
29	408
29	410
29	412
29	414
29	417
29	419
29	421
29	423
29	426
29	428
29	430
29	433
29	435
29	437
29	440
29	443
29	445
29	448
29	451
29	454
29	457
29	460
29	464
29	467
29	471
29	475
29	479
29	483
29	487
29	492
29	496
29	501
29	506
29	511
29	516
29	521
29	527
29	533
29	539
29	545
29	552
29	559
29	567
29	575
29	584
29	594
29	605
30	357
30	365
30	372
30	378
30	383
30	388
30	392
30	396
30	400
30	403
30	407
30	410
30	413
30	417
30	420
30	423
30	426
30	429
30	432
30	435
30	438
30	441
30	444
30	447
30	450
30	454
30	456
30	460
30	464
30	467
30	471
30	475
30	479
30	484
30	488
30	493
30	498
30	503
30	508
30	513
30	518
30	524
30	529
30	535
30	541
30	547
30	554
30	561
30	568
30	576
30	584
30	593
30	603
31	369
31	379
31	386
31	392
31	398
31	403
31	408
31	412
31	416
31	420
31	422
31	426
31	429
31	432
31	434
31	437
31	440
31	442
31	445
31	447
31	450
31	453
31	455
31	458
31	461
31	464
31	467
31	470
31	473
31	477
31	480
31	484
31	487
31	491
31	495
31	499
31	504
31	508
31	513
31	518
31	524
31	530
31	536
31	543
31	550
31	558
31	566
31	575
31	584
31	594
32	381
32	392
32	401
32	409
32	416
32	422
32	427
32	432
32	435
32	440
32	443
32	447
32	451
32	454
32	458
32	462
32	466
32	470
32	475
32	479
32	484
32	489
32	494
32	500
32	506
32	512
32	519
32	526
32	534
32	542
32	550
32	559
32	568
32	577
32	587
32	597
33	390
33	400
33	409
33	416
33	423
33	429
33	434
33	439
33	443
33	448
33	452
33	456
33	460
33	464
33	468
33	473
33	477
33	482
33	487
33	492
33	497
33	503
33	509
33	515
33	522
33	529
33	536
33	543
33	550
33	557
33	564
33	571
33	578
33	586
33	594
33	603
33	613
33	624
34	396
34	406
34	415
34	423
34	430
34	436
34	441
34	446
34	450
34	454
34	458
34	462
34	466
34	470
34	474
34	478
34	482
34	486
34	490
34	494
34	498
34	503
34	507
34	512
34	516
34	521
34	526
34	531
34	536
34	541
34	547
34	552
34	557
34	562
34	567
34	573
34	578
34	584
34	590
34	596
34	603
34	610
34	618
34	627
34	637
35	392
35	403
35	413
35	422
35	430
35	438
35	445
35	451
35	457
35	462
35	467
35	472
35	477
35	481
35	486
35	490
35	494
35	498
35	502
35	506
35	510
35	514
35	518
35	522
35	526
35	530
35	535
35	539
35	544
35	548
35	553
35	557
35	562
35	567
35	572
35	577
35	582
35	587
35	593
35	599
35	605
35	612
35	619
35	627
35	636
36	398
36	409
36	419
36	428
36	436
36	443
36	450
36	456
36	461
36	466
36	471
36	475
36	480
36	483
36	488
36	491
36	495
36	499
36	503
36	507
36	511
36	515
36	519
36	523
36	527
36	531
36	535
36	539
36	544
36	548
36	553
36	557
36	562
36	567
36	572
36	578
36	584
36	590
36	597
36	605
36	613
36	622
36	633
37	401
37	412
37	422
37	432
37	441
37	449
37	456
37	463
37	469
37	475
37	481
37	487
37	493
37	499
37	505
37	511
37	517
37	522
37	528
37	533
37	538
37	543
37	548
37	554
37	559
37	565
37	571
37	578
37	585
37	593
37	602
37	612
37	624
38	399
38	409
38	418
38	426
38	434
38	442
38	450
38	458
38	466
38	474
38	482
38	490
38	498
38	505
38	512
38	519
38	526
38	533
38	540
38	547
38	554
38	562
38	570
38	579
38	588
38	598
38	609
39	409
39	420
39	430
39	439
39	448
39	456
39	464
39	472
39	480
39	488
39	496
39	505
39	514
39	524
39	535
39	546
39	559
40	417
40	428
40	439
40	449
40	459
40	469
40	481
41	416
41	427
41	437
41	446
41	455
41	465
41	475
42	432
42	444
42	456
43	418
43	429
43	439
43	449
43	459
43	471
44	407
44	417
44	426
44	434
44	441
44	448
44	455
44	462
44	470
44	478
44	486
44	495
44	504
44	513
44	523
44	535
45	421
45	432
45	441
45	450
45	458
45	466
45	474
45	483
45	492
45	502
46	437
46	449
46	461
46	474
47	422
47	433
47	443
47	453
47	464
47	475
47	486
47	496
47	506
47	517
47	529
48	421
48	432
48	442
48	452
48	462
48	472
48	482
48	492
48	502
48	513
48	524
49	409
49	420
49	430
49	440
49	450
49	460
49	471
49	483
49	516
49	528
49	540
50	396
50	406
50	414
50	422
50	429
50	436
50	443
50	450
50	457
50	465
50	473
50	481
50	490
50	499
50	508
50	516
50	524
50	532
50	540
50	548
50	557
50	567
51	390
51	400
51	409
51	416
51	423
51	429
51	435
51	440
51	445
51	450
51	455
51	460
51	465
51	471
51	476
51	482
51	488
51	494
51	500
51	506
51	512
51	518
51	525
51	532
51	539
51	547
51	556
51	566
51	577
52	409
52	420
52	430
52	439
52	448
52	456
52	463
52	470
52	477
52	485
52	493
52	501
52	510
52	520
52	532
53	439
53	452
54	411
54	422
54	432
54	441
54	450
54	459
54	469
54	484
55	401
55	412
55	422
55	430
55	438
55	445
55	452
55	458
55	465
55	472
55	480
55	489
56	387
56	397
56	406
56	415
56	423
56	431
56	439
56	446
56	453
56	460
56	468
56	476
56	485
56	496
57	378
57	388
57	396
57	403
57	409
57	415
57	421
57	427
57	433
57	438
57	444
57	450
57	456
57	463
57	470
57	478
57	487
57	497
58	367
58	376
58	383
58	389
58	393
58	398
58	402
58	406
58	410
58	413
58	417
58	420
58	423
58	426
58	430
58	432
58	436
58	439
58	442
58	445
58	448
58	452
58	455
58	459
58	462
58	466
58	470
58	475
58	479
58	485
58	490
58	496
58	503
58	510
58	518
58	527
58	537
58	547
58	557
58	568
59	358
59	367
59	373
59	379
59	383
59	387
59	391
59	393
59	397
59	400
59	402
59	404
59	408
59	409
59	412
59	413
59	416
59	418
59	420
59	422
59	424
59	426
59	428
59	430
59	432
59	433
59	436
59	437
59	439
59	441
59	443
59	445
59	446
59	449
59	450
59	452
59	454
59	456
59	458
59	460
59	462
59	465
59	466
59	469
59	471
59	474
59	476
59	479
59	482
59	485
59	488
59	491
59	495
59	498
59	502
59	506
59	510
59	515
59	519
59	525
59	530
59	536
59	543
59	550
59	558
59	566
59	575
59	585
60	352
60	361
60	368
60	373
60	378
60	382
60	385
60	389
60	392
60	395
60	398
60	401
60	403
60	406
60	408
60	411
60	412
60	415
60	417
60	419
60	421
60	423
60	425
60	427
60	429
60	431
60	432
60	434
60	436
60	438
60	439
60	441
60	443
60	444
60	446
60	448
60	449
60	451
60	453
60	454
60	456
60	458
60	459
60	461
60	463
60	465
60	466
60	468
60	470
60	472
60	474
60	476
60	478
60	480
60	483
60	485
60	487
60	490
60	493
60	495
60	498
60	501
60	505
60	507
60	511
60	515
60	518
60	523
60	527
60	533
60	538
60	545
60	552
60	559
60	567
60	576
60	587
61	351
61	360
61	366
61	371
61	376
61	380
61	385
61	389
61	394
61	398
61	403
61	407
61	412
61	416
61	421
61	425
61	430
61	434
61	438
61	442
61	446
61	450
61	453
61	457
61	460
61	464
61	467
61	471
61	475
61	479
61	483
61	487
61	492
61	497
61	502
61	508
61	514
61	521
61	529
61	538
61	548
62	358
62	366
62	372
62	378
62	383
62	389
62	394
62	399
62	405
62	410
62	416
62	422
62	429
62	436
62	444
62	452
62	461
62	470
62	480
62	491
62	502
62	513
62	525
63	363
63	373
63	381
63	388
63	394
63	400
63	406
63	412
63	418
63	424
63	430
63	436
63	443
63	450
63	458
63	466
63	475
63	484
63	493
63	502
63	511
63	520
63	529
63	539
63	550
64	370
64	380
64	388
64	394
64	400
64	406
64	412
64	417
64	423
64	428
64	434
64	440
64	446
64	452
64	458
64	465
64	472
64	479
64	487
64	494
64	502
64	509
64	517
64	525
64	534
64	544
64	555
65	398
65	410
65	422
65	434
65	447
67	406
67	417
67	427
67	436
67	445
67	454
67	463
67	473
67	483
67	492
67	501
67	510
67	519
67	528
67	537
67	546
67	556
68	381
68	391
68	399
68	405
68	411
68	417
68	422
68	427
68	432
68	437
68	442
68	446
68	451
68	456
68	461
68	466
68	471
68	476
68	481
68	486
68	491
68	496
68	501
68	506
68	511
68	515
68	520
68	524
68	529
68	533
68	538
68	543
68	548
68	553
68	559
68	565
68	572
68	580
68	589
69	373
69	382
69	390
69	395
69	401
69	405
69	410
69	413
69	417
69	421
69	424
69	428
69	431
69	434
69	437
69	440
69	443
69	446
69	449
69	452
69	455
69	458
69	461
69	464
69	467
69	470
69	473
69	476
69	479
69	482
69	485
69	488
69	491
69	494
69	497
69	500
69	503
69	506
69	509
69	512
69	515
69	518
69	521
69	524
69	527
69	530
69	534
69	537
69	540
69	544
69	547
69	551
69	555
69	559
69	564
69	568
69	574
69	580
69	587
69	595
69	604
70	371
70	381
70	389
70	396
70	403
70	409
70	415
70	420
70	425
70	430
70	434
70	439
70	443
70	447
70	451
70	455
70	459
70	462
70	466
70	469
70	473
70	476
70	480
70	483
70	487
70	490
70	494
70	498
70	502
70	506
70	510
70	514
70	518
70	523
70	527
70	532
70	537
70	543
70	549
70	556
70	564
70	573
70	584
72	379
72	390
72	401
72	411
72	422
72	433
72	506
72	517
72	528
72	538
72	548
72	559
73	373
73	383
73	392
73	400
73	407
73	414
73	421
73	428
73	434
73	441
73	448
73	455
73	462
73	469
73	476
73	483
73	490
73	497
73	503
73	509
73	515
73	521
73	526
73	532
73	537
73	542
73	547
73	552
73	558
73	564
73	570
73	577
73	585
73	594
73	605
74	381
74	390
74	398
74	404
74	410
74	415
74	420
74	425
74	430
74	434
74	439
74	443
74	447
74	451
74	455
74	459
74	463
74	467
74	471
74	475
74	479
74	483
74	487
74	491
74	495
74	499
74	502
74	506
74	510
74	513
74	517
74	520
74	523
74	527
74	530
74	533
74	536
74	539
74	542
74	545
74	548
74	551
74	555
74	558
74	561
74	565
74	568
74	572
74	576
74	580
74	585
74	590
74	596
74	602
74	609
74	618
75	387
75	396
75	403
75	410
75	416
75	422
75	427
75	432
75	437
75	442
75	446
75	451
75	455
75	460
75	464
75	469
75	473
75	477
75	481
75	485
75	489
75	493
75	497
75	501
75	505
75	509
75	513
75	517
75	521
75	525
75	529
75	533
75	537
75	541
75	545
75	549
75	553
75	557
75	561
75	566
75	570
75	575
75	580
75	586
75	592
75	599
75	608
-1	-1
