-1	-1
5	321
5	333
6	236
6	248
6	259
6	270
6	281
6	292
6	303
6	313
6	323
6	332
6	341
6	350
6	360
6	371
7	218
7	229
7	239
7	249
7	258
7	267
7	276
7	285
7	294
7	303
7	312
7	320
7	328
7	335
7	342
7	349
7	357
7	365
7	373
7	382
7	391
7	401
7	411
7	421
7	431
7	440
7	450
7	460
7	473
8	208
8	218
8	227
8	236
8	244
8	252
8	259
8	266
8	273
8	280
8	286
8	292
8	298
8	304
8	310
8	316
8	322
8	328
8	333
8	338
8	344
8	349
8	355
8	361
8	367
8	374
8	381
8	388
8	396
8	404
8	412
8	420
8	428
8	435
8	443
8	451
8	459
8	468
8	478
9	196
9	206
9	214
9	221
9	228
9	234
9	240
9	246
9	252
9	257
9	263
9	268
9	273
9	278
9	283
9	288
9	293
9	298
9	303
9	308
9	313
9	318
9	323
9	327
9	332
9	336
9	341
9	346
9	351
9	356
9	362
9	368
9	374
9	381
9	388
9	396
9	405
9	414
9	423
9	432
9	441
9	450
9	459
9	469
9	480
10	189
10	199
10	207
10	214
10	221
10	227
10	233
10	239
10	244
10	250
10	255
10	260
10	265
10	270
10	274
10	279
10	283
10	287
10	291
10	295
10	299
10	303
10	307
10	312
10	316
10	321
10	325
10	330
10	334
10	339
10	344
10	349
10	355
10	361
10	368
10	376
10	385
10	395
11	187
11	196
11	203
11	210
11	216
11	222
11	227
11	233
11	238
11	243
11	248
11	253
11	258
11	263
11	268
11	273
11	278
11	283
11	287
11	292
11	296
11	301
11	306
11	311
11	316
11	321
11	327
11	332
11	338
11	345
11	352
11	360
11	369
12	189
12	199
12	207
12	214
12	221
12	228
12	234
12	240
12	246
12	252
12	258
12	264
12	270
12	276
12	282
12	288
12	294
12	300
12	306
12	313
12	320
12	327
12	335
12	343
12	352
12	364
13	200
13	211
13	221
13	230
13	239
13	248
13	257
13	266
13	275
13	284
13	293
13	302
13	311
13	320
13	329
13	339
13	353
14	212
14	223
14	234
14	244
14	254
14	264
14	274
14	284
14	294
14	304
14	314
14	324
14	335
15	211
15	222
15	232
15	242
15	252
15	262
15	271
15	280
15	289
15	299
15	309
15	319
15	330
16	206
16	217
16	227
16	237
16	247
16	256
16	265
16	274
16	283
16	292
16	301
16	310
16	319
16	328
16	338
16	349
17	199
17	209
17	218
17	226
17	234
17	242
17	250
17	257
17	264
17	271
17	278
17	285
17	292
17	299
17	306
17	313
17	320
17	327
17	334
17	342
17	351
17	361
18	188
18	198
18	207
18	215
18	222
18	229
18	236
18	243
18	249
18	255
18	261
18	267
18	273
18	279
18	285
18	291
18	296
18	302
18	307
18	313
18	318
18	324
18	329
18	335
18	341
18	347
18	354
18	362
18	371
18	381
18	394
19	186
19	195
19	203
19	210
19	217
19	223
19	229
19	234
19	240
19	245
19	250
19	255
19	260
19	265
19	270
19	275
19	280
19	285
19	290
19	294
19	299
19	303
19	308
19	312
19	317
19	321
19	326
19	330
19	335
19	339
19	344
19	349
19	355
19	361
19	367
19	374
19	381
19	389
19	398
19	408
19	419
19	431
19	443
19	455
19	466
19	477
19	488
19	499
19	510
19	522
20	180
20	190
20	198
20	205
20	211
20	217
20	223
20	228
20	233
20	238
20	243
20	248
20	252
20	257
20	261
20	266
20	270
20	275
20	279
20	284
20	288
20	292
20	296
20	300
20	304
20	308
20	312
20	316
20	320
20	323
20	327
20	331
20	334
20	338
20	342
20	346
20	350
20	354
20	358
20	363
20	367
20	372
20	377
20	382
20	388
20	394
20	400
20	407
20	414
20	422
20	430
20	438
20	446
20	454
20	462
20	469
20	477
20	485
20	493
20	501
20	509
20	518
20	527
20	537
20	548
21	173
21	183
21	191
21	198
21	204
21	210
21	215
21	220
21	225
21	230
21	234
21	239
21	243
21	247
21	251
21	255
21	259
21	263
21	266
21	270
21	274
21	277
21	281
21	285
21	289
21	292
21	296
21	300
21	304
21	308
21	312
21	316
21	320
21	324
21	328
21	332
21	336
21	340
21	344
21	348
21	353
21	357
21	362
21	367
21	372
21	377
21	382
21	387
21	393
21	398
21	404
21	410
21	416
21	422
21	429
21	435
21	441
21	447
21	453
21	459
21	465
21	471
21	477
21	483
21	489
21	496
21	503
21	510
21	518
21	526
21	535
21	545
22	170
22	180
22	188
22	195
22	201
22	207
22	212
22	217
22	222
22	227
22	231
22	236
22	240
22	244
22	248
22	252
22	256
22	260
22	264
22	268
22	272
22	276
22	280
22	284
22	288
22	292
22	296
22	300
22	305
22	309
22	314
22	318
22	323
22	328
22	333
22	338
22	343
22	348
22	354
22	360
22	366
22	372
22	379
22	386
22	393
22	400
22	407
22	414
22	421
22	428
22	435
22	441
22	447
22	453
22	459
22	465
22	471
22	477
22	484
22	491
22	498
22	506
22	515
22	525
22	536
23	177
23	187
23	195
23	202
23	209
23	215
23	221
23	226
23	231
23	235
23	240
23	244
23	248
23	252
23	256
23	260
23	264
23	268
23	273
23	277
23	282
23	286
23	291
23	296
23	301
23	306
23	312
23	318
23	324
23	330
23	337
23	344
23	351
23	359
23	367
23	375
23	382
23	389
23	396
23	403
23	410
23	417
23	424
23	431
23	438
23	445
23	452
23	459
23	467
23	475
23	484
23	493
23	503
24	186
24	196
24	204
24	211
24	218
24	224
24	230
24	234
24	239
24	243
24	248
24	252
24	257
24	261
24	266
24	270
24	275
24	280
24	285
24	290
24	296
24	302
24	308
24	315
24	322
24	329
24	337
24	345
24	354
24	363
24	372
24	380
24	388
24	396
24	404
24	411
24	418
24	425
24	432
24	439
24	446
24	454
24	462
24	471
24	481
24	492
25	189
25	199
25	208
25	216
25	223
25	230
25	237
25	243
25	249
25	255
25	261
25	267
25	273
25	279
25	285
25	291
25	297
25	304
25	311
25	318
25	326
25	334
25	342
25	351
25	360
25	369
25	378
25	387
25	396
25	405
25	414
25	423
25	432
25	441
25	450
25	460
25	471
25	484
26	189
26	199
26	208
26	215
26	222
26	229
26	236
26	242
26	248
26	254
26	260
26	265
26	270
26	275
26	281
26	286
26	292
26	298
26	304
26	310
26	316
26	323
26	330
26	337
26	345
26	353
26	362
26	371
26	381
26	391
26	401
26	412
26	423
26	434
26	444
26	455
26	466
26	478
27	190
27	200
27	209
27	217
27	224
27	231
27	238
27	244
27	250
27	256
27	262
27	267
27	273
27	278
27	284
27	290
27	296
27	302
27	308
27	315
27	321
27	328
27	335
27	343
27	351
27	360
27	370
28	188
28	198
28	206
28	213
28	220
28	225
28	231
28	236
28	241
28	246
28	251
28	255
28	260
28	264
28	269
28	273
28	278
28	283
28	288
28	293
28	298
28	304
28	309
28	315
28	321
28	327
28	334
28	341
28	349
28	357
28	367
29	182
29	191
29	199
29	205
29	211
29	217
29	222
29	227
29	232
29	236
29	241
29	244
29	249
29	252
29	256
29	260
29	263
29	267
29	271
29	274
29	278
29	282
29	286
29	290
29	294
29	298
29	302
29	307
29	311
29	316
29	320
29	325
29	330
29	335
29	340
29	346
29	352
29	359
29	366
29	374
29	383
29	393
29	405
30	179
30	188
30	194
30	200
30	205
30	210
30	215
30	220
30	224
30	229
30	233
30	237
30	241
30	245
30	249
30	253
30	257
30	261
30	265
30	269
30	273
30	277
30	281
30	285
30	289
30	293
30	297
30	301
30	305
30	309
30	313
30	317
30	321
30	324
30	328
30	332
30	336
30	340
30	345
30	349
30	354
30	359
30	364
30	370
30	376
30	383
30	390
30	398
30	407
30	417
30	428
30	441
31	176
31	184
31	191
31	197
31	202
31	207
31	211
31	215
31	219
31	222
31	226
31	229
31	233
31	236
31	239
31	243
31	246
31	249
31	253
31	256
31	260
31	264
31	267
31	271
31	275
31	279
31	283
31	287
31	291
31	295
31	299
31	302
31	306
31	309
31	313
31	316
31	319
31	322
31	325
31	328
31	331
31	334
31	337
31	340
31	344
31	346
31	350
31	354
31	357
31	361
31	365
31	369
31	374
31	379
31	385
31	391
31	397
31	404
31	412
31	421
31	431
31	441
31	451
31	461
31	472
31	484
32	177
32	186
32	193
32	199
32	204
32	209
32	213
32	218
32	221
32	225
32	229
32	232
32	236
32	239
32	243
32	246
32	250
32	253
32	257
32	261
32	265
32	269
32	272
32	276
32	280
32	283
32	287
32	290
32	294
32	297
32	301
32	304
32	307
32	311
32	314
32	317
32	321
32	323
32	327
32	330
32	333
32	336
32	339
32	343
32	346
32	349
32	353
32	357
32	360
32	365
32	369
32	374
32	379
32	384
32	390
32	396
32	403
32	410
32	418
32	427
32	436
32	444
32	452
32	460
32	468
32	476
32	484
32	492
32	501
32	511
32	522
33	182
33	192
33	200
33	208
33	215
33	222
33	229
33	236
33	243
33	250
33	257
33	264
33	270
33	276
33	281
33	286
33	291
33	294
33	299
33	302
33	306
33	310
33	313
33	317
33	320
33	323
33	327
33	330
33	334
33	337
33	341
33	345
33	348
33	353
33	357
33	361
33	366
33	371
33	376
33	382
33	388
33	394
33	401
33	408
33	416
33	424
33	432
33	440
33	447
33	454
33	460
33	466
33	472
33	478
33	484
33	490
33	496
33	503
33	510
33	517
33	525
33	534
33	544
34	191
34	201
34	210
34	218
34	226
34	233
34	240
34	247
34	254
34	261
34	268
34	275
34	282
34	289
34	295
34	301
34	305
34	310
34	314
34	318
34	322
34	326
34	330
34	333
34	337
34	340
34	344
34	348
34	352
34	356
34	360
34	365
34	369
34	375
34	380
34	386
34	393
34	400
34	408
34	417
34	427
34	436
34	443
34	450
34	456
34	462
34	468
34	473
34	479
34	484
34	489
34	494
34	499
34	504
34	509
34	515
34	521
34	527
34	534
34	541
34	549
34	558
34	570
35	199
35	210
35	220
35	229
35	238
35	246
35	254
35	262
35	271
35	279
35	287
35	295
35	303
35	310
35	317
35	323
35	329
35	334
35	340
35	345
35	351
35	357
35	363
35	369
35	376
35	384
35	393
35	404
35	421
35	431
35	440
35	447
35	453
35	459
35	464
35	469
35	474
35	478
35	483
35	487
35	492
35	496
35	501
35	505
35	510
35	514
35	519
35	524
35	529
35	535
35	541
35	547
35	554
35	562
35	571
35	582
36	210
36	221
36	232
36	242
36	252
36	262
36	272
36	281
36	290
36	298
36	306
36	313
36	320
36	327
36	334
36	342
36	350
36	359
36	369
36	437
36	447
36	455
36	462
36	469
36	475
36	481
36	486
36	491
36	496
36	501
36	506
36	511
36	516
36	521
36	526
36	531
36	536
36	542
36	548
36	554
36	561
36	568
36	576
36	586
37	202
37	212
37	221
37	229
37	236
37	243
37	250
37	257
37	263
37	270
37	276
37	283
37	290
37	297
37	304
37	311
37	317
37	324
37	331
37	338
37	345
37	353
37	362
37	374
37	461
37	471
37	480
37	488
37	495
37	502
37	508
37	514
37	520
37	526
37	532
37	538
37	544
37	550
37	557
37	564
37	572
37	581
37	591
38	198
38	208
38	216
38	223
38	229
38	235
38	241
38	246
38	251
38	256
38	261
38	266
38	271
38	276
38	281
38	286
38	291
38	296
38	301
38	306
38	311
38	317
38	323
38	329
38	335
38	342
38	349
38	358
38	368
38	472
38	483
38	492
38	500
38	508
38	515
38	522
38	529
38	536
38	543
38	550
38	557
38	565
38	574
38	584
39	201
39	212
39	222
39	231
39	240
39	249
39	257
39	265
39	272
39	279
39	286
39	292
39	298
39	304
39	310
39	316
39	322
39	328
39	334
39	341
39	348
39	356
39	365
39	376
39	482
39	493
39	502
39	510
39	518
39	526
39	533
39	541
39	549
39	557
39	566
39	576
39	588
40	218
40	229
40	240
40	251
40	262
40	272
40	282
40	291
40	299
40	306
40	313
40	320
40	326
40	332
40	338
40	345
40	352
40	360
40	369
40	380
40	492
40	503
40	512
40	521
40	529
40	537
40	545
40	554
40	563
40	573
41	212
41	223
41	233
41	243
41	252
41	261
41	270
41	279
41	289
41	299
41	309
41	318
41	327
41	336
41	346
41	357
42	221
42	233
42	244
42	255
42	265
42	275
42	285
42	295
42	305
42	315
42	326
42	338
43	276
43	288
43	299
43	309
43	319
43	329
43	339
43	349
43	360
43	371
44	232
44	244
44	255
44	266
44	277
44	288
44	299
44	309
44	319
44	328
44	337
44	345
44	353
44	361
44	369
44	377
44	386
44	395
44	405
44	416
45	211
45	222
45	231
45	240
45	248
45	256
45	264
45	272
45	280
45	288
45	296
45	304
45	313
45	322
45	331
45	340
45	349
45	358
45	367
45	376
45	385
45	394
45	403
45	413
45	424
46	210
46	221
46	230
46	239
46	247
46	255
46	263
46	270
46	277
46	284
46	291
46	298
46	305
46	312
46	319
46	326
46	334
46	343
46	353
46	365
47	221
47	232
47	243
47	253
47	263
47	273
47	282
47	291
47	299
47	307
47	314
47	321
47	328
47	335
47	343
47	351
47	361
48	216
48	226
48	235
48	244
48	252
48	260
48	268
48	276
48	284
48	292
48	300
48	308
48	316
48	324
48	332
48	340
48	348
48	357
48	367
49	208
49	217
49	224
49	231
49	237
49	243
49	248
49	253
49	258
49	263
49	268
49	273
49	278
49	283
49	288
49	293
49	298
49	304
49	310
49	316
49	322
49	329
49	336
49	344
49	353
49	364
50	206
50	215
50	222
50	229
50	235
50	241
50	246
50	251
50	256
50	260
50	265
50	269
50	273
50	277
50	281
50	285
50	289
50	293
50	297
50	301
50	305
50	309
50	314
50	318
50	323
50	328
50	333
50	339
50	345
50	352
50	360
50	369
51	221
51	232
51	242
51	251
51	260
51	268
51	275
51	282
51	288
51	293
51	299
51	304
51	309
51	314
51	319
51	324
51	329
51	334
51	339
51	345
51	351
51	357
51	365
51	374
51	385
52	226
52	237
52	247
52	257
52	266
52	275
52	284
52	292
52	300
52	307
52	314
52	320
52	326
52	332
52	338
52	344
52	351
52	358
52	366
52	375
52	386
53	209
53	219
53	227
53	234
53	241
53	247
53	253
53	259
53	265
53	271
53	277
53	283
53	289
53	295
53	302
53	309
53	316
53	323
53	330
53	338
53	346
53	355
53	365
54	200
54	209
54	216
54	222
54	227
54	232
54	235
54	240
54	243
54	247
54	251
54	253
54	257
54	260
54	263
54	266
54	269
54	272
54	275
54	278
54	282
54	285
54	288
54	292
54	295
54	299
54	302
54	306
54	310
54	314
54	318
54	323
54	327
54	332
54	337
54	343
54	349
54	356
54	364
54	374
55	198
55	206
55	212
55	217
55	222
55	225
55	230
55	232
55	236
55	239
55	242
55	244
55	248
55	250
55	252
55	255
55	257
55	260
55	262
55	264
55	267
55	269
55	271
55	273
55	276
55	278
55	280
55	282
55	285
55	287
55	289
55	291
55	294
55	296
55	298
55	301
55	303
55	306
55	308
55	310
55	314
55	315
55	318
55	321
55	324
55	327
55	330
55	333
55	337
55	340
55	344
55	348
55	352
55	357
55	362
55	368
55	374
55	381
55	389
55	399
56	199
56	209
56	217
56	224
56	231
56	238
56	244
56	250
56	255
56	260
56	265
56	270
56	274
56	278
56	282
56	285
56	289
56	292
56	295
56	299
56	301
56	305
56	307
56	311
56	313
56	316
56	319
56	322
56	325
56	328
56	331
56	334
56	337
56	340
56	344
56	347
56	351
56	355
56	359
56	364
56	368
56	374
56	379
56	386
56	393
56	401
56	411
57	196
57	206
57	215
57	224
57	233
57	243
57	253
57	264
57	275
57	285
57	294
57	302
57	310
57	316
57	322
57	328
57	333
57	338
57	343
57	348
57	354
57	360
57	366
57	373
57	380
57	388
57	397
57	407
58	193
58	203
58	212
58	220
58	228
58	236
58	244
58	252
58	260
58	269
58	278
58	287
58	296
58	306
58	316
58	326
58	336
58	347
58	359
59	193
59	203
59	211
59	218
59	225
59	231
59	237
59	243
59	249
59	254
59	260
59	265
59	271
59	276
59	282
59	287
59	293
59	299
59	305
59	311
59	317
59	324
59	331
59	338
59	346
59	355
59	365
60	198
60	207
60	213
60	219
60	224
60	229
60	233
60	237
60	241
60	245
60	249
60	252
60	256
60	259
60	263
60	266
60	269
60	273
60	276
60	279
60	282
60	285
60	288
60	291
60	294
60	297
60	300
60	304
60	306
60	310
60	313
60	317
60	320
60	324
60	327
60	331
60	335
60	339
60	343
60	348
60	353
60	358
60	364
60	370
60	377
60	385
60	394
60	404
61	200
61	209
61	216
61	222
61	228
61	233
61	238
61	242
61	247
61	251
61	255
61	259
61	263
61	267
61	270
61	274
61	277
61	281
61	283
61	287
61	289
61	292
61	295
61	298
61	300
61	303
61	305
61	308
61	311
61	313
61	316
61	318
61	321
61	323
61	326
61	328
61	331
61	333
61	336
61	338
61	341
61	344
61	347
61	349
61	353
61	356
61	359
61	363
61	366
61	370
61	374
61	378
61	383
61	388
61	394
61	400
61	407
61	415
61	424
61	433
61	443
61	453
61	463
61	475
62	269
62	279
62	288
62	294
62	300
62	304
62	309
62	312
62	316
62	320
62	322
62	326
62	329
62	332
62	334
62	338
62	340
62	343
62	346
62	349
62	352
62	355
62	358
62	361
62	365
62	368
62	372
62	376
62	380
62	384
62	388
62	393
62	398
62	403
62	408
62	414
62	420
62	427
62	434
62	441
62	448
62	455
62	463
62	471
62	480
62	491
63	206
63	217
63	228
63	239
63	250
63	263
63	309
63	319
63	328
63	336
63	343
63	350
63	357
63	364
63	371
63	378
63	385
63	392
63	399
63	407
63	415
63	423
63	431
63	439
63	447
63	455
63	464
63	474
64	210
64	221
64	231
64	240
64	249
64	257
64	266
64	275
64	284
64	294
64	305
65	202
65	212
65	220
65	227
65	233
65	239
65	244
65	249
65	254
65	259
65	264
65	269
65	274
65	279
65	284
65	289
65	294
65	300
65	306
65	312
65	318
65	325
65	332
65	340
65	348
65	357
65	366
65	376
65	387
65	398
66	199
66	208
66	214
66	220
66	224
66	229
66	232
66	236
66	240
66	242
66	246
66	249
66	252
66	255
66	258
66	261
66	263
66	267
66	269
66	272
66	275
66	278
66	280
66	284
66	286
66	289
66	292
66	295
66	298
66	301
66	304
66	307
66	310
66	314
66	317
66	321
66	324
66	328
66	332
66	336
66	340
66	345
66	349
66	354
66	358
66	363
66	368
66	373
66	378
66	384
66	390
66	396
66	402
66	409
66	416
66	423
66	430
66	438
66	446
66	454
66	463
66	473
66	485
67	202
67	211
67	218
67	223
67	228
67	232
67	236
67	240
67	243
67	247
67	251
67	253
67	257
67	260
67	263
67	266
67	269
67	272
67	275
67	278
67	281
67	283
67	286
67	289
67	291
67	294
67	297
67	299
67	302
67	305
67	307
67	310
67	313
67	315
67	318
67	321
67	324
67	326
67	329
67	332
67	335
67	338
67	341
67	344
67	347
67	350
67	353
67	356
67	359
67	362
67	365
67	368
67	372
67	375
67	378
67	382
67	385
67	389
67	392
67	396
67	399
67	403
67	407
67	410
67	414
67	418
67	422
67	426
67	430
67	434
67	438
67	443
67	447
67	452
67	457
67	462
67	468
67	474
67	481
67	488
67	496
67	506
68	269
68	280
68	289
68	298
68	305
68	312
68	318
68	323
68	328
68	333
68	337
68	342
68	346
68	350
68	354
68	358
68	362
68	365
68	369
68	372
68	376
68	379
68	382
68	386
68	389
68	392
68	395
68	398
68	401
68	404
68	407
68	410
68	413
68	416
68	419
68	422
68	425
68	428
68	431
68	434
68	437
68	441
68	444
68	447
68	451
68	455
68	458
68	463
68	467
68	472
68	477
68	483
68	489
68	497
68	506
69	350
69	361
69	370
69	378
69	386
69	393
69	400
69	406
69	412
69	418
69	424
69	430
69	436
69	442
69	449
69	456
69	464
69	473
69	483
71	217
71	227
71	236
71	244
71	252
71	260
71	268
71	275
71	283
71	291
71	299
71	307
71	316
71	325
71	335
71	345
71	356
71	367
71	379
72	203
72	212
72	220
72	226
72	231
72	236
72	241
72	245
72	250
72	253
72	258
72	261
72	265
72	269
72	273
72	277
72	281
72	284
72	288
72	292
72	296
72	300
72	304
72	308
72	312
72	316
72	320
72	325
72	329
72	334
72	339
72	344
72	349
72	354
72	359
72	365
72	370
72	376
72	382
72	388
72	394
72	400
72	406
72	413
72	420
72	427
72	434
72	441
72	448
72	455
72	462
72	469
72	476
72	483
72	490
72	497
72	505
72	514
72	525
73	200
73	209
73	215
73	221
73	225
73	230
73	233
73	237
73	241
73	243
73	247
73	250
73	253
73	256
73	259
73	262
73	264
73	267
73	270
73	272
73	275
73	278
73	280
73	283
73	285
73	288
73	290
73	293
73	295
73	298
73	300
73	303
73	305
73	308
73	310
73	313
73	316
73	318
73	321
73	324
73	326
73	329
73	332
73	335
73	337
73	341
73	343
73	346
73	349
73	352
73	355
73	358
73	361
73	364
73	367
73	370
73	373
73	376
73	379
73	383
73	385
73	389
73	392
73	395
73	399
73	402
73	406
73	409
73	413
73	416
73	420
73	423
73	427
73	430
73	434
73	437
73	441
73	444
73	448
73	451
73	455
73	458
73	462
73	465
73	469
73	472
73	476
73	479
73	483
73	487
73	491
73	495
73	499
73	504
73	508
73	514
73	519
73	526
73	533
73	542
73	554
74	208
74	217
74	224
74	231
74	236
74	242
74	246
74	251
74	255
74	260
74	264
74	268
74	272
74	276
74	280
74	283
74	287
74	291
74	294
74	298
74	301
74	305
74	308
74	312
74	315
74	318
74	322
74	325
74	328
74	332
74	335
74	338
74	342
74	345
74	348
74	352
74	354
74	358
74	361
74	364
74	367
74	370
74	373
74	376
74	379
74	382
74	385
74	388
74	391
74	394
74	397
74	400
74	403
74	406
74	409
74	412
74	415
74	418
74	421
74	424
74	427
74	430
74	433
74	436
74	439
74	442
74	445
74	448
74	451
74	454
74	457
74	460
74	463
74	466
74	469
74	472
74	476
74	478
74	482
74	485
74	489
74	492
74	496
74	500
74	504
74	509
74	514
74	519
74	525
74	532
74	540
74	550
75	340
75	351
75	361
75	370
75	378
75	386
75	393
75	400
75	407
75	413
75	420
75	426
75	432
75	438
75	444
75	450
75	457
75	464
75	472
75	480
75	489
75	499
-1	-1
