-1	-1
4	366
4	378
4	389
4	400
4	412
4	425
5	342
5	353
5	364
5	374
5	384
5	394
5	404
5	414
5	424
5	434
5	444
5	454
5	464
5	474
5	485
5	498
6	333
6	344
6	353
6	362
6	370
6	378
6	386
6	393
6	401
6	409
6	417
6	425
6	433
6	441
6	449
6	457
6	465
6	473
6	482
6	491
6	501
6	512
7	328
7	338
7	346
7	354
7	361
7	367
7	373
7	379
7	384
7	390
7	395
7	401
7	406
7	412
7	417
7	423
7	428
7	434
7	440
7	446
7	452
7	458
7	464
7	470
7	476
7	482
7	488
7	495
7	502
7	509
7	517
7	526
7	536
7	548
8	322
8	331
8	339
8	346
8	352
8	358
8	363
8	369
8	373
8	378
8	382
8	387
8	391
8	395
8	399
8	403
8	407
8	411
8	415
8	419
8	423
8	427
8	432
8	436
8	441
8	445
8	450
8	454
8	459
8	464
8	468
8	473
8	478
8	483
8	488
8	493
8	498
8	504
8	510
8	516
8	523
8	530
8	538
8	547
8	557
8	568
9	320
9	329
9	336
9	342
9	348
9	353
9	358
9	363
9	368
9	372
9	377
9	381
9	385
9	389
9	393
9	397
9	401
9	405
9	409
9	413
9	417
9	421
9	425
9	429
9	433
9	437
9	441
9	445
9	449
9	453
9	457
9	461
9	466
9	470
9	475
9	479
9	484
9	488
9	493
9	498
9	503
9	508
9	514
9	520
9	527
9	534
9	542
9	550
9	559
9	569
9	580
10	322
10	331
10	339
10	346
10	352
10	358
10	364
10	369
10	374
10	379
10	384
10	389
10	393
10	398
10	402
10	406
10	410
10	414
10	418
10	422
10	426
10	430
10	434
10	438
10	442
10	446
10	450
10	454
10	458
10	463
10	467
10	472
10	476
10	481
10	486
10	491
10	496
10	501
10	507
10	513
10	519
10	526
10	533
10	540
10	547
10	555
10	563
10	571
10	580
10	589
10	599
10	611
11	329
11	339
11	348
11	356
11	363
11	370
11	376
11	382
11	388
11	393
11	399
11	404
11	409
11	414
11	419
11	424
11	429
11	434
11	439
11	444
11	449
11	454
11	459
11	463
11	468
11	472
11	477
11	481
11	486
11	490
11	495
11	499
11	504
11	508
11	513
11	518
11	523
11	528
11	534
11	540
11	546
11	553
11	560
11	567
11	575
11	583
11	592
11	602
11	613
12	340
12	351
12	360
12	369
12	377
12	384
12	391
12	397
12	403
12	409
12	415
12	421
12	427
12	433
12	439
12	445
12	451
12	457
12	462
12	468
12	473
12	479
12	484
12	489
12	494
12	499
12	505
12	510
12	516
12	522
12	528
12	535
12	542
12	550
12	558
12	567
12	576
12	586
12	597
13	352
13	363
13	373
13	382
13	391
13	399
13	407
13	415
13	423
13	431
13	439
13	447
13	455
13	463
13	471
13	478
13	485
13	492
13	499
13	507
13	515
13	524
13	533
13	543
14	360
14	371
14	382
14	392
14	402
14	411
14	420
14	429
14	438
14	447
14	456
14	465
14	474
14	483
14	492
14	501
14	511
14	523
15	350
15	361
15	371
15	380
15	389
15	398
15	406
15	414
15	422
15	430
15	438
15	446
15	454
15	462
15	471
15	480
15	489
15	498
15	507
15	517
16	338
16	349
16	358
16	367
16	375
16	382
16	389
16	396
16	402
16	408
16	414
16	420
16	426
16	432
16	438
16	445
16	451
16	458
16	465
16	472
16	479
16	486
16	493
16	500
16	507
16	515
16	523
16	533
16	545
17	329
17	339
17	347
17	355
17	362
17	369
17	375
17	381
17	387
17	392
17	398
17	403
17	408
17	413
17	418
17	423
17	428
17	433
17	438
17	443
17	448
17	453
17	458
17	463
17	468
17	473
17	478
17	483
17	488
17	493
17	498
17	503
17	508
17	514
17	520
17	526
17	533
17	541
17	550
17	562
18	322
18	331
18	339
18	345
18	351
18	357
18	362
18	368
18	373
18	378
18	383
18	387
18	392
18	396
18	400
18	404
18	408
18	412
18	416
18	420
18	423
18	427
18	430
18	434
18	437
18	441
18	444
18	448
18	451
18	455
18	458
18	462
18	465
18	469
18	472
18	476
18	479
18	483
18	486
18	490
18	493
18	497
18	500
18	504
18	507
18	511
18	515
18	518
18	523
18	527
18	532
18	537
18	542
18	548
18	555
18	562
18	571
18	581
19	322
19	331
19	339
19	345
19	351
19	357
19	362
19	367
19	372
19	376
19	381
19	385
19	390
19	393
19	398
19	401
19	405
19	409
19	412
19	416
19	419
19	423
19	426
19	430
19	433
19	436
19	440
19	442
19	446
19	449
19	452
19	455
19	458
19	461
19	464
19	467
19	470
19	473
19	476
19	479
19	482
19	485
19	488
19	491
19	494
19	497
19	500
19	503
19	506
19	509
19	512
19	515
19	518
19	522
19	525
19	529
19	533
19	537
19	541
19	546
19	551
19	556
19	562
19	568
19	576
19	585
19	595
20	323
20	333
20	341
20	348
20	354
20	360
20	365
20	370
20	374
20	379
20	383
20	387
20	391
20	395
20	399
20	403
20	406
20	410
20	413
20	417
20	420
20	423
20	427
20	430
20	433
20	437
20	440
20	443
20	446
20	449
20	452
20	455
20	458
20	462
20	465
20	468
20	472
20	475
20	478
20	482
20	485
20	489
20	492
20	496
20	499
20	503
20	506
20	510
20	514
20	518
20	522
20	526
20	531
20	536
20	541
20	547
20	553
20	560
20	567
20	576
20	586
21	320
21	329
21	336
21	342
21	348
21	353
21	358
21	362
21	367
21	371
21	375
21	379
21	383
21	386
21	390
21	393
21	397
21	400
21	404
21	407
21	411
21	414
21	417
21	421
21	424
21	427
21	431
21	433
21	437
21	440
21	443
21	446
21	449
21	452
21	456
21	458
21	462
21	465
21	468
21	472
21	475
21	479
21	482
21	486
21	489
21	493
21	497
21	501
21	505
21	509
21	514
21	518
21	524
21	529
21	535
21	542
21	549
21	557
21	567
22	320
22	329
22	335
22	341
22	345
22	350
22	353
22	357
22	361
22	363
22	367
22	370
22	372
22	375
22	378
22	381
22	383
22	386
22	388
22	391
22	393
22	396
22	398
22	401
22	403
22	405
22	408
22	410
22	413
22	415
22	417
22	420
22	422
22	425
22	427
22	430
22	432
22	435
22	437
22	440
22	443
22	445
22	448
22	451
22	454
22	457
22	460
22	463
22	466
22	469
22	473
22	476
22	480
22	484
22	488
22	492
22	497
22	501
22	506
22	511
22	517
22	524
22	531
22	539
22	548
22	559
23	318
23	326
23	332
23	337
23	341
23	344
23	348
23	351
23	354
23	357
23	360
23	362
23	365
23	368
23	370
23	373
23	375
23	378
23	380
23	382
23	385
23	387
23	389
23	391
23	393
23	396
23	397
23	400
23	402
23	403
23	406
23	408
23	410
23	412
23	414
23	416
23	418
23	420
23	422
23	424
23	426
23	428
23	430
23	432
23	435
23	436
23	439
23	441
23	444
23	446
23	448
23	451
23	454
23	456
23	459
23	462
23	465
23	468
23	471
23	475
23	478
23	482
23	486
23	489
23	494
23	498
23	503
23	508
23	514
23	520
23	527
23	535
23	545
24	318
24	326
24	332
24	336
24	341
24	344
24	349
24	352
24	355
24	359
24	362
24	365
24	368
24	371
24	374
24	377
24	380
24	383
24	385
24	389
24	391
24	394
24	397
24	399
24	402
24	405
24	407
24	410
24	413
24	415
24	418
24	421
24	424
24	426
24	429
24	432
24	435
24	438
24	441
24	445
24	448
24	452
24	455
24	459
24	463
24	467
24	471
24	476
24	481
24	486
24	492
24	498
24	505
24	512
24	520
24	530
25	319
25	328
25	334
25	340
25	343
25	348
25	352
25	354
25	359
25	361
25	364
25	367
25	370
25	372
25	375
25	378
25	380
25	383
25	385
25	388
25	390
25	393
25	395
25	398
25	400
25	402
25	405
25	407
25	409
25	412
25	414
25	416
25	419
25	421
25	423
25	426
25	428
25	430
25	433
25	436
25	438
25	441
25	444
25	446
25	449
25	452
25	455
25	458
25	461
25	465
25	468
25	472
25	476
25	480
25	485
25	489
25	495
25	500
25	506
25	513
25	521
25	530
25	540
26	320
26	329
26	335
26	341
26	344
26	349
26	353
26	357
26	361
26	364
26	368
26	372
26	375
26	379
26	382
26	386
26	389
26	392
26	395
26	398
26	401
26	404
26	407
26	410
26	413
26	415
26	419
26	421
26	424
26	427
26	429
26	433
26	435
26	438
26	441
26	444
26	447
26	450
26	454
26	457
26	460
26	464
26	468
26	472
26	476
26	480
26	485
26	490
26	496
26	502
26	509
26	517
26	526
26	536
26	547
27	322
27	331
27	339
27	346
27	352
27	358
27	364
27	369
27	375
27	380
27	385
27	390
27	395
27	400
27	405
27	410
27	414
27	419
27	423
27	427
27	431
27	435
27	439
27	443
27	446
27	450
27	454
27	458
27	462
27	466
27	470
27	475
27	479
27	485
27	490
27	496
27	503
27	510
27	518
27	527
27	537
27	548
27	560
27	574
28	329
28	339
28	348
28	355
28	362
28	368
28	374
28	380
28	386
28	392
28	398
28	403
28	409
28	413
28	418
28	422
28	425
28	429
28	432
28	435
28	438
28	441
28	444
28	447
28	450
28	453
28	456
28	459
28	462
28	465
28	468
28	472
28	475
28	479
28	483
28	487
28	491
28	496
28	500
28	506
28	511
28	517
28	524
28	531
28	539
28	547
28	556
28	565
28	574
28	583
28	592
28	601
28	611
28	622
29	339
29	350
29	360
29	370
29	380
29	389
29	398
29	407
29	415
29	422
29	428
29	433
29	437
29	442
29	445
29	450
29	453
29	457
29	461
29	464
29	468
29	472
29	476
29	480
29	484
29	488
29	493
29	498
29	503
29	509
29	515
29	522
29	529
29	536
29	544
29	551
29	558
29	565
29	572
29	578
29	584
29	590
29	596
29	603
29	610
29	617
29	625
29	634
29	644
29	655
30	346
30	357
30	367
30	377
30	387
30	397
30	408
30	418
30	428
30	436
30	443
30	450
30	455
30	460
30	464
30	469
30	473
30	477
30	481
30	486
30	490
30	495
30	499
30	504
30	509
30	515
30	520
30	526
30	532
30	538
30	544
30	550
30	556
30	562
30	567
30	573
30	578
30	583
30	588
30	594
30	600
30	606
30	613
30	620
30	628
30	637
30	647
30	659
31	346
31	357
31	368
31	379
31	391
31	408
31	420
31	430
31	438
31	444
31	450
31	453
31	458
31	461
31	465
31	468
31	472
31	474
31	478
31	481
31	484
31	487
31	491
31	494
31	497
31	501
31	505
31	508
31	513
31	517
31	521
31	526
31	531
31	536
31	542
31	548
31	555
31	562
31	569
31	577
31	585
31	594
31	604
31	615
32	437
32	446
32	453
32	460
32	465
32	471
32	476
32	481
32	485
32	490
32	494
32	499
32	503
32	508
32	513
32	518
32	523
32	529
32	535
32	541
32	548
32	556
32	565
32	575
33	221
33	447
33	457
33	465
33	471
33	477
33	482
33	486
33	491
33	494
33	498
33	502
33	505
33	509
33	513
33	516
33	520
33	524
33	528
33	532
33	537
33	541
33	546
33	551
33	557
33	563
33	570
33	578
33	587
33	597
34	442
34	452
34	460
34	465
34	471
34	474
34	479
34	482
34	485
34	488
34	491
34	493
34	496
34	499
34	501
34	503
34	506
34	508
34	511
34	513
34	516
34	518
34	521
34	524
34	526
34	529
34	532
34	535
34	538
34	541
34	545
34	548
34	552
34	556
34	560
34	565
34	569
34	575
34	580
34	586
34	593
34	601
34	610
34	622
35	453
35	463
35	471
35	477
35	482
35	487
35	491
35	495
35	499
35	502
35	506
35	510
35	513
35	517
35	521
35	525
35	529
35	533
35	537
35	541
35	545
35	549
35	554
35	558
35	563
35	568
35	573
35	579
35	585
35	592
35	599
35	607
35	616
35	627
36	458
36	469
36	479
36	488
36	496
36	504
36	511
36	518
36	524
36	530
36	536
36	541
36	546
36	551
36	556
36	561
36	566
36	571
36	576
36	581
36	586
36	592
36	598
36	605
36	612
36	620
36	629
37	437
37	448
37	458
37	466
37	473
37	480
37	486
37	492
37	497
37	502
37	507
37	512
37	516
37	521
37	525
37	530
37	534
37	538
37	542
37	546
37	550
37	554
37	558
37	563
37	567
37	572
37	577
37	582
37	587
37	593
37	599
37	606
37	614
37	623
37	634
38	456
38	466
38	474
38	482
38	489
38	495
38	501
38	506
38	511
38	516
38	521
38	526
38	532
38	537
38	543
38	549
38	556
38	563
38	571
38	580
38	589
38	599
38	611
39	507
39	519
39	530
39	541
39	552
39	564
39	575
39	586
39	596
39	607
40	359
40	370
40	381
40	392
40	486
40	497
40	507
40	517
40	526
40	535
40	544
40	553
40	562
40	571
40	580
40	589
40	598
40	608
41	486
41	497
41	507
41	516
41	525
41	534
41	543
41	553
41	564
44	481
44	493
45	451
45	462
45	472
45	481
45	490
45	499
45	508
45	517
45	527
48	361
48	372
48	382
48	392
48	402
48	412
48	422
48	432
48	442
48	452
48	462
48	471
48	480
48	489
48	498
48	507
48	516
48	526
48	537
49	352
49	363
49	373
49	382
49	391
49	400
49	409
49	418
49	427
49	435
49	443
49	451
49	458
49	465
49	472
49	478
49	484
49	490
49	496
49	502
49	508
49	514
49	521
49	528
49	536
49	545
49	555
50	406
50	418
50	429
50	439
50	449
50	458
50	466
50	474
50	481
50	488
50	495
50	502
50	509
50	516
50	524
50	532
50	541
50	554
52	450
52	461
52	471
52	481
52	491
52	501
52	511
52	523
53	427
53	437
53	446
53	453
53	460
53	467
53	473
53	479
53	485
53	491
53	497
53	503
53	509
53	515
53	522
53	529
53	536
53	544
53	552
53	561
53	571
54	409
54	419
54	428
54	435
54	441
54	447
54	452
54	457
54	461
54	465
54	469
54	473
54	477
54	481
54	484
54	488
54	491
54	495
54	498
54	502
54	505
54	509
54	512
54	516
54	519
54	524
54	527
54	532
54	536
54	541
54	546
54	551
54	557
54	563
54	569
54	576
54	584
54	593
54	604
55	421
55	432
55	441
55	449
55	456
55	462
55	468
55	473
55	478
55	483
55	487
55	492
55	496
55	500
55	504
55	508
55	512
55	516
55	521
55	525
55	530
55	535
55	540
55	546
55	552
55	559
55	567
55	576
55	588
57	438
57	451
57	465
58	367
58	378
58	388
58	397
58	406
58	415
58	423
58	431
58	439
58	447
58	454
58	461
58	468
58	476
58	484
58	492
58	500
58	509
58	518
58	528
58	539
58	552
59	352
59	362
59	371
59	379
59	386
59	393
59	399
59	405
59	411
59	417
59	422
59	428
59	433
59	438
59	443
59	447
59	452
59	456
59	461
59	465
59	469
59	473
59	477
59	482
59	486
59	490
59	495
59	499
59	504
59	508
59	513
59	518
59	524
59	530
59	536
59	543
59	550
59	558
59	567
59	577
60	349
60	359
60	368
60	376
60	383
60	390
60	396
60	402
60	408
60	413
60	419
60	424
60	429
60	433
60	438
60	442
60	446
60	450
60	454
60	458
60	461
60	465
60	468
60	472
60	475
60	479
60	482
60	485
60	489
60	492
60	495
60	499
60	502
60	506
60	509
60	513
60	517
60	521
60	525
60	529
60	534
60	539
60	545
60	550
60	557
60	564
60	572
60	581
60	592
61	419
61	431
61	442
61	452
61	461
61	470
61	478
61	486
61	494
61	502
61	510
61	518
61	526
61	535
61	545
61	555
62	358
62	369
62	380
62	391
62	402
62	413
62	424
62	435
62	448
63	339
63	349
63	358
63	366
63	374
63	381
63	388
63	395
63	402
63	409
63	416
63	423
63	430
63	437
63	445
63	453
63	461
63	469
63	477
63	486
63	495
63	504
63	514
63	524
63	534
63	544
63	554
63	564
63	574
63	584
63	595
63	607
64	336
64	345
64	352
64	359
64	364
64	370
64	375
64	380
64	384
64	389
64	393
64	398
64	402
64	406
64	410
64	414
64	418
64	422
64	426
64	430
64	434
64	438
64	442
64	447
64	451
64	456
64	460
64	465
64	469
64	474
64	479
64	484
64	489
64	494
64	499
64	504
64	509
64	515
64	520
64	526
64	532
64	538
64	544
64	550
64	556
64	562
64	568
64	574
64	580
64	586
64	592
64	598
64	604
64	611
64	618
64	626
64	635
64	646
65	331
65	340
65	346
65	352
65	355
65	360
65	363
65	367
65	370
65	373
65	376
65	379
65	382
65	384
65	387
65	390
65	392
65	395
65	397
65	400
65	402
65	404
65	407
65	409
65	411
65	414
65	416
65	418
65	421
65	423
65	425
65	428
65	430
65	432
65	434
65	437
65	439
65	441
65	444
65	446
65	448
65	451
65	453
65	455
65	458
65	460
65	462
65	465
65	467
65	470
65	472
65	475
65	477
65	480
65	482
65	485
65	487
65	490
65	493
65	495
65	498
65	501
65	503
65	506
65	509
65	511
65	515
65	517
65	520
65	523
65	526
65	529
65	532
65	535
65	538
65	541
65	544
65	547
65	550
65	553
65	556
65	559
65	562
65	565
65	568
65	571
65	574
65	577
65	580
65	583
65	586
65	589
65	593
65	596
65	599
65	603
65	606
65	610
65	614
65	618
65	622
65	627
65	632
65	637
65	643
65	650
65	658
65	668
66	329
66	337
66	342
66	347
66	351
66	353
66	357
66	360
66	362
66	365
66	367
66	370
66	372
66	373
66	376
66	378
66	380
66	382
66	383
66	386
66	388
66	389
66	391
66	393
66	395
66	396
66	398
66	400
66	402
66	403
66	405
66	406
66	408
66	410
66	411
66	413
66	414
66	416
66	418
66	419
66	421
66	422
66	424
66	425
66	427
66	428
66	430
66	431
66	433
66	434
66	436
66	437
66	439
66	440
66	442
66	443
66	445
66	446
66	448
66	449
66	451
66	452
66	454
66	455
66	457
66	458
66	460
66	461
66	463
66	465
66	466
66	467
66	469
66	471
66	472
66	474
66	475
66	477
66	479
66	480
66	482
66	483
66	485
66	487
66	488
66	490
66	492
66	493
66	495
66	497
66	498
66	500
66	502
66	503
66	505
66	507
66	508
66	510
66	512
66	514
66	515
66	517
66	519
66	521
66	522
66	524
66	526
66	528
66	530
66	531
66	534
66	535
66	537
66	539
66	541
66	543
66	545
66	547
66	549
66	551
66	553
66	555
66	557
66	559
66	561
66	563
66	565
66	567
66	569
66	572
66	574
66	576
66	578
66	581
66	583
66	585
66	588
66	590
66	593
66	596
66	598
66	601
66	604
66	607
66	610
66	614
66	617
66	621
66	625
66	629
66	634
66	639
66	645
66	652
66	660
66	670
67	330
67	338
67	343
67	348
67	352
67	355
67	359
67	362
67	365
67	369
67	371
67	374
67	377
67	380
67	382
67	385
67	388
67	390
67	393
67	395
67	398
67	400
67	402
67	405
67	407
67	409
67	412
67	414
67	416
67	418
67	421
67	423
67	425
67	427
67	430
67	431
67	434
67	436
67	438
67	440
67	442
67	444
67	447
67	448
67	451
67	453
67	455
67	457
67	459
67	461
67	464
67	465
67	468
67	470
67	472
67	474
67	476
67	479
67	480
67	483
67	485
67	487
67	489
67	492
67	493
67	496
67	498
67	500
67	502
67	505
67	506
67	509
67	511
67	513
67	515
67	518
67	520
67	522
67	525
67	527
67	529
67	532
67	534
67	537
67	539
67	542
67	545
67	547
67	550
67	554
67	556
67	560
67	563
67	567
67	570
67	575
67	578
67	583
67	587
67	592
67	597
67	603
67	609
67	616
67	625
67	635
68	340
68	351
68	361
68	371
68	382
68	393
68	405
70	546
70	558
70	569
70	579
70	589
70	599
70	608
70	618
70	628
70	638
71	347
71	357
71	365
71	373
71	380
71	387
71	394
71	401
71	408
71	414
71	421
71	427
71	434
71	440
71	447
71	454
71	461
71	468
71	475
71	482
71	489
71	496
71	503
71	510
71	517
71	524
71	530
71	536
71	542
71	548
71	554
71	559
71	565
71	570
71	575
71	580
71	585
71	590
71	595
71	600
71	605
71	610
71	615
71	620
71	625
71	630
71	635
71	640
71	646
71	652
71	659
71	667
71	676
72	337
72	345
72	352
72	357
72	362
72	367
72	371
72	375
72	379
72	383
72	386
72	390
72	393
72	397
72	400
72	404
72	407
72	411
72	414
72	417
72	421
72	424
72	427
72	431
72	434
72	437
72	441
72	444
72	447
72	451
72	454
72	457
72	461
72	464
72	467
72	471
72	474
72	477
72	481
72	484
72	487
72	491
72	494
72	497
72	501
72	504
72	508
72	511
72	515
72	518
72	522
72	525
72	528
72	532
72	534
72	538
72	541
72	544
72	547
72	550
72	553
72	556
72	559
72	562
72	564
72	568
72	570
72	573
72	576
72	578
72	581
72	584
72	586
72	589
72	592
72	594
72	597
72	599
72	602
72	604
72	607
72	609
72	612
72	615
72	617
72	620
72	623
72	625
72	628
72	631
72	634
72	637
72	640
72	643
72	646
72	649
72	653
72	657
72	661
72	666
72	670
72	676
72	682
72	689
72	697
72	707
73	332
73	341
73	347
73	352
73	357
73	361
73	364
73	368
73	371
73	374
73	378
73	381
73	383
73	387
73	389
73	392
73	395
73	398
73	400
73	403
73	406
73	408
73	411
73	413
73	416
73	419
73	421
73	424
73	426
73	429
73	431
73	434
73	436
73	439
73	441
73	444
73	446
73	449
73	451
73	454
73	456
73	459
73	461
73	464
73	466
73	469
73	471
73	474
73	476
73	479
73	481
73	484
73	486
73	489
73	491
73	494
73	496
73	499
73	501
73	504
73	506
73	509
73	511
73	514
73	516
73	519
73	521
73	524
73	526
73	529
73	531
73	534
73	536
73	539
73	541
73	543
73	546
73	548
73	551
73	553
73	555
73	558
73	560
73	562
73	565
73	567
73	569
73	572
73	574
73	576
73	579
73	581
73	583
73	586
73	588
73	590
73	593
73	595
73	597
73	600
73	602
73	604
73	607
73	609
73	611
73	614
73	616
73	619
73	621
73	624
73	626
73	629
73	632
73	635
73	637
73	641
73	644
73	647
73	651
73	655
73	659
73	664
73	668
73	674
73	680
73	687
73	696
73	707
74	339
74	348
74	356
74	363
74	369
74	375
74	381
74	387
74	392
74	398
74	403
74	408
74	413
74	418
74	423
74	428
74	433
74	438
74	443
74	448
74	453
74	458
74	463
74	468
74	473
74	478
74	483
74	488
74	493
74	498
74	503
74	508
74	513
74	518
74	523
74	528
74	533
74	538
74	543
74	548
74	553
74	558
74	563
74	568
74	573
74	578
74	584
74	589
74	595
74	601
74	607
74	614
74	621
74	629
74	638
-1	-1
