-1	-1
7	206
7	217
7	227
7	237
7	248
7	259
8	181
8	191
8	200
8	209
8	217
8	225
8	233
8	241
8	249
8	257
8	266
8	275
8	285
8	295
8	305
8	316
8	327
8	339
9	179
9	189
9	197
9	204
9	211
9	218
9	225
9	232
9	238
9	245
9	252
9	259
9	266
9	274
9	282
9	290
9	299
9	308
9	317
9	326
9	335
9	344
9	354
9	364
9	376
10	180
10	190
10	198
10	205
10	211
10	216
10	221
10	226
10	231
10	236
10	241
10	246
10	251
10	256
10	262
10	267
10	273
10	279
10	286
10	293
10	300
10	307
10	315
10	323
10	331
10	339
10	347
10	355
10	364
10	374
10	385
10	396
11	176
11	184
11	191
11	197
11	203
11	208
11	213
11	218
11	223
11	228
11	232
11	237
11	241
11	246
11	250
11	255
11	259
11	264
11	268
11	273
11	278
11	283
11	289
11	294
11	300
11	306
11	312
11	318
11	324
11	330
11	336
11	342
11	348
11	354
11	361
11	368
11	376
11	385
11	395
11	406
12	171
12	180
12	187
12	193
12	199
12	204
12	209
12	213
12	218
12	222
12	227
12	231
12	235
12	240
12	244
12	248
12	253
12	257
12	262
12	266
12	271
12	276
12	281
12	286
12	291
12	296
12	301
12	306
12	311
12	316
12	321
12	326
12	331
12	336
12	341
12	346
12	351
12	357
12	363
12	370
12	377
12	386
12	396
12	406
12	418
13	179
13	189
13	197
13	204
13	211
13	217
13	223
13	229
13	234
13	240
13	245
13	251
13	256
13	262
13	268
13	274
13	280
13	286
13	292
13	298
13	304
13	310
13	316
13	322
13	328
13	334
13	340
13	346
13	353
13	360
13	368
13	377
13	388
13	401
14	198
14	209
14	218
14	227
14	235
14	243
14	251
14	259
14	268
14	277
14	286
14	295
14	304
14	313
14	322
14	331
14	340
14	349
14	359
15	221
15	232
15	243
15	254
15	265
15	276
15	288
15	300
15	313
15	326
16	237
16	249
16	260
16	271
16	283
16	295
16	307
17	222
17	234
17	245
17	256
17	266
17	276
17	287
17	298
17	309
17	321
18	209
18	220
18	230
18	240
18	249
18	258
18	267
18	276
18	286
18	296
18	307
18	318
18	330
19	198
19	208
19	217
19	225
19	233
19	241
19	249
19	257
19	265
19	273
19	281
19	289
19	298
19	307
19	316
19	325
19	335
19	346
20	186
20	196
20	204
20	212
20	219
20	225
20	231
20	237
20	243
20	249
20	255
20	261
20	267
20	274
20	281
20	288
20	295
20	302
20	309
20	316
20	323
20	330
20	338
20	346
20	355
20	365
21	177
21	186
21	193
21	200
21	206
21	211
21	216
21	221
21	226
21	231
21	235
21	240
21	244
21	249
21	253
21	258
21	263
21	268
21	273
21	278
21	283
21	288
21	293
21	298
21	303
21	308
21	313
21	318
21	323
21	328
21	333
21	339
21	345
21	351
21	357
21	364
21	372
21	381
21	391
21	404
22	170
22	179
22	186
22	192
22	198
22	203
22	208
22	212
22	217
22	221
22	225
22	229
22	233
22	237
22	241
22	245
22	249
22	253
22	257
22	261
22	265
22	269
22	273
22	277
22	281
22	285
22	289
22	293
22	297
22	301
22	305
22	309
22	312
22	316
22	320
22	323
22	327
22	331
22	334
22	338
22	342
22	346
22	350
22	355
22	359
22	364
22	369
22	375
22	381
22	388
22	395
22	403
22	412
22	421
22	431
22	441
22	452
22	463
23	167
23	176
23	183
23	189
23	195
23	200
23	205
23	210
23	215
23	220
23	224
23	229
23	232
23	237
23	240
23	244
23	248
23	251
23	255
23	259
23	262
23	266
23	269
23	273
23	276
23	280
23	283
23	287
23	290
23	293
23	297
23	300
23	303
23	307
23	310
23	313
23	316
23	319
23	322
23	325
23	328
23	331
23	334
23	337
23	340
23	344
23	347
23	351
23	355
23	358
23	363
23	367
23	372
23	377
23	382
23	388
23	394
23	401
23	408
23	416
23	424
23	433
23	442
23	452
23	462
24	163
24	172
24	180
24	187
24	193
24	199
24	205
24	211
24	216
24	221
24	226
24	230
24	234
24	238
24	242
24	246
24	250
24	253
24	257
24	261
24	264
24	268
24	271
24	274
24	278
24	281
24	284
24	288
24	291
24	294
24	298
24	301
24	304
24	308
24	311
24	315
24	318
24	322
24	325
24	329
24	333
24	336
24	340
24	344
24	348
24	353
24	357
24	362
24	367
24	372
24	378
24	384
24	391
24	398
24	406
24	415
24	425
24	436
25	171
25	181
25	190
25	198
25	205
25	212
25	219
25	225
25	231
25	237
25	243
25	249
25	254
25	259
25	264
25	269
25	274
25	279
25	283
25	288
25	293
25	298
25	303
25	308
25	313
25	318
25	324
25	330
25	336
25	343
25	350
25	357
25	365
25	374
25	384
25	395
26	180
26	190
26	199
26	207
26	214
26	221
26	227
26	233
26	239
26	245
26	251
26	257
26	263
26	269
26	275
26	281
26	287
26	293
26	299
26	306
26	313
26	321
26	329
26	338
26	348
26	359
27	180
27	190
27	198
27	205
27	211
27	217
27	222
27	228
27	233
27	238
27	243
27	248
27	253
27	258
27	264
27	270
27	276
27	282
27	288
27	295
27	302
27	310
27	319
27	329
27	344
28	179
28	189
28	196
28	202
28	208
28	213
28	218
28	223
28	227
28	232
28	236
28	240
28	244
28	248
28	252
28	256
28	260
28	265
28	269
28	274
28	279
28	284
28	290
28	296
28	303
28	310
28	318
28	327
28	338
29	176
29	184
29	191
29	197
29	203
29	208
29	213
29	218
29	222
29	227
29	231
29	234
29	238
29	242
29	245
29	249
29	252
29	255
29	259
29	262
29	265
29	269
29	272
29	276
29	279
29	284
29	287
29	292
29	297
29	302
29	308
29	314
29	321
29	328
29	337
29	347
29	359
30	170
30	179
30	185
30	191
30	196
30	201
30	205
30	210
30	213
30	218
30	221
30	225
30	229
30	233
30	236
30	240
30	243
30	247
30	250
30	253
30	256
30	259
30	262
30	265
30	268
30	271
30	275
30	278
30	282
30	285
30	289
30	293
30	297
30	302
30	306
30	311
30	316
30	322
30	328
30	335
30	343
30	352
30	362
30	374
31	167
31	174
31	181
31	185
31	191
31	194
31	199
31	202
31	206
31	210
31	214
31	218
31	222
31	226
31	230
31	234
31	238
31	242
31	246
31	250
31	253
31	257
31	261
31	264
31	268
31	271
31	275
31	278
31	282
31	286
31	290
31	294
31	298
31	303
31	307
31	312
31	317
31	323
31	329
31	336
31	343
31	351
31	360
31	369
31	380
32	161
32	170
32	177
32	182
32	187
32	192
32	196
32	201
32	204
32	209
32	212
32	217
32	220
32	225
32	228
32	232
32	236
32	240
32	243
32	247
32	250
32	254
32	257
32	261
32	264
32	268
32	271
32	275
32	279
32	283
32	287
32	291
32	295
32	299
32	304
32	308
32	313
32	318
32	323
32	329
32	335
32	341
32	348
32	355
32	363
32	372
32	382
32	393
33	163
33	172
33	180
33	186
33	192
33	197
33	202
33	207
33	212
33	217
33	222
33	227
33	231
33	236
33	240
33	244
33	248
33	252
33	256
33	260
33	264
33	268
33	272
33	276
33	280
33	284
33	288
33	292
33	296
33	301
33	305
33	310
33	315
33	320
33	325
33	330
33	336
33	342
33	348
33	355
33	362
33	369
33	377
33	386
33	396
33	406
33	417
33	428
33	443
34	173
34	183
34	191
34	199
34	206
34	213
34	220
34	227
34	234
34	241
34	248
34	255
34	262
34	268
34	274
34	280
34	285
34	290
34	295
34	300
34	305
34	310
34	315
34	320
34	325
34	331
34	337
34	343
34	349
34	356
34	363
34	371
34	379
34	388
34	398
34	408
34	418
34	428
34	438
34	448
34	458
34	470
35	191
35	202
35	213
35	224
35	235
35	245
35	254
35	262
35	270
35	276
35	282
35	288
35	293
35	298
35	303
35	308
35	312
35	317
35	321
35	326
35	330
35	335
35	340
35	345
35	350
35	356
35	362
35	368
35	375
35	383
35	392
35	401
35	410
35	419
35	428
35	436
35	444
35	452
35	461
35	470
35	480
35	493
36	199
36	210
36	221
36	232
36	242
36	251
36	259
36	267
36	274
36	281
36	286
36	291
36	296
36	301
36	305
36	310
36	313
36	318
36	321
36	325
36	329
36	333
36	337
36	341
36	345
36	349
36	354
36	358
36	363
36	368
36	374
36	380
36	387
36	395
36	403
36	411
36	420
36	428
36	436
36	443
36	450
36	457
36	465
36	473
36	482
36	491
36	501
36	514
37	198
37	209
37	220
37	232
37	244
37	254
37	263
37	271
37	279
37	285
37	291
37	296
37	301
37	305
37	310
37	314
37	318
37	322
37	326
37	330
37	333
37	337
37	341
37	344
37	348
37	352
37	356
37	360
37	365
37	369
37	375
37	380
37	386
37	393
37	400
37	408
37	416
37	424
37	432
37	439
37	446
37	453
37	460
37	467
37	474
37	482
37	490
37	498
37	507
37	517
37	529
38	259
38	270
38	279
38	287
38	294
38	300
38	305
38	310
38	314
38	319
38	323
38	327
38	331
38	335
38	339
38	343
38	347
38	351
38	356
38	360
38	365
38	370
38	376
38	382
38	389
38	397
38	406
38	415
38	424
38	433
38	442
38	450
38	458
38	466
38	474
38	483
38	492
38	502
38	512
38	524
39	261
39	272
39	281
39	289
39	296
39	302
39	307
39	312
39	316
39	321
39	324
39	328
39	332
39	335
39	339
39	343
39	346
39	350
39	354
39	358
39	363
39	367
39	372
39	377
39	383
39	389
39	396
39	404
39	413
39	423
39	434
40	260
40	271
40	281
40	289
40	296
40	302
40	308
40	313
40	318
40	322
40	326
40	330
40	333
40	337
40	341
40	344
40	348
40	352
40	356
40	360
40	364
40	368
40	373
40	378
40	384
40	390
40	397
40	405
40	414
40	424
41	266
41	276
41	285
41	293
41	301
41	308
41	314
41	320
41	326
41	331
41	337
41	342
41	347
41	353
41	359
41	365
41	372
41	380
41	389
41	400
42	260
42	271
42	281
42	290
42	298
42	305
42	312
42	318
42	324
42	330
42	336
42	342
42	348
42	355
42	362
42	370
42	379
42	390
43	242
43	253
43	264
43	274
43	283
43	292
43	300
43	308
43	315
43	321
43	327
43	333
43	339
43	345
43	351
43	357
43	364
43	371
43	379
43	388
44	252
44	263
44	274
44	285
44	295
44	304
44	313
44	321
44	329
44	337
44	345
44	353
44	362
44	372
44	384
45	290
45	301
45	311
45	320
45	329
45	338
45	348
45	359
45	374
46	306
46	317
46	327
46	337
46	347
46	357
46	367
46	379
47	309
47	321
47	332
47	342
47	352
47	363
47	375
48	240
48	251
48	262
48	273
48	284
48	295
48	305
48	315
48	325
48	335
48	345
48	357
49	250
49	262
49	273
49	284
49	295
49	305
49	314
49	322
49	330
49	338
49	346
49	355
49	365
50	269
50	280
50	291
50	301
50	310
50	319
50	327
50	334
50	341
50	349
50	357
50	366
50	377
51	236
51	247
51	258
51	269
51	279
51	289
51	299
51	309
51	319
51	329
51	338
51	348
51	359
52	219
52	229
52	238
52	246
52	254
52	261
52	268
52	275
52	282
52	289
52	297
52	305
52	313
52	322
52	331
52	342
53	208
53	218
53	227
53	234
53	241
53	247
53	253
53	258
53	263
53	268
53	273
53	278
53	283
53	288
53	293
53	298
53	304
53	309
53	315
53	321
53	327
53	334
53	342
53	350
53	359
53	370
54	198
54	208
54	217
54	226
54	234
54	242
54	249
54	256
54	262
54	268
54	273
54	278
54	283
54	288
54	293
54	298
54	303
54	308
54	313
54	318
54	324
54	329
54	335
54	341
54	348
54	355
54	363
54	372
54	384
55	197
55	208
55	218
55	228
55	238
55	248
55	258
55	266
55	273
55	279
55	284
55	289
55	294
55	298
55	303
55	307
55	312
55	317
55	322
55	327
55	333
55	338
55	344
55	351
55	358
55	366
55	376
56	202
56	213
56	224
56	234
56	244
56	253
56	262
56	271
56	279
56	285
56	291
56	295
56	300
56	304
56	308
56	312
56	316
56	320
56	324
56	328
56	333
56	337
56	342
56	347
56	353
56	359
56	366
56	374
56	383
56	395
57	201
57	212
57	221
57	229
57	237
57	244
57	251
57	257
57	264
57	271
57	278
57	284
57	290
57	294
57	299
57	302
57	306
57	310
57	313
57	317
57	320
57	324
57	327
57	331
57	334
57	338
57	341
57	345
57	349
57	353
57	358
57	363
57	368
57	374
57	381
57	389
57	398
57	408
58	196
58	206
58	214
58	221
58	227
58	232
58	237
58	242
58	246
58	251
58	254
58	259
58	262
58	266
58	270
58	274
58	278
58	283
58	287
58	292
58	296
58	300
58	303
58	307
58	311
58	313
58	317
58	320
58	322
58	326
58	328
58	331
58	334
58	337
58	339
58	343
58	345
58	349
58	352
58	355
58	359
58	362
58	366
58	370
58	375
58	379
58	385
58	391
58	398
58	406
58	415
58	425
59	187
59	196
59	203
59	210
59	215
59	220
59	224
59	229
59	232
59	237
59	240
59	243
59	247
59	250
59	253
59	256
59	259
59	262
59	264
59	267
59	270
59	273
59	275
59	279
59	281
59	285
59	287
59	291
59	294
59	297
59	301
59	304
59	308
59	311
59	315
59	318
59	321
59	324
59	327
59	330
59	333
59	336
59	339
59	342
59	345
59	348
59	351
59	355
59	358
59	362
59	366
59	369
59	374
59	378
59	384
59	389
59	396
59	403
59	411
59	420
59	431
60	179
60	188
60	195
60	201
60	206
60	211
60	216
60	221
60	226
60	231
60	236
60	241
60	246
60	251
60	255
60	260
60	263
60	267
60	271
60	274
60	278
60	281
60	285
60	288
60	292
60	295
60	299
60	303
60	307
60	311
60	316
60	320
60	325
60	330
60	335
60	340
60	345
60	351
60	357
60	363
60	370
60	378
60	387
60	398
61	178
61	187
61	194
61	201
61	207
61	214
61	221
61	228
61	236
61	244
61	253
61	261
61	269
61	275
61	281
61	286
61	292
61	297
61	302
61	307
61	313
61	319
61	325
61	331
61	338
61	346
61	354
61	363
61	373
62	178
62	188
62	196
62	204
62	212
62	220
62	228
62	236
62	244
62	253
62	262
62	272
62	281
62	290
62	298
62	305
62	312
62	319
62	326
62	333
62	340
62	347
62	354
62	362
62	371
62	381
62	394
63	182
63	193
63	202
63	211
63	219
63	226
63	233
63	240
63	246
63	253
63	260
63	267
63	275
63	283
63	291
63	299
63	307
63	314
63	320
63	326
63	332
63	337
63	342
63	347
63	353
63	358
63	364
63	370
63	377
63	384
63	392
63	401
63	413
64	179
64	189
64	197
64	204
64	210
64	216
64	221
64	226
64	231
64	234
64	239
64	242
64	246
64	250
64	254
64	258
64	262
64	266
64	270
64	275
64	279
64	284
64	289
64	295
64	300
64	306
64	312
64	318
64	324
64	330
64	335
64	340
64	345
64	350
64	355
64	360
64	365
64	371
64	377
64	384
64	391
64	399
64	408
64	419
65	177
65	186
65	193
65	199
65	203
65	208
65	212
65	215
65	219
65	222
65	225
65	228
65	231
65	233
65	236
65	239
65	241
65	243
65	246
65	248
65	251
65	253
65	255
65	258
65	260
65	262
65	265
65	267
65	269
65	272
65	274
65	277
65	279
65	282
65	285
65	287
65	290
65	294
65	296
65	300
65	303
65	307
65	311
65	315
65	319
65	324
65	329
65	335
65	341
65	347
65	354
65	361
65	369
65	377
65	386
65	397
66	177
66	185
66	192
66	196
66	201
66	204
66	208
66	211
66	214
66	217
66	220
66	222
66	225
66	227
66	230
66	232
66	234
66	237
66	239
66	241
66	243
66	246
66	248
66	250
66	252
66	254
66	256
66	258
66	260
66	262
66	264
66	266
66	268
66	270
66	272
66	274
66	276
66	278
66	280
66	282
66	285
66	286
66	289
66	291
66	294
66	296
66	298
66	301
66	304
66	306
66	309
66	312
66	315
66	318
66	322
66	326
66	329
66	334
66	338
66	344
66	349
66	356
66	363
66	371
66	379
66	389
67	180
67	189
67	195
67	201
67	205
67	210
67	214
67	219
67	223
67	228
67	232
67	237
67	241
67	246
67	251
67	256
67	261
67	266
67	270
67	274
67	279
67	282
67	286
67	290
67	294
67	298
67	302
67	306
67	310
67	314
67	318
67	323
67	327
67	332
67	337
67	343
67	349
67	356
67	363
67	371
67	380
67	391
68	290
68	300
68	309
68	317
68	324
68	331
68	338
68	345
68	353
68	361
68	370
68	380
69	326
69	337
69	347
69	357
69	367
69	378
70	217
70	228
70	238
70	247
70	256
70	265
70	275
70	286
71	190
71	200
71	208
71	215
71	221
71	227
71	232
71	237
71	242
71	247
71	252
71	256
71	261
71	265
71	270
71	275
71	280
71	285
71	290
71	296
71	302
71	308
71	315
71	323
71	332
71	342
71	354
71	367
71	378
71	389
71	400
72	189
72	198
72	204
72	210
72	214
72	219
72	222
72	226
72	230
72	232
72	236
72	239
72	242
72	244
72	248
72	250
72	253
72	256
72	258
72	261
72	264
72	266
72	269
72	272
72	274
72	277
72	280
72	282
72	285
72	288
72	291
72	294
72	297
72	300
72	304
72	307
72	310
72	314
72	318
72	322
72	326
72	331
72	336
72	341
72	347
72	353
72	359
72	366
72	373
72	380
72	386
72	392
72	398
72	405
72	412
72	420
72	429
72	440
73	188
73	196
73	202
73	207
73	211
73	215
73	219
73	222
73	225
73	229
73	231
73	234
73	237
73	240
73	242
73	245
73	247
73	250
73	252
73	255
73	257
73	260
73	262
73	264
73	267
73	269
73	271
73	274
73	276
73	278
73	281
73	283
73	285
73	288
73	290
73	292
73	295
73	297
73	299
73	302
73	304
73	307
73	309
73	312
73	315
73	317
73	320
73	323
73	326
73	329
73	332
73	336
73	338
73	343
73	346
73	350
73	354
73	358
73	362
73	367
73	371
73	376
73	380
73	385
73	390
73	395
73	400
73	405
73	410
73	416
73	422
73	429
73	437
73	446
73	457
74	191
74	200
74	208
74	214
74	220
74	226
74	232
74	238
74	244
74	250
74	256
74	262
74	267
74	272
74	277
74	282
74	287
74	291
74	296
74	300
74	304
74	308
74	312
74	316
74	320
74	324
74	328
74	332
74	336
74	340
74	344
74	348
74	352
74	356
74	360
74	364
74	368
74	373
74	377
74	382
74	386
74	391
74	396
74	401
74	406
74	411
74	416
74	422
74	428
74	435
74	443
74	452
74	464
75	319
75	329
75	338
75	347
75	355
75	363
75	371
75	379
75	387
75	395
75	403
75	412
75	421
75	431
-1	-1
