-1	-1
0	628
7	26
7	38
7	48
7	58
7	68
7	78
7	88
7	96
7	106
7	116
7	126
7	136
7	146
7	156
7	168
7	178
7	190
7	204
7	216
7	228
7	240
7	254
8	20
8	32
8	42
8	52
8	60
8	68
8	76
8	84
8	92
8	100
8	108
8	116
8	124
8	132
8	140
8	150
8	158
8	168
8	176
8	186
8	196
8	206
8	216
8	224
8	234
8	242
8	252
8	260
8	272
9	6
9	16
9	26
9	34
9	42
9	50
9	56
9	64
9	70
9	78
9	84
9	92
9	98
9	106
9	112
9	120
9	126
9	134
9	140
9	148
9	154
9	162
9	168
9	176
9	182
9	190
9	198
9	206
9	214
9	222
9	230
9	238
9	246
9	254
9	262
9	272
10	2
10	10
10	16
10	22
10	28
10	34
10	38
10	44
10	48
10	52
10	56
10	62
10	64
10	70
10	72
10	76
10	80
10	84
10	88
10	92
10	96
10	100
10	104
10	108
10	112
10	116
10	120
10	124
10	128
10	132
10	138
10	142
10	146
10	150
10	156
10	160
10	166
10	170
10	176
10	180
10	186
10	190
10	196
10	202
10	208
10	214
10	220
10	226
10	232
10	240
10	246
10	254
10	262
10	270
10	282
10	578
10	590
10	602
10	612
10	624
10	636
11	2
11	12
11	20
11	26
11	32
11	38
11	44
11	50
11	54
11	60
11	64
11	70
11	74
11	78
11	82
11	88
11	92
11	96
11	100
11	106
11	110
11	114
11	118
11	124
11	128
11	132
11	138
11	142
11	148
11	152
11	158
11	162
11	168
11	172
11	178
11	182
11	188
11	194
11	200
11	206
11	212
11	218
11	224
11	230
11	236
11	244
11	250
11	258
11	268
11	278
11	578
11	588
11	598
11	608
11	616
11	626
11	634
11	644
11	654
11	664
11	676
12	2
12	10
12	16
12	22
12	26
12	32
12	36
12	42
12	46
12	50
12	54
12	58
12	62
12	66
12	70
12	72
12	76
12	80
12	84
12	86
12	90
12	94
12	96
12	100
12	104
12	106
12	110
12	114
12	116
12	120
12	124
12	128
12	130
12	134
12	138
12	142
12	146
12	150
12	154
12	158
12	162
12	166
12	170
12	174
12	178
12	184
12	188
12	192
12	198
12	202
12	208
12	212
12	218
12	222
12	228
12	234
12	238
12	244
12	250
12	258
12	264
12	272
12	282
12	596
12	608
12	618
12	628
12	638
12	648
12	658
12	668
12	678
12	690
13	2
13	10
13	18
13	24
13	30
13	34
13	40
13	44
13	50
13	54
13	58
13	62
13	66
13	70
13	74
13	78
13	82
13	86
13	88
13	92
13	96
13	100
13	102
13	106
13	110
13	114
13	116
13	120
13	124
13	128
13	132
13	136
13	140
13	144
13	148
13	152
13	156
13	160
13	164
13	168
13	174
13	178
13	184
13	188
13	194
13	200
13	206
13	212
13	218
13	224
13	232
13	238
13	246
13	254
13	264
13	274
13	616
13	628
13	638
13	648
13	658
13	668
13	678
13	690
13	702
14	2
14	10
14	18
14	26
14	32
14	40
14	46
14	52
14	58
14	64
14	70
14	74
14	80
14	84
14	90
14	94
14	98
14	104
14	108
14	114
14	118
14	124
14	128
14	134
14	138
14	144
14	150
14	156
14	162
14	170
14	176
14	184
14	192
14	200
14	208
14	218
14	228
14	238
14	618
14	630
14	640
14	650
14	660
14	670
14	680
14	692
14	704
15	4
15	14
15	24
15	32
15	42
15	50
15	58
15	66
15	74
15	80
15	86
15	92
15	98
15	104
15	110
15	116
15	122
15	128
15	136
15	142
15	150
15	158
15	166
15	174
15	184
15	194
15	204
15	214
15	226
15	238
15	618
15	628
15	640
15	650
15	662
15	672
15	682
15	694
15	704
15	716
16	18
16	30
16	40
16	50
16	60
16	68
16	76
16	84
16	90
16	98
16	104
16	112
16	118
16	126
16	132
16	140
16	148
16	156
16	164
16	172
16	182
16	190
16	200
16	210
16	220
16	230
16	242
16	606
16	618
16	628
16	638
16	648
16	658
16	666
16	676
16	686
16	696
16	706
16	716
17	2
17	12
17	22
17	32
17	40
17	50
17	58
17	66
17	74
17	82
17	88
17	96
17	102
17	110
17	116
17	124
17	130
17	138
17	144
17	152
17	158
17	166
17	174
17	182
17	190
17	200
17	208
17	218
17	228
17	238
17	248
17	568
17	578
17	586
17	596
17	604
17	612
17	620
17	628
17	636
17	644
17	654
17	662
17	670
17	678
17	688
17	696
17	706
17	716
17	726
18	2
18	10
18	16
18	24
18	30
18	36
18	44
18	50
18	56
18	62
18	70
18	76
18	82
18	90
18	96
18	102
18	108
18	114
18	120
18	126
18	132
18	138
18	144
18	150
18	156
18	164
18	170
18	178
18	184
18	192
18	198
18	206
18	212
18	220
18	228
18	236
18	244
18	254
18	264
18	552
18	562
18	570
18	578
18	586
18	592
18	600
18	606
18	612
18	618
18	624
18	630
18	636
18	642
18	648
18	656
18	662
18	670
18	678
18	686
18	694
18	704
18	712
18	722
18	734
18	746
19	2
19	10
19	16
19	24
19	30
19	36
19	42
19	48
19	54
19	60
19	66
19	72
19	78
19	84
19	90
19	94
19	100
19	106
19	110
19	116
19	120
19	126
19	130
19	136
19	140
19	146
19	150
19	156
19	160
19	166
19	170
19	176
19	180
19	186
19	190
19	196
19	202
19	206
19	212
19	218
19	224
19	230
19	236
19	242
19	248
19	256
19	264
19	272
19	282
19	538
19	548
19	556
19	562
19	568
19	574
19	580
19	584
19	590
19	594
19	600
19	604
19	610
19	614
19	618
19	624
19	628
19	634
19	638
19	644
19	648
19	654
19	660
19	666
19	674
19	680
19	688
19	696
19	704
19	712
19	722
19	732
20	2
20	8
20	14
20	20
20	26
20	30
20	36
20	40
20	44
20	50
20	54
20	60
20	64
20	70
20	74
20	78
20	82
20	86
20	90
20	94
20	98
20	102
20	106
20	110
20	114
20	118
20	122
20	126
20	130
20	134
20	138
20	142
20	146
20	150
20	154
20	158
20	162
20	166
20	170
20	174
20	178
20	182
20	186
20	190
20	194
20	198
20	204
20	208
20	212
20	216
20	222
20	226
20	230
20	234
20	238
20	244
20	248
20	252
20	258
20	262
20	268
20	274
20	282
20	288
20	296
20	306
20	316
20	326
20	338
20	436
20	450
20	462
20	474
20	532
20	542
20	550
20	556
20	562
20	568
20	574
20	580
20	586
20	590
20	596
20	602
20	608
20	614
20	620
20	626
20	632
20	640
20	646
20	654
20	662
20	670
20	678
20	686
20	694
20	704
20	714
21	2
21	8
21	14
21	18
21	24
21	28
21	32
21	36
21	40
21	44
21	48
21	52
21	56
21	60
21	64
21	68
21	72
21	76
21	80
21	84
21	88
21	92
21	96
21	98
21	102
21	106
21	108
21	112
21	116
21	118
21	122
21	124
21	128
21	132
21	134
21	138
21	140
21	144
21	146
21	150
21	152
21	156
21	158
21	162
21	164
21	168
21	170
21	174
21	176
21	180
21	182
21	186
21	188
21	192
21	194
21	198
21	200
21	204
21	206
21	210
21	214
21	216
21	220
21	222
21	226
21	228
21	232
21	234
21	238
21	242
21	246
21	248
21	252
21	256
21	260
21	264
21	268
21	272
21	278
21	282
21	288
21	294
21	300
21	306
21	312
21	320
21	326
21	334
21	342
21	350
21	358
21	366
21	376
21	384
21	394
21	402
21	412
21	420
21	428
21	436
21	444
21	452
21	460
21	468
21	476
21	484
21	494
21	506
21	530
21	542
21	552
21	560
21	568
21	576
21	584
21	592
21	600
21	608
21	616
21	624
21	632
21	640
21	650
21	658
21	668
21	678
21	688
21	700
22	2
22	8
22	14
22	20
22	24
22	30
22	34
22	38
22	42
22	46
22	50
22	54
22	58
22	62
22	66
22	70
22	74
22	78
22	82
22	86
22	90
22	94
22	98
22	102
22	104
22	108
22	112
22	116
22	118
22	122
22	126
22	128
22	132
22	134
22	138
22	140
22	144
22	148
22	150
22	154
22	156
22	160
22	162
22	166
22	168
22	172
22	174
22	178
22	180
22	184
22	186
22	190
22	192
22	194
22	198
22	200
22	204
22	206
22	208
22	212
22	214
22	216
22	220
22	222
22	224
22	228
22	230
22	234
22	236
22	240
22	242
22	246
22	248
22	252
22	254
22	258
22	262
22	264
22	268
22	272
22	276
22	280
22	286
22	290
22	294
22	300
22	304
22	310
22	316
22	320
22	326
22	332
22	338
22	344
22	350
22	356
22	362
22	368
22	376
22	382
22	390
22	396
22	404
22	410
22	418
22	424
22	432
22	438
22	446
22	452
22	460
22	466
22	474
22	482
22	490
22	498
22	510
22	558
22	570
22	582
22	592
22	602
22	612
22	620
22	630
22	638
22	648
22	658
22	668
22	678
23	2
23	8
23	14
23	20
23	24
23	30
23	34
23	38
23	42
23	46
23	50
23	54
23	58
23	62
23	66
23	70
23	76
23	80
23	84
23	88
23	92
23	96
23	100
23	104
23	108
23	112
23	116
23	120
23	124
23	128
23	132
23	136
23	140
23	144
23	148
23	152
23	156
23	160
23	164
23	168
23	172
23	176
23	180
23	184
23	186
23	190
23	194
23	198
23	200
23	204
23	208
23	210
23	214
23	216
23	220
23	222
23	226
23	228
23	232
23	234
23	238
23	240
23	244
23	248
23	250
23	254
23	258
23	262
23	266
23	270
23	274
23	278
23	282
23	286
23	292
23	296
23	302
23	306
23	312
23	316
23	322
23	326
23	332
23	336
23	342
23	346
23	352
23	358
23	364
23	368
23	374
23	380
23	386
23	392
23	398
23	404
23	410
23	418
23	424
23	432
23	438
23	446
23	452
23	460
23	468
23	476
23	484
23	494
23	600
23	612
23	624
23	636
23	648
24	2
24	8
24	14
24	20
24	24
24	30
24	34
24	38
24	42
24	46
24	50
24	54
24	58
24	62
24	66
24	70
24	74
24	78
24	82
24	86
24	90
24	94
24	98
24	102
24	106
24	110
24	114
24	118
24	122
24	126
24	130
24	134
24	138
24	144
24	148
24	152
24	158
24	162
24	168
24	172
24	178
24	182
24	188
24	194
24	200
24	204
24	210
24	216
24	222
24	226
24	232
24	236
24	242
24	246
24	252
24	258
24	264
24	270
24	276
24	282
24	290
24	296
24	304
24	310
24	318
24	324
24	332
24	338
24	346
24	352
24	360
24	368
24	376
24	384
24	392
24	400
24	408
24	416
24	426
24	434
24	444
24	452
24	462
24	472
24	482
24	494
25	2
25	6
25	12
25	14
25	20
25	22
25	26
25	30
25	32
25	34
25	38
25	40
25	42
25	46
25	48
25	50
25	52
25	54
25	58
25	60
25	62
25	64
25	66
25	68
25	72
25	74
25	76
25	78
25	82
25	84
25	86
25	88
25	92
25	94
25	96
25	100
25	102
25	106
25	108
25	110
25	114
25	116
25	120
25	122
25	126
25	128
25	132
25	136
25	138
25	142
25	146
25	150
25	154
25	158
25	162
25	166
25	172
25	176
25	182
25	186
25	192
25	196
25	202
25	208
25	214
25	220
25	226
25	234
25	240
25	248
25	254
25	262
25	270
25	278
25	288
25	296
25	306
25	314
25	324
25	334
25	344
25	354
25	364
25	376
25	386
25	398
25	408
25	420
25	430
25	442
25	452
25	464
25	474
26	2
26	10
26	12
26	16
26	20
26	22
26	24
26	28
26	30
26	32
26	36
26	38
26	40
26	42
26	46
26	48
26	50
26	52
26	54
26	56
26	60
26	62
26	66
26	68
26	70
26	72
26	74
26	76
26	78
26	80
26	82
26	84
26	86
26	88
26	90
26	92
26	94
26	98
26	102
26	104
26	106
26	108
26	110
26	112
26	114
26	118
26	120
26	122
26	124
26	126
26	130
26	132
26	134
26	138
26	140
26	144
26	146
26	148
26	152
26	156
26	158
26	162
26	166
26	170
26	174
26	178
26	182
26	186
26	190
26	196
26	200
26	204
26	210
26	214
26	220
26	226
26	232
26	240
26	246
26	254
26	264
26	274
26	284
26	294
26	306
26	316
26	328
26	338
26	350
26	360
26	372
26	382
26	394
26	404
26	416
26	426
26	436
26	446
26	456
26	468
26	478
27	2
27	10
27	12
27	16
27	20
27	24
27	28
27	30
27	34
27	36
27	40
27	42
27	44
27	48
27	50
27	52
27	54
27	56
27	60
27	62
27	64
27	66
27	68
27	70
27	74
27	76
27	78
27	80
27	82
27	84
27	86
27	90
27	92
27	94
27	96
27	98
27	100
27	102
27	104
27	106
27	108
27	110
27	112
27	114
27	116
27	118
27	120
27	122
27	124
27	126
27	128
27	130
27	134
27	136
27	138
27	140
27	142
27	144
27	148
27	150
27	152
27	156
27	158
27	160
27	164
27	166
27	170
27	172
27	176
27	178
27	182
27	186
27	190
27	194
27	198
27	202
27	206
27	210
27	216
27	220
27	226
27	232
27	238
27	244
27	250
27	258
27	266
27	274
27	284
27	292
27	302
27	312
27	322
27	332
27	342
27	352
27	362
27	372
27	380
27	390
27	398
27	408
27	416
27	426
27	434
27	444
27	452
27	462
27	472
27	482
27	494
28	2
28	6
28	12
28	14
28	20
28	22
28	26
28	30
28	32
28	36
28	38
28	42
28	44
28	46
28	48
28	52
28	54
28	56
28	58
28	60
28	62
28	64
28	68
28	70
28	72
28	74
28	76
28	78
28	80
28	82
28	86
28	90
28	92
28	94
28	96
28	98
28	100
28	102
28	104
28	106
28	108
28	110
28	112
28	114
28	116
28	118
28	120
28	122
28	124
28	126
28	128
28	130
28	132
28	134
28	136
28	138
28	140
28	142
28	144
28	146
28	148
28	152
28	154
28	156
28	158
28	160
28	162
28	164
28	166
28	168
28	170
28	172
28	176
28	178
28	180
28	182
28	186
28	188
28	190
28	194
28	196
28	200
28	202
28	206
28	210
28	214
28	218
28	222
28	226
28	230
28	234
28	240
28	244
28	250
28	256
28	264
28	270
28	278
28	286
28	294
28	302
28	308
28	316
28	322
28	330
28	336
28	344
28	350
28	358
28	364
28	372
28	378
28	386
28	392
28	400
28	406
28	414
28	420
28	428
28	434
28	442
28	448
28	456
28	462
28	470
28	476
28	484
28	492
28	500
28	508
28	518
28	528
28	538
29	2
29	6
29	12
29	18
29	22
29	26
29	32
29	36
29	40
29	44
29	48
29	52
29	54
29	58
29	62
29	64
29	68
29	72
29	74
29	78
29	80
29	84
29	86
29	90
29	92
29	96
29	98
29	102
29	104
29	106
29	110
29	112
29	114
29	116
29	120
29	122
29	124
29	126
29	128
29	130
29	132
29	134
29	136
29	138
29	140
29	142
29	144
29	146
29	148
29	150
29	152
29	154
29	156
29	158
29	160
29	162
29	164
29	166
29	168
29	170
29	172
29	174
29	176
29	178
29	180
29	182
29	184
29	186
29	188
29	190
29	192
29	194
29	196
29	198
29	200
29	204
29	206
29	208
29	210
29	214
29	216
29	218
29	222
29	224
29	228
29	230
29	234
29	238
29	242
29	246
29	250
29	254
29	260
29	266
29	270
29	276
29	282
29	288
29	296
29	302
29	308
29	314
29	320
29	326
29	332
29	338
29	344
29	350
29	356
29	362
29	368
29	374
29	380
29	386
29	392
29	396
29	402
29	408
29	412
29	418
29	422
29	428
29	432
29	438
29	442
29	448
29	452
29	458
29	462
29	468
29	472
29	478
29	482
29	488
29	494
29	500
29	506
29	512
29	520
29	526
29	534
29	542
29	552
29	562
29	572
29	584
29	596
30	2
30	10
30	18
30	24
30	30
30	34
30	40
30	44
30	48
30	52
30	56
30	60
30	64
30	68
30	72
30	76
30	80
30	84
30	88
30	92
30	94
30	98
30	102
30	104
30	108
30	112
30	114
30	118
30	120
30	124
30	126
30	130
30	132
30	134
30	138
30	140
30	142
30	144
30	148
30	150
30	152
30	154
30	156
30	158
30	160
30	162
30	164
30	166
30	168
30	170
30	172
30	174
30	176
30	178
30	180
30	182
30	184
30	186
30	188
30	190
30	192
30	196
30	200
30	202
30	204
30	206
30	208
30	210
30	214
30	216
30	218
30	220
30	224
30	226
30	228
30	232
30	234
30	238
30	240
30	244
30	248
30	252
30	256
30	260
30	264
30	268
30	274
30	278
30	284
30	288
30	294
30	300
30	306
30	312
30	316
30	322
30	328
30	334
30	338
30	344
30	348
30	354
30	358
30	364
30	368
30	374
30	378
30	382
30	386
30	392
30	396
30	400
30	404
30	408
30	412
30	416
30	420
30	424
30	428
30	434
30	438
30	442
30	446
30	452
30	456
30	460
30	464
30	470
30	474
30	480
30	484
30	490
30	496
30	502
30	510
30	516
30	524
30	532
30	540
30	548
30	558
30	566
30	576
30	586
30	598
30	608
30	622
31	10
31	20
31	30
31	36
31	44
31	50
31	56
31	62
31	66
31	72
31	76
31	82
31	86
31	92
31	96
31	100
31	104
31	108
31	112
31	116
31	120
31	124
31	128
31	130
31	134
31	138
31	140
31	144
31	146
31	150
31	152
31	156
31	158
31	162
31	164
31	168
31	170
31	172
31	176
31	178
31	182
31	184
31	186
31	190
31	192
31	194
31	198
31	200
31	202
31	204
31	208
31	210
31	212
31	214
31	218
31	220
31	222
31	224
31	228
31	230
31	232
31	236
31	238
31	240
31	244
31	246
31	250
31	252
31	256
31	260
31	264
31	268
31	270
31	276
31	280
31	284
31	288
31	294
31	298
31	304
31	308
31	314
31	318
31	324
31	330
31	334
31	340
31	346
31	352
31	356
31	362
31	368
31	374
31	378
31	384
31	390
31	396
31	400
31	406
31	412
31	418
31	422
31	428
31	434
31	440
31	446
31	452
31	458
31	464
31	470
31	478
31	484
31	492
31	500
31	508
31	516
31	526
31	538
31	548
31	558
31	568
31	576
31	586
31	594
31	604
31	612
31	622
31	632
31	644
31	654
32	32
32	44
32	54
32	64
32	72
32	82
32	90
32	100
32	108
32	114
32	122
32	128
32	134
32	140
32	144
32	150
32	154
32	158
32	162
32	166
32	170
32	172
32	176
32	178
32	182
32	184
32	186
32	190
32	192
32	194
32	196
32	198
32	202
32	204
32	208
32	210
32	212
32	216
32	218
32	222
32	224
32	226
32	228
32	230
32	232
32	234
32	236
32	238
32	240
32	244
32	246
32	248
32	252
32	254
32	256
32	258
32	260
32	262
32	264
32	268
32	270
32	272
32	276
32	278
32	280
32	284
32	286
32	290
32	294
32	296
32	300
32	304
32	308
32	312
32	316
32	320
32	324
32	328
32	332
32	336
32	342
32	346
32	352
32	356
32	362
32	368
32	372
32	378
32	384
32	390
32	396
32	402
32	408
32	414
32	420
32	426
32	432
32	438
32	444
32	450
32	456
32	464
32	470
32	478
32	484
32	492
32	500
32	510
32	520
32	530
32	542
32	552
32	560
32	568
32	576
32	584
32	592
32	600
32	606
32	614
32	620
32	628
32	636
32	644
32	652
32	660
32	668
32	678
32	688
32	698
33	42
33	54
33	66
33	76
33	88
33	98
33	106
33	114
33	122
33	130
33	136
33	144
33	150
33	156
33	162
33	168
33	172
33	178
33	182
33	186
33	192
33	194
33	198
33	202
33	204
33	208
33	212
33	214
33	218
33	220
33	222
33	226
33	228
33	230
33	232
33	236
33	238
33	240
33	242
33	246
33	248
33	250
33	254
33	256
33	258
33	262
33	264
33	268
33	270
33	274
33	278
33	282
33	286
33	288
33	294
33	296
33	302
33	306
33	310
33	314
33	318
33	324
33	328
33	334
33	338
33	344
33	348
33	354
33	358
33	364
33	370
33	374
33	380
33	386
33	392
33	398
33	404
33	410
33	416
33	422
33	428
33	436
33	442
33	450
33	456
33	464
33	470
33	478
33	486
33	494
33	504
33	514
33	524
33	536
33	546
33	554
33	562
33	570
33	576
33	584
33	590
33	596
33	602
33	606
33	612
33	618
33	622
33	628
33	634
33	638
33	644
33	650
33	656
33	662
33	668
33	676
33	682
33	690
33	698
33	708
33	718
33	728
34	88
34	98
34	108
34	118
34	126
34	134
34	142
34	148
34	154
34	162
34	168
34	174
34	180
34	186
34	192
34	196
34	202
34	206
34	212
34	216
34	220
34	224
34	228
34	232
34	236
34	240
34	244
34	248
34	250
34	254
34	258
34	262
34	266
34	270
34	274
34	278
34	282
34	286
34	290
34	296
34	300
34	304
34	310
34	314
34	320
34	324
34	330
34	334
34	340
34	344
34	348
34	352
34	358
34	362
34	366
34	370
34	374
34	380
34	384
34	388
34	392
34	396
34	402
34	406
34	410
34	414
34	420
34	424
34	430
34	434
34	440
34	444
34	450
34	454
34	460
34	464
34	470
34	474
34	480
34	486
34	490
34	496
34	502
34	508
34	516
34	522
34	530
34	538
34	544
34	552
34	558
34	564
34	570
34	576
34	580
34	584
34	590
34	594
34	598
34	602
34	606
34	610
34	614
34	618
34	620
34	624
34	628
34	632
34	636
34	640
34	644
34	648
34	652
34	656
34	660
34	666
34	670
34	674
34	680
34	684
34	690
34	696
34	702
34	708
34	714
34	722
34	730
34	738
34	748
35	68
35	80
35	90
35	100
35	110
35	118
35	126
35	134
35	142
35	150
35	158
35	166
35	172
35	180
35	186
35	194
35	200
35	206
35	212
35	216
35	222
35	226
35	230
35	234
35	238
35	242
35	246
35	250
35	252
35	256
35	260
35	264
35	266
35	270
35	274
35	278
35	280
35	284
35	288
35	292
35	296
35	300
35	304
35	308
35	312
35	316
35	320
35	324
35	328
35	332
35	336
35	340
35	344
35	348
35	352
35	354
35	358
35	362
35	366
35	368
35	372
35	376
35	378
35	382
35	386
35	390
35	392
35	396
35	400
35	404
35	406
35	410
35	414
35	418
35	422
35	426
35	430
35	434
35	438
35	442
35	446
35	450
35	452
35	456
35	460
35	464
35	466
35	470
35	474
35	478
35	480
35	484
35	488
35	492
35	494
35	498
35	502
35	506
35	510
35	514
35	518
35	524
35	528
35	534
35	538
35	544
35	550
35	556
35	560
35	566
35	570
35	576
35	580
35	584
35	590
35	594
35	598
35	602
35	606
35	610
35	614
35	618
35	622
35	626
35	630
35	636
35	640
35	644
35	648
35	654
35	658
35	664
35	668
35	674
35	678
35	684
35	688
35	694
35	698
35	704
35	710
35	716
35	722
35	728
35	734
35	742
35	750
35	760
35	770
36	62
36	74
36	84
36	94
36	102
36	112
36	120
36	128
36	136
36	144
36	150
36	158
36	164
36	172
36	178
36	186
36	192
36	200
36	206
36	212
36	218
36	224
36	230
36	236
36	240
36	246
36	252
36	256
36	262
36	266
36	272
36	276
36	282
36	286
36	292
36	296
36	302
36	306
36	312
36	316
36	322
36	326
36	332
36	336
36	342
36	346
36	352
36	356
36	362
36	366
36	372
36	376
36	382
36	386
36	390
36	394
36	400
36	404
36	408
36	412
36	416
36	420
36	422
36	426
36	430
36	432
36	436
36	440
36	442
36	446
36	448
36	452
36	454
36	456
36	460
36	462
36	464
36	468
36	470
36	472
36	474
36	478
36	480
36	482
36	484
36	488
36	490
36	492
36	496
36	498
36	500
36	504
36	506
36	508
36	512
36	516
36	518
36	522
36	526
36	528
36	532
36	536
36	540
36	546
36	550
36	554
36	560
36	564
36	570
36	576
36	580
36	586
36	592
36	598
36	604
36	610
36	618
36	624
36	632
36	638
36	646
36	654
36	662
36	670
36	678
36	686
36	692
36	700
36	706
36	712
36	720
36	726
36	734
36	740
36	748
36	756
36	764
37	90
37	100
37	110
37	120
37	128
37	138
37	146
37	154
37	162
37	170
37	178
37	186
37	192
37	200
37	206
37	212
37	218
37	224
37	230
37	234
37	240
37	246
37	250
37	256
37	260
37	266
37	270
37	274
37	280
37	284
37	288
37	292
37	298
37	302
37	306
37	310
37	314
37	318
37	322
37	326
37	330
37	334
37	338
37	342
37	346
37	350
37	354
37	358
37	362
37	366
37	370
37	374
37	378
37	382
37	386
37	390
37	392
37	396
37	400
37	402
37	406
37	408
37	412
37	414
37	418
37	420
37	422
37	426
37	428
37	430
37	434
37	436
37	438
37	440
37	444
37	446
37	448
37	450
37	452
37	456
37	458
37	460
37	462
37	464
37	466
37	470
37	472
37	474
37	476
37	478
37	480
37	484
37	486
37	488
37	490
37	494
37	496
37	498
37	502
37	504
37	508
37	510
37	514
37	516
37	520
37	524
37	526
37	530
37	534
37	538
37	544
37	548
37	554
37	558
37	564
37	570
37	576
37	582
37	588
37	594
37	600
37	606
37	612
37	618
37	626
37	632
37	640
37	648
37	656
37	664
37	674
37	682
37	692
37	700
37	710
37	718
37	728
37	736
37	746
37	756
37	766
38	102
38	114
38	124
38	132
38	142
38	150
38	158
38	166
38	174
38	182
38	190
38	198
38	206
38	214
38	222
38	230
38	238
38	244
38	252
38	258
38	266
38	272
38	278
38	284
38	290
38	296
38	302
38	308
38	314
38	320
38	326
38	332
38	336
38	342
38	346
38	352
38	356
38	362
38	366
38	372
38	376
38	382
38	386
38	390
38	396
38	400
38	404
38	408
38	412
38	418
38	422
38	426
38	430
38	434
38	438
38	442
38	446
38	450
38	456
38	460
38	464
38	468
38	472
38	476
38	480
38	484
38	488
38	494
38	498
38	504
38	508
38	514
38	518
38	524
38	530
38	538
38	544
38	552
38	560
38	568
38	576
38	584
38	592
38	600
38	608
38	616
38	624
38	632
38	640
38	648
38	658
38	666
38	676
38	686
38	696
38	706
38	716
38	728
38	738
38	752
39	108
39	120
39	130
39	138
39	146
39	154
39	162
39	168
39	176
39	182
39	190
39	196
39	204
39	210
39	218
39	224
39	232
39	240
39	248
39	256
39	264
39	272
39	282
39	294
39	420
39	432
39	442
39	450
39	460
39	468
39	476
39	484
39	492
39	500
39	508
39	516
39	526
39	536
39	546
39	558
39	568
39	578
39	588
39	598
39	608
39	616
39	626
39	634
39	644
39	652
39	662
39	670
39	678
39	686
39	696
39	704
39	714
39	722
39	732
39	740
39	750
39	760
39	770
40	102
40	112
40	122
40	132
40	142
40	152
40	160
40	170
40	178
40	186
40	194
40	202
40	210
40	218
40	226
40	234
40	240
40	248
40	254
40	262
40	270
40	280
40	290
40	302
40	430
40	442
40	454
40	464
40	474
40	484
40	494
40	506
40	516
40	566
40	578
40	588
40	598
40	606
40	614
40	622
40	630
40	638
40	646
40	654
40	662
40	668
40	676
40	682
40	688
40	696
40	702
40	710
40	716
40	724
40	730
40	738
40	744
40	752
40	760
40	768
41	78
41	92
41	104
41	114
41	124
41	134
41	144
41	152
41	162
41	170
41	180
41	188
41	196
41	204
41	212
41	220
41	230
41	238
41	248
41	258
41	268
41	572
41	584
41	594
41	602
41	610
41	618
41	624
41	632
41	638
41	646
41	652
41	660
41	666
41	672
41	678
41	684
41	690
41	696
41	702
41	708
41	714
41	720
41	728
41	736
41	744
41	752
41	762
42	90
42	102
42	114
42	124
42	136
42	146
42	156
42	166
42	176
42	184
42	194
42	202
42	210
42	218
42	226
42	234
42	242
42	250
42	260
42	270
42	606
42	618
42	628
42	638
42	646
42	656
42	664
42	674
42	682
42	692
42	704
42	716
43	140
43	152
43	162
43	174
43	184
43	196
43	206
43	216
43	226
43	236
43	248
44	110
44	122
44	132
44	142
44	152
44	160
44	168
44	176
44	184
44	192
44	200
44	208
44	216
44	224
44	232
44	240
44	248
44	258
44	268
44	280
45	70
45	80
45	90
45	100
45	108
45	118
45	126
45	136
45	144
45	152
45	160
45	168
45	176
45	182
45	190
45	196
45	202
45	208
45	214
45	220
45	226
45	230
45	236
45	242
45	248
45	254
45	260
45	266
45	272
45	280
45	288
45	296
45	306
46	90
46	102
46	112
46	120
46	130
46	138
46	148
46	156
46	166
46	174
46	184
46	192
46	200
46	208
46	214
46	222
46	228
46	236
46	242
46	250
46	256
46	264
46	270
46	278
46	286
46	296
46	306
46	318
47	112
47	122
47	132
47	142
47	150
47	160
47	168
47	176
47	184
47	192
47	200
47	208
47	216
47	224
47	232
47	240
47	248
47	256
47	266
47	278
47	290
47	322
47	336
47	350
47	362
47	374
47	384
47	396
47	406
47	418
47	428
47	440
47	450
47	462
47	474
47	486
48	126
48	138
48	148
48	156
48	164
48	172
48	180
48	188
48	194
48	202
48	208
48	214
48	220
48	226
48	232
48	238
48	244
48	252
48	258
48	266
48	274
48	282
48	290
48	298
48	306
48	314
48	322
48	328
48	336
48	342
48	350
48	356
48	362
48	368
48	374
48	380
48	386
48	392
48	398
48	404
48	410
48	416
48	422
48	428
48	434
48	440
48	446
48	452
48	458
48	466
48	472
48	480
48	486
48	494
48	502
48	510
48	518
48	528
48	538
49	90
49	102
49	112
49	122
49	132
49	142
49	152
49	162
49	172
49	180
49	190
49	198
49	206
49	214
49	220
49	228
49	234
49	242
49	248
49	256
49	264
49	272
49	280
49	288
49	294
49	302
49	308
49	314
49	320
49	326
49	332
49	336
49	342
49	346
49	352
49	356
49	360
49	364
49	370
49	374
49	378
49	382
49	386
49	390
49	394
49	398
49	402
49	406
49	410
49	414
49	418
49	422
49	426
49	430
49	434
49	438
49	444
49	448
49	454
49	458
49	464
49	470
49	476
49	480
49	486
49	492
49	498
49	504
49	510
49	516
49	522
49	530
49	538
49	546
49	556
50	90
50	102
50	112
50	120
50	130
50	138
50	146
50	154
50	162
50	170
50	178
50	186
50	196
50	204
50	214
50	222
50	232
50	240
50	250
50	260
50	270
50	280
50	292
50	302
50	312
50	322
50	330
50	338
50	346
50	354
50	360
50	368
50	374
50	380
50	386
50	394
50	400
50	408
50	416
50	424
50	432
50	442
50	452
50	462
50	470
50	478
50	486
50	492
50	500
50	506
50	514
50	520
50	528
50	536
50	544
50	554
50	566
51	56
51	68
51	80
51	92
51	102
51	112
51	122
51	130
51	138
51	146
51	154
51	160
51	168
51	174
51	180
51	186
51	192
51	198
51	204
51	210
51	216
51	222
51	228
51	236
51	242
51	250
51	256
51	264
51	274
51	284
51	296
51	468
51	478
51	490
51	500
51	512
51	524
52	38
52	48
52	58
52	66
52	74
52	82
52	90
52	98
52	106
52	116
52	124
52	134
52	142
52	152
52	160
52	168
52	176
52	182
52	190
52	196
52	204
52	210
52	216
52	222
52	228
52	234
52	240
52	246
52	252
52	258
52	264
52	270
52	278
52	284
52	292
52	302
52	312
52	572
52	582
52	594
52	606
53	46
53	56
53	66
53	74
53	82
53	90
53	98
53	106
53	114
53	122
53	132
53	140
53	150
53	160
53	170
53	180
53	190
53	200
53	210
53	218
53	228
53	236
53	244
53	252
53	260
53	268
53	278
53	288
53	298
53	572
53	582
53	594
53	606
53	652
53	664
53	676
53	688
54	68
54	78
54	90
54	100
54	110
54	120
54	130
54	140
54	150
54	160
54	168
54	178
54	186
54	194
54	200
54	208
54	214
54	222
54	228
54	236
54	242
54	250
54	260
54	270
54	638
54	648
54	658
54	668
54	678
54	688
54	700
55	42
55	54
55	64
55	74
55	82
55	92
55	100
55	108
55	116
55	124
55	132
55	140
55	148
55	156
55	164
55	172
55	178
55	184
55	190
55	196
55	200
55	206
55	210
55	214
55	220
55	224
55	228
55	232
55	238
55	242
55	246
55	252
55	256
55	262
55	268
55	276
55	284
55	292
55	580
55	592
55	602
55	614
55	624
55	636
55	648
55	660
56	28
56	38
56	46
56	52
56	60
56	66
56	72
56	78
56	82
56	88
56	94
56	98
56	104
56	108
56	114
56	118
56	124
56	128
56	134
56	140
56	146
56	152
56	158
56	164
56	170
56	176
56	182
56	186
56	192
56	196
56	202
56	206
56	210
56	214
56	218
56	222
56	226
56	230
56	232
56	236
56	240
56	244
56	246
56	250
56	254
56	258
56	262
56	268
56	272
56	278
56	284
56	290
56	298
56	308
56	570
56	580
56	590
56	600
56	610
56	620
56	630
56	642
57	20
57	30
57	38
57	44
57	50
57	56
57	60
57	64
57	70
57	74
57	78
57	82
57	84
57	88
57	92
57	96
57	98
57	102
57	106
57	108
57	112
57	114
57	118
57	122
57	124
57	128
57	132
57	134
57	138
57	142
57	144
57	148
57	152
57	156
57	160
57	164
57	168
57	172
57	176
57	180
57	186
57	190
57	196
57	200
57	206
57	210
57	216
57	222
57	228
57	232
57	238
57	244
57	250
57	256
57	264
57	270
57	278
57	288
57	582
57	594
57	604
57	612
57	622
57	630
57	640
57	650
57	662
58	28
58	38
58	46
58	54
58	60
58	66
58	72
58	74
58	80
58	82
58	86
58	90
58	92
58	96
58	100
58	102
58	104
58	108
58	110
58	112
58	114
58	118
58	120
58	122
58	124
58	126
58	130
58	132
58	134
58	136
58	138
58	140
58	144
58	146
58	148
58	150
58	152
58	154
58	158
58	160
58	162
58	164
58	168
58	170
58	172
58	176
58	178
58	180
58	184
58	186
58	190
58	192
58	196
58	198
58	202
58	206
58	208
58	212
58	216
58	220
58	224
58	228
58	232
58	236
58	240
58	246
58	250
58	256
58	262
58	268
58	274
58	282
58	292
58	302
58	578
58	588
58	598
58	606
58	614
58	622
58	628
58	636
58	644
58	654
58	664
58	674
59	22
59	32
59	42
59	52
59	60
59	70
59	78
59	84
59	90
59	96
59	102
59	104
59	110
59	112
59	116
59	120
59	122
59	124
59	128
59	130
59	132
59	134
59	138
59	140
59	142
59	144
59	146
59	148
59	150
59	152
59	154
59	156
59	158
59	160
59	162
59	166
59	168
59	170
59	172
59	174
59	176
59	178
59	180
59	182
59	184
59	186
59	188
59	190
59	194
59	196
59	200
59	204
59	206
59	210
59	212
59	214
59	216
59	218
59	220
59	222
59	224
59	226
59	228
59	232
59	234
59	236
59	238
59	240
59	244
59	246
59	248
59	250
59	254
59	256
59	260
59	264
59	266
59	270
59	274
59	278
59	282
59	286
59	292
59	296
59	302
59	308
59	316
59	324
59	332
59	340
59	350
59	362
59	374
59	462
59	474
59	486
59	582
59	592
59	602
59	612
59	622
59	632
59	642
59	656
60	10
60	20
60	28
60	34
60	40
60	46
60	52
60	58
60	64
60	70
60	76
60	82
60	88
60	96
60	102
60	108
60	112
60	118
60	122
60	126
60	130
60	132
60	136
60	140
60	142
60	144
60	146
60	150
60	152
60	156
60	158
60	160
60	162
60	164
60	166
60	168
60	170
60	172
60	174
60	176
60	178
60	180
60	182
60	184
60	186
60	188
60	190
60	192
60	194
60	196
60	198
60	200
60	202
60	204
60	206
60	208
60	210
60	212
60	214
60	216
60	218
60	220
60	222
60	224
60	226
60	228
60	230
60	232
60	234
60	236
60	238
60	240
60	242
60	244
60	246
60	248
60	250
60	252
60	254
60	256
60	258
60	260
60	264
60	266
60	268
60	270
60	274
60	276
60	278
60	280
60	282
60	286
60	288
60	290
60	294
60	296
60	300
60	304
60	308
60	312
60	316
60	320
60	324
60	330
60	334
60	340
60	346
60	352
60	360
60	366
60	374
60	382
60	390
60	398
60	408
60	416
60	426
60	434
60	444
60	454
60	464
60	474
60	484
61	8
61	16
61	22
61	28
61	32
61	38
61	42
61	44
61	48
61	52
61	56
61	58
61	62
61	66
61	68
61	72
61	76
61	80
61	82
61	86
61	90
61	94
61	98
61	102
61	106
61	110
61	116
61	120
61	124
61	130
61	134
61	140
61	144
61	150
61	154
61	158
61	162
61	164
61	168
61	172
61	174
61	178
61	180
61	182
61	186
61	188
61	190
61	194
61	196
61	198
61	200
61	202
61	204
61	208
61	210
61	212
61	214
61	216
61	218
61	220
61	222
61	224
61	226
61	228
61	230
61	232
61	236
61	238
61	240
61	242
61	244
61	246
61	248
61	250
61	252
61	254
61	256
61	258
61	260
61	262
61	264
61	266
61	268
61	270
61	272
61	274
61	276
61	278
61	280
61	282
61	284
61	288
61	290
61	292
61	296
61	298
61	300
61	304
61	306
61	310
61	314
61	318
61	322
61	326
61	330
61	334
61	340
61	344
61	350
61	356
61	362
61	368
61	374
61	382
61	388
61	396
61	404
61	412
61	422
61	430
61	440
61	450
61	460
61	470
61	482
61	496
62	10
62	18
62	22
62	28
62	32
62	34
62	38
62	42
62	44
62	46
62	50
62	52
62	54
62	56
62	58
62	60
62	62
62	66
62	68
62	70
62	72
62	74
62	76
62	78
62	80
62	82
62	84
62	86
62	90
62	94
62	96
62	98
62	100
62	102
62	106
62	108
62	110
62	114
62	116
62	118
62	122
62	124
62	128
62	130
62	134
62	138
62	142
62	146
62	150
62	154
62	160
62	166
62	172
62	178
62	186
62	194
62	202
62	210
62	220
62	228
62	236
62	244
62	250
62	256
62	262
62	268
62	274
62	278
62	284
62	290
62	296
62	304
62	310
62	318
62	328
62	338
62	348
62	360
62	482
62	494
62	504
63	12
63	20
63	26
63	32
63	34
63	38
63	42
63	44
63	48
63	50
63	52
63	54
63	58
63	60
63	62
63	64
63	66
63	68
63	70
63	72
63	74
63	76
63	78
63	80
63	82
63	84
63	86
63	88
63	90
63	92
63	94
63	96
63	98
63	100
63	102
63	104
63	106
63	108
63	110
63	112
63	114
63	116
63	118
63	120
63	124
63	126
63	128
63	130
63	132
63	134
63	138
63	140
63	142
63	146
63	148
63	152
63	154
63	158
63	162
63	166
63	168
63	174
63	178
63	182
63	188
63	194
63	200
63	206
63	214
63	222
63	230
63	238
63	248
63	260
63	272
63	448
63	458
63	468
63	478
63	488
63	496
63	506
63	516
64	24
64	34
64	42
64	50
64	58
64	64
64	70
64	74
64	80
64	84
64	90
64	94
64	98
64	102
64	106
64	110
64	114
64	118
64	122
64	126
64	130
64	134
64	138
64	142
64	146
64	150
64	154
64	158
64	164
64	168
64	172
64	178
64	182
64	188
64	192
64	198
64	204
64	210
64	216
64	224
64	230
64	238
64	244
64	252
64	262
64	270
64	280
64	290
64	300
64	310
64	320
64	330
64	340
64	350
64	360
64	370
64	380
64	390
64	398
64	408
64	416
64	426
64	434
64	444
64	452
64	462
64	470
64	480
64	488
64	498
64	508
64	520
65	148
65	160
65	172
65	182
65	192
65	202
65	212
65	222
65	232
65	242
65	252
65	262
65	274
65	284
65	296
65	306
65	318
65	328
65	340
65	350
65	360
65	370
65	380
65	390
65	400
65	410
65	420
65	430
65	442
65	452
65	464
65	474
65	486
66	58
66	70
66	82
66	92
66	104
66	114
66	126
66	138
66	486
66	498
66	510
66	522
67	28
67	38
67	46
67	54
67	60
67	66
67	72
67	78
67	84
67	90
67	96
67	102
67	106
67	112
67	118
67	122
67	128
67	134
67	140
67	146
67	152
67	158
67	166
67	172
67	180
67	188
67	196
67	204
67	212
67	222
67	232
67	242
67	252
67	264
67	276
67	288
67	300
67	312
67	324
67	334
67	346
67	356
67	368
67	378
67	390
67	400
67	412
67	422
67	432
67	442
67	452
67	462
67	470
67	480
67	488
67	494
67	502
67	508
67	516
67	522
67	530
67	536
67	544
67	554
67	564
68	22
68	32
68	40
68	46
68	52
68	56
68	62
68	66
68	70
68	74
68	78
68	82
68	86
68	90
68	94
68	98
68	100
68	104
68	108
68	110
68	114
68	116
68	120
68	122
68	126
68	130
68	132
68	136
68	138
68	142
68	146
68	148
68	152
68	156
68	158
68	162
68	166
68	170
68	172
68	176
68	180
68	184
68	188
68	192
68	196
68	200
68	204
68	208
68	214
68	218
68	222
68	226
68	232
68	236
68	242
68	246
68	252
68	258
68	264
68	270
68	276
68	282
68	288
68	294
68	300
68	306
68	312
68	318
68	324
68	330
68	336
68	342
68	348
68	354
68	360
68	366
68	372
68	378
68	384
68	390
68	396
68	402
68	408
68	414
68	420
68	426
68	432
68	436
68	442
68	448
68	454
68	458
68	464
68	468
68	474
68	478
68	482
68	488
68	492
68	496
68	500
68	504
68	508
68	514
68	518
68	522
68	526
68	532
68	536
68	542
68	548
68	554
68	560
68	568
68	576
68	586
69	30
69	42
69	50
69	58
69	66
69	74
69	80
69	86
69	90
69	96
69	100
69	104
69	110
69	112
69	116
69	120
69	124
69	128
69	130
69	134
69	136
69	140
69	142
69	146
69	148
69	152
69	154
69	156
69	160
69	162
69	164
69	168
69	170
69	172
69	176
69	178
69	180
69	184
69	186
69	188
69	192
69	194
69	196
69	200
69	202
69	204
69	208
69	210
69	212
69	216
69	218
69	220
69	224
69	226
69	228
69	232
69	234
69	236
69	240
69	242
69	246
69	248
69	250
69	254
69	256
69	260
69	262
69	266
69	268
69	272
69	276
69	278
69	282
69	286
69	288
69	292
69	296
69	298
69	302
69	306
69	308
69	312
69	316
69	318
69	322
69	326
69	328
69	332
69	336
69	338
69	342
69	346
69	348
69	352
69	354
69	358
69	360
69	364
69	368
69	370
69	374
69	376
69	380
69	382
69	386
69	390
69	392
69	396
69	398
69	402
69	404
69	408
69	410
69	414
69	416
69	420
69	422
69	426
69	428
69	432
69	434
69	438
69	440
69	444
69	446
69	450
69	452
69	456
69	458
69	462
69	464
69	468
69	470
69	474
69	476
69	480
69	482
69	486
69	488
69	492
69	496
69	500
69	502
69	506
69	510
69	514
69	518
69	524
69	528
69	534
69	540
69	548
69	556
69	564
69	576
70	106
70	118
70	126
70	134
70	140
70	146
70	152
70	156
70	160
70	164
70	168
70	172
70	176
70	180
70	184
70	188
70	190
70	194
70	198
70	200
70	204
70	206
70	210
70	212
70	216
70	218
70	222
70	224
70	226
70	230
70	232
70	234
70	238
70	240
70	242
70	246
70	248
70	250
70	254
70	256
70	258
70	262
70	264
70	266
70	270
70	272
70	274
70	278
70	280
70	282
70	286
70	288
70	290
70	294
70	296
70	298
70	302
70	304
70	306
70	310
70	312
70	314
70	318
70	320
70	322
70	326
70	328
70	330
70	332
70	336
70	338
70	340
70	342
70	346
70	348
70	350
70	352
70	356
70	358
70	360
70	362
70	366
70	368
70	370
70	372
70	376
70	378
70	380
70	382
70	386
70	388
70	390
70	392
70	396
70	398
70	400
70	402
70	406
70	408
70	410
70	412
70	416
70	418
70	420
70	422
70	426
70	428
70	430
70	434
70	436
70	438
70	442
70	444
70	446
70	450
70	452
70	456
70	458
70	460
70	464
70	466
70	470
70	474
70	478
70	480
70	484
70	488
70	492
70	498
70	502
70	508
70	512
70	518
70	526
70	532
70	540
70	550
70	560
71	36
71	48
71	58
71	70
71	80
71	92
71	198
71	210
71	220
71	230
71	240
71	250
71	258
71	266
71	272
71	280
71	286
71	294
71	300
71	308
71	314
71	322
71	328
71	334
71	340
71	346
71	352
71	358
71	364
71	370
71	376
71	382
71	388
71	394
71	400
71	408
71	414
71	420
71	428
71	434
71	442
71	450
71	458
71	466
71	476
71	486
71	496
71	506
71	516
71	526
71	536
71	546
71	556
71	568
72	20
72	30
72	38
72	44
72	52
72	58
72	64
72	70
72	76
72	82
72	88
72	94
72	102
72	108
72	116
72	122
72	130
72	138
72	148
72	158
72	168
72	472
72	484
72	492
72	500
72	508
72	516
72	522
72	530
72	536
72	542
72	548
72	554
72	560
72	566
72	574
72	580
72	588
72	596
72	604
72	612
72	622
73	18
73	28
73	34
73	40
73	44
73	50
73	54
73	58
73	62
73	66
73	70
73	72
73	76
73	80
73	84
73	86
73	90
73	94
73	98
73	100
73	104
73	108
73	112
73	114
73	118
73	122
73	126
73	130
73	134
73	138
73	142
73	146
73	150
73	154
73	158
73	164
73	168
73	174
73	178
73	184
73	190
73	196
73	202
73	210
73	216
73	224
73	230
73	238
73	246
73	254
73	264
73	272
73	282
73	290
73	300
73	308
73	318
73	326
73	336
73	346
73	356
73	364
73	374
73	382
73	392
73	400
73	410
73	418
73	428
73	436
73	444
73	452
73	460
73	468
73	474
73	480
73	486
73	492
73	496
73	502
73	506
73	510
73	514
73	518
73	522
73	524
73	528
73	532
73	536
73	538
73	542
73	546
73	550
73	552
73	556
73	560
73	564
73	566
73	570
73	574
73	578
73	580
73	584
73	588
73	592
73	596
73	600
73	606
73	610
73	616
73	620
73	626
73	634
73	642
73	650
74	22
74	30
74	36
74	42
74	46
74	52
74	54
74	60
74	62
74	66
74	70
74	72
74	76
74	78
74	82
74	84
74	88
74	90
74	92
74	96
74	98
74	100
74	104
74	106
74	108
74	112
74	114
74	116
74	120
74	122
74	124
74	128
74	130
74	132
74	136
74	138
74	140
74	144
74	146
74	148
74	152
74	154
74	158
74	160
74	164
74	166
74	170
74	172
74	176
74	178
74	182
74	186
74	188
74	192
74	196
74	198
74	202
74	206
74	210
74	214
74	216
74	220
74	224
74	228
74	232
74	236
74	240
74	244
74	248
74	252
74	256
74	262
74	266
74	270
74	274
74	280
74	284
74	288
74	292
74	298
74	302
74	308
74	312
74	318
74	322
74	328
74	332
74	338
74	342
74	348
74	352
74	358
74	362
74	368
74	372
74	378
74	382
74	388
74	392
74	398
74	402
74	406
74	412
74	416
74	420
74	424
74	430
74	434
74	438
74	442
74	448
74	452
74	456
74	460
74	464
74	468
74	472
74	476
74	480
74	482
74	486
74	490
74	494
74	496
74	500
74	502
74	506
74	508
74	512
74	514
74	518
74	520
74	524
74	526
74	530
74	532
74	534
74	538
74	540
74	542
74	546
74	548
74	550
74	554
74	556
74	558
74	562
74	564
74	568
74	570
74	574
74	576
74	578
74	582
74	584
74	588
74	590
74	594
74	598
74	602
74	606
74	608
74	614
74	618
74	622
74	628
74	634
74	640
74	648
74	656
75	38
75	48
75	56
75	62
75	70
75	76
75	82
75	86
75	92
75	96
75	102
75	106
75	110
75	114
75	118
75	122
75	126
75	130
75	134
75	138
75	142
75	146
75	150
75	154
75	156
75	160
75	164
75	168
75	172
75	176
75	178
75	182
75	186
75	190
75	194
75	198
75	200
75	204
75	208
75	212
75	216
75	220
75	224
75	228
75	232
75	236
75	240
75	244
75	248
75	252
75	256
75	260
75	264
75	268
75	272
75	276
75	280
75	284
75	288
75	292
75	296
75	300
75	304
75	308
75	312
75	316
75	320
75	324
75	328
75	332
75	336
75	340
75	344
75	348
75	352
75	356
75	360
75	364
75	368
75	372
75	376
75	380
75	384
75	388
75	392
75	396
75	400
75	404
75	408
75	412
75	416
75	420
75	424
75	428
75	432
75	436
75	440
75	444
75	448
75	452
75	456
75	460
75	464
75	468
75	472
75	476
75	480
75	484
75	488
75	492
75	496
75	500
75	504
75	508
75	512
75	516
75	522
75	526
75	530
75	536
75	540
75	546
75	550
75	556
75	562
75	568
75	574
75	582
75	588
75	596
75	604
75	614
75	626
76	206
76	218
76	230
76	242
76	252
76	264
76	274
76	286
76	296
76	308
76	318
76	328
76	338
76	348
76	358
76	368
76	378
76	388
76	398
76	408
76	418
76	428
76	438
76	448
76	458
-1	-1
