-1	-1
12	219
12	231
12	243
12	255
13	193
13	204
13	214
13	223
13	232
13	241
13	250
13	259
13	268
13	277
13	287
13	297
13	309
14	181
14	191
14	200
14	208
14	215
14	222
14	229
14	236
14	243
14	250
14	257
14	264
14	271
14	278
14	285
14	292
14	300
14	308
14	317
14	328
15	173
15	183
15	191
15	198
15	204
15	210
15	215
15	220
15	225
15	230
15	234
15	239
15	243
15	248
15	252
15	257
15	261
15	266
15	270
15	275
15	280
15	285
15	290
15	295
15	300
15	306
15	312
15	318
15	325
15	333
15	342
15	355
16	168
16	178
16	185
16	191
16	196
16	201
16	205
16	209
16	213
16	216
16	220
16	223
16	227
16	230
16	233
16	236
16	239
16	242
16	245
16	248
16	251
16	254
16	257
16	260
16	263
16	266
16	269
16	272
16	275
16	278
16	281
16	284
16	287
16	290
16	293
16	296
16	299
16	303
16	306
16	310
16	314
16	318
16	323
16	328
16	334
16	340
16	347
16	355
16	364
16	376
17	172
17	181
17	188
17	193
17	198
17	202
17	206
17	210
17	213
17	216
17	220
17	222
17	225
17	228
17	231
17	233
17	236
17	239
17	241
17	243
17	246
17	248
17	251
17	253
17	255
17	258
17	260
17	262
17	265
17	267
17	269
17	271
17	274
17	276
17	278
17	280
17	283
17	284
17	287
17	289
17	291
17	294
17	296
17	298
17	301
17	304
17	306
17	309
17	312
17	315
17	318
17	321
17	325
17	328
17	332
17	336
17	340
17	345
17	350
17	356
17	363
17	371
17	380
17	391
17	403
17	414
17	424
17	434
17	444
17	454
17	465
18	178
18	187
18	194
18	201
18	206
18	211
18	215
18	220
18	223
18	227
18	231
18	234
18	238
18	241
18	244
18	247
18	250
18	253
18	256
18	259
18	261
18	264
18	267
18	269
18	272
18	274
18	277
18	279
18	282
18	284
18	286
18	289
18	291
18	293
18	296
18	298
18	300
18	304
18	305
18	308
18	311
18	314
18	317
18	320
18	324
18	327
18	331
18	335
18	339
18	344
18	349
18	355
18	361
18	368
18	376
18	386
18	397
18	408
18	418
18	427
18	436
18	444
18	453
18	462
18	472
18	483
19	181
19	191
19	199
19	207
19	214
19	220
19	226
19	232
19	237
19	242
19	247
19	252
19	256
19	261
19	264
19	269
19	272
19	276
19	280
19	283
19	287
19	290
19	293
19	297
19	300
19	304
19	307
19	311
19	315
19	319
19	324
19	328
19	334
19	339
19	345
19	352
19	360
19	369
19	418
19	429
19	440
19	451
19	463
20	183
20	194
20	203
20	212
20	220
20	228
20	236
20	243
20	250
20	257
20	263
20	269
20	275
20	281
20	286
20	291
20	296
20	301
20	306
20	312
20	318
20	325
20	332
20	340
20	349
21	179
21	189
21	198
21	207
21	215
21	223
21	231
21	239
21	247
21	255
21	262
21	269
21	276
21	283
21	289
21	295
21	302
21	309
21	316
21	324
21	333
21	343
21	355
22	172
22	182
22	190
22	198
22	205
22	212
22	219
22	226
22	233
22	240
22	247
22	255
22	263
22	271
22	278
22	285
22	292
22	300
22	308
22	316
22	325
22	335
22	346
23	167
23	176
23	183
23	190
23	195
23	201
23	206
23	211
23	216
23	221
23	226
23	231
23	237
23	242
23	248
23	254
23	260
23	267
23	274
23	281
23	288
23	296
23	304
23	313
23	322
23	332
23	342
23	353
24	163
24	172
24	180
24	185
24	191
24	195
24	200
24	204
24	208
24	212
24	216
24	220
24	224
24	228
24	232
24	236
24	240
24	244
24	248
24	252
24	256
24	261
24	265
24	270
24	275
24	280
24	285
24	291
24	297
24	303
24	310
24	317
24	324
24	331
24	339
24	347
24	355
24	363
24	372
24	381
24	391
24	401
24	414
25	168
25	177
25	184
25	190
25	194
25	199
25	203
25	207
25	211
25	214
25	218
25	221
25	224
25	227
25	230
25	233
25	236
25	239
25	242
25	245
25	248
25	251
25	254
25	257
25	260
25	263
25	266
25	269
25	273
25	276
25	279
25	283
25	286
25	290
25	294
25	298
25	302
25	306
25	311
25	315
25	320
25	325
25	329
25	334
25	339
25	344
25	349
25	354
25	359
25	365
25	370
25	376
25	382
25	388
25	395
25	402
25	410
25	419
25	429
26	179
26	189
26	196
26	202
26	207
26	212
26	216
26	221
26	223
26	228
26	231
26	234
26	238
26	241
26	243
26	247
26	249
26	252
26	255
26	258
26	261
26	264
26	267
26	270
26	273
26	276
26	279
26	282
26	285
26	288
26	291
26	295
26	298
26	301
26	305
26	308
26	312
26	315
26	319
26	322
26	326
26	330
26	333
26	337
26	341
26	345
26	349
26	353
26	357
26	361
26	365
26	369
26	374
26	378
26	383
26	388
26	394
26	399
26	405
26	412
26	419
26	427
26	437
27	180
27	190
27	199
27	206
27	212
27	218
27	223
27	228
27	233
27	237
27	242
27	246
27	250
27	254
27	258
27	262
27	265
27	269
27	273
27	276
27	280
27	284
27	287
27	291
27	295
27	299
27	303
27	307
27	311
27	315
27	319
27	323
27	327
27	331
27	335
27	339
27	344
27	348
27	353
27	357
27	362
27	367
27	372
27	377
27	383
27	389
27	395
27	402
27	409
27	417
27	426
27	438
28	171
28	181
28	189
28	197
28	204
28	211
28	218
28	225
28	231
28	238
28	244
28	250
28	256
28	262
28	268
28	274
28	280
28	286
28	292
28	298
28	305
28	312
28	319
28	326
28	332
28	339
28	345
28	352
28	359
28	366
28	373
28	381
28	389
28	398
28	408
28	419
29	162
29	171
29	179
29	185
29	191
29	196
29	201
29	206
29	211
29	216
29	221
29	226
29	232
29	237
29	243
29	249
29	256
29	263
29	270
29	278
29	286
29	295
29	305
29	315
29	324
29	333
29	342
29	350
29	358
29	366
29	375
29	384
29	394
29	404
29	415
30	159
30	168
30	175
30	181
30	185
30	190
30	194
30	198
30	202
30	206
30	210
30	214
30	218
30	222
30	226
30	230
30	235
30	239
30	244
30	249
30	255
30	261
30	267
30	274
30	281
30	289
30	298
30	307
30	316
30	324
30	332
30	340
30	347
30	354
30	362
30	370
30	378
30	386
30	395
30	405
30	415
30	426
31	160
31	169
31	175
31	181
31	184
31	189
31	192
31	196
31	199
31	203
31	206
31	209
31	213
31	216
31	219
31	223
31	226
31	230
31	233
31	237
31	241
31	245
31	249
31	254
31	258
31	263
31	268
31	273
31	279
31	285
31	291
31	297
31	304
31	311
31	318
31	324
31	330
31	336
31	342
31	348
31	354
31	360
31	366
31	372
31	378
31	385
31	392
31	399
31	407
31	415
31	423
31	432
31	442
31	452
31	464
32	167
32	176
32	182
32	188
32	192
32	196
32	200
32	203
32	207
32	210
32	213
32	217
32	220
32	223
32	227
32	230
32	233
32	237
32	240
32	244
32	247
32	251
32	255
32	259
32	263
32	267
32	271
32	276
32	280
32	285
32	290
32	295
32	300
32	305
32	310
32	315
32	320
32	325
32	330
32	335
32	340
32	344
32	349
32	353
32	358
32	362
32	367
32	372
32	377
32	382
32	387
32	393
32	399
32	405
32	412
32	419
32	426
32	434
32	442
32	451
32	460
32	470
32	483
33	179
33	188
33	194
33	200
33	203
33	208
33	211
33	214
33	218
33	221
33	224
33	227
33	230
33	233
33	236
33	239
33	242
33	245
33	248
33	252
33	255
33	258
33	262
33	265
33	269
33	273
33	277
33	281
33	285
33	289
33	294
33	298
33	303
33	307
33	312
33	316
33	321
33	325
33	330
33	334
33	339
33	343
33	347
33	352
33	356
33	360
33	365
33	369
33	374
33	379
33	384
33	389
33	395
33	401
33	408
33	415
33	423
33	431
33	440
33	449
33	459
33	470
34	190
34	199
34	205
34	211
34	214
34	219
34	222
34	225
34	229
34	232
34	235
34	238
34	242
34	244
34	248
34	251
34	254
34	258
34	261
34	265
34	268
34	272
34	276
34	279
34	284
34	287
34	292
34	296
34	301
34	305
34	310
34	315
34	320
34	325
34	330
34	335
34	340
34	345
34	350
34	355
34	360
34	366
34	372
34	378
34	385
34	392
34	400
34	408
34	417
34	427
34	439
35	203
35	212
35	219
35	224
35	230
35	233
35	238
35	242
35	246
35	250
35	254
35	258
35	262
35	266
35	270
35	274
35	278
35	283
35	287
35	292
35	297
35	302
35	308
35	314
35	320
35	326
35	332
35	339
35	345
35	352
35	359
35	366
35	373
35	381
35	389
35	398
35	408
35	419
36	212
36	221
36	227
36	232
36	237
36	241
36	244
36	248
36	252
36	255
36	259
36	262
36	266
36	269
36	273
36	277
36	281
36	285
36	289
36	294
36	298
36	303
36	308
36	313
36	318
36	324
36	330
36	336
36	343
36	350
36	357
36	365
36	373
36	382
36	391
36	401
36	412
36	424
36	437
37	228
37	236
37	242
37	247
37	252
37	255
37	260
37	263
37	267
37	271
37	275
37	279
37	283
37	287
37	291
37	295
37	299
37	304
37	308
37	314
37	319
37	325
37	331
37	337
37	344
37	351
37	358
37	366
37	374
37	383
37	392
37	402
37	412
37	423
37	434
37	445
37	457
38	238
38	247
38	253
38	259
38	264
38	269
38	274
38	278
38	283
38	287
38	292
38	296
38	301
38	306
38	311
38	316
38	322
38	328
38	334
38	340
38	347
38	354
38	361
38	369
38	377
38	386
38	395
38	405
38	415
38	425
38	436
38	447
38	459
39	242
39	251
39	259
39	264
39	270
39	274
39	279
39	283
39	287
39	291
39	295
39	299
39	303
39	307
39	312
39	316
39	321
39	326
39	331
39	336
39	342
39	347
39	353
39	359
39	366
39	373
39	380
39	388
39	396
39	405
39	414
39	423
39	432
39	442
39	453
39	464
40	248
40	258
40	264
40	270
40	274
40	279
40	282
40	286
40	290
40	293
40	297
40	300
40	304
40	307
40	311
40	314
40	318
40	322
40	326
40	329
40	334
40	337
40	342
40	346
40	351
40	356
40	361
40	366
40	371
40	377
40	383
40	389
40	396
40	403
40	411
40	419
40	427
40	435
40	444
40	453
40	463
40	474
41	248
41	258
41	266
41	272
41	278
41	282
41	287
41	291
41	295
41	299
41	303
41	307
41	311
41	315
41	319
41	323
41	327
41	331
41	336
41	340
41	345
41	349
41	354
41	359
41	364
41	369
41	374
41	380
41	386
41	392
41	398
41	405
41	412
41	420
41	428
41	436
41	444
41	453
41	463
41	474
42	236
42	247
42	257
42	265
42	272
42	278
42	283
42	288
42	292
42	297
42	301
42	305
42	309
42	313
42	317
42	321
42	325
42	329
42	333
42	337
42	341
42	345
42	349
42	353
42	357
42	361
42	365
42	369
42	374
42	378
42	383
42	388
42	393
42	398
42	404
42	410
42	416
42	422
42	428
42	435
42	442
42	450
42	458
42	467
42	477
42	488
43	209
43	219
43	228
43	237
43	245
43	253
43	261
43	269
43	276
43	282
43	288
43	293
43	299
43	304
43	309
43	313
43	318
43	322
43	326
43	330
43	334
43	338
43	342
43	346
43	350
43	354
43	358
43	362
43	366
43	370
43	375
43	379
43	384
43	389
43	394
43	399
43	405
43	410
43	416
43	422
43	428
43	434
43	440
43	447
43	454
43	461
43	469
43	477
43	486
43	496
44	209
44	219
44	228
44	236
44	244
44	251
44	258
44	265
44	272
44	279
44	286
44	292
44	298
44	303
44	308
44	313
44	318
44	323
44	328
44	333
44	338
44	343
44	348
44	353
44	358
44	363
44	368
44	374
44	379
44	385
44	391
44	398
44	405
44	412
44	419
44	426
44	434
44	442
44	450
44	458
44	467
44	476
44	486
45	230
45	241
45	250
45	259
45	267
45	275
45	282
45	289
45	295
45	301
45	307
45	313
45	319
45	325
45	331
45	337
45	343
45	349
45	356
45	363
45	370
45	378
45	387
45	396
45	405
45	413
45	421
45	429
45	438
45	447
45	456
45	466
45	477
46	246
46	257
46	266
46	274
46	282
46	290
46	298
46	306
46	314
46	323
46	333
46	344
47	260
47	271
47	281
47	291
47	301
47	311
47	323
48	269
48	281
48	292
48	303
48	315
49	259
49	270
49	281
49	291
49	301
49	311
49	323
50	262
50	273
50	283
50	293
50	304
50	317
51	260
51	271
51	281
51	291
51	302
52	266
52	278
52	289
52	300
53	242
53	254
53	265
53	276
53	286
53	296
53	306
53	317
54	238
54	249
54	260
54	270
54	280
54	289
54	298
54	307
54	316
54	326
54	337
55	228
55	239
55	249
55	259
55	269
55	278
55	287
55	296
55	306
55	316
55	327
55	338
55	349
56	208
56	219
56	229
56	238
56	247
56	256
56	265
56	274
56	283
56	292
56	302
56	312
56	322
56	333
56	345
57	203
57	213
57	222
57	230
57	238
57	246
57	254
57	262
57	270
57	278
57	287
57	296
57	306
57	316
57	327
57	338
58	212
58	222
58	231
58	240
58	248
58	256
58	264
58	272
58	280
58	288
58	296
58	305
58	314
58	323
58	333
58	343
58	354
59	226
59	237
59	247
59	256
59	265
59	273
59	281
59	289
59	297
59	305
59	313
59	321
59	330
59	339
59	349
59	360
60	220
60	231
60	241
60	250
60	259
60	267
60	274
60	281
60	288
60	295
60	302
60	309
60	317
60	325
60	334
60	343
60	353
60	364
61	220
61	231
61	241
61	250
61	258
61	265
61	272
61	278
61	284
61	290
61	295
61	301
61	307
61	313
61	320
61	327
61	335
61	343
61	352
61	361
61	371
62	201
62	211
62	219
62	227
62	234
62	241
62	247
62	253
62	259
62	264
62	269
62	273
62	278
62	282
62	286
62	290
62	294
62	298
62	302
62	306
62	310
62	315
62	319
62	324
62	329
62	335
62	340
62	346
62	353
62	360
62	368
62	377
62	388
63	191
63	200
63	207
63	212
63	217
63	222
63	226
63	231
63	234
63	238
63	242
63	245
63	249
63	253
63	256
63	260
63	263
63	267
63	270
63	274
63	277
63	281
63	284
63	288
63	291
63	294
63	298
63	301
63	305
63	308
63	312
63	316
63	320
63	324
63	328
63	333
63	338
63	343
63	348
63	354
63	360
63	367
63	375
63	384
63	395
64	189
64	198
64	203
64	209
64	212
64	216
64	220
64	222
64	226
64	229
64	231
64	234
64	236
64	239
64	241
64	243
64	246
64	248
64	250
64	253
64	255
64	257
64	260
64	262
64	264
64	267
64	269
64	271
64	274
64	276
64	279
64	281
64	284
64	286
64	289
64	292
64	294
64	297
64	300
64	303
64	306
64	309
64	313
64	316
64	319
64	324
64	327
64	332
64	336
64	341
64	346
64	351
64	357
64	363
64	370
64	377
64	385
64	394
64	404
65	190
65	199
65	206
65	212
65	216
65	221
65	223
65	228
65	231
65	233
65	237
65	239
65	242
65	243
65	246
65	249
65	251
65	252
65	255
65	257
65	259
65	261
65	263
65	265
65	267
65	269
65	271
65	273
65	275
65	277
65	279
65	281
65	283
65	285
65	287
65	289
65	291
65	293
65	295
65	297
65	299
65	301
65	304
65	305
65	308
65	310
65	313
65	315
65	317
65	320
65	323
65	325
65	328
65	331
65	334
65	337
65	340
65	344
65	347
65	351
65	355
65	359
65	364
65	368
65	374
65	379
65	385
65	391
65	398
65	405
65	413
65	422
65	432
65	445
66	188
66	197
66	205
66	213
66	221
66	228
66	235
66	241
66	246
66	251
66	254
66	259
66	262
66	265
66	269
66	271
66	274
66	277
66	280
66	282
66	285
66	287
66	290
66	292
66	294
66	297
66	299
66	301
66	304
66	306
66	308
66	311
66	313
66	315
66	318
66	320
66	323
66	325
66	328
66	330
66	334
66	336
66	339
66	343
66	345
66	349
66	352
66	356
66	359
66	363
66	367
66	371
66	375
66	379
66	384
66	388
66	393
66	398
66	404
66	410
66	416
66	423
66	431
66	439
66	449
67	190
67	199
67	206
67	213
67	219
67	225
67	231
67	237
67	243
67	249
67	256
67	262
67	268
67	274
67	280
67	285
67	290
67	295
67	300
67	304
67	309
67	313
67	318
67	322
67	326
67	330
67	334
67	338
67	342
67	346
67	350
67	354
67	358
67	362
67	366
67	370
67	374
67	378
67	382
67	386
67	390
67	394
67	398
67	403
67	408
67	413
67	418
67	424
67	431
67	438
67	446
67	456
68	192
68	201
68	209
68	216
68	222
68	228
68	234
68	240
68	246
68	252
68	258
68	265
68	272
68	280
68	288
68	297
68	306
68	314
68	321
68	327
68	332
68	337
68	342
68	346
68	351
68	354
68	358
68	362
68	365
68	369
68	372
68	376
68	379
68	383
68	386
68	390
68	394
68	398
68	402
68	407
68	412
68	417
68	423
68	429
68	436
68	444
68	453
68	465
69	209
69	220
69	231
69	242
69	253
69	265
69	308
69	318
69	326
69	332
69	338
69	343
69	348
69	353
69	357
69	362
69	366
69	371
69	376
69	381
69	386
69	392
69	398
69	405
69	412
69	420
69	429
69	441
70	201
70	211
70	220
70	229
70	238
70	247
70	256
70	266
70	277
70	310
70	322
70	333
70	343
70	353
70	363
70	373
70	384
70	396
71	196
71	204
71	211
71	218
71	224
71	230
71	235
71	240
71	245
71	250
71	255
71	260
71	265
71	270
71	276
71	282
71	288
71	294
71	300
71	307
71	314
71	321
71	328
71	335
71	343
71	351
71	359
71	367
71	375
71	383
71	392
71	402
71	413
72	197
72	206
72	213
72	219
72	224
72	229
72	233
72	238
72	242
72	246
72	250
72	254
72	258
72	262
72	266
72	270
72	274
72	278
72	282
72	286
72	290
72	294
72	298
72	302
72	306
72	310
72	315
72	319
72	324
72	328
72	333
72	338
72	343
72	348
72	353
72	359
72	365
72	371
72	378
72	385
72	393
72	402
72	413
73	249
73	259
73	268
73	276
73	283
73	290
73	296
73	302
73	308
73	314
73	320
73	326
73	333
73	340
73	348
73	356
73	365
73	375
73	386
73	397
74	207
74	218
74	229
74	243
74	378
74	389
74	398
74	407
74	416
74	425
74	435
74	446
75	189
75	199
75	207
75	214
75	220
75	226
75	232
75	238
75	244
75	250
75	256
75	262
75	268
75	275
75	282
75	289
75	297
75	305
75	313
75	321
75	329
75	337
75	345
75	352
75	359
75	365
75	371
75	377
75	382
75	388
75	393
75	398
75	403
75	407
75	412
75	417
75	422
75	427
75	433
75	439
75	446
75	453
75	461
75	471
76	197
76	206
76	213
76	220
76	226
76	232
76	237
76	242
76	247
76	252
76	257
76	262
76	267
76	272
76	277
76	283
76	288
76	294
76	300
76	306
76	312
76	318
76	324
76	330
76	335
76	341
76	346
76	351
76	356
76	361
76	366
76	371
76	376
76	381
76	385
76	390
76	394
76	399
76	403
76	408
76	412
76	417
76	422
76	427
76	433
76	439
76	446
76	454
76	464
77	241
77	253
77	264
77	275
77	285
77	295
77	305
77	315
77	325
77	335
77	345
77	355
77	365
77	375
77	385
77	396
-1	-1
