-1	-1
8	179
8	190
8	201
8	211
8	221
8	231
8	242
8	255
9	167
9	177
9	186
9	195
9	204
9	212
9	220
9	229
9	238
9	247
9	257
9	268
10	166
10	176
10	184
10	192
10	200
10	207
10	215
10	223
10	231
10	239
10	248
10	258
10	268
10	280
11	158
11	167
11	174
11	181
11	188
11	194
11	200
11	206
11	212
11	218
11	224
11	230
11	237
11	244
11	252
11	260
11	269
11	278
11	288
11	300
12	159
12	169
12	177
12	184
12	191
12	197
12	203
12	209
12	215
12	221
12	226
12	232
12	238
12	244
12	250
12	257
12	264
12	271
12	278
12	286
12	295
12	304
12	314
12	325
12	338
13	168
13	178
13	187
13	195
13	203
13	210
13	217
13	224
13	231
13	238
13	245
13	252
13	259
13	265
13	272
13	278
13	285
13	292
13	299
13	307
13	315
13	324
13	333
13	343
13	353
13	364
13	376
14	187
14	198
14	209
14	220
14	230
14	240
14	250
14	259
14	267
14	275
14	283
14	291
14	300
14	309
14	319
14	329
14	340
15	169
15	179
15	188
15	196
15	204
15	212
15	221
15	230
15	240
15	251
15	262
15	274
16	163
16	173
16	181
16	188
16	194
16	200
16	206
16	212
16	218
16	225
16	232
16	240
16	248
16	257
16	268
17	162
17	171
17	179
17	186
17	192
17	198
17	203
17	209
17	214
17	220
17	225
17	231
17	237
17	244
17	251
17	259
17	268
17	278
18	166
18	175
18	183
18	190
18	196
18	202
18	208
18	213
18	219
18	224
18	230
18	236
18	242
18	249
18	256
18	264
18	273
18	283
19	168
19	178
19	186
19	193
19	200
19	206
19	212
19	218
19	224
19	230
19	236
19	243
19	250
19	257
19	265
19	274
19	285
20	169
20	179
20	187
20	194
20	201
20	208
20	214
20	221
20	227
20	234
20	241
20	248
20	256
20	265
20	275
21	167
21	177
21	185
21	192
21	199
21	205
21	211
21	217
21	223
21	229
21	235
21	241
21	247
21	254
21	261
21	269
21	278
21	289
22	163
22	173
22	181
22	189
22	196
22	202
22	208
22	214
22	220
22	226
22	232
22	238
22	245
22	252
22	260
22	269
22	279
23	168
23	178
23	186
23	194
23	201
23	208
23	215
23	222
23	229
23	236
23	243
23	251
23	259
23	268
23	278
24	162
24	171
24	179
24	186
24	192
24	198
24	203
24	209
24	214
24	219
24	224
24	229
24	234
24	239
24	245
24	251
24	257
24	263
24	270
24	277
24	285
24	294
24	305
25	159
25	168
25	175
25	181
25	186
25	191
25	196
25	200
25	204
25	208
25	212
25	216
25	220
25	224
25	228
25	232
25	236
25	240
25	244
25	248
25	252
25	256
25	261
25	265
25	270
25	275
25	280
25	286
25	292
25	299
25	307
25	316
25	326
25	337
25	348
26	160
26	169
26	176
26	182
26	188
26	193
26	198
26	202
26	206
26	211
26	214
26	218
26	222
26	225
26	229
26	232
26	235
26	239
26	242
26	246
26	249
26	253
26	256
26	260
26	264
26	268
26	272
26	276
26	281
26	286
26	291
26	297
26	303
26	310
26	317
26	325
26	334
26	343
26	353
26	364
27	166
27	175
27	182
27	189
27	194
27	200
27	204
27	209
27	213
27	217
27	221
27	225
27	229
27	232
27	236
27	239
27	243
27	246
27	250
27	254
27	258
27	262
27	266
27	271
27	276
27	281
27	287
27	293
27	300
27	307
27	315
27	324
27	334
27	345
28	168
28	178
28	186
28	193
28	200
28	206
28	212
28	217
28	222
28	227
28	232
28	237
28	242
28	247
28	252
28	258
28	264
28	270
28	277
28	285
28	294
28	304
28	316
29	168
29	178
29	186
29	193
29	200
29	206
29	212
29	218
29	224
29	230
29	236
29	242
29	248
29	255
29	262
29	270
29	279
29	290
30	162
30	172
30	180
30	187
30	193
30	199
30	204
30	209
30	214
30	219
30	224
30	229
30	234
30	239
30	245
30	251
30	258
30	266
30	275
30	285
31	159
31	168
31	175
31	182
31	188
31	193
31	199
31	204
31	209
31	214
31	219
31	224
31	229
31	234
31	239
31	245
31	251
31	258
31	266
31	275
31	285
32	156
32	163
32	170
32	174
32	180
32	183
32	188
32	191
32	195
32	199
32	202
32	206
32	209
32	213
32	216
32	220
32	223
32	227
32	231
32	235
32	239
32	244
32	248
32	253
32	258
32	264
32	270
32	277
32	285
32	294
32	305
33	157
33	164
33	170
33	174
33	179
33	182
33	185
33	189
33	192
33	194
33	198
33	201
33	203
33	206
33	209
33	212
33	214
33	217
33	220
33	223
33	226
33	228
33	232
33	235
33	238
33	241
33	245
33	248
33	252
33	256
33	260
33	265
33	269
33	275
33	280
33	286
33	293
33	301
33	310
33	321
34	158
34	166
34	172
34	176
34	181
34	183
34	188
34	191
34	193
34	197
34	199
34	202
34	204
34	207
34	209
34	212
34	214
34	216
34	219
34	221
34	224
34	226
34	228
34	231
34	233
34	236
34	238
34	241
34	244
34	246
34	249
34	252
34	255
34	258
34	262
34	265
34	269
34	273
34	277
34	282
34	287
34	292
34	298
34	304
34	311
34	319
34	328
34	338
34	350
35	161
35	170
35	177
35	183
35	188
35	193
35	197
35	201
35	204
35	208
35	211
35	214
35	217
35	220
35	223
35	226
35	229
35	232
35	234
35	238
35	240
35	243
35	246
35	249
35	252
35	256
35	258
35	263
35	266
35	270
35	274
35	278
35	283
35	287
35	292
35	297
35	303
35	309
35	316
35	324
35	332
35	341
35	351
35	361
35	372
35	383
35	394
35	405
35	417
36	172
36	182
36	190
36	197
36	203
36	209
36	213
36	218
36	222
36	226
36	230
36	233
36	237
36	240
36	243
36	247
36	250
36	253
36	257
36	260
36	264
36	267
36	271
36	275
36	279
36	283
36	287
36	292
36	296
36	301
36	306
36	312
36	318
36	325
36	332
36	340
36	348
36	357
36	366
36	375
36	385
36	395
36	405
36	415
36	425
36	435
36	446
36	459
37	172
37	182
37	190
37	197
37	203
37	209
37	214
37	220
37	224
37	229
37	232
37	236
37	240
37	243
37	247
37	250
37	254
37	257
37	261
37	264
37	268
37	272
37	276
37	280
37	285
37	289
37	294
37	299
37	305
37	311
37	317
37	324
37	331
37	339
37	347
37	355
37	364
37	373
37	382
37	391
37	400
37	409
37	418
37	426
37	435
37	444
37	453
37	463
37	474
38	177
38	187
38	195
38	202
38	209
38	215
38	221
38	225
38	230
38	234
38	238
38	242
38	245
38	249
38	252
38	256
38	259
38	263
38	266
38	270
38	273
38	277
38	281
38	285
38	289
38	294
38	298
38	304
38	309
38	315
38	321
38	328
38	335
38	343
38	351
38	359
38	367
38	376
38	385
38	393
38	401
38	409
38	417
38	425
38	433
38	442
38	451
38	461
38	472
39	180
39	191
39	200
39	208
39	215
39	222
39	228
39	233
39	239
39	243
39	248
39	252
39	257
39	261
39	265
39	269
39	273
39	277
39	282
39	286
39	291
39	296
39	301
39	307
39	313
39	319
39	326
39	333
39	341
39	349
39	357
39	365
39	373
39	381
39	389
39	397
39	405
39	413
39	422
39	431
39	441
39	453
40	189
40	200
40	210
40	219
40	227
40	235
40	242
40	249
40	256
40	262
40	268
40	274
40	279
40	285
40	291
40	297
40	303
40	310
40	317
40	324
40	332
40	340
40	348
40	356
40	364
40	372
40	380
40	388
40	396
40	405
40	414
40	424
41	197
41	208
41	219
41	229
41	239
41	249
41	258
41	266
41	274
41	282
41	290
41	298
41	306
41	313
41	320
41	327
41	334
41	341
41	348
41	355
41	362
41	370
41	378
41	386
41	394
41	403
41	414
42	252
42	263
42	273
42	282
42	291
42	299
42	307
42	314
42	321
42	327
42	333
42	339
42	345
42	351
42	357
42	364
42	371
42	378
42	385
42	393
42	402
42	412
43	298
43	309
43	319
43	328
43	336
43	344
43	352
43	360
43	368
43	376
43	385
43	395
44	297
44	308
44	317
44	325
44	332
44	339
44	346
44	353
44	360
44	367
44	374
44	381
44	389
44	398
44	408
45	299
45	310
45	320
45	329
45	337
45	345
45	353
45	361
45	370
45	379
45	390
46	307
46	319
46	330
46	340
46	350
46	360
46	372
47	247
47	259
47	271
47	284
47	316
47	328
47	339
47	350
47	362
48	221
48	232
48	242
48	252
48	262
48	273
49	207
49	217
49	226
49	234
49	242
49	250
49	258
49	266
49	275
49	285
49	295
50	197
50	207
50	216
50	224
50	232
50	240
50	247
50	255
50	263
50	271
50	279
50	288
50	298
50	310
51	198
51	208
51	217
51	225
51	233
51	241
51	249
51	257
51	265
51	273
51	281
51	290
51	299
51	309
51	320
52	200
52	211
52	221
52	230
52	238
52	246
52	254
52	262
52	270
52	278
52	286
52	295
52	304
52	314
52	325
53	198
53	209
53	218
53	227
53	235
53	243
53	251
53	259
53	267
53	275
53	284
53	293
53	303
54	198
54	208
54	217
54	225
54	232
54	239
54	246
54	253
54	260
54	267
54	274
54	282
54	290
54	299
54	309
55	191
55	201
55	210
55	218
55	225
55	232
55	239
55	246
55	253
55	260
55	267
55	274
55	282
55	290
55	299
55	310
56	188
56	198
56	206
56	214
56	221
56	228
56	235
56	242
56	249
56	256
56	263
56	271
56	279
56	288
56	298
57	192
57	202
57	211
57	219
57	227
57	235
57	242
57	249
57	256
57	263
57	270
57	277
57	285
57	293
57	302
57	313
58	197
58	208
58	218
58	227
58	236
58	244
58	252
58	260
58	267
58	274
58	282
58	290
58	299
58	309
59	192
59	203
59	212
59	220
59	228
59	235
59	242
59	249
59	256
59	263
59	270
59	277
59	285
59	293
59	302
59	312
60	189
60	199
60	208
60	215
60	221
60	227
60	232
60	237
60	242
60	247
60	251
60	256
60	260
60	265
60	269
60	274
60	278
60	283
60	288
60	294
60	300
60	307
60	315
60	324
60	334
61	172
61	182
61	190
61	198
61	205
61	211
61	217
61	222
61	227
61	231
61	235
61	239
61	242
61	246
61	249
61	253
61	256
61	260
61	263
61	266
61	270
61	273
61	277
61	280
61	284
61	288
61	292
61	297
61	301
61	307
61	312
61	318
61	325
61	333
61	342
61	353
62	168
62	176
62	183
62	189
62	194
62	199
62	203
62	208
62	212
62	216
62	221
62	225
62	229
62	233
62	237
62	241
62	245
62	249
62	253
62	257
62	261
62	265
62	269
62	274
62	278
62	283
62	288
62	293
62	299
62	305
62	312
62	320
62	329
62	339
63	168
63	176
63	182
63	187
63	192
63	195
63	200
63	202
63	206
63	209
63	212
63	215
63	218
63	221
63	224
63	227
63	230
63	233
63	236
63	239
63	243
63	246
63	249
63	253
63	256
63	260
63	264
63	267
63	271
63	275
63	279
63	284
63	288
63	294
63	299
63	305
63	312
63	319
63	327
63	336
63	347
64	177
64	185
64	192
64	196
64	201
64	204
64	209
64	211
64	215
64	218
64	221
64	223
64	227
64	229
64	232
64	235
64	237
64	240
64	243
64	245
64	248
64	251
64	253
64	256
64	259
64	261
64	264
64	267
64	269
64	273
64	275
64	278
64	281
64	285
64	287
64	291
64	295
64	298
64	303
64	307
64	312
64	317
64	323
64	329
64	336
64	343
64	351
64	361
65	173
65	183
65	192
65	200
65	207
65	213
65	219
65	223
65	228
65	232
65	236
65	240
65	244
65	248
65	252
65	255
65	259
65	262
65	266
65	269
65	273
65	276
65	280
65	284
65	287
65	292
65	296
65	300
65	305
65	309
65	315
65	320
65	326
65	332
65	339
65	346
65	354
65	363
65	373
65	385
66	164
66	173
66	180
66	186
66	192
66	198
66	203
66	209
66	214
66	220
66	225
66	231
66	237
66	243
66	249
66	255
66	261
66	268
66	275
66	282
66	289
66	296
66	303
66	310
66	317
66	324
66	331
66	338
66	345
66	352
66	359
66	367
66	375
66	384
66	394
67	163
67	171
67	178
67	183
67	188
67	192
67	196
67	200
67	204
67	208
67	212
67	215
67	219
67	223
67	227
67	231
67	235
67	239
67	243
67	247
67	251
67	256
67	260
67	265
67	269
67	274
67	279
67	284
67	289
67	294
67	299
67	303
67	308
67	312
67	317
67	321
67	326
67	330
67	334
67	339
67	343
67	347
67	351
67	355
67	359
67	364
67	368
67	373
67	377
67	382
67	387
67	393
67	399
67	406
67	414
67	423
68	169
68	179
68	187
68	193
68	199
68	204
68	209
68	213
68	218
68	222
68	226
68	230
68	234
68	238
68	242
68	246
68	250
68	253
68	257
68	261
68	264
68	268
68	271
68	275
68	278
68	282
68	285
68	289
68	292
68	295
68	299
68	302
68	305
68	308
68	311
68	314
68	317
68	320
68	323
68	326
68	329
68	331
68	334
68	337
68	339
68	342
68	345
68	347
68	350
68	353
68	355
68	358
68	361
68	363
68	366
68	369
68	372
68	375
68	378
68	381
68	385
68	387
68	391
68	395
68	398
68	403
68	407
68	412
68	418
68	424
68	431
68	440
69	176
69	186
69	196
69	205
69	214
69	222
69	230
69	237
69	243
69	249
69	255
69	261
69	267
69	273
69	278
69	283
69	288
69	293
69	297
69	302
69	306
69	310
69	314
69	318
69	322
69	326
69	330
69	333
69	337
69	341
69	344
69	348
69	351
69	355
69	358
69	362
69	366
69	369
69	374
69	377
69	382
69	386
69	391
69	396
69	402
69	408
69	416
69	425
70	170
70	180
70	188
70	195
70	202
70	209
70	216
70	223
70	230
70	237
70	245
70	253
70	261
70	270
70	279
70	289
70	299
70	309
70	319
70	329
70	339
70	350
70	361
70	374
71	169
71	178
71	184
71	190
71	195
71	200
71	204
71	209
71	213
71	217
71	221
71	225
71	229
71	234
71	238
71	243
71	247
71	252
71	257
71	262
71	267
71	273
71	279
71	285
71	291
71	297
71	303
71	310
71	316
71	323
71	329
71	336
71	342
71	349
71	356
71	363
71	370
71	377
71	384
71	392
71	401
71	411
72	180
72	190
72	198
72	204
72	210
72	215
72	220
72	225
72	230
72	234
72	239
72	243
72	248
72	253
72	257
72	262
72	267
72	272
72	277
72	282
72	287
72	292
72	297
72	302
72	307
72	312
72	317
72	322
72	327
72	332
72	337
72	342
72	347
72	352
72	357
72	362
72	367
72	372
72	377
72	383
72	389
72	395
72	402
72	410
72	419
73	332
73	344
73	356
73	370
75	182
75	192
75	201
75	210
75	218
75	226
75	234
75	242
75	250
75	258
75	266
75	274
75	283
75	292
75	301
75	311
75	321
75	331
75	341
75	351
75	361
75	371
75	381
75	391
75	401
75	413
76	196
76	206
76	215
76	223
76	231
76	239
76	247
76	254
76	261
76	268
76	275
76	282
76	290
76	298
76	306
76	314
76	322
76	330
76	338
76	346
76	354
76	362
76	370
76	378
76	386
76	394
76	403
76	412
76	423
-1	-1
