-1	-1
11	169
11	180
11	190
11	200
11	210
11	220
11	230
11	243
12	162
12	172
12	181
12	189
12	197
12	205
12	213
12	221
12	229
12	237
12	246
12	257
13	158
13	168
13	176
13	183
13	190
13	196
13	202
13	208
13	214
13	220
13	226
13	232
13	238
13	245
13	253
13	262
13	273
14	153
14	162
14	170
14	176
14	182
14	187
14	192
14	197
14	201
14	206
14	210
14	215
14	219
14	224
14	228
14	233
14	237
14	242
14	247
14	253
14	259
14	266
14	274
14	283
15	151
15	160
15	167
15	173
15	178
15	183
15	187
15	192
15	195
15	200
15	203
15	207
15	211
15	214
15	218
15	222
15	225
15	229
15	233
15	237
15	241
15	245
15	249
15	254
15	259
15	265
15	271
15	278
15	286
15	296
16	158
16	168
16	175
16	182
16	188
16	193
16	198
16	203
16	208
16	213
16	218
16	222
16	227
16	231
16	236
16	241
16	246
16	251
16	257
16	263
16	270
16	278
16	287
17	171
17	181
17	190
17	198
17	205
17	212
17	219
17	225
17	231
17	237
17	243
17	249
17	256
17	263
17	271
17	280
18	188
18	199
18	209
18	218
18	227
18	235
18	243
18	252
18	261
18	272
19	230
19	243
23	207
23	219
23	231
23	244
24	173
24	184
24	194
24	204
24	213
24	222
24	230
24	239
24	248
24	257
24	267
24	277
24	287
24	297
24	307
24	317
24	327
24	336
24	345
24	354
24	364
24	374
25	159
25	169
25	177
25	184
25	191
25	198
25	204
25	210
25	216
25	222
25	227
25	233
25	238
25	244
25	250
25	256
25	263
25	270
25	277
25	284
25	291
25	298
25	305
25	312
25	319
25	327
25	334
25	341
25	348
25	355
25	363
25	371
25	380
25	390
26	151
26	160
26	167
26	173
26	179
26	184
26	189
26	193
26	198
26	202
26	206
26	210
26	214
26	218
26	222
26	225
26	229
26	233
26	236
26	240
26	244
26	248
26	253
26	257
26	262
26	267
26	272
26	277
26	283
26	289
26	295
26	301
26	308
26	315
26	322
26	329
26	336
26	343
26	351
26	359
26	367
26	376
26	386
27	149
27	158
27	164
27	170
27	174
27	179
27	183
27	187
27	191
27	194
27	198
27	201
27	204
27	208
27	211
27	214
27	217
27	220
27	223
27	226
27	229
27	232
27	235
27	238
27	242
27	245
27	249
27	253
27	257
27	261
27	266
27	270
27	276
27	281
27	287
27	293
27	300
27	307
27	315
27	324
27	333
27	342
27	352
27	362
27	374
28	152
28	161
28	168
28	174
28	180
28	184
28	189
28	193
28	197
28	201
28	205
28	209
28	212
28	216
28	220
28	223
28	227
28	231
28	235
28	239
28	243
28	248
28	252
28	257
28	262
28	268
28	274
28	280
28	287
28	294
28	302
28	311
28	321
28	331
28	342
28	353
28	364
29	158
29	167
29	174
29	181
29	187
29	193
29	198
29	203
29	208
29	213
29	218
29	223
29	228
29	233
29	238
29	244
29	249
29	255
29	261
29	267
29	274
29	281
29	288
29	295
29	303
29	311
29	320
29	329
29	338
29	347
29	356
29	365
29	374
29	384
29	396
30	161
30	171
30	179
30	187
30	194
30	201
30	207
30	214
30	220
30	226
30	232
30	238
30	244
30	250
30	256
30	262
30	268
30	275
30	281
30	288
30	295
30	302
30	309
30	316
30	324
30	332
30	340
30	348
30	356
30	364
30	372
30	381
30	390
30	401
31	172
31	183
31	192
31	201
31	209
31	217
31	224
31	231
31	238
31	244
31	250
31	256
31	262
31	268
31	275
31	282
31	289
31	296
31	303
31	311
31	319
31	327
31	335
31	343
31	351
31	359
31	367
31	375
31	384
31	394
32	173
32	184
32	193
32	202
32	210
32	218
32	225
32	232
32	239
32	246
32	253
32	260
32	268
32	276
32	284
32	292
32	301
32	310
32	320
32	330
32	339
32	348
32	357
32	367
32	378
33	162
33	172
33	181
33	189
33	196
33	203
33	210
33	216
33	222
33	228
33	234
33	241
33	248
33	255
33	263
33	271
33	280
33	289
33	299
33	309
33	320
33	331
33	342
33	353
33	365
34	158
34	167
34	174
34	181
34	187
34	193
34	199
34	204
34	210
34	215
34	220
34	226
34	231
34	237
34	243
34	249
34	256
34	264
34	272
34	281
34	291
34	301
34	313
35	153
35	162
35	169
35	174
35	179
35	183
35	188
35	192
35	196
35	200
35	204
35	208
35	212
35	216
35	220
35	224
35	228
35	233
35	237
35	242
35	247
35	253
35	259
35	266
35	273
35	281
35	290
35	300
36	153
36	162
36	169
36	174
36	179
36	183
36	187
36	191
36	194
36	198
36	201
36	204
36	208
36	211
36	214
36	218
36	221
36	225
36	228
36	232
36	236
36	239
36	244
36	247
36	252
36	257
36	262
36	268
36	274
36	281
36	289
36	298
36	308
37	152
37	161
37	167
37	172
37	176
37	181
37	183
37	188
37	191
37	193
37	197
37	199
37	202
37	204
37	207
37	210
37	212
37	215
37	218
37	220
37	223
37	226
37	228
37	231
37	234
37	237
37	239
37	243
37	246
37	249
37	253
37	256
37	260
37	264
37	268
37	273
37	278
37	283
37	289
37	296
37	303
37	311
37	320
37	330
38	157
38	165
38	172
38	177
38	182
38	186
38	190
38	193
38	197
38	200
38	203
38	206
38	209
38	212
38	214
38	217
38	220
38	222
38	225
38	227
38	230
38	232
38	235
38	237
38	240
38	243
38	245
38	248
38	251
38	254
38	257
38	260
38	264
38	267
38	271
38	275
38	279
38	284
38	288
38	294
38	299
38	305
38	312
38	320
38	328
38	337
38	347
38	358
38	399
39	161
39	170
39	177
39	183
39	189
39	193
39	198
39	202
39	206
39	210
39	214
39	217
39	221
39	224
39	227
39	231
39	233
39	237
39	240
39	243
39	246
39	249
39	253
39	256
39	260
39	264
39	268
39	272
39	277
39	281
39	286
39	291
39	297
39	303
39	310
39	317
39	325
39	334
39	344
39	355
39	367
39	380
39	392
39	403
39	414
40	170
40	180
40	189
40	197
40	204
40	211
40	217
40	222
40	227
40	232
40	236
40	241
40	245
40	250
40	254
40	259
40	264
40	269
40	275
40	281
40	287
40	294
40	301
40	309
40	318
40	328
40	339
40	353
41	168
41	178
41	186
41	194
41	201
41	208
41	214
41	220
41	225
41	231
41	235
41	240
41	244
41	249
41	254
41	259
41	264
41	269
41	275
41	281
41	288
41	295
41	303
41	312
41	322
41	334
41	358
41	370
41	381
41	394
42	168
42	178
42	186
42	193
42	200
42	206
42	212
42	218
42	223
42	228
42	233
42	238
42	242
42	247
42	251
42	256
42	261
42	266
42	271
42	277
42	283
42	289
42	296
42	304
42	313
42	323
42	335
42	368
42	381
43	170
43	180
43	188
43	196
43	203
43	210
43	216
43	222
43	228
43	234
43	240
43	245
43	251
43	256
43	262
43	267
43	273
43	279
43	286
43	293
43	301
43	309
43	318
43	328
43	340
44	182
44	193
44	203
44	212
44	221
44	230
44	239
44	248
44	257
44	266
44	276
44	286
44	296
44	306
44	317
44	329
44	341
44	354
45	189
45	200
45	211
45	222
45	233
45	244
45	254
45	265
45	277
45	290
45	302
45	315
45	330
46	181
46	192
46	202
46	211
46	221
46	231
46	240
46	249
46	258
46	267
46	277
46	288
47	186
47	197
47	207
47	217
47	227
47	236
47	245
47	254
47	264
47	274
48	191
48	202
48	212
48	222
48	232
48	241
48	250
48	260
48	271
49	208
49	219
49	230
49	240
49	250
49	261
50	210
50	221
50	232
50	242
50	253
50	265
51	202
51	213
51	223
51	232
51	241
51	250
51	260
51	271
52	202
52	213
52	223
52	232
52	241
52	250
52	259
52	269
52	281
53	199
53	210
53	220
53	229
53	238
53	247
53	256
53	265
53	275
53	286
54	191
54	202
54	212
54	221
54	230
54	239
54	248
54	257
54	266
54	276
54	287
55	186
55	197
55	207
55	216
55	225
55	234
55	243
55	252
55	262
55	273
56	181
56	192
56	202
56	211
56	220
56	229
56	238
56	247
56	256
56	266
57	173
57	183
57	192
57	200
57	208
57	216
57	224
57	231
57	238
57	245
57	252
57	260
57	268
57	277
57	288
58	171
58	181
58	189
58	196
58	203
58	210
58	216
58	223
58	229
58	235
58	241
58	247
58	253
58	259
58	266
58	273
58	281
58	290
58	300
59	178
59	188
59	197
59	205
59	212
59	219
59	226
59	232
59	238
59	244
59	250
59	257
59	264
59	271
59	279
59	288
59	298
60	177
60	187
60	195
60	203
60	210
60	217
60	223
60	229
60	235
60	241
60	247
60	253
60	259
60	266
60	274
60	283
60	293
61	170
61	179
61	186
61	192
61	198
61	203
61	208
61	212
61	217
61	221
61	225
61	229
61	233
61	237
61	241
61	245
61	249
61	254
61	258
61	264
61	269
61	275
61	281
61	288
61	296
61	306
62	170
62	179
62	186
62	192
62	196
62	201
62	204
62	208
62	212
62	214
62	218
62	221
62	224
62	227
62	230
62	233
62	236
62	239
62	242
62	245
62	248
62	251
62	255
62	258
62	262
62	266
62	270
62	275
62	279
62	285
62	291
62	297
62	305
62	314
62	325
63	164
63	173
63	181
63	188
63	194
63	200
63	205
63	210
63	214
63	218
63	222
63	225
63	229
63	232
63	235
63	238
63	241
63	244
63	247
63	250
63	254
63	256
63	260
63	264
63	267
63	271
63	275
63	279
63	284
63	289
63	295
63	301
63	308
63	316
63	325
63	336
64	159
64	167
64	173
64	179
64	183
64	188
64	192
64	196
64	200
64	204
64	208
64	212
64	216
64	220
64	224
64	228
64	232
64	235
64	239
64	242
64	246
64	249
64	253
64	256
64	260
64	264
64	268
64	272
64	277
64	281
64	286
64	292
64	298
64	305
64	312
64	320
64	330
64	343
65	159
65	167
65	172
65	177
65	181
65	184
65	188
65	191
65	194
65	197
65	200
65	203
65	206
65	209
65	212
65	215
65	218
65	221
65	224
65	227
65	230
65	234
65	237
65	240
65	244
65	247
65	251
65	255
65	258
65	263
65	267
65	272
65	277
65	282
65	288
65	294
65	301
65	308
65	316
65	326
65	337
66	168
66	177
66	183
66	189
66	193
66	198
66	202
66	206
66	210
66	214
66	218
66	222
66	225
66	229
66	233
66	237
66	241
66	245
66	249
66	254
66	258
66	264
66	269
66	275
66	281
66	288
66	296
66	305
66	315
66	327
67	197
67	208
67	218
67	228
67	237
67	246
67	255
67	265
67	275
70	237
70	249
70	261
70	273
70	285
70	297
71	173
71	183
71	192
71	200
71	208
71	216
71	224
71	232
71	240
71	249
71	258
71	267
71	276
71	285
71	294
71	303
71	312
71	321
71	330
71	339
71	348
71	357
71	367
71	378
72	169
72	178
72	185
72	191
72	197
72	202
72	207
72	212
72	217
72	222
72	227
72	232
72	237
72	242
72	247
72	253
72	259
72	265
72	271
72	277
72	284
72	290
72	297
72	303
72	309
72	315
72	321
72	327
72	333
72	339
72	345
72	351
72	358
72	365
72	373
72	382
72	393
73	179
73	189
73	197
73	204
73	210
73	216
73	222
73	227
73	232
73	237
73	242
73	247
73	253
73	258
73	264
73	270
73	276
73	282
73	288
73	294
73	300
73	305
73	310
73	315
73	320
73	325
73	330
73	335
73	340
73	346
73	351
73	357
73	363
73	370
73	378
73	387
74	268
74	279
74	289
74	299
74	308
74	316
74	324
74	332
74	340
74	348
74	356
74	365
74	375
-1	-1
