-1	-1
8	212
8	223
8	234
8	244
8	254
8	264
8	274
8	284
8	295
8	306
8	317
8	328
8	340
9	198
9	208
9	217
9	225
9	233
9	240
9	247
9	254
9	261
9	268
9	275
9	282
9	290
9	298
9	306
9	314
9	322
9	330
9	338
9	346
9	356
9	367
10	198
10	208
10	216
10	223
10	230
10	236
10	242
10	248
10	254
10	260
10	266
10	272
10	278
10	284
10	290
10	296
10	302
10	308
10	314
10	321
10	327
10	334
10	341
10	349
10	358
10	368
11	200
11	210
11	218
11	225
11	232
11	238
11	244
11	250
11	255
11	261
11	266
11	271
11	276
11	282
11	287
11	293
11	299
11	305
11	311
11	318
11	325
11	333
11	341
11	350
12	207
12	217
12	226
12	234
12	241
12	248
12	254
12	260
12	266
12	272
12	278
12	285
12	292
12	299
12	306
12	314
12	322
12	331
12	343
13	208
13	218
13	227
13	235
13	243
13	250
13	257
13	264
13	271
13	278
13	286
13	294
13	303
13	312
13	322
14	212
14	223
14	233
14	242
14	250
14	258
14	266
14	274
14	282
14	291
14	300
14	310
14	320
15	210
15	221
15	231
15	240
15	249
15	257
15	265
15	273
15	281
15	289
15	298
15	307
15	316
15	326
15	337
16	202
16	213
16	222
16	231
16	239
16	247
16	254
16	261
16	268
16	275
16	282
16	289
16	296
16	304
16	312
16	321
16	330
16	340
17	200
17	210
17	218
17	225
17	232
17	238
17	244
17	249
17	254
17	259
17	264
17	269
17	274
17	279
17	284
17	289
17	294
17	299
17	305
17	310
17	316
17	322
17	328
17	335
17	343
17	352
17	362
18	191
18	200
18	208
18	214
18	220
18	224
18	229
18	233
18	238
18	242
18	246
18	250
18	253
18	257
18	261
18	264
18	268
18	271
18	275
18	278
18	282
18	285
18	289
18	293
18	297
18	301
18	305
18	309
18	313
18	317
18	321
18	325
18	329
18	334
18	338
18	343
18	348
18	354
18	360
18	367
18	374
18	382
18	391
18	403
19	188
19	196
19	202
19	208
19	212
19	217
19	221
19	225
19	229
19	232
19	236
19	239
19	243
19	246
19	250
19	253
19	256
19	260
19	263
19	266
19	270
19	273
19	276
19	280
19	283
19	286
19	290
19	293
19	297
19	300
19	304
19	307
19	311
19	314
19	318
19	321
19	325
19	329
19	333
19	337
19	341
19	346
19	350
19	355
19	360
19	366
19	372
19	378
19	385
19	393
19	402
19	412
20	184
20	192
20	199
20	203
20	208
20	212
20	216
20	220
20	223
20	227
20	231
20	234
20	238
20	241
20	244
20	248
20	251
20	254
20	258
20	261
20	264
20	268
20	271
20	274
20	278
20	281
20	284
20	288
20	291
20	295
20	298
20	302
20	305
20	309
20	312
20	316
20	319
20	323
20	326
20	330
20	333
20	337
20	341
20	345
20	349
20	353
20	358
20	362
20	367
20	372
20	378
20	384
20	390
20	397
20	404
20	412
20	421
20	431
21	186
21	194
21	201
21	206
21	211
21	216
21	221
21	225
21	229
21	233
21	237
21	241
21	245
21	249
21	253
21	256
21	260
21	264
21	267
21	271
21	275
21	278
21	282
21	285
21	289
21	293
21	296
21	300
21	304
21	307
21	311
21	315
21	318
21	322
21	326
21	329
21	333
21	337
21	340
21	345
21	348
21	353
21	357
21	362
21	366
21	371
21	376
21	381
21	387
21	393
21	399
21	406
21	413
21	421
21	430
22	190
22	200
22	208
22	215
22	221
22	227
22	232
22	237
22	242
22	247
22	252
22	257
22	262
22	266
22	271
22	275
22	280
22	284
22	289
22	293
22	298
22	302
22	306
22	310
22	314
22	318
22	322
22	326
22	330
22	334
22	338
22	342
22	346
22	350
22	354
22	358
22	362
22	367
22	371
22	376
22	381
22	386
22	392
22	398
22	405
22	412
22	420
22	430
23	199
23	209
23	218
23	225
23	232
23	238
23	244
23	250
23	255
23	260
23	265
23	270
23	274
23	279
23	283
23	287
23	291
23	295
23	299
23	303
23	306
23	310
23	313
23	317
23	320
23	323
23	327
23	330
23	333
23	337
23	340
23	343
23	347
23	350
23	354
23	357
23	361
23	364
23	368
23	372
23	376
23	380
23	385
23	389
23	394
23	399
23	405
23	411
23	418
23	426
23	435
24	208
24	218
24	227
24	234
24	241
24	247
24	253
24	258
24	263
24	267
24	271
24	275
24	279
24	282
24	286
24	290
24	293
24	297
24	300
24	303
24	306
24	309
24	312
24	315
24	318
24	321
24	323
24	326
24	329
24	332
24	334
24	338
24	340
24	344
24	346
24	350
24	353
24	356
24	359
24	363
24	366
24	370
24	373
24	377
24	381
24	385
24	389
24	394
24	398
24	404
24	409
24	416
24	423
24	431
24	441
25	207
25	217
25	225
25	232
25	238
25	243
25	247
25	252
25	255
25	260
25	262
25	266
25	269
25	272
25	275
25	278
25	281
25	284
25	287
25	290
25	293
25	295
25	299
25	301
25	304
25	307
25	309
25	312
25	315
25	317
25	320
25	323
25	325
25	328
25	331
25	334
25	337
25	340
25	344
25	347
25	351
25	355
25	358
25	363
25	367
25	372
25	377
25	382
25	388
25	394
25	400
25	407
25	415
25	424
25	435
26	201
26	211
26	219
26	224
26	230
26	233
26	238
26	241
26	244
26	248
26	251
26	253
26	256
26	259
26	261
26	263
26	266
26	268
26	271
26	273
26	275
26	278
26	280
26	283
26	285
26	287
26	290
26	292
26	295
26	297
26	300
26	302
26	305
26	308
26	310
26	313
26	316
26	318
26	322
26	324
26	328
26	331
26	335
26	338
26	342
26	346
26	350
26	355
26	359
26	365
26	370
26	376
26	383
26	390
26	398
26	407
26	417
27	197
27	205
27	212
27	217
27	222
27	226
27	231
27	234
27	239
27	242
27	246
27	249
27	252
27	255
27	258
27	261
27	263
27	267
27	269
27	272
27	275
27	277
27	280
27	283
27	285
27	288
27	291
27	294
27	297
27	300
27	303
27	306
27	309
27	313
27	316
27	320
27	324
27	328
27	332
27	337
27	342
27	347
27	353
27	359
27	366
27	374
27	383
27	394
28	191
28	200
28	207
28	213
28	218
28	223
28	228
28	232
28	236
28	240
28	244
28	248
28	252
28	256
28	260
28	264
28	268
28	272
28	276
28	280
28	284
28	288
28	292
28	296
28	300
28	305
28	309
28	314
28	319
28	325
28	331
28	337
28	344
28	352
28	362
28	375
29	190
29	199
29	206
29	212
29	218
29	222
29	227
29	231
29	234
29	238
29	241
29	244
29	248
29	251
29	254
29	257
29	260
29	264
29	266
29	270
29	273
29	277
29	280
29	284
29	287
29	291
29	295
29	299
29	304
29	308
29	313
29	318
29	324
29	330
29	337
29	345
29	354
29	365
30	188
30	197
30	203
30	209
30	213
30	218
30	221
30	225
30	229
30	232
30	235
30	239
30	242
30	245
30	249
30	252
30	255
30	259
30	262
30	265
30	269
30	272
30	276
30	279
30	284
30	287
30	292
30	296
30	301
30	306
30	311
30	317
30	323
30	330
30	338
30	348
31	183
31	191
31	197
31	202
31	206
31	211
31	214
31	218
31	222
31	225
31	229
31	233
31	236
31	240
31	244
31	248
31	252
31	256
31	261
31	265
31	270
31	275
31	280
31	285
31	291
31	297
31	303
31	310
31	317
31	325
31	334
31	345
32	182
32	191
32	197
32	202
32	207
32	212
32	216
32	221
32	225
32	229
32	233
32	237
32	241
32	245
32	249
32	253
32	257
32	262
32	266
32	271
32	276
32	281
32	286
32	292
32	298
32	305
32	312
32	320
32	329
32	340
33	187
33	196
33	203
33	210
33	215
33	221
33	225
33	230
33	234
33	239
33	243
33	247
33	251
33	255
33	259
33	264
33	268
33	273
33	278
33	283
33	288
33	294
33	300
33	307
33	314
33	322
33	331
34	190
34	199
34	206
34	212
34	218
34	223
34	228
34	233
34	238
34	243
34	248
34	254
34	260
34	266
34	272
34	278
34	285
34	292
34	300
34	308
34	317
34	327
35	192
35	201
35	209
35	216
35	223
35	230
35	237
35	244
35	251
35	258
35	266
35	274
35	283
35	292
35	302
35	313
36	206
36	217
36	227
36	236
36	244
36	252
36	260
36	268
36	276
36	284
36	293
36	303
36	313
37	216
37	226
37	236
37	245
37	253
37	261
37	269
37	277
37	285
37	294
37	303
37	313
38	210
38	221
38	232
38	243
38	255
38	266
38	277
38	288
40	252
41	246
41	257
41	268
60	252
60	266
61	221
61	232
61	241
61	250
61	258
61	266
61	274
61	283
61	292
61	302
61	313
62	208
62	218
62	226
62	233
62	239
62	244
62	250
62	255
62	260
62	265
62	270
62	275
62	280
62	285
62	290
62	296
62	302
62	308
62	315
62	323
62	332
62	343
63	198
63	207
63	213
63	219
63	223
63	228
63	232
63	235
63	239
63	242
63	245
63	248
63	251
63	253
63	256
63	259
63	261
63	264
63	267
63	269
63	272
63	275
63	277
63	280
63	283
63	286
63	288
63	292
63	295
63	298
63	302
63	305
63	309
63	313
63	317
63	322
63	327
63	332
63	338
63	345
63	353
63	362
64	190
64	199
64	204
64	210
64	212
64	217
64	220
64	222
64	226
64	228
64	231
64	232
64	235
64	238
64	240
64	242
64	243
64	246
64	248
64	250
64	252
64	253
64	255
64	257
64	259
64	261
64	262
64	264
64	266
64	267
64	269
64	271
64	272
64	274
64	276
64	277
64	279
64	281
64	283
64	284
64	286
64	288
64	290
64	291
64	294
64	295
64	297
64	299
64	301
64	304
64	305
64	308
64	310
64	313
64	315
64	318
64	320
64	324
64	326
64	329
64	333
64	336
64	340
64	345
64	349
64	355
64	360
64	367
64	375
64	385
65	188
65	195
65	201
65	203
65	208
65	211
65	213
65	217
65	219
65	222
65	223
65	226
65	229
65	231
65	232
65	235
65	237
65	239
65	241
65	243
65	245
65	247
65	249
65	251
65	253
65	255
65	257
65	259
65	261
65	263
65	265
65	267
65	269
65	271
65	272
65	275
65	276
65	278
65	280
65	282
65	284
65	285
65	287
65	289
65	291
65	293
65	295
65	296
65	299
65	300
65	303
65	305
65	306
65	309
65	311
65	314
65	315
65	318
65	320
65	323
65	326
65	328
65	331
65	335
65	337
65	341
65	345
65	348
65	353
65	357
65	363
65	369
65	376
65	384
65	395
66	188
66	195
66	201
66	205
66	210
66	214
66	218
66	222
66	226
66	230
66	235
66	239
66	244
66	249
66	255
66	260
66	266
66	272
66	277
66	282
66	286
66	291
66	294
66	298
66	302
66	305
66	309
66	312
66	316
66	319
66	323
66	327
66	330
66	335
66	339
66	344
66	349
66	355
66	361
66	368
66	376
66	386
67	289
67	298
67	304
67	310
67	315
67	320
67	325
67	330
67	335
67	340
67	346
67	352
67	358
67	365
67	373
67	383
68	306
68	314
68	321
68	327
68	333
68	339
68	345
68	352
68	359
68	367
68	376
68	387
69	317
69	327
69	337
69	347
69	357
70	198
70	209
70	219
70	228
70	236
70	243
70	250
70	257
70	264
70	270
70	277
70	284
70	291
70	299
70	308
70	317
70	327
70	337
70	348
71	167
71	177
71	186
71	193
71	200
71	206
71	212
71	217
71	222
71	227
71	231
71	235
71	239
71	243
71	246
71	250
71	253
71	257
71	260
71	263
71	267
71	270
71	273
71	277
71	280
71	283
71	287
71	290
71	294
71	298
71	302
71	306
71	311
71	316
71	321
71	327
71	333
71	339
71	346
71	354
71	362
71	372
72	157
72	166
72	173
72	180
72	185
72	191
72	195
72	200
72	203
72	208
72	211
72	214
72	218
72	221
72	224
72	227
72	230
72	233
72	236
72	239
72	242
72	244
72	247
72	250
72	252
72	255
72	257
72	260
72	262
72	265
72	267
72	270
72	272
72	275
72	277
72	280
72	282
72	285
72	287
72	290
72	292
72	295
72	297
72	300
72	303
72	306
72	308
72	312
72	315
72	318
72	322
72	326
72	329
72	334
72	338
72	343
72	348
72	354
72	360
72	367
72	376
72	386
73	160
73	169
73	177
73	183
73	189
73	193
73	198
73	202
73	206
73	210
73	214
73	218
73	222
73	226
73	230
73	234
73	238
73	242
73	246
73	250
73	254
73	258
73	262
73	266
73	270
73	274
73	278
73	282
73	286
73	290
73	294
73	298
73	302
73	306
73	310
73	314
73	318
73	323
73	327
73	332
73	337
73	343
73	349
73	356
73	364
73	372
73	382
74	311
74	322
74	332
74	342
74	354
-1	-1
