-1	-1
0	158
0	168
0	177
0	186
0	196
0	207
7	190
7	202
7	214
7	225
7	236
7	247
7	258
7	269
7	280
7	291
7	302
7	313
7	325
7	338
8	178
8	188
8	197
8	206
8	215
8	224
8	232
8	240
8	248
8	256
8	264
8	272
8	280
8	288
8	296
8	304
8	312
8	320
8	328
8	336
8	344
8	353
8	362
8	371
8	380
8	390
8	400
8	410
8	420
8	430
8	440
8	451
9	177
9	187
9	196
9	205
9	213
9	221
9	229
9	237
9	245
9	252
9	259
9	266
9	273
9	280
9	287
9	294
9	301
9	308
9	315
9	322
9	329
9	335
9	342
9	348
9	355
9	362
9	369
9	376
9	383
9	390
9	397
9	404
9	411
9	418
9	425
9	432
9	439
9	447
9	455
9	464
9	474
10	172
10	183
10	193
10	202
10	211
10	219
10	227
10	235
10	243
10	250
10	257
10	264
10	271
10	278
10	285
10	292
10	298
10	304
10	310
10	316
10	322
10	328
10	334
10	340
10	346
10	352
10	358
10	364
10	370
10	376
10	382
10	388
10	394
10	400
10	406
10	413
10	419
10	426
10	433
10	440
10	448
10	456
10	465
10	475
11	170
11	181
11	191
11	200
11	209
11	218
11	227
11	236
11	245
11	253
11	261
11	269
11	277
11	285
11	293
11	300
11	307
11	314
11	321
11	328
11	335
11	342
11	349
11	356
11	363
11	370
11	377
11	384
11	391
11	398
11	405
11	413
11	421
11	429
11	437
11	445
11	454
11	464
11	476
12	186
12	197
12	208
12	219
12	230
12	240
12	250
12	260
12	270
12	279
12	288
12	297
12	306
12	315
12	324
12	333
12	341
12	349
12	357
12	365
12	373
12	381
12	389
12	397
12	405
12	413
12	421
12	429
12	438
12	447
12	457
12	468
13	187
13	198
13	209
13	219
13	229
13	239
13	249
13	259
13	268
13	277
13	286
13	295
13	304
13	312
13	320
13	328
13	336
13	344
13	352
13	360
13	368
13	376
13	384
13	392
13	400
13	408
13	416
13	424
13	432
13	441
13	450
13	460
13	471
14	178
14	189
14	199
14	208
14	217
14	226
14	235
14	243
14	251
14	259
14	267
14	275
14	283
14	291
14	298
14	305
14	312
14	319
14	326
14	333
14	340
14	347
14	354
14	361
14	368
14	375
14	382
14	389
14	396
14	403
14	410
14	416
14	423
14	430
14	437
14	444
14	451
14	459
14	467
14	476
14	486
15	176
15	187
15	196
15	205
15	213
15	221
15	229
15	236
15	243
15	250
15	257
15	263
15	269
15	275
15	281
15	287
15	292
15	298
15	303
15	308
15	313
15	318
15	323
15	328
15	333
15	338
15	343
15	348
15	353
15	358
15	363
15	368
15	373
15	378
15	383
15	388
15	393
15	398
15	403
15	408
15	413
15	418
15	423
15	428
15	433
15	439
15	444
15	450
15	456
15	462
15	468
15	475
15	483
15	491
15	500
15	512
16	171
16	181
16	190
16	198
16	205
16	212
16	218
16	224
16	230
16	235
16	241
16	246
16	251
16	256
16	261
16	266
16	270
16	275
16	279
16	284
16	288
16	292
16	296
16	300
16	304
16	308
16	312
16	316
16	320
16	324
16	328
16	332
16	336
16	340
16	344
16	348
16	352
16	356
16	360
16	364
16	368
16	372
16	376
16	380
16	384
16	388
16	392
16	396
16	400
16	404
16	408
16	412
16	417
16	421
16	426
16	431
16	436
16	441
16	446
16	452
16	458
16	464
16	470
16	477
16	484
16	492
16	501
16	511
17	169
17	179
17	187
17	193
17	199
17	204
17	209
17	213
17	218
17	222
17	226
17	230
17	234
17	238
17	242
17	246
17	250
17	254
17	258
17	262
17	266
17	270
17	274
17	278
17	282
17	285
17	289
17	293
17	296
17	300
17	303
17	307
17	310
17	314
17	317
17	321
17	324
17	328
17	331
17	335
17	338
17	342
17	345
17	349
17	352
17	356
17	359
17	363
17	366
17	370
17	373
17	377
17	380
17	384
17	387
17	391
17	394
17	398
17	401
17	405
17	409
17	413
17	417
17	421
17	426
17	430
17	435
17	440
17	445
17	450
17	456
17	462
17	468
17	475
17	482
17	489
17	497
17	506
17	516
18	160
18	169
18	176
18	182
18	188
18	193
18	197
18	202
18	205
18	210
18	213
18	217
18	220
18	224
18	227
18	231
18	234
18	237
18	241
18	244
18	247
18	251
18	254
18	257
18	261
18	264
18	267
18	271
18	274
18	277
18	281
18	284
18	287
18	291
18	294
18	297
18	301
18	304
18	307
18	311
18	314
18	317
18	321
18	324
18	328
18	331
18	335
18	338
18	342
18	346
18	350
18	354
18	358
18	362
18	366
18	370
18	374
18	378
18	382
18	386
18	390
18	394
18	398
18	402
18	406
18	410
18	415
18	419
18	424
18	429
18	434
18	440
18	446
18	452
18	458
18	464
18	471
18	478
18	485
18	493
18	501
18	510
18	520
19	158
19	167
19	173
19	179
19	184
19	189
19	193
19	197
19	201
19	205
19	209
19	212
19	216
19	219
19	223
19	226
19	230
19	233
19	237
19	240
19	243
19	247
19	250
19	253
19	257
19	260
19	263
19	267
19	270
19	273
19	276
19	279
19	283
19	285
19	289
19	292
19	295
19	299
19	302
19	306
19	309
19	313
19	317
19	321
19	325
19	329
19	334
19	338
19	343
19	347
19	352
19	357
19	361
19	366
19	370
19	375
19	379
19	384
19	388
19	393
19	398
19	403
19	408
19	413
19	418
19	423
19	429
19	434
19	440
19	446
19	452
19	458
19	464
19	470
19	476
19	482
19	488
19	495
19	502
19	509
19	517
19	526
19	537
20	158
20	166
20	172
20	178
20	183
20	187
20	192
20	195
20	200
20	203
20	208
20	211
20	215
20	219
20	223
20	227
20	231
20	235
20	239
20	243
20	247
20	251
20	255
20	259
20	263
20	267
20	271
20	275
20	279
20	284
20	288
20	293
20	297
20	302
20	306
20	311
20	315
20	320
20	324
20	329
20	333
20	338
20	343
20	348
20	353
20	358
20	363
20	368
20	373
20	377
20	382
20	386
20	391
20	395
20	400
20	404
20	409
20	413
20	418
20	422
20	427
20	431
20	435
20	440
20	444
20	448
20	453
20	457
20	462
20	466
20	471
20	475
20	480
20	485
20	490
20	495
20	500
20	506
20	512
20	518
20	525
20	533
20	543
21	162
21	171
21	179
21	185
21	191
21	196
21	202
21	207
21	212
21	217
21	222
21	227
21	232
21	237
21	242
21	247
21	252
21	257
21	262
21	267
21	272
21	276
21	281
21	285
21	290
21	294
21	298
21	302
21	306
21	310
21	314
21	318
21	322
21	326
21	330
21	333
21	337
21	341
21	344
21	348
21	351
21	355
21	358
21	362
21	365
21	369
21	372
21	376
21	379
21	383
21	386
21	390
21	393
21	397
21	400
21	404
21	407
21	411
21	414
21	417
21	421
21	423
21	427
21	430
21	433
21	436
21	439
21	442
21	445
21	448
21	451
21	454
21	457
21	460
21	463
21	466
21	469
21	473
21	476
21	480
21	483
21	487
21	491
21	495
21	499
21	503
21	508
21	513
21	518
21	524
21	530
21	537
21	546
21	557
22	171
22	181
22	190
22	198
22	205
22	212
22	219
22	225
22	231
22	237
22	242
22	247
22	252
22	256
22	261
22	264
22	268
22	272
22	275
22	279
22	282
22	285
22	288
22	291
22	294
22	297
22	300
22	302
22	305
22	308
22	310
22	313
22	315
22	318
22	320
22	323
22	325
22	328
22	330
22	332
22	335
22	337
22	339
22	342
22	344
22	346
22	349
22	351
22	353
22	355
22	358
22	360
22	362
22	365
22	367
22	369
22	372
22	374
22	376
22	379
22	381
22	384
22	386
22	388
22	391
22	393
22	396
22	398
22	401
22	404
22	406
22	409
22	411
22	414
22	417
22	419
22	422
22	425
22	427
22	430
22	433
22	435
22	438
22	441
22	444
22	446
22	449
22	452
22	455
22	458
22	461
22	465
22	468
22	472
22	476
22	479
22	484
22	488
22	493
22	498
22	503
22	509
22	515
22	522
22	530
22	540
23	176
23	186
23	194
23	202
23	209
23	215
23	221
23	226
23	231
23	236
23	241
23	245
23	249
23	252
23	256
23	259
23	262
23	265
23	268
23	271
23	273
23	276
23	279
23	281
23	284
23	286
23	289
23	291
23	293
23	296
23	298
23	300
23	302
23	304
23	307
23	308
23	311
23	312
23	315
23	316
23	319
23	320
23	322
23	324
23	326
23	328
23	330
23	331
23	333
23	335
23	337
23	338
23	340
23	342
23	343
23	345
23	347
23	348
23	350
23	352
23	353
23	355
23	357
23	358
23	360
23	362
23	364
23	365
23	367
23	369
23	370
23	373
23	374
23	376
23	378
23	379
23	382
23	383
23	385
23	387
23	389
23	391
23	393
23	395
23	397
23	399
23	401
23	403
23	405
23	407
23	409
23	412
23	414
23	416
23	418
23	421
23	423
23	426
23	428
23	431
23	434
23	436
23	439
23	442
23	445
23	448
23	452
23	455
23	459
23	463
23	467
23	472
23	477
23	482
23	488
23	494
23	501
23	509
23	518
24	170
24	180
24	189
24	196
24	202
24	208
24	213
24	218
24	222
24	227
24	231
24	235
24	239
24	242
24	246
24	249
24	252
24	255
24	258
24	261
24	264
24	267
24	270
24	273
24	276
24	279
24	281
24	284
24	287
24	290
24	292
24	295
24	298
24	300
24	303
24	306
24	308
24	311
24	314
24	316
24	319
24	322
24	324
24	327
24	330
24	332
24	335
24	338
24	340
24	343
24	346
24	348
24	351
24	354
24	357
24	359
24	363
24	365
24	368
24	371
24	374
24	377
24	380
24	383
24	386
24	389
24	392
24	395
24	398
24	401
24	404
24	407
24	410
24	414
24	417
24	421
24	424
24	428
24	432
24	436
24	440
24	445
24	449
24	455
24	460
24	466
24	473
24	481
24	490
24	500
25	167
25	177
25	184
25	191
25	196
25	201
25	205
25	210
25	212
25	216
25	220
25	222
25	225
25	228
25	231
25	233
25	236
25	238
25	241
25	243
25	245
25	248
25	250
25	252
25	254
25	257
25	259
25	261
25	263
25	266
25	268
25	270
25	272
25	275
25	276
25	279
25	281
25	283
25	286
25	287
25	290
25	292
25	294
25	297
25	299
25	301
25	304
25	306
25	308
25	311
25	313
25	316
25	318
25	321
25	324
25	326
25	329
25	332
25	335
25	338
25	341
25	345
25	348
25	352
25	355
25	359
25	363
25	367
25	371
25	376
25	380
25	385
25	390
25	395
25	401
25	407
25	413
25	419
25	426
25	433
25	441
25	450
25	460
26	162
26	171
26	179
26	185
26	191
26	195
26	200
26	203
26	207
26	211
26	213
26	217
26	220
26	222
26	225
26	228
26	231
26	233
26	236
26	239
26	241
26	244
26	246
26	249
26	251
26	254
26	256
26	259
26	262
26	264
26	267
26	270
26	273
26	276
26	278
26	282
26	285
26	288
26	291
26	295
26	298
26	302
26	305
26	309
26	313
26	317
26	321
26	325
26	329
26	334
26	338
26	344
26	349
26	355
26	361
26	367
26	374
26	381
26	388
26	396
26	404
26	413
26	422
26	432
26	443
27	161
27	170
27	176
27	182
27	185
27	190
27	193
27	197
27	201
27	204
27	207
27	211
27	213
27	217
27	220
27	223
27	226
27	229
27	232
27	235
27	238
27	241
27	245
27	248
27	251
27	255
27	258
27	262
27	265
27	269
27	273
27	277
27	281
27	285
27	289
27	294
27	298
27	303
27	308
27	313
27	318
27	324
27	330
27	336
27	343
27	350
27	357
27	365
27	373
27	381
27	390
27	399
27	409
27	423
28	160
28	169
28	174
28	180
28	183
28	188
28	191
28	194
28	198
28	201
28	203
28	207
28	209
28	212
28	215
28	218
28	221
28	224
28	227
28	230
28	233
28	236
28	239
28	243
28	246
28	249
28	253
28	256
28	260
28	264
28	268
28	272
28	277
28	281
28	286
28	291
28	297
28	303
28	309
28	316
28	323
28	331
28	339
28	348
28	358
28	368
28	379
29	159
29	168
29	174
29	180
29	185
29	190
29	195
29	200
29	204
29	209
29	213
29	218
29	222
29	227
29	231
29	236
29	240
29	245
29	250
29	255
29	260
29	265
29	270
29	276
29	281
29	287
29	293
29	299
29	306
29	313
29	321
29	329
29	338
29	348
29	359
29	374
30	160
30	169
30	177
30	184
30	190
30	196
30	201
30	206
30	211
30	216
30	221
30	225
30	230
30	234
30	239
30	243
30	248
30	252
30	257
30	261
30	266
30	271
30	276
30	281
30	287
30	293
30	299
30	306
30	313
30	321
30	330
30	339
30	349
30	361
31	159
31	169
31	177
31	184
31	191
31	198
31	204
31	210
31	216
31	222
31	228
31	234
31	240
31	247
31	254
31	261
31	269
31	277
31	286
31	295
31	305
31	315
31	326
31	337
32	167
32	177
32	185
32	192
32	199
32	206
32	213
32	219
32	226
32	233
32	240
32	247
32	255
32	263
32	272
32	281
32	291
32	301
32	311
32	321
32	331
32	341
32	352
32	364
33	172
33	182
33	191
33	199
33	206
33	213
33	220
33	227
33	234
33	241
33	248
33	256
33	264
33	272
33	281
33	290
33	300
33	311
33	323
34	178
34	189
34	199
34	208
34	217
34	225
34	233
34	241
34	249
34	257
34	265
34	273
34	281
34	289
34	297
34	306
34	315
34	325
34	336
35	190
35	201
35	210
35	218
35	226
35	233
35	240
35	247
35	254
35	261
35	268
35	275
35	282
35	289
35	297
35	305
35	314
35	324
35	335
36	202
36	213
36	223
36	233
36	243
36	253
36	263
36	274
36	285
37	199
37	210
37	221
37	231
37	241
37	251
37	261
37	271
37	281
37	291
37	302
37	313
37	325
38	183
38	194
38	203
38	212
38	220
38	228
38	236
38	244
38	252
38	260
38	268
38	276
38	285
38	294
38	304
38	314
38	326
39	191
39	202
39	212
39	222
39	232
39	242
39	253
39	265
52	227
52	239
52	250
52	262
53	229
53	241
53	254
56	242
56	255
56	269
57	220
57	231
57	241
57	251
57	260
57	269
57	279
57	289
57	300
58	226
58	237
58	248
58	259
58	270
58	284
61	238
61	254
62	206
62	217
62	227
62	236
62	245
62	254
62	263
62	272
62	281
62	291
62	301
62	313
63	216
63	228
63	239
63	250
63	262
63	274
63	288
64	192
64	204
64	215
64	226
64	237
64	248
64	258
64	268
64	278
64	288
64	298
64	308
64	318
64	329
64	340
64	351
64	363
64	375
65	178
65	188
65	197
65	205
65	213
65	221
65	228
65	235
65	242
65	249
65	256
65	263
65	270
65	276
65	283
65	289
65	295
65	301
65	307
65	313
65	319
65	326
65	332
65	339
65	346
65	353
65	360
65	367
65	374
65	381
65	389
65	397
65	405
65	413
65	422
65	431
65	441
65	451
65	463
66	171
66	180
66	188
66	194
66	200
66	205
66	210
66	215
66	220
66	224
66	229
66	233
66	237
66	241
66	245
66	249
66	253
66	257
66	261
66	264
66	268
66	272
66	275
66	279
66	282
66	286
66	289
66	293
66	296
66	300
66	303
66	307
66	310
66	314
66	317
66	321
66	324
66	328
66	331
66	335
66	338
66	342
66	345
66	349
66	353
66	356
66	360
66	364
66	367
66	371
66	375
66	379
66	383
66	387
66	391
66	395
66	399
66	404
66	408
66	413
66	417
66	422
66	427
66	432
66	437
66	443
66	448
66	454
66	460
66	466
66	473
66	480
66	488
66	496
66	506
67	169
67	178
67	183
67	189
67	192
67	197
67	200
67	203
67	207
67	210
67	212
67	216
67	218
67	221
67	223
67	226
67	229
67	231
67	233
67	236
67	238
67	241
67	242
67	245
67	247
67	249
67	252
67	253
67	256
67	258
67	260
67	262
67	264
67	266
67	268
67	270
67	272
67	274
67	276
67	278
67	280
67	282
67	284
67	286
67	288
67	290
67	292
67	294
67	296
67	298
67	300
67	301
67	304
67	305
67	307
67	309
67	311
67	313
67	315
67	316
67	319
67	320
67	322
67	324
67	326
67	328
67	330
67	332
67	334
67	336
67	338
67	340
67	342
67	344
67	346
67	348
67	350
67	352
67	354
67	356
67	358
67	360
67	362
67	364
67	366
67	368
67	370
67	372
67	374
67	376
67	378
67	380
67	382
67	385
67	386
67	389
67	391
67	393
67	395
67	398
67	400
67	402
67	405
67	407
67	409
67	412
67	414
67	417
67	419
67	422
67	424
67	427
67	429
67	432
67	435
67	437
67	440
67	443
67	446
67	449
67	452
67	455
67	458
67	461
67	465
67	468
67	472
67	475
67	479
67	483
67	487
67	491
67	496
67	501
67	507
67	513
67	520
67	528
67	538
68	168
68	175
68	181
68	184
68	189
68	192
68	194
68	198
68	201
68	202
68	205
68	208
68	210
68	212
68	213
68	216
68	218
68	220
68	222
68	223
68	225
68	227
68	229
68	231
68	232
68	234
68	236
68	237
68	239
68	241
68	242
68	244
68	245
68	247
68	249
68	250
68	252
68	253
68	254
68	256
68	258
68	259
68	260
68	262
68	263
68	265
68	266
68	268
68	269
68	270
68	272
68	273
68	275
68	276
68	277
68	279
68	280
68	282
68	283
68	284
68	286
68	287
68	289
68	290
68	291
68	293
68	294
68	295
68	297
68	298
68	300
68	301
68	302
68	304
68	305
68	306
68	308
68	309
68	311
68	312
68	313
68	315
68	316
68	317
68	319
68	320
68	322
68	323
68	324
68	326
68	327
68	328
68	330
68	331
68	333
68	334
68	335
68	337
68	338
68	340
68	341
68	342
68	344
68	345
68	347
68	348
68	349
68	351
68	353
68	354
68	355
68	357
68	358
68	360
68	361
68	363
68	364
68	366
68	367
68	369
68	370
68	372
68	373
68	375
68	376
68	378
68	379
68	381
68	383
68	384
68	385
68	387
68	389
68	390
68	392
68	393
68	395
68	397
68	398
68	400
68	401
68	403
68	405
68	406
68	408
68	410
68	411
68	413
68	415
68	416
68	418
68	420
68	422
68	423
68	425
68	427
68	429
68	430
68	433
68	434
68	436
68	438
68	440
68	442
68	444
68	446
68	448
68	450
68	452
68	455
68	456
68	459
68	461
68	464
68	466
68	468
68	471
68	474
68	476
68	479
68	482
68	485
68	488
68	492
68	495
68	499
68	503
68	508
68	513
68	518
68	525
68	532
68	541
69	168
69	176
69	182
69	187
69	192
69	195
69	200
69	202
69	206
69	209
69	212
69	214
69	218
69	220
69	223
69	225
69	228
69	230
69	233
69	235
69	237
69	240
69	242
69	244
69	247
69	249
69	251
69	253
69	256
69	258
69	260
69	262
69	265
69	267
69	269
69	271
69	274
69	276
69	278
69	280
69	283
69	285
69	287
69	289
69	292
69	294
69	296
69	299
69	301
69	303
69	306
69	308
69	310
69	313
69	315
69	318
69	320
69	323
69	325
69	328
69	330
69	333
69	335
69	338
69	340
69	343
69	346
69	348
69	351
69	354
69	356
69	359
69	362
69	365
69	367
69	370
69	373
69	376
69	379
69	382
69	385
69	388
69	391
69	394
69	397
69	400
69	403
69	406
69	409
69	412
69	415
69	418
69	421
69	424
69	427
69	430
69	434
69	437
69	440
69	444
69	447
69	451
69	455
69	459
69	464
69	468
69	474
69	479
69	485
69	492
69	500
69	510
72	182
72	193
72	203
72	213
72	223
72	233
72	243
72	252
72	261
72	270
72	279
72	288
72	297
72	306
72	315
72	324
72	333
72	342
72	351
72	360
72	369
72	378
72	387
72	396
72	405
72	414
72	423
72	432
72	441
72	450
72	459
72	468
72	477
72	486
72	495
72	505
72	516
73	163
73	172
73	180
73	187
73	193
73	199
73	204
73	209
73	214
73	219
73	224
73	229
73	234
73	239
73	243
73	248
73	252
73	257
73	261
73	266
73	270
73	275
73	279
73	284
73	288
73	293
73	297
73	302
73	306
73	311
73	315
73	319
73	324
73	328
73	332
73	337
73	341
73	345
73	350
73	354
73	358
73	362
73	366
73	370
73	374
73	378
73	383
73	387
73	391
73	396
73	400
73	405
73	409
73	414
73	418
73	423
73	427
73	432
73	436
73	441
73	445
73	450
73	454
73	459
73	463
73	468
73	472
73	477
73	481
73	486
73	490
73	495
73	500
73	505
73	511
73	517
73	524
73	532
73	541
74	150
74	160
74	168
74	174
74	180
74	185
74	190
74	194
74	199
74	202
74	207
74	210
74	214
74	218
74	221
74	225
74	229
74	232
74	236
74	239
74	243
74	246
74	250
74	253
74	257
74	260
74	264
74	267
74	271
74	274
74	278
74	281
74	285
74	288
74	292
74	295
74	299
74	302
74	306
74	309
74	313
74	316
74	320
74	323
74	327
74	330
74	334
74	337
74	341
74	344
74	348
74	351
74	355
74	358
74	362
74	365
74	369
74	372
74	376
74	379
74	383
74	386
74	390
74	393
74	397
74	400
74	404
74	407
74	411
74	414
74	418
74	421
74	425
74	428
74	432
74	435
74	439
74	442
74	446
74	449
74	453
74	457
74	460
74	464
74	468
74	472
74	476
74	480
74	484
74	488
74	492
74	496
74	501
74	505
74	510
74	515
74	521
74	527
74	535
74	544
74	555
75	141
75	152
75	162
75	170
75	178
75	185
75	191
75	197
75	203
75	209
75	215
75	221
75	227
75	233
75	239
75	245
75	252
75	259
75	266
75	273
75	280
75	287
75	295
75	303
75	311
75	319
75	327
75	335
75	343
75	351
75	359
75	367
75	375
75	383
75	391
75	399
75	407
75	415
75	423
75	431
75	439
75	447
75	455
75	463
75	472
75	481
75	491
75	503
-1	-1
