-1	-1
0	271
0	281
0	290
0	299
0	308
0	318
0	328
0	339
0	354
1	282
1	294
1	306
5	289
5	300
5	311
5	322
5	333
5	344
5	355
5	366
5	377
5	388
5	399
5	410
5	422
5	435
6	279
6	290
6	300
6	309
6	318
6	327
6	336
6	345
6	354
6	363
6	372
6	381
6	390
6	399
6	408
6	417
6	427
6	437
6	447
6	457
6	468
6	480
7	277
7	287
7	295
7	303
7	311
7	318
7	325
7	332
7	339
7	346
7	353
7	360
7	367
7	374
7	381
7	388
7	395
7	402
7	409
7	416
7	424
7	432
7	440
7	448
7	457
7	466
7	476
7	486
7	497
8	272
8	281
8	289
8	295
8	301
8	307
8	312
8	318
8	323
8	328
8	333
8	338
8	343
8	348
8	353
8	358
8	363
8	368
8	373
8	378
8	383
8	388
8	393
8	398
8	403
8	408
8	414
8	419
8	425
8	431
8	437
8	443
8	450
8	457
8	464
8	472
8	480
8	488
8	497
8	506
8	516
8	526
8	537
9	270
9	279
9	285
9	291
9	296
9	301
9	305
9	310
9	314
9	318
9	322
9	326
9	330
9	334
9	338
9	341
9	345
9	349
9	352
9	356
9	360
9	364
9	368
9	372
9	376
9	380
9	384
9	388
9	392
9	396
9	400
9	404
9	408
9	412
9	416
9	421
9	425
9	430
9	435
9	440
9	445
9	450
9	455
9	460
9	466
9	472
9	478
9	484
9	491
9	498
9	505
9	513
9	521
9	530
9	539
9	550
10	277
10	286
10	293
10	299
10	304
10	309
10	313
10	318
10	322
10	326
10	330
10	334
10	338
10	342
10	345
10	349
10	352
10	356
10	359
10	363
10	366
10	370
10	373
10	377
10	380
10	384
10	387
10	391
10	394
10	398
10	401
10	405
10	408
10	412
10	415
10	419
10	423
10	427
10	431
10	435
10	439
10	443
10	447
10	452
10	456
10	461
10	466
10	471
10	476
10	482
10	488
10	494
10	500
10	507
10	514
10	522
10	530
10	539
10	549
11	280
11	289
11	297
11	303
11	309
11	314
11	320
11	324
11	329
11	333
11	338
11	342
11	347
11	351
11	355
11	359
11	363
11	367
11	371
11	375
11	379
11	383
11	387
11	391
11	395
11	399
11	403
11	407
11	411
11	415
11	419
11	424
11	428
11	433
11	438
11	443
11	448
11	453
11	458
11	464
11	470
11	476
11	483
11	490
11	498
11	506
11	515
11	525
11	536
12	288
12	298
12	306
12	313
12	320
12	326
12	332
12	338
12	344
12	349
12	355
12	360
12	365
12	370
12	375
12	380
12	385
12	390
12	395
12	400
12	405
12	410
12	416
12	421
12	427
12	433
12	439
12	446
12	453
12	460
12	467
12	475
12	484
12	493
12	503
12	514
13	299
13	310
13	320
13	329
13	338
13	346
13	354
13	362
13	370
13	378
13	386
13	394
13	402
13	410
13	418
13	426
13	435
13	444
13	454
13	464
13	475
14	312
14	324
14	335
14	345
14	355
14	365
14	375
14	385
14	395
14	405
14	415
14	425
14	435
14	445
14	456
14	467
14	479
15	299
15	310
15	320
15	330
15	339
15	348
15	357
15	366
15	375
15	384
15	393
15	402
15	410
15	419
15	428
15	437
15	446
15	455
15	464
15	474
15	484
15	494
15	504
15	515
15	526
16	291
16	302
16	312
16	321
16	330
16	339
16	347
16	355
16	363
16	371
16	379
16	386
16	393
16	400
16	407
16	414
16	421
16	428
16	435
16	442
16	449
16	457
16	465
16	473
16	481
16	489
16	497
16	505
16	513
16	521
16	529
16	538
16	548
16	559
17	288
17	298
17	307
17	316
17	324
17	332
17	339
17	346
17	353
17	359
17	365
17	371
17	377
17	383
17	389
17	394
17	400
17	405
17	411
17	416
17	421
17	426
17	431
17	436
17	441
17	446
17	451
17	457
17	462
17	467
17	472
17	477
17	482
17	487
17	492
17	497
17	503
17	508
17	514
17	519
17	525
17	531
17	537
17	543
17	549
17	556
17	564
17	573
17	583
18	278
18	287
18	295
18	302
18	309
18	314
18	320
18	325
18	330
18	335
18	340
18	345
18	350
18	354
18	359
18	363
18	368
18	372
18	376
18	380
18	384
18	388
18	392
18	396
18	400
18	403
18	407
18	410
18	414
18	417
18	421
18	424
18	428
18	431
18	435
18	438
18	442
18	445
18	449
18	452
18	456
18	459
18	463
18	466
18	470
18	473
18	477
18	480
18	484
18	487
18	491
18	494
18	498
18	501
18	505
18	509
18	512
18	516
18	520
18	524
18	528
18	532
18	536
18	540
18	545
18	549
18	555
18	560
18	566
18	572
18	579
18	587
18	597
19	273
19	282
19	290
19	296
19	302
19	307
19	312
19	316
19	321
19	324
19	329
19	332
19	336
19	340
19	343
19	347
19	350
19	354
19	357
19	361
19	364
19	367
19	371
19	373
19	377
19	380
19	383
19	386
19	389
19	392
19	395
19	398
19	401
19	404
19	407
19	410
19	413
19	416
19	419
19	422
19	425
19	428
19	431
19	434
19	437
19	440
19	443
19	446
19	449
19	452
19	455
19	458
19	461
19	464
19	467
19	470
19	473
19	476
19	479
19	483
19	486
19	489
19	493
19	496
19	499
19	503
19	506
19	510
19	514
19	517
19	521
19	525
19	529
19	533
19	537
19	541
19	546
19	550
19	555
19	560
19	565
19	571
19	577
19	584
19	591
19	599
19	609
20	271
20	280
20	287
20	292
20	297
20	302
20	306
20	310
20	314
20	317
20	321
20	324
20	328
20	331
20	334
20	338
20	340
20	344
20	347
20	350
20	353
20	356
20	359
20	362
20	365
20	368
20	371
20	374
20	377
20	380
20	383
20	385
20	389
20	391
20	394
20	397
20	399
20	402
20	405
20	407
20	410
20	413
20	416
20	418
20	421
20	424
20	427
20	430
20	433
20	436
20	439
20	442
20	445
20	448
20	451
20	455
20	457
20	461
20	464
20	468
20	471
20	475
20	478
20	482
20	486
20	489
20	494
20	497
20	502
20	506
20	511
20	516
20	521
20	526
20	531
20	536
20	541
20	547
20	552
20	558
20	564
20	570
20	577
20	584
20	592
20	601
20	613
21	270
21	279
21	285
21	291
21	296
21	301
21	305
21	310
21	314
21	318
21	322
21	326
21	330
21	334
21	338
21	341
21	345
21	349
21	352
21	356
21	359
21	363
21	366
21	370
21	373
21	376
21	380
21	383
21	386
21	390
21	393
21	396
21	400
21	403
21	406
21	410
21	413
21	416
21	420
21	423
21	426
21	430
21	433
21	437
21	440
21	444
21	447
21	451
21	455
21	459
21	463
21	467
21	471
21	475
21	479
21	484
21	488
21	493
21	498
21	503
21	508
21	513
21	518
21	524
21	530
21	536
21	542
21	548
21	554
21	560
21	567
21	574
21	582
21	591
21	601
22	271
22	280
22	287
22	293
22	299
22	304
22	310
22	314
22	319
22	323
22	328
22	332
22	336
22	340
22	344
22	348
22	352
22	356
22	360
22	364
22	368
22	371
22	375
22	379
22	382
22	386
22	389
22	393
22	396
22	400
22	403
22	407
22	410
22	414
22	417
22	421
22	424
22	428
22	431
22	435
22	438
22	442
22	446
22	449
22	453
22	457
22	461
22	465
22	469
22	473
22	477
22	481
22	485
22	489
22	494
22	498
22	503
22	508
22	513
22	518
22	523
22	528
22	533
22	538
22	543
22	548
22	554
22	560
22	566
22	573
22	580
22	588
22	598
23	277
23	286
23	294
23	301
23	308
23	314
23	320
23	326
23	331
23	336
23	341
23	345
23	350
23	353
23	358
23	361
23	365
23	368
23	372
23	375
23	378
23	381
23	384
23	387
23	390
23	393
23	395
23	399
23	401
23	404
23	407
23	409
23	412
23	415
23	417
23	420
23	423
23	425
23	428
23	431
23	433
23	436
23	439
23	441
23	444
23	447
23	450
23	452
23	456
23	458
23	461
23	464
23	467
23	470
23	473
23	476
23	479
23	482
23	485
23	488
23	491
23	495
23	498
23	501
23	505
23	508
23	512
23	516
23	520
23	524
23	528
23	532
23	536
23	540
23	544
23	548
23	553
23	557
23	562
23	567
23	573
23	579
23	586
23	594
23	603
23	615
24	280
24	290
24	299
24	307
24	313
24	319
24	324
24	329
24	333
24	338
24	342
24	346
24	350
24	353
24	357
24	360
24	363
24	366
24	369
24	372
24	375
24	378
24	381
24	383
24	386
24	388
24	391
24	393
24	395
24	398
24	400
24	402
24	404
24	407
24	409
24	411
24	413
24	416
24	418
24	420
24	422
24	425
24	427
24	429
24	431
24	434
24	436
24	438
24	440
24	443
24	445
24	447
24	450
24	452
24	454
24	457
24	459
24	462
24	464
24	467
24	469
24	472
24	475
24	477
24	480
24	483
24	486
24	488
24	492
24	494
24	497
24	500
24	504
24	506
24	510
24	513
24	517
24	520
24	524
24	527
24	531
24	534
24	538
24	541
24	545
24	548
24	552
24	556
24	560
24	565
24	569
24	574
24	579
24	585
24	591
24	598
24	606
24	616
25	279
25	289
25	297
25	304
25	310
25	315
25	321
25	324
25	329
25	332
25	336
25	339
25	342
25	345
25	348
25	351
25	354
25	357
25	360
25	362
25	365
25	368
25	370
25	373
25	375
25	378
25	380
25	383
25	385
25	388
25	390
25	393
25	395
25	398
25	400
25	402
25	405
25	407
25	409
25	412
25	414
25	416
25	419
25	421
25	424
25	426
25	429
25	431
25	434
25	436
25	439
25	441
25	444
25	447
25	449
25	452
25	455
25	457
25	460
25	463
25	466
25	468
25	472
25	474
25	477
25	480
25	484
25	486
25	490
25	493
25	497
25	500
25	504
25	508
25	512
25	516
25	520
25	525
25	529
25	534
25	538
25	543
25	547
25	552
25	556
25	561
25	566
25	572
25	578
25	585
25	592
25	600
25	610
26	280
26	290
26	297
26	303
26	309
26	313
26	318
26	322
26	326
26	330
26	334
26	338
26	341
26	345
26	348
26	352
26	354
26	358
26	361
26	364
26	367
26	370
26	373
26	376
26	379
26	382
26	385
26	388
26	391
26	394
26	397
26	400
26	404
26	406
26	410
26	413
26	417
26	420
26	424
26	427
26	431
26	435
26	438
26	442
26	446
26	450
26	454
26	458
26	463
26	467
26	472
26	477
26	482
26	488
26	494
26	500
26	507
26	514
26	522
26	530
26	538
26	546
26	554
26	563
26	572
26	582
26	595
27	281
27	290
27	296
27	302
27	305
27	310
27	313
27	317
27	320
27	323
27	327
27	330
27	333
27	336
27	340
27	343
27	346
27	350
27	353
27	357
27	360
27	364
27	367
27	371
27	374
27	378
27	382
27	386
27	390
27	394
27	398
27	402
27	406
27	410
27	415
27	419
27	424
27	429
27	434
27	439
27	445
27	450
27	456
27	462
27	468
27	475
27	482
27	490
27	499
27	509
27	520
27	532
27	543
27	554
28	279
28	288
28	294
28	300
28	304
28	309
28	312
28	316
28	320
28	323
28	327
28	330
28	334
28	337
28	341
28	344
28	348
28	352
28	355
28	359
28	363
28	367
28	371
28	375
28	379
28	384
28	388
28	393
28	398
28	403
28	408
28	414
28	420
28	426
28	433
28	440
28	447
28	455
28	464
28	474
28	486
29	278
29	287
29	294
29	300
29	306
29	311
29	317
29	322
29	328
29	334
29	340
29	346
29	352
29	358
29	365
29	372
29	379
29	386
29	394
29	402
29	411
29	420
29	430
29	441
30	276
30	284
30	291
30	297
30	302
30	307
30	312
30	317
30	322
30	327
30	332
30	338
30	344
30	350
30	356
30	363
30	370
30	377
30	385
30	393
30	402
30	412
30	423
31	277
31	285
31	292
31	299
31	305
31	311
31	317
31	324
31	331
31	338
31	345
31	353
31	361
31	370
31	379
31	388
31	398
31	408
31	418
31	429
32	287
32	297
32	306
32	315
32	324
32	333
32	342
32	352
32	362
32	372
32	383
32	394
32	405
32	416
32	427
32	439
33	292
33	302
33	311
33	319
33	327
33	335
33	343
33	351
33	359
33	368
33	377
33	387
33	397
33	408
33	420
34	299
34	310
34	320
34	330
34	340
34	350
34	360
34	370
34	380
34	391
34	403
35	298
35	309
35	320
35	331
35	343
35	355
35	367
35	379
36	287
36	297
36	305
36	313
36	320
36	327
36	335
36	343
36	351
36	360
36	370
36	380
36	391
36	403
37	288
37	298
37	307
37	315
37	323
37	331
37	339
37	348
37	357
37	367
37	377
37	388
37	400
39	300
39	311
39	322
39	332
39	343
39	355
40	290
40	300
40	309
40	317
40	325
40	333
40	341
40	349
40	358
40	367
40	377
40	388
41	299
41	310
41	321
41	332
41	343
41	354
41	367
44	291
44	302
44	313
44	324
44	335
44	347
45	291
45	303
45	315
48	310
48	321
48	332
48	343
48	355
49	308
49	319
49	329
49	339
49	349
49	359
49	371
62	330
62	343
62	356
63	298
63	308
63	317
63	325
63	333
63	341
63	349
63	357
63	365
63	373
63	382
63	391
63	401
63	411
63	422
63	434
64	289
64	298
64	305
64	312
64	317
64	323
64	328
64	333
64	338
64	342
64	347
64	351
64	356
64	360
64	365
64	370
64	375
64	380
64	385
64	391
64	397
64	403
64	409
64	416
64	423
64	431
64	440
64	449
64	459
64	470
65	288
65	296
65	302
65	307
65	311
65	315
65	319
65	322
65	325
65	329
65	331
65	334
65	337
65	340
65	342
65	345
65	348
65	350
65	353
65	356
65	358
65	361
65	364
65	366
65	369
65	372
65	375
65	377
65	380
65	383
65	386
65	389
65	392
65	395
65	398
65	402
65	405
65	409
65	413
65	417
65	421
65	426
65	430
65	435
65	440
65	446
65	452
65	458
65	465
65	473
65	481
65	490
65	501
66	288
66	295
66	301
66	304
66	309
66	312
66	314
66	318
66	321
66	322
66	326
66	328
66	331
66	332
66	335
66	337
66	339
66	342
66	343
66	345
66	348
66	349
66	352
66	353
66	355
66	357
66	359
66	361
66	363
66	365
66	366
66	369
66	370
66	372
66	374
66	376
66	378
66	380
66	382
66	384
66	386
66	388
66	390
66	392
66	394
66	396
66	398
66	400
66	403
66	404
66	407
66	409
66	411
66	414
66	416
66	418
66	421
66	424
66	426
66	429
66	432
66	435
66	437
66	441
66	444
66	447
66	450
66	454
66	457
66	461
66	465
66	469
66	474
66	478
66	484
66	489
66	495
66	501
66	508
66	515
66	523
66	531
66	540
66	550
66	563
67	291
67	300
67	307
67	313
67	319
67	323
67	328
67	332
67	336
67	340
67	343
67	347
67	351
67	353
67	357
67	360
67	363
67	366
67	369
67	371
67	374
67	376
67	379
67	381
67	383
67	386
67	388
67	390
67	392
67	395
67	397
67	399
67	401
67	403
67	405
67	407
67	409
67	411
67	413
67	415
67	417
67	419
67	421
67	423
67	425
67	427
67	429
67	431
67	434
67	435
67	438
67	440
67	442
67	445
67	447
67	449
67	452
67	454
67	457
67	459
67	462
67	465
67	467
67	470
67	473
67	476
67	479
67	482
67	486
67	488
67	492
67	496
67	499
67	503
67	507
67	511
67	516
67	520
67	525
67	530
67	535
67	540
67	546
67	552
67	558
67	565
67	573
67	583
68	368
68	378
68	385
68	391
68	395
68	400
68	403
68	407
68	411
68	413
68	417
68	420
68	422
68	425
68	428
68	430
68	433
68	435
68	438
68	440
68	442
68	445
68	447
68	449
68	452
68	454
68	456
68	459
68	461
68	463
68	466
68	468
68	470
68	473
68	475
68	477
68	480
68	482
68	485
68	487
68	490
68	492
68	495
68	497
68	500
68	503
68	505
68	508
68	511
68	514
68	517
68	520
68	523
68	527
68	529
68	534
68	537
68	541
68	545
68	549
68	554
68	559
68	565
68	571
68	578
68	586
68	596
69	403
69	413
69	421
69	429
69	435
69	441
69	445
69	450
69	453
69	458
69	461
69	465
69	469
69	472
69	475
69	479
69	482
69	485
69	489
69	492
69	495
69	498
69	502
69	505
69	508
69	512
69	515
69	519
69	522
69	526
69	530
69	534
69	538
69	543
69	548
69	554
69	560
69	567
69	576
69	587
70	317
70	328
70	339
70	349
70	360
70	371
70	383
71	291
71	301
71	309
71	316
71	322
71	328
71	334
71	340
71	345
71	351
71	356
71	362
71	367
71	373
71	379
71	385
71	391
71	398
71	405
71	413
71	421
71	430
71	440
71	453
72	286
72	293
72	300
72	304
72	310
72	313
72	318
72	321
72	324
72	328
72	331
72	334
72	337
72	340
72	343
72	346
72	349
72	352
72	354
72	358
72	360
72	363
72	366
72	369
72	371
72	375
72	377
72	380
72	384
72	386
72	390
72	393
72	396
72	400
72	403
72	407
72	410
72	415
72	418
72	423
72	427
72	432
72	437
72	442
72	448
72	454
72	460
72	467
72	475
72	483
72	492
72	502
72	513
72	524
72	535
72	546
73	287
73	294
73	300
73	304
73	309
73	312
73	316
73	319
73	322
73	325
73	328
73	331
73	333
73	336
73	339
73	341
73	343
73	346
73	348
73	351
73	353
73	355
73	358
73	360
73	362
73	364
73	367
73	369
73	371
73	373
73	376
73	378
73	380
73	382
73	385
73	387
73	389
73	392
73	394
73	396
73	399
73	401
73	404
73	406
73	409
73	411
73	414
73	416
73	419
73	422
73	424
73	427
73	430
73	433
73	436
73	439
73	442
73	446
73	449
73	453
73	456
73	460
73	464
73	468
73	472
73	476
73	481
73	485
73	490
73	495
73	500
73	506
73	511
73	517
73	523
73	529
73	535
73	541
73	547
73	554
73	561
73	569
73	578
74	297
74	306
74	314
74	321
74	327
74	333
74	339
74	344
74	349
74	354
74	359
74	363
74	368
74	372
74	376
74	380
74	384
74	388
74	392
74	395
74	399
74	402
74	406
74	409
74	413
74	416
74	420
74	423
74	427
74	430
74	434
74	437
74	441
74	444
74	448
74	451
74	455
74	458
74	462
74	466
74	469
74	473
74	477
74	481
74	485
74	489
74	493
74	497
74	501
74	505
74	509
74	514
74	518
74	523
74	527
74	532
74	536
74	541
74	546
74	551
74	557
74	563
74	569
74	576
74	585
74	596
75	428
75	439
75	449
75	458
75	467
75	475
75	483
75	491
75	499
75	507
75	515
75	523
75	531
75	540
75	550
-1	-1
