-1	-1
14	262
14	274
14	285
14	296
14	308
14	320
14	332
14	344
14	356
14	368
15	242
15	253
15	263
15	273
15	282
15	291
15	300
15	309
15	318
15	327
15	336
15	345
15	354
15	362
15	371
15	380
15	389
15	398
15	408
15	418
15	428
15	439
16	230
16	240
16	249
16	257
16	264
16	271
16	278
16	284
16	290
16	296
16	302
16	308
16	314
16	321
16	327
16	334
16	340
16	347
16	353
16	359
16	365
16	371
16	378
16	385
16	392
16	399
16	406
16	413
16	420
16	428
16	436
16	445
16	455
17	222
17	231
17	239
17	246
17	252
17	258
17	263
17	268
17	273
17	278
17	283
17	288
17	293
17	298
17	303
17	308
17	313
17	318
17	323
17	328
17	333
17	338
17	343
17	348
17	353
17	358
17	363
17	368
17	373
17	378
17	383
17	388
17	393
17	398
17	403
17	408
17	414
17	419
17	425
17	431
17	437
17	444
17	451
17	459
17	468
17	480
18	219
18	228
18	235
18	241
18	247
18	252
18	257
18	261
18	266
18	270
18	274
18	278
18	282
18	286
18	290
18	294
18	298
18	302
18	306
18	310
18	314
18	318
18	322
18	326
18	330
18	334
18	338
18	342
18	346
18	350
18	354
18	358
18	362
18	366
18	370
18	374
18	378
18	382
18	386
18	391
18	395
18	400
18	404
18	409
18	414
18	419
18	424
18	429
18	434
18	439
18	445
18	451
18	457
18	464
18	472
18	481
18	493
19	221
19	230
19	236
19	242
19	246
19	251
19	255
19	259
19	263
19	266
19	270
19	273
19	277
19	280
19	283
19	286
19	290
19	292
19	296
19	299
19	302
19	305
19	308
19	311
19	314
19	317
19	320
19	323
19	326
19	329
19	332
19	336
19	338
19	342
19	345
19	348
19	352
19	355
19	358
19	362
19	365
19	368
19	372
19	375
19	379
19	382
19	386
19	389
19	393
19	397
19	400
19	404
19	408
19	412
19	416
19	420
19	424
19	428
19	433
19	437
19	442
19	447
19	452
19	458
19	464
19	471
19	478
19	487
19	498
20	221
20	230
20	236
20	242
20	246
20	251
20	254
20	259
20	262
20	266
20	269
20	273
20	276
20	279
20	282
20	285
20	288
20	291
20	294
20	297
20	300
20	303
20	306
20	309
20	312
20	315
20	318
20	321
20	324
20	327
20	330
20	333
20	336
20	339
20	342
20	345
20	348
20	351
20	354
20	357
20	360
20	363
20	366
20	369
20	372
20	375
20	378
20	381
20	384
20	387
20	390
20	393
20	396
20	399
20	402
20	405
20	408
20	412
20	415
20	418
20	422
20	425
20	429
20	433
20	437
20	441
20	446
20	450
20	455
20	460
20	466
20	472
20	479
20	487
20	497
21	228
21	237
21	244
21	251
21	257
21	262
21	267
21	272
21	277
21	281
21	286
21	290
21	295
21	299
21	303
21	307
21	311
21	315
21	319
21	323
21	327
21	331
21	335
21	339
21	342
21	346
21	349
21	353
21	356
21	360
21	363
21	366
21	370
21	372
21	376
21	379
21	382
21	385
21	388
21	391
21	394
21	397
21	400
21	404
21	407
21	410
21	414
21	417
21	420
21	424
21	427
21	431
21	435
21	438
21	443
21	447
21	452
21	457
21	462
21	468
21	475
21	482
21	491
21	502
22	239
22	249
22	258
22	266
22	273
22	280
22	287
22	294
22	301
22	307
22	314
22	320
22	326
22	332
22	338
22	344
22	349
22	354
22	359
22	364
22	369
22	374
22	378
22	383
22	387
22	392
22	396
22	401
22	405
22	410
22	414
22	419
22	423
22	428
22	433
22	438
22	443
22	449
22	455
22	462
22	469
22	477
22	487
23	248
23	259
23	269
23	278
23	286
23	294
23	302
23	310
23	318
23	325
23	332
23	339
23	346
23	352
23	358
23	364
23	370
23	376
23	382
23	388
23	393
23	399
23	404
23	410
23	415
23	421
23	426
23	432
23	438
23	444
23	451
23	458
23	466
23	475
23	486
24	242
24	253
24	262
24	271
24	279
24	286
24	293
24	300
24	306
24	312
24	318
24	324
24	330
24	335
24	341
24	346
24	351
24	356
24	361
24	366
24	371
24	376
24	381
24	386
24	391
24	395
24	400
24	404
24	409
24	413
24	418
24	422
24	427
24	432
24	437
24	442
24	447
24	453
24	459
24	466
24	474
24	483
24	493
25	232
25	242
25	250
25	257
25	264
25	270
25	276
25	281
25	286
25	291
25	296
25	300
25	305
25	309
25	313
25	317
25	321
25	325
25	329
25	333
25	337
25	341
25	345
25	349
25	353
25	356
25	360
25	364
25	367
25	371
25	374
25	378
25	381
25	385
25	388
25	392
25	395
25	399
25	402
25	406
25	409
25	413
25	416
25	420
25	423
25	427
25	431
25	435
25	439
25	443
25	447
25	452
25	456
25	461
25	466
25	472
25	478
25	485
25	493
25	502
26	226
26	235
26	242
26	249
26	254
26	260
26	265
26	270
26	274
26	279
26	283
26	287
26	291
26	294
26	298
26	301
26	304
26	308
26	311
26	314
26	317
26	320
26	323
26	326
26	329
26	332
26	335
26	338
26	341
26	343
26	347
26	349
26	352
26	355
26	357
26	360
26	363
26	365
26	368
26	371
26	373
26	376
26	379
26	381
26	384
26	387
26	389
26	392
26	395
26	397
26	400
26	403
26	406
26	408
26	412
26	414
26	417
26	420
26	423
26	426
26	429
26	432
26	435
26	438
26	441
26	445
26	448
26	452
26	456
26	459
26	464
26	468
26	473
26	478
26	484
26	490
26	497
26	505
26	515
27	220
27	229
27	236
27	242
27	248
27	253
27	258
27	262
27	266
27	270
27	273
27	277
27	281
27	284
27	288
27	291
27	294
27	297
27	301
27	303
27	307
27	309
27	313
27	315
27	318
27	321
27	324
27	327
27	330
27	332
27	335
27	338
27	341
27	343
27	346
27	349
27	351
27	354
27	357
27	359
27	362
27	364
27	367
27	370
27	372
27	375
27	378
27	380
27	383
27	386
27	388
27	391
27	394
27	397
27	399
27	403
27	405
27	409
27	411
27	415
27	418
27	421
27	425
27	428
27	431
27	435
27	438
27	442
27	446
27	449
27	454
27	458
27	463
27	467
27	473
27	478
27	485
27	492
27	500
27	509
28	218
28	227
28	233
28	239
28	244
28	249
28	253
28	258
28	261
28	265
28	269
28	272
28	276
28	279
28	283
28	286
28	290
28	293
28	297
28	300
28	304
28	307
28	311
28	314
28	318
28	322
28	325
28	329
28	333
28	337
28	341
28	345
28	349
28	353
28	357
28	361
28	365
28	369
28	374
28	378
28	383
28	387
28	392
28	397
28	402
28	407
28	412
28	417
28	423
28	428
28	434
28	440
28	446
28	453
28	460
28	468
28	477
28	487
29	218
29	227
29	234
29	240
29	246
29	251
29	256
29	261
29	265
29	270
29	274
29	279
29	283
29	288
29	292
29	297
29	301
29	306
29	311
29	316
29	321
29	327
29	333
29	339
29	345
29	351
29	358
29	365
29	372
29	379
29	386
29	394
29	402
29	410
29	419
29	428
29	438
29	448
29	460
30	226
30	236
30	245
30	253
30	261
30	269
30	277
30	285
30	293
30	301
30	309
30	317
30	325
30	333
30	341
30	349
30	356
30	363
30	370
30	377
30	384
30	391
30	398
30	405
30	412
30	419
30	426
30	434
30	442
30	451
30	461
30	474
31	246
31	257
31	267
31	277
31	286
31	295
31	303
31	311
31	319
31	326
31	333
31	340
31	346
31	352
31	358
31	364
31	370
31	375
31	381
31	386
31	392
31	397
31	403
31	408
31	414
31	419
31	425
31	431
31	437
31	443
31	449
31	456
31	464
31	473
31	483
32	258
32	269
32	278
32	286
32	293
32	300
32	306
32	312
32	317
32	322
32	327
32	331
32	336
32	340
32	344
32	348
32	352
32	355
32	359
32	362
32	366
32	369
32	372
32	376
32	379
32	382
32	386
32	389
32	392
32	396
32	399
32	402
32	406
32	409
32	412
32	416
32	419
32	422
32	426
32	429
32	433
32	436
32	440
32	444
32	447
32	451
32	455
32	459
32	464
32	469
32	475
32	481
32	488
32	496
32	506
33	249
33	260
33	269
33	277
33	284
33	290
33	295
33	300
33	304
33	308
33	312
33	315
33	319
33	322
33	325
33	328
33	331
33	333
33	336
33	339
33	341
33	344
33	346
33	349
33	351
33	353
33	356
33	358
33	360
33	362
33	365
33	366
33	369
33	371
33	373
33	375
33	377
33	379
33	382
33	383
33	386
33	388
33	390
33	392
33	394
33	397
33	398
33	401
33	403
33	405
33	407
33	409
33	411
33	413
33	415
33	417
33	419
33	421
33	424
33	425
33	428
33	430
33	432
33	435
33	436
33	439
33	441
33	444
33	446
33	448
33	451
33	454
33	456
33	459
33	462
33	465
33	468
33	471
33	475
33	478
33	483
33	487
33	492
33	497
33	503
33	510
33	518
33	528
34	247
34	257
34	265
34	272
34	278
34	283
34	288
34	292
34	296
34	300
34	302
34	306
34	309
34	312
34	314
34	317
34	320
34	322
34	324
34	327
34	329
34	332
34	333
34	336
34	338
34	340
34	342
34	344
34	346
34	348
34	350
34	352
34	354
34	356
34	358
34	360
34	361
34	364
34	365
34	367
34	369
34	371
34	373
34	374
34	376
34	378
34	380
34	382
34	383
34	386
34	387
34	389
34	391
34	393
34	395
34	397
34	398
34	401
34	402
34	404
34	406
34	408
34	410
34	412
34	414
34	416
34	418
34	420
34	422
34	424
34	426
34	428
34	430
34	432
34	435
34	436
34	439
34	441
34	443
34	446
34	448
34	450
34	453
34	456
34	458
34	461
34	464
34	467
34	470
34	474
34	477
34	481
34	485
34	489
34	494
34	499
34	505
34	512
34	520
34	530
35	242
35	252
35	260
35	265
35	271
35	275
35	280
35	283
35	287
35	291
35	293
35	297
35	300
35	302
35	306
35	308
35	311
35	313
35	316
35	319
35	321
35	324
35	326
35	329
35	331
35	334
35	336
35	339
35	341
35	344
35	346
35	349
35	351
35	354
35	356
35	359
35	361
35	364
35	366
35	369
35	371
35	374
35	376
35	379
35	381
35	384
35	387
35	389
35	392
35	395
35	398
35	400
35	404
35	406
35	410
35	413
35	416
35	419
35	423
35	426
35	430
35	434
35	437
35	441
35	445
35	449
35	454
35	458
35	464
35	469
35	475
35	481
35	488
35	496
35	506
36	236
36	244
36	251
36	257
36	262
36	266
36	271
36	273
36	277
36	281
36	283
36	287
36	290
36	293
36	296
36	299
36	302
36	305
36	308
36	311
36	314
36	317
36	320
36	324
36	326
36	330
36	333
36	337
36	340
36	344
36	347
36	351
36	355
36	359
36	363
36	367
36	372
36	376
36	381
36	386
36	391
36	397
36	403
36	409
36	415
36	422
36	429
36	437
36	445
36	454
36	464
36	475
37	229
37	238
37	243
37	248
37	252
37	256
37	260
37	263
37	266
37	270
37	272
37	276
37	278
37	282
37	284
37	287
37	290
37	293
37	296
37	299
37	302
37	305
37	308
37	311
37	314
37	317
37	321
37	324
37	328
37	331
37	335
37	339
37	343
37	347
37	351
37	356
37	360
37	365
37	370
37	375
37	380
37	386
37	392
37	398
37	405
37	412
37	419
37	427
37	436
37	445
37	455
37	467
38	227
38	234
38	240
38	243
38	247
38	251
38	252
38	256
38	259
38	261
38	263
38	266
38	269
38	271
38	273
38	276
38	278
38	281
38	283
38	286
38	288
38	291
38	294
38	296
38	299
38	302
38	305
38	308
38	311
38	315
38	318
38	322
38	325
38	329
38	333
38	337
38	341
38	346
38	350
38	355
38	360
38	366
38	372
38	378
38	385
38	392
38	399
38	407
38	415
38	424
38	434
38	445
39	221
39	230
39	236
39	242
39	246
39	251
39	255
39	260
39	263
39	268
39	272
39	276
39	280
39	285
39	289
39	294
39	299
39	304
39	309
39	315
39	320
39	326
39	332
39	338
39	345
39	352
39	360
39	368
39	377
39	387
39	398
39	410
40	218
40	225
40	231
40	236
40	241
40	246
40	251
40	255
40	260
40	265
40	270
40	275
40	280
40	286
40	291
40	297
40	303
40	310
40	317
40	325
40	333
40	342
40	351
40	360
40	370
40	381
40	394
41	218
41	225
41	231
41	236
41	241
41	246
41	251
41	256
41	261
41	266
41	271
41	276
41	281
41	287
41	293
41	299
41	306
41	313
41	321
41	329
41	338
41	347
41	357
41	368
41	380
42	221
42	231
42	239
42	246
42	253
42	259
42	265
42	271
42	277
42	284
42	291
42	298
42	306
42	314
42	323
42	332
42	342
42	354
43	228
43	238
43	247
43	255
43	263
43	271
43	279
43	287
43	296
43	305
43	315
43	326
62	262
62	274
62	286
62	300
63	249
63	260
63	270
63	279
63	288
63	297
63	306
63	316
63	327
63	339
63	353
64	258
64	270
64	281
64	292
64	303
64	314
64	326
65	232
65	242
65	251
65	259
65	267
65	274
65	281
65	288
65	295
65	302
65	309
65	317
65	325
65	334
65	343
65	353
65	364
66	227
66	236
66	243
66	249
66	254
66	259
66	263
66	268
66	272
66	276
66	280
66	284
66	288
66	292
66	296
66	300
66	304
66	308
66	312
66	316
66	320
66	325
66	329
66	334
66	339
66	344
66	350
66	356
66	362
66	368
66	375
66	383
66	391
66	400
66	410
66	421
66	432
66	444
67	222
67	231
67	237
67	242
67	246
67	251
67	253
67	257
67	261
67	262
67	266
67	269
67	271
67	274
67	276
67	279
67	281
67	284
67	286
67	289
67	291
67	293
67	296
67	298
67	300
67	303
67	305
67	307
67	310
67	312
67	315
67	317
67	320
67	322
67	325
67	327
67	330
67	333
67	336
67	338
67	342
67	345
67	348
67	351
67	355
67	358
67	362
67	366
67	370
67	374
67	378
67	383
67	388
67	393
67	398
67	404
67	410
67	417
67	424
67	431
67	438
67	446
67	455
67	465
67	477
68	223
68	232
68	239
68	244
68	249
68	253
68	257
68	261
68	264
68	268
68	271
68	274
68	277
68	281
68	283
68	286
68	289
68	291
68	294
68	296
68	299
68	301
68	303
68	306
68	308
68	310
68	313
68	314
68	317
68	319
68	321
68	323
68	326
68	327
68	330
68	332
68	334
68	337
68	339
68	341
68	344
68	346
68	348
68	351
68	354
68	356
68	359
68	361
68	365
68	367
68	370
68	374
68	376
68	380
68	383
68	387
68	390
68	394
68	398
68	402
68	406
68	410
68	415
68	419
68	424
68	428
68	433
68	438
68	443
68	449
68	455
68	461
68	468
68	476
68	485
68	496
69	240
69	251
69	261
69	271
69	280
69	289
69	296
69	302
69	308
69	312
69	317
69	321
69	324
69	328
69	331
69	333
69	337
69	340
69	342
69	345
69	348
69	350
69	353
69	356
69	358
69	361
69	364
69	366
69	369
69	372
69	374
69	377
69	380
69	382
69	385
69	388
69	390
69	394
69	396
69	399
69	402
69	405
69	408
69	411
69	414
69	417
69	420
69	423
69	426
69	429
69	433
69	436
69	440
69	443
69	447
69	451
69	455
69	459
69	464
69	468
69	474
69	479
69	485
69	492
69	500
69	510
70	222
70	232
70	240
70	247
70	253
70	259
70	264
70	270
70	275
70	280
70	285
70	290
70	295
70	300
70	305
70	310
70	316
70	321
70	326
70	331
70	335
70	340
70	343
70	347
70	351
70	354
70	358
70	361
70	364
70	367
70	370
70	373
70	376
70	379
70	381
70	384
70	387
70	389
70	392
70	395
70	397
70	400
70	403
70	405
70	408
70	410
70	413
70	416
70	418
70	421
70	424
70	427
70	430
70	433
70	436
70	439
70	443
70	446
70	449
70	453
70	456
70	460
70	464
70	468
70	473
70	477
70	483
70	488
70	495
70	503
70	513
71	161
71	172
71	183
71	193
71	203
71	213
71	221
71	228
71	233
71	239
71	243
71	247
71	251
71	254
71	258
71	261
71	264
71	268
71	270
71	273
71	276
71	279
71	282
71	284
71	288
71	290
71	293
71	296
71	299
71	301
71	305
71	307
71	310
71	314
71	316
71	320
71	323
71	326
71	330
71	333
71	337
71	341
71	345
71	349
71	353
71	357
71	361
71	366
71	370
71	375
71	379
71	384
71	388
71	393
71	397
71	402
71	406
71	411
71	416
71	421
71	426
71	431
71	436
71	441
71	446
71	452
71	458
71	465
71	472
71	480
71	490
72	150
72	160
72	169
72	177
72	184
72	191
72	198
72	205
72	212
72	219
72	224
72	230
72	234
72	239
72	242
72	246
72	250
72	253
72	257
72	260
72	263
72	266
72	269
72	272
72	274
72	278
72	280
72	283
72	285
72	288
72	291
72	293
72	296
72	298
72	301
72	303
72	306
72	308
72	311
72	313
72	316
72	318
72	321
72	324
72	326
72	329
72	332
72	335
72	337
72	341
72	344
72	347
72	350
72	354
72	357
72	361
72	364
72	368
72	372
72	376
72	380
72	385
72	389
72	394
72	399
72	404
72	409
72	414
72	419
72	424
72	429
72	435
72	440
72	446
72	452
72	459
72	467
72	476
72	487
73	169
73	179
73	188
73	196
73	204
73	212
73	220
73	228
73	236
73	245
73	254
73	263
73	273
73	282
73	291
73	299
73	307
73	314
73	320
73	326
73	332
73	337
73	342
73	347
73	352
73	357
73	362
73	366
73	371
73	375
73	380
73	384
73	389
73	393
73	398
73	402
73	406
73	411
73	415
73	419
73	424
73	428
73	433
73	438
73	443
73	449
73	455
73	461
73	468
73	476
73	485
73	497
74	367
74	377
74	386
74	394
74	402
74	410
74	418
74	426
74	435
74	444
74	453
74	462
74	471
74	481
75	221
75	232
75	242
75	252
75	261
75	270
75	279
75	289
75	299
75	310
75	323
76	180
76	191
76	202
76	212
76	221
76	230
76	238
76	246
76	254
76	262
76	270
76	278
76	287
76	296
76	305
76	315
76	325
76	335
76	346
-1	-1
