-1	-1
10	171
10	183
10	195
10	207
10	220
10	332
10	344
10	356
11	149
11	159
11	168
11	177
11	186
11	195
11	204
11	213
11	222
11	232
11	243
11	255
11	328
11	340
11	351
11	363
12	160
12	171
12	181
12	191
12	201
12	211
12	221
12	231
12	241
12	252
12	263
12	275
13	161
13	172
13	182
13	191
13	200
13	209
13	218
13	227
13	236
13	245
13	254
13	263
13	272
13	281
13	290
13	300
13	310
13	322
14	170
14	180
14	189
14	198
14	206
14	214
14	221
14	228
14	235
14	242
14	249
14	256
14	263
14	270
14	277
14	284
14	292
14	300
14	308
14	317
14	327
14	339
15	163
15	173
15	182
15	190
15	197
15	204
15	211
15	217
15	223
15	229
15	235
15	241
15	247
15	254
15	260
15	267
15	274
15	281
15	288
15	295
15	303
15	311
15	320
15	330
15	341
16	161
16	171
16	180
16	188
16	195
16	202
16	208
16	214
16	220
16	226
16	232
16	238
16	244
16	250
16	256
16	262
16	268
16	274
16	280
16	287
16	294
16	301
16	308
16	316
16	324
16	333
16	343
16	354
17	157
17	166
17	173
17	180
17	186
17	192
17	198
17	203
17	209
17	214
17	219
17	224
17	229
17	234
17	239
17	244
17	249
17	254
17	259
17	264
17	269
17	274
17	279
17	284
17	289
17	294
17	299
17	305
17	310
17	316
17	322
17	328
17	335
17	342
17	349
17	357
17	366
17	377
18	150
18	159
18	166
18	172
18	177
18	182
18	186
18	191
18	195
18	199
18	203
18	207
18	211
18	214
18	218
18	222
18	225
18	229
18	232
18	236
18	239
18	243
18	246
18	250
18	253
18	257
18	260
18	264
18	268
18	271
18	275
18	279
18	283
18	287
18	291
18	295
18	299
18	303
18	307
18	312
18	316
18	321
18	325
18	330
18	335
18	340
18	345
18	351
18	357
18	363
18	370
18	377
18	386
18	396
19	152
19	161
19	168
19	173
19	179
19	183
19	188
19	192
19	196
19	200
19	203
19	207
19	210
19	213
19	217
19	220
19	223
19	226
19	229
19	232
19	235
19	238
19	241
19	244
19	247
19	250
19	252
19	255
19	258
19	260
19	263
19	266
19	268
19	271
19	273
19	276
19	279
19	281
19	284
19	287
19	289
19	292
19	295
19	297
19	300
19	303
19	305
19	308
19	311
19	314
19	316
19	320
19	322
19	325
19	328
19	331
19	334
19	337
19	340
19	344
19	347
19	350
19	354
19	357
19	361
19	365
19	369
19	374
19	378
19	384
19	389
19	396
19	403
19	411
19	421
20	158
20	168
20	176
20	183
20	189
20	194
20	199
20	204
20	208
20	212
20	216
20	220
20	223
20	227
20	231
20	234
20	238
20	241
20	244
20	247
20	250
20	253
20	256
20	259
20	262
20	264
20	267
20	270
20	272
20	275
20	278
20	280
20	283
20	285
20	288
20	290
20	293
20	295
20	298
20	300
20	303
20	305
20	308
20	310
20	313
20	315
20	318
20	320
20	323
20	326
20	328
20	331
20	334
20	336
20	339
20	342
20	345
20	348
20	351
20	355
20	357
20	361
20	365
20	368
20	373
20	377
20	382
20	387
20	393
20	399
20	406
20	414
20	424
21	159
21	169
21	178
21	186
21	193
21	200
21	206
21	212
21	218
21	223
21	228
21	233
21	238
21	243
21	247
21	252
21	256
21	261
21	265
21	269
21	273
21	277
21	281
21	285
21	289
21	292
21	296
21	300
21	303
21	307
21	310
21	314
21	317
21	321
21	324
21	328
21	331
21	335
21	338
21	342
21	346
21	349
21	354
21	357
21	362
21	366
21	371
21	376
21	381
21	387
21	394
21	402
21	411
22	159
22	170
22	179
22	188
22	196
22	204
22	211
22	218
22	224
22	230
22	236
22	242
22	247
22	252
22	257
22	262
22	266
22	271
22	275
22	280
22	284
22	288
22	292
22	296
22	300
22	304
22	307
22	311
22	314
22	318
22	321
22	325
22	328
22	332
22	335
22	339
22	342
22	346
22	349
22	353
22	357
22	360
22	365
22	368
22	373
22	377
22	382
22	387
22	393
22	399
22	406
22	415
22	426
23	158
23	168
23	177
23	185
23	193
23	200
23	207
23	213
23	219
23	224
23	230
23	234
23	239
23	243
23	248
23	252
23	256
23	260
23	264
23	268
23	271
23	275
23	278
23	282
23	284
23	288
23	291
23	294
23	297
23	300
23	303
23	306
23	309
23	312
23	314
23	318
23	320
23	323
23	326
23	329
23	332
23	335
23	338
23	341
23	344
23	347
23	350
23	353
23	356
23	359
23	363
23	366
23	370
23	374
23	378
23	382
23	387
23	392
23	397
23	403
23	410
23	418
23	428
24	158
24	168
24	176
24	183
24	190
24	195
24	201
24	206
24	211
24	215
24	220
24	223
24	228
24	231
24	235
24	239
24	242
24	246
24	249
24	252
24	256
24	259
24	262
24	265
24	268
24	271
24	274
24	277
24	280
24	283
24	286
24	289
24	292
24	295
24	298
24	301
24	304
24	307
24	310
24	313
24	316
24	319
24	322
24	325
24	328
24	331
24	334
24	337
24	340
24	344
24	347
24	350
24	354
24	357
24	361
24	365
24	369
24	373
24	377
24	382
24	387
24	392
24	398
24	405
24	413
24	422
24	435
25	156
25	165
25	172
25	178
25	183
25	188
25	193
25	197
25	201
25	205
25	209
25	212
25	216
25	219
25	222
25	225
25	228
25	231
25	234
25	237
25	240
25	242
25	245
25	248
25	250
25	253
25	256
25	258
25	261
25	264
25	266
25	269
25	272
25	274
25	277
25	280
25	283
25	285
25	289
25	291
25	295
25	297
25	301
25	304
25	307
25	311
25	314
25	318
25	322
25	326
25	330
25	334
25	338
25	343
25	348
25	353
25	358
25	364
25	369
25	375
25	382
25	389
25	397
25	406
25	417
26	151
26	160
26	166
26	172
26	176
26	181
26	184
26	189
26	192
26	195
26	199
26	202
26	205
26	208
26	211
26	214
26	217
26	220
26	223
26	225
26	228
26	231
26	234
26	236
26	239
26	242
26	245
26	247
26	250
26	253
26	256
26	259
26	262
26	265
26	268
26	271
26	274
26	277
26	280
26	283
26	286
26	289
26	293
26	296
26	300
26	304
26	308
26	312
26	316
26	320
26	325
26	329
26	334
26	339
26	345
26	351
26	357
26	364
26	371
26	379
26	388
26	398
27	157
27	164
27	171
27	175
27	181
27	184
27	189
27	192
27	196
27	199
27	203
27	206
27	210
27	213
27	217
27	220
27	224
27	227
27	231
27	235
27	239
27	243
27	247
27	251
27	256
27	260
27	265
27	270
27	275
27	280
27	286
27	292
27	298
27	305
27	312
27	319
27	326
27	334
27	342
27	351
27	360
27	369
27	379
27	390
28	159
28	168
28	174
28	180
28	185
28	191
28	195
28	200
28	205
28	210
28	215
28	220
28	225
28	230
28	235
28	241
28	247
28	253
28	259
28	265
28	271
28	278
28	285
28	292
28	299
28	307
28	315
28	323
28	332
28	341
28	350
28	360
28	370
28	381
28	394
29	163
29	173
29	182
29	190
29	197
29	204
29	211
29	218
29	225
29	232
29	239
29	246
29	253
29	260
29	267
29	274
29	281
29	288
29	295
29	302
29	310
29	318
29	326
29	334
29	342
29	351
29	360
29	370
29	380
29	391
29	404
30	169
30	179
30	188
30	196
30	204
30	212
30	220
30	227
30	234
30	241
30	248
30	255
30	262
30	269
30	276
30	283
30	290
30	297
30	304
30	311
30	318
30	325
30	332
30	339
30	347
30	355
30	363
30	372
30	381
30	390
30	400
30	411
31	169
31	179
31	188
31	196
31	204
31	211
31	218
31	225
31	232
31	238
31	244
31	250
31	256
31	262
31	268
31	274
31	279
31	285
31	290
31	295
31	300
31	305
31	310
31	315
31	320
31	325
31	330
31	335
31	340
31	346
31	351
31	357
31	363
31	369
31	376
31	383
31	390
31	398
31	406
31	416
32	171
32	182
32	191
32	199
32	206
32	213
32	219
32	225
32	230
32	235
32	240
32	244
32	249
32	253
32	258
32	262
32	266
32	270
32	274
32	277
32	281
32	284
32	288
32	291
32	294
32	297
32	301
32	303
32	307
32	310
32	313
32	316
32	319
32	322
32	326
32	328
32	332
32	335
32	339
32	342
32	346
32	349
32	354
32	357
32	362
32	366
32	371
32	376
32	381
32	387
32	393
32	400
32	407
32	416
32	426
33	170
33	180
33	189
33	196
33	202
33	208
33	213
33	218
33	222
33	226
33	230
33	233
33	237
33	241
33	243
33	247
33	250
33	253
33	256
33	259
33	262
33	264
33	267
33	270
33	272
33	275
33	278
33	280
33	282
33	285
33	287
33	290
33	292
33	294
33	297
33	299
33	301
33	304
33	306
33	308
33	311
33	313
33	315
33	318
33	320
33	323
33	325
33	328
33	330
33	333
33	336
33	338
33	341
33	344
33	347
33	350
33	353
33	356
33	359
33	363
33	366
33	370
33	374
33	378
33	383
33	387
33	393
33	398
33	405
33	412
33	420
33	430
34	167
34	177
34	185
34	191
34	196
34	201
34	205
34	210
34	213
34	217
34	221
34	223
34	227
34	230
34	233
34	236
34	239
34	242
34	244
34	247
34	250
34	252
34	255
34	257
34	260
34	262
34	265
34	267
34	270
34	272
34	275
34	277
34	280
34	282
34	284
34	287
34	289
34	292
34	294
34	297
34	299
34	302
34	304
34	307
34	309
34	312
34	315
34	317
34	320
34	323
34	326
34	329
34	332
34	335
34	338
34	341
34	345
34	348
34	352
34	355
34	359
34	363
34	367
34	372
34	376
34	381
34	387
34	393
34	400
34	407
34	416
34	426
35	161
35	171
35	179
35	185
35	191
35	195
35	200
35	203
35	207
35	210
35	213
35	216
35	219
35	222
35	224
35	227
35	230
35	232
35	235
35	238
35	240
35	243
35	245
35	248
35	250
35	253
35	255
35	258
35	260
35	263
35	265
35	268
35	270
35	273
35	276
35	278
35	281
35	284
35	287
35	289
35	293
35	296
35	299
35	302
35	306
35	309
35	313
35	316
35	320
35	324
35	328
35	332
35	337
35	341
35	346
35	351
35	357
35	363
35	369
35	376
35	384
35	393
35	404
36	157
36	165
36	172
36	178
36	183
36	188
36	192
36	196
36	200
36	203
36	207
36	210
36	213
36	216
36	220
36	222
36	226
36	228
36	232
36	234
36	238
36	240
36	244
36	246
36	250
36	253
36	256
36	259
36	262
36	265
36	268
36	272
36	275
36	278
36	282
36	285
36	289
36	292
36	296
36	300
36	304
36	308
36	313
36	317
36	322
36	327
36	333
36	339
36	346
36	353
36	361
36	370
36	383
37	149
37	157
37	163
37	168
37	172
37	176
37	180
37	183
37	187
37	190
37	193
37	197
37	200
37	203
37	207
37	210
37	213
37	217
37	220
37	223
37	227
37	230
37	234
37	237
37	241
37	245
37	248
37	253
37	256
37	261
37	265
37	269
37	274
37	278
37	283
37	288
37	294
37	299
37	305
37	312
37	319
37	327
37	336
37	346
38	149
38	157
38	162
38	167
38	172
38	175
38	179
38	182
38	185
38	189
38	192
38	195
38	198
38	201
38	205
38	207
38	211
38	214
38	218
38	221
38	225
38	229
38	233
38	237
38	242
38	247
38	252
38	258
38	264
38	270
38	277
38	285
38	293
38	302
38	313
39	151
39	160
39	165
39	171
39	175
39	180
39	184
39	188
39	192
39	196
39	200
39	204
39	208
39	212
39	216
39	220
39	225
39	229
39	234
39	239
39	245
39	251
39	257
39	264
39	271
39	279
39	288
39	298
40	159
40	168
40	175
40	182
40	188
40	194
40	200
40	206
40	212
40	218
40	225
40	232
40	239
40	246
40	254
40	262
40	270
40	279
40	289
40	300
41	186
41	198
41	210
41	221
41	232
41	243
41	255
42	197
42	210
43	178
43	189
43	199
43	209
43	219
43	230
44	172
44	183
44	193
44	202
44	212
44	222
44	232
44	244
45	190
45	203
45	215
47	172
47	185
48	169
48	180
48	191
48	202
48	214
49	181
49	193
49	204
49	216
54	192
54	205
55	196
55	207
55	218
55	230
60	187
60	198
60	209
60	221
61	188
61	199
61	209
61	218
61	228
61	238
61	250
62	220
62	232
62	243
62	255
65	177
65	188
65	198
65	207
65	216
65	226
65	236
65	247
66	167
66	176
66	184
66	191
66	198
66	204
66	211
66	217
66	224
66	231
66	238
66	245
66	252
66	260
66	268
66	277
66	287
66	297
66	308
66	323
66	339
66	352
66	365
67	161
67	170
67	176
67	182
67	187
67	192
67	196
67	201
67	204
67	209
67	213
67	217
67	221
67	225
67	229
67	233
67	237
67	241
67	246
67	250
67	255
67	259
67	264
67	269
67	274
67	279
67	285
67	291
67	297
67	303
67	310
67	317
67	324
67	331
67	338
67	345
67	352
67	359
67	366
67	374
67	383
67	393
68	167
68	174
68	181
68	185
68	190
68	193
68	197
68	201
68	203
68	207
68	210
68	213
68	216
68	219
68	222
68	224
68	227
68	230
68	232
68	235
68	238
68	240
68	243
68	246
68	248
68	251
68	254
68	257
68	259
68	263
68	265
68	268
68	271
68	274
68	277
68	280
68	284
68	286
68	290
68	293
68	297
68	300
68	304
68	307
68	311
68	315
68	318
68	322
68	326
68	330
68	334
68	338
68	342
68	346
68	350
68	355
68	359
68	365
68	370
68	376
68	383
68	391
68	400
69	171
69	180
69	188
69	194
69	200
69	203
69	208
69	212
69	215
69	219
69	222
69	225
69	228
69	231
69	233
69	236
69	239
69	241
69	244
69	246
69	249
69	251
69	253
69	256
69	258
69	261
69	263
69	265
69	268
69	270
69	272
69	275
69	277
69	279
69	282
69	284
69	286
69	289
69	291
69	293
69	296
69	298
69	300
69	303
69	305
69	308
69	310
69	313
69	315
69	318
69	320
69	323
69	326
69	328
69	331
69	334
69	337
69	339
69	343
69	346
69	349
69	353
69	356
69	360
69	364
69	368
69	373
69	378
69	384
69	390
69	397
69	406
69	417
70	167
70	177
70	185
70	193
70	200
70	207
70	214
70	220
70	226
70	232
70	237
70	242
70	247
70	251
70	256
70	260
70	264
70	268
70	272
70	275
70	279
70	282
70	285
70	289
70	292
70	295
70	298
70	301
70	304
70	307
70	310
70	314
70	317
70	320
70	324
70	327
70	331
70	335
70	339
70	343
70	347
70	352
70	356
70	361
70	366
70	372
70	378
70	384
70	391
70	399
70	408
71	160
71	169
71	176
71	182
71	187
71	192
71	197
71	201
71	206
71	210
71	214
71	218
71	222
71	226
71	230
71	235
71	239
71	244
71	248
71	253
71	257
71	262
71	267
71	272
71	277
71	282
71	287
71	293
71	298
71	304
71	310
71	316
71	322
71	328
71	334
71	340
71	346
71	351
71	357
71	362
71	368
71	374
71	380
71	386
71	393
71	400
71	408
71	418
72	159
72	168
72	174
72	180
72	184
72	189
72	192
72	196
72	200
72	203
72	207
72	210
72	213
72	216
72	219
72	222
72	225
72	228
72	231
72	234
72	237
72	240
72	243
72	246
72	249
72	252
72	255
72	258
72	261
72	264
72	267
72	270
72	273
72	276
72	279
72	282
72	286
72	288
72	292
72	295
72	298
72	302
72	305
72	309
72	312
72	316
72	319
72	323
72	326
72	330
72	333
72	337
72	340
72	344
72	347
72	351
72	355
72	359
72	363
72	367
72	372
72	376
72	381
72	386
72	392
72	398
72	405
72	413
72	423
73	176
73	187
73	196
73	204
73	211
73	217
73	223
73	228
73	233
73	238
73	242
73	246
73	250
73	254
73	258
73	261
73	265
73	268
73	272
73	275
73	279
73	282
73	285
73	289
73	292
73	295
73	299
73	301
73	305
73	308
73	311
73	314
73	317
73	320
73	324
73	327
73	330
73	334
73	337
73	341
73	345
73	349
73	353
73	358
73	362
73	367
73	373
73	379
73	386
73	394
73	403
74	369
74	382
75	161
75	171
75	179
75	187
75	194
75	201
75	208
75	214
75	221
75	228
75	235
75	242
75	249
75	257
75	265
75	274
75	283
75	293
75	303
75	314
75	325
75	336
75	346
75	355
75	363
75	371
75	378
75	385
75	392
75	400
75	409
75	419
76	160
76	170
76	178
76	185
76	192
76	198
76	204
76	210
76	215
76	220
76	225
76	230
76	235
76	240
76	245
76	250
76	256
76	261
76	267
76	273
76	279
76	285
76	291
76	297
76	303
76	309
76	316
76	323
76	330
76	337
76	344
76	350
76	356
76	362
76	368
76	374
76	380
76	387
76	394
76	401
76	409
76	418
77	196
77	207
77	217
77	227
77	237
77	246
77	255
77	264
77	273
77	282
77	291
77	300
77	309
77	318
77	328
77	338
77	348
77	359
-1	-1
