-1	-1
0	158
0	168
0	177
0	185
0	193
0	201
0	209
0	218
0	227
0	236
0	245
0	255
0	265
0	276
1	182
1	194
1	205
1	216
1	227
1	239
1	252
2	187
2	199
2	211
2	223
2	235
2	247
8	181
8	320
8	332
8	343
8	353
8	363
8	373
8	384
9	166
9	177
9	188
9	200
9	260
9	271
9	282
9	292
9	301
9	310
9	318
9	326
9	333
9	340
9	347
9	353
9	359
9	365
9	371
9	378
9	385
9	393
9	402
9	412
10	167
10	178
10	189
10	201
10	241
10	252
10	262
10	272
10	281
10	289
10	297
10	304
10	311
10	317
10	323
10	329
10	334
10	339
10	344
10	349
10	353
10	358
10	362
10	366
10	371
10	375
10	380
10	385
10	390
10	396
10	402
10	408
10	416
10	425
10	435
11	252
11	263
11	273
11	283
11	292
11	300
11	308
11	315
11	322
11	328
11	334
11	339
11	344
11	349
11	353
11	358
11	362
11	367
11	371
11	376
11	380
11	385
11	390
11	396
11	402
11	408
11	415
11	423
11	433
12	180
12	192
12	204
12	216
12	319
12	330
12	341
12	351
12	360
12	369
12	378
12	388
13	177
13	188
13	198
13	208
13	218
13	228
13	239
13	250
13	264
14	170
14	181
14	191
14	200
14	209
14	218
14	227
14	236
14	245
14	254
14	263
14	272
14	282
14	292
14	303
14	314
15	162
15	172
15	181
15	189
15	196
15	203
15	209
15	215
15	221
15	227
15	233
15	239
15	245
15	251
15	258
15	265
15	272
15	279
15	286
15	294
15	302
15	310
15	318
15	327
15	336
15	346
15	357
16	160
16	170
16	178
16	184
16	190
16	195
16	200
16	205
16	210
16	214
16	219
16	223
16	227
16	231
16	235
16	239
16	243
16	247
16	251
16	256
16	260
16	265
16	269
16	274
16	278
16	283
16	288
16	293
16	298
16	303
16	308
16	313
16	319
16	324
16	330
16	336
16	342
16	348
16	355
16	362
16	369
16	377
16	386
16	396
17	167
17	176
17	183
17	190
17	195
17	201
17	204
17	209
17	212
17	216
17	220
17	223
17	227
17	230
17	234
17	237
17	241
17	244
17	247
17	251
17	254
17	257
17	261
17	264
17	267
17	271
17	274
17	277
17	281
17	284
17	287
17	291
17	294
17	297
17	301
17	304
17	308
17	311
17	315
17	318
17	322
17	326
17	329
17	333
17	337
17	341
17	345
17	349
17	353
17	357
17	362
17	366
17	371
17	376
17	381
17	386
17	392
17	398
17	405
17	413
17	422
17	432
18	168
18	178
18	187
18	194
18	201
18	206
18	211
18	216
18	221
18	225
18	229
18	233
18	237
18	241
18	244
18	248
18	251
18	255
18	258
18	262
18	265
18	268
18	272
18	274
18	278
18	281
18	284
18	287
18	290
18	293
18	296
18	299
18	302
18	305
18	308
18	311
18	313
18	317
18	319
18	322
18	325
18	328
18	330
18	334
18	336
18	339
18	342
18	345
18	348
18	351
18	354
18	357
18	360
18	363
18	366
18	369
18	373
18	376
18	379
18	383
18	386
18	390
18	394
18	398
18	403
18	408
18	413
18	419
18	426
18	434
18	443
18	454
19	168
19	178
19	187
19	195
19	202
19	209
19	215
19	221
19	227
19	232
19	238
19	243
19	248
19	253
19	258
19	262
19	267
19	271
19	275
19	279
19	283
19	287
19	291
19	295
19	299
19	303
19	306
19	310
19	314
19	317
19	321
19	324
19	328
19	331
19	335
19	338
19	342
19	345
19	348
19	352
19	355
19	358
19	362
19	365
19	368
19	372
19	375
19	379
19	383
19	387
19	391
19	395
19	399
19	404
19	409
19	415
19	421
19	428
19	436
19	446
20	169
20	179
20	188
20	196
20	204
20	212
20	219
20	226
20	233
20	240
20	246
20	252
20	258
20	264
20	270
20	276
20	282
20	288
20	293
20	299
20	304
20	309
20	314
20	319
20	324
20	329
20	334
20	339
20	343
20	348
20	352
20	357
20	361
20	366
20	370
20	375
20	379
20	384
20	389
20	394
20	400
20	406
20	413
20	420
20	428
20	438
21	170
21	181
21	190
21	198
21	206
21	213
21	220
21	227
21	233
21	239
21	245
21	251
21	257
21	263
21	269
21	274
21	280
21	285
21	291
21	296
21	301
21	306
21	311
21	316
21	321
21	326
21	331
21	335
21	340
21	344
21	349
21	353
21	357
21	361
21	365
21	369
21	373
21	377
21	381
21	386
21	390
21	395
21	400
21	405
21	411
21	417
21	424
21	432
21	441
21	453
22	166
22	176
22	184
22	192
22	199
22	205
22	211
22	217
22	223
22	229
22	234
22	240
22	245
22	250
22	255
22	260
22	265
22	270
22	275
22	280
22	285
22	290
22	295
22	300
22	304
22	309
22	313
22	318
22	322
22	326
22	330
22	334
22	338
22	342
22	346
22	350
22	354
22	358
22	362
22	366
22	370
22	374
22	378
22	382
22	386
22	390
22	395
22	399
22	404
22	409
22	415
22	421
22	427
22	434
22	442
22	451
22	464
23	160
23	170
23	178
23	184
23	190
23	195
23	200
23	205
23	210
23	214
23	219
23	223
23	227
23	231
23	235
23	239
23	243
23	247
23	251
23	255
23	259
23	262
23	266
23	270
23	273
23	277
23	281
23	284
23	288
23	292
23	295
23	299
23	303
23	306
23	310
23	313
23	317
23	320
23	324
23	327
23	331
23	334
23	338
23	341
23	345
23	348
23	352
23	355
23	359
23	363
23	366
23	370
23	374
23	378
23	382
23	386
23	390
23	395
23	399
23	404
23	409
23	415
23	421
23	427
23	434
23	442
23	451
23	462
24	158
24	166
24	172
24	178
24	182
24	187
24	191
24	195
24	199
24	202
24	206
24	209
24	213
24	216
24	219
24	222
24	225
24	228
24	231
24	234
24	237
24	240
24	243
24	246
24	249
24	252
24	255
24	258
24	261
24	264
24	267
24	270
24	273
24	276
24	279
24	282
24	285
24	288
24	291
24	295
24	298
24	301
24	305
24	308
24	312
24	315
24	319
24	322
24	326
24	330
24	334
24	338
24	342
24	346
24	350
24	354
24	358
24	363
24	367
24	372
24	377
24	382
24	387
24	393
24	398
24	404
24	410
24	417
24	424
24	432
24	441
24	451
25	157
25	164
25	170
25	174
25	179
25	183
25	187
25	191
25	194
25	198
25	201
25	205
25	208
25	212
25	215
25	219
25	222
25	226
25	229
25	233
25	236
25	240
25	243
25	247
25	251
25	254
25	258
25	262
25	266
25	270
25	274
25	278
25	282
25	286
25	290
25	294
25	298
25	303
25	307
25	312
25	316
25	321
25	326
25	331
25	336
25	341
25	346
25	351
25	357
25	363
25	369
25	375
25	382
25	389
25	396
25	404
25	412
25	421
25	431
25	442
26	158
26	166
26	172
26	178
26	183
26	187
26	192
26	196
26	200
26	204
26	208
26	212
26	216
26	220
26	224
26	228
26	232
26	236
26	240
26	244
26	248
26	253
26	257
26	262
26	266
26	271
26	275
26	280
26	284
26	289
26	293
26	298
26	303
26	308
26	313
26	318
26	323
26	328
26	333
26	338
26	344
26	349
26	355
26	361
26	367
26	373
26	379
26	386
26	393
26	400
26	408
26	416
26	425
26	434
26	444
27	169
27	179
27	187
27	194
27	201
27	207
27	213
27	219
27	225
27	231
27	236
27	241
27	246
27	251
27	256
27	261
27	266
27	271
27	275
27	280
27	284
27	289
27	293
27	298
27	302
27	306
27	310
27	314
27	318
27	323
27	327
27	332
27	336
27	341
27	345
27	350
27	354
27	359
27	364
27	369
27	374
27	379
27	384
27	390
27	396
27	402
27	408
27	415
27	422
27	429
27	437
27	446
27	456
28	179
28	189
28	198
28	206
28	213
28	220
28	226
28	232
28	238
28	243
28	248
28	252
28	257
28	261
28	265
28	269
28	272
28	276
28	279
28	282
28	285
28	289
28	291
28	294
28	297
28	300
28	303
28	306
28	309
28	311
28	315
28	317
28	320
28	323
28	326
28	328
28	332
28	334
28	337
28	340
28	343
28	346
28	349
28	352
28	355
28	358
28	361
28	364
28	367
28	370
28	374
28	377
28	380
28	384
28	387
28	391
28	395
28	399
28	403
28	408
28	412
28	417
28	422
28	427
28	433
28	439
28	446
28	453
28	461
28	471
29	171
29	181
29	189
29	196
29	202
29	208
29	213
29	218
29	222
29	227
29	231
29	234
29	238
29	242
29	244
29	248
29	251
29	253
29	257
29	259
29	262
29	264
29	267
29	270
29	272
29	274
29	277
29	279
29	281
29	283
29	285
29	288
29	289
29	292
29	293
29	296
29	297
29	300
29	301
29	303
29	305
29	307
29	309
29	311
29	313
29	315
29	317
29	319
29	321
29	323
29	325
29	327
29	329
29	331
29	333
29	335
29	337
29	339
29	341
29	343
29	345
29	347
29	349
29	351
29	353
29	355
29	357
29	359
29	361
29	363
29	365
29	367
29	369
29	371
29	374
29	376
29	378
29	380
29	383
29	385
29	388
29	390
29	393
29	396
29	398
29	401
29	405
29	407
29	411
29	414
29	418
29	421
29	426
29	429
29	434
29	438
29	444
29	449
29	455
29	462
29	470
29	480
30	168
30	178
30	185
30	191
30	197
30	202
30	206
30	211
30	213
30	217
30	220
30	222
30	225
30	228
30	231
30	232
30	235
30	238
30	240
30	242
30	244
30	247
30	249
30	251
30	253
30	255
30	257
30	259
30	261
30	263
30	265
30	267
30	269
30	271
30	273
30	275
30	277
30	279
30	281
30	283
30	285
30	287
30	289
30	291
30	293
30	295
30	297
30	299
30	301
30	302
30	305
30	306
30	308
30	310
30	312
30	313
30	315
30	317
30	319
30	321
30	322
30	324
30	326
30	328
30	329
30	331
30	333
30	335
30	336
30	338
30	340
30	342
30	343
30	345
30	347
30	349
30	350
30	352
30	354
30	356
30	357
30	359
30	361
30	363
30	365
30	366
30	368
30	370
30	372
30	374
30	376
30	378
30	380
30	382
30	385
30	386
30	389
30	391
30	394
30	396
30	399
30	401
30	405
30	407
30	410
30	414
30	417
30	421
30	425
30	429
30	434
30	438
30	444
30	449
30	456
30	463
30	472
30	483
31	167
31	176
31	182
31	188
31	192
31	196
31	201
31	203
31	207
31	211
31	212
31	216
31	219
31	221
31	223
31	226
31	229
31	231
31	232
31	235
31	237
31	239
31	241
31	243
31	245
31	247
31	249
31	251
31	253
31	255
31	257
31	259
31	261
31	262
31	265
31	266
31	268
31	270
31	272
31	274
31	275
31	277
31	279
31	281
31	283
31	284
31	286
31	288
31	290
31	292
31	293
31	296
31	297
31	299
31	301
31	303
31	305
31	306
31	309
31	310
31	312
31	314
31	316
31	318
31	320
31	321
31	324
31	325
31	327
31	329
31	331
31	333
31	335
31	337
31	339
31	341
31	343
31	345
31	347
31	349
31	351
31	354
31	356
31	358
31	360
31	363
31	365
31	367
31	370
31	373
31	375
31	378
31	381
31	384
31	387
31	390
31	394
31	397
31	401
31	405
31	409
31	414
31	419
31	425
31	431
31	438
31	446
31	456
32	161
32	170
32	177
32	182
32	187
32	191
32	194
32	198
32	201
32	203
32	207
32	209
32	212
32	214
32	217
32	220
32	222
32	224
32	227
32	229
32	232
32	234
32	237
32	239
32	242
32	244
32	247
32	249
32	252
32	254
32	257
32	259
32	262
32	264
32	267
32	269
32	272
32	275
32	277
32	280
32	283
32	286
32	288
32	292
32	294
32	297
32	300
32	303
32	306
32	309
32	312
32	315
32	318
32	322
32	325
32	328
32	332
32	335
32	339
32	343
32	347
32	351
32	355
32	359
32	364
32	368
32	373
32	378
32	384
32	390
32	397
32	405
32	414
32	425
33	160
33	169
33	175
33	181
33	184
33	189
33	192
33	196
33	199
33	202
33	206
33	208
33	212
33	214
33	218
33	221
33	224
33	227
33	230
33	233
33	236
33	239
33	242
33	245
33	248
33	252
33	255
33	259
33	262
33	266
33	269
33	273
33	277
33	281
33	285
33	289
33	293
33	297
33	302
33	306
33	311
33	316
33	321
33	326
33	331
33	337
33	343
33	349
33	355
33	362
33	369
33	377
33	386
33	396
34	159
34	168
34	174
34	180
34	184
34	189
34	193
34	197
34	201
34	205
34	209
34	213
34	217
34	221
34	225
34	229
34	233
34	237
34	242
34	246
34	251
34	256
34	261
34	266
34	271
34	276
34	282
34	288
34	294
34	300
34	306
34	313
34	320
34	327
34	335
34	343
34	351
34	360
34	370
34	382
35	161
35	170
35	177
35	183
35	189
35	194
35	200
35	205
35	210
35	215
35	221
35	226
35	232
35	238
35	244
35	250
35	256
35	262
35	268
35	275
35	282
35	289
35	296
35	304
35	312
35	321
35	330
35	340
35	351
36	170
36	180
36	189
36	197
36	204
36	211
36	218
36	225
36	232
36	239
36	246
36	253
36	261
36	269
36	277
36	285
36	294
36	303
36	313
36	323
36	334
37	180
37	190
37	199
37	208
37	217
37	226
37	235
37	244
37	253
37	263
37	273
37	284
37	295
37	308
38	182
38	193
38	203
38	212
38	221
38	230
38	240
38	250
38	260
38	270
38	281
38	292
38	304
38	316
39	186
39	197
39	208
39	218
39	228
39	239
39	250
39	261
39	273
39	285
40	183
40	194
40	205
40	215
40	225
40	235
40	245
40	256
40	267
40	279
40	292
41	192
41	204
41	215
41	226
41	238
41	251
42	190
42	201
42	212
42	222
42	232
42	242
42	253
42	265
43	201
43	213
43	225
43	237
43	250
56	211
56	223
56	235
56	247
56	260
62	198
62	209
62	220
62	230
62	240
62	250
62	261
62	272
62	283
62	295
63	189
63	200
63	210
63	219
63	228
63	236
63	244
63	252
63	260
63	268
63	276
63	284
63	292
63	300
63	308
63	317
63	326
63	336
63	347
64	207
64	218
64	228
64	237
64	246
64	255
64	263
64	271
64	279
64	287
64	295
64	303
64	312
64	321
64	331
64	342
66	202
66	213
66	223
66	233
66	242
66	251
66	260
66	269
66	278
66	287
66	296
66	306
66	316
66	326
66	337
66	348
66	360
66	373
67	190
67	201
67	210
67	218
67	226
67	233
67	240
67	246
67	252
67	258
67	264
67	270
67	276
67	282
67	288
67	294
67	300
67	306
67	312
67	318
67	324
67	331
67	338
67	345
67	352
67	360
67	368
67	376
67	385
67	394
67	404
67	415
68	187
68	198
68	208
68	217
68	225
68	233
68	241
68	249
68	256
68	263
68	270
68	277
68	284
68	291
68	298
68	305
68	312
68	319
68	326
68	334
68	342
68	350
68	358
68	366
68	374
68	381
68	388
68	396
68	404
68	412
68	420
68	429
68	440
69	171
69	181
69	189
69	196
69	203
69	209
69	215
69	221
69	227
69	233
69	239
69	245
69	251
69	257
69	263
69	269
69	275
69	281
69	287
69	293
69	299
69	305
69	311
69	317
69	323
69	329
69	335
69	341
69	347
69	353
69	358
69	363
69	368
69	373
69	378
69	382
69	387
69	392
69	397
69	402
69	407
69	412
69	417
69	423
69	429
69	436
69	443
69	452
69	463
70	168
70	176
70	182
70	188
70	192
70	197
70	201
70	205
70	209
70	212
70	216
70	219
70	223
70	226
70	229
70	233
70	235
70	239
70	242
70	245
70	248
70	251
70	254
70	257
70	260
70	263
70	266
70	269
70	272
70	275
70	278
70	281
70	284
70	287
70	290
70	294
70	296
70	300
70	303
70	306
70	310
70	312
70	316
70	319
70	322
70	325
70	329
70	331
70	335
70	338
70	341
70	344
70	347
70	350
70	353
70	356
70	359
70	362
70	365
70	368
70	371
70	373
70	376
70	379
70	382
70	385
70	388
70	391
70	394
70	397
70	401
70	404
70	408
70	412
70	416
70	420
70	425
70	430
70	436
70	442
70	449
70	457
70	467
71	167
71	174
71	181
71	184
71	189
71	192
71	195
71	199
71	201
71	203
71	207
71	209
71	211
71	214
71	216
71	218
71	221
71	222
71	225
71	227
71	229
71	231
71	233
71	235
71	237
71	239
71	241
71	243
71	245
71	247
71	249
71	251
71	252
71	255
71	256
71	258
71	260
71	262
71	264
71	265
71	268
71	269
71	271
71	273
71	275
71	277
71	278
71	280
71	282
71	284
71	286
71	287
71	289
71	291
71	293
71	295
71	296
71	298
71	300
71	302
71	304
71	305
71	307
71	309
71	311
71	313
71	314
71	316
71	318
71	320
71	322
71	323
71	325
71	327
71	329
71	331
71	332
71	334
71	336
71	338
71	340
71	341
71	343
71	345
71	347
71	349
71	350
71	353
71	354
71	356
71	358
71	360
71	362
71	364
71	366
71	368
71	370
71	372
71	374
71	376
71	378
71	381
71	383
71	386
71	388
71	391
71	394
71	397
71	399
71	403
71	406
71	409
71	414
71	417
71	422
71	427
71	433
71	439
71	447
71	457
72	170
72	179
72	184
72	190
72	193
72	198
72	201
72	204
72	207
72	210
72	212
72	215
72	218
72	220
72	222
72	225
72	227
72	229
72	232
72	233
72	235
72	238
72	240
72	241
72	243
72	246
72	247
72	249
72	251
72	253
72	255
72	256
72	259
72	260
72	262
72	264
72	265
72	267
72	269
72	271
72	272
72	274
72	276
72	278
72	279
72	281
72	283
72	284
72	286
72	288
72	289
72	291
72	293
72	294
72	296
72	298
72	299
72	301
72	303
72	304
72	306
72	308
72	309
72	311
72	313
72	314
72	316
72	318
72	319
72	321
72	323
72	325
72	326
72	328
72	330
72	332
72	333
72	335
72	337
72	339
72	340
72	343
72	344
72	346
72	348
72	350
72	352
72	354
72	356
72	358
72	360
72	363
72	365
72	367
72	370
72	373
72	375
72	378
72	381
72	384
72	387
72	391
72	394
72	398
72	402
72	406
72	411
72	416
72	422
72	428
72	436
72	445
73	199
73	210
73	220
73	229
73	237
73	244
73	251
73	258
73	264
73	270
73	276
73	282
73	288
73	294
73	300
73	306
73	312
73	318
73	324
73	330
73	337
73	344
73	351
73	359
73	367
73	376
73	385
73	393
73	401
73	409
73	417
73	425
73	434
73	445
74	188
74	202
74	361
74	371
74	380
74	388
74	395
74	401
74	407
74	412
74	418
74	423
74	429
74	435
74	442
74	449
74	458
74	469
75	168
75	178
75	186
75	194
75	201
75	208
75	215
75	222
75	229
75	236
75	243
75	250
75	257
75	264
75	271
75	278
75	285
75	292
75	299
75	306
75	314
75	321
75	329
75	336
75	343
75	350
75	357
75	363
75	369
75	375
75	381
75	386
75	391
75	396
75	401
75	406
75	411
75	416
75	421
75	426
75	432
75	438
75	445
75	453
75	462
76	179
76	189
76	198
76	206
76	214
76	221
76	228
76	235
76	242
76	249
76	256
76	263
76	270
76	277
76	284
76	291
76	298
76	305
76	312
76	319
76	326
76	333
76	340
76	347
76	354
76	361
76	368
76	375
76	383
76	391
76	400
76	409
76	420
-1	-1
