-1	-1
0	351
0	363
8	361
8	375
9	351
9	362
9	373
9	385
12	351
12	362
12	372
12	382
12	392
12	402
12	412
12	422
12	432
12	443
12	454
13	351
13	362
13	372
13	381
13	390
13	399
13	408
13	417
13	425
13	433
13	442
13	451
13	460
13	469
13	479
13	490
14	353
14	363
14	372
14	380
14	388
14	395
14	402
14	409
14	415
14	421
14	427
14	433
14	439
14	445
14	451
14	457
14	463
14	469
14	476
14	483
14	490
14	498
14	506
14	515
14	524
14	534
14	545
15	351
15	361
15	369
15	376
15	382
15	388
15	393
15	398
15	403
15	408
15	412
15	417
15	421
15	425
15	429
15	433
15	437
15	441
15	445
15	449
15	453
15	457
15	461
15	465
15	469
15	473
15	477
15	481
15	486
15	490
15	495
15	500
15	505
15	510
15	516
15	521
15	527
15	533
15	539
15	546
15	554
15	562
15	571
15	582
16	347
16	355
16	362
16	367
16	372
16	376
16	381
16	384
16	388
16	391
16	394
16	398
16	401
16	404
16	407
16	410
16	413
16	415
16	419
16	421
16	423
16	427
16	429
16	431
16	434
16	437
16	439
16	442
16	444
16	447
16	449
16	452
16	454
16	457
16	459
16	462
16	464
16	467
16	469
16	472
16	474
16	477
16	479
16	482
16	485
16	487
16	490
16	493
16	496
16	499
16	502
16	505
16	508
16	512
16	515
16	518
16	522
16	525
16	529
16	533
16	537
16	541
16	546
16	550
16	555
16	560
16	566
16	572
16	578
16	585
16	593
16	602
16	613
17	348
17	356
17	362
17	367
17	371
17	375
17	379
17	382
17	385
17	389
17	391
17	394
17	397
17	400
17	402
17	405
17	407
17	410
17	412
17	414
17	417
17	419
17	421
17	423
17	426
17	428
17	430
17	432
17	434
17	436
17	439
17	440
17	443
17	445
17	447
17	449
17	451
17	453
17	455
17	457
17	459
17	461
17	464
17	465
17	468
17	470
17	472
17	475
17	477
17	479
17	482
17	484
17	486
17	489
17	491
17	494
17	496
17	499
17	501
17	504
17	507
17	509
17	512
17	515
17	518
17	520
17	524
17	526
17	530
17	533
17	536
17	539
17	543
17	546
17	550
17	554
17	558
17	563
17	567
17	573
17	578
17	584
17	591
17	598
17	606
17	616
18	349
18	358
18	365
18	371
18	376
18	381
18	385
18	390
18	393
18	397
18	401
18	404
18	408
18	411
18	415
18	418
18	421
18	425
18	428
18	431
18	434
18	437
18	440
18	443
18	446
18	449
18	452
18	455
18	458
18	461
18	465
18	468
18	471
18	475
18	478
18	482
18	485
18	489
18	492
18	496
18	500
18	504
18	508
18	512
18	516
18	520
18	524
18	528
18	532
18	537
18	541
18	546
18	551
18	556
18	562
18	568
18	575
18	582
18	590
18	599
18	609
19	357
19	367
19	375
19	383
19	390
19	396
19	402
19	408
19	413
19	419
19	424
19	429
19	434
19	439
19	443
19	448
19	452
19	456
19	460
19	464
19	468
19	472
19	476
19	480
19	484
19	488
19	492
19	496
19	500
19	504
19	508
19	512
19	516
19	520
19	525
19	529
19	534
19	539
19	544
19	550
19	556
19	563
19	570
19	578
19	587
19	597
20	359
20	369
20	378
20	386
20	393
20	400
20	405
20	411
20	415
20	420
20	424
20	429
20	432
20	437
20	440
20	444
20	447
20	451
20	454
20	457
20	461
20	463
20	467
20	470
20	473
20	476
20	479
20	482
20	485
20	488
20	491
20	494
20	497
20	500
20	504
20	507
20	510
20	514
20	517
20	521
20	524
20	528
20	532
20	536
20	540
20	545
20	549
20	554
20	559
20	565
20	571
20	578
20	586
20	594
20	604
20	615
21	357
21	367
21	375
21	382
21	388
21	393
21	398
21	402
21	407
21	411
21	414
21	418
21	421
21	424
21	428
21	431
21	434
21	437
21	440
21	443
21	446
21	449
21	452
21	454
21	458
21	460
21	463
21	466
21	469
21	471
21	475
21	477
21	480
21	483
21	486
21	489
21	492
21	495
21	498
21	501
21	504
21	507
21	510
21	514
21	517
21	520
21	524
21	527
21	531
21	535
21	539
21	543
21	547
21	552
21	556
21	561
21	566
21	572
21	578
21	585
21	592
21	600
21	609
22	351
22	361
22	369
22	375
22	381
22	385
22	390
22	393
22	398
22	401
22	404
22	408
22	411
22	414
22	417
22	420
22	423
22	426
22	429
22	432
22	435
22	438
22	441
22	444
22	447
22	450
22	453
22	456
22	459
22	462
22	465
22	468
22	472
22	475
22	479
22	482
22	486
22	490
22	494
22	498
22	502
22	506
22	510
22	515
22	519
22	524
22	528
22	533
22	538
22	543
22	548
22	553
22	558
22	564
22	569
22	575
22	581
22	588
22	596
22	605
22	615
23	342
23	351
23	359
23	364
23	370
23	373
23	378
23	381
23	385
23	389
23	392
23	396
23	399
23	402
23	406
23	409
23	412
23	416
23	419
23	422
23	426
23	429
23	433
23	436
23	440
23	444
23	448
23	452
23	456
23	461
23	466
23	471
23	476
23	482
23	488
23	495
23	502
23	509
23	517
23	525
23	533
23	541
23	549
23	557
23	565
23	573
23	582
23	592
23	603
24	339
24	348
24	354
24	360
24	363
24	368
24	372
24	375
24	379
24	382
24	386
24	389
24	393
24	396
24	400
24	404
24	407
24	411
24	415
24	419
24	423
24	427
24	432
24	436
24	441
24	446
24	452
24	458
24	465
24	472
24	480
24	489
24	499
24	510
24	524
24	568
24	581
25	337
25	344
25	351
25	355
25	361
25	364
25	369
25	373
25	377
25	381
25	385
25	389
25	394
25	398
25	403
25	408
25	413
25	418
25	424
25	430
25	436
25	443
25	450
25	458
25	467
25	477
26	338
26	347
26	354
26	361
26	367
26	373
26	379
26	385
26	391
26	397
26	404
26	411
26	419
26	427
26	436
26	446
26	457
27	356
27	367
27	377
27	387
27	397
27	407
27	418
27	429
27	441
28	386
28	397
28	408
28	418
28	428
28	438
28	448
28	458
28	468
28	479
28	490
28	503
29	371
29	381
29	390
29	398
29	405
29	412
29	419
29	425
29	431
29	437
29	443
29	449
29	455
29	461
29	467
29	473
29	479
29	486
29	493
29	500
29	507
29	515
29	523
29	531
29	539
29	548
29	556
29	564
29	572
29	580
29	588
29	597
29	607
30	359
30	369
30	377
30	383
30	389
30	393
30	398
30	402
30	406
30	410
30	414
30	418
30	422
30	425
30	429
30	432
30	436
30	439
30	443
30	446
30	450
30	453
30	457
30	460
30	464
30	467
30	471
30	474
30	478
30	481
30	485
30	488
30	492
30	496
30	500
30	504
30	508
30	512
30	516
30	521
30	525
30	530
30	535
30	540
30	545
30	550
30	555
30	560
30	565
30	570
30	575
30	580
30	585
30	591
30	597
30	603
30	610
30	618
30	627
31	349
31	358
31	364
31	370
31	374
31	379
31	383
31	387
31	391
31	393
31	397
31	400
31	402
31	405
31	408
31	410
31	413
31	415
31	418
31	420
31	423
31	425
31	427
31	430
31	432
31	434
31	437
31	439
31	441
31	443
31	446
31	447
31	450
31	452
31	454
31	456
31	459
31	461
31	463
31	465
31	468
31	470
31	472
31	475
31	477
31	479
31	482
31	484
31	486
31	489
31	491
31	494
31	496
31	498
31	501
31	504
31	506
31	509
31	511
31	514
31	517
31	519
31	523
31	525
31	528
31	531
31	534
31	537
31	540
31	544
31	547
31	551
31	555
31	558
31	562
31	566
31	570
31	574
31	578
31	583
31	587
31	592
31	597
31	603
31	609
31	616
31	624
31	633
31	644
32	341
32	350
32	355
32	361
32	364
32	369
32	372
32	375
32	379
32	382
32	385
32	388
32	391
32	393
32	397
32	399
32	402
32	404
32	407
32	409
32	412
32	414
32	417
32	419
32	421
32	424
32	426
32	429
32	431
32	433
32	436
32	438
32	440
32	443
32	445
32	447
32	450
32	452
32	454
32	457
32	459
32	461
32	464
32	466
32	468
32	471
32	473
32	476
32	478
32	481
32	483
32	486
32	488
32	491
32	493
32	496
32	498
32	501
32	504
32	506
32	509
32	512
32	515
32	518
32	521
32	524
32	527
32	530
32	534
32	537
32	541
32	545
32	548
32	553
32	557
32	562
32	567
32	572
32	578
32	584
32	590
32	597
32	604
32	612
32	621
32	631
33	339
33	347
33	352
33	356
33	361
33	363
33	367
33	370
33	373
33	376
33	379
33	381
33	384
33	387
33	389
33	392
33	395
33	397
33	400
33	403
33	405
33	408
33	411
33	414
33	416
33	419
33	422
33	425
33	428
33	431
33	434
33	437
33	440
33	444
33	447
33	450
33	454
33	457
33	461
33	465
33	469
33	473
33	477
33	481
33	486
33	490
33	495
33	500
33	505
33	510
33	516
33	522
33	528
33	535
33	543
33	551
33	561
33	574
34	341
34	350
34	356
34	362
34	366
34	371
34	375
34	380
34	384
34	389
34	393
34	398
34	402
34	407
34	411
34	416
34	421
34	426
34	431
34	436
34	442
34	447
34	453
34	459
34	466
34	473
34	480
34	488
34	496
34	505
34	515
34	526
35	347
35	356
35	363
35	370
35	376
35	382
35	388
35	394
35	400
35	406
35	412
35	419
35	426
35	433
35	441
35	449
35	458
35	468
35	479
36	366
36	377
36	387
36	397
36	407
36	417
36	427
36	438
36	454
37	377
37	389
37	400
37	412
38	389
38	401
38	415
63	381
63	392
63	402
63	412
63	422
63	432
63	443
63	456
64	378
64	389
64	399
64	408
64	417
64	426
64	434
64	443
64	452
64	461
64	471
64	481
65	441
65	453
65	464
65	475
65	486
65	497
67	401
67	413
67	425
67	439
68	380
68	391
68	402
68	412
68	422
68	432
68	442
68	452
68	462
68	472
68	482
68	493
68	507
68	551
69	367
69	377
69	386
69	394
69	402
69	410
69	418
69	426
69	434
69	442
69	450
69	459
69	468
69	477
69	486
69	495
69	504
69	513
69	522
69	531
69	540
69	548
69	556
69	564
69	573
69	582
69	593
70	357
70	366
70	373
70	380
70	385
70	391
70	395
70	400
70	404
70	409
70	413
70	418
70	422
70	427
70	431
70	436
70	440
70	445
70	450
70	455
70	460
70	465
70	471
70	477
70	483
70	489
70	496
70	503
70	510
70	517
70	524
70	532
70	540
70	548
70	556
70	564
70	573
70	583
71	351
71	360
71	365
71	371
71	374
71	379
71	382
71	385
71	389
71	391
71	394
71	397
71	400
71	402
71	405
71	408
71	410
71	413
71	415
71	418
71	420
71	423
71	425
71	428
71	430
71	433
71	435
71	438
71	440
71	443
71	445
71	448
71	450
71	453
71	456
71	458
71	461
71	464
71	467
71	469
71	473
71	476
71	479
71	483
71	486
71	490
71	494
71	498
71	502
71	506
71	511
71	516
71	521
71	526
71	532
71	538
71	545
71	552
71	560
71	569
71	580
72	351
72	360
72	365
72	371
72	373
72	378
72	381
72	383
72	387
72	390
72	392
72	394
72	398
72	399
72	402
72	404
72	406
72	409
72	411
72	413
72	415
72	417
72	419
72	421
72	423
72	425
72	427
72	429
72	431
72	433
72	435
72	437
72	439
72	441
72	443
72	445
72	447
72	449
72	451
72	453
72	455
72	457
72	459
72	461
72	463
72	465
72	467
72	469
72	471
72	474
72	475
72	478
72	480
72	482
72	485
72	487
72	489
72	492
72	494
72	497
72	499
72	502
72	505
72	507
72	510
72	513
72	516
72	519
72	522
72	526
72	528
72	532
72	536
72	539
72	544
72	547
72	552
72	556
72	561
72	566
72	572
72	578
72	586
72	595
72	606
73	370
73	380
73	389
73	397
73	404
73	411
73	417
73	423
73	429
73	434
73	439
73	443
73	448
73	452
73	456
73	460
73	464
73	468
73	472
73	475
73	479
73	482
73	486
73	489
73	492
73	496
73	499
73	502
73	506
73	509
73	512
73	516
73	519
73	522
73	526
73	529
73	532
73	536
73	539
73	543
73	546
73	550
73	554
73	558
73	563
73	567
73	573
73	578
73	585
73	592
73	601
73	613
74	507
74	518
74	528
74	537
74	546
74	556
74	566
75	369
75	380
75	389
75	398
75	406
75	414
75	422
75	430
75	438
75	446
75	454
75	463
75	472
75	482
75	494
76	370
76	380
76	389
76	397
76	405
76	412
76	419
76	426
76	433
76	440
76	447
76	454
76	461
76	468
76	475
76	483
76	491
76	499
76	507
76	516
76	525
76	535
76	545
76	555
76	564
76	573
76	583
76	595
-1	-1
