-1	-1
10	168
10	179
10	190
10	200
10	210
10	221
10	233
11	157
11	167
11	176
11	184
11	192
11	200
11	208
11	216
11	224
11	233
11	242
11	252
11	262
11	273
12	150
12	159
12	167
12	174
12	181
12	187
12	193
12	199
12	205
12	211
12	217
12	223
12	229
12	235
12	242
12	249
12	256
12	264
12	272
12	280
12	289
12	299
12	310
12	322
13	151
13	160
13	168
13	175
13	181
13	187
13	193
13	198
13	204
13	209
13	214
13	220
13	225
13	231
13	237
13	243
13	249
13	255
13	262
13	269
13	276
13	283
13	291
13	299
13	308
13	318
13	329
14	157
14	166
14	173
14	180
14	186
14	192
14	198
14	203
14	209
14	214
14	219
14	224
14	229
14	234
14	239
14	245
14	250
14	256
14	262
14	268
14	274
14	280
14	287
14	294
14	301
14	309
14	317
14	326
14	336
15	156
15	165
15	172
15	179
15	184
15	190
15	194
15	199
15	204
15	209
15	213
15	218
15	222
15	227
15	231
15	236
15	240
15	245
15	249
15	254
15	258
15	263
15	267
15	272
15	277
15	282
15	287
15	292
15	297
15	303
15	308
15	314
15	320
15	327
15	334
15	342
15	351
15	362
16	157
16	166
16	173
16	180
16	185
16	190
16	194
16	199
16	203
16	207
16	211
16	215
16	219
16	223
16	227
16	231
16	234
16	238
16	242
16	245
16	249
16	252
16	256
16	259
16	263
16	266
16	270
16	274
16	277
16	281
16	285
16	289
16	293
16	297
16	301
16	305
16	309
16	314
16	318
16	323
16	328
16	334
16	340
16	347
16	354
16	362
16	372
16	385
17	158
17	168
17	175
17	181
17	186
17	191
17	195
17	200
17	204
17	208
17	212
17	216
17	220
17	224
17	228
17	232
17	236
17	240
17	243
17	247
17	251
17	254
17	258
17	262
17	265
17	269
17	273
17	276
17	280
17	284
17	287
17	291
17	295
17	298
17	302
17	306
17	310
17	314
17	318
17	323
17	328
17	333
17	338
17	344
17	351
17	358
17	367
17	377
18	159
18	169
18	177
18	184
18	191
18	197
18	203
18	208
18	214
18	219
18	224
18	230
18	235
18	241
18	246
18	252
18	257
18	263
18	268
18	273
18	278
18	283
18	288
18	293
18	298
18	304
18	310
18	316
18	323
18	330
18	338
18	347
18	357
19	168
19	179
19	188
19	197
19	205
19	213
19	221
19	229
19	238
19	247
19	256
19	265
19	273
19	281
19	289
19	297
19	306
19	316
19	326
20	187
20	198
20	209
20	220
20	231
20	242
20	253
20	264
20	275
20	286
20	297
21	197
21	209
21	220
21	231
21	242
21	253
21	264
21	274
21	285
21	296
21	308
21	323
22	189
22	200
22	211
22	221
22	231
22	240
22	249
22	258
22	266
22	274
22	283
22	292
22	301
22	311
22	321
22	331
22	343
23	172
23	183
23	193
23	202
23	210
23	218
23	225
23	232
23	239
23	245
23	251
23	257
23	263
23	269
23	275
23	281
23	287
23	294
23	301
23	308
23	315
23	322
23	329
23	337
23	345
23	354
23	364
23	375
24	159
24	169
24	177
24	184
24	191
24	197
24	203
24	208
24	213
24	218
24	223
24	227
24	232
24	236
24	241
24	244
24	249
24	252
24	256
24	260
24	264
24	268
24	272
24	276
24	280
24	284
24	288
24	292
24	296
24	300
24	305
24	309
24	314
24	318
24	323
24	327
24	332
24	337
24	342
24	347
24	353
24	359
24	366
24	373
24	381
24	390
24	400
25	157
25	166
25	173
25	180
25	185
25	191
25	195
25	200
25	203
25	208
25	211
25	215
25	219
25	222
25	226
25	229
25	232
25	236
25	239
25	242
25	245
25	248
25	251
25	254
25	257
25	260
25	263
25	265
25	269
25	271
25	274
25	277
25	280
25	283
25	286
25	289
25	292
25	295
25	298
25	301
25	304
25	307
25	310
25	313
25	316
25	319
25	323
25	325
25	329
25	332
25	336
25	339
25	343
25	347
25	351
25	355
25	359
25	364
25	368
25	374
25	379
25	385
25	392
25	399
25	407
25	417
26	151
26	160
26	167
26	172
26	177
26	182
26	186
26	191
26	194
26	199
26	202
26	206
26	210
26	213
26	217
26	220
26	223
26	227
26	230
26	233
26	236
26	240
26	242
26	246
26	249
26	252
26	255
26	258
26	261
26	264
26	267
26	270
26	273
26	276
26	279
26	282
26	285
26	288
26	291
26	294
26	297
26	300
26	303
26	306
26	309
26	313
26	316
26	319
26	323
26	326
26	330
26	333
26	337
26	341
26	345
26	349
26	354
26	358
26	363
26	368
26	374
26	380
26	387
26	395
26	404
26	414
27	150
27	159
27	165
27	171
27	176
27	181
27	186
27	191
27	196
27	201
27	205
27	210
27	214
27	219
27	223
27	228
27	232
27	237
27	241
27	246
27	250
27	254
27	259
27	263
27	267
27	271
27	275
27	279
27	283
27	287
27	291
27	295
27	299
27	303
27	307
27	311
27	315
27	319
27	324
27	328
27	333
27	338
27	343
27	348
27	354
27	360
27	367
27	374
27	382
27	391
27	402
28	159
28	169
28	177
28	184
28	191
28	197
28	203
28	209
28	215
28	221
28	226
28	232
28	237
28	242
28	247
28	252
28	256
28	261
28	265
28	269
28	274
28	278
28	282
28	287
28	291
28	295
28	299
28	303
28	307
28	311
28	315
28	319
28	324
28	328
28	333
28	337
28	342
28	347
28	352
28	358
28	364
28	370
28	377
28	385
28	393
28	403
29	167
29	176
29	184
29	191
29	198
29	205
29	211
29	217
29	223
29	228
29	233
29	238
29	242
29	247
29	251
29	255
29	259
29	263
29	267
29	270
29	274
29	278
29	281
29	285
29	289
29	292
29	296
29	299
29	303
29	306
29	310
29	313
29	316
29	320
29	323
29	326
29	330
29	333
29	337
29	340
29	344
29	348
29	352
29	356
29	361
29	365
29	370
29	375
29	380
29	386
29	392
29	399
29	407
29	416
29	427
30	171
30	181
30	190
30	198
30	205
30	211
30	217
30	222
30	227
30	232
30	236
30	241
30	244
30	248
30	252
30	255
30	259
30	262
30	265
30	269
30	272
30	275
30	278
30	281
30	284
30	287
30	290
30	293
30	296
30	299
30	301
30	304
30	307
30	309
30	312
30	314
30	317
30	319
30	322
30	325
30	327
30	330
30	333
30	336
30	338
30	342
30	345
30	348
30	351
30	355
30	358
30	362
30	366
30	370
30	375
30	379
30	384
30	389
30	395
30	401
30	408
30	416
30	425
30	436
31	169
31	179
31	187
31	193
31	199
31	204
31	209
31	213
31	217
31	221
31	224
31	228
31	231
31	234
31	237
31	241
31	243
31	246
31	249
31	251
31	254
31	257
31	259
31	262
31	264
31	267
31	269
31	272
31	273
31	276
31	278
31	281
31	282
31	285
31	287
31	289
31	292
31	293
31	296
31	298
31	300
31	302
31	305
31	307
31	309
31	311
31	314
31	316
31	318
31	321
31	324
31	326
31	329
31	331
31	335
31	337
31	340
31	344
31	346
31	350
31	354
31	357
31	361
31	365
31	369
31	374
31	379
31	384
31	390
31	396
31	403
31	410
31	418
31	428
32	166
32	174
32	181
32	186
32	191
32	195
32	199
32	202
32	205
32	209
32	211
32	214
32	217
32	220
32	222
32	225
32	227
32	230
32	232
32	234
32	237
32	239
32	241
32	244
32	246
32	248
32	251
32	253
32	255
32	258
32	260
32	262
32	265
32	267
32	269
32	271
32	274
32	276
32	278
32	280
32	283
32	285
32	287
32	290
32	292
32	294
32	297
32	299
32	302
32	304
32	307
32	309
32	312
32	315
32	317
32	320
32	324
32	326
32	330
32	333
32	337
32	340
32	345
32	348
32	353
32	357
32	363
32	368
32	375
32	382
32	390
32	398
32	407
32	418
33	160
33	169
33	175
33	181
33	184
33	189
33	192
33	196
33	199
33	202
33	205
33	208
33	211
33	214
33	217
33	220
33	222
33	225
33	228
33	231
33	233
33	237
33	239
33	242
33	245
33	248
33	251
33	254
33	257
33	260
33	264
33	266
33	270
33	273
33	276
33	280
33	283
33	287
33	290
33	294
33	297
33	301
33	305
33	309
33	313
33	317
33	322
33	327
33	332
33	337
33	343
33	349
33	356
33	364
33	373
33	384
34	152
34	161
34	168
34	173
34	178
34	182
34	185
34	189
34	192
34	195
34	199
34	201
34	205
34	208
34	211
34	214
34	217
34	220
34	223
34	226
34	229
34	233
34	236
34	239
34	243
34	246
34	250
34	254
34	258
34	262
34	266
34	270
34	275
34	279
34	284
34	288
34	293
34	298
34	303
34	309
34	315
34	321
34	328
34	335
34	343
34	352
34	363
35	151
35	160
35	166
35	172
35	176
35	181
35	185
35	189
35	193
35	197
35	201
35	205
35	209
35	214
35	218
35	223
35	228
35	233
35	238
35	244
35	250
35	256
35	262
35	268
35	275
35	282
35	289
35	296
35	304
35	312
35	321
35	331
36	151
36	160
36	167
36	173
36	179
36	184
36	189
36	194
36	199
36	204
36	209
36	215
36	220
36	226
36	232
36	238
36	245
36	252
36	259
36	267
36	275
36	284
36	293
36	303
36	314
37	158
37	168
37	177
37	185
37	193
37	201
37	208
37	215
37	222
37	230
37	238
37	246
37	255
37	264
37	274
37	285
37	296
38	170
38	181
38	191
38	200
38	209
38	218
38	228
38	238
38	249
65	192
65	203
65	214
65	224
65	234
65	244
65	255
65	266
65	277
65	291
66	177
66	187
66	195
66	202
66	209
66	216
66	223
66	230
66	237
66	244
66	251
66	258
66	265
66	273
66	281
66	289
66	298
66	307
66	317
66	329
67	169
67	178
67	185
67	191
67	196
67	201
67	205
67	210
67	213
67	218
67	221
67	225
67	229
67	233
67	236
67	240
67	244
67	247
67	251
67	255
67	259
67	263
67	267
67	271
67	275
67	279
67	284
67	288
67	293
67	298
67	303
67	308
67	314
67	320
67	327
67	334
67	342
67	352
68	168
68	176
68	182
68	186
68	191
68	193
68	198
68	201
68	203
68	207
68	209
68	212
68	214
68	217
68	220
68	222
68	224
68	227
68	229
68	231
68	234
68	236
68	238
68	241
68	242
68	245
68	247
68	249
68	251
68	254
68	256
68	258
68	260
68	263
68	265
68	267
68	270
68	272
68	275
68	277
68	280
68	282
68	285
68	288
68	290
68	294
68	296
68	299
68	303
68	306
68	309
68	313
68	316
68	320
68	324
68	328
68	333
68	338
68	344
68	350
68	357
68	366
68	378
69	167
69	174
69	181
69	185
69	190
69	193
69	197
69	201
69	203
69	206
69	209
69	212
69	214
69	217
69	219
69	222
69	224
69	226
69	229
69	231
69	233
69	235
69	237
69	240
69	241
69	243
69	246
69	247
69	250
69	251
69	253
69	255
69	257
69	259
69	261
69	263
69	265
69	267
69	269
69	271
69	273
69	275
69	277
69	279
69	281
69	283
69	285
69	287
69	289
69	291
69	294
69	295
69	298
69	300
69	303
69	305
69	307
69	310
69	313
69	315
69	318
69	321
69	324
69	327
69	330
69	334
69	337
69	342
69	346
69	351
69	356
69	362
69	369
69	377
69	387
70	172
70	182
70	190
70	198
70	205
70	212
70	219
70	226
70	233
70	240
70	246
70	252
70	258
70	263
70	268
70	272
70	276
70	280
70	283
70	287
70	290
70	293
70	297
70	300
70	303
70	306
70	309
70	313
70	316
70	319
70	323
70	326
70	330
70	334
70	338
70	343
70	348
70	354
70	360
70	367
70	376
70	387
71	178
71	188
71	195
71	202
71	208
71	214
71	220
71	225
71	230
71	235
71	240
71	245
71	250
71	255
71	260
71	265
71	270
71	275
71	280
71	285
71	290
71	295
71	300
71	305
71	310
71	315
71	320
71	326
71	332
71	339
71	347
71	356
71	367
72	173
72	182
72	189
72	194
72	200
72	203
72	208
72	212
72	215
72	219
72	222
72	226
72	229
72	232
72	236
72	239
72	242
72	245
72	248
72	251
72	254
72	257
72	260
72	264
72	266
72	270
72	273
72	277
72	280
72	284
72	287
72	291
72	295
72	299
72	303
72	307
72	312
72	317
72	322
72	328
72	334
72	341
72	349
72	359
73	176
73	185
73	192
73	199
73	204
73	210
73	214
73	219
73	223
73	228
73	232
73	236
73	240
73	243
73	247
73	251
73	254
73	258
73	261
73	265
73	268
73	272
73	275
73	279
73	282
73	286
73	289
73	293
73	296
73	300
73	304
73	307
73	311
73	315
73	319
73	324
73	328
73	334
73	339
73	346
73	353
73	361
73	371
74	278
74	288
74	297
74	305
74	313
74	321
74	330
74	340
76	222
76	234
76	245
76	256
76	267
76	278
76	291
-1	-1
