-1	-1
0	173
0	182
0	189
0	194
0	199
0	202
0	206
0	210
0	212
0	216
0	219
0	221
0	224
0	227
0	229
0	232
0	234
0	237
0	239
0	242
0	244
0	247
0	249
0	252
0	255
0	257
0	260
0	264
0	266
0	270
0	273
0	277
0	280
0	285
0	288
0	294
0	298
0	304
0	310
0	317
0	325
0	334
0	344
1	187
1	196
1	203
1	210
1	216
1	222
1	227
1	232
1	237
1	242
1	247
1	252
1	257
1	262
1	268
1	274
1	280
1	287
1	295
1	304
1	314
1	325
2	197
2	207
2	215
2	222
2	229
2	235
2	241
2	247
2	254
2	261
2	268
2	276
2	285
2	294
2	304
2	316
3	201
3	211
3	220
3	229
3	237
3	245
3	253
3	262
3	271
3	281
3	292
4	210
4	221
4	231
4	240
4	249
4	259
4	269
4	280
4	292
5	226
5	237
5	248
5	259
5	270
5	281
5	293
5	306
6	220
6	231
6	241
6	250
6	259
6	268
6	277
6	286
6	295
6	304
6	313
6	322
6	331
6	340
6	350
6	360
6	371
6	382
6	394
7	211
7	221
7	230
7	238
7	246
7	253
7	260
7	267
7	274
7	281
7	288
7	295
7	302
7	309
7	316
7	323
7	330
7	337
7	344
7	351
7	358
7	366
7	374
7	383
7	392
7	401
7	411
7	421
7	432
7	444
8	201
8	211
8	220
8	228
8	235
8	242
8	249
8	255
8	261
8	267
8	272
8	278
8	283
8	288
8	293
8	298
8	303
8	308
8	313
8	318
8	323
8	328
8	333
8	338
8	343
8	348
8	354
8	359
8	365
8	371
8	378
8	385
8	392
8	399
8	407
8	415
8	424
8	433
8	443
8	453
8	465
9	199
9	209
9	218
9	226
9	233
9	240
9	247
9	253
9	259
9	265
9	271
9	276
9	281
9	286
9	291
9	296
9	301
9	306
9	311
9	315
9	320
9	324
9	329
9	333
9	338
9	342
9	347
9	351
9	356
9	361
9	366
9	371
9	376
9	382
9	388
9	394
9	400
9	407
9	414
9	421
9	429
9	437
9	445
9	454
9	464
9	476
10	201
10	212
10	221
10	230
10	238
10	246
10	253
10	260
10	267
10	274
10	280
10	286
10	292
10	298
10	304
10	310
10	315
10	320
10	325
10	330
10	334
10	339
10	343
10	348
10	352
10	356
10	361
10	365
10	370
10	374
10	379
10	384
10	389
10	394
10	400
10	406
10	412
10	419
10	426
10	433
10	441
10	449
10	458
10	468
10	480
11	210
11	221
11	231
11	240
11	249
11	258
11	267
11	276
11	285
11	293
11	301
11	308
11	314
11	320
11	326
11	332
11	337
11	342
11	347
11	352
11	357
11	362
11	367
11	372
11	377
11	383
11	388
11	394
11	400
11	407
11	414
11	421
11	429
11	437
11	446
11	456
11	467
12	211
12	222
12	232
12	242
12	252
12	262
12	272
12	282
12	292
12	301
12	309
12	317
12	324
12	331
12	337
12	343
12	349
12	354
12	360
12	365
12	371
12	376
12	382
12	388
12	395
12	402
12	409
12	417
12	426
12	435
12	445
12	456
13	221
13	232
13	242
13	252
13	263
13	274
13	285
13	296
13	306
13	315
13	324
13	332
13	340
13	348
13	355
13	362
13	370
13	378
13	386
13	395
13	404
13	414
13	425
14	229
14	240
14	251
14	262
14	274
14	287
14	299
14	311
14	322
14	332
14	342
14	352
14	362
14	372
14	382
14	393
15	230
15	241
15	252
15	263
15	274
15	286
15	297
15	308
15	319
15	329
15	339
15	349
15	359
15	369
15	380
16	229
16	240
16	251
16	262
16	273
16	284
16	294
16	304
16	314
16	323
16	332
16	340
16	348
16	356
16	364
16	372
16	381
16	391
16	401
16	412
17	221
17	232
17	242
17	252
17	262
17	272
17	281
17	290
17	299
17	307
17	314
17	321
17	328
17	334
17	340
17	346
17	352
17	358
17	364
17	370
17	376
17	383
17	390
17	397
17	405
17	413
17	422
17	431
17	441
17	451
17	462
17	474
18	221
18	232
18	242
18	251
18	260
18	269
18	278
18	286
18	293
18	300
18	307
18	313
18	319
18	324
18	330
18	335
18	340
18	345
18	350
18	355
18	360
18	365
18	370
18	375
18	380
18	385
18	391
18	396
18	402
18	408
18	414
18	421
18	428
18	436
18	444
18	453
18	462
18	472
18	482
18	492
18	503
18	514
19	219
19	230
19	239
19	248
19	256
19	264
19	271
19	278
19	284
19	290
19	295
19	301
19	305
19	310
19	315
19	319
19	324
19	328
19	332
19	336
19	340
19	344
19	348
19	352
19	356
19	360
19	364
19	368
19	372
19	376
19	380
19	384
19	388
19	392
19	396
19	400
19	405
19	409
19	414
19	418
19	423
19	428
19	434
19	439
19	445
19	451
19	458
19	465
19	472
19	480
19	488
19	497
19	506
19	515
19	525
19	536
20	218
20	228
20	237
20	245
20	253
20	260
20	266
20	272
20	278
20	283
20	288
20	292
20	297
20	301
20	305
20	309
20	313
20	317
20	321
20	324
20	328
20	332
20	335
20	339
20	342
20	346
20	349
20	353
20	357
20	360
20	364
20	368
20	371
20	375
20	379
20	383
20	387
20	391
20	395
20	399
20	403
20	407
20	411
20	415
20	419
20	423
20	427
20	432
20	436
20	441
20	446
20	451
20	457
20	463
20	469
20	476
20	483
20	491
20	499
20	508
20	517
20	527
20	539
21	209
21	220
21	229
21	237
21	244
21	250
21	256
21	261
21	266
21	271
21	275
21	280
21	283
21	288
21	291
21	295
21	299
21	302
21	306
21	310
21	313
21	317
21	321
21	324
21	328
21	332
21	336
21	340
21	344
21	348
21	352
21	356
21	360
21	364
21	367
21	371
21	375
21	378
21	382
21	386
21	389
21	393
21	397
21	400
21	404
21	407
21	411
21	414
21	418
21	421
21	425
21	428
21	432
21	435
21	439
21	443
21	447
21	451
21	455
21	459
21	464
21	468
21	474
21	479
21	485
21	492
21	499
21	507
21	516
21	527
22	196
22	207
22	216
22	224
22	231
22	237
22	242
22	247
22	252
22	256
22	261
22	264
22	269
22	272
22	276
22	280
22	283
22	287
22	291
22	294
22	298
22	301
22	305
22	309
22	312
22	316
22	320
22	324
22	327
22	331
22	335
22	338
22	342
22	345
22	349
22	352
22	355
22	359
22	362
22	365
22	368
22	371
22	374
22	377
22	380
22	383
22	385
22	389
22	391
22	394
22	397
22	400
22	403
22	406
22	409
22	412
22	414
22	418
22	420
22	423
22	426
22	429
22	432
22	435
22	438
22	441
22	444
22	447
22	451
22	454
22	458
22	462
22	466
22	470
22	475
22	479
22	485
22	490
22	497
22	504
22	512
22	522
23	180
23	190
23	199
23	207
23	214
23	221
23	227
23	232
23	237
23	242
23	246
23	251
23	254
23	259
23	262
23	266
23	270
23	274
23	278
23	282
23	285
23	289
23	293
23	297
23	300
23	304
23	308
23	311
23	315
23	319
23	322
23	326
23	329
23	332
23	336
23	339
23	342
23	344
23	348
23	350
23	352
23	355
23	358
23	360
23	362
23	364
23	367
23	369
23	371
23	373
23	375
23	378
23	379
23	382
23	384
23	386
23	388
23	390
23	393
23	395
23	397
23	399
23	402
23	404
23	406
23	409
23	411
23	414
23	416
23	419
23	421
23	424
23	427
23	429
23	432
23	435
23	438
23	440
23	444
23	446
23	449
23	453
23	456
23	459
23	463
23	466
23	470
23	474
23	478
23	483
23	488
23	494
23	500
23	507
23	516
23	526
24	177
24	187
24	196
24	204
24	211
24	218
24	225
24	231
24	237
24	243
24	248
24	253
24	258
24	263
24	268
24	273
24	278
24	282
24	287
24	291
24	295
24	299
24	303
24	307
24	311
24	313
24	317
24	320
24	323
24	326
24	329
24	332
24	333
24	337
24	339
24	341
24	343
24	346
24	348
24	350
24	352
24	354
24	356
24	358
24	360
24	362
24	364
24	366
24	368
24	370
24	372
24	373
24	376
24	377
24	379
24	381
24	383
24	385
24	387
24	389
24	391
24	393
24	395
24	397
24	399
24	402
24	404
24	406
24	409
24	411
24	414
24	416
24	419
24	422
24	425
24	428
24	431
24	434
24	437
24	440
24	444
24	447
24	451
24	454
24	458
24	462
24	466
24	470
24	475
24	480
24	486
24	492
24	499
24	507
24	516
25	196
25	207
25	217
25	226
25	234
25	241
25	248
25	255
25	261
25	267
25	273
25	279
25	284
25	290
25	294
25	299
25	302
25	306
25	310
25	312
25	315
25	318
25	321
25	323
25	326
25	328
25	331
25	332
25	335
25	337
25	339
25	342
25	343
25	346
25	348
25	350
25	352
25	354
25	356
25	358
25	360
25	362
25	364
25	366
25	368
25	370
25	373
25	374
25	377
25	379
25	381
25	384
25	386
25	388
25	391
25	394
25	396
25	399
25	402
25	405
25	408
25	411
25	415
25	418
25	422
25	426
25	430
25	435
25	439
25	444
25	449
25	454
25	459
25	465
25	470
25	476
25	483
25	490
25	498
25	507
25	518
26	211
26	222
26	231
26	240
26	248
26	255
26	262
26	269
26	275
26	281
26	286
26	291
26	295
26	299
26	302
26	306
26	309
26	312
26	315
26	318
26	321
26	323
26	326
26	329
26	331
26	333
26	336
26	338
26	341
26	343
26	346
26	348
26	351
26	353
26	356
26	358
26	361
26	364
26	366
26	369
26	372
26	375
26	377
26	381
26	384
26	387
26	390
26	394
26	397
26	401
26	405
26	409
26	414
26	419
26	425
26	431
26	438
26	445
26	452
26	460
26	468
26	476
26	485
26	494
26	504
26	516
27	218
27	229
27	239
27	248
27	257
27	265
27	272
27	278
27	283
27	288
27	292
27	296
27	300
27	303
27	307
27	310
27	313
27	316
27	319
27	322
27	325
27	328
27	331
27	334
27	337
27	340
27	343
27	346
27	349
27	353
27	356
27	359
27	363
27	366
27	370
27	374
27	378
27	383
27	387
27	392
27	397
27	403
27	409
27	416
27	424
27	433
27	442
27	452
27	462
27	472
27	482
27	492
27	503
28	219
28	230
28	240
28	249
28	258
28	265
28	271
28	276
28	281
28	284
28	289
28	292
28	295
28	299
28	302
28	305
28	308
28	311
28	314
28	317
28	320
28	323
28	326
28	329
28	332
28	336
28	338
28	342
28	345
28	349
28	352
28	356
28	360
28	364
28	368
28	373
28	377
28	383
28	388
28	394
28	401
28	408
28	416
28	426
28	438
29	218
29	229
29	239
29	248
29	256
29	262
29	268
29	272
29	277
29	281
29	284
29	288
29	291
29	294
29	297
29	301
29	303
29	307
29	310
29	313
29	316
29	319
29	323
29	326
29	329
29	333
29	336
29	340
29	344
29	348
29	352
29	356
29	361
29	366
29	371
29	376
29	382
29	388
29	395
29	403
29	412
29	423
30	219
30	230
30	239
30	247
30	254
30	260
30	265
30	270
30	273
30	278
30	281
30	285
30	289
30	292
30	296
30	299
30	303
30	306
30	310
30	313
30	317
30	321
30	325
30	329
30	333
30	337
30	342
30	347
30	352
30	357
30	363
30	369
30	376
30	384
30	393
30	404
31	216
31	226
31	235
31	242
31	249
31	253
31	258
31	262
31	265
31	269
31	272
31	276
31	279
31	282
31	286
31	289
31	292
31	296
31	299
31	303
31	306
31	310
31	314
31	318
31	322
31	327
31	331
31	336
31	341
31	347
31	353
31	359
31	366
31	374
31	383
31	394
32	201
32	212
32	222
32	230
32	237
32	243
32	248
32	252
32	256
32	260
32	263
32	267
32	270
32	273
32	277
32	280
32	283
32	287
32	290
32	294
32	297
32	301
32	305
32	308
32	313
32	316
32	321
32	325
32	330
32	335
32	341
32	347
32	354
32	361
32	369
32	378
33	182
33	193
33	203
33	212
33	220
33	228
33	234
33	240
33	244
33	249
33	253
33	257
33	261
33	265
33	269
33	272
33	276
33	280
33	283
33	287
33	291
33	295
33	299
33	303
33	307
33	312
33	316
33	321
33	326
33	332
33	338
33	345
33	352
33	360
33	369
33	380
34	178
34	188
34	197
34	205
34	213
34	221
34	229
34	235
34	241
34	246
34	251
34	256
34	261
34	266
34	271
34	276
34	281
34	286
34	291
34	296
34	301
34	307
34	312
34	318
34	324
34	331
34	338
34	346
34	355
34	365
35	179
35	189
35	198
35	206
35	214
35	222
35	230
35	237
35	244
35	250
35	256
35	262
35	268
35	274
35	280
35	286
35	292
35	299
35	306
35	313
35	321
35	329
35	338
35	347
35	357
36	199
36	211
36	222
36	232
36	241
36	249
36	257
36	264
36	271
36	278
36	285
36	292
36	299
36	307
36	315
36	323
36	332
36	341
36	351
36	362
37	236
37	246
37	255
37	263
37	271
37	278
37	285
37	292
37	299
37	307
37	315
37	323
37	332
37	341
37	351
37	362
38	237
38	248
38	257
38	265
38	273
38	281
38	289
38	296
38	303
38	311
38	319
38	327
38	336
38	345
38	355
38	366
39	237
39	248
39	258
39	267
39	276
39	285
39	293
39	301
39	309
39	317
39	325
39	334
39	343
39	353
39	364
40	259
40	270
40	281
40	292
40	302
40	312
40	322
40	332
40	342
40	353
42	282
43	270
43	281
43	292
43	303
43	314
44	289
44	300
44	311
44	322
45	301
45	313
45	325
51	302
51	314
51	325
52	309
52	320
52	331
52	342
52	354
53	331
53	343
53	355
59	299
59	310
59	321
59	332
59	344
60	307
60	318
60	329
60	340
60	351
60	362
60	374
61	276
61	287
61	298
61	309
61	320
61	331
61	341
61	351
61	361
61	371
61	382
61	394
62	260
62	270
62	279
62	287
62	294
62	301
62	308
62	316
62	324
62	332
62	341
62	350
62	359
62	369
62	379
62	389
62	400
63	250
63	260
63	269
63	276
63	282
63	288
63	293
63	299
63	304
63	309
63	314
63	319
63	325
63	330
63	336
63	342
63	349
63	356
63	364
63	373
63	383
63	395
64	231
64	242
64	251
64	259
64	266
64	273
64	279
64	285
64	291
64	296
64	301
64	306
64	310
64	315
64	319
64	324
64	328
64	333
64	337
64	342
64	347
64	352
64	357
64	363
64	369
64	376
64	383
64	391
64	400
64	411
65	217
65	228
65	238
65	246
65	253
65	260
65	266
65	273
65	280
65	287
65	294
65	301
65	307
65	313
65	319
65	325
65	331
65	336
65	342
65	347
65	353
65	358
65	364
65	370
65	376
65	382
65	389
65	396
65	403
65	411
65	420
65	430
66	230
66	241
66	250
66	259
66	267
66	274
66	281
66	288
66	295
66	302
66	309
66	317
66	325
66	333
66	341
66	349
66	357
66	365
66	373
66	381
66	389
66	397
66	405
66	413
66	422
66	432
67	247
67	257
67	264
67	271
67	277
67	282
67	287
67	292
67	297
67	302
67	307
67	312
67	317
67	322
67	327
67	333
67	339
67	345
67	351
67	358
67	365
67	373
67	381
67	390
67	399
67	409
67	420
68	169
68	179
68	188
68	196
68	204
68	212
68	220
68	229
68	238
68	247
68	254
68	261
68	265
68	270
68	273
68	277
68	281
68	283
68	287
68	290
68	293
68	296
68	299
68	302
68	305
68	308
68	311
68	314
68	317
68	320
68	323
68	326
68	329
68	332
68	335
68	338
68	341
68	345
68	348
68	352
68	355
68	359
68	363
68	367
68	371
68	376
68	380
68	385
68	390
68	395
68	401
68	407
68	413
68	420
68	427
68	435
68	444
68	454
69	169
69	178
69	185
69	192
69	198
69	204
69	210
69	216
69	222
69	228
69	234
69	240
69	246
69	251
69	256
69	261
69	264
69	269
69	272
69	274
69	278
69	281
69	283
69	286
69	289
69	291
69	293
69	296
69	298
69	300
69	302
69	304
69	306
69	309
69	310
69	312
69	314
69	316
69	318
69	320
69	322
69	324
69	326
69	328
69	330
69	332
69	334
69	336
69	338
69	340
69	342
69	344
69	346
69	348
69	350
69	353
69	354
69	357
69	359
69	361
69	364
69	366
69	368
69	371
69	373
69	376
69	378
69	381
69	384
69	386
69	389
69	392
69	395
69	398
69	401
69	404
69	407
69	411
69	414
69	418
69	421
69	425
69	429
69	433
69	437
69	442
69	447
69	453
69	459
69	466
69	475
69	486
70	186
70	196
70	204
70	212
70	220
70	227
70	234
70	241
70	248
70	254
70	260
70	266
70	271
70	276
70	281
70	285
70	290
70	293
70	297
70	301
70	303
70	307
70	310
70	312
70	315
70	318
70	320
70	322
70	325
70	327
70	329
70	332
70	333
70	336
70	338
70	340
70	342
70	344
70	346
70	348
70	350
70	352
70	354
70	356
70	358
70	360
70	362
70	364
70	366
70	368
70	370
70	372
70	374
70	376
70	378
70	380
70	382
70	384
70	386
70	388
70	390
70	392
70	394
70	396
70	398
70	400
70	403
70	404
70	407
70	409
70	411
70	414
70	416
70	418
70	421
70	424
70	426
70	429
70	432
70	435
70	438
70	441
70	445
70	448
70	453
70	457
70	462
70	467
70	473
70	480
70	488
70	498
71	247
71	259
71	270
71	281
71	292
71	303
71	312
71	320
71	327
71	333
71	338
71	342
71	347
71	351
71	354
71	358
71	361
71	364
71	367
71	370
71	373
71	375
71	379
71	381
71	383
71	387
71	389
71	391
71	394
71	397
71	399
71	402
71	404
71	407
71	409
71	412
71	415
71	417
71	420
71	423
71	426
71	429
71	433
71	436
71	440
71	444
71	448
71	453
71	458
71	464
71	471
71	479
71	488
72	246
72	257
72	267
72	277
72	287
72	297
72	308
72	359
72	370
72	380
72	390
72	399
72	408
72	417
72	427
72	438
73	163
73	173
73	181
73	189
73	196
73	203
73	210
73	217
73	224
73	231
73	238
73	245
73	251
73	257
73	263
73	268
73	273
73	278
73	283
73	288
73	293
73	298
73	303
73	308
73	314
73	320
73	326
73	333
73	340
73	348
73	356
73	365
73	375
74	161
74	170
74	177
74	183
74	188
74	193
74	198
74	202
74	207
74	211
74	215
74	219
74	223
74	227
74	231
74	235
74	239
74	243
74	247
74	251
74	254
74	258
74	261
74	264
74	268
74	271
74	274
74	277
74	280
74	283
74	286
74	289
74	292
74	295
74	298
74	301
74	304
74	307
74	310
74	313
74	316
74	319
74	323
74	326
74	329
74	333
74	336
74	340
74	344
74	348
74	352
74	357
74	361
74	366
74	371
74	376
74	382
74	388
74	394
74	401
74	408
74	415
74	422
74	429
74	437
74	445
74	454
74	464
75	169
75	178
75	185
75	191
75	197
75	202
75	207
75	211
75	216
75	220
75	224
75	228
75	232
75	235
75	239
75	242
75	246
75	249
75	252
75	256
75	259
75	262
75	265
75	268
75	271
75	274
75	277
75	280
75	283
75	286
75	289
75	292
75	295
75	298
75	301
75	304
75	307
75	310
75	314
75	316
75	320
75	323
75	327
75	330
75	334
75	337
75	341
75	345
75	348
75	352
75	356
75	360
75	364
75	368
75	373
75	377
75	382
75	386
75	391
75	396
75	401
75	406
75	411
75	417
75	422
75	428
75	434
75	440
75	447
75	455
75	464
75	475
76	217
76	227
76	236
76	244
76	252
76	260
76	268
76	276
76	285
76	294
76	304
76	314
76	324
76	334
76	344
76	354
76	364
76	374
76	384
76	394
76	404
76	414
76	424
-1	-1
