-1	-1
0	206
0	214
0	221
0	227
0	232
0	237
0	241
0	245
0	249
0	253
0	256
0	260
0	264
0	268
0	272
0	276
0	280
0	285
0	290
0	295
0	301
0	307
0	314
0	322
0	331
0	343
1	218
1	228
1	236
1	243
1	250
1	256
1	263
1	270
1	277
1	285
1	293
1	303
1	314
2	228
2	238
2	247
2	255
2	263
2	271
2	280
2	290
2	303
3	232
3	242
3	251
3	260
3	269
3	279
3	291
4	249
6	250
6	263
7	238
7	249
7	259
7	269
7	279
7	290
7	303
8	231
8	241
8	250
8	258
8	266
8	274
8	282
8	290
8	299
8	308
8	318
8	351
8	364
9	227
9	237
9	245
9	252
9	259
9	266
9	272
9	279
9	286
9	293
9	300
9	308
9	316
9	325
9	335
9	345
9	354
9	363
9	372
9	381
9	390
9	400
10	231
10	241
10	250
10	258
10	266
10	274
10	282
10	290
10	298
10	306
10	315
10	324
10	334
10	343
10	351
10	359
10	366
10	373
10	380
10	387
10	395
10	404
10	414
11	258
11	270
11	281
11	292
11	303
11	314
11	325
11	336
11	347
11	356
11	365
11	374
11	383
11	392
11	402
12	276
12	288
12	299
12	310
12	323
12	337
12	348
12	359
12	370
12	382
13	279
13	291
13	303
13	315
14	270
14	282
14	293
14	304
14	315
14	327
15	257
15	268
15	279
15	289
15	299
15	309
15	319
15	329
15	339
15	349
15	360
15	372
16	248
16	259
16	269
16	278
16	287
16	295
16	303
16	311
16	319
16	327
16	335
16	343
16	351
16	359
16	367
16	376
16	386
16	397
17	251
17	262
17	271
17	279
17	287
17	294
17	301
17	308
17	314
17	320
17	326
17	332
17	338
17	344
17	351
17	357
17	364
17	371
17	378
17	386
17	394
17	403
17	413
18	249
18	259
18	268
18	275
18	281
18	287
18	292
18	297
18	302
18	306
18	311
18	315
18	320
18	324
18	328
18	332
18	336
18	340
18	344
18	348
18	352
18	356
18	361
18	365
18	370
18	375
18	380
18	385
18	390
18	396
18	402
18	409
18	417
18	426
18	436
18	448
19	248
19	258
19	266
19	272
19	278
19	282
19	287
19	291
19	294
19	298
19	301
19	304
19	308
19	310
19	314
19	316
19	320
19	322
19	325
19	328
19	331
19	334
19	337
19	340
19	343
19	346
19	349
19	352
19	355
19	358
19	361
19	364
19	367
19	370
19	374
19	377
19	380
19	384
19	387
19	391
19	395
19	399
19	404
19	408
19	413
19	418
19	424
19	430
19	437
19	445
19	453
19	462
19	472
19	483
20	239
20	249
20	257
20	263
20	269
20	274
20	279
20	283
20	288
20	291
20	295
20	299
20	302
20	305
20	309
20	311
20	315
20	317
20	321
20	323
20	326
20	329
20	332
20	335
20	338
20	341
20	344
20	347
20	350
20	352
20	356
20	358
20	361
20	364
20	367
20	370
20	373
20	376
20	379
20	382
20	385
20	388
20	392
20	395
20	399
20	403
20	407
20	411
20	416
20	420
20	425
20	430
20	436
20	442
20	448
20	455
20	462
20	470
20	478
20	488
21	232
21	242
21	250
21	257
21	263
21	268
21	272
21	277
21	281
21	285
21	289
21	292
21	296
21	300
21	303
21	307
21	310
21	314
21	317
21	321
21	324
21	327
21	331
21	334
21	337
21	341
21	344
21	347
21	351
21	353
21	357
21	360
21	363
21	366
21	369
21	372
21	375
21	378
21	381
21	385
21	388
21	391
21	395
21	398
21	402
21	406
21	410
21	414
21	418
21	423
21	427
21	432
21	437
21	442
21	447
21	453
21	459
21	466
21	473
21	481
21	490
22	247
22	257
22	264
22	271
22	276
22	282
22	286
22	291
22	295
22	300
22	304
22	308
22	312
22	316
22	320
22	324
22	328
22	332
22	336
22	340
22	343
22	347
22	351
22	354
22	358
22	361
22	365
22	368
22	372
22	375
22	379
22	382
22	386
22	389
22	393
22	396
22	400
22	404
22	408
22	412
22	416
22	420
22	424
22	428
22	433
22	437
22	442
22	447
22	452
22	458
22	464
22	471
22	478
22	487
22	497
23	257
23	267
23	275
23	283
23	290
23	297
23	304
23	310
23	316
23	322
23	327
23	333
23	338
23	343
23	348
23	352
23	357
23	361
23	365
23	369
23	372
23	376
23	379
23	383
23	386
23	389
23	393
23	396
23	399
23	403
23	406
23	410
23	413
23	417
23	420
23	424
23	428
23	432
23	436
23	440
23	445
23	449
23	454
23	459
23	465
23	471
23	478
23	486
23	496
24	261
24	271
24	280
24	288
24	295
24	302
24	309
24	315
24	321
24	326
24	331
24	336
24	341
24	345
24	349
24	353
24	356
24	360
24	363
24	366
24	369
24	372
24	375
24	378
24	381
24	383
24	386
24	389
24	391
24	394
24	397
24	399
24	403
24	405
24	408
24	411
24	414
24	417
24	420
24	424
24	427
24	431
24	435
24	438
24	443
24	447
24	452
24	457
24	462
24	468
24	474
24	481
24	489
24	499
25	262
25	273
25	283
25	292
25	300
25	307
25	313
25	319
25	324
25	329
25	333
25	337
25	341
25	344
25	348
25	351
25	353
25	357
25	359
25	362
25	364
25	367
25	370
25	372
25	375
25	377
25	380
25	383
25	385
25	388
25	391
25	394
25	397
25	399
25	403
25	406
25	409
25	413
25	417
25	420
25	425
25	429
25	434
25	439
25	444
25	449
25	455
25	461
25	468
25	476
25	485
25	496
26	266
26	277
26	287
26	295
26	302
26	309
26	314
26	319
26	323
26	328
26	331
26	335
26	338
26	342
26	344
26	348
26	351
26	353
26	356
26	359
26	361
26	364
26	367
26	369
26	372
26	375
26	377
26	380
26	383
26	386
26	389
26	392
26	396
26	399
26	403
26	407
26	411
26	416
26	420
26	426
26	431
26	437
26	444
26	451
26	459
26	468
26	480
27	266
27	277
27	286
27	293
27	300
27	304
27	310
27	313
27	318
27	321
27	325
27	328
27	332
27	335
27	338
27	341
27	344
27	347
27	350
27	353
27	356
27	359
27	362
27	366
27	369
27	373
27	376
27	380
27	384
27	388
27	392
27	397
27	402
27	407
27	413
27	420
27	428
27	437
27	448
28	269
28	279
28	288
28	295
28	301
28	305
28	310
28	313
28	318
28	321
28	325
28	328
28	332
28	335
28	339
28	342
28	346
28	349
28	353
28	357
28	360
28	365
28	368
28	373
28	377
28	382
28	387
28	392
28	398
28	405
28	412
28	421
28	432
29	268
29	277
29	284
29	290
29	295
29	301
29	305
29	310
29	314
29	319
29	323
29	327
29	331
29	336
29	340
29	345
29	349
29	354
29	359
29	364
29	370
29	376
29	383
29	390
29	399
29	409
30	262
30	271
30	278
30	282
30	287
30	291
30	294
30	298
30	302
30	305
30	309
30	312
30	316
30	319
30	323
30	326
30	330
30	334
30	338
30	342
30	347
30	351
30	356
30	361
30	367
30	373
30	380
30	388
30	397
31	258
31	268
31	275
31	281
31	286
31	291
31	294
31	299
31	302
31	306
31	309
31	313
31	316
31	320
31	324
31	327
31	331
31	335
31	339
31	344
31	348
31	353
31	358
31	364
31	370
31	377
31	385
31	394
32	251
32	260
32	268
32	274
32	280
32	286
32	292
32	298
32	304
32	310
32	316
32	322
32	328
32	335
32	342
32	349
32	357
32	366
32	376
33	247
33	256
33	262
33	268
33	272
33	276
33	281
33	284
33	288
33	292
33	295
33	299
33	303
33	307
33	311
33	315
33	319
33	324
33	328
33	333
33	338
33	344
33	350
33	356
33	363
33	371
33	380
33	391
34	239
34	249
34	256
34	262
34	266
34	271
34	273
34	278
34	281
34	284
34	287
34	290
34	293
34	296
34	299
34	302
34	305
34	308
34	311
34	314
34	317
34	321
34	324
34	328
34	331
34	336
34	339
34	344
34	348
34	354
34	359
34	365
34	372
34	379
34	388
34	399
35	199
35	210
35	220
35	230
35	239
35	247
35	253
35	259
35	264
35	270
35	275
35	280
35	285
35	290
35	295
35	300
35	305
35	310
35	315
35	320
35	326
35	332
35	338
35	345
35	352
35	359
35	367
35	376
35	387
36	189
36	199
36	207
36	215
36	223
36	231
36	239
36	246
36	253
36	259
36	265
36	271
36	277
36	283
36	289
36	295
36	301
36	308
36	315
36	322
36	329
36	337
36	345
36	354
36	364
36	375
37	189
37	198
37	205
37	212
37	219
37	226
37	233
37	240
37	247
37	254
37	260
37	266
37	272
37	277
37	282
37	287
37	292
37	297
37	302
37	307
37	313
37	318
37	324
37	330
37	337
37	344
37	352
37	360
37	369
37	381
38	189
38	199
38	207
38	214
38	221
38	228
38	235
38	242
38	249
38	256
38	263
38	269
38	275
38	280
38	286
38	291
38	296
38	301
38	306
38	311
38	316
38	322
38	328
38	334
38	341
38	348
38	356
38	365
38	375
39	200
39	211
39	221
39	231
39	242
39	252
39	262
39	271
39	281
39	291
39	301
39	311
39	321
39	331
39	342
39	355
41	273
41	284
41	294
41	304
41	314
41	325
41	337
42	277
42	288
42	298
42	307
42	316
42	326
42	337
57	312
58	310
58	322
58	334
61	282
61	293
61	304
61	314
61	325
61	336
61	347
61	357
61	367
61	378
62	267
62	277
62	285
62	293
62	300
62	307
62	314
62	321
62	328
62	335
62	343
62	351
62	359
62	367
62	375
62	384
62	394
62	405
63	260
63	269
63	276
63	282
63	287
63	292
63	296
63	301
63	304
63	309
63	312
63	316
63	320
63	324
63	328
63	332
63	336
63	341
63	346
63	351
63	356
63	362
63	368
63	374
63	381
63	388
63	396
63	405
63	416
64	259
64	267
64	272
64	277
64	282
64	284
64	289
64	291
64	294
64	297
64	300
64	302
64	305
64	307
64	310
64	312
64	314
64	317
64	319
64	321
64	324
64	326
64	328
64	331
64	333
64	336
64	338
64	341
64	344
64	346
64	349
64	352
64	355
64	358
64	362
64	365
64	369
64	373
64	377
64	382
64	387
64	393
64	399
64	406
64	415
64	426
65	257
65	265
65	271
65	275
65	280
65	283
65	287
65	290
65	292
65	295
65	298
65	301
65	302
65	305
65	307
65	310
65	312
65	313
65	316
65	318
65	320
65	322
65	323
65	326
65	327
65	329
65	331
65	333
65	335
65	337
65	339
65	341
65	343
65	345
65	347
65	349
65	352
65	354
65	356
65	359
65	361
65	364
65	367
65	369
65	373
65	376
65	379
65	383
65	386
65	390
65	395
65	399
65	405
65	411
65	418
65	426
65	436
66	191
66	202
66	213
66	225
66	252
66	263
66	273
66	282
66	290
66	297
66	303
66	309
66	314
66	319
66	322
66	326
66	330
66	332
66	336
66	339
66	342
66	345
66	348
66	351
66	354
66	357
66	360
66	363
66	366
66	369
66	373
66	376
66	380
66	384
66	388
66	393
66	397
66	403
66	408
66	415
66	422
66	431
67	189
67	199
67	208
67	217
67	226
67	236
67	247
67	327
67	336
67	343
67	349
67	353
67	358
67	362
67	367
67	371
67	376
67	380
67	385
67	389
67	394
67	399
67	405
67	411
67	418
67	426
67	435
68	346
68	354
68	361
68	367
68	373
68	378
68	384
68	389
68	395
68	401
68	407
68	414
68	422
68	431
68	443
69	292
69	358
69	368
69	377
69	386
69	395
69	404
69	414
69	425
70	257
70	267
70	275
70	282
70	289
70	296
70	302
70	309
70	315
70	322
70	329
70	336
70	344
70	353
70	363
70	372
70	381
70	390
70	399
70	408
70	418
71	169
71	179
71	188
71	196
71	204
71	212
71	221
71	230
71	239
71	248
71	256
71	262
71	268
71	272
71	277
71	281
71	285
71	289
71	292
71	296
71	299
71	303
71	306
71	309
71	313
71	316
71	319
71	323
71	326
71	329
71	333
71	336
71	340
71	344
71	348
71	353
71	357
71	362
71	367
71	372
71	378
71	383
71	389
71	394
71	400
71	406
71	412
71	419
71	426
71	435
71	445
72	161
72	170
72	177
72	183
72	189
72	194
72	199
72	204
72	209
72	214
72	219
72	224
72	229
72	234
72	239
72	244
72	249
72	253
72	258
72	261
72	265
72	269
72	272
72	274
72	278
72	281
72	282
72	286
72	288
72	291
72	293
72	295
72	298
72	300
72	302
72	304
72	307
72	309
72	311
72	313
72	315
72	318
72	319
72	322
72	324
72	326
72	328
72	330
72	333
72	335
72	337
72	339
72	342
72	344
72	347
72	349
72	352
72	355
72	357
72	360
72	364
72	366
72	370
72	373
72	377
72	380
72	384
72	387
72	391
72	395
72	399
72	403
72	408
72	412
72	417
72	423
72	429
72	436
72	444
72	453
73	166
73	174
73	181
73	185
73	191
73	194
73	199
73	202
73	206
73	210
73	213
73	217
73	220
73	224
73	227
73	231
73	234
73	238
73	241
73	245
73	248
73	251
73	254
73	258
73	260
73	264
73	266
73	270
73	272
73	275
73	278
73	281
73	283
73	286
73	289
73	292
73	294
73	297
73	300
73	302
73	305
73	308
73	310
73	313
73	316
73	318
73	321
73	324
73	326
73	329
73	332
73	334
73	337
73	340
73	342
73	345
73	348
73	350
73	354
73	356
73	359
73	362
73	365
73	368
73	371
73	375
73	378
73	382
73	385
73	389
73	393
73	397
73	402
73	407
73	412
73	418
73	424
73	431
73	439
73	448
74	179
74	188
74	194
74	200
74	205
74	210
74	214
74	219
74	223
74	227
74	231
74	235
74	239
74	243
74	247
74	251
74	255
74	259
74	263
74	268
74	272
74	277
74	282
74	288
74	294
74	301
74	308
74	316
74	324
74	332
74	340
74	348
74	355
74	362
74	369
74	376
74	383
74	390
74	397
74	405
74	413
74	422
74	432
75	228
75	241
-1	-1
