-1	-1
0	159
0	168
0	173
0	178
0	182
0	185
0	189
0	192
0	194
0	198
0	200
0	202
0	204
0	207
0	209
0	211
0	212
0	214
0	217
0	218
0	220
0	222
0	223
0	225
0	227
0	229
0	230
0	232
0	233
0	235
0	237
0	238
0	240
0	241
0	242
0	244
0	246
0	247
0	248
0	250
0	252
0	253
0	254
0	256
0	258
0	259
0	260
0	263
0	264
0	265
0	267
0	269
0	270
0	273
0	274
0	276
0	278
0	280
0	282
0	284
0	286
0	288
0	291
0	293
0	296
0	298
0	301
0	305
0	307
0	311
0	315
0	318
0	323
0	327
0	332
0	337
0	343
0	350
0	357
0	366
0	376
1	167
1	174
1	181
1	185
1	191
1	193
1	198
1	201
1	204
1	208
1	211
1	214
1	217
1	220
1	223
1	226
1	229
1	232
1	234
1	237
1	240
1	242
1	245
1	248
1	250
1	253
1	255
1	258
1	260
1	263
1	266
1	268
1	272
1	274
1	278
1	281
1	285
1	288
1	292
1	296
1	300
1	305
1	310
1	316
1	322
1	329
1	337
1	346
1	356
2	168
2	176
2	182
2	187
2	192
2	196
2	201
2	204
2	209
2	212
2	216
2	220
2	224
2	227
2	231
2	234
2	238
2	241
2	245
2	248
2	252
2	255
2	258
2	262
2	265
2	269
2	273
2	277
2	281
2	286
2	290
2	295
2	300
2	306
2	312
2	319
2	327
2	336
2	346
3	168
3	177
3	183
3	189
3	194
3	199
3	203
3	208
3	212
3	217
3	221
3	225
3	230
3	233
3	238
3	241
3	245
3	249
3	252
3	256
3	259
3	263
3	267
3	270
3	275
3	278
3	283
3	287
3	292
3	297
3	303
3	309
3	316
3	323
3	331
3	340
3	350
4	171
4	180
4	188
4	194
4	200
4	206
4	211
4	216
4	221
4	226
4	231
4	235
4	240
4	244
4	249
4	253
4	257
4	262
4	266
4	271
4	276
4	281
4	286
4	292
4	298
4	305
4	312
4	320
4	329
4	339
4	350
5	178
5	188
5	196
5	203
5	210
5	216
5	222
5	227
5	232
5	237
5	242
5	247
5	252
5	257
5	262
5	267
5	272
5	277
5	283
5	289
5	295
5	302
5	309
5	317
5	325
5	334
5	344
5	355
6	180
6	190
6	198
6	204
6	210
6	215
6	220
6	224
6	229
6	233
6	237
6	241
6	245
6	249
6	253
6	257
6	261
6	265
6	269
6	274
6	278
6	283
6	288
6	293
6	298
6	304
6	310
6	316
6	323
6	330
6	337
6	345
6	354
6	363
6	373
6	384
7	179
7	189
7	196
7	202
7	208
7	213
7	218
7	222
7	226
7	230
7	233
7	237
7	240
7	244
7	247
7	251
7	254
7	258
7	261
7	265
7	268
7	272
7	276
7	279
7	284
7	287
7	292
7	296
7	300
7	305
7	309
7	315
7	320
7	326
7	332
7	338
7	345
7	352
7	359
7	367
7	375
7	384
7	394
7	405
8	180
8	190
8	198
8	204
8	210
8	215
8	221
8	225
8	230
8	234
8	239
8	243
8	247
8	251
8	255
8	259
8	263
8	267
8	271
8	276
8	280
8	285
8	289
8	294
8	298
8	303
8	308
8	313
8	318
8	324
8	329
8	335
8	341
8	347
8	354
8	361
8	369
8	377
8	386
8	396
8	407
9	179
9	189
9	197
9	204
9	211
9	217
9	223
9	229
9	234
9	239
9	244
9	249
9	254
9	259
9	264
9	269
9	274
9	279
9	285
9	290
9	296
9	301
9	307
9	313
9	319
9	325
9	331
9	338
9	345
9	352
9	360
9	368
9	377
9	386
9	396
9	406
9	416
9	426
9	437
10	178
10	188
10	197
10	205
10	212
10	219
10	226
10	232
10	238
10	244
10	250
10	256
10	262
10	268
10	274
10	280
10	286
10	293
10	300
10	307
10	314
10	322
10	330
10	338
10	347
10	356
10	366
10	376
10	386
10	397
10	408
10	419
10	430
10	442
11	179
11	189
11	198
11	206
11	213
11	220
11	227
11	234
11	241
11	248
11	254
11	261
11	268
11	275
11	282
11	290
11	298
11	307
11	316
11	325
11	335
11	345
11	355
11	366
11	377
11	388
11	400
11	412
11	424
12	186
12	196
12	205
12	214
12	222
12	230
12	238
12	246
12	253
12	260
12	268
12	276
12	284
12	293
12	302
12	312
12	322
12	333
12	345
13	187
13	197
13	206
13	215
13	223
13	231
13	239
13	247
13	255
13	263
13	271
13	280
13	289
13	299
13	309
13	320
13	331
13	343
14	191
14	202
14	212
14	222
14	231
14	240
14	249
14	258
14	267
14	277
14	287
14	297
14	307
14	317
14	328
14	339
14	350
14	361
14	372
14	383
14	394
14	404
14	414
14	424
14	435
14	447
15	210
15	221
15	232
15	242
15	252
15	262
15	271
15	280
15	289
15	298
15	306
15	314
15	322
15	330
15	339
15	348
15	357
15	365
15	373
15	381
15	389
15	397
15	405
15	413
15	421
15	429
15	437
15	445
15	454
15	463
15	473
15	484
16	221
16	233
16	244
16	254
16	263
16	272
16	280
16	288
16	295
16	302
16	309
16	315
16	321
16	327
16	333
16	339
16	345
16	351
16	357
16	363
16	369
16	375
16	381
16	387
16	393
16	399
16	405
16	411
16	417
16	423
16	429
16	435
16	441
16	447
16	453
16	459
16	466
16	473
16	480
16	488
16	497
16	507
16	518
17	230
17	241
17	250
17	258
17	266
17	273
17	280
17	286
17	291
17	296
17	301
17	306
17	310
17	315
17	319
17	323
17	328
17	332
17	336
17	341
17	345
17	349
17	353
17	357
17	362
17	366
17	370
17	375
17	379
17	383
17	388
17	392
17	396
17	401
17	405
17	410
17	414
17	419
17	423
17	428
17	433
17	438
17	443
17	448
17	453
17	458
17	464
17	469
17	475
17	481
17	487
17	494
17	501
17	508
17	516
17	525
17	535
17	546
18	222
18	233
18	242
18	250
18	256
18	262
18	267
18	272
18	277
18	281
18	286
18	290
18	294
18	298
18	301
18	305
18	308
18	311
18	314
18	317
18	320
18	323
18	326
18	329
18	332
18	335
18	338
18	341
18	344
18	347
18	350
18	353
18	356
18	359
18	362
18	365
18	368
18	372
18	375
18	378
18	382
18	385
18	389
18	392
18	396
18	400
18	404
18	408
18	412
18	416
18	420
18	425
18	429
18	434
18	439
18	444
18	449
18	454
18	459
18	465
18	470
18	476
18	482
18	488
18	494
18	500
18	507
18	514
18	521
18	529
18	537
18	546
18	556
18	568
19	206
19	217
19	226
19	234
19	241
19	247
19	252
19	256
19	261
19	264
19	268
19	272
19	274
19	278
19	281
19	284
19	287
19	290
19	293
19	296
19	299
19	302
19	304
19	307
19	310
19	312
19	315
19	317
19	320
19	322
19	325
19	327
19	330
19	332
19	335
19	337
19	340
19	343
19	345
19	348
19	351
19	354
19	357
19	359
19	363
19	366
19	369
19	372
19	376
19	379
19	383
19	386
19	390
19	394
19	398
19	402
19	406
19	411
19	415
19	420
19	425
19	430
19	436
19	441
19	447
19	453
19	459
19	465
19	472
19	478
19	485
19	492
19	499
19	506
19	513
19	521
19	529
19	537
19	546
19	556
19	567
20	197
20	207
20	216
20	223
20	230
20	236
20	242
20	247
20	252
20	255
20	260
20	263
20	267
20	270
20	273
20	276
20	279
20	282
20	285
20	288
20	291
20	293
20	296
20	299
20	301
20	304
20	307
20	309
20	312
20	314
20	317
20	319
20	322
20	324
20	327
20	329
20	332
20	335
20	337
20	340
20	343
20	345
20	348
20	351
20	354
20	357
20	360
20	363
20	366
20	369
20	373
20	376
20	379
20	383
20	386
20	390
20	394
20	397
20	401
20	405
20	409
20	413
20	417
20	422
20	426
20	431
20	436
20	441
20	446
20	452
20	457
20	463
20	469
20	475
20	481
20	487
20	494
20	501
20	508
20	516
20	524
20	533
20	542
20	552
20	564
21	191
21	201
21	210
21	218
21	225
21	232
21	238
21	244
21	250
21	255
21	260
21	265
21	270
21	275
21	280
21	284
21	289
21	293
21	298
21	302
21	306
21	310
21	314
21	318
21	322
21	326
21	330
21	334
21	338
21	342
21	345
21	349
21	353
21	357
21	361
21	365
21	369
21	373
21	377
21	381
21	384
21	388
21	392
21	395
21	399
21	402
21	406
21	409
21	413
21	416
21	420
21	424
21	427
21	431
21	435
21	439
21	443
21	447
21	451
21	455
21	459
21	464
21	468
21	473
21	477
21	482
21	487
21	492
21	497
21	502
21	508
21	514
21	521
21	528
21	536
21	545
21	555
21	566
22	217
22	229
22	240
22	250
22	260
22	270
22	279
22	288
22	297
22	305
22	312
22	319
22	325
22	331
22	336
22	341
22	345
22	350
22	353
22	358
22	361
22	365
22	369
22	372
22	376
22	380
22	383
22	387
22	390
22	393
22	397
22	400
22	403
22	406
22	409
22	412
22	415
22	418
22	421
22	425
22	428
22	431
22	435
22	438
22	442
22	445
22	449
22	453
22	456
22	460
22	464
22	468
22	472
22	476
22	480
22	484
22	488
22	492
22	497
22	501
22	506
22	511
22	517
22	523
22	529
22	536
22	544
22	553
22	563
22	575
23	291
23	302
23	311
23	319
23	326
23	332
23	336
23	341
23	344
23	348
23	352
23	354
23	358
23	361
23	364
23	367
23	370
23	373
23	376
23	379
23	382
23	384
23	387
23	390
23	393
23	395
23	398
23	401
23	404
23	406
23	410
23	412
23	416
23	418
23	422
23	425
23	428
23	432
23	435
23	439
23	443
23	447
23	451
23	455
23	459
23	464
23	468
23	473
23	478
23	483
23	488
23	493
23	498
23	504
23	510
23	517
23	524
23	532
23	540
23	549
23	559
24	287
24	298
24	308
24	316
24	323
24	329
24	334
24	339
24	342
24	346
24	350
24	352
24	356
24	359
24	362
24	364
24	368
24	370
24	373
24	376
24	378
24	381
24	384
24	386
24	389
24	392
24	395
24	398
24	401
24	404
24	407
24	410
24	414
24	417
24	421
24	425
24	429
24	433
24	437
24	442
24	447
24	452
24	458
24	464
24	470
24	477
24	484
24	491
24	498
24	505
24	513
24	521
24	530
24	539
24	549
24	560
25	261
25	273
25	284
25	294
25	303
25	311
25	319
25	325
25	331
25	336
25	341
25	345
25	350
25	353
25	357
25	361
25	364
25	368
25	371
25	375
25	378
25	382
25	385
25	389
25	393
25	397
25	401
25	405
25	409
25	414
25	419
25	425
25	430
25	436
25	443
25	450
25	458
25	467
25	476
25	486
25	496
25	506
25	517
25	529
26	252
26	263
26	273
26	282
26	290
26	297
26	303
26	309
26	315
26	321
26	326
26	332
26	337
26	342
26	347
26	352
26	357
26	362
26	367
26	372
26	377
26	382
26	388
26	394
26	400
26	407
26	414
26	422
26	431
26	442
27	247
27	258
27	267
27	275
27	282
27	289
27	294
27	299
27	303
27	308
27	312
27	316
27	320
27	324
27	328
27	333
27	337
27	342
27	346
27	351
27	356
27	361
27	367
27	373
27	379
27	386
27	394
27	402
27	412
27	424
28	231
28	242
28	252
28	261
28	269
28	275
28	281
28	286
28	291
28	295
28	300
28	303
28	307
28	311
28	314
28	318
28	321
28	325
28	328
28	332
28	336
28	340
28	344
28	348
28	353
28	357
28	363
28	368
28	374
28	380
28	387
28	395
28	404
28	415
29	222
29	232
29	241
29	249
29	257
29	263
29	269
29	272
29	277
29	281
29	284
29	288
29	291
29	294
29	298
29	301
29	304
29	307
29	310
29	314
29	317
29	320
29	324
29	327
29	331
29	335
29	339
29	343
29	348
29	353
29	358
29	364
29	370
29	377
29	385
29	395
30	216
30	226
30	234
30	242
30	249
30	255
30	261
30	265
30	270
30	272
30	276
30	279
30	282
30	284
30	287
30	290
30	292
30	295
30	297
30	300
30	302
30	305
30	307
30	310
30	312
30	315
30	318
30	320
30	324
30	326
30	329
30	333
30	336
30	339
30	343
30	347
30	351
30	356
30	360
30	366
30	372
30	378
30	386
30	395
30	406
31	202
31	213
31	222
31	230
31	237
31	243
31	249
31	254
31	260
31	264
31	269
31	273
31	277
31	281
31	285
31	289
31	292
31	296
31	299
31	303
31	306
31	310
31	313
31	317
31	320
31	324
31	328
31	332
31	336
31	340
31	345
31	350
31	355
31	361
31	367
31	374
31	382
31	391
31	404
32	190
32	201
32	210
32	218
32	225
32	232
32	238
32	243
32	248
32	253
32	258
32	263
32	268
32	272
32	277
32	281
32	286
32	290
32	295
32	299
32	304
32	309
32	314
32	319
32	324
32	330
32	336
32	342
32	348
32	355
32	363
32	372
32	382
33	193
33	204
33	214
33	222
33	230
33	237
33	243
33	249
33	255
33	261
33	267
33	272
33	277
33	282
33	287
33	291
33	296
33	300
33	305
33	309
33	314
33	319
33	324
33	329
33	335
33	341
33	347
33	354
33	362
33	371
33	381
33	393
34	260
34	271
34	281
34	290
34	298
34	305
34	312
34	319
34	326
34	334
34	342
34	350
34	359
34	369
34	381
35	320
35	332
35	345
36	270
36	282
36	293
36	304
36	315
36	326
36	337
36	349
37	261
37	274
37	286
37	297
37	307
37	317
37	328
37	339
37	351
43	266
43	277
43	287
43	297
43	307
43	318
44	251
44	261
44	270
44	279
44	287
44	295
44	303
44	311
44	320
44	329
44	339
45	253
45	263
45	272
45	281
45	290
45	299
45	308
45	317
45	327
45	338
46	267
46	278
46	289
46	300
46	311
46	323
47	269
47	280
47	290
47	299
47	308
47	317
47	327
47	338
47	350
48	262
48	272
48	281
48	289
48	296
48	303
48	310
48	316
48	323
48	330
48	337
48	345
48	354
48	364
48	375
49	266
49	276
49	284
49	292
49	299
49	305
49	311
49	317
49	323
49	329
49	335
49	341
49	348
49	355
49	363
49	372
49	382
49	394
50	302
50	313
50	322
50	331
50	339
50	348
50	357
50	367
50	378
51	342
51	354
53	290
53	301
53	312
53	323
53	335
54	296
54	307
54	317
54	327
54	337
54	348
59	318
59	330
59	343
60	321
60	332
60	342
60	352
60	363
60	375
61	339
61	350
61	360
61	370
61	380
61	391
62	307
62	320
62	334
62	346
62	357
62	367
62	377
62	387
62	397
62	408
63	280
63	290
63	299
63	307
63	315
63	323
63	331
63	339
63	348
63	357
63	367
63	377
63	387
63	397
63	408
63	420
64	271
64	280
64	287
64	293
64	299
64	304
64	309
64	314
64	319
64	324
64	328
64	333
64	338
64	343
64	348
64	354
64	360
64	366
64	373
64	380
64	388
64	397
64	406
64	416
64	427
65	269
65	277
65	282
65	287
65	291
65	294
65	298
65	301
65	304
65	307
65	310
65	313
65	315
65	318
65	321
65	323
65	326
65	329
65	331
65	334
65	337
65	339
65	343
65	345
65	348
65	351
65	354
65	357
65	360
65	364
65	367
65	371
65	375
65	379
65	383
65	388
65	393
65	398
65	404
65	410
65	417
65	424
65	432
65	441
65	452
66	269
66	276
66	282
66	285
66	290
66	292
66	295
66	299
66	301
66	303
66	306
66	308
66	311
66	312
66	314
66	317
66	319
66	321
66	322
66	325
66	326
66	328
66	330
66	332
66	334
66	335
66	338
66	339
66	341
66	343
66	345
66	347
66	349
66	351
66	353
66	355
66	357
66	359
66	361
66	364
66	365
66	368
66	370
66	372
66	375
66	377
66	379
66	382
66	385
66	387
66	390
66	393
66	396
66	399
66	402
66	406
66	409
66	413
66	417
66	421
66	426
66	430
66	436
66	441
66	447
66	454
66	461
66	469
66	478
67	277
67	286
67	292
67	298
67	302
67	307
67	311
67	313
67	317
67	320
67	322
67	325
67	328
67	331
67	332
67	335
67	338
67	340
67	342
67	344
67	346
67	349
67	350
67	352
67	355
67	356
67	359
67	360
67	363
67	364
67	367
67	368
67	371
67	373
67	375
67	377
67	379
67	381
67	383
67	385
67	387
67	389
67	392
67	394
67	396
67	398
67	401
67	403
67	406
67	408
67	410
67	414
67	416
67	418
67	422
67	424
67	427
67	430
67	434
67	437
67	440
67	444
67	448
67	452
67	456
67	461
67	466
67	471
67	477
67	483
67	490
67	497
67	506
67	517
68	327
68	336
68	342
68	348
68	352
68	357
68	361
68	364
68	368
68	371
68	373
68	377
68	379
68	382
68	384
68	387
68	390
68	392
68	394
68	397
68	399
68	401
68	404
68	406
68	408
68	411
68	413
68	415
68	418
68	420
68	422
68	425
68	427
68	429
68	432
68	434
68	437
68	439
68	442
68	445
68	447
68	450
68	453
68	456
68	459
68	462
68	465
68	468
68	472
68	475
68	479
68	483
68	487
68	492
68	496
68	502
68	507
68	514
68	521
68	530
69	359
69	369
69	377
69	383
69	389
69	393
69	398
69	401
69	405
69	409
69	412
69	415
69	418
69	421
69	424
69	427
69	430
69	432
69	435
69	438
69	441
69	443
69	446
69	449
69	452
69	455
69	458
69	461
69	464
69	467
69	470
69	474
69	477
69	481
69	485
69	489
69	494
69	498
69	504
69	509
69	516
69	524
69	533
70	406
70	416
70	425
70	433
70	440
70	447
70	454
70	461
70	469
70	477
70	487
71	271
71	281
71	289
71	296
71	303
71	310
71	317
71	324
71	331
71	338
71	345
71	353
71	361
71	370
71	379
71	389
71	402
72	267
72	275
72	281
72	286
72	291
72	295
72	300
72	303
72	307
72	311
72	314
72	318
72	321
72	325
72	328
72	332
72	335
72	339
72	342
72	346
72	349
72	353
72	357
72	361
72	365
72	369
72	374
72	378
72	383
72	388
72	394
72	399
72	405
72	412
72	419
72	427
72	436
72	446
72	457
73	167
73	176
73	184
73	192
73	201
73	211
73	225
73	261
73	270
73	277
73	282
73	287
73	291
73	295
73	299
73	302
73	305
73	309
73	311
73	315
73	317
73	321
73	323
73	326
73	329
73	332
73	334
73	337
73	340
73	342
73	345
73	348
73	350
73	353
73	356
73	358
73	361
73	364
73	367
73	369
73	373
73	375
73	378
73	381
73	384
73	387
73	390
73	394
73	397
73	400
73	404
73	407
73	411
73	415
73	419
73	423
73	428
73	432
73	437
73	442
73	447
73	453
73	459
73	465
73	472
73	479
73	487
73	496
73	506
74	173
74	184
74	194
74	205
74	271
74	281
74	290
74	298
74	305
74	311
74	317
74	323
74	328
74	333
74	338
74	342
74	347
74	351
74	355
74	359
74	363
74	367
74	371
74	374
74	378
74	381
74	385
74	388
74	392
74	395
74	399
74	402
74	406
74	409
74	413
74	416
74	420
74	424
74	427
74	431
74	435
74	439
74	443
74	447
74	451
74	456
74	460
74	465
74	469
74	474
74	479
74	485
74	490
74	496
74	503
74	510
74	519
74	529
75	378
75	389
75	398
75	407
75	415
75	423
75	430
75	437
75	444
75	451
75	458
75	465
75	473
75	481
75	489
75	498
75	509
-1	-1
