-1	-1
0	170
0	179
0	185
0	191
0	194
0	199
0	202
0	205
0	208
0	211
0	213
0	216
0	218
0	221
0	222
0	224
0	227
0	228
0	231
0	232
0	234
0	236
0	238
0	240
0	241
0	243
0	245
0	247
0	248
0	250
0	252
0	253
0	255
0	256
0	258
0	260
0	261
0	262
0	264
0	266
0	267
0	268
0	270
0	272
0	273
0	274
0	276
0	277
0	279
0	280
0	281
0	283
0	284
0	286
0	287
0	288
0	290
0	291
0	293
0	294
0	296
0	297
0	299
0	300
0	302
0	304
0	305
0	307
0	309
0	310
0	313
0	315
0	316
0	318
0	320
0	323
0	325
0	327
0	329
0	332
0	335
0	337
0	340
0	344
0	346
0	350
0	354
0	358
0	362
0	367
0	372
0	378
0	384
0	391
0	399
0	408
0	419
1	178
1	187
1	194
1	200
1	204
1	209
1	212
1	216
1	219
1	222
1	225
1	228
1	231
1	233
1	237
1	239
1	242
1	245
1	247
1	250
1	253
1	255
1	258
1	261
1	263
1	266
1	269
1	271
1	274
1	277
1	279
1	282
1	285
1	287
1	290
1	293
1	296
1	299
1	302
1	306
1	308
1	313
1	316
1	320
1	325
1	329
1	334
1	339
1	345
1	351
1	358
1	366
1	375
1	386
2	181
2	190
2	198
2	203
2	208
2	212
2	217
2	221
2	225
2	229
2	233
2	237
2	241
2	245
2	249
2	253
2	257
2	261
2	265
2	269
2	273
2	277
2	281
2	285
2	289
2	293
2	297
2	301
2	306
2	310
2	315
2	320
2	326
2	332
2	339
2	347
2	356
2	366
2	378
3	187
3	196
3	203
3	209
3	215
3	221
3	226
3	232
3	237
3	242
3	247
3	252
3	257
3	262
3	267
3	272
3	277
3	282
3	287
3	292
3	297
3	302
3	307
3	313
3	319
3	325
3	332
3	339
3	347
3	356
3	366
4	188
4	198
4	206
4	214
4	221
4	228
4	235
4	241
4	247
4	253
4	259
4	265
4	270
4	276
4	281
4	286
4	291
4	296
4	301
4	307
4	313
4	319
4	325
4	332
4	339
4	347
4	356
4	366
4	377
5	190
5	201
5	210
5	219
5	227
5	234
5	241
5	247
5	253
5	259
5	264
5	270
5	275
5	281
5	286
5	291
5	297
5	302
5	308
5	314
5	320
5	326
5	333
5	340
5	347
5	355
5	363
5	372
5	381
5	391
5	402
6	189
6	200
6	209
6	218
6	226
6	233
6	240
6	245
6	251
6	256
6	261
6	266
6	271
6	275
6	280
6	284
6	289
6	294
6	299
6	304
6	309
6	314
6	319
6	325
6	330
6	336
6	342
6	348
6	354
6	360
6	367
6	374
6	381
6	389
6	397
6	406
6	415
6	425
6	435
6	446
7	181
7	191
7	200
7	208
7	215
7	222
7	228
7	234
7	239
7	243
7	248
7	252
7	256
7	260
7	263
7	267
7	270
7	274
7	277
7	281
7	284
7	288
7	291
7	295
7	298
7	302
7	305
7	309
7	313
7	316
7	320
7	324
7	328
7	332
7	336
7	340
7	345
7	349
7	354
7	359
7	364
7	369
7	375
7	380
7	386
7	392
7	398
7	405
7	412
7	419
7	426
7	434
7	442
7	451
7	460
7	470
7	481
7	495
8	177
8	186
8	194
8	201
8	207
8	213
8	218
8	223
8	228
8	232
8	237
8	241
8	244
8	248
8	251
8	254
8	258
8	261
8	264
8	267
8	270
8	273
8	276
8	279
8	282
8	284
8	288
8	290
8	293
8	296
8	299
8	302
8	305
8	308
8	311
8	314
8	317
8	320
8	323
8	326
8	329
8	332
8	336
8	338
8	342
8	345
8	349
8	352
8	356
8	359
8	363
8	367
8	371
8	375
8	379
8	383
8	388
8	392
8	397
8	402
8	407
8	412
8	418
8	424
8	430
8	436
8	443
8	450
8	457
8	465
8	473
8	482
8	492
8	502
8	513
9	177
9	186
9	193
9	200
9	205
9	211
9	215
9	220
9	224
9	229
9	233
9	237
9	241
9	245
9	249
9	252
9	256
9	259
9	263
9	266
9	269
9	272
9	275
9	278
9	281
9	284
9	287
9	290
9	293
9	296
9	299
9	302
9	305
9	308
9	311
9	314
9	317
9	320
9	324
9	327
9	330
9	334
9	337
9	341
9	344
9	348
9	351
9	355
9	359
9	363
9	367
9	371
9	375
9	379
9	383
9	387
9	391
9	396
9	400
9	405
9	409
9	414
9	419
9	424
9	429
9	434
9	440
9	446
9	452
9	458
9	464
9	471
9	478
9	485
9	493
9	501
9	509
9	518
9	528
10	180
10	190
10	198
10	204
10	210
10	215
10	220
10	224
10	229
10	233
10	237
10	241
10	245
10	249
10	253
10	256
10	260
10	263
10	267
10	270
10	273
10	276
10	279
10	282
10	285
10	288
10	291
10	294
10	297
10	300
10	303
10	306
10	309
10	312
10	315
10	318
10	322
10	325
10	329
10	332
10	336
10	340
10	344
10	348
10	352
10	356
10	360
10	365
10	369
10	374
10	378
10	383
10	388
10	393
10	398
10	403
10	408
10	413
10	418
10	423
10	428
10	433
10	439
10	444
10	450
10	456
10	462
10	468
10	474
10	480
10	487
10	494
10	501
10	508
10	516
10	524
10	533
10	543
11	180
11	190
11	198
11	204
11	210
11	214
11	219
11	223
11	227
11	231
11	235
11	239
11	243
11	247
11	251
11	254
11	258
11	262
11	265
11	269
11	272
11	275
11	279
11	281
11	285
11	288
11	291
11	294
11	297
11	300
11	303
11	306
11	309
11	313
11	316
11	319
11	323
11	326
11	330
11	334
11	338
11	342
11	346
11	351
11	355
11	360
11	365
11	370
11	375
11	380
11	385
11	390
11	396
11	401
11	407
11	413
11	419
11	425
11	431
11	437
11	443
11	449
11	456
11	463
11	470
11	477
11	484
11	491
11	498
11	506
11	514
11	522
11	531
11	541
11	554
12	182
12	192
12	200
12	207
12	213
12	219
12	225
12	231
12	236
12	242
12	247
12	252
12	257
12	262
12	266
12	271
12	275
12	279
12	283
12	287
12	291
12	295
12	299
12	303
12	307
12	312
12	316
12	321
12	326
12	331
12	336
12	342
12	348
12	354
12	360
12	366
12	373
12	380
12	387
12	394
12	401
12	408
12	416
12	424
12	432
12	440
12	448
12	457
12	466
12	475
12	484
12	494
12	504
12	514
12	525
13	187
13	197
13	205
13	213
13	221
13	228
13	235
13	242
13	249
13	256
13	262
13	268
13	274
13	280
13	285
13	291
13	296
13	301
13	307
13	312
13	318
13	324
13	330
13	337
13	344
13	352
13	360
13	368
13	377
13	386
13	396
13	406
13	416
13	426
13	437
13	448
13	460
14	188
14	198
14	207
14	216
14	225
14	234
14	243
14	251
14	259
14	267
14	274
14	281
14	287
14	293
14	299
14	305
14	312
14	319
14	326
14	334
14	342
14	350
14	359
14	368
14	377
14	386
14	395
14	404
14	413
14	422
14	432
14	442
14	452
14	463
14	475
15	198
15	209
15	219
15	229
15	238
15	247
15	256
15	265
15	273
15	280
15	287
15	294
15	301
15	308
15	315
15	322
15	329
15	336
15	343
15	351
15	359
15	367
15	375
15	383
15	391
15	399
15	407
15	415
15	423
15	431
15	439
15	448
15	457
15	466
15	476
15	486
15	497
15	509
16	206
16	217
16	228
16	238
16	248
16	258
16	267
16	275
16	283
16	291
16	299
16	307
16	315
16	323
16	331
16	339
16	347
16	354
16	361
16	368
16	375
16	382
16	389
16	396
16	403
16	410
16	417
16	424
16	431
16	438
16	445
16	452
16	459
16	466
16	474
16	482
16	490
16	499
16	508
16	518
16	528
17	222
17	234
17	246
17	257
17	267
17	276
17	284
17	292
17	300
17	308
17	315
17	322
17	329
17	336
17	343
17	350
17	356
17	362
17	368
17	373
17	379
17	384
17	389
17	394
17	399
17	403
17	408
17	412
17	417
17	421
17	426
17	430
17	435
17	439
17	444
17	448
17	453
17	457
17	462
17	467
17	472
17	477
17	482
17	487
17	493
17	499
17	505
17	511
17	518
17	525
17	532
17	540
17	549
17	559
18	237
18	249
18	260
18	270
18	279
18	288
18	296
18	304
18	311
18	318
18	324
18	330
18	335
18	341
18	345
18	350
18	354
18	359
18	363
18	367
18	371
18	375
18	379
18	382
18	386
18	389
18	393
18	396
18	400
18	402
18	406
18	409
18	412
18	415
18	418
18	421
18	424
18	427
18	430
18	433
18	436
18	439
18	443
18	446
18	449
18	453
18	456
18	459
18	463
18	466
18	470
18	473
18	477
18	481
18	485
18	489
18	493
18	497
18	501
18	506
18	510
18	515
18	520
18	525
18	530
18	535
18	541
18	547
18	554
18	561
18	569
18	579
19	236
19	248
19	259
19	269
19	279
19	288
19	296
19	303
19	310
19	316
19	321
19	326
19	331
19	335
19	339
19	343
19	347
19	351
19	354
19	358
19	361
19	364
19	368
19	371
19	374
19	377
19	380
19	383
19	386
19	389
19	392
19	395
19	398
19	401
19	403
19	406
19	409
19	412
19	414
19	417
19	420
19	423
19	425
19	429
19	431
19	434
19	437
19	440
19	443
19	446
19	449
19	452
19	455
19	458
19	461
19	464
19	467
19	470
19	474
19	477
19	480
19	484
19	487
19	491
19	495
19	498
19	503
19	506
19	511
19	515
19	519
19	524
19	528
19	533
19	538
19	543
19	548
19	554
19	560
19	567
19	575
19	584
19	595
20	219
20	230
20	241
20	251
20	261
20	270
20	279
20	287
20	294
20	301
20	307
20	312
20	317
20	322
20	326
20	330
20	333
20	337
20	341
20	343
20	347
20	350
20	353
20	356
20	359
20	362
20	365
20	368
20	371
20	374
20	377
20	380
20	383
20	386
20	389
20	392
20	395
20	398
20	401
20	405
20	407
20	411
20	414
20	417
20	421
20	424
20	428
20	431
20	435
20	438
20	442
20	446
20	450
20	454
20	458
20	462
20	466
20	470
20	474
20	478
20	483
20	487
20	492
20	496
20	501
20	506
20	511
20	516
20	521
20	526
20	532
20	537
20	543
20	549
20	556
20	563
20	571
20	580
20	591
21	202
21	213
21	223
21	232
21	240
21	248
21	256
21	263
21	270
21	276
21	282
21	288
21	293
21	299
21	304
21	309
21	313
21	318
21	322
21	326
21	331
21	334
21	339
21	342
21	346
21	350
21	353
21	357
21	361
21	364
21	368
21	372
21	375
21	379
21	383
21	386
21	390
21	394
21	397
21	401
21	405
21	409
21	413
21	417
21	421
21	425
21	429
21	434
21	438
21	443
21	447
21	452
21	457
21	462
21	467
21	472
21	477
21	482
21	487
21	492
21	498
21	503
21	509
21	515
21	521
21	527
21	533
21	539
21	546
21	553
21	561
21	570
21	580
22	192
22	203
22	212
22	221
22	229
22	236
22	243
22	250
22	256
22	262
22	268
22	273
22	278
22	283
22	288
22	293
22	297
22	302
22	306
22	311
22	315
22	319
22	323
22	327
22	332
22	336
22	340
22	345
22	349
22	354
22	358
22	363
22	367
22	372
22	376
22	381
22	385
22	390
22	394
22	399
22	403
22	408
22	412
22	417
22	421
22	426
22	430
22	435
22	439
22	444
22	448
22	453
22	458
22	463
22	468
22	473
22	478
22	483
22	488
22	493
22	498
22	503
22	508
22	513
22	518
22	523
22	528
22	534
22	539
22	545
22	551
22	558
22	566
22	575
22	585
23	199
23	210
23	220
23	230
23	239
23	247
23	255
23	262
23	269
23	275
23	281
23	287
23	292
23	298
23	303
23	308
23	313
23	318
23	323
23	328
23	333
23	338
23	343
23	348
23	353
23	358
23	363
23	368
23	372
23	377
23	381
23	385
23	389
23	393
23	397
23	401
23	404
23	408
23	411
23	415
23	418
23	422
23	425
23	428
23	432
23	434
23	438
23	441
23	444
23	447
23	450
23	454
23	456
23	460
23	463
23	466
23	469
23	472
23	475
23	478
23	482
23	484
23	488
23	491
23	495
23	498
23	502
23	505
23	509
23	512
23	516
23	519
23	523
23	527
23	531
23	535
23	539
23	544
23	548
23	553
23	558
23	564
23	570
23	577
23	585
23	594
23	605
24	256
24	267
24	276
24	284
24	292
24	300
24	308
24	315
24	322
24	329
24	335
24	341
24	346
24	351
24	356
24	361
24	364
24	369
24	372
24	376
24	379
24	382
24	385
24	389
24	391
24	394
24	397
24	400
24	402
24	405
24	407
24	410
24	412
24	415
24	417
24	420
24	422
24	424
24	427
24	429
24	431
24	434
24	436
24	438
24	441
24	443
24	445
24	448
24	450
24	452
24	455
24	457
24	460
24	462
24	465
24	467
24	470
24	472
24	475
24	477
24	480
24	482
24	485
24	487
24	490
24	492
24	495
24	498
24	500
24	503
24	506
24	509
24	512
24	515
24	518
24	521
24	524
24	527
24	530
24	534
24	537
24	540
24	544
24	547
24	551
24	555
24	559
24	564
24	568
24	574
24	579
24	586
24	593
24	602
24	614
25	262
25	273
25	284
25	294
25	304
25	313
25	321
25	329
25	335
25	341
25	345
25	350
25	353
25	358
25	361
25	364
25	368
25	371
25	373
25	377
25	379
25	382
25	384
25	387
25	389
25	392
25	394
25	397
25	399
25	401
25	404
25	406
25	408
25	411
25	413
25	415
25	417
25	420
25	422
25	424
25	427
25	429
25	431
25	434
25	436
25	438
25	441
25	443
25	445
25	448
25	450
25	453
25	455
25	457
25	460
25	462
25	465
25	467
25	470
25	473
25	475
25	478
25	481
25	484
25	487
25	490
25	493
25	497
25	499
25	504
25	506
25	510
25	514
25	517
25	521
25	525
25	529
25	533
25	537
25	542
25	547
25	552
25	557
25	563
25	569
25	576
25	584
25	593
25	605
26	251
26	262
26	273
26	283
26	293
26	303
26	311
26	319
26	325
26	331
26	336
26	341
26	344
26	349
26	352
26	355
26	359
26	361
26	364
26	367
26	370
26	372
26	375
26	378
26	380
26	383
26	385
26	388
26	390
26	393
26	395
26	398
26	400
26	403
26	405
26	408
26	410
26	413
26	416
26	418
26	421
26	424
26	426
26	429
26	432
26	435
26	438
26	441
26	444
26	447
26	450
26	454
26	457
26	461
26	465
26	468
26	473
26	477
26	481
26	486
26	491
26	496
26	501
26	507
26	513
26	519
26	526
26	533
26	540
26	548
26	556
26	565
26	575
27	260
27	272
27	283
27	294
27	304
27	312
27	319
27	323
27	328
27	332
27	335
27	339
27	342
27	345
27	349
27	351
27	355
27	357
27	361
27	363
27	366
27	369
27	371
27	374
27	377
27	379
27	382
27	385
27	387
27	390
27	393
27	396
27	399
27	402
27	405
27	408
27	411
27	415
27	417
27	421
27	425
27	428
27	432
27	436
27	440
27	444
27	448
27	453
27	457
27	462
27	467
27	473
27	478
27	485
27	492
27	500
27	508
27	517
27	527
27	538
28	252
28	263
28	274
28	284
28	294
28	302
28	310
28	316
28	322
28	326
28	331
28	334
28	338
28	342
28	344
28	348
28	351
28	354
28	357
28	360
28	363
28	366
28	369
28	372
28	376
28	378
28	382
28	385
28	388
28	392
28	395
28	399
28	403
28	407
28	411
28	415
28	419
28	424
28	428
28	433
28	438
28	444
28	450
28	456
28	463
28	470
28	478
28	487
28	497
29	251
29	262
29	272
29	282
29	291
29	299
29	305
29	311
29	315
29	320
29	324
29	329
29	333
29	337
29	341
29	345
29	349
29	353
29	357
29	361
29	365
29	369
29	374
29	378
29	383
29	387
29	392
29	397
29	402
29	408
29	414
29	420
29	427
29	434
29	442
29	451
29	461
29	473
30	251
30	262
30	272
30	281
30	289
30	295
30	301
30	304
30	309
30	312
30	316
30	319
30	322
30	325
30	328
30	331
30	334
30	337
30	340
30	343
30	346
30	349
30	353
30	356
30	360
30	364
30	367
30	371
30	375
30	379
30	384
30	388
30	393
30	398
30	404
30	410
30	416
30	423
30	431
30	440
30	450
31	240
31	251
31	261
31	270
31	279
31	286
31	292
31	297
31	302
31	305
31	310
31	313
31	317
31	321
31	324
31	328
31	331
31	335
31	338
31	342
31	346
31	350
31	354
31	358
31	362
31	366
31	371
31	375
31	380
31	385
31	390
31	396
31	402
31	408
31	415
31	422
31	430
31	439
31	450
32	212
32	223
32	234
32	245
32	255
32	264
32	272
32	280
32	286
32	291
32	295
32	300
32	303
32	308
32	311
32	315
32	319
32	323
32	327
32	331
32	335
32	339
32	344
32	348
32	354
32	359
32	365
32	370
32	376
32	382
32	388
32	395
32	402
32	409
32	417
32	426
32	436
32	447
33	208
33	219
33	229
33	239
33	249
33	258
33	266
33	274
33	281
33	287
33	292
33	297
33	301
33	305
33	309
33	313
33	317
33	321
33	325
33	329
33	333
33	337
33	342
33	346
33	351
33	356
33	361
33	366
33	372
33	378
33	384
33	390
33	397
33	404
33	411
33	419
33	428
33	438
34	199
34	210
34	220
34	229
34	238
34	247
34	255
34	263
34	270
34	277
34	283
34	289
34	294
34	300
34	305
34	310
34	315
34	320
34	325
34	330
34	336
34	341
34	347
34	353
34	359
34	365
34	371
34	378
34	385
34	392
34	399
34	407
34	415
34	424
34	434
34	445
35	191
35	202
35	212
35	221
35	229
35	237
35	245
35	253
35	261
35	269
35	276
35	283
35	290
35	297
35	304
35	311
35	318
35	325
35	332
35	340
35	348
35	356
35	364
35	372
35	380
35	389
35	398
35	407
35	417
35	427
35	439
36	196
36	207
36	217
36	226
36	234
36	242
36	250
36	258
36	266
36	275
36	284
36	293
36	302
36	310
36	318
36	326
36	334
36	342
36	350
36	359
36	368
36	377
36	386
36	396
36	406
36	417
37	292
37	303
37	313
37	323
37	332
37	341
37	350
37	359
37	368
37	378
37	388
37	398
37	409
37	422
38	301
38	313
38	324
38	336
38	349
38	361
38	372
38	383
38	394
38	407
39	299
39	310
39	320
39	330
39	340
39	350
39	361
39	372
39	383
39	394
39	406
40	301
40	312
40	321
40	330
40	338
40	346
40	355
40	364
40	374
40	385
40	396
40	408
48	330
48	342
48	354
49	336
49	348
49	359
49	371
62	346
62	358
62	371
63	318
63	328
63	337
63	345
63	353
63	361
63	369
63	377
63	385
63	394
63	403
63	413
63	423
63	434
64	308
64	317
64	324
64	330
64	336
64	341
64	346
64	351
64	356
64	361
64	365
64	370
64	375
64	380
64	385
64	390
64	396
64	401
64	407
64	413
64	420
64	427
64	435
64	443
64	452
64	462
64	473
65	301
65	310
65	315
65	321
65	324
65	329
65	332
65	335
65	339
65	342
65	344
65	348
65	350
65	353
65	356
65	358
65	361
65	364
65	366
65	369
65	372
65	374
65	377
65	380
65	382
65	385
65	388
65	391
65	394
65	397
65	400
65	403
65	407
65	409
65	414
65	417
65	421
65	425
65	429
65	434
65	438
65	443
65	448
65	454
65	460
65	466
65	473
65	480
65	488
65	497
65	507
65	518
66	299
66	307
66	312
66	317
66	321
66	323
66	327
66	330
66	332
66	335
66	337
66	340
66	342
66	343
66	346
66	348
66	350
66	352
66	354
66	356
66	358
66	360
66	362
66	363
66	365
66	367
66	369
66	371
66	372
66	374
66	376
66	378
66	379
66	381
66	383
66	385
66	386
66	388
66	390
66	392
66	394
66	395
66	398
66	399
66	401
66	404
66	405
66	407
66	409
66	411
66	414
66	415
66	418
66	420
66	422
66	425
66	427
66	429
66	432
66	435
66	437
66	440
66	443
66	446
66	449
66	452
66	456
66	459
66	463
66	467
66	470
66	475
66	479
66	484
66	488
66	493
66	498
66	504
66	509
66	515
66	521
66	528
66	535
66	543
66	552
66	563
67	301
67	310
67	316
67	322
67	327
67	332
67	335
67	340
67	343
67	347
67	350
67	353
67	356
67	359
67	362
67	363
67	367
67	369
67	371
67	373
67	376
67	378
67	380
67	382
67	384
67	386
67	388
67	390
67	392
67	394
67	396
67	398
67	400
67	402
67	403
67	406
67	407
67	409
67	411
67	413
67	415
67	417
67	418
67	421
67	422
67	424
67	426
67	428
67	430
67	432
67	434
67	436
67	438
67	440
67	442
67	445
67	446
67	449
67	451
67	454
67	456
67	458
67	461
67	463
67	466
67	468
67	471
67	474
67	476
67	479
67	482
67	485
67	487
67	491
67	493
67	497
67	499
67	503
67	506
67	509
67	513
67	516
67	520
67	524
67	527
67	532
67	536
67	540
67	545
67	550
67	556
67	562
67	569
67	577
67	587
68	368
68	378
68	385
68	391
68	396
68	401
68	404
68	409
68	412
68	415
68	419
68	421
68	424
68	427
68	430
68	432
68	435
68	437
68	440
68	442
68	445
68	447
68	450
68	452
68	454
68	457
68	459
68	461
68	464
68	466
68	468
68	471
68	473
68	475
68	478
68	480
68	482
68	485
68	487
68	489
68	492
68	494
68	497
68	499
68	502
68	504
68	507
68	509
68	512
68	515
68	517
68	520
68	523
68	526
68	529
68	532
68	536
68	539
68	543
68	547
68	551
68	556
68	561
68	567
68	573
68	580
68	589
69	410
69	420
69	428
69	435
69	441
69	447
69	452
69	457
69	462
69	467
69	471
69	476
69	480
69	484
69	488
69	492
69	496
69	500
69	504
69	508
69	513
69	517
69	522
69	527
69	533
69	539
69	546
69	554
69	564
70	340
70	352
70	365
71	304
71	313
71	321
71	328
71	335
71	341
71	347
71	353
71	359
71	365
71	371
71	377
71	383
71	390
71	397
71	404
71	412
71	421
71	430
71	440
71	451
72	298
72	306
72	312
72	317
72	322
72	325
72	330
72	333
72	337
72	340
72	343
72	347
72	350
72	353
72	356
72	359
72	362
72	365
72	368
72	371
72	374
72	377
72	380
72	383
72	386
72	389
72	393
72	396
72	399
72	403
72	406
72	410
72	414
72	418
72	422
72	427
72	431
72	436
72	441
72	447
72	453
72	459
72	466
72	473
72	480
72	488
72	496
72	505
72	514
72	523
72	532
72	542
73	297
73	304
73	311
73	314
73	320
73	322
73	327
73	330
73	333
73	336
73	339
73	342
73	344
73	347
73	350
73	352
73	355
73	357
73	360
73	362
73	365
73	367
73	370
73	372
73	374
73	377
73	379
73	381
73	384
73	386
73	388
73	391
73	393
73	395
73	398
73	400
73	403
73	405
73	408
73	410
73	413
73	416
73	418
73	421
73	424
73	427
73	429
73	433
73	435
73	439
73	442
73	445
73	449
73	452
73	456
73	459
73	463
73	467
73	471
73	475
73	479
73	483
73	487
73	492
73	496
73	501
73	505
73	510
73	514
73	519
73	523
73	528
73	533
73	538
73	544
73	550
73	557
73	565
73	574
74	302
74	311
74	319
74	326
74	332
74	338
74	344
74	349
74	354
74	359
74	364
74	368
74	373
74	377
74	381
74	385
74	389
74	393
74	397
74	401
74	404
74	408
74	412
74	415
74	419
74	422
74	426
74	429
74	433
74	436
74	440
74	443
74	447
74	450
74	454
74	457
74	461
74	465
74	468
74	472
74	476
74	479
74	483
74	487
74	491
74	495
74	499
74	503
74	507
74	511
74	515
74	519
74	523
74	527
74	531
74	535
74	540
74	545
74	550
74	556
74	562
74	569
74	577
74	587
75	436
75	447
75	457
75	467
75	476
75	485
75	494
75	502
75	510
75	518
75	527
75	537
-1	-1
