-1	-1
0	160
0	169
0	175
0	181
0	185
0	190
0	193
0	197
0	201
0	203
0	207
0	210
0	212
0	214
0	217
0	219
0	222
0	223
0	225
0	228
0	230
0	232
0	233
0	235
0	237
0	239
0	241
0	242
0	244
0	246
0	248
0	249
0	251
0	252
0	254
0	256
0	257
0	259
0	260
0	262
0	263
0	265
0	266
0	268
0	269
0	271
0	272
0	274
0	275
0	277
0	278
0	280
0	281
0	283
0	284
0	286
0	287
0	289
0	290
0	293
0	294
0	296
0	297
0	299
0	301
0	304
0	305
0	307
0	309
0	312
0	314
0	316
0	319
0	321
0	325
0	327
0	330
0	334
0	337
0	341
0	345
0	349
0	354
0	359
0	365
0	371
0	378
0	386
0	394
0	403
0	414
1	167
1	177
1	185
1	192
1	197
1	202
1	207
1	211
1	215
1	219
1	223
1	227
1	231
1	234
1	238
1	241
1	245
1	248
1	252
1	255
1	258
1	262
1	264
1	268
1	271
1	274
1	277
1	280
1	284
1	286
1	290
1	294
1	297
1	301
1	305
1	309
1	314
1	318
1	324
1	329
1	336
1	343
1	351
1	360
1	371
2	163
2	173
2	182
2	190
2	196
2	201
2	206
2	211
2	215
2	220
2	224
2	229
2	233
2	238
2	242
2	247
2	251
2	255
2	260
2	264
2	268
2	273
2	277
2	282
2	286
2	291
2	296
2	302
2	308
2	315
2	322
2	330
2	339
2	349
3	160
3	170
3	178
3	185
3	192
3	198
3	203
3	208
3	213
3	217
3	222
3	226
3	231
3	235
3	240
3	244
3	249
3	253
3	258
3	263
3	267
3	272
3	277
3	282
3	287
3	293
3	299
3	306
3	313
3	321
3	330
3	340
3	351
4	159
4	168
4	176
4	183
4	190
4	196
4	202
4	207
4	212
4	217
4	222
4	227
4	232
4	237
4	242
4	247
4	252
4	257
4	262
4	266
4	271
4	276
4	281
4	286
4	291
4	297
4	303
4	309
4	316
4	324
4	332
4	341
4	351
4	362
5	158
5	167
5	174
5	181
5	187
5	193
5	198
5	203
5	208
5	212
5	217
5	221
5	225
5	230
5	234
5	238
5	242
5	246
5	250
5	254
5	258
5	262
5	266
5	270
5	274
5	278
5	283
5	287
5	292
5	297
5	302
5	307
5	313
5	319
5	326
5	333
5	340
5	348
5	356
5	365
5	375
5	385
5	396
6	161
6	171
6	180
6	187
6	193
6	199
6	204
6	210
6	214
6	219
6	223
6	228
6	232
6	236
6	240
6	244
6	248
6	252
6	256
6	260
6	264
6	268
6	272
6	276
6	280
6	284
6	288
6	293
6	297
6	302
6	307
6	312
6	317
6	323
6	329
6	335
6	342
6	349
6	356
6	364
6	372
6	380
6	388
6	397
6	406
6	415
6	425
6	435
6	445
6	456
7	179
7	189
7	198
7	205
7	212
7	218
7	223
7	228
7	233
7	238
7	243
7	248
7	252
7	257
7	261
7	265
7	269
7	273
7	277
7	281
7	285
7	289
7	293
7	297
7	301
7	305
7	309
7	314
7	318
7	323
7	328
7	333
7	338
7	343
7	348
7	354
7	360
7	366
7	372
7	378
7	384
7	391
7	398
7	405
7	412
7	419
7	426
7	434
7	442
7	450
7	459
7	468
7	478
7	489
8	181
8	191
8	199
8	206
8	212
8	218
8	223
8	228
8	233
8	238
8	242
8	247
8	251
8	255
8	259
8	262
8	266
8	269
8	273
8	276
8	279
8	283
8	286
8	289
8	293
8	296
8	299
8	303
8	306
8	310
8	313
8	317
8	320
8	324
8	328
8	332
8	336
8	340
8	344
8	348
8	352
8	357
8	361
8	366
8	370
8	375
8	380
8	385
8	390
8	395
8	400
8	405
8	411
8	416
8	422
8	428
8	434
8	440
8	447
8	454
8	461
8	469
8	477
8	486
8	496
8	507
8	519
9	186
9	196
9	204
9	211
9	218
9	223
9	229
9	233
9	238
9	242
9	247
9	251
9	255
9	259
9	262
9	266
9	269
9	273
9	276
9	280
9	283
9	286
9	290
9	293
9	297
9	300
9	304
9	307
9	311
9	314
9	318
9	321
9	325
9	328
9	332
9	336
9	339
9	343
9	347
9	351
9	355
9	359
9	363
9	367
9	371
9	375
9	379
9	383
9	387
9	392
9	396
9	401
9	405
9	410
9	415
9	420
9	425
9	430
9	435
9	440
9	446
9	451
9	457
9	463
9	469
9	476
9	483
9	490
9	498
9	506
9	515
9	524
9	534
9	544
10	182
10	192
10	200
10	207
10	214
10	220
10	226
10	231
10	236
10	241
10	246
10	251
10	255
10	260
10	264
10	268
10	272
10	276
10	280
10	284
10	288
10	292
10	296
10	300
10	304
10	308
10	312
10	316
10	320
10	324
10	328
10	332
10	336
10	340
10	343
10	347
10	351
10	355
10	359
10	363
10	367
10	371
10	375
10	379
10	383
10	387
10	391
10	396
10	400
10	405
10	409
10	414
10	418
10	423
10	427
10	432
10	437
10	442
10	447
10	452
10	457
10	462
10	467
10	473
10	479
10	485
10	491
10	498
10	505
10	512
10	519
10	527
10	535
10	544
10	554
10	565
11	181
11	191
11	200
11	208
11	215
11	222
11	228
11	234
11	240
11	244
11	249
11	253
11	258
11	262
11	266
11	270
11	274
11	278
11	282
11	286
11	290
11	294
11	298
11	302
11	306
11	310
11	314
11	318
11	322
11	326
11	330
11	334
11	338
11	342
11	347
11	351
11	356
11	360
11	365
11	369
11	374
11	378
11	383
11	388
11	393
11	398
11	403
11	408
11	413
11	418
11	423
11	428
11	433
11	438
11	443
11	448
11	453
11	459
11	464
11	470
11	476
11	482
11	488
11	495
11	502
11	509
11	516
11	523
11	530
11	538
11	546
11	555
11	565
12	186
12	196
12	204
12	211
12	217
12	223
12	228
12	233
12	238
12	243
12	248
12	252
12	257
12	261
12	265
12	269
12	273
12	277
12	281
12	285
12	289
12	293
12	297
12	301
12	305
12	309
12	314
12	318
12	323
12	328
12	333
12	338
12	343
12	348
12	354
12	359
12	365
12	371
12	377
12	383
12	389
12	395
12	401
12	407
12	413
12	419
12	425
12	431
12	437
12	444
12	451
12	458
12	465
12	472
12	479
12	486
12	494
12	502
12	510
12	518
12	527
12	536
12	546
12	557
13	196
13	205
13	213
13	220
13	226
13	232
13	238
13	243
13	248
13	253
13	258
13	262
13	267
13	271
13	275
13	279
13	284
13	288
13	293
13	297
13	302
13	307
13	312
13	317
13	323
13	329
13	335
13	342
13	349
13	356
13	363
13	371
13	379
13	387
13	395
13	403
13	411
13	419
13	427
13	435
13	443
13	452
13	461
13	470
13	479
13	488
13	498
13	508
13	518
13	528
13	539
14	199
14	209
14	218
14	226
14	233
14	240
14	246
14	252
14	258
14	263
14	269
14	274
14	279
14	284
14	290
14	295
14	301
14	307
14	313
14	319
14	326
14	333
14	340
14	347
14	355
14	363
14	371
14	379
14	387
14	395
14	403
14	411
14	419
14	427
14	435
14	443
14	451
14	459
14	468
14	477
14	486
14	495
14	504
14	513
14	522
14	532
14	542
14	553
15	198
15	208
15	216
15	223
15	230
15	237
15	243
15	249
15	255
15	261
15	266
15	271
15	276
15	282
15	287
15	293
15	299
15	305
15	311
15	317
15	324
15	331
15	338
15	345
15	352
15	359
15	366
15	373
15	380
15	387
15	394
15	401
15	408
15	415
15	422
15	429
15	436
15	443
15	450
15	457
15	464
15	471
15	478
15	485
15	492
15	499
15	506
15	513
15	520
15	527
15	534
15	542
15	550
15	558
15	567
15	578
16	201
16	211
16	220
16	228
16	236
16	244
16	251
16	258
16	265
16	272
16	279
16	286
16	293
16	300
16	307
16	314
16	321
16	328
16	335
16	342
16	349
16	355
16	362
16	368
16	374
16	380
16	386
16	392
16	398
16	403
16	409
16	414
16	420
16	425
16	430
16	435
16	440
16	445
16	450
16	455
16	460
16	465
16	470
16	475
16	480
16	485
16	490
16	495
16	500
16	505
16	510
16	516
16	521
16	527
16	533
16	539
16	545
16	551
16	558
16	565
16	573
16	582
16	593
17	218
17	229
17	239
17	248
17	257
17	265
17	273
17	281
17	289
17	297
17	305
17	312
17	319
17	326
17	332
17	338
17	344
17	350
17	355
17	360
17	365
17	370
17	375
17	380
17	384
17	389
17	393
17	397
17	401
17	405
17	409
17	413
17	417
17	421
17	425
17	429
17	433
17	437
17	441
17	445
17	449
17	453
17	457
17	461
17	465
17	469
17	473
17	477
17	481
17	485
17	489
17	494
17	498
17	503
17	507
17	512
17	517
17	522
17	527
17	532
17	538
17	543
17	549
17	555
17	561
17	568
17	576
17	585
17	595
18	227
18	238
18	249
18	259
18	269
18	278
18	287
18	295
18	302
18	309
18	315
18	321
18	326
18	331
18	336
18	340
18	344
18	349
18	352
18	356
18	360
18	363
18	367
18	371
18	374
18	378
18	381
18	384
18	388
18	390
18	394
18	397
18	400
18	403
18	406
18	409
18	412
18	415
18	418
18	421
18	424
18	427
18	430
18	433
18	436
18	439
18	442
18	445
18	448
18	451
18	455
18	457
18	461
18	464
18	468
18	471
18	475
18	479
18	483
18	487
18	491
18	495
18	499
18	504
18	508
18	513
18	518
18	523
18	528
18	534
18	539
18	545
18	550
18	556
18	562
18	569
18	576
18	584
18	593
18	604
19	242
19	254
19	265
19	275
19	284
19	292
19	299
19	304
19	310
19	313
19	318
19	321
19	325
19	328
19	332
19	334
19	338
19	341
19	343
19	347
19	349
19	352
19	355
19	358
19	360
19	363
19	366
19	368
19	371
19	374
19	376
19	379
19	382
19	384
19	387
19	390
19	392
19	395
19	397
19	400
19	403
19	405
19	408
19	411
19	413
19	416
19	419
19	421
19	424
19	427
19	429
19	432
19	435
19	438
19	441
19	444
19	447
19	450
19	453
19	456
19	459
19	463
19	466
19	470
19	474
19	478
19	482
19	486
19	491
19	495
19	500
19	505
19	510
19	516
19	522
19	528
19	535
19	542
19	549
19	556
19	563
19	571
19	580
19	590
19	604
20	242
20	253
20	263
20	271
20	279
20	285
20	291
20	295
20	300
20	303
20	308
20	311
20	314
20	318
20	321
20	323
20	327
20	329
20	332
20	334
20	337
20	340
20	342
20	344
20	347
20	349
20	352
20	354
20	356
20	359
20	361
20	364
20	366
20	369
20	371
20	374
20	376
20	379
20	381
20	384
20	386
20	389
20	391
20	394
20	397
20	399
20	402
20	405
20	408
20	410
20	414
20	416
20	420
20	423
20	426
20	429
20	433
20	436
20	440
20	443
20	447
20	451
20	455
20	459
20	464
20	468
20	473
20	478
20	483
20	488
20	494
20	500
20	507
20	514
20	521
20	529
20	537
20	546
20	555
20	565
20	575
20	587
21	230
21	241
21	250
21	258
21	265
21	271
21	276
21	281
21	285
21	289
21	293
21	296
21	300
21	303
21	306
21	310
21	312
21	316
21	319
21	322
21	325
21	328
21	331
21	334
21	337
21	340
21	343
21	346
21	349
21	352
21	355
21	358
21	361
21	364
21	367
21	370
21	374
21	376
21	380
21	383
21	386
21	390
21	393
21	397
21	400
21	404
21	407
21	411
21	415
21	419
21	423
21	427
21	431
21	435
21	439
21	444
21	448
21	453
21	458
21	463
21	468
21	474
21	479
21	485
21	491
21	498
21	505
21	512
21	520
21	528
21	537
21	546
21	556
21	568
22	221
22	232
22	242
22	250
22	257
22	263
22	269
22	273
22	278
22	282
22	285
22	289
22	292
22	295
22	299
22	302
22	305
22	308
22	311
22	314
22	317
22	320
22	323
22	326
22	329
22	332
22	336
22	338
22	342
22	345
22	349
22	352
22	356
22	359
22	363
22	367
22	371
22	375
22	379
22	383
22	387
22	391
22	395
22	399
22	404
22	408
22	413
22	417
22	422
22	426
22	431
22	435
22	440
22	444
22	449
22	453
22	458
22	462
22	467
22	472
22	477
22	482
22	487
22	493
22	499
22	505
22	511
22	517
22	524
22	531
22	538
22	546
22	555
22	565
22	576
23	226
23	237
23	247
23	255
23	262
23	269
23	274
23	280
23	285
23	290
23	294
23	299
23	303
23	308
23	312
23	317
23	321
23	326
23	330
23	335
23	340
23	345
23	350
23	355
23	360
23	365
23	370
23	375
23	380
23	384
23	389
23	393
23	397
23	401
23	404
23	408
23	412
23	415
23	419
23	422
23	425
23	429
23	432
23	435
23	438
23	441
23	444
23	447
23	450
23	453
23	456
23	459
23	462
23	465
23	468
23	472
23	475
23	478
23	482
23	485
23	489
23	493
23	497
23	501
23	505
23	509
23	514
23	518
23	523
23	528
23	533
23	538
23	544
23	550
23	556
23	563
23	570
23	578
23	587
23	598
24	240
24	251
24	261
24	270
24	279
24	287
24	295
24	302
24	309
24	316
24	323
24	329
24	335
24	341
24	346
24	351
24	356
24	361
24	365
24	370
24	373
24	377
24	381
24	384
24	388
24	391
24	394
24	397
24	400
24	403
24	406
24	409
24	411
24	414
24	416
24	419
24	421
24	423
24	426
24	428
24	431
24	433
24	435
24	438
24	440
24	442
24	445
24	447
24	449
24	452
24	454
24	456
24	459
24	461
24	463
24	466
24	468
24	470
24	473
24	476
24	478
24	481
24	484
24	486
24	489
24	492
24	495
24	498
24	501
24	505
24	508
24	512
24	515
24	519
24	523
24	527
24	531
24	535
24	539
24	544
24	548
24	554
24	559
24	565
24	571
24	578
24	586
24	595
24	605
25	259
25	270
25	281
25	291
25	301
25	310
25	319
25	327
25	334
25	341
25	346
25	351
25	355
25	360
25	363
25	367
25	370
25	373
25	376
25	380
25	382
25	385
25	388
25	391
25	393
25	396
25	398
25	401
25	403
25	405
25	408
25	410
25	412
25	414
25	417
25	419
25	421
25	423
25	425
25	427
25	429
25	431
25	433
25	435
25	437
25	439
25	441
25	443
25	445
25	447
25	449
25	452
25	454
25	456
25	458
25	461
25	463
25	465
25	468
25	470
25	473
25	476
25	478
25	481
25	484
25	487
25	490
25	493
25	497
25	499
25	504
25	507
25	511
25	515
25	519
25	524
25	528
25	533
25	538
25	544
25	549
25	555
25	561
25	568
25	576
25	584
25	594
25	606
26	258
26	269
26	280
26	290
26	300
26	309
26	317
26	324
26	331
26	336
26	342
26	346
26	351
26	354
26	359
26	362
26	365
26	369
26	371
26	374
26	377
26	380
26	382
26	385
26	388
26	390
26	393
26	395
26	398
26	400
26	403
26	405
26	408
26	410
26	413
26	415
26	418
26	420
26	423
26	425
26	428
26	430
26	433
26	436
26	438
26	441
26	444
26	447
26	449
26	453
26	456
26	459
26	463
26	466
26	470
26	474
26	478
26	482
26	487
26	492
26	497
26	503
26	509
26	516
26	524
26	533
26	542
26	551
26	561
26	571
26	583
27	266
27	277
27	288
27	298
27	307
27	315
27	322
27	328
27	332
27	337
27	341
27	344
27	348
27	352
27	355
27	359
27	362
27	365
27	369
27	372
27	375
27	378
27	381
27	384
27	387
27	390
27	394
27	397
27	400
27	404
27	407
27	411
27	414
27	418
27	422
27	426
27	430
27	434
27	438
27	443
27	447
27	452
27	457
27	463
27	469
27	476
27	483
27	491
27	500
27	510
28	262
28	273
28	283
28	292
28	300
28	308
28	315
28	321
28	327
28	332
28	337
28	341
28	345
28	350
28	353
28	358
28	361
28	366
28	369
28	374
28	377
28	382
28	386
28	390
28	395
28	399
28	404
28	409
28	414
28	419
28	425
28	431
28	437
28	444
28	451
28	459
28	468
28	478
29	261
29	272
29	281
29	289
29	296
29	302
29	307
29	312
29	316
29	321
29	325
29	330
29	334
29	338
29	343
29	347
29	352
29	356
29	361
29	366
29	371
29	376
29	381
29	386
29	392
29	398
29	404
29	410
29	417
29	424
29	432
29	440
29	449
29	459
30	239
30	250
30	261
30	271
30	279
30	286
30	292
30	296
30	301
30	304
30	309
30	312
30	316
30	319
30	323
30	326
30	330
30	333
30	337
30	340
30	344
30	347
30	351
30	355
30	359
30	363
30	367
30	372
30	376
30	381
30	386
30	391
30	397
30	403
30	409
30	416
30	423
30	431
30	439
30	448
30	458
31	239
31	250
31	260
31	269
31	276
31	282
31	287
31	291
31	295
31	299
31	302
31	306
31	309
31	313
31	316
31	320
31	324
31	327
31	331
31	335
31	339
31	344
31	348
31	353
31	358
31	363
31	368
31	374
31	380
31	386
31	393
31	400
31	407
31	414
31	422
31	430
31	439
31	449
31	460
32	246
32	257
32	266
32	273
32	280
32	284
32	289
32	293
32	297
32	301
32	305
32	309
32	313
32	317
32	321
32	325
32	329
32	334
32	338
32	343
32	348
32	353
32	359
32	365
32	371
32	377
32	384
32	391
32	398
32	406
32	414
32	422
32	431
32	440
32	450
32	461
33	226
33	237
33	247
33	257
33	265
33	272
33	278
33	283
33	289
33	293
33	298
33	303
33	307
33	312
33	317
33	322
33	327
33	332
33	337
33	342
33	347
33	353
33	358
33	364
33	370
33	377
33	384
33	391
33	398
33	406
33	414
33	422
33	431
33	441
33	451
33	464
34	217
34	228
34	237
34	246
34	254
34	261
34	268
34	274
34	280
34	285
34	291
34	296
34	301
34	306
34	311
34	316
34	322
34	328
34	334
34	340
34	347
34	354
34	361
34	368
34	375
34	383
34	391
34	399
34	407
34	416
34	425
34	434
34	444
34	455
35	220
35	231
35	240
35	249
35	257
35	265
35	273
35	280
35	287
35	293
35	300
35	306
35	313
35	320
35	327
35	335
35	343
35	352
35	361
35	370
35	379
35	388
35	397
35	407
35	417
35	427
35	437
35	448
36	236
36	247
36	257
36	267
36	277
36	287
36	297
36	307
36	317
36	326
36	335
36	344
36	353
36	363
36	373
36	384
36	395
36	406
36	419
37	292
37	347
37	360
37	375
62	338
62	350
62	362
62	374
62	387
63	309
63	319
63	328
63	336
63	344
63	351
63	358
63	365
63	372
63	380
63	388
63	396
63	405
63	414
63	424
63	435
63	447
64	298
64	307
64	314
64	320
64	325
64	331
64	335
64	340
64	344
64	349
64	353
64	357
64	361
64	365
64	369
64	374
64	378
64	383
64	387
64	392
64	397
64	402
64	407
64	413
64	419
64	425
64	432
64	439
64	447
64	455
64	464
64	474
64	485
65	291
65	300
65	306
65	311
65	315
65	319
65	322
65	325
65	329
65	331
65	334
65	337
65	340
65	342
65	345
65	347
65	350
65	352
65	355
65	357
65	360
65	362
65	364
65	367
65	369
65	371
65	374
65	376
65	379
65	381
65	384
65	386
65	389
65	391
65	394
65	397
65	399
65	402
65	405
65	408
65	411
65	414
65	417
65	420
65	424
65	427
65	431
65	435
65	439
65	444
65	448
65	453
65	458
65	464
65	470
65	477
65	484
65	492
65	501
65	511
65	522
66	290
66	299
66	303
66	309
66	312
66	315
66	319
66	322
66	323
66	327
66	329
66	332
66	333
66	336
66	338
66	341
66	342
66	344
66	347
66	348
66	351
66	352
66	354
66	356
66	358
66	360
66	362
66	363
66	365
66	367
66	369
66	370
66	372
66	374
66	376
66	377
66	379
66	381
66	383
66	384
66	386
66	388
66	390
66	391
66	393
66	395
66	397
66	398
66	400
66	402
66	404
66	406
66	408
66	409
66	412
66	414
66	416
66	418
66	420
66	422
66	425
66	426
66	429
66	431
66	434
66	436
66	438
66	441
66	444
66	446
66	449
66	452
66	455
66	458
66	461
66	465
66	468
66	472
66	476
66	480
66	484
66	488
66	493
66	498
66	503
66	509
66	515
66	521
66	528
66	535
66	543
66	552
66	562
67	293
67	302
67	309
67	315
67	321
67	326
67	331
67	335
67	340
67	344
67	348
67	352
67	356
67	360
67	363
67	366
67	370
67	372
67	375
67	378
67	381
67	383
67	386
67	388
67	391
67	393
67	395
67	398
67	400
67	402
67	404
67	407
67	408
67	411
67	413
67	415
67	417
67	419
67	421
67	423
67	425
67	427
67	429
67	431
67	433
67	435
67	437
67	439
67	441
67	443
67	445
67	447
67	449
67	452
67	454
67	456
67	458
67	461
67	463
67	465
67	468
67	470
67	473
67	475
67	478
67	480
67	484
67	486
67	489
67	492
67	495
67	498
67	501
67	505
67	508
67	512
67	515
67	519
67	523
67	527
67	531
67	535
67	539
67	544
67	549
67	554
67	560
67	566
67	574
67	583
67	595
68	380
68	390
68	398
68	403
68	409
68	413
68	417
68	421
68	424
68	428
68	431
68	433
68	437
68	439
68	442
68	444
68	447
68	449
68	452
68	454
68	456
68	459
68	461
68	463
68	466
68	468
68	470
68	473
68	475
68	477
68	480
68	482
68	484
68	487
68	489
68	491
68	494
68	496
68	499
68	501
68	504
68	506
68	509
68	511
68	514
68	516
68	519
68	522
68	525
68	527
68	531
68	534
68	537
68	540
68	544
68	547
68	551
68	555
68	559
68	565
68	570
68	576
68	583
68	592
68	604
69	420
69	430
69	438
69	445
69	451
69	456
69	461
69	465
69	470
69	473
69	478
69	481
69	485
69	489
69	492
69	496
69	499
69	503
69	506
69	510
69	513
69	517
69	520
69	524
69	528
69	532
69	537
69	541
69	547
69	552
69	558
69	565
69	574
69	585
70	327
70	338
70	349
70	360
70	371
70	382
70	394
71	297
71	306
71	314
71	321
71	327
71	333
71	339
71	344
71	350
71	355
71	360
71	365
71	370
71	375
71	380
71	386
71	392
71	398
71	404
71	411
71	418
71	426
71	434
71	443
71	453
71	464
72	289
72	298
72	304
72	310
72	313
72	318
72	322
72	325
72	329
72	332
72	335
72	339
72	341
72	344
72	347
72	350
72	353
72	355
72	359
72	361
72	364
72	367
72	369
72	372
72	375
72	377
72	380
72	383
72	386
72	388
72	392
72	394
72	397
72	400
72	403
72	406
72	409
72	413
72	416
72	419
72	423
72	427
72	431
72	435
72	439
72	444
72	448
72	454
72	459
72	465
72	471
72	478
72	485
72	493
72	502
72	511
72	521
72	531
72	541
72	553
73	289
73	297
73	303
73	308
73	312
73	316
73	320
73	323
73	326
73	330
73	332
73	335
73	338
73	341
73	343
73	346
73	349
73	351
73	353
73	356
73	358
73	361
73	363
73	365
73	368
73	370
73	372
73	374
73	377
73	379
73	381
73	383
73	386
73	388
73	390
73	392
73	395
73	397
73	399
73	401
73	404
73	406
73	408
73	411
73	413
73	415
73	418
73	420
73	423
73	425
73	428
73	430
73	433
73	436
73	438
73	441
73	444
73	447
73	450
73	453
73	456
73	459
73	463
73	466
73	470
73	474
73	477
73	482
73	486
73	490
73	495
73	499
73	504
73	509
73	514
73	519
73	524
73	529
73	535
73	540
73	546
73	552
73	559
73	567
73	576
73	587
74	299
74	309
74	317
74	324
74	331
74	338
74	344
74	350
74	356
74	361
74	366
74	371
74	376
74	381
74	385
74	390
74	393
74	398
74	401
74	405
74	409
74	412
74	416
74	419
74	423
74	426
74	430
74	433
74	437
74	440
74	444
74	447
74	451
74	454
74	458
74	461
74	465
74	468
74	472
74	476
74	479
74	483
74	487
74	491
74	495
74	499
74	503
74	507
74	511
74	515
74	519
74	524
74	528
74	533
74	537
74	542
74	547
74	552
74	558
74	564
74	571
74	579
74	589
75	440
75	451
75	461
75	470
75	479
75	488
75	497
75	505
75	513
75	522
75	531
75	540
75	551
-1	-1
