-1	-1
0	12
0	22
0	30
0	36
0	42
0	46
0	52
0	56
0	62
0	64
0	70
0	72
0	76
0	80
0	84
0	88
0	92
0	94
0	98
0	102
0	104
0	108
0	110
0	112
0	114
0	118
0	120
0	122
0	124
0	128
0	132
0	136
0	138
0	140
0	142
0	144
0	146
0	148
0	150
0	152
0	154
0	156
0	158
0	160
0	162
0	164
0	166
0	168
0	170
0	172
0	174
0	176
0	178
0	180
0	182
0	184
0	186
0	188
0	190
0	192
0	194
0	196
0	198
0	200
0	202
0	204
0	206
0	208
0	210
0	214
0	216
0	220
0	224
0	226
0	228
0	230
0	234
0	236
0	240
0	242
0	246
0	248
0	254
0	256
0	262
0	266
0	270
0	276
0	282
0	288
0	296
0	304
0	312
0	324
1	26
1	36
1	46
1	54
1	60
1	66
1	72
1	78
1	84
1	88
1	94
1	98
1	104
1	108
1	112
1	116
1	120
1	122
1	126
1	130
1	132
1	136
1	140
1	142
1	146
1	148
1	152
1	154
1	158
1	160
1	164
1	166
1	170
1	172
1	174
1	178
1	180
1	184
1	186
1	188
1	192
1	194
1	196
1	200
1	202
1	206
1	208
1	212
1	216
1	218
1	222
1	226
1	230
1	236
1	240
1	246
1	250
1	256
1	264
1	270
1	278
1	288
1	298
1	310
2	40
2	52
2	60
2	68
2	76
2	84
2	90
2	96
2	102
2	108
2	114
2	118
2	122
2	128
2	132
2	136
2	140
2	144
2	148
2	152
2	154
2	158
2	162
2	166
2	170
2	174
2	176
2	180
2	184
2	188
2	192
2	196
2	200
2	204
2	208
2	214
2	218
2	222
2	228
2	234
2	240
2	246
2	254
2	262
2	270
2	280
2	292
3	50
3	60
3	70
3	80
3	88
3	96
3	104
3	110
3	118
3	124
3	130
3	134
3	140
3	144
3	150
3	154
3	158
3	162
3	168
3	172
3	176
3	180
3	186
3	190
3	194
3	198
3	204
3	208
3	214
3	220
3	226
3	232
3	240
3	248
3	256
3	264
3	274
3	286
4	70
4	80
4	90
4	100
4	108
4	116
4	124
4	130
4	136
4	142
4	146
4	152
4	156
4	162
4	166
4	172
4	176
4	182
4	186
4	192
4	196
4	202
4	208
4	214
4	222
4	228
4	236
4	244
4	254
4	264
4	274
4	284
4	298
5	98
5	108
5	118
5	126
5	132
5	138
5	144
5	150
5	156
5	162
5	168
5	174
5	180
5	186
5	192
5	200
5	206
5	214
5	222
5	230
5	238
5	246
5	256
5	264
5	274
5	284
5	294
5	304
5	316
6	100
6	112
6	120
6	128
6	134
6	140
6	146
6	152
6	158
6	164
6	170
6	176
6	182
6	188
6	194
6	202
6	208
6	216
6	222
6	230
6	236
6	244
6	252
6	260
6	268
6	276
6	284
6	292
6	300
6	308
6	316
6	326
6	334
6	344
6	354
6	364
6	374
6	384
6	394
6	404
6	416
6	426
6	438
6	448
6	462
7	92
7	102
7	112
7	122
7	130
7	136
7	144
7	150
7	156
7	162
7	168
7	174
7	180
7	188
7	194
7	202
7	208
7	216
7	222
7	230
7	236
7	244
7	250
7	258
7	264
7	272
7	278
7	286
7	292
7	300
7	306
7	312
7	320
7	326
7	334
7	340
7	348
7	354
7	362
7	370
7	378
7	386
7	394
7	402
7	410
7	418
7	426
7	434
7	442
7	450
7	460
7	468
7	478
7	488
7	498
7	510
7	520
7	532
7	542
7	554
7	590
7	602
8	52
8	64
8	74
8	84
8	94
8	104
8	114
8	124
8	134
8	142
8	148
8	156
8	162
8	168
8	174
8	180
8	186
8	192
8	198
8	204
8	210
8	216
8	222
8	228
8	232
8	238
8	242
8	248
8	252
8	258
8	262
8	266
8	272
8	276
8	280
8	286
8	290
8	296
8	300
8	306
8	310
8	316
8	320
8	326
8	330
8	336
8	340
8	346
8	350
8	356
8	360
8	366
8	370
8	376
8	380
8	386
8	392
8	398
8	402
8	408
8	414
8	420
8	424
8	430
8	436
8	442
8	448
8	454
8	460
8	466
8	474
8	480
8	488
8	494
8	502
8	508
8	516
8	524
8	532
8	540
8	548
8	556
8	566
8	574
8	584
8	592
8	602
8	610
8	620
9	40
9	50
9	60
9	70
9	80
9	88
9	98
9	106
9	116
9	124
9	134
9	142
9	150
9	156
9	162
9	168
9	174
9	180
9	186
9	192
9	196
9	202
9	206
9	212
9	216
9	220
9	226
9	230
9	234
9	238
9	242
9	244
9	248
9	252
9	256
9	260
9	262
9	266
9	270
9	274
9	276
9	280
9	284
9	288
9	290
9	294
9	298
9	302
9	306
9	310
9	312
9	316
9	320
9	324
9	328
9	332
9	336
9	340
9	344
9	348
9	352
9	356
9	360
9	364
9	368
9	372
9	376
9	380
9	386
9	390
9	394
9	398
9	404
9	408
9	412
9	418
9	422
9	428
9	432
9	438
9	442
9	448
9	452
9	458
9	462
9	468
9	472
9	478
9	482
9	488
9	492
9	498
9	502
9	508
9	512
9	518
9	522
9	528
9	532
9	538
9	542
9	548
9	554
9	558
9	564
9	570
9	576
9	582
9	588
9	594
9	602
9	608
9	616
9	624
9	632
9	642
10	48
10	58
10	70
10	80
10	90
10	102
10	112
10	122
10	132
10	140
10	148
10	156
10	162
10	168
10	174
10	180
10	184
10	190
10	194
10	200
10	204
10	210
10	214
10	218
10	222
10	226
10	230
10	234
10	238
10	242
10	246
10	250
10	254
10	258
10	262
10	264
10	268
10	272
10	276
10	278
10	282
10	286
10	290
10	292
10	296
10	300
10	304
10	306
10	310
10	314
10	318
10	320
10	324
10	328
10	332
10	336
10	338
10	342
10	346
10	350
10	354
10	358
10	362
10	366
10	370
10	374
10	378
10	382
10	386
10	390
10	394
10	398
10	400
10	404
10	408
10	412
10	416
10	420
10	422
10	426
10	430
10	434
10	438
10	442
10	446
10	450
10	454
10	458
10	462
10	466
10	470
10	474
10	478
10	484
10	488
10	492
10	496
10	502
10	506
10	510
10	514
10	518
10	522
10	526
10	530
10	534
10	538
10	542
10	546
10	550
10	556
10	560
10	564
10	570
10	574
10	580
10	584
10	590
10	594
10	600
10	606
10	612
10	618
10	624
10	632
10	642
10	652
10	664
10	708
10	720
10	730
10	740
10	750
10	762
11	58
11	70
11	82
11	94
11	106
11	118
11	130
11	140
11	150
11	160
11	170
11	178
11	186
11	192
11	200
11	206
11	212
11	218
11	224
11	230
11	234
11	240
11	244
11	248
11	252
11	256
11	260
11	264
11	268
11	272
11	276
11	280
11	284
11	288
11	292
11	296
11	300
11	304
11	308
11	312
11	316
11	320
11	324
11	328
11	332
11	336
11	340
11	342
11	346
11	350
11	354
11	356
11	360
11	364
11	368
11	370
11	374
11	378
11	382
11	384
11	388
11	392
11	396
11	398
11	402
11	406
11	410
11	412
11	416
11	420
11	424
11	428
11	430
11	434
11	438
11	442
11	446
11	448
11	452
11	456
11	460
11	462
11	466
11	470
11	474
11	476
11	480
11	484
11	486
11	490
11	494
11	498
11	500
11	504
11	508
11	512
11	514
11	518
11	522
11	526
11	528
11	532
11	536
11	540
11	544
11	548
11	552
11	556
11	560
11	564
11	568
11	574
11	578
11	584
11	588
11	594
11	600
11	606
11	612
11	618
11	626
11	636
11	646
11	656
11	728
11	740
11	752
12	100
12	112
12	122
12	134
12	144
12	154
12	164
12	174
12	182
12	192
12	200
12	210
12	218
12	224
12	232
12	238
12	244
12	250
12	254
12	260
12	266
12	270
12	276
12	280
12	284
12	290
12	294
12	298
12	302
12	306
12	310
12	314
12	318
12	322
12	326
12	330
12	334
12	338
12	342
12	346
12	350
12	354
12	358
12	362
12	366
12	370
12	374
12	378
12	382
12	384
12	388
12	392
12	396
12	400
12	404
12	406
12	410
12	414
12	418
12	420
12	424
12	428
12	432
12	434
12	438
12	442
12	446
12	448
12	452
12	456
12	460
12	464
12	468
12	470
12	474
12	478
12	482
12	486
12	490
12	494
12	498
12	502
12	506
12	510
12	514
12	518
12	522
12	526
12	530
12	534
12	538
12	544
12	548
12	552
12	558
12	562
12	568
12	574
12	580
12	588
12	594
12	602
12	608
12	616
12	626
12	636
12	718
12	728
12	740
12	750
12	764
13	88
13	98
13	108
13	118
13	128
13	138
13	148
13	158
13	168
13	176
13	186
13	194
13	204
13	212
13	220
13	228
13	234
13	242
13	248
13	254
13	260
13	266
13	272
13	278
13	282
13	288
13	294
13	300
13	304
13	310
13	316
13	322
13	328
13	334
13	338
13	344
13	348
13	354
13	358
13	364
13	368
13	374
13	378
13	384
13	388
13	394
13	398
13	404
13	408
13	414
13	418
13	424
13	428
13	434
13	438
13	444
13	448
13	454
13	458
13	464
13	468
13	474
13	478
13	482
13	488
13	492
13	496
13	502
13	506
13	510
13	516
13	520
13	524
13	530
13	534
13	540
13	544
13	550
13	556
13	562
13	568
13	574
13	582
13	590
13	598
13	606
13	616
13	718
13	730
14	88
14	98
14	108
14	118
14	128
14	138
14	148
14	158
14	166
14	174
14	182
14	190
14	200
14	208
14	218
14	226
14	236
14	244
14	254
14	262
14	270
14	278
14	286
14	294
14	302
14	310
14	318
14	326
14	334
14	342
14	350
14	358
14	364
14	372
14	378
14	386
14	392
14	398
14	404
14	410
14	416
14	422
14	428
14	434
14	440
14	446
14	452
14	458
14	464
14	470
14	476
14	482
14	488
14	494
14	500
14	506
14	512
14	518
14	526
14	532
14	540
14	546
14	554
14	562
14	572
14	582
14	592
14	602
15	112
15	124
15	136
15	146
15	156
15	166
15	174
15	184
15	192
15	202
15	210
15	220
15	228
15	238
15	246
15	256
15	264
15	274
15	282
15	292
15	300
15	310
15	318
15	326
15	334
15	342
15	350
15	356
15	364
15	370
15	378
15	384
15	392
15	398
15	404
15	412
15	418
15	424
15	430
15	436
15	442
15	448
15	454
15	460
15	466
15	472
15	478
15	484
15	490
15	496
15	502
15	510
15	516
15	522
15	530
15	536
15	544
15	550
15	558
15	568
15	576
15	586
15	596
15	608
16	142
16	154
16	164
16	174
16	184
16	194
16	202
16	212
16	220
16	230
16	238
16	246
16	254
16	262
16	270
16	278
16	286
16	294
16	302
16	310
16	318
16	326
16	334
16	342
16	350
16	356
16	364
16	370
16	378
16	384
16	390
16	396
16	402
16	406
16	412
16	418
16	422
16	428
16	432
16	438
16	442
16	446
16	452
16	456
16	460
16	466
16	470
16	474
16	478
16	484
16	488
16	494
16	498
16	504
16	508
16	514
16	518
16	524
16	528
16	534
16	540
16	546
16	552
16	558
16	564
16	572
16	580
16	588
16	596
16	604
16	614
16	626
17	120
17	132
17	142
17	152
17	160
17	170
17	178
17	188
17	196
17	204
17	212
17	220
17	228
17	236
17	244
17	252
17	260
17	268
17	276
17	284
17	292
17	300
17	306
17	314
17	320
17	328
17	334
17	340
17	346
17	352
17	356
17	362
17	368
17	372
17	378
17	382
17	386
17	392
17	396
17	400
17	404
17	408
17	412
17	416
17	420
17	422
17	426
17	430
17	434
17	438
17	440
17	444
17	448
17	452
17	456
17	458
17	462
17	466
17	470
17	474
17	478
17	482
17	486
17	490
17	494
17	498
17	502
17	506
17	510
17	514
17	518
17	522
17	526
17	530
17	534
17	538
17	542
17	546
17	552
17	556
17	562
17	566
17	572
17	578
17	584
17	590
17	596
17	602
17	610
17	616
17	624
17	634
17	644
17	654
18	118
18	130
18	142
18	152
18	160
18	170
18	178
18	186
18	194
18	202
18	208
18	216
18	222
18	230
18	236
18	244
18	250
18	256
18	262
18	268
18	274
18	280
18	286
18	290
18	296
18	302
18	306
18	312
18	316
18	322
18	326
18	330
18	334
18	340
18	344
18	348
18	352
18	356
18	360
18	364
18	368
18	372
18	374
18	378
18	382
18	386
18	390
18	392
18	396
18	400
18	404
18	406
18	410
18	414
18	416
18	420
18	422
18	426
18	428
18	432
18	436
18	438
18	442
18	446
18	448
18	452
18	456
18	458
18	462
18	466
18	470
18	472
18	476
18	480
18	484
18	488
18	490
18	494
18	498
18	502
18	506
18	510
18	514
18	518
18	522
18	526
18	530
18	534
18	538
18	544
18	548
18	552
18	558
18	562
18	568
18	574
18	580
18	586
18	592
18	598
18	604
18	610
18	616
18	624
18	632
18	640
18	650
18	660
18	670
18	682
18	692
18	702
18	712
18	724
18	738
18	750
19	122
19	134
19	144
19	154
19	164
19	172
19	180
19	188
19	196
19	204
19	210
19	216
19	222
19	228
19	234
19	240
19	244
19	250
19	254
19	260
19	264
19	270
19	274
19	278
19	282
19	288
19	292
19	296
19	300
19	304
19	306
19	310
19	314
19	318
19	320
19	324
19	328
19	330
19	334
19	336
19	340
19	342
19	346
19	350
19	352
19	356
19	358
19	362
19	364
19	368
19	370
19	374
19	376
19	380
19	382
19	386
19	388
19	392
19	394
19	398
19	400
19	404
19	406
19	410
19	414
19	416
19	420
19	424
19	428
19	430
19	434
19	438
19	442
19	446
19	448
19	452
19	456
19	460
19	464
19	468
19	472
19	476
19	480
19	484
19	488
19	492
19	496
19	500
19	506
19	510
19	514
19	518
19	524
19	528
19	532
19	536
19	542
19	546
19	552
19	556
19	562
19	566
19	572
19	578
19	582
19	588
19	594
19	598
19	604
19	608
19	614
19	620
19	626
19	634
19	640
19	648
19	656
19	664
19	674
19	682
19	692
19	700
19	710
19	718
19	728
19	738
19	748
19	756
19	766
19	776
19	788
19	798
19	810
19	820
19	830
19	842
20	32
20	42
20	52
20	62
20	72
20	84
20	96
20	108
20	118
20	128
20	138
20	148
20	156
20	164
20	172
20	180
20	186
20	194
20	200
20	206
20	212
20	216
20	222
20	226
20	230
20	234
20	238
20	242
20	246
20	250
20	254
20	258
20	262
20	264
20	268
20	272
20	276
20	278
20	282
20	284
20	288
20	290
20	294
20	296
20	300
20	302
20	306
20	308
20	312
20	314
20	318
20	320
20	324
20	326
20	330
20	332
20	334
20	338
20	340
20	342
20	346
20	348
20	352
20	354
20	358
20	360
20	364
20	366
20	370
20	372
20	376
20	378
20	382
20	386
20	388
20	392
20	396
20	400
20	402
20	406
20	410
20	414
20	418
20	422
20	426
20	430
20	434
20	438
20	442
20	446
20	450
20	456
20	460
20	464
20	468
20	474
20	478
20	482
20	488
20	492
20	498
20	502
20	508
20	512
20	518
20	522
20	528
20	532
20	538
20	542
20	548
20	552
20	558
20	562
20	568
20	572
20	578
20	584
20	588
20	594
20	598
20	604
20	608
20	614
20	620
20	626
20	634
20	640
20	648
20	656
20	664
20	672
20	680
20	688
20	694
20	702
20	708
20	716
20	724
20	732
20	740
20	748
20	756
20	764
20	772
20	782
20	790
20	800
20	810
20	820
20	830
20	840
21	16
21	28
21	36
21	46
21	54
21	62
21	70
21	78
21	88
21	96
21	106
21	116
21	124
21	132
21	140
21	148
21	156
21	164
21	172
21	178
21	186
21	192
21	200
21	206
21	212
21	216
21	220
21	224
21	228
21	232
21	234
21	238
21	242
21	244
21	248
21	250
21	252
21	256
21	258
21	262
21	264
21	266
21	270
21	272
21	274
21	278
21	280
21	282
21	286
21	288
21	290
21	294
21	296
21	298
21	302
21	304
21	306
21	310
21	312
21	316
21	318
21	322
21	326
21	328
21	332
21	336
21	338
21	342
21	346
21	350
21	352
21	356
21	360
21	364
21	368
21	372
21	376
21	380
21	386
21	390
21	394
21	398
21	404
21	408
21	412
21	416
21	422
21	426
21	430
21	434
21	440
21	444
21	448
21	452
21	458
21	462
21	466
21	470
21	476
21	480
21	484
21	488
21	492
21	498
21	502
21	506
21	510
21	514
21	518
21	522
21	526
21	530
21	534
21	538
21	542
21	546
21	550
21	554
21	558
21	562
21	566
21	570
21	574
21	578
21	582
21	586
21	590
21	594
21	598
21	602
21	606
21	610
21	614
21	618
21	624
21	628
21	634
21	640
21	646
21	652
21	658
21	664
21	670
21	676
21	682
21	688
21	694
21	700
21	706
21	712
21	718
21	724
21	730
21	738
21	744
21	752
21	758
21	766
21	774
21	782
21	790
21	798
21	806
21	814
21	824
21	832
21	842
21	854
22	10
22	22
22	30
22	40
22	48
22	56
22	64
22	72
22	80
22	88
22	96
22	104
22	112
22	120
22	126
22	134
22	140
22	146
22	152
22	158
22	166
22	172
22	178
22	184
22	190
22	196
22	202
22	206
22	212
22	216
22	220
22	224
22	228
22	232
22	234
22	238
22	242
22	244
22	248
22	250
22	254
22	256
22	260
22	262
22	264
22	268
22	270
22	274
22	276
22	280
22	282
22	286
22	288
22	292
22	294
22	298
22	300
22	304
22	308
22	312
22	314
22	318
22	322
22	326
22	330
22	334
22	338
22	342
22	348
22	352
22	356
22	360
22	366
22	370
22	374
22	378
22	384
22	388
22	392
22	396
22	402
22	406
22	410
22	414
22	418
22	422
22	426
22	430
22	434
22	438
22	440
22	444
22	448
22	452
22	456
22	458
22	462
22	466
22	470
22	472
22	476
22	480
22	482
22	486
22	490
22	492
22	496
22	498
22	502
22	504
22	508
22	510
22	514
22	516
22	520
22	522
22	526
22	528
22	532
22	534
22	538
22	540
22	544
22	546
22	550
22	552
22	556
22	558
22	562
22	564
22	568
22	570
22	574
22	576
22	580
22	582
22	586
22	588
22	592
22	594
22	598
22	600
22	604
22	606
22	610
22	612
22	616
22	620
22	624
22	626
22	630
22	634
22	638
22	644
22	648
22	652
22	658
22	662
22	668
22	672
22	678
22	682
22	688
22	692
22	698
22	702
22	708
22	712
22	718
22	722
22	728
22	732
22	738
22	742
22	748
22	754
22	760
22	766
22	774
22	780
22	788
22	796
22	804
22	812
22	820
22	828
22	838
22	848
22	858
23	18
23	28
23	38
23	48
23	58
23	66
23	76
23	84
23	94
23	102
23	112
23	120
23	128
23	136
23	144
23	150
23	158
23	164
23	172
23	178
23	184
23	192
23	198
23	204
23	210
23	214
23	220
23	224
23	230
23	234
23	238
23	242
23	246
23	250
23	254
23	258
23	262
23	266
23	270
23	274
23	278
23	282
23	286
23	290
23	294
23	298
23	302
23	308
23	312
23	316
23	320
23	326
23	330
23	334
23	338
23	344
23	348
23	352
23	356
23	362
23	366
23	370
23	374
23	378
23	382
23	386
23	390
23	394
23	398
23	400
23	404
23	406
23	410
23	412
23	416
23	418
23	422
23	424
23	426
23	430
23	432
23	434
23	436
23	438
23	442
23	444
23	446
23	448
23	450
23	452
23	456
23	458
23	460
23	462
23	464
23	466
23	468
23	470
23	472
23	476
23	480
23	482
23	484
23	486
23	488
23	490
23	492
23	494
23	496
23	498
23	500
23	504
23	506
23	508
23	510
23	512
23	514
23	516
23	518
23	522
23	524
23	526
23	528
23	530
23	532
23	534
23	536
23	540
23	542
23	544
23	546
23	548
23	550
23	552
23	556
23	558
23	560
23	562
23	564
23	566
23	570
23	572
23	574
23	576
23	580
23	582
23	584
23	586
23	590
23	592
23	594
23	596
23	600
23	602
23	604
23	606
23	610
23	612
23	614
23	618
23	620
23	624
23	626
23	628
23	632
23	636
23	638
23	642
23	646
23	650
23	654
23	658
23	662
23	668
23	672
23	676
23	682
23	686
23	692
23	696
23	702
23	706
23	710
23	714
23	720
23	724
23	728
23	732
23	736
23	740
23	746
23	750
23	754
23	758
23	764
23	770
23	776
23	782
23	788
23	796
23	804
23	812
23	820
23	830
23	844
24	72
24	84
24	96
24	108
24	120
24	132
24	142
24	150
24	158
24	166
24	172
24	180
24	186
24	194
24	200
24	206
24	212
24	218
24	224
24	230
24	234
24	240
24	244
24	250
24	254
24	260
24	264
24	270
24	274
24	280
24	284
24	290
24	294
24	300
24	304
24	310
24	314
24	320
24	324
24	328
24	334
24	338
24	342
24	346
24	350
24	354
24	356
24	360
24	364
24	368
24	370
24	374
24	376
24	380
24	382
24	386
24	388
24	392
24	394
24	396
24	400
24	402
24	404
24	406
24	410
24	412
24	414
24	416
24	418
24	422
24	426
24	428
24	430
24	432
24	436
24	438
24	440
24	442
24	444
24	446
24	448
24	450
24	452
24	454
24	456
24	458
24	460
24	462
24	464
24	466
24	468
24	470
24	472
24	474
24	476
24	478
24	480
24	482
24	484
24	486
24	490
24	492
24	494
24	496
24	498
24	500
24	502
24	504
24	506
24	508
24	510
24	512
24	514
24	516
24	518
24	520
24	524
24	528
24	530
24	532
24	534
24	536
24	538
24	540
24	544
24	546
24	548
24	550
24	552
24	556
24	558
24	560
24	564
24	566
24	568
24	572
24	574
24	578
24	580
24	584
24	586
24	590
24	592
24	596
24	598
24	602
24	606
24	608
24	612
24	616
24	620
24	624
24	628
24	634
24	638
24	644
24	648
24	654
24	660
24	666
24	672
24	680
24	686
24	692
24	698
24	704
24	708
24	714
24	718
24	722
24	728
24	732
24	736
24	740
24	744
24	748
24	752
24	756
24	760
24	766
24	770
24	776
24	780
24	786
24	792
24	800
24	808
24	816
24	826
24	838
25	66
25	78
25	90
25	102
25	128
25	138
25	148
25	158
25	166
25	174
25	180
25	188
25	194
25	202
25	208
25	214
25	220
25	226
25	232
25	238
25	244
25	250
25	254
25	260
25	266
25	272
25	276
25	282
25	286
25	292
25	296
25	300
25	306
25	310
25	314
25	318
25	322
25	324
25	328
25	332
25	334
25	338
25	342
25	344
25	348
25	350
25	352
25	354
25	358
25	360
25	362
25	364
25	368
25	370
25	372
25	374
25	376
25	378
25	380
25	382
25	384
25	386
25	388
25	390
25	392
25	394
25	396
25	398
25	400
25	402
25	404
25	406
25	408
25	410
25	412
25	414
25	416
25	418
25	420
25	422
25	424
25	426
25	428
25	430
25	432
25	434
25	436
25	438
25	440
25	442
25	444
25	446
25	448
25	450
25	452
25	454
25	456
25	458
25	460
25	462
25	464
25	466
25	468
25	470
25	472
25	474
25	476
25	478
25	480
25	482
25	484
25	486
25	488
25	492
25	494
25	496
25	498
25	500
25	504
25	506
25	508
25	510
25	514
25	516
25	518
25	522
25	524
25	528
25	530
25	534
25	536
25	540
25	544
25	546
25	550
25	554
25	558
25	562
25	566
25	570
25	576
25	580
25	586
25	590
25	596
25	602
25	608
25	616
25	624
25	632
25	642
25	654
25	666
25	678
25	688
25	698
25	708
25	714
25	722
25	728
25	734
25	740
25	744
25	750
25	756
25	760
25	766
25	770
25	776
25	782
25	788
25	796
25	802
25	810
25	818
25	828
25	838
26	42
26	56
26	68
26	80
26	90
26	100
26	110
26	120
26	132
26	142
26	150
26	160
26	168
26	174
26	182
26	188
26	196
26	202
26	210
26	216
26	222
26	230
26	236
26	242
26	248
26	252
26	258
26	264
26	268
26	274
26	278
26	282
26	286
26	290
26	294
26	298
26	302
26	304
26	308
26	312
26	314
26	316
26	320
26	322
26	324
26	326
26	328
26	332
26	336
26	338
26	340
26	342
26	344
26	346
26	348
26	350
26	352
26	354
26	356
26	358
26	360
26	362
26	364
26	366
26	368
26	370
26	372
26	374
26	376
26	378
26	380
26	382
26	384
26	386
26	388
26	390
26	392
26	394
26	396
26	398
26	400
26	402
26	404
26	406
26	408
26	410
26	412
26	414
26	416
26	418
26	420
26	422
26	424
26	426
26	428
26	430
26	432
26	434
26	436
26	440
26	442
26	444
26	446
26	450
26	452
26	456
26	458
26	460
26	464
26	466
26	470
26	472
26	476
26	478
26	482
26	486
26	490
26	492
26	496
26	500
26	504
26	508
26	512
26	518
26	522
26	526
26	532
26	536
26	542
26	548
26	554
26	562
26	568
26	576
26	584
26	594
26	604
26	614
26	716
26	726
26	736
26	744
26	752
26	760
26	766
26	772
26	778
26	784
26	790
26	796
26	802
26	808
26	814
26	822
26	830
26	838
26	846
26	858
27	58
27	70
27	80
27	90
27	100
27	110
27	120
27	132
27	142
27	150
27	160
27	168
27	176
27	184
27	192
27	198
27	206
27	212
27	218
27	224
27	230
27	236
27	242
27	246
27	252
27	256
27	260
27	264
27	268
27	272
27	276
27	278
27	282
27	284
27	288
27	292
27	294
27	296
27	300
27	302
27	304
27	306
27	310
27	312
27	314
27	316
27	318
27	320
27	322
27	324
27	326
27	328
27	330
27	332
27	334
27	336
27	338
27	340
27	342
27	344
27	346
27	348
27	350
27	352
27	354
27	356
27	358
27	362
27	364
27	368
27	372
27	374
27	376
27	378
27	380
27	382
27	384
27	386
27	388
27	390
27	392
27	394
27	398
27	400
27	402
27	404
27	406
27	408
27	412
27	414
27	416
27	418
27	420
27	424
27	426
27	428
27	430
27	434
27	436
27	440
27	442
27	446
27	448
27	452
27	456
27	458
27	462
27	466
27	470
27	474
27	478
27	484
27	488
27	492
27	498
27	504
27	510
27	516
27	522
27	530
27	538
27	546
27	556
27	568
27	748
27	758
27	766
27	774
27	780
27	786
27	792
27	798
27	804
27	808
27	814
27	820
27	826
27	834
27	840
27	848
27	858
28	52
28	64
28	76
28	86
28	96
28	106
28	118
28	128
28	138
28	148
28	156
28	162
28	170
28	176
28	184
28	190
28	196
28	202
28	208
28	212
28	218
28	222
28	228
28	232
28	236
28	242
28	244
28	250
28	252
28	256
28	260
28	264
28	266
28	270
28	272
28	276
28	278
28	282
28	284
28	286
28	288
28	292
28	296
28	298
28	300
28	302
28	304
28	306
28	308
28	310
28	312
28	314
28	316
28	318
28	320
28	322
28	324
28	326
28	328
28	330
28	332
28	334
28	336
28	338
28	340
28	342
28	346
28	348
28	350
28	352
28	354
28	358
28	360
28	362
28	366
28	368
28	370
28	374
28	376
28	378
28	382
28	386
28	388
28	392
28	396
28	400
28	404
28	408
28	412
28	416
28	420
28	424
28	428
28	434
28	438
28	442
28	448
28	452
28	458
28	462
28	468
28	474
28	480
28	486
28	494
28	500
28	508
28	516
28	526
28	534
28	544
28	556
28	780
28	790
28	798
28	806
28	814
28	822
28	830
28	838
28	846
28	856
29	50
29	60
29	70
29	80
29	90
29	100
29	110
29	120
29	130
29	140
29	148
29	156
29	162
29	168
29	174
29	180
29	186
29	192
29	198
29	202
29	208
29	212
29	216
29	222
29	224
29	230
29	232
29	236
29	240
29	244
29	246
29	250
29	252
29	256
29	258
29	262
29	266
29	268
29	270
29	272
29	276
29	278
29	280
29	282
29	284
29	286
29	288
29	290
29	292
29	296
29	298
29	300
29	302
29	304
29	306
29	308
29	310
29	314
29	316
29	318
29	320
29	322
29	326
29	328
29	330
29	332
29	336
29	338
29	340
29	344
29	346
29	348
29	352
29	354
29	358
29	360
29	364
29	366
29	370
29	374
29	378
29	382
29	386
29	390
29	394
29	398
29	402
29	408
29	412
29	418
29	424
29	430
29	436
29	444
29	452
29	460
29	468
29	478
29	486
29	496
29	508
29	812
29	824
29	836
29	848
30	38
30	50
30	60
30	70
30	78
30	88
30	96
30	106
30	114
30	124
30	132
30	142
30	150
30	158
30	166
30	172
30	178
30	184
30	190
30	196
30	200
30	204
30	210
30	212
30	216
30	220
30	224
30	226
30	230
30	232
30	236
30	238
30	242
30	244
30	246
30	250
30	252
30	254
30	256
30	260
30	262
30	264
30	266
30	268
30	270
30	272
30	276
30	278
30	280
30	282
30	284
30	286
30	288
30	290
30	292
30	294
30	298
30	300
30	302
30	304
30	306
30	308
30	312
30	314
30	316
30	318
30	322
30	324
30	326
30	330
30	332
30	336
30	338
30	342
30	346
30	348
30	352
30	356
30	360
30	364
30	368
30	372
30	378
30	382
30	386
30	392
30	396
30	402
30	408
30	414
30	420
30	426
30	434
30	442
30	450
30	458
30	468
31	30
31	42
31	52
31	60
31	70
31	78
31	88
31	96
31	106
31	114
31	122
31	130
31	138
31	146
31	154
31	162
31	168
31	174
31	180
31	186
31	190
31	196
31	200
31	204
31	208
31	212
31	214
31	218
31	220
31	222
31	224
31	228
31	230
31	232
31	234
31	236
31	238
31	240
31	242
31	244
31	246
31	248
31	250
31	252
31	254
31	256
31	258
31	260
31	262
31	264
31	266
31	268
31	270
31	272
31	274
31	276
31	278
31	280
31	282
31	284
31	286
31	288
31	292
31	294
31	296
31	298
31	302
31	304
31	306
31	310
31	312
31	316
31	318
31	322
31	326
31	328
31	332
31	336
31	340
31	344
31	348
31	354
31	358
31	362
31	368
31	374
31	380
31	386
31	394
31	400
31	408
31	416
31	424
31	434
31	442
31	452
31	464
32	28
32	38
32	48
32	56
32	66
32	74
32	84
32	92
32	100
32	108
32	116
32	124
32	132
32	138
32	146
32	152
32	160
32	166
32	172
32	178
32	184
32	190
32	194
32	198
32	202
32	206
32	210
32	212
32	216
32	220
32	222
32	224
32	226
32	230
32	232
32	234
32	236
32	238
32	240
32	242
32	244
32	248
32	252
32	254
32	256
32	258
32	260
32	262
32	264
32	266
32	268
32	270
32	272
32	276
32	278
32	280
32	282
32	284
32	288
32	290
32	292
32	296
32	298
32	300
32	304
32	306
32	310
32	314
32	318
32	320
32	326
32	328
32	334
32	338
32	342
32	348
32	352
32	358
32	364
32	370
32	378
32	386
32	394
32	402
32	412
32	424
33	22
33	32
33	40
33	48
33	56
33	62
33	68
33	76
33	82
33	88
33	96
33	102
33	110
33	116
33	124
33	130
33	138
33	144
33	152
33	158
33	166
33	172
33	180
33	188
33	194
33	200
33	206
33	212
33	216
33	220
33	224
33	228
33	232
33	236
33	240
33	244
33	248
33	252
33	256
33	260
33	266
33	270
33	274
33	278
33	284
33	288
33	294
33	298
33	304
33	310
33	316
33	322
33	330
33	336
33	344
33	350
33	358
33	366
33	374
33	384
33	394
33	404
33	416
34	26
34	36
34	42
34	50
34	56
34	62
34	68
34	74
34	80
34	86
34	92
34	98
34	104
34	112
34	118
34	124
34	130
34	136
34	142
34	148
34	154
34	160
34	166
34	174
34	180
34	188
34	194
34	202
34	208
34	212
34	218
34	222
34	228
34	232
34	236
34	240
34	246
34	250
34	254
34	258
34	264
34	268
34	274
34	278
34	284
34	288
34	294
34	300
34	306
34	312
34	318
34	324
34	332
34	340
34	348
34	356
34	366
34	376
34	388
34	400
35	48
35	58
35	66
35	76
35	84
35	94
35	102
35	112
35	122
35	130
35	140
35	148
35	158
35	168
35	178
35	188
35	198
35	206
35	214
35	222
35	230
35	236
35	244
35	250
35	256
35	262
35	268
35	274
35	282
35	288
35	296
35	302
35	310
35	318
35	326
35	334
35	342
35	352
35	362
35	372
35	382
35	394
36	200
36	210
36	220
36	230
36	238
36	244
36	252
36	258
36	264
36	270
36	276
36	282
36	288
36	294
36	300
36	308
36	314
36	322
36	330
36	338
36	348
36	356
36	366
36	374
36	384
36	394
36	406
36	418
37	188
37	198
37	208
37	218
37	228
37	236
37	244
37	252
37	260
37	268
37	274
37	282
37	288
37	296
37	304
37	312
37	320
37	328
37	336
37	344
37	352
37	362
37	370
37	380
37	390
37	402
37	414
38	188
38	200
38	212
38	222
38	232
38	240
38	250
38	258
38	268
38	278
38	286
38	296
38	306
38	316
38	326
38	336
38	346
38	356
38	368
38	380
39	208
39	218
39	228
39	238
39	246
39	254
39	264
39	272
39	280
39	288
39	296
39	304
39	312
39	320
39	328
39	338
39	348
39	358
39	370
40	210
40	220
40	232
40	242
40	250
40	260
40	268
40	278
40	286
40	294
40	302
40	310
40	318
40	326
40	334
40	342
40	350
40	360
40	370
40	380
40	390
40	406
41	208
41	220
41	230
41	240
41	250
41	258
41	264
41	272
41	278
41	286
41	294
41	302
41	312
41	320
41	330
41	342
41	352
41	364
41	374
41	386
41	396
41	410
42	236
42	246
42	256
42	264
42	270
42	278
42	284
42	292
42	300
42	308
42	316
42	326
42	336
42	346
42	356
43	256
43	268
43	280
43	290
43	302
44	46
44	58
44	68
44	80
44	228
44	240
44	250
44	262
44	274
44	284
44	296
44	306
44	318
45	228
45	238
45	250
45	262
45	274
45	284
45	296
45	306
45	316
45	326
45	336
45	346
45	356
46	308
46	320
46	332
46	344
46	354
46	366
47	62
47	74
47	86
47	278
48	50
48	60
48	70
48	82
48	94
48	256
48	268
48	278
48	288
48	298
48	308
48	318
48	330
49	270
49	282
49	294
49	308
49	322
51	300
51	314
52	322
52	334
54	268
54	282
55	252
55	264
55	274
55	284
55	296
55	306
55	318
58	288
58	300
58	314
59	256
59	268
59	278
59	286
59	296
59	304
59	312
59	322
59	330
59	340
59	348
59	358
59	368
59	380
60	262
60	272
60	282
60	292
60	300
60	308
60	316
60	322
60	330
60	336
60	344
60	350
60	358
60	366
60	374
60	382
60	392
60	400
60	410
60	420
60	432
60	444
61	288
61	300
61	312
61	322
61	332
61	342
61	352
61	360
61	370
61	378
61	386
61	394
61	404
61	412
61	422
61	430
61	440
61	448
61	458
61	468
61	478
61	490
62	236
62	248
62	258
62	266
62	274
62	282
62	290
62	298
62	306
62	314
62	322
62	330
62	338
62	348
62	356
62	366
62	374
62	384
62	394
62	402
62	412
62	420
62	430
62	438
62	448
62	456
62	466
62	474
62	484
62	492
62	502
62	512
62	522
62	536
63	32
63	42
63	54
63	64
63	76
63	210
63	220
63	228
63	236
63	244
63	250
63	256
63	262
63	268
63	272
63	278
63	282
63	288
63	292
63	296
63	302
63	306
63	310
63	314
63	320
63	324
63	330
63	334
63	340
63	344
63	350
63	356
63	362
63	368
63	374
63	380
63	388
63	396
63	404
63	412
63	422
63	432
63	442
63	454
63	466
63	478
63	490
63	502
63	514
64	28
64	38
64	46
64	54
64	62
64	70
64	78
64	88
64	96
64	106
64	118
64	188
64	198
64	208
64	214
64	222
64	228
64	234
64	240
64	244
64	250
64	254
64	258
64	264
64	268
64	272
64	276
64	280
64	282
64	286
64	290
64	292
64	296
64	300
64	302
64	306
64	308
64	312
64	314
64	318
64	320
64	324
64	326
64	330
64	332
64	336
64	338
64	342
64	344
64	348
64	350
64	354
64	358
64	360
64	364
64	368
64	372
64	376
64	378
64	384
64	386
64	392
64	396
64	400
64	406
64	410
64	416
64	422
64	428
64	436
64	444
64	452
64	460
64	472
65	46
65	58
65	68
65	76
65	86
65	94
65	104
65	112
65	122
65	132
65	142
65	152
65	164
65	174
65	184
65	192
65	200
65	208
65	216
65	222
65	230
65	236
65	242
65	248
65	254
65	260
65	266
65	272
65	278
65	282
65	288
65	292
65	296
65	302
65	304
65	310
65	312
65	316
65	320
65	324
65	328
65	330
65	334
65	338
65	340
65	344
65	346
65	350
65	352
65	356
65	358
65	362
65	364
65	368
65	370
65	374
65	376
65	380
65	382
65	386
65	388
65	392
65	396
65	400
65	402
65	406
65	410
65	414
65	418
65	422
65	426
65	430
65	434
65	438
65	444
65	448
65	454
65	460
65	466
65	474
65	482
65	490
65	500
66	160
66	172
66	184
66	194
66	204
66	214
66	222
66	232
66	240
66	248
66	256
66	264
66	272
66	280
66	288
66	298
66	306
66	316
66	324
66	332
66	340
66	348
66	356
66	364
66	370
66	378
66	384
66	390
66	396
66	402
66	408
66	414
66	420
66	426
66	432
66	438
66	444
66	450
66	456
66	462
66	468
66	476
66	482
66	490
66	498
66	506
66	516
66	528
66	540
67	2
67	12
67	20
67	30
67	38
67	48
67	56
67	66
67	76
67	88
67	198
67	208
67	218
67	224
67	232
67	238
67	244
67	250
67	254
67	260
67	264
67	270
67	274
67	280
67	284
67	290
67	296
67	300
67	306
67	312
67	318
67	324
67	330
67	336
67	344
67	350
67	358
67	364
67	372
67	380
67	388
67	396
67	404
67	412
67	422
67	430
67	440
67	450
67	460
67	470
67	480
67	490
67	500
67	510
67	522
67	532
67	544
67	554
67	566
68	2
68	8
68	14
68	20
68	26
68	32
68	36
68	42
68	46
68	52
68	56
68	62
68	68
68	74
68	80
68	86
68	92
68	100
68	108
68	116
68	126
68	138
68	178
68	190
68	198
68	206
68	212
68	218
68	222
68	226
68	232
68	234
68	238
68	242
68	246
68	250
68	252
68	256
68	258
68	262
68	264
68	268
68	270
68	274
68	276
68	280
68	282
68	284
68	288
68	290
68	294
68	296
68	300
68	302
68	306
68	308
68	312
68	314
68	318
68	320
68	324
68	326
68	330
68	334
68	336
68	340
68	344
68	346
68	350
68	354
68	358
68	360
68	364
68	368
68	372
68	376
68	380
68	384
68	388
68	392
68	398
68	402
68	406
68	410
68	416
68	420
68	426
68	430
68	436
68	442
68	448
68	454
68	460
68	466
68	474
68	480
68	488
68	496
68	504
68	512
68	522
68	532
68	542
68	552
68	562
68	572
68	582
68	592
68	602
68	612
68	624
69	2
69	10
69	16
69	22
69	26
69	32
69	36
69	40
69	44
69	48
69	52
69	56
69	60
69	64
69	68
69	72
69	76
69	80
69	84
69	88
69	94
69	98
69	102
69	108
69	112
69	118
69	124
69	130
69	138
69	144
69	152
69	160
69	168
69	176
69	184
69	190
69	196
69	202
69	206
69	212
69	214
69	218
69	222
69	224
69	228
69	232
69	234
69	236
69	240
69	242
69	244
69	246
69	248
69	250
69	252
69	254
69	256
69	258
69	260
69	262
69	264
69	266
69	268
69	270
69	272
69	274
69	276
69	278
69	280
69	282
69	284
69	286
69	288
69	290
69	292
69	294
69	296
69	298
69	300
69	302
69	304
69	306
69	308
69	310
69	312
69	314
69	316
69	318
69	320
69	322
69	324
69	326
69	328
69	330
69	332
69	334
69	336
69	338
69	340
69	342
69	344
69	346
69	348
69	350
69	352
69	354
69	356
69	358
69	360
69	362
69	364
69	366
69	368
69	370
69	372
69	374
69	376
69	378
69	380
69	382
69	384
69	386
69	388
69	390
69	392
69	394
69	396
69	398
69	402
69	404
69	406
69	408
69	410
69	414
69	416
69	418
69	420
69	424
69	426
69	428
69	430
69	434
69	436
69	440
69	442
69	446
69	448
69	452
69	454
69	458
69	460
69	464
69	468
69	470
69	474
69	478
69	482
69	486
69	488
69	494
69	496
69	502
69	506
69	510
69	514
69	518
69	524
69	528
69	534
69	540
69	546
69	554
69	560
69	568
69	576
69	584
69	592
69	600
69	610
69	618
69	628
69	636
69	646
69	656
69	666
70	20
70	30
70	40
70	48
70	54
70	62
70	68
70	74
70	80
70	84
70	90
70	96
70	102
70	108
70	114
70	120
70	126
70	132
70	140
70	146
70	154
70	160
70	168
70	174
70	182
70	188
70	194
70	200
70	206
70	210
70	214
70	220
70	222
70	226
70	230
70	232
70	236
70	240
70	242
70	244
70	248
70	250
70	252
70	256
70	258
70	260
70	262
70	264
70	268
70	270
70	272
70	274
70	276
70	278
70	280
70	282
70	284
70	286
70	288
70	290
70	292
70	294
70	296
70	298
70	300
70	302
70	304
70	306
70	308
70	310
70	312
70	314
70	316
70	318
70	320
70	322
70	324
70	326
70	328
70	330
70	332
70	334
70	336
70	338
70	340
70	342
70	344
70	346
70	348
70	350
70	352
70	354
70	356
70	358
70	360
70	362
70	364
70	366
70	368
70	370
70	372
70	374
70	376
70	378
70	380
70	382
70	384
70	386
70	388
70	390
70	392
70	394
70	396
70	398
70	400
70	402
70	404
70	406
70	408
70	410
70	412
70	414
70	416
70	418
70	420
70	422
70	424
70	426
70	428
70	430
70	432
70	434
70	436
70	438
70	440
70	442
70	444
70	446
70	448
70	450
70	452
70	454
70	456
70	458
70	460
70	464
70	466
70	468
70	470
70	472
70	474
70	476
70	478
70	480
70	482
70	484
70	486
70	488
70	490
70	494
70	498
70	500
70	502
70	504
70	506
70	508
70	512
70	514
70	516
70	518
70	522
70	524
70	526
70	530
70	532
70	536
70	538
70	542
70	544
70	548
70	552
70	554
70	558
70	562
70	566
70	570
70	576
70	580
70	586
70	590
70	596
70	602
70	610
70	616
70	624
70	630
70	638
70	646
70	654
70	664
70	672
70	682
70	694
71	196
71	208
71	218
71	228
71	238
71	246
71	256
71	264
71	272
71	280
71	286
71	294
71	300
71	306
71	312
71	318
71	324
71	328
71	334
71	338
71	342
71	346
71	350
71	354
71	358
71	362
71	366
71	368
71	372
71	374
71	378
71	380
71	384
71	386
71	390
71	392
71	394
71	398
71	400
71	402
71	404
71	408
71	410
71	412
71	414
71	416
71	418
71	422
71	426
71	428
71	430
71	432
71	434
71	436
71	438
71	440
71	442
71	444
71	446
71	448
71	450
71	452
71	454
71	456
71	458
71	460
71	462
71	464
71	466
71	468
71	470
71	472
71	476
71	478
71	480
71	482
71	484
71	486
71	488
71	490
71	492
71	494
71	496
71	498
71	500
71	502
71	504
71	506
71	508
71	510
71	512
71	514
71	516
71	518
71	520
71	522
71	524
71	526
71	528
71	530
71	532
71	534
71	536
71	538
71	540
71	542
71	544
71	546
71	548
71	550
71	554
71	556
71	558
71	560
71	564
71	566
71	568
71	572
71	574
71	578
71	580
71	584
71	586
71	590
71	594
71	596
71	600
71	604
71	608
71	612
71	618
71	622
71	626
71	632
71	638
71	644
71	650
71	656
71	664
71	670
71	678
71	686
71	694
71	706
72	2
72	10
72	20
72	28
72	36
72	46
72	54
72	64
72	74
72	86
72	98
72	230
72	244
72	420
72	432
72	440
72	450
72	458
72	464
72	470
72	476
72	482
72	488
72	492
72	498
72	502
72	506
72	512
72	516
72	520
72	524
72	528
72	532
72	534
72	538
72	542
72	546
72	548
72	552
72	556
72	558
72	562
72	566
72	568
72	572
72	574
72	578
72	582
72	584
72	588
72	592
72	594
72	598
72	602
72	604
72	608
72	612
72	614
72	618
72	622
72	626
72	630
72	636
72	640
72	644
72	650
72	654
72	660
72	666
72	670
72	676
72	682
72	688
72	696
72	704
72	712
72	726
73	2
73	4
73	10
73	14
73	20
73	24
73	30
73	34
73	40
73	44
73	50
73	54
73	60
73	64
73	70
73	76
73	80
73	86
73	92
73	98
73	106
73	112
73	120
73	126
73	134
73	142
73	152
73	160
73	170
73	178
73	186
73	194
73	202
73	210
73	216
73	224
73	230
73	236
73	242
73	248
73	254
73	260
73	266
73	272
73	278
73	286
73	292
73	300
73	306
73	314
73	322
73	330
73	338
73	348
73	358
73	368
73	558
73	568
73	576
73	584
73	590
73	596
73	602
73	608
73	614
73	620
73	626
73	630
73	636
73	642
73	648
73	654
73	662
73	668
73	676
73	682
73	690
73	700
73	710
74	2
74	8
74	12
74	16
74	20
74	22
74	26
74	30
74	32
74	36
74	40
74	42
74	46
74	48
74	52
74	54
74	58
74	60
74	64
74	66
74	70
74	72
74	76
74	78
74	82
74	86
74	88
74	92
74	96
74	100
74	102
74	106
74	110
74	114
74	118
74	122
74	126
74	130
74	134
74	138
74	142
74	146
74	152
74	156
74	160
74	166
74	170
74	174
74	180
74	184
74	188
74	192
74	196
74	202
74	204
74	210
74	212
74	216
74	220
74	224
74	228
74	230
74	234
74	238
74	242
74	244
74	248
74	252
74	254
74	258
74	262
74	264
74	268
74	272
74	274
74	278
74	282
74	284
74	288
74	292
74	294
74	298
74	302
74	306
74	308
74	312
74	316
74	320
74	324
74	328
74	332
74	336
74	340
74	346
74	350
74	354
74	358
74	364
74	368
74	374
74	378
74	384
74	390
74	396
74	402
74	408
74	414
74	420
74	428
74	434
74	442
74	450
74	458
74	466
74	476
74	486
74	496
74	506
74	660
74	672
74	682
74	692
74	702
74	712
75	2
75	8
75	14
75	20
75	24
75	30
75	34
75	38
75	42
75	46
75	50
75	52
75	56
75	60
75	64
75	68
75	70
75	74
75	78
75	82
75	84
75	88
75	92
75	94
75	98
75	102
75	104
75	108
75	112
75	114
75	118
75	122
75	124
75	128
75	132
75	136
75	138
75	142
75	146
75	150
75	152
75	156
75	160
75	164
75	168
75	170
75	174
75	178
75	182
75	186
75	188
75	192
75	196
75	200
75	202
75	206
75	210
75	212
75	216
75	218
75	222
75	224
75	228
75	230
75	234
75	236
75	240
75	242
75	246
75	248
75	252
75	254
75	258
75	260
75	264
75	266
75	270
75	272
75	276
75	278
75	282
75	284
75	288
75	290
75	294
75	296
75	300
75	302
75	306
75	308
75	312
75	316
75	318
75	322
75	326
75	330
75	332
75	336
75	340
75	344
75	348
75	350
75	356
75	358
75	364
75	366
75	372
75	376
75	380
75	384
75	388
75	394
75	398
75	402
75	406
75	412
75	416
75	422
75	426
75	432
75	436
75	442
75	446
75	452
75	458
75	462
75	468
75	474
75	480
75	486
75	492
75	498
75	506
75	512
75	520
75	526
75	534
75	542
75	552
75	562
75	574
75	672
75	682
75	692
75	702
75	712
75	724
76	62
76	72
76	84
76	94
76	102
76	112
76	120
76	128
76	136
76	144
76	152
76	160
76	168
76	174
76	182
76	188
76	196
76	202
76	210
76	216
76	224
76	230
76	238
76	244
76	252
76	258
76	266
76	274
76	282
76	290
76	298
76	306
76	316
76	324
76	334
76	342
76	352
76	360
76	370
76	380
76	390
76	400
76	410
76	418
76	428
76	436
76	446
76	454
76	464
76	472
76	482
76	490
76	500
76	508
76	518
76	528
76	538
76	550
76	560
76	575
-1	-1
