-1	-1
0	177
0	187
0	195
0	202
0	209
0	215
0	221
0	226
0	231
0	236
0	241
0	246
0	251
0	256
0	261
0	266
0	272
0	278
0	285
0	292
0	300
0	309
0	319
1	189
1	200
1	209
1	217
1	225
1	232
1	239
1	246
1	253
1	260
1	268
1	276
1	285
1	295
1	307
2	192
2	203
2	212
2	221
2	229
2	237
2	245
2	253
2	261
2	270
2	279
2	289
3	191
3	202
3	211
3	220
3	228
3	236
3	244
3	252
3	260
3	268
3	277
3	287
3	298
4	188
4	198
4	207
4	215
4	223
4	230
4	237
4	244
4	251
4	258
4	265
4	273
4	281
4	290
4	300
4	311
5	182
5	192
5	201
5	209
5	216
5	223
5	229
5	235
5	241
5	247
5	253
5	259
5	265
5	272
5	279
5	286
5	294
5	302
5	311
5	320
5	330
5	341
5	353
6	178
6	188
6	196
6	203
6	209
6	215
6	220
6	225
6	230
6	235
6	240
6	245
6	250
6	255
6	260
6	265
6	270
6	275
6	281
6	287
6	293
6	299
6	306
6	313
6	320
6	328
6	336
6	344
6	353
6	362
6	372
6	382
6	393
7	170
7	180
7	188
7	195
7	201
7	206
7	211
7	216
7	221
7	225
7	230
7	233
7	238
7	241
7	246
7	249
7	254
7	257
7	262
7	266
7	270
7	275
7	279
7	284
7	289
7	294
7	299
7	305
7	311
7	317
7	323
7	330
7	337
7	344
7	351
7	358
7	365
7	373
7	381
7	389
7	398
7	408
7	419
7	434
8	167
8	176
8	183
8	189
8	194
8	200
8	204
8	209
8	213
8	217
8	221
8	224
8	228
8	231
8	235
8	238
8	241
8	245
8	248
8	251
8	255
8	258
8	262
8	265
8	269
8	273
8	277
8	281
8	285
8	289
8	294
8	298
8	303
8	308
8	314
8	320
8	326
8	333
8	340
8	347
8	354
8	361
8	368
8	376
8	384
8	392
8	401
8	410
8	419
8	429
8	439
8	450
8	461
8	474
9	167
9	175
9	182
9	187
9	192
9	196
9	201
9	204
9	208
9	211
9	214
9	218
9	221
9	224
9	227
9	230
9	233
9	236
9	239
9	242
9	245
9	248
9	251
9	254
9	257
9	260
9	264
9	267
9	270
9	274
9	277
9	281
9	285
9	289
9	294
9	298
9	303
9	308
9	314
9	319
9	325
9	331
9	338
9	345
9	352
9	359
9	367
9	375
9	383
9	391
9	400
9	409
9	418
9	427
9	437
9	447
9	457
9	467
9	478
10	170
10	179
10	186
10	192
10	197
10	202
10	205
10	210
10	213
10	217
10	221
10	224
10	228
10	231
10	235
10	238
10	242
10	245
10	248
10	252
10	255
10	259
10	262
10	266
10	270
10	274
10	278
10	283
10	287
10	292
10	297
10	303
10	309
10	315
10	322
10	329
10	337
10	345
10	353
10	361
10	369
10	378
10	387
10	396
10	405
10	414
10	423
10	432
10	441
10	450
10	459
10	468
10	478
10	490
11	167
11	175
11	182
11	187
11	192
11	196
11	201
11	204
11	209
11	212
11	216
11	220
11	223
11	227
11	231
11	234
11	238
11	241
11	245
11	248
11	252
11	256
11	259
11	264
11	267
11	272
11	276
11	281
11	286
11	291
11	297
11	303
11	310
11	317
11	325
11	334
11	343
11	353
11	363
11	373
11	384
11	395
11	406
11	417
11	428
11	439
11	449
11	459
11	470
11	483
12	169
12	178
12	185
12	191
12	197
12	202
12	207
12	212
12	217
12	221
12	226
12	230
12	235
12	239
12	244
12	248
12	253
12	257
12	262
12	267
12	272
12	277
12	283
12	289
12	296
12	303
12	311
12	320
12	330
12	341
13	170
13	180
13	188
13	194
13	200
13	206
13	211
13	217
13	222
13	227
13	232
13	237
13	242
13	247
13	252
13	257
13	262
13	267
13	273
13	279
13	285
13	291
13	298
13	305
13	313
13	322
13	331
13	342
13	355
14	168
14	178
14	186
14	193
14	200
14	206
14	212
14	217
14	222
14	227
14	232
14	237
14	242
14	247
14	252
14	257
14	262
14	267
14	272
14	277
14	282
14	288
14	294
14	300
14	306
14	313
14	320
14	327
14	335
14	344
14	354
14	365
14	377
15	167
15	176
15	183
15	190
15	195
15	201
15	206
15	211
15	216
15	221
15	225
15	230
15	234
15	238
15	242
15	246
15	250
15	254
15	258
15	262
15	266
15	270
15	274
15	278
15	282
15	286
15	290
15	294
15	298
15	303
15	307
15	312
15	317
15	322
15	327
15	333
15	339
15	345
15	352
15	359
15	366
15	374
15	382
15	391
15	401
15	411
15	423
16	167
16	175
16	182
16	188
16	193
16	198
16	203
16	207
16	212
16	216
16	220
16	224
16	228
16	231
16	235
16	238
16	242
16	245
16	249
16	252
16	255
16	259
16	262
16	265
16	269
16	272
16	275
16	279
16	282
16	285
16	289
16	292
16	295
16	299
16	302
16	306
16	309
16	313
16	317
16	320
16	325
16	328
16	333
16	337
16	342
16	346
16	351
16	356
16	361
16	366
16	372
16	377
16	383
16	389
16	395
16	401
16	408
16	415
16	422
16	430
16	438
16	447
16	457
16	468
17	168
17	177
17	184
17	191
17	196
17	202
17	206
17	211
17	215
17	220
17	224
17	228
17	232
17	236
17	240
17	244
17	248
17	251
17	255
17	259
17	262
17	266
17	270
17	273
17	277
17	281
17	284
17	288
17	292
17	295
17	299
17	302
17	306
17	309
17	313
17	317
17	320
17	324
17	328
17	332
17	336
17	340
17	344
17	348
17	352
17	356
17	361
17	365
17	370
17	374
17	379
17	383
17	388
17	392
17	397
17	401
17	406
17	411
17	416
17	421
17	426
17	431
17	437
17	442
17	448
17	454
17	460
17	467
17	474
17	482
17	491
17	501
18	169
18	179
18	187
18	194
18	201
18	207
18	213
18	218
18	223
18	228
18	233
18	238
18	243
18	248
18	253
18	258
18	263
18	268
18	273
18	278
18	283
18	288
18	292
18	297
18	301
18	306
18	310
18	314
18	319
18	323
18	327
18	332
18	336
18	340
18	344
18	348
18	352
18	356
18	360
18	364
18	368
18	372
18	376
18	380
18	384
18	387
18	391
18	395
18	398
18	402
18	405
18	409
18	412
18	416
18	419
18	423
18	427
18	430
18	434
18	438
18	442
18	446
18	450
18	454
18	458
18	463
18	467
18	472
18	477
18	483
18	489
18	496
18	504
18	513
18	524
19	171
19	181
19	190
19	197
19	204
19	210
19	216
19	222
19	228
19	234
19	240
19	246
19	252
19	258
19	264
19	270
19	276
19	282
19	288
19	294
19	300
19	306
19	312
19	318
19	324
19	330
19	336
19	342
19	348
19	353
19	358
19	363
19	368
19	372
19	376
19	380
19	384
19	388
19	392
19	395
19	399
19	402
19	406
19	409
19	413
19	416
19	420
19	423
19	427
19	430
19	434
19	437
19	441
19	444
19	448
19	452
19	456
19	459
19	464
19	468
19	473
19	477
19	482
19	487
19	493
19	499
19	506
19	515
19	525
20	176
20	186
20	195
20	203
20	211
20	218
20	225
20	232
20	239
20	246
20	253
20	260
20	268
20	276
20	284
20	292
20	300
20	308
20	316
20	324
20	332
20	340
20	348
20	355
20	362
20	368
20	374
20	380
20	385
20	390
20	395
20	400
20	404
20	409
20	413
20	417
20	421
20	425
20	429
20	433
20	437
20	441
20	446
20	450
20	455
20	459
20	464
20	469
20	475
20	481
20	487
20	494
20	502
20	512
21	182
21	193
21	203
21	212
21	221
21	229
21	238
21	247
21	256
21	265
21	274
21	283
21	292
21	301
21	310
21	318
21	326
21	334
21	341
21	348
21	355
21	362
21	368
21	374
21	380
21	386
21	391
21	397
21	402
21	407
21	412
21	416
21	421
21	425
21	430
21	434
21	439
21	443
21	447
21	452
21	456
21	461
21	466
21	471
21	476
21	482
21	488
21	495
21	503
21	512
22	199
22	210
22	220
22	230
22	240
22	249
22	258
22	267
22	276
22	285
22	293
22	301
22	309
22	316
22	323
22	329
22	335
22	341
22	346
22	351
22	356
22	361
22	366
22	371
22	375
22	380
22	384
22	389
22	393
22	398
22	402
22	406
22	410
22	414
22	418
22	422
22	426
22	431
22	435
22	440
22	444
22	449
22	453
22	458
22	463
22	468
22	473
22	479
22	485
22	492
22	499
22	507
22	517
23	211
23	222
23	232
23	241
23	250
23	258
23	266
23	274
23	281
23	288
23	294
23	300
23	306
23	311
23	316
23	321
23	325
23	330
23	334
23	338
23	342
23	346
23	350
23	353
23	357
23	360
23	364
23	367
23	371
23	374
23	378
23	381
23	385
23	388
23	392
23	395
23	399
23	402
23	406
23	409
23	413
23	417
23	421
23	425
23	429
23	434
23	438
23	443
23	447
23	452
23	457
23	462
23	467
23	472
23	478
23	484
23	490
23	497
23	505
23	514
23	524
24	192
24	203
24	213
24	222
24	230
24	237
24	243
24	249
24	255
24	261
24	267
24	272
24	278
24	283
24	288
24	292
24	297
24	301
24	305
24	309
24	313
24	316
24	320
24	323
24	327
24	330
24	333
24	336
24	339
24	342
24	345
24	348
24	351
24	353
24	356
24	359
24	361
24	364
24	367
24	369
24	372
24	375
24	377
24	380
24	383
24	386
24	389
24	392
24	395
24	398
24	401
24	405
24	408
24	412
24	416
24	420
24	424
24	428
24	433
24	438
24	443
24	448
24	454
24	460
24	466
24	473
24	480
24	487
24	495
24	504
24	514
24	526
25	189
25	199
25	208
25	216
25	223
25	230
25	236
25	242
25	247
25	252
25	256
25	261
25	265
25	270
25	274
25	279
25	283
25	288
25	292
25	296
25	300
25	303
25	307
25	311
25	313
25	317
25	320
25	323
25	326
25	329
25	332
25	335
25	338
25	341
25	344
25	347
25	350
25	353
25	356
25	359
25	362
25	365
25	368
25	371
25	374
25	377
25	380
25	384
25	387
25	391
25	395
25	398
25	403
25	407
25	412
25	416
25	421
25	427
25	433
25	439
25	446
25	453
25	461
25	470
25	479
25	489
25	499
25	511
26	197
26	208
26	217
26	226
26	234
26	241
26	247
26	253
26	258
26	263
26	268
26	273
26	278
26	283
26	288
26	292
26	297
26	301
26	305
26	309
26	313
26	317
26	321
26	324
26	328
26	331
26	335
26	338
26	342
26	345
26	349
26	353
26	356
26	360
26	364
26	368
26	372
26	376
26	381
26	385
26	390
26	395
26	400
26	406
26	412
26	419
26	427
26	435
26	444
26	453
26	463
26	474
26	487
27	220
27	231
27	241
27	250
27	258
27	265
27	272
27	279
27	285
27	291
27	297
27	303
27	309
27	315
27	321
27	327
27	332
27	338
27	343
27	348
27	353
27	358
27	363
27	368
27	374
27	379
27	385
27	391
27	397
27	404
27	411
27	419
27	428
27	438
27	448
27	459
27	471
28	238
28	249
28	259
28	268
28	277
28	286
28	294
28	302
28	310
28	318
28	325
28	332
28	339
28	346
28	353
28	360
28	367
28	374
28	381
28	388
28	395
28	402
28	410
28	418
28	427
28	436
28	445
28	454
28	463
28	472
28	482
28	492
28	505
29	239
29	251
29	262
29	273
29	284
29	294
29	304
29	313
29	321
29	329
29	336
29	343
29	349
29	355
29	361
29	366
29	372
29	377
29	383
29	388
29	394
29	400
29	406
29	412
29	418
29	425
29	431
29	438
29	444
29	450
29	456
29	463
29	470
29	477
29	484
29	492
29	500
29	509
29	519
30	236
30	247
30	258
30	268
30	278
30	288
30	298
30	307
30	316
30	324
30	331
30	338
30	344
30	350
30	355
30	360
30	364
30	369
30	373
30	378
30	382
30	387
30	391
30	395
30	400
30	404
30	409
30	413
30	418
30	422
30	427
30	432
30	437
30	441
30	446
30	450
30	455
30	459
30	464
30	469
30	474
30	479
30	485
30	490
30	496
30	503
30	510
30	518
30	527
30	538
31	236
31	247
31	257
31	267
31	277
31	287
31	296
31	304
31	312
31	319
31	326
31	332
31	338
31	343
31	348
31	353
31	357
31	362
31	366
31	370
31	374
31	378
31	382
31	386
31	390
31	393
31	397
31	400
31	404
31	407
31	411
31	414
31	418
31	421
31	425
31	429
31	432
31	436
31	440
31	443
31	447
31	450
31	454
31	457
31	461
31	465
31	469
31	473
31	477
31	481
31	486
31	491
31	496
31	502
31	508
31	515
31	522
31	530
31	540
32	227
32	238
32	248
32	258
32	267
32	276
32	285
32	293
32	301
32	308
32	314
32	320
32	325
32	330
32	334
32	338
32	342
32	345
32	349
32	352
32	355
32	359
32	362
32	365
32	368
32	371
32	374
32	377
32	380
32	383
32	386
32	389
32	392
32	394
32	398
32	400
32	403
32	406
32	409
32	412
32	415
32	418
32	421
32	424
32	427
32	430
32	434
32	437
32	440
32	444
32	447
32	451
32	455
32	458
32	463
32	466
32	471
32	475
32	480
32	485
32	491
32	497
32	504
32	511
32	519
32	528
33	222
33	233
33	243
33	253
33	262
33	271
33	279
33	287
33	294
33	300
33	306
33	311
33	316
33	321
33	324
33	329
33	332
33	335
33	339
33	341
33	344
33	347
33	350
33	352
33	355
33	358
33	360
33	363
33	365
33	368
33	370
33	373
33	375
33	378
33	380
33	383
33	386
33	388
33	391
33	394
33	396
33	399
33	402
33	405
33	408
33	411
33	415
33	417
33	421
33	425
33	428
33	432
33	436
33	440
33	444
33	448
33	453
33	458
33	463
33	469
33	475
33	482
33	490
33	499
33	509
34	240
34	251
34	261
34	270
34	278
34	285
34	291
34	296
34	301
34	305
34	309
34	313
34	317
34	320
34	324
34	327
34	331
34	334
34	338
34	341
34	344
34	348
34	351
34	354
34	357
34	360
34	364
34	367
34	370
34	374
34	377
34	380
34	384
34	387
34	391
34	395
34	398
34	403
34	406
34	411
34	415
34	420
34	425
34	430
34	436
34	442
34	448
34	455
34	462
34	470
34	479
35	246
35	257
35	266
35	274
35	281
35	286
35	291
35	295
35	300
35	303
35	307
35	311
35	314
35	318
35	321
35	325
35	328
35	332
35	336
35	339
35	344
35	347
35	352
35	356
35	361
35	366
35	371
35	376
35	382
35	388
35	395
35	402
35	410
35	419
35	429
35	440
36	239
36	250
36	259
36	267
36	273
36	279
36	283
36	288
36	292
36	296
36	300
36	303
36	307
36	310
36	314
36	317
36	321
36	325
36	328
36	333
36	336
36	341
36	345
36	350
36	355
36	360
36	366
36	372
36	379
36	387
36	396
36	406
36	418
37	228
37	239
37	248
37	256
37	262
37	268
37	272
37	277
37	281
37	284
37	288
37	291
37	294
37	298
37	301
37	304
37	307
37	311
37	314
37	317
37	321
37	324
37	328
37	332
37	336
37	340
37	345
37	349
37	355
37	360
37	366
37	373
37	380
37	388
37	397
37	408
38	220
38	230
38	239
38	246
38	252
38	258
38	262
38	267
38	271
38	275
38	279
38	283
38	286
38	290
38	294
38	297
38	301
38	305
38	309
38	313
38	317
38	322
38	326
38	331
38	336
38	342
38	348
38	355
38	363
38	372
38	383
39	209
39	220
39	229
39	237
39	243
39	249
39	253
39	258
39	262
39	266
39	270
39	273
39	277
39	280
39	283
39	286
39	290
39	292
39	296
39	299
39	303
39	306
39	310
39	314
39	318
39	322
39	327
39	331
39	337
39	342
39	348
39	355
39	363
39	372
39	384
40	189
40	200
40	209
40	218
40	226
40	233
40	240
40	246
40	252
40	257
40	262
40	266
40	271
40	274
40	279
40	282
40	287
40	290
40	295
40	299
40	303
40	308
40	312
40	317
40	322
40	327
40	333
40	339
40	346
40	354
40	364
41	180
41	190
41	198
41	206
41	213
41	220
41	226
41	232
41	238
41	243
41	248
41	253
41	258
41	262
41	267
41	271
41	276
41	280
41	285
41	289
41	294
41	299
41	304
41	309
41	315
41	321
41	327
41	334
41	342
41	351
41	362
42	182
42	192
42	201
42	209
42	217
42	224
42	231
42	237
42	243
42	248
42	253
42	258
42	263
42	268
42	273
42	278
42	284
42	289
42	295
42	301
42	308
42	315
42	323
42	332
42	343
43	197
43	207
43	216
43	224
43	231
43	238
43	244
43	250
43	255
43	261
43	266
43	272
43	278
43	284
43	290
43	297
43	304
43	312
43	321
43	331
44	218
44	229
44	239
44	248
44	256
44	264
44	272
44	280
44	289
44	298
44	307
44	317
44	328
45	242
45	254
45	265
45	275
45	285
45	295
45	306
45	317
46	267
46	279
46	291
46	304
49	278
49	290
49	302
49	314
50	271
50	283
50	294
50	305
50	317
55	269
55	280
55	291
55	301
55	312
55	324
56	268
56	279
56	289
56	299
56	309
56	320
56	334
61	281
61	292
61	302
61	311
61	320
61	329
61	339
61	349
61	361
62	278
62	289
62	299
62	309
62	318
62	327
62	336
62	346
62	356
62	367
63	289
63	301
63	313
63	325
63	337
63	349
63	361
63	373
64	242
64	253
64	264
64	275
64	285
64	295
64	305
64	314
64	323
64	333
64	343
64	354
64	365
64	378
65	202
65	213
65	224
65	234
65	243
65	251
65	259
65	266
65	273
65	280
65	287
65	294
65	301
65	308
65	314
65	321
65	327
65	334
65	341
65	348
65	356
65	364
65	373
65	382
65	392
65	403
65	415
66	187
66	197
66	206
66	215
66	223
66	231
66	239
66	246
66	253
66	259
66	265
66	271
66	277
66	283
66	289
66	294
66	300
66	305
66	310
66	315
66	320
66	325
66	330
66	336
66	341
66	347
66	353
66	359
66	365
66	372
66	379
66	387
66	395
66	404
66	413
66	423
66	433
66	443
66	454
66	466
67	189
67	200
67	210
67	219
67	228
67	236
67	243
67	250
67	256
67	262
67	267
67	272
67	277
67	282
67	286
67	291
67	294
67	299
67	302
67	306
67	310
67	313
67	317
67	321
67	324
67	328
67	332
67	335
67	339
67	343
67	347
67	351
67	355
67	359
67	363
67	367
67	372
67	376
67	381
67	386
67	391
67	396
67	401
67	407
67	413
67	419
67	425
67	431
67	437
67	443
67	449
67	456
67	463
67	470
67	478
67	487
67	498
68	178
68	189
68	198
68	207
68	215
68	223
68	231
68	238
68	244
68	250
68	254
68	259
68	263
68	267
68	271
68	273
68	277
68	280
68	283
68	286
68	289
68	292
68	294
68	297
68	300
68	302
68	304
68	307
68	309
68	312
68	314
68	316
68	319
68	321
68	323
68	326
68	328
68	330
68	333
68	335
68	337
68	340
68	342
68	344
68	347
68	349
68	351
68	354
68	356
68	358
68	361
68	363
68	366
68	368
68	371
68	373
68	376
68	378
68	381
68	384
68	386
68	389
68	392
68	395
68	398
68	401
68	404
68	407
68	410
68	413
68	416
68	419
68	423
68	426
68	429
68	433
68	436
68	440
68	444
68	448
68	452
68	457
68	461
68	466
68	471
68	477
68	483
68	490
68	498
68	507
69	169
69	179
69	187
69	194
69	200
69	206
69	212
69	218
69	223
69	228
69	233
69	238
69	242
69	246
69	250
69	253
69	257
69	260
69	263
69	266
69	269
69	272
69	274
69	277
69	280
69	282
69	284
69	287
69	289
69	292
69	294
69	296
69	299
69	301
69	303
69	305
69	308
69	310
69	312
69	314
69	316
69	319
69	320
69	323
69	324
69	327
69	329
69	331
69	333
69	335
69	337
69	339
69	341
69	343
69	345
69	347
69	349
69	351
69	353
69	355
69	357
69	359
69	361
69	363
69	365
69	367
69	369
69	371
69	373
69	375
69	377
69	379
69	381
69	383
69	385
69	387
69	389
69	391
69	393
69	395
69	397
69	399
69	401
69	404
69	405
69	408
69	410
69	412
69	415
69	417
69	419
69	422
69	425
69	427
69	430
69	433
69	436
69	439
69	442
69	446
69	449
69	453
69	457
69	461
69	465
69	469
69	474
69	478
69	484
69	489
69	495
69	502
69	509
69	518
70	173
70	183
70	191
70	199
70	206
70	213
70	219
70	225
70	231
70	237
70	242
70	247
70	252
70	257
70	262
70	267
70	272
70	277
70	282
70	287
70	292
70	297
70	302
70	307
70	312
70	317
70	322
70	327
70	332
70	337
70	342
70	346
70	351
70	355
70	360
70	363
70	368
70	371
70	375
70	379
70	383
70	387
70	391
70	395
70	399
70	403
70	407
70	411
70	416
70	420
70	425
70	429
70	434
70	439
70	444
70	449
70	454
70	459
70	464
70	469
70	474
70	479
70	485
70	490
70	496
70	503
70	510
70	519
70	529
71	209
71	221
71	232
71	242
71	251
71	259
71	266
71	273
71	279
71	284
71	290
71	295
71	300
71	304
71	309
71	313
71	318
71	322
71	327
71	331
71	335
71	340
71	344
71	349
71	353
71	358
71	362
71	367
71	371
71	376
71	380
71	385
71	390
71	395
71	400
71	405
71	410
71	415
71	420
71	425
71	430
71	435
71	440
71	445
71	450
71	455
71	460
71	465
71	470
71	475
71	481
71	487
71	494
71	501
71	509
71	519
72	201
72	213
72	224
72	234
72	243
72	251
72	258
72	264
72	270
72	274
72	279
72	283
72	287
72	291
72	294
72	298
72	301
72	304
72	307
72	311
72	313
72	316
72	319
72	322
72	324
72	328
72	330
72	333
72	336
72	338
72	341
72	344
72	346
72	349
72	352
72	354
72	357
72	360
72	362
72	365
72	368
72	370
72	373
72	376
72	378
72	381
72	384
72	386
72	389
72	392
72	395
72	397
72	400
72	403
72	406
72	409
72	411
72	415
72	417
72	420
72	423
72	426
72	429
72	432
72	435
72	438
72	441
72	445
72	448
72	452
72	455
72	459
72	463
72	467
72	472
72	476
72	481
72	487
72	493
72	500
72	508
72	518
73	252
73	262
73	270
73	277
73	283
73	289
73	295
73	301
73	306
73	311
73	316
73	321
73	325
73	330
73	334
73	338
73	342
73	346
73	350
73	353
73	357
73	360
73	363
73	367
73	370
73	373
73	376
73	379
73	382
73	385
73	388
73	391
73	394
73	397
73	400
73	403
73	406
73	409
73	412
73	415
73	418
73	421
73	425
73	428
73	432
73	435
73	439
73	443
73	447
73	452
73	456
73	461
73	466
73	471
73	477
73	483
73	489
73	496
73	504
73	513
74	450
74	460
74	469
74	477
74	484
74	491
74	498
74	506
74	515
74	525
75	180
75	191
75	201
75	210
75	219
75	227
75	235
75	242
75	249
75	256
75	262
75	268
75	274
75	280
75	286
75	292
75	298
75	304
75	310
75	316
75	322
75	328
75	334
75	340
75	346
75	352
75	359
75	366
75	373
75	381
75	389
75	397
75	405
75	413
75	421
75	429
75	437
75	444
75	450
75	456
75	461
75	466
75	471
75	476
75	481
75	485
75	490
75	495
75	500
75	505
75	511
75	517
75	524
75	532
75	542
76	169
76	179
76	187
76	194
76	201
76	207
76	213
76	218
76	223
76	228
76	233
76	238
76	242
76	247
76	251
76	255
76	259
76	263
76	267
76	271
76	275
76	279
76	283
76	287
76	291
76	295
76	299
76	303
76	307
76	311
76	315
76	319
76	323
76	327
76	331
76	335
76	339
76	343
76	347
76	351
76	356
76	360
76	365
76	369
76	374
76	379
76	384
76	389
76	394
76	399
76	404
76	409
76	414
76	419
76	424
76	429
76	434
76	439
76	444
76	449
76	454
76	459
76	464
76	469
76	474
76	480
76	486
76	492
76	498
76	505
76	513
76	523
77	187
77	197
77	206
77	214
77	221
77	228
77	234
77	240
77	246
77	252
77	258
77	264
77	270
77	276
77	282
77	288
77	294
77	300
77	306
77	312
77	318
77	325
77	332
77	339
77	346
77	353
77	360
77	367
77	375
77	383
77	391
77	399
77	407
77	415
77	423
77	432
77	441
77	451
77	464
-1	-1
