-1	-1
0	156
0	165
0	173
0	180
0	187
0	193
0	199
0	205
0	210
0	216
0	221
0	227
0	233
0	239
0	245
0	252
0	259
0	267
0	275
0	284
0	294
0	306
1	162
1	173
1	182
1	190
1	198
1	205
1	212
1	219
1	226
1	233
1	241
1	249
1	258
1	268
1	279
2	161
2	172
2	181
2	189
2	197
2	204
2	211
2	218
2	225
2	233
2	241
2	250
2	259
2	269
2	283
3	160
3	170
3	179
3	187
3	194
3	201
3	208
3	215
3	222
3	229
3	236
3	243
3	251
3	259
3	268
3	278
3	289
4	157
4	166
4	174
4	181
4	188
4	194
4	200
4	205
4	211
4	216
4	222
4	227
4	233
4	239
4	245
4	251
4	258
4	265
4	273
4	282
4	292
4	303
5	152
5	161
5	169
5	176
5	182
5	188
5	193
5	198
5	203
5	208
5	212
5	217
5	221
5	226
5	230
5	235
5	240
5	245
5	250
5	256
5	262
5	268
5	275
5	283
5	291
5	300
5	310
5	320
5	332
6	150
6	159
6	166
6	172
6	178
6	183
6	188
6	193
6	197
6	202
6	206
6	210
6	214
6	218
6	222
6	226
6	230
6	234
6	238
6	243
6	247
6	252
6	257
6	262
6	268
6	274
6	280
6	287
6	294
6	301
6	309
6	317
6	326
6	335
6	344
6	354
6	364
6	375
7	150
7	159
7	166
7	172
7	178
7	183
7	188
7	192
7	197
7	201
7	205
7	209
7	213
7	216
7	220
7	224
7	227
7	231
7	235
7	239
7	243
7	247
7	251
7	256
7	260
7	265
7	270
7	275
7	280
7	286
7	292
7	298
7	304
7	310
7	317
7	324
7	331
7	338
7	345
7	352
7	359
7	366
7	374
7	382
7	391
7	402
8	150
8	159
8	166
8	172
8	177
8	182
8	186
8	191
8	194
8	199
8	202
8	206
8	210
8	213
8	217
8	220
8	224
8	227
8	231
8	235
8	238
8	242
8	246
8	250
8	254
8	258
8	262
8	266
8	270
8	275
8	279
8	284
8	288
8	293
8	297
8	302
8	307
8	312
8	317
8	322
8	327
8	332
8	337
8	342
8	347
8	352
8	357
8	363
8	368
8	374
8	380
8	387
8	394
8	402
8	411
8	423
9	150
9	159
9	166
9	172
9	177
9	182
9	186
9	191
9	194
9	199
9	202
9	206
9	210
9	213
9	217
9	220
9	224
9	227
9	231
9	234
9	238
9	241
9	245
9	248
9	252
9	256
9	259
9	263
9	267
9	270
9	274
9	278
9	282
9	286
9	290
9	294
9	298
9	302
9	306
9	310
9	314
9	318
9	323
9	327
9	332
9	336
9	341
9	345
9	350
9	354
9	359
9	363
9	368
9	373
9	378
9	383
9	388
9	394
9	400
9	407
9	415
9	424
9	435
10	146
10	155
10	162
10	168
10	173
10	179
10	184
10	189
10	194
10	198
10	203
10	207
10	211
10	215
10	219
10	223
10	226
10	230
10	233
10	237
10	240
10	244
10	247
10	251
10	254
10	258
10	261
10	265
10	268
10	272
10	275
10	279
10	282
10	286
10	289
10	293
10	296
10	300
10	304
10	307
10	311
10	315
10	319
10	323
10	327
10	331
10	335
10	339
10	343
10	347
10	351
10	356
10	360
10	365
10	369
10	374
10	379
10	384
10	389
10	395
10	401
10	408
10	416
10	425
10	436
11	142
11	151
11	159
11	164
11	170
11	174
11	179
11	183
11	187
11	191
11	195
11	199
11	202
11	206
11	210
11	213
11	217
11	220
11	224
11	227
11	231
11	234
11	237
11	241
11	243
11	247
11	250
11	253
11	256
11	259
11	262
11	265
11	268
11	271
11	275
11	277
11	281
11	284
11	287
11	291
11	294
11	297
11	301
11	304
11	307
11	311
11	314
11	318
11	321
11	325
11	328
11	332
11	336
11	339
11	344
11	347
11	351
11	355
11	359
11	363
11	367
11	371
11	375
11	379
11	384
11	388
11	393
11	398
11	404
11	410
11	417
11	425
11	434
11	445
12	142
12	151
12	159
12	165
12	171
12	175
12	180
12	184
12	188
12	192
12	196
12	200
12	203
12	207
12	210
12	214
12	217
12	221
12	224
12	227
12	231
12	233
12	237
12	240
12	243
12	246
12	249
12	252
12	255
12	258
12	261
12	264
12	267
12	270
12	274
12	276
12	280
12	283
12	286
12	290
12	293
12	296
12	300
12	303
12	307
12	310
12	314
12	317
12	321
12	325
12	328
12	332
12	336
12	340
12	344
12	348
12	352
12	356
12	360
12	365
12	369
12	374
12	378
12	383
12	388
12	393
12	398
12	404
12	410
12	417
12	425
12	435
13	146
13	154
13	161
13	167
13	172
13	177
13	182
13	186
13	191
13	194
13	199
13	202
13	206
13	210
13	213
13	217
13	220
13	224
13	227
13	231
13	234
13	237
13	241
13	244
13	247
13	251
13	254
13	257
13	261
13	264
13	268
13	271
13	275
13	278
13	282
13	285
13	289
13	292
13	296
13	299
13	303
13	306
13	310
13	314
13	317
13	321
13	325
13	328
13	332
13	336
13	340
13	344
13	348
13	353
13	357
13	362
13	366
13	371
13	376
13	381
13	386
13	392
13	398
13	405
13	412
13	420
13	429
14	153
14	163
14	171
14	178
14	184
14	190
14	194
14	199
14	203
14	208
14	212
14	216
14	220
14	224
14	228
14	232
14	236
14	240
14	244
14	248
14	252
14	256
14	260
14	264
14	268
14	272
14	276
14	280
14	284
14	288
14	292
14	296
14	300
14	304
14	308
14	312
14	315
14	319
14	323
14	327
14	331
14	335
14	339
14	344
14	348
14	353
14	358
14	363
14	368
14	374
14	380
14	386
14	393
14	400
14	408
14	417
14	429
15	161
15	171
15	179
15	185
15	191
15	196
15	202
15	207
15	212
15	217
15	222
15	227
15	232
15	236
15	241
15	245
15	250
15	253
15	258
15	261
15	265
15	269
15	273
15	277
15	281
15	285
15	289
15	292
15	296
15	300
15	303
15	307
15	310
15	314
15	317
15	321
15	325
15	328
15	332
15	336
15	340
15	345
15	349
15	354
15	359
15	365
15	371
15	377
15	384
15	392
15	401
15	412
16	161
16	171
16	179
16	186
16	192
16	198
16	203
16	209
16	214
16	219
16	224
16	229
16	234
16	239
16	244
16	249
16	254
16	258
16	263
16	267
16	272
16	276
16	281
16	285
16	290
16	295
16	299
16	304
16	309
16	314
16	319
16	325
16	330
16	336
16	342
16	349
16	357
16	366
16	376
16	388
17	162
17	172
17	180
17	188
17	195
17	201
17	207
17	213
17	219
17	224
17	230
17	235
17	240
17	246
17	251
17	257
17	263
17	269
17	276
17	283
17	291
17	299
17	308
17	318
17	329
18	167
18	177
18	185
18	192
18	199
18	206
18	212
18	218
18	224
18	230
18	236
18	242
18	248
18	255
18	262
18	270
18	278
18	287
18	297
18	308
19	171
19	181
19	189
19	196
19	203
19	210
19	216
19	222
19	228
19	235
19	242
19	249
19	257
19	265
19	274
19	284
19	294
19	305
20	171
20	181
20	189
20	197
20	204
20	211
20	218
20	225
20	232
20	239
20	246
20	254
20	262
20	271
20	280
20	290
20	300
20	311
20	322
20	333
20	345
20	357
20	369
20	381
21	179
21	189
21	198
21	207
21	215
21	223
21	231
21	239
21	247
21	255
21	263
21	271
21	279
21	288
21	297
21	306
21	315
21	324
21	333
21	342
21	351
21	360
21	369
21	377
21	386
21	395
21	405
21	417
22	177
22	188
22	197
22	205
22	213
22	220
22	227
22	234
22	240
22	246
22	252
22	258
22	264
22	270
22	276
22	282
22	289
22	296
22	303
22	310
22	317
22	324
22	331
22	338
22	344
22	351
22	357
22	363
22	369
22	375
22	381
22	387
22	394
22	401
22	409
22	418
22	428
23	163
23	173
23	181
23	189
23	195
23	201
23	207
23	212
23	217
23	222
23	227
23	231
23	236
23	240
23	244
23	248
23	252
23	256
23	260
23	264
23	268
23	272
23	276
23	280
23	284
23	288
23	293
23	297
23	302
23	306
23	311
23	315
23	320
23	324
23	329
23	333
23	338
23	342
23	347
23	351
23	356
23	360
23	365
23	369
23	374
23	379
23	384
23	389
23	394
23	399
23	405
23	411
23	418
23	426
23	435
23	446
24	158
24	168
24	175
24	181
24	187
24	192
24	197
24	202
24	206
24	211
24	214
24	219
24	222
24	226
24	230
24	233
24	237
24	240
24	243
24	246
24	249
24	252
24	255
24	258
24	261
24	263
24	266
24	269
24	272
24	274
24	277
24	280
24	283
24	286
24	289
24	292
24	295
24	298
24	301
24	305
24	308
24	311
24	315
24	318
24	321
24	325
24	328
24	332
24	335
24	339
24	342
24	346
24	349
24	353
24	356
24	360
24	364
24	368
24	372
24	376
24	380
24	384
24	388
24	393
24	397
24	402
24	407
24	413
24	419
24	426
24	434
24	444
25	161
25	171
25	179
25	186
25	193
25	200
25	207
25	213
25	219
25	224
25	230
25	234
25	239
25	243
25	247
25	251
25	254
25	258
25	261
25	264
25	268
25	271
25	273
25	277
25	280
25	283
25	286
25	289
25	292
25	295
25	298
25	301
25	304
25	307
25	310
25	314
25	317
25	320
25	324
25	327
25	330
25	334
25	337
25	341
25	344
25	348
25	351
25	355
25	358
25	362
25	366
25	369
25	374
25	377
25	382
25	386
25	390
25	395
25	399
25	405
25	410
25	416
25	423
25	430
25	439
25	451
26	192
26	205
26	216
26	226
26	235
26	244
26	252
26	259
26	264
26	270
26	274
26	279
26	283
26	288
26	292
26	297
26	301
26	306
26	310
26	315
26	319
26	324
26	328
26	333
26	337
26	341
26	345
26	349
26	353
26	357
26	361
26	365
26	369
26	373
26	377
26	381
26	385
26	389
26	394
26	398
26	403
26	408
26	414
26	420
26	427
26	435
26	445
27	237
27	248
27	258
27	267
27	275
27	283
27	291
27	298
27	305
27	312
27	319
27	325
27	331
27	337
27	342
27	348
27	353
27	358
27	362
27	367
27	371
27	376
27	380
27	385
27	389
27	394
27	398
27	403
27	408
27	414
27	420
27	427
27	434
27	443
27	454
28	238
28	251
28	263
28	274
28	284
28	293
28	302
28	310
28	318
28	325
28	332
28	338
28	343
28	349
28	354
28	359
28	364
28	369
28	373
28	378
28	383
28	388
28	393
28	398
28	403
28	408
28	414
28	420
28	427
28	435
28	444
29	272
29	283
29	293
29	302
29	310
29	318
29	324
29	330
29	335
29	340
29	344
29	349
29	353
29	357
29	361
29	365
29	369
29	373
29	377
29	382
29	386
29	391
29	396
29	401
29	407
29	413
29	420
29	428
29	437
30	277
30	287
30	295
30	302
30	309
30	315
30	321
30	326
30	331
30	335
30	340
30	343
30	348
30	351
30	355
30	358
30	362
30	365
30	369
30	373
30	377
30	381
30	385
30	389
30	394
30	399
30	405
30	411
30	418
30	426
30	435
31	270
31	280
31	289
31	296
31	302
31	307
31	312
31	317
31	322
31	326
31	331
31	334
31	339
31	342
31	346
31	350
31	353
31	357
31	361
31	365
31	369
31	373
31	377
31	382
31	387
31	392
31	398
31	404
31	411
31	419
31	429
32	262
32	272
32	280
32	286
32	292
32	296
32	301
32	305
32	309
32	313
32	317
32	321
32	325
32	329
32	333
32	337
32	341
32	346
32	350
32	355
32	359
32	365
32	370
32	376
32	382
32	389
32	397
32	406
32	417
33	257
33	266
33	273
33	279
33	283
33	288
33	292
33	296
33	300
33	304
33	308
33	312
33	316
33	320
33	325
33	329
33	334
33	339
33	344
33	350
33	356
33	363
33	370
33	378
33	388
34	249
34	259
34	266
34	272
34	276
34	281
34	285
34	289
34	293
34	297
34	301
34	305
34	309
34	314
34	318
34	323
34	328
34	334
34	340
34	347
34	354
34	362
34	371
34	384
35	242
35	251
35	259
35	264
35	270
35	274
35	279
35	283
35	288
35	292
35	297
35	301
35	306
35	311
35	316
35	321
35	327
35	333
35	340
35	347
35	355
35	364
35	375
36	229
36	240
36	249
36	255
36	261
36	265
36	270
36	275
36	279
36	284
36	289
36	294
36	299
36	304
36	310
36	316
36	323
36	330
36	338
36	347
36	358
37	212
37	223
37	232
37	240
37	246
37	252
37	257
37	262
37	267
37	272
37	277
37	282
37	287
37	293
37	299
37	306
37	313
37	321
37	330
37	340
38	209
38	219
38	228
38	235
38	241
38	246
38	251
38	255
38	260
38	264
38	269
38	273
38	278
38	283
38	288
38	294
38	300
38	306
38	313
38	321
38	330
38	340
39	206
39	216
39	224
39	231
39	237
39	242
39	247
39	252
39	256
39	261
39	266
39	271
39	276
39	282
39	288
39	294
39	301
39	308
39	316
39	325
39	336
40	199
40	209
40	217
40	224
40	231
40	237
40	243
40	249
40	254
40	260
40	265
40	271
40	277
40	283
40	290
40	297
40	305
40	314
40	325
41	198
41	208
41	216
41	224
41	231
41	238
41	245
41	252
41	259
41	266
41	273
41	281
41	289
41	298
41	308
42	198
42	209
42	219
42	228
42	237
42	246
42	255
42	264
42	274
42	284
43	260
43	275
59	251
59	263
59	274
59	285
59	298
60	232
60	243
60	253
60	262
60	271
60	281
60	291
60	303
61	241
61	253
61	264
61	276
63	252
63	263
63	273
63	283
63	293
63	303
63	313
63	323
63	333
63	343
63	354
63	366
64	256
64	266
64	274
64	282
64	290
64	298
64	306
64	315
64	324
64	334
64	344
64	355
64	367
65	256
65	265
65	273
65	281
65	288
65	295
65	302
65	309
65	317
65	325
65	334
65	343
65	352
65	361
65	371
65	382
66	249
66	258
66	265
66	272
66	278
66	283
66	289
66	294
66	299
66	304
66	309
66	314
66	319
66	325
66	330
66	336
66	342
66	348
66	354
66	361
66	368
66	375
66	383
66	392
66	403
67	243
67	252
67	259
67	264
67	269
67	273
67	277
67	281
67	284
67	288
67	291
67	294
67	298
67	301
67	304
67	308
67	311
67	314
67	318
67	321
67	325
67	328
67	332
67	336
67	339
67	344
67	347
67	352
67	356
67	361
67	365
67	370
67	375
67	381
67	387
67	394
67	402
67	412
68	240
68	250
68	258
68	263
68	269
68	272
68	277
68	280
68	283
68	287
68	290
68	293
68	296
68	299
68	302
68	305
68	308
68	311
68	314
68	317
68	320
68	323
68	326
68	329
68	332
68	335
68	338
68	341
68	345
68	347
68	351
68	354
68	357
68	361
68	364
68	368
68	371
68	375
68	379
68	383
68	387
68	392
68	397
68	403
68	409
68	416
68	425
68	436
69	236
69	246
69	254
69	262
69	269
69	275
69	281
69	287
69	292
69	297
69	302
69	306
69	311
69	314
69	319
69	322
69	326
69	329
69	332
69	336
69	339
69	342
69	345
69	348
69	351
69	353
69	356
69	359
69	362
69	364
69	368
69	370
69	374
69	376
69	380
69	383
69	387
69	390
69	395
69	398
69	404
69	408
69	414
69	420
69	427
69	436
70	211
70	221
70	230
70	238
70	245
70	251
70	257
70	262
70	267
70	272
70	277
70	282
70	287
70	292
70	296
70	301
70	304
70	309
70	312
70	316
70	319
70	322
70	325
70	329
70	331
70	334
70	337
70	340
70	343
70	346
70	349
70	352
70	355
70	358
70	361
70	364
70	367
70	370
70	374
70	377
70	381
70	385
70	389
70	394
70	399
70	405
70	411
70	418
70	427
71	207
71	217
71	225
71	232
71	238
71	243
71	249
71	253
71	258
71	263
71	268
71	273
71	278
71	283
71	288
71	292
71	297
71	301
71	306
71	310
71	315
71	319
71	324
71	328
71	333
71	337
71	342
71	347
71	352
71	357
71	363
71	369
71	376
71	383
71	391
71	401
72	227
72	237
72	246
72	254
72	262
72	269
72	276
72	283
72	290
72	296
72	302
72	308
72	313
72	319
72	324
72	329
72	334
72	339
72	344
72	349
72	354
72	359
72	364
72	369
72	375
72	381
72	388
72	396
72	405
72	416
73	238
73	248
73	256
73	263
73	270
73	276
73	282
73	287
73	292
73	297
73	301
73	306
73	310
73	314
73	318
73	322
73	325
73	329
73	332
73	336
73	339
73	343
73	346
73	350
73	353
73	357
73	360
73	364
73	368
73	372
73	377
73	381
73	386
73	392
73	398
73	405
73	413
73	423
74	242
74	252
74	260
74	268
74	274
74	280
74	285
74	291
74	295
74	300
74	305
74	309
74	314
74	318
74	323
74	327
74	332
74	337
74	342
74	347
74	353
74	358
74	364
74	370
74	377
74	385
74	394
74	405
75	362
75	373
75	384
76	257
76	268
76	279
76	289
76	299
76	309
76	318
76	327
76	336
76	344
76	352
76	359
76	366
76	373
76	379
76	386
76	393
76	400
76	408
76	417
77	246
77	257
77	267
77	276
77	285
77	294
77	303
77	312
77	321
77	330
77	339
77	348
77	357
77	366
77	375
77	384
77	394
77	405
-1	-1
