-1	-1
0	201
0	211
0	220
0	228
0	235
0	242
0	249
0	257
0	265
0	274
0	285
1	222
1	233
1	244
1	257
6	217
6	228
6	238
6	249
6	260
7	201
7	211
7	220
7	229
7	237
7	245
7	254
7	263
7	273
7	284
8	196
8	206
8	214
8	222
8	229
8	236
8	243
8	250
8	257
8	265
8	273
8	282
8	292
8	303
9	197
9	207
9	215
9	222
9	228
9	234
9	240
9	245
9	251
9	257
9	263
9	269
9	276
9	283
9	291
9	300
9	309
9	319
10	182
10	191
10	199
10	205
10	211
10	216
10	221
10	225
10	230
10	234
10	238
10	243
10	247
10	252
10	256
10	261
10	266
10	271
10	277
10	283
10	290
10	297
10	305
10	314
10	323
10	334
11	172
11	182
11	190
11	196
11	202
11	207
11	212
11	216
11	221
11	224
11	228
11	232
11	235
11	239
11	243
11	246
11	250
11	254
11	258
11	262
11	267
11	271
11	276
11	281
11	287
11	293
11	299
11	306
11	313
11	321
11	329
11	338
11	348
12	172
12	181
12	189
12	194
12	200
12	204
12	209
12	212
12	216
12	220
12	223
12	226
12	230
12	233
12	236
12	240
12	243
12	247
12	250
12	254
12	257
12	261
12	265
12	269
12	274
12	278
12	283
12	288
12	293
12	298
12	304
12	310
12	316
12	323
12	330
12	337
12	345
12	354
12	364
12	375
13	170
13	179
13	186
13	192
13	196
13	201
13	204
13	209
13	212
13	216
13	220
13	223
13	227
13	230
13	234
13	237
13	241
13	244
13	248
13	251
13	255
13	259
13	263
13	267
13	271
13	275
13	279
13	284
13	288
13	293
13	298
13	303
13	308
13	314
13	319
13	325
13	331
13	337
13	344
13	351
13	359
13	368
13	377
13	388
14	169
14	178
14	185
14	191
14	196
14	201
14	205
14	210
14	213
14	218
14	221
14	225
14	229
14	233
14	236
14	240
14	244
14	247
14	251
14	255
14	258
14	262
14	266
14	269
14	273
14	277
14	281
14	285
14	289
14	293
14	297
14	301
14	305
14	309
14	313
14	317
14	322
14	326
14	331
14	336
14	341
14	346
14	352
14	358
14	364
14	371
14	378
14	386
14	396
15	172
15	181
15	189
15	195
15	201
15	207
15	212
15	217
15	222
15	227
15	232
15	236
15	241
15	244
15	249
15	252
15	256
15	260
15	264
15	267
15	271
15	275
15	278
15	282
15	286
15	289
15	293
15	296
15	300
15	303
15	307
15	310
15	314
15	317
15	321
15	324
15	328
15	331
15	335
15	339
15	343
15	347
15	351
15	355
15	359
15	364
15	369
15	374
15	380
15	386
15	393
15	401
15	411
16	176
16	185
16	193
16	200
16	207
16	213
16	219
16	225
16	231
16	236
16	241
16	246
16	251
16	255
16	260
16	263
16	268
16	271
16	275
16	279
16	282
16	286
16	289
16	293
16	296
16	300
16	303
16	306
16	310
16	312
16	316
16	319
16	322
16	325
16	328
16	331
16	334
16	337
16	340
16	344
16	347
16	350
16	354
16	357
16	361
16	365
16	369
16	373
16	378
16	383
16	388
16	394
16	400
16	407
16	416
16	427
17	181
17	191
17	200
17	208
17	216
17	223
17	230
17	237
17	243
17	249
17	254
17	260
17	264
17	269
17	273
17	278
17	282
17	286
17	290
17	293
17	297
17	301
17	304
17	308
17	311
17	314
17	317
17	321
17	323
17	327
17	329
17	333
17	336
17	339
17	343
17	346
17	349
17	353
17	356
17	360
17	364
17	368
17	373
17	377
17	382
17	387
17	393
17	400
17	408
17	417
18	196
18	207
18	216
18	225
18	234
18	242
18	250
18	257
18	264
18	271
18	277
18	283
18	289
18	295
18	301
18	306
18	311
18	316
18	321
18	326
18	331
18	337
18	343
18	349
18	356
18	363
18	371
18	380
18	390
19	209
19	220
19	229
19	238
19	246
19	254
19	262
19	270
19	278
19	286
19	294
19	302
19	310
19	318
19	326
19	334
19	343
19	353
19	364
20	219
20	230
20	240
20	249
20	258
20	267
20	276
20	286
20	296
20	305
20	314
20	324
20	334
20	345
21	228
21	239
21	250
21	261
21	272
21	283
21	294
21	305
21	316
21	327
22	231
22	242
22	253
22	264
22	275
22	287
22	299
22	311
22	322
22	334
23	237
23	248
23	259
23	270
23	281
23	292
23	302
23	312
23	322
23	332
23	343
23	355
24	232
24	243
24	253
24	263
24	272
24	281
24	290
24	298
24	306
24	314
24	321
24	328
24	335
24	342
24	350
24	357
24	365
24	373
24	382
24	392
24	404
25	226
25	237
25	247
25	256
25	264
25	272
25	279
25	286
25	293
25	299
25	305
25	311
25	316
25	322
25	327
25	332
25	337
25	342
25	347
25	352
25	357
25	362
25	367
25	373
25	379
25	385
25	392
25	400
25	409
25	419
26	211
26	222
26	231
26	240
26	248
26	255
26	262
26	268
26	274
26	280
26	285
26	290
26	294
26	299
26	303
26	307
26	311
26	315
26	319
26	322
26	326
26	329
26	333
26	336
26	340
26	343
26	347
26	350
26	354
26	357
26	361
26	365
26	368
26	373
26	376
26	381
26	385
26	390
26	395
26	401
26	407
26	414
26	422
26	432
27	193
27	204
27	213
27	221
27	228
27	234
27	240
27	245
27	251
27	255
27	260
27	264
27	269
27	273
27	277
27	281
27	284
27	288
27	291
27	295
27	298
27	302
27	305
27	308
27	312
27	314
27	318
27	321
27	324
27	327
27	330
27	334
27	336
27	340
27	343
27	347
27	350
27	354
27	357
27	361
27	364
27	368
27	372
27	376
27	380
27	385
27	389
27	395
27	400
27	406
27	413
27	421
27	430
28	181
28	191
28	199
28	206
28	212
28	218
28	223
28	228
28	232
28	237
28	241
28	244
28	248
28	252
28	255
28	259
28	262
28	265
28	268
28	271
28	274
28	277
28	280
28	283
28	286
28	289
28	292
28	295
28	298
28	301
28	304
28	307
28	310
28	313
28	316
28	319
28	322
28	325
28	328
28	332
28	335
28	338
28	342
28	345
28	349
28	352
28	356
28	359
28	363
28	367
28	371
28	375
28	379
28	384
28	389
28	395
28	401
28	408
28	416
28	425
28	436
29	180
29	189
29	197
29	203
29	209
29	214
29	219
29	223
29	228
29	231
29	235
29	239
29	242
29	245
29	249
29	252
29	255
29	258
29	261
29	264
29	267
29	270
29	273
29	276
29	279
29	282
29	285
29	288
29	291
29	294
29	297
29	300
29	304
29	306
29	310
29	313
29	316
29	320
29	323
29	326
29	330
29	333
29	336
29	340
29	343
29	347
29	350
29	353
29	357
29	360
29	364
29	367
29	371
29	375
29	378
29	383
29	387
29	392
29	397
29	402
29	408
29	415
29	422
29	430
29	440
30	189
30	199
30	207
30	214
30	221
30	227
30	233
30	238
30	243
30	248
30	252
30	257
30	261
30	265
30	270
30	274
30	278
30	283
30	287
30	291
30	295
30	299
30	303
30	307
30	311
30	314
30	318
30	321
30	324
30	328
30	331
30	334
30	337
30	340
30	344
30	346
30	350
30	353
30	356
30	359
30	362
30	365
30	368
30	371
30	375
30	378
30	382
30	385
30	389
30	393
30	397
30	402
30	407
30	413
30	419
30	426
30	434
30	444
31	206
31	217
31	227
31	236
31	244
31	252
31	260
31	267
31	273
31	279
31	284
31	290
31	294
31	299
31	302
31	306
31	310
31	312
31	316
31	319
31	322
31	324
31	327
31	330
31	332
31	335
31	338
31	340
31	343
31	346
31	348
31	351
31	354
31	357
31	359
31	363
31	365
31	368
31	371
31	374
31	377
31	380
31	384
31	387
31	391
31	395
31	399
31	404
31	409
31	415
31	421
31	428
31	436
31	446
32	242
32	253
32	262
32	270
32	276
32	281
32	286
32	290
32	293
32	297
32	300
32	303
32	306
32	309
32	312
32	313
32	317
32	319
32	321
32	323
32	326
32	328
32	330
32	333
32	335
32	337
32	340
32	342
32	345
32	347
32	350
32	352
32	355
32	358
32	360
32	364
32	366
32	369
32	373
32	375
32	379
32	383
32	386
32	390
32	395
32	399
32	405
32	410
32	417
32	424
32	433
32	444
33	246
33	256
33	264
33	271
33	275
33	281
33	283
33	288
33	291
33	293
33	297
33	300
33	302
33	305
33	308
33	310
33	313
33	315
33	318
33	320
33	323
33	325
33	328
33	330
33	333
33	335
33	338
33	340
33	344
33	346
33	349
33	352
33	355
33	358
33	362
33	365
33	369
33	373
33	377
33	381
33	386
33	391
33	396
33	402
33	409
33	417
33	426
34	242
34	252
34	260
34	266
34	272
34	276
34	281
34	284
34	289
34	292
34	296
34	299
34	303
34	306
34	309
34	313
34	316
34	319
34	323
34	326
34	329
34	333
34	336
34	340
34	344
34	348
34	353
34	357
34	362
34	367
34	373
34	379
34	386
34	394
34	403
34	414
35	238
35	248
35	255
35	261
35	267
35	272
35	276
35	281
35	285
35	289
35	293
35	297
35	301
35	305
35	309
35	313
35	317
35	322
35	326
35	331
35	336
35	341
35	347
35	353
35	360
35	367
35	375
35	384
35	395
36	232
36	241
36	249
36	254
36	260
36	264
36	269
36	273
36	277
36	281
36	285
36	289
36	294
36	298
36	303
36	307
36	312
36	317
36	322
36	327
36	333
36	339
36	346
36	354
36	363
36	373
37	228
37	238
37	244
37	250
37	253
37	258
37	261
37	265
37	269
37	272
37	276
37	279
37	283
37	286
37	290
37	294
37	298
37	302
37	306
37	310
37	315
37	319
37	324
37	329
37	334
37	340
37	346
37	353
37	361
37	370
37	380
38	227
38	236
38	242
38	248
38	253
38	258
38	262
38	266
38	270
38	274
38	278
38	282
38	286
38	290
38	295
38	299
38	304
38	308
38	313
38	318
38	323
38	328
38	334
38	340
38	347
38	355
38	364
38	374
39	218
39	228
39	235
39	241
39	246
39	251
39	256
39	261
39	265
39	270
39	275
39	280
39	285
39	290
39	296
39	302
39	308
39	314
39	321
39	328
39	336
39	345
39	356
40	198
40	208
40	217
40	225
40	232
40	238
40	243
40	248
40	253
40	258
40	263
40	268
40	273
40	278
40	284
40	290
40	296
40	303
40	310
40	318
40	327
40	337
41	187
41	196
41	203
41	210
41	216
41	221
41	226
41	231
41	235
41	240
41	243
41	248
41	251
41	256
41	259
41	264
41	268
41	272
41	277
41	281
41	286
41	291
41	297
41	303
41	309
41	316
41	323
41	331
41	340
41	350
42	180
42	189
42	196
42	202
42	208
42	213
42	218
42	222
42	226
42	230
42	234
42	238
42	242
42	246
42	250
42	254
42	258
42	262
42	266
42	270
42	275
42	279
42	284
42	289
42	295
42	301
42	307
42	314
42	321
42	329
42	338
42	349
43	178
43	186
43	192
43	198
43	203
43	208
43	213
43	218
43	223
43	228
43	233
43	238
43	243
43	248
43	253
43	258
43	264
43	270
43	276
43	283
43	290
43	298
43	306
43	315
43	325
43	336
44	177
44	185
44	192
44	198
44	203
44	209
44	214
44	220
44	225
44	231
44	236
44	242
44	248
44	254
44	260
44	267
44	274
44	282
44	290
44	299
44	309
44	320
45	187
45	197
45	206
45	215
45	224
45	233
45	242
45	251
45	260
45	269
45	279
45	289
45	300
45	315
46	191
46	202
46	212
46	221
46	230
46	239
46	248
46	257
46	266
46	275
46	284
46	294
46	304
46	315
47	221
47	233
47	244
47	255
47	266
47	277
47	288
47	300
47	315
64	261
64	272
64	283
64	294
64	305
64	317
65	240
65	251
65	261
65	270
65	278
65	286
65	294
65	302
65	310
65	318
65	326
65	335
65	344
65	354
65	365
66	226
66	236
66	245
66	253
66	260
66	266
66	272
66	278
66	284
66	290
66	296
66	302
66	308
66	314
66	320
66	326
66	332
66	338
66	345
66	352
66	359
66	367
66	376
66	386
67	187
67	197
67	205
67	213
67	221
67	229
67	235
67	241
67	246
67	251
67	255
67	260
67	263
67	267
67	271
67	274
67	278
67	281
67	285
67	288
67	292
67	296
67	299
67	303
67	307
67	311
67	315
67	319
67	323
67	327
67	331
67	335
67	339
67	344
67	348
67	353
67	358
67	363
67	368
67	374
67	380
67	387
67	396
67	407
68	182
68	191
68	199
68	206
68	212
68	218
68	224
68	230
68	235
68	240
68	243
68	248
68	251
68	254
68	258
68	261
68	263
68	266
68	269
68	271
68	274
68	276
68	279
68	281
68	283
68	286
68	288
68	291
68	293
68	295
68	298
68	300
68	303
68	305
68	308
68	310
68	313
68	316
68	318
68	321
68	324
68	327
68	330
68	333
68	336
68	339
68	343
68	346
68	350
68	353
68	357
68	361
68	365
68	369
68	374
68	379
68	385
68	391
68	398
68	406
68	416
69	196
69	207
69	217
69	227
69	236
69	243
69	250
69	255
69	261
69	264
69	269
69	272
69	275
69	279
69	281
69	284
69	287
69	290
69	292
69	295
69	297
69	300
69	302
69	304
69	307
69	309
69	312
69	314
69	316
69	319
69	321
69	324
69	326
69	329
69	331
69	334
69	337
69	339
69	343
69	345
69	349
69	352
69	355
69	358
69	362
69	365
69	369
69	373
69	377
69	382
69	387
69	393
69	399
69	407
69	416
70	236
70	247
70	257
70	266
70	273
70	280
70	286
70	291
70	296
70	301
70	304
70	309
70	312
70	315
70	319
70	322
70	325
70	328
70	331
70	334
70	337
70	340
70	343
70	346
70	349
70	353
70	356
70	359
70	363
70	367
70	370
70	375
70	379
70	384
70	389
70	395
70	402
70	410
70	420
71	192
71	203
71	213
71	223
71	232
71	240
71	247
71	253
71	259
71	265
71	270
71	276
71	281
71	287
71	292
71	298
71	303
71	309
71	314
71	319
71	324
71	329
71	333
71	338
71	342
71	347
71	351
71	356
71	360
71	365
71	370
71	375
71	381
71	387
71	394
71	402
71	412
72	187
72	197
72	205
72	213
72	221
72	228
72	235
72	241
72	247
72	252
72	257
72	261
72	266
72	270
72	274
72	278
72	282
72	286
72	290
72	294
72	298
72	302
72	306
72	310
72	314
72	318
72	322
72	327
72	331
72	336
72	341
72	346
72	351
72	356
72	362
72	368
72	375
72	383
72	392
72	404
73	237
73	248
73	258
73	266
73	273
73	280
73	286
73	292
73	297
73	302
73	307
73	311
73	316
73	320
73	325
73	329
73	334
73	338
73	343
73	348
73	353
73	358
73	364
73	369
73	376
73	383
73	391
73	401
74	310
74	320
74	329
74	337
74	345
74	353
74	361
74	369
74	378
74	388
76	252
76	263
76	274
76	284
76	294
76	305
76	316
-1	-1
