-1	-1
0	160
0	171
0	182
0	193
0	206
7	178
7	190
7	203
8	162
8	173
8	183
8	193
8	202
8	211
8	220
8	229
8	238
8	248
8	258
8	268
8	278
8	289
8	301
9	152
9	162
9	171
9	179
9	187
9	195
9	202
9	209
9	216
9	223
9	230
9	237
9	244
9	251
9	258
9	266
9	274
9	282
9	290
9	298
9	306
9	315
9	324
9	334
10	149
10	158
10	165
10	172
10	178
10	184
10	190
10	195
10	200
10	205
10	210
10	215
10	220
10	225
10	230
10	236
10	241
10	247
10	252
10	258
10	263
10	269
10	274
10	280
10	285
10	291
10	296
10	302
10	308
10	314
10	320
10	327
10	334
10	342
10	351
11	149
11	158
11	165
11	172
11	178
11	183
11	189
11	194
11	199
11	203
11	208
11	212
11	217
11	221
11	225
11	229
11	233
11	237
11	241
11	245
11	249
11	253
11	257
11	261
11	265
11	269
11	274
11	278
11	283
11	287
11	292
11	296
11	301
11	306
11	311
11	316
11	322
11	328
11	334
11	341
11	349
11	358
12	150
12	159
12	166
12	172
12	178
12	183
12	188
12	193
12	197
12	202
12	206
12	211
12	215
12	219
12	223
12	227
12	231
12	235
12	239
12	243
12	247
12	251
12	255
12	259
12	263
12	267
12	272
12	276
12	281
12	285
12	290
12	295
12	300
12	305
12	310
12	316
12	322
12	328
12	335
12	343
12	352
12	364
13	152
13	161
13	169
13	175
13	181
13	186
13	192
13	197
13	202
13	207
13	212
13	217
13	222
13	227
13	232
13	237
13	242
13	247
13	252
13	257
13	262
13	267
13	273
13	278
13	284
13	290
13	296
13	303
13	310
13	317
13	325
13	334
13	345
14	151
14	160
14	168
14	174
14	181
14	187
14	193
14	199
14	205
14	211
14	217
14	223
14	229
14	235
14	241
14	247
14	253
14	259
14	266
14	273
14	280
14	287
14	295
14	303
14	312
14	322
14	334
15	151
15	161
15	169
15	176
15	183
15	190
15	196
15	203
15	209
15	215
15	221
15	227
15	233
15	239
15	246
15	252
15	259
15	266
15	273
15	280
15	287
15	295
15	303
15	311
15	320
15	330
16	153
16	163
16	172
16	180
16	187
16	194
16	200
16	206
16	212
16	218
16	224
16	230
16	236
16	242
16	248
16	254
16	260
16	266
16	272
16	278
16	284
16	290
16	297
16	304
16	311
16	318
16	326
16	335
16	345
16	357
17	158
17	168
17	176
17	183
17	190
17	196
17	202
17	208
17	213
17	218
17	223
17	228
17	233
17	238
17	243
17	248
17	253
17	258
17	263
17	268
17	273
17	278
17	283
17	288
17	293
17	298
17	304
17	309
17	315
17	321
17	327
17	334
17	341
17	349
17	358
17	368
18	153
18	162
18	170
18	176
18	181
18	186
18	191
18	195
18	200
18	203
18	208
18	211
18	215
18	219
18	222
18	226
18	230
18	233
18	237
18	240
18	243
18	247
18	250
18	253
18	257
18	260
18	263
18	266
18	270
18	273
18	276
18	280
18	283
18	286
18	290
18	293
18	297
18	300
18	304
18	307
18	311
18	315
18	318
18	323
18	326
18	331
18	335
18	340
18	345
18	350
18	356
18	362
18	369
18	377
18	386
18	397
19	150
19	159
19	165
19	171
19	175
19	180
19	183
19	187
19	191
19	194
19	198
19	201
19	204
19	208
19	211
19	214
19	217
19	220
19	223
19	226
19	229
19	232
19	235
19	238
19	241
19	244
19	247
19	250
19	253
19	256
19	259
19	262
19	264
19	268
19	270
19	273
19	276
19	279
19	282
19	285
19	288
19	291
19	294
19	297
19	300
19	303
19	306
19	309
19	312
19	315
19	318
19	321
19	324
19	327
19	330
19	333
19	337
19	339
19	344
19	347
19	351
19	355
19	359
19	364
19	368
19	374
19	379
19	386
19	393
19	402
19	413
20	150
20	159
20	165
20	171
20	175
20	180
20	183
20	188
20	191
20	195
20	198
20	202
20	204
20	208
20	211
20	214
20	217
20	220
20	223
20	226
20	229
20	232
20	235
20	238
20	241
20	244
20	247
20	250
20	253
20	256
20	259
20	262
20	265
20	268
20	271
20	274
20	277
20	280
20	282
20	285
20	288
20	290
20	293
20	296
20	298
20	301
20	304
20	306
20	309
20	312
20	314
20	317
20	320
20	322
20	325
20	328
20	331
20	334
20	337
20	340
20	344
20	347
20	351
20	355
20	359
20	364
20	368
20	374
20	379
20	386
20	393
20	401
20	411
21	157
21	165
21	172
21	178
21	183
21	188
21	192
21	197
21	201
21	205
21	209
21	212
21	216
21	220
21	223
21	227
21	230
21	233
21	236
21	240
21	242
21	246
21	249
21	252
21	255
21	258
21	261
21	264
21	267
21	270
21	272
21	275
21	278
21	281
21	283
21	286
21	289
21	291
21	294
21	297
21	299
21	302
21	305
21	308
21	310
21	314
21	316
21	319
21	322
21	325
21	328
21	331
21	335
21	338
21	342
21	346
21	350
21	355
21	359
21	365
21	370
21	376
21	383
21	391
21	400
21	414
22	157
22	166
22	174
22	181
22	187
22	193
22	199
22	204
22	209
22	214
22	219
22	224
22	229
22	233
22	238
22	242
22	247
22	251
22	256
22	260
22	264
22	268
22	272
22	276
22	280
22	284
22	288
22	292
22	295
22	299
22	303
22	306
22	310
22	313
22	317
22	320
22	324
22	327
22	331
22	335
22	339
22	343
22	347
22	352
22	357
22	362
22	368
22	374
22	381
22	389
22	398
23	157
23	167
23	175
23	182
23	189
23	195
23	201
23	206
23	211
23	216
23	221
23	226
23	231
23	236
23	241
23	245
23	250
23	254
23	258
23	262
23	266
23	270
23	273
23	277
23	280
23	283
23	287
23	290
23	293
23	296
23	299
23	302
23	305
23	308
23	311
23	314
23	317
23	320
23	324
23	327
23	330
23	334
23	337
23	341
23	345
23	349
23	354
23	358
23	364
23	369
23	375
23	382
23	389
23	398
23	409
24	161
24	171
24	180
24	188
24	195
24	202
24	209
24	215
24	221
24	227
24	232
24	237
24	242
24	246
24	251
24	254
24	258
24	261
24	264
24	267
24	270
24	273
24	275
24	279
24	281
24	284
24	286
24	289
24	292
24	294
24	297
24	299
24	302
24	305
24	307
24	310
24	313
24	315
24	318
24	321
24	324
24	327
24	330
24	333
24	337
24	340
24	344
24	348
24	352
24	356
24	361
24	366
24	371
24	377
24	384
24	391
24	400
24	413
25	162
25	173
25	182
25	190
25	197
25	203
25	209
25	214
25	219
25	223
25	228
25	231
25	235
25	239
25	243
25	246
25	250
25	253
25	257
25	260
25	264
25	267
25	271
25	274
25	277
25	281
25	284
25	287
25	291
25	293
25	297
25	300
25	303
25	306
25	309
25	312
25	315
25	318
25	321
25	324
25	327
25	330
25	334
25	337
25	340
25	344
25	348
25	352
25	356
25	361
25	366
25	371
25	377
25	384
25	391
25	400
25	414
26	167
26	177
26	185
26	192
26	198
26	203
26	207
26	212
26	214
26	219
26	221
26	224
26	227
26	230
26	232
26	235
26	237
26	240
26	242
26	244
26	247
26	249
26	251
26	254
26	256
26	258
26	261
26	263
26	265
26	268
26	270
26	272
26	275
26	277
26	279
26	282
26	284
26	286
26	289
26	291
26	293
26	295
26	298
26	300
26	302
26	305
26	307
26	309
26	312
26	314
26	316
26	319
26	321
26	324
26	327
26	329
26	333
26	335
26	339
26	342
26	346
26	349
26	354
26	358
26	363
26	368
26	374
26	380
26	387
26	396
26	407
27	166
27	175
27	182
27	189
27	194
27	200
27	204
27	209
27	212
27	216
27	220
27	222
27	225
27	229
27	231
27	233
27	236
27	238
27	241
27	242
27	245
27	247
27	249
27	251
27	253
27	255
27	257
27	259
27	261
27	263
27	265
27	267
27	269
27	271
27	272
27	275
27	276
27	278
27	280
27	282
27	284
27	286
27	288
27	290
27	292
27	294
27	296
27	298
27	300
27	302
27	305
27	306
27	309
27	311
27	314
27	316
27	319
27	322
27	325
27	328
27	331
27	335
27	338
27	342
27	346
27	350
27	355
27	360
27	366
27	373
27	381
27	390
28	166
28	174
28	181
28	186
28	191
28	195
28	200
28	203
28	208
28	211
28	215
28	219
28	223
28	226
28	230
28	234
28	237
28	241
28	244
28	248
28	251
28	255
28	258
28	262
28	265
28	269
28	272
28	276
28	279
28	283
28	287
28	291
28	295
28	299
28	303
28	307
28	312
28	316
28	321
28	326
28	332
28	338
28	345
28	353
28	362
28	373
29	162
29	171
29	178
29	183
29	188
29	192
29	196
29	200
29	203
29	206
29	210
29	212
29	216
29	218
29	222
29	224
29	228
29	230
29	234
29	236
29	240
29	243
29	246
29	249
29	253
29	256
29	260
29	264
29	268
29	272
29	276
29	281
29	285
29	290
29	295
29	300
29	305
29	311
29	317
29	323
29	330
29	338
29	347
29	358
30	160
30	169
30	176
30	182
30	186
30	191
30	194
30	198
30	201
30	204
30	208
30	211
30	214
30	217
30	220
30	223
30	226
30	229
30	232
30	235
30	238
30	241
30	244
30	247
30	250
30	254
30	257
30	260
30	264
30	267
30	271
30	275
30	279
30	283
30	287
30	292
30	297
30	302
30	308
30	314
30	321
30	329
30	339
31	162
31	171
31	179
31	185
31	191
31	196
31	201
31	206
31	211
31	216
31	221
31	227
31	232
31	238
31	244
31	250
31	256
31	262
31	269
31	276
31	284
31	292
31	301
31	311
32	167
32	176
32	183
32	190
32	196
32	202
32	207
32	213
32	218
32	224
32	229
32	235
32	241
32	247
32	254
32	261
32	269
32	277
32	286
32	295
32	305
32	316
33	173
33	183
33	191
33	198
33	204
33	210
33	216
33	221
33	227
33	232
33	238
33	244
33	250
33	256
33	262
33	268
33	275
33	282
33	289
33	297
33	306
33	316
34	176
34	186
34	195
34	203
34	211
34	219
34	227
34	235
34	243
34	251
34	260
34	269
34	278
34	288
34	299
35	171
35	182
35	192
35	201
35	210
35	219
35	228
35	237
35	247
35	257
35	268
36	177
36	188
36	198
36	207
36	215
36	223
36	231
36	238
36	245
36	253
36	261
36	269
36	277
36	286
36	295
36	304
36	314
36	325
37	189
37	200
37	210
37	219
37	227
37	234
37	241
37	248
37	255
37	262
37	269
37	276
37	283
37	290
37	298
37	307
37	317
38	232
38	244
38	255
38	266
38	277
40	199
40	210
40	220
40	230
40	240
40	251
40	263
41	201
41	212
41	222
41	232
41	242
41	252
41	262
41	272
41	282
41	293
50	268
50	279
50	289
50	299
50	310
51	249
51	260
51	269
51	278
51	286
51	294
51	302
51	311
51	321
51	334
52	266
52	277
52	288
52	299
61	207
61	218
61	228
61	237
61	246
61	255
61	264
61	273
61	282
61	291
61	300
61	309
61	319
61	330
62	190
62	200
62	208
62	215
62	221
62	227
62	233
62	238
62	243
62	248
62	253
62	258
62	263
62	268
62	273
62	278
62	283
62	288
62	293
62	298
62	303
62	308
62	313
62	319
62	325
62	331
62	338
62	346
62	355
62	366
63	181
63	190
63	197
63	202
63	207
63	212
63	215
63	220
63	223
63	227
63	230
63	233
63	236
63	239
63	242
63	245
63	248
63	251
63	254
63	257
63	260
63	262
63	266
63	268
63	271
63	274
63	277
63	279
63	282
63	285
63	288
63	290
63	293
63	296
63	298
63	301
63	304
63	307
63	309
63	313
63	315
63	319
63	322
63	325
63	329
63	332
63	336
63	340
63	345
63	349
63	355
63	360
63	367
63	375
63	385
64	179
64	187
64	192
64	197
64	202
64	204
64	209
64	212
64	214
64	218
64	220
64	222
64	225
64	228
64	230
64	232
64	234
64	237
64	239
64	241
64	243
64	245
64	247
64	249
64	251
64	253
64	255
64	257
64	259
64	261
64	262
64	265
64	266
64	268
64	270
64	272
64	274
64	275
64	277
64	279
64	281
64	283
64	284
64	286
64	288
64	290
64	292
64	293
64	295
64	297
64	299
64	301
64	303
64	305
64	307
64	309
64	311
64	314
64	315
64	318
64	320
64	323
64	325
64	328
64	330
64	334
64	336
64	339
64	343
64	346
64	350
64	354
64	358
64	363
64	368
64	375
64	382
64	391
65	179
65	188
65	194
65	200
65	204
65	209
65	213
65	217
65	221
65	224
65	228
65	231
65	234
65	238
65	240
65	243
65	246
65	249
65	252
65	254
65	257
65	260
65	262
65	265
65	267
65	270
65	272
65	274
65	277
65	279
65	282
65	284
65	286
65	289
65	291
65	294
65	296
65	299
65	302
65	305
65	307
65	310
65	314
65	316
65	320
65	324
65	327
65	332
65	336
65	341
65	347
65	353
65	360
65	369
66	262
66	275
69	198
69	209
69	219
69	228
69	237
69	246
69	255
69	264
69	273
69	282
69	291
69	300
69	308
69	316
69	323
69	330
69	337
69	344
69	352
69	361
69	371
70	180
70	189
70	197
70	203
70	209
70	214
70	220
70	224
70	229
70	233
70	238
70	242
70	247
70	251
70	256
70	260
70	265
70	269
70	274
70	278
70	283
70	287
70	292
70	296
70	300
70	304
70	308
70	312
70	316
70	320
70	323
70	327
70	330
70	334
70	337
70	341
70	345
70	348
70	353
70	357
70	362
70	367
70	372
70	378
70	385
70	393
70	403
71	173
71	181
71	187
71	192
71	196
71	201
71	203
71	208
71	211
71	213
71	217
71	220
71	222
71	225
71	228
71	230
71	233
71	235
71	238
71	240
71	243
71	245
71	247
71	250
71	252
71	254
71	257
71	259
71	261
71	264
71	266
71	268
71	271
71	273
71	275
71	278
71	280
71	282
71	285
71	287
71	289
71	292
71	294
71	296
71	298
71	301
71	303
71	305
71	307
71	310
71	311
71	314
71	316
71	318
71	320
71	322
71	324
71	326
71	328
71	330
71	332
71	334
71	336
71	338
71	340
71	342
71	345
71	346
71	349
71	351
71	354
71	356
71	358
71	361
71	364
71	367
71	369
71	374
71	376
71	380
71	385
71	388
71	394
71	399
71	406
71	414
71	423
72	172
72	181
72	185
72	191
72	193
72	198
72	201
72	203
72	207
72	209
72	212
72	213
72	217
72	218
72	221
72	223
72	225
72	227
72	229
72	232
72	233
72	235
72	237
72	239
72	241
72	243
72	244
72	247
72	248
72	250
72	252
72	254
72	255
72	257
72	259
72	261
72	262
72	264
72	266
72	268
72	269
72	271
72	273
72	275
72	276
72	278
72	280
72	282
72	283
72	285
72	287
72	289
72	290
72	292
72	294
72	296
72	297
72	299
72	301
72	303
72	304
72	306
72	308
72	310
72	311
72	313
72	315
72	317
72	318
72	320
72	322
72	324
72	325
72	327
72	329
72	331
72	333
72	335
72	336
72	339
72	340
72	343
72	345
72	347
72	349
72	351
72	354
72	356
72	358
72	361
72	364
72	367
72	370
72	374
72	377
72	381
72	386
72	390
72	396
72	402
72	409
72	418
73	177
73	185
73	191
73	196
73	201
73	205
73	210
73	214
73	218
73	222
73	226
73	230
73	233
73	237
73	240
73	244
73	247
73	251
73	254
73	257
73	261
73	264
73	267
73	271
73	273
73	277
73	280
73	283
73	286
73	290
73	293
73	296
73	300
73	303
73	307
73	310
73	314
73	318
73	322
73	326
73	331
73	336
73	341
73	347
73	353
73	360
73	369
-1	-1
