-1	-1
0	147
0	155
0	161
0	166
0	171
0	175
0	180
0	184
0	188
0	192
0	196
0	200
0	205
0	209
0	214
0	219
0	224
0	230
0	236
0	243
0	251
0	260
0	270
0	284
1	158
1	167
1	175
1	183
1	190
1	197
1	204
1	212
1	220
1	229
1	239
2	166
2	176
2	185
2	194
2	203
2	212
2	222
2	233
3	168
3	179
3	189
3	199
3	209
3	220
3	233
4	170
4	181
4	192
4	203
4	215
5	179
5	190
5	201
5	212
5	223
5	234
5	245
5	257
5	269
5	281
5	293
5	305
5	318
6	178
6	189
6	200
6	210
6	220
6	230
6	240
6	250
6	260
6	270
6	280
6	289
6	298
6	307
6	316
6	326
6	336
6	346
6	356
6	366
6	377
6	388
6	399
6	410
6	423
7	168
7	179
7	189
7	198
7	207
7	216
7	225
7	234
7	243
7	252
7	261
7	270
7	279
7	288
7	297
7	306
7	315
7	324
7	333
7	342
7	351
7	360
7	369
7	378
7	387
7	397
7	407
7	417
7	428
8	160
8	170
8	179
8	188
8	196
8	204
8	212
8	220
8	228
8	236
8	244
8	252
8	260
8	268
8	276
8	284
8	292
8	300
8	308
8	316
8	324
8	332
8	340
8	348
8	357
8	366
8	375
8	384
8	394
8	404
8	414
8	426
9	159
9	169
9	178
9	186
9	194
9	202
9	210
9	218
9	226
9	234
9	242
9	250
9	258
9	266
9	274
9	282
9	290
9	297
9	305
9	312
9	319
9	326
9	333
9	340
9	348
9	356
9	364
9	372
9	380
9	388
9	397
9	406
9	415
9	424
9	434
9	445
10	160
10	170
10	179
10	187
10	195
10	203
10	211
10	219
10	227
10	235
10	243
10	251
10	258
10	265
10	272
10	279
10	286
10	293
10	300
10	306
10	312
10	318
10	324
10	330
10	336
10	342
10	348
10	354
10	360
10	366
10	372
10	378
10	384
10	390
10	397
10	404
10	411
10	418
10	425
10	433
10	441
10	450
10	459
10	469
11	153
11	163
11	172
11	180
11	187
11	194
11	201
11	208
11	215
11	222
11	228
11	234
11	240
11	246
11	252
11	258
11	264
11	269
11	274
11	279
11	284
11	288
11	293
11	297
11	302
11	306
11	311
11	315
11	320
11	324
11	329
11	333
11	338
11	343
11	348
11	353
11	358
11	363
11	368
11	374
11	379
11	385
11	390
11	396
11	402
11	408
11	414
11	420
11	426
11	433
11	440
11	447
11	455
11	464
11	473
11	483
11	495
12	150
12	160
12	168
12	175
12	182
12	189
12	195
12	201
12	207
12	213
12	219
12	224
12	230
12	235
12	240
12	245
12	250
12	255
12	260
12	264
12	269
12	273
12	278
12	282
12	286
12	290
12	294
12	298
12	302
12	306
12	310
12	315
12	319
12	324
12	328
12	333
12	337
12	342
12	347
12	352
12	357
12	362
12	368
12	373
12	379
12	385
12	391
12	397
12	403
12	409
12	416
12	423
12	430
12	437
12	445
12	454
12	463
12	473
12	485
13	152
13	162
13	170
13	177
13	184
13	190
13	196
13	202
13	207
13	212
13	217
13	222
13	227
13	232
13	237
13	241
13	246
13	251
13	255
13	260
13	265
13	269
13	274
13	279
13	284
13	289
13	294
13	299
13	304
13	309
13	315
13	320
13	326
13	332
13	338
13	345
13	352
13	359
13	366
13	374
13	382
13	390
13	398
13	407
13	416
13	426
13	436
13	447
13	459
14	152
14	162
14	170
14	177
14	183
14	189
14	194
14	200
14	205
14	210
14	215
14	220
14	225
14	230
14	235
14	240
14	245
14	250
14	256
14	261
14	267
14	273
14	279
14	285
14	291
14	298
14	305
14	312
14	319
14	327
14	335
14	344
14	353
14	362
14	372
14	382
14	393
14	404
14	416
14	429
15	150
15	159
15	166
15	173
15	179
15	184
15	190
15	195
15	200
15	205
15	210
15	215
15	220
15	225
15	231
15	236
15	242
15	248
15	254
15	260
15	266
15	273
15	280
15	287
15	295
15	303
15	311
15	319
15	328
15	337
15	347
15	357
15	367
15	377
15	387
15	397
15	407
15	418
15	429
15	440
15	452
15	464
16	148
16	157
16	163
16	169
16	174
16	180
16	184
16	189
16	194
16	199
16	204
16	209
16	214
16	219
16	225
16	231
16	237
16	243
16	249
16	256
16	263
16	270
16	277
16	284
16	291
16	298
16	306
16	314
16	322
16	331
16	340
16	349
16	358
16	367
16	376
16	385
16	394
16	403
16	412
16	421
16	430
16	439
16	448
16	457
16	467
16	477
17	144
17	152
17	159
17	164
17	170
17	174
17	179
17	183
17	188
17	192
17	197
17	201
17	206
17	210
17	215
17	220
17	225
17	230
17	235
17	241
17	246
17	252
17	258
17	264
17	270
17	276
17	283
17	290
17	297
17	304
17	311
17	318
17	325
17	332
17	339
17	346
17	353
17	360
17	366
17	373
17	379
17	385
17	391
17	397
17	403
17	409
17	415
17	421
17	427
17	433
17	439
17	445
17	451
17	458
17	465
17	472
17	480
17	488
17	497
17	508
18	146
18	155
18	162
18	169
18	174
18	180
18	185
18	190
18	195
18	200
18	205
18	210
18	215
18	220
18	226
18	231
18	237
18	243
18	249
18	255
18	261
18	267
18	273
18	279
18	286
18	292
18	298
18	304
18	310
18	316
18	322
18	328
18	334
18	340
18	345
18	351
18	356
18	361
18	366
18	371
18	376
18	381
18	386
18	391
18	396
18	401
18	406
18	411
18	416
18	421
18	426
18	431
18	436
18	441
18	446
18	451
18	456
18	461
18	467
18	473
18	479
18	486
18	493
18	501
18	510
18	521
19	147
19	156
19	163
19	169
19	174
19	179
19	183
19	188
19	192
19	196
19	200
19	204
19	208
19	212
19	216
19	220
19	225
19	229
19	234
19	238
19	243
19	248
19	253
19	258
19	263
19	268
19	273
19	278
19	283
19	288
19	293
19	298
19	303
19	308
19	313
19	317
19	322
19	326
19	331
19	335
19	339
19	343
19	347
19	351
19	355
19	359
19	363
19	366
19	370
19	374
19	377
19	381
19	385
19	388
19	392
19	396
19	399
19	404
19	407
19	412
19	416
19	420
19	425
19	429
19	434
19	439
19	444
19	449
19	455
19	460
19	466
19	472
19	479
19	486
19	494
19	502
19	511
19	523
20	148
20	156
20	162
20	168
20	172
20	177
20	181
20	184
20	188
20	191
20	195
20	198
20	202
20	205
20	208
20	212
20	215
20	219
20	222
20	226
20	229
20	233
20	236
20	240
20	244
20	247
20	251
20	255
20	259
20	263
20	267
20	271
20	275
20	279
20	283
20	287
20	291
20	294
20	298
20	302
20	305
20	309
20	312
20	316
20	319
20	323
20	326
20	330
20	333
20	336
20	340
20	342
20	346
20	349
20	352
20	356
20	358
20	362
20	365
20	368
20	372
20	375
20	379
20	382
20	386
20	389
20	393
20	397
20	401
20	405
20	409
20	414
20	418
20	423
20	428
20	433
20	439
20	445
20	451
20	458
20	465
20	472
20	480
20	488
20	496
20	505
20	515
21	149
21	158
21	163
21	169
21	172
21	177
21	180
21	183
21	187
21	190
21	193
21	196
21	199
21	202
21	205
21	208
21	211
21	214
21	217
21	220
21	223
21	226
21	229
21	232
21	235
21	238
21	241
21	244
21	247
21	250
21	253
21	256
21	259
21	262
21	265
21	268
21	271
21	274
21	277
21	280
21	283
21	286
21	289
21	292
21	295
21	298
21	301
21	304
21	307
21	310
21	313
21	316
21	319
21	322
21	325
21	328
21	331
21	334
21	337
21	340
21	343
21	346
21	349
21	352
21	355
21	358
21	362
21	365
21	368
21	372
21	375
21	379
21	383
21	387
21	391
21	395
21	399
21	404
21	408
21	413
21	418
21	423
21	428
21	434
21	440
21	446
21	453
21	460
21	467
21	475
21	483
21	491
21	500
21	510
21	524
22	149
22	158
22	164
22	170
22	173
22	178
22	181
22	185
22	188
22	192
22	194
22	198
22	200
22	203
22	206
22	209
22	211
22	214
22	217
22	219
22	222
22	224
22	227
22	229
22	232
22	234
22	237
22	239
22	242
22	244
22	247
22	249
22	252
22	254
22	257
22	259
22	262
22	264
22	267
22	269
22	272
22	274
22	277
22	279
22	282
22	284
22	287
22	289
22	292
22	295
22	297
22	300
22	303
22	305
22	308
22	311
22	314
22	316
22	320
22	322
22	326
22	328
22	332
22	335
22	338
22	341
22	345
22	348
22	351
22	355
22	358
22	362
22	366
22	370
22	374
22	378
22	382
22	387
22	391
22	396
22	401
22	406
22	411
22	417
22	423
22	429
22	436
22	443
22	451
22	459
22	467
22	476
22	485
22	495
22	505
23	150
23	159
23	165
23	171
23	175
23	180
23	183
23	187
23	191
23	193
23	197
23	200
23	203
23	206
23	209
23	212
23	214
23	218
23	220
23	223
23	226
23	228
23	231
23	234
23	236
23	239
23	242
23	244
23	247
23	250
23	252
23	255
23	258
23	260
23	263
23	266
23	268
23	271
23	274
23	276
23	279
23	282
23	285
23	287
23	291
23	293
23	296
23	299
23	302
23	305
23	308
23	311
23	314
23	317
23	320
23	323
23	326
23	329
23	332
23	335
23	338
23	341
23	344
23	347
23	350
23	354
23	357
23	360
23	364
23	367
23	371
23	375
23	378
23	382
23	386
23	390
23	394
23	398
23	402
23	406
23	411
23	415
23	420
23	425
23	430
23	436
23	442
23	448
23	455
23	462
23	469
23	476
23	484
23	492
23	501
23	511
24	151
24	161
24	169
24	175
24	181
24	186
24	191
24	196
24	201
24	205
24	210
24	214
24	218
24	222
24	226
24	230
24	234
24	237
24	241
24	245
24	248
24	252
24	255
24	259
24	262
24	266
24	269
24	273
24	276
24	280
24	283
24	286
24	290
24	293
24	296
24	300
24	303
24	306
24	310
24	312
24	316
24	319
24	322
24	325
24	328
24	331
24	334
24	337
24	340
24	343
24	345
24	349
24	351
24	354
24	357
24	359
24	362
24	365
24	368
24	370
24	374
24	376
24	379
24	382
24	385
24	388
24	391
24	394
24	397
24	400
24	403
24	406
24	409
24	413
24	416
24	419
24	423
24	427
24	430
24	435
24	438
24	443
24	447
24	452
24	456
24	461
24	466
24	471
24	476
24	481
24	487
24	493
24	499
24	506
24	514
24	523
24	534
25	150
25	160
25	169
25	176
25	182
25	188
25	193
25	199
25	204
25	209
25	213
25	218
25	222
25	226
25	230
25	234
25	238
25	242
25	245
25	249
25	252
25	256
25	259
25	262
25	265
25	268
25	271
25	273
25	276
25	279
25	281
25	284
25	287
25	289
25	292
25	294
25	297
25	299
25	302
25	304
25	307
25	309
25	312
25	314
25	317
25	319
25	322
25	324
25	327
25	329
25	332
25	334
25	337
25	339
25	342
25	344
25	346
25	349
25	351
25	353
25	356
25	358
25	360
25	363
25	365
25	367
25	370
25	372
25	374
25	377
25	379
25	381
25	384
25	386
25	388
25	391
25	393
25	395
25	398
25	400
25	403
25	405
25	408
25	410
25	413
25	416
25	418
25	421
25	424
25	427
25	430
25	433
25	436
25	439
25	443
25	446
25	450
25	453
25	457
25	461
25	465
25	469
25	473
25	477
25	481
25	486
25	490
25	495
25	500
25	506
25	512
25	519
25	527
25	536
26	150
26	160
26	168
26	175
26	182
26	189
26	195
26	201
26	206
26	211
26	216
26	221
26	225
26	230
26	233
26	238
26	241
26	245
26	248
26	252
26	255
26	258
26	261
26	264
26	267
26	270
26	272
26	275
26	277
26	280
26	282
26	284
26	287
26	289
26	291
26	293
26	296
26	297
26	300
26	302
26	304
26	306
26	309
26	310
26	313
26	315
26	317
26	319
26	322
26	324
26	326
26	328
26	331
26	333
26	335
26	338
26	340
26	342
26	345
26	347
26	350
26	352
26	355
26	357
26	360
26	363
26	365
26	368
26	371
26	374
26	377
26	380
26	383
26	386
26	389
26	392
26	395
26	398
26	402
26	405
26	409
26	412
26	416
26	420
26	424
26	428
26	433
26	437
26	442
26	447
26	452
26	458
26	464
26	470
26	476
26	483
26	490
26	497
26	505
26	514
26	524
27	151
27	161
27	169
27	176
27	183
27	190
27	196
27	202
27	207
27	212
27	216
27	221
27	224
27	228
27	232
27	234
27	238
27	241
27	242
27	246
27	248
27	251
27	253
27	255
27	258
27	260
27	262
27	265
27	267
27	269
27	272
27	274
27	276
27	279
27	281
27	283
27	286
27	288
27	290
27	292
27	294
27	297
27	298
27	301
27	303
27	305
27	307
27	310
27	312
27	314
27	317
27	319
27	321
27	324
27	326
27	329
27	331
27	334
27	337
27	339
27	342
27	345
27	348
27	351
27	354
27	357
27	360
27	364
27	367
27	371
27	374
27	378
27	382
27	386
27	390
27	394
27	398
27	403
27	407
27	412
27	417
27	423
27	429
27	435
27	442
27	450
27	458
27	467
27	477
27	488
28	152
28	162
28	170
28	177
28	184
28	190
28	196
28	202
28	207
28	212
28	215
28	220
28	223
28	227
28	230
28	233
28	236
28	239
28	242
28	244
28	247
28	250
28	252
28	254
28	257
28	259
28	262
28	264
28	266
28	269
28	271
28	274
28	276
28	278
28	281
28	284
28	286
28	289
28	291
28	294
28	297
28	299
28	302
28	305
28	308
28	311
28	314
28	317
28	320
28	324
28	327
28	331
28	335
28	339
28	343
28	348
28	352
28	357
28	362
28	367
28	373
28	379
28	385
28	392
28	399
28	406
28	414
28	422
28	431
28	442
29	156
29	165
29	173
29	180
29	186
29	192
29	198
29	203
29	208
29	213
29	218
29	222
29	227
29	231
29	236
29	240
29	245
29	249
29	254
29	258
29	263
29	267
29	272
29	276
29	281
29	285
29	290
29	294
29	299
29	304
29	309
29	314
29	319
29	325
29	331
29	338
29	345
29	353
29	361
29	370
29	380
29	391
30	162
30	172
30	180
30	187
30	193
30	199
30	205
30	210
30	215
30	220
30	224
30	229
30	233
30	237
30	241
30	245
30	249
30	253
30	257
30	261
30	266
30	270
30	275
30	279
30	284
30	289
30	294
30	299
30	305
30	310
30	316
30	322
30	329
30	336
30	344
30	353
30	363
30	374
31	168
31	177
31	185
31	192
31	198
31	204
31	210
31	215
31	220
31	225
31	230
31	235
31	240
31	245
31	250
31	255
31	260
31	265
31	270
31	275
31	280
31	286
31	291
31	297
31	303
31	309
31	316
31	323
31	331
31	339
31	348
31	358
32	168
32	178
32	186
32	193
32	200
32	206
32	212
32	218
32	224
32	230
32	236
32	242
32	248
32	254
32	261
32	268
32	275
32	282
32	290
32	298
32	306
32	315
32	324
32	334
32	345
33	168
33	178
33	187
33	195
33	202
33	209
33	215
33	221
33	227
33	233
33	238
33	244
33	249
33	255
33	261
33	267
33	273
33	279
33	286
33	293
33	300
33	308
33	316
33	325
33	335
33	346
34	169
34	179
34	188
34	196
34	204
34	211
34	218
34	224
34	230
34	236
34	242
34	249
34	256
34	263
34	270
34	277
34	284
34	291
34	298
34	305
34	313
34	321
34	330
34	340
34	351
35	172
35	182
35	191
35	199
35	207
35	215
35	223
35	231
35	239
35	247
35	256
35	265
35	274
35	283
35	292
35	301
35	310
35	319
35	329
35	340
36	173
36	183
36	192
36	200
36	208
36	216
36	224
36	231
36	238
36	245
36	252
36	259
36	266
36	274
36	282
36	291
36	300
36	309
36	319
36	330
37	180
37	191
37	200
37	209
37	217
37	225
37	232
37	239
37	246
37	253
37	260
37	267
37	275
37	283
37	291
37	300
37	309
37	319
38	181
38	192
38	202
38	212
38	222
38	232
38	242
38	253
38	265
38	277
38	288
38	299
38	310
38	323
39	168
39	179
39	189
39	199
39	209
39	219
39	229
39	239
39	249
39	259
39	270
39	301
39	314
40	176
40	187
40	198
40	209
40	219
40	229
40	238
40	247
40	256
40	265
40	274
40	284
40	295
41	181
41	193
41	204
41	215
41	226
41	238
41	258
41	271
41	284
42	170
42	181
42	192
42	204
43	163
43	174
43	184
43	194
43	204
43	215
43	227
44	231
44	245
47	180
47	192
48	201
48	213
48	224
48	235
48	245
48	255
48	265
48	275
48	287
49	230
49	241
49	252
49	262
49	272
49	282
49	293
62	242
62	254
62	265
62	276
62	287
62	300
63	221
63	232
63	241
63	249
63	257
63	265
63	272
63	279
63	286
63	294
63	302
63	310
63	319
63	329
63	340
64	216
64	225
64	232
64	239
64	244
64	250
64	254
64	259
64	263
64	268
64	272
64	277
64	281
64	286
64	290
64	295
64	299
64	304
64	309
64	314
64	319
64	325
64	331
64	337
64	344
64	351
64	359
64	368
64	378
64	389
65	209
65	218
65	224
65	230
65	233
65	238
65	241
65	244
65	248
65	251
65	253
65	257
65	259
65	262
65	264
65	267
65	270
65	272
65	274
65	277
65	279
65	282
65	284
65	287
65	289
65	292
65	294
65	297
65	299
65	302
65	305
65	307
65	310
65	313
65	316
65	318
65	322
65	325
65	328
65	331
65	335
65	338
65	342
65	346
65	350
65	355
65	359
65	364
65	369
65	375
65	380
65	386
65	393
65	400
65	407
65	415
65	424
65	433
65	443
65	454
66	208
66	216
66	222
66	226
66	231
66	233
66	237
66	240
66	242
66	245
66	248
66	250
66	252
66	254
66	257
66	259
66	261
66	262
66	265
66	267
66	268
66	271
66	272
66	274
66	276
66	278
66	279
66	281
66	283
66	284
66	286
66	288
66	290
66	291
66	293
66	295
66	296
66	298
66	300
66	301
66	303
66	305
66	307
66	308
66	310
66	312
66	314
66	315
66	317
66	319
66	321
66	323
66	325
66	327
66	329
66	331
66	333
66	335
66	337
66	339
66	342
66	344
66	346
66	349
66	351
66	354
66	356
66	359
66	361
66	365
66	367
66	370
66	374
66	376
66	380
66	383
66	387
66	390
66	394
66	398
66	402
66	406
66	410
66	415
66	419
66	424
66	429
66	434
66	439
66	445
66	451
66	457
66	464
66	472
66	481
66	494
67	211
67	220
67	227
67	232
67	237
67	242
67	246
67	251
67	254
67	258
67	262
67	264
67	268
67	271
67	273
67	277
67	279
67	282
67	284
67	287
67	289
67	292
67	293
67	296
67	298
67	301
67	302
67	305
67	307
67	309
67	311
67	313
67	315
67	317
67	319
67	321
67	323
67	325
67	327
67	329
67	331
67	333
67	335
67	337
67	339
67	341
67	343
67	345
67	347
67	349
67	351
67	353
67	355
67	357
67	359
67	361
67	364
67	365
67	368
67	370
67	372
67	375
67	377
67	379
67	382
67	384
67	386
67	389
67	391
67	394
67	396
67	399
67	401
67	404
67	407
67	409
67	412
67	415
67	417
67	420
67	423
67	426
67	429
67	432
67	435
67	438
67	441
67	445
67	448
67	452
67	456
67	459
67	464
67	468
67	473
67	478
67	484
67	491
67	499
67	509
68	290
68	300
68	309
68	316
68	322
68	327
68	332
68	336
68	341
68	344
68	348
68	351
68	354
68	358
68	361
68	363
68	367
68	370
68	372
68	375
68	378
68	381
68	383
68	386
68	389
68	391
68	394
68	397
68	399
68	402
68	404
68	407
68	409
68	412
68	414
68	417
68	419
68	422
68	425
68	427
68	430
68	433
68	436
68	439
68	442
68	446
68	449
68	453
68	457
68	461
68	466
68	470
68	476
68	482
68	489
68	497
68	507
69	357
69	368
69	377
69	385
69	393
69	400
69	407
69	414
69	421
69	428
69	436
69	445
69	455
70	237
70	249
70	260
70	271
70	283
71	210
71	220
71	228
71	235
71	242
71	248
71	254
71	260
71	266
71	272
71	278
71	284
71	290
71	296
71	302
71	308
71	315
71	322
71	330
71	338
71	347
71	356
71	366
71	377
72	207
72	214
72	221
72	225
72	231
72	234
72	239
72	242
72	246
72	249
72	252
72	256
72	259
72	262
72	265
72	268
72	271
72	274
72	277
72	280
72	283
72	286
72	289
72	292
72	295
72	298
72	301
72	304
72	307
72	310
72	314
72	317
72	321
72	324
72	328
72	332
72	336
72	340
72	344
72	348
72	353
72	357
72	362
72	367
72	372
72	378
72	384
72	390
72	396
72	403
72	410
72	417
72	424
72	431
72	438
72	445
72	453
72	461
72	470
72	481
73	208
73	215
73	221
73	225
73	230
73	233
73	237
73	240
73	243
73	246
73	249
73	252
73	254
73	257
73	260
73	262
73	265
73	267
73	270
73	272
73	275
73	277
73	280
73	282
73	284
73	287
73	289
73	292
73	294
73	296
73	299
73	301
73	304
73	306
73	308
73	311
73	313
73	316
73	318
73	321
73	323
73	326
73	328
73	331
73	334
73	336
73	339
73	342
73	344
73	347
73	350
73	353
73	356
73	359
73	362
73	365
73	368
73	371
73	375
73	378
73	381
73	385
73	388
73	392
73	395
73	399
73	403
73	406
73	410
73	414
73	418
73	422
73	426
73	430
73	434
73	438
73	442
73	446
73	450
73	455
73	459
73	464
73	469
73	475
73	481
73	488
73	496
73	506
74	216
74	225
74	233
74	240
74	246
74	252
74	258
74	263
74	269
74	274
74	279
74	284
74	289
74	294
74	298
74	303
74	307
74	312
74	316
74	320
74	324
74	328
74	332
74	336
74	340
74	344
74	348
74	352
74	355
74	359
74	363
74	366
74	370
74	374
74	377
74	381
74	384
74	388
74	391
74	395
74	398
74	402
74	405
74	409
74	413
74	416
74	420
74	424
74	427
74	431
74	435
74	439
74	443
74	447
74	451
74	456
74	460
74	465
74	470
74	476
74	482
74	489
74	497
74	507
75	377
75	388
75	399
75	409
75	419
75	429
75	440
-1	-1
