-1	-1
0	2
0	10
0	18
0	24
0	28
0	32
0	36
0	40
0	44
0	48
0	50
0	54
0	58
0	60
0	64
0	66
0	70
0	74
0	76
0	80
0	84
0	86
0	90
0	94
0	98
0	102
0	108
0	112
0	118
0	124
0	130
0	136
0	144
0	154
0	164
1	10
1	20
1	28
1	34
1	40
1	46
1	52
1	58
1	64
1	68
1	74
1	78
1	84
1	90
1	96
1	104
1	110
1	118
1	128
1	138
2	18
2	28
2	36
2	42
2	50
2	56
2	62
2	70
2	76
2	82
2	90
2	96
2	104
2	114
2	124
2	136
3	18
3	28
3	36
3	44
3	52
3	60
3	66
3	74
3	82
3	90
3	98
3	108
3	120
4	20
4	30
4	40
4	48
4	56
4	64
4	72
4	80
4	88
4	96
4	106
4	118
5	28
5	38
5	46
5	56
5	64
5	72
5	82
5	90
5	100
5	112
6	22
6	32
6	40
6	48
6	56
6	64
6	72
6	80
6	88
6	98
6	106
6	116
6	126
6	136
6	146
6	156
6	168
6	178
6	190
6	200
6	212
6	224
6	236
6	246
6	258
6	268
6	280
6	294
7	10
7	20
7	30
7	38
7	44
7	50
7	56
7	62
7	68
7	74
7	80
7	88
7	94
7	102
7	108
7	116
7	124
7	132
7	140
7	148
7	156
7	164
7	172
7	180
7	190
7	198
7	208
7	216
7	226
7	236
7	246
7	256
7	266
7	276
7	286
7	296
7	308
7	318
7	330
7	340
7	352
7	362
7	374
7	384
7	396
7	406
7	416
7	426
7	436
7	446
7	456
7	464
7	474
7	482
7	492
7	500
7	510
7	520
7	530
7	540
7	552
8	2
8	10
8	18
8	24
8	30
8	34
8	40
8	46
8	50
8	56
8	60
8	66
8	70
8	76
8	80
8	86
8	92
8	98
8	104
8	110
8	116
8	124
8	130
8	138
8	144
8	152
8	158
8	166
8	172
8	180
8	188
8	196
8	204
8	214
8	222
8	232
8	240
8	250
8	260
8	270
8	280
8	290
8	300
8	310
8	320
8	330
8	340
8	350
8	360
8	370
8	380
8	390
8	400
8	408
8	416
8	424
8	432
8	440
8	448
8	456
8	462
8	470
8	476
8	484
8	490
8	498
8	504
8	512
8	518
8	526
8	534
8	542
8	552
8	562
8	572
8	584
8	596
8	608
8	622
9	14
9	24
9	32
9	40
9	48
9	54
9	60
9	66
9	72
9	78
9	84
9	90
9	96
9	102
9	108
9	114
9	122
9	128
9	136
9	142
9	150
9	156
9	164
9	170
9	178
9	186
9	194
9	202
9	210
9	220
9	228
9	236
9	244
9	252
9	260
9	268
9	276
9	284
9	292
9	300
9	308
9	316
9	324
9	332
9	340
9	348
9	356
9	364
9	374
9	382
9	392
9	400
9	410
9	418
9	426
9	434
9	442
9	448
9	456
9	462
9	468
9	476
9	482
9	488
9	494
9	500
9	506
9	512
9	518
9	524
9	530
9	538
9	544
9	552
9	560
9	568
9	578
9	586
9	596
9	606
9	616
9	626
9	638
9	648
10	8
10	18
10	26
10	34
10	40
10	46
10	52
10	56
10	60
10	64
10	70
10	74
10	78
10	84
10	88
10	92
10	98
10	102
10	108
10	114
10	118
10	124
10	130
10	136
10	142
10	148
10	156
10	162
10	168
10	176
10	182
10	190
10	196
10	204
10	212
10	220
10	228
10	236
10	242
10	250
10	256
10	264
10	272
10	280
10	288
10	296
10	304
10	312
10	320
10	328
10	336
10	344
10	350
10	358
10	364
10	370
10	376
10	382
10	388
10	394
10	400
10	404
10	410
10	414
10	420
10	424
10	428
10	432
10	438
10	442
10	446
10	450
10	456
10	460
10	464
10	468
10	474
10	478
10	484
10	488
10	494
10	498
10	504
10	508
10	514
10	520
10	526
10	532
10	538
10	544
10	550
10	558
10	566
10	574
10	584
10	594
10	604
10	614
10	622
10	632
10	640
10	650
10	662
11	8
11	16
11	24
11	30
11	36
11	42
11	48
11	52
11	58
11	62
11	68
11	72
11	78
11	82
11	88
11	92
11	98
11	104
11	110
11	116
11	122
11	128
11	136
11	142
11	148
11	156
11	162
11	170
11	176
11	184
11	192
11	200
11	206
11	214
11	220
11	228
11	234
11	242
11	248
11	256
11	262
11	270
11	276
11	282
11	288
11	296
11	302
11	310
11	316
11	324
11	330
11	338
11	344
11	352
11	358
11	364
11	372
11	378
11	384
11	390
11	396
11	402
11	408
11	414
11	420
11	424
11	430
11	436
11	440
11	446
11	450
11	454
11	460
11	464
11	468
11	472
11	478
11	482
11	486
11	490
11	496
11	500
11	504
11	510
11	514
11	520
11	524
11	530
11	536
11	540
11	546
11	552
11	560
11	568
11	574
11	582
11	588
11	596
11	602
11	610
11	616
11	624
11	632
11	640
11	650
11	660
11	670
12	2
12	10
12	18
12	24
12	30
12	36
12	40
12	46
12	50
12	56
12	60
12	66
12	70
12	76
12	80
12	86
12	92
12	96
12	102
12	108
12	116
12	122
12	130
12	136
12	144
12	150
12	158
12	164
12	172
12	178
12	186
12	192
12	200
12	206
12	214
12	220
12	228
12	234
12	240
12	246
12	252
12	258
12	264
12	270
12	276
12	282
12	288
12	294
12	300
12	306
12	312
12	318
12	324
12	330
12	336
12	342
12	348
12	354
12	358
12	364
12	368
12	374
12	378
12	384
12	388
12	394
12	398
12	402
12	408
12	412
12	416
12	420
12	426
12	430
12	434
12	438
12	442
12	446
12	450
12	454
12	458
12	462
12	466
12	470
12	476
12	480
12	484
12	490
12	494
12	500
12	504
12	510
12	516
12	522
12	528
12	534
12	540
12	548
12	556
12	564
12	574
12	582
12	590
12	596
12	604
12	610
12	618
12	624
12	632
12	638
12	646
12	656
12	666
12	676
13	2
13	10
13	18
13	24
13	28
13	34
13	38
13	42
13	46
13	50
13	54
13	58
13	62
13	66
13	70
13	76
13	80
13	84
13	90
13	94
13	100
13	106
13	112
13	118
13	124
13	130
13	136
13	142
13	148
13	154
13	160
13	166
13	172
13	178
13	184
13	190
13	196
13	202
13	208
13	214
13	220
13	226
13	230
13	236
13	242
13	248
13	252
13	258
13	262
13	268
13	272
13	278
13	284
13	290
13	294
13	300
13	306
13	312
13	318
13	322
13	328
13	334
13	340
13	344
13	350
13	356
13	360
13	366
13	370
13	376
13	380
13	386
13	390
13	396
13	400
13	406
13	410
13	414
13	420
13	424
13	428
13	432
13	438
13	442
13	446
13	450
13	456
13	460
13	464
13	468
13	474
13	478
13	484
13	488
13	494
13	500
13	506
13	514
13	520
13	528
13	536
13	544
13	554
13	564
13	574
13	584
13	594
13	602
13	610
13	618
13	626
13	634
13	642
13	650
13	660
13	670
14	2
14	10
14	18
14	24
14	30
14	34
14	38
14	42
14	46
14	50
14	54
14	58
14	62
14	66
14	70
14	76
14	80
14	84
14	88
14	94
14	98
14	104
14	108
14	114
14	120
14	126
14	130
14	136
14	142
14	148
14	152
14	158
14	162
14	168
14	172
14	178
14	182
14	188
14	192
14	198
14	202
14	208
14	212
14	218
14	222
14	228
14	232
14	238
14	242
14	248
14	252
14	258
14	262
14	268
14	272
14	278
14	282
14	288
14	292
14	298
14	302
14	308
14	312
14	318
14	322
14	328
14	332
14	338
14	342
14	348
14	352
14	358
14	362
14	368
14	372
14	378
14	382
14	388
14	392
14	398
14	402
14	408
14	412
14	418
14	422
14	428
14	432
14	438
14	442
14	448
14	454
14	458
14	464
14	470
14	476
14	482
14	488
14	494
14	502
14	510
14	518
14	526
14	536
14	546
14	588
14	600
14	610
14	620
14	630
14	640
14	650
15	2
15	10
15	18
15	24
15	30
15	36
15	42
15	46
15	50
15	54
15	60
15	64
15	68
15	72
15	78
15	82
15	86
15	92
15	96
15	102
15	106
15	112
15	116
15	122
15	126
15	132
15	136
15	142
15	146
15	150
15	154
15	160
15	164
15	168
15	172
15	176
15	180
15	184
15	188
15	192
15	196
15	200
15	204
15	208
15	212
15	218
15	222
15	226
15	230
15	234
15	238
15	242
15	246
15	250
15	254
15	258
15	264
15	268
15	272
15	276
15	282
15	286
15	290
15	296
15	300
15	306
15	310
15	316
15	320
15	326
15	330
15	336
15	340
15	346
15	350
15	356
15	360
15	366
15	370
15	376
15	380
15	386
15	392
15	398
15	402
15	408
15	414
15	420
15	426
15	432
15	438
15	444
15	450
15	456
15	462
15	468
15	474
15	480
15	486
15	494
15	502
15	510
15	518
15	526
15	536
15	548
15	590
15	602
15	612
15	622
15	632
15	642
15	654
16	2
16	10
16	18
16	24
16	30
16	36
16	42
16	48
16	52
16	58
16	62
16	68
16	72
16	78
16	84
16	90
16	96
16	102
16	108
16	114
16	120
16	124
16	130
16	134
16	140
16	144
16	148
16	154
16	158
16	162
16	166
16	170
16	174
16	178
16	182
16	186
16	190
16	194
16	198
16	202
16	206
16	210
16	214
16	218
16	222
16	226
16	230
16	234
16	238
16	244
16	248
16	252
16	256
16	262
16	266
16	272
16	276
16	282
16	286
16	292
16	296
16	302
16	308
16	314
16	318
16	324
16	330
16	336
16	342
16	346
16	352
16	358
16	364
16	368
16	374
16	380
16	386
16	392
16	398
16	404
16	410
16	416
16	422
16	428
16	434
16	442
16	448
16	454
16	462
16	468
16	476
16	482
16	490
16	498
16	506
16	516
16	524
16	534
16	544
16	554
16	566
16	592
16	604
16	614
16	626
16	636
16	648
17	2
17	10
17	18
17	24
17	30
17	34
17	40
17	46
17	50
17	56
17	60
17	64
17	70
17	74
17	80
17	84
17	90
17	94
17	100
17	104
17	110
17	114
17	120
17	124
17	128
17	132
17	136
17	140
17	144
17	148
17	152
17	156
17	160
17	164
17	168
17	172
17	176
17	180
17	184
17	188
17	192
17	198
17	202
17	206
17	210
17	216
17	220
17	226
17	230
17	236
17	240
17	246
17	252
17	258
17	264
17	270
17	276
17	282
17	288
17	294
17	300
17	306
17	312
17	316
17	322
17	328
17	332
17	338
17	342
17	348
17	352
17	358
17	362
17	368
17	372
17	378
17	382
17	388
17	392
17	398
17	402
17	408
17	412
17	418
17	422
17	428
17	432
17	438
17	442
17	448
17	452
17	458
17	462
17	468
17	472
17	478
17	484
17	488
17	494
17	500
17	508
17	514
17	522
17	530
17	538
17	548
17	556
17	566
17	576
17	586
17	596
17	608
17	618
17	628
17	638
17	648
17	658
17	668
17	682
18	4
18	12
18	20
18	26
18	32
18	36
18	42
18	46
18	52
18	56
18	62
18	66
18	70
18	74
18	80
18	84
18	88
18	94
18	98
18	104
18	108
18	112
18	116
18	122
18	126
18	130
18	134
18	138
18	142
18	146
18	150
18	154
18	158
18	162
18	166
18	172
18	176
18	180
18	186
18	190
18	196
18	200
18	206
18	212
18	216
18	222
18	228
18	234
18	240
18	246
18	252
18	258
18	264
18	270
18	276
18	282
18	288
18	294
18	300
18	306
18	312
18	316
18	322
18	326
18	332
18	336
18	342
18	346
18	352
18	356
18	362
18	366
18	372
18	376
18	382
18	386
18	392
18	396
18	402
18	406
18	410
18	414
18	420
18	424
18	428
18	432
18	438
18	442
18	446
18	450
18	454
18	458
18	462
18	466
18	470
18	474
18	478
18	482
18	486
18	492
18	496
18	500
18	506
18	510
18	516
18	520
18	526
18	532
18	538
18	546
18	552
18	560
18	568
18	576
18	584
18	594
18	602
18	612
18	620
18	630
18	638
18	648
18	658
18	670
18	682
18	696
19	2
19	10
19	18
19	22
19	28
19	32
19	36
19	40
19	44
19	48
19	52
19	56
19	58
19	62
19	64
19	68
19	72
19	74
19	78
19	82
19	84
19	88
19	92
19	94
19	98
19	102
19	104
19	108
19	112
19	116
19	118
19	122
19	126
19	130
19	134
19	138
19	142
19	146
19	150
19	154
19	158
19	162
19	166
19	170
19	174
19	178
19	184
19	188
19	192
19	198
19	202
19	208
19	212
19	218
19	222
19	228
19	232
19	238
19	242
19	248
19	252
19	258
19	262
19	268
19	274
19	278
19	284
19	290
19	294
19	300
19	304
19	310
19	314
19	318
19	324
19	328
19	332
19	336
19	342
19	346
19	350
19	354
19	358
19	362
19	366
19	370
19	374
19	378
19	382
19	386
19	390
19	394
19	398
19	402
19	406
19	410
19	414
19	418
19	422
19	426
19	430
19	434
19	438
19	442
19	446
19	450
19	454
19	458
19	462
19	466
19	470
19	474
19	478
19	482
19	486
19	490
19	494
19	498
19	504
19	508
19	514
19	518
19	524
19	530
19	536
19	540
19	546
19	552
19	558
19	564
19	570
19	576
19	582
19	590
19	596
19	604
19	610
19	618
19	624
19	632
19	640
19	648
19	658
19	666
19	676
19	686
19	698
19	708
19	720
20	2
20	12
20	18
20	24
20	28
20	32
20	38
20	42
20	44
20	48
20	52
20	56
20	60
20	62
20	64
20	68
20	72
20	74
20	78
20	80
20	82
20	86
20	88
20	90
20	94
20	96
20	98
20	102
20	104
20	108
20	110
20	114
20	118
20	120
20	124
20	128
20	130
20	134
20	138
20	142
20	144
20	148
20	152
20	156
20	158
20	162
20	166
20	170
20	174
20	178
20	182
20	186
20	190
20	196
20	200
20	204
20	208
20	214
20	218
20	222
20	226
20	232
20	236
20	240
20	244
20	250
20	254
20	258
20	262
20	268
20	272
20	276
20	280
20	286
20	290
20	294
20	298
20	302
20	308
20	312
20	316
20	320
20	324
20	328
20	332
20	336
20	340
20	344
20	348
20	352
20	356
20	360
20	364
20	368
20	372
20	376
20	380
20	384
20	388
20	392
20	396
20	400
20	404
20	408
20	412
20	416
20	420
20	424
20	428
20	432
20	436
20	440
20	444
20	448
20	452
20	456
20	460
20	464
20	468
20	472
20	476
20	480
20	484
20	488
20	492
20	496
20	500
20	504
20	508
20	514
20	518
20	524
20	528
20	534
20	538
20	544
20	548
20	554
20	558
20	564
20	568
20	574
20	580
20	586
20	590
20	596
20	602
20	608
20	614
20	620
20	626
20	632
20	638
20	646
20	652
20	660
20	668
20	676
20	684
20	694
20	704
20	714
21	2
21	10
21	18
21	22
21	28
21	32
21	36
21	40
21	42
21	46
21	50
21	52
21	56
21	60
21	62
21	66
21	68
21	72
21	74
21	76
21	80
21	82
21	84
21	86
21	90
21	92
21	94
21	98
21	100
21	102
21	106
21	108
21	112
21	114
21	118
21	120
21	124
21	126
21	130
21	132
21	136
21	138
21	142
21	144
21	148
21	150
21	154
21	158
21	160
21	164
21	168
21	170
21	174
21	178
21	182
21	184
21	188
21	192
21	196
21	198
21	202
21	206
21	210
21	214
21	218
21	222
21	226
21	230
21	234
21	238
21	242
21	246
21	250
21	254
21	258
21	262
21	266
21	270
21	274
21	278
21	282
21	286
21	290
21	294
21	298
21	304
21	308
21	312
21	316
21	320
21	326
21	330
21	334
21	338
21	344
21	348
21	352
21	356
21	362
21	366
21	370
21	374
21	380
21	384
21	388
21	392
21	398
21	402
21	406
21	410
21	414
21	418
21	422
21	426
21	430
21	434
21	438
21	442
21	446
21	450
21	454
21	458
21	462
21	466
21	470
21	472
21	476
21	480
21	484
21	486
21	490
21	494
21	498
21	502
21	506
21	510
21	514
21	518
21	522
21	526
21	530
21	534
21	538
21	542
21	546
21	550
21	554
21	558
21	562
21	566
21	572
21	576
21	580
21	584
21	590
21	594
21	598
21	602
21	608
21	612
21	616
21	620
21	626
21	630
21	634
21	640
21	644
21	650
21	656
21	660
21	666
21	674
21	680
21	688
21	698
21	708
22	2
22	12
22	18
22	24
22	28
22	32
22	36
22	40
22	42
22	46
22	50
22	52
22	54
22	58
22	60
22	62
22	66
22	68
22	70
22	74
22	76
22	78
22	80
22	82
22	86
22	88
22	90
22	92
22	94
22	96
22	100
22	102
22	104
22	106
22	110
22	112
22	114
22	118
22	120
22	122
22	126
22	128
22	130
22	134
22	136
22	138
22	142
22	144
22	148
22	150
22	154
22	156
22	160
22	162
22	166
22	168
22	172
22	174
22	178
22	180
22	184
22	186
22	190
22	192
22	196
22	198
22	202
22	204
22	208
22	210
22	214
22	216
22	220
22	222
22	226
22	228
22	232
22	236
22	238
22	242
22	244
22	248
22	252
22	254
22	258
22	262
22	266
22	268
22	272
22	276
22	280
22	284
22	288
22	292
22	296
22	300
22	304
22	308
22	312
22	316
22	320
22	324
22	328
22	332
22	336
22	340
22	344
22	348
22	352
22	356
22	360
22	364
22	368
22	372
22	376
22	380
22	384
22	388
22	392
22	396
22	400
22	402
22	406
22	410
22	414
22	418
22	422
22	424
22	428
22	432
22	436
22	440
22	442
22	446
22	450
22	454
22	456
22	460
22	464
22	466
22	470
22	472
22	476
22	480
22	482
22	486
22	488
22	492
22	494
22	498
22	500
22	504
22	506
22	510
22	514
22	516
22	520
22	524
22	526
22	530
22	534
22	536
22	540
22	544
22	546
22	550
22	554
22	556
22	560
22	564
22	568
22	570
22	574
22	578
22	582
22	584
22	588
22	592
22	596
22	598
22	602
22	606
22	610
22	614
22	618
22	622
22	626
22	630
22	634
22	638
22	642
22	646
22	650
22	656
22	660
22	666
22	670
22	676
22	682
22	690
22	698
22	706
22	716
23	2
23	10
23	16
23	22
23	26
23	32
23	34
23	40
23	42
23	46
23	48
23	52
23	54
23	58
23	60
23	62
23	64
23	68
23	70
23	72
23	76
23	78
23	80
23	84
23	86
23	88
23	92
23	94
23	98
23	100
23	104
23	106
23	108
23	112
23	114
23	118
23	120
23	124
23	126
23	130
23	132
23	136
23	138
23	142
23	144
23	148
23	150
23	154
23	156
23	160
23	162
23	166
23	168
23	172
23	174
23	178
23	180
23	184
23	186
23	190
23	192
23	196
23	198
23	202
23	204
23	208
23	210
23	214
23	216
23	220
23	222
23	226
23	228
23	232
23	234
23	238
23	240
23	244
23	246
23	250
23	254
23	256
23	260
23	264
23	266
23	270
23	274
23	276
23	280
23	284
23	288
23	292
23	294
23	298
23	302
23	306
23	308
23	312
23	316
23	318
23	322
23	324
23	328
23	332
23	334
23	338
23	342
23	344
23	348
23	352
23	354
23	358
23	362
23	364
23	368
23	372
23	374
23	378
23	382
23	384
23	388
23	392
23	394
23	398
23	400
23	404
23	406
23	410
23	412
23	414
23	418
23	420
23	422
23	426
23	428
23	430
23	434
23	436
23	438
23	440
23	444
23	446
23	448
23	450
23	452
23	456
23	458
23	460
23	462
23	464
23	466
23	470
23	472
23	474
23	476
23	478
23	480
23	482
23	484
23	486
23	490
23	494
23	498
23	500
23	502
23	504
23	506
23	508
23	510
23	512
23	514
23	516
23	518
23	522
23	524
23	526
23	528
23	530
23	532
23	536
23	538
23	540
23	542
23	544
23	548
23	550
23	552
23	556
23	558
23	560
23	564
23	566
23	568
23	572
23	574
23	578
23	580
23	584
23	588
23	590
23	594
23	598
23	602
23	606
23	610
23	614
23	618
23	622
23	626
23	630
23	634
23	638
23	642
23	646
23	650
23	654
23	658
23	664
23	668
23	672
23	678
23	682
23	688
23	694
23	702
23	708
23	716
24	2
24	10
24	18
24	22
24	28
24	32
24	36
24	40
24	44
24	48
24	52
24	54
24	58
24	62
24	64
24	68
24	70
24	74
24	76
24	80
24	84
24	86
24	90
24	94
24	98
24	100
24	104
24	108
24	112
24	116
24	118
24	122
24	126
24	130
24	134
24	138
24	140
24	144
24	148
24	152
24	154
24	158
24	162
24	166
24	168
24	172
24	176
24	178
24	182
24	186
24	188
24	192
24	194
24	198
24	200
24	204
24	206
24	210
24	212
24	216
24	218
24	222
24	224
24	228
24	230
24	234
24	236
24	240
24	242
24	246
24	248
24	252
24	254
24	258
24	260
24	264
24	266
24	270
24	272
24	276
24	278
24	282
24	286
24	288
24	292
24	294
24	298
24	300
24	304
24	306
24	310
24	314
24	316
24	320
24	322
24	326
24	328
24	332
24	334
24	338
24	340
24	342
24	346
24	348
24	352
24	354
24	356
24	360
24	362
24	364
24	368
24	370
24	372
24	374
24	378
24	380
24	382
24	386
24	388
24	390
24	392
24	394
24	398
24	400
24	402
24	404
24	406
24	408
24	410
24	412
24	414
24	416
24	418
24	420
24	422
24	424
24	426
24	428
24	430
24	432
24	434
24	436
24	438
24	440
24	442
24	444
24	446
24	448
24	450
24	452
24	454
24	456
24	458
24	460
24	462
24	464
24	466
24	468
24	470
24	472
24	474
24	476
24	478
24	480
24	482
24	484
24	486
24	488
24	490
24	492
24	494
24	496
24	498
24	500
24	502
24	504
24	506
24	508
24	510
24	512
24	514
24	516
24	518
24	520
24	522
24	524
24	526
24	528
24	530
24	532
24	534
24	536
24	538
24	540
24	542
24	544
24	546
24	548
24	550
24	554
24	556
24	558
24	560
24	564
24	566
24	568
24	572
24	576
24	578
24	582
24	586
24	588
24	592
24	596
24	600
24	604
24	608
24	614
24	618
24	622
24	628
24	632
24	636
24	640
24	646
24	650
24	654
24	660
24	664
24	670
24	674
24	680
24	686
24	692
24	698
24	706
24	714
25	4
25	12
25	20
25	26
25	32
25	36
25	40
25	44
25	48
25	52
25	56
25	58
25	62
25	66
25	70
25	72
25	76
25	80
25	84
25	86
25	90
25	94
25	98
25	102
25	106
25	108
25	112
25	116
25	120
25	124
25	128
25	130
25	134
25	138
25	142
25	146
25	150
25	152
25	156
25	160
25	164
25	168
25	172
25	174
25	178
25	182
25	186
25	188
25	192
25	196
25	200
25	202
25	206
25	208
25	212
25	214
25	218
25	220
25	224
25	226
25	230
25	232
25	234
25	238
25	240
25	242
25	244
25	248
25	250
25	252
25	254
25	256
25	258
25	262
25	266
25	268
25	270
25	272
25	274
25	276
25	278
25	280
25	282
25	284
25	286
25	288
25	290
25	292
25	294
25	296
25	298
25	300
25	302
25	304
25	306
25	308
25	310
25	312
25	316
25	318
25	320
25	322
25	324
25	326
25	328
25	330
25	332
25	334
25	336
25	338
25	340
25	342
25	344
25	346
25	348
25	350
25	352
25	354
25	356
25	358
25	360
25	362
25	364
25	366
25	368
25	370
25	372
25	374
25	376
25	378
25	380
25	382
25	384
25	386
25	388
25	390
25	392
25	394
25	396
25	398
25	400
25	402
25	404
25	406
25	408
25	410
25	412
25	414
25	416
25	418
25	420
25	422
25	424
25	426
25	428
25	430
25	432
25	434
25	436
25	438
25	440
25	442
25	444
25	446
25	448
25	450
25	452
25	454
25	456
25	458
25	460
25	462
25	464
25	466
25	468
25	470
25	472
25	474
25	476
25	478
25	480
25	482
25	484
25	486
25	488
25	490
25	492
25	494
25	496
25	498
25	500
25	502
25	504
25	506
25	508
25	510
25	514
25	516
25	518
25	520
25	524
25	526
25	528
25	532
25	536
25	538
25	542
25	546
25	548
25	552
25	556
25	560
25	566
25	570
25	576
25	580
25	586
25	592
25	598
25	606
25	612
25	620
25	626
25	632
25	638
25	644
25	650
25	656
25	662
25	668
25	674
25	680
25	686
25	694
25	702
25	710
25	720
26	2
26	12
26	20
26	26
26	32
26	38
26	42
26	48
26	52
26	56
26	62
26	64
26	70
26	72
26	76
26	80
26	84
26	88
26	92
26	96
26	100
26	102
26	106
26	110
26	114
26	116
26	120
26	124
26	126
26	130
26	132
26	136
26	140
26	142
26	146
26	148
26	152
26	154
26	158
26	160
26	164
26	166
26	170
26	174
26	176
26	180
26	184
26	186
26	190
26	194
26	198
26	200
26	204
26	208
26	212
26	214
26	218
26	222
26	224
26	228
26	230
26	232
26	236
26	238
26	240
26	242
26	244
26	248
26	250
26	252
26	254
26	256
26	258
26	260
26	262
26	264
26	266
26	268
26	270
26	272
26	274
26	276
26	278
26	280
26	282
26	284
26	286
26	288
26	290
26	292
26	294
26	296
26	298
26	300
26	302
26	304
26	306
26	308
26	310
26	312
26	314
26	316
26	318
26	320
26	322
26	324
26	326
26	328
26	330
26	332
26	334
26	336
26	338
26	340
26	342
26	344
26	346
26	348
26	350
26	352
26	354
26	356
26	358
26	360
26	362
26	364
26	366
26	368
26	370
26	372
26	374
26	376
26	378
26	380
26	382
26	384
26	386
26	388
26	390
26	392
26	394
26	396
26	398
26	400
26	402
26	404
26	406
26	408
26	410
26	412
26	414
26	416
26	418
26	420
26	422
26	424
26	426
26	428
26	430
26	432
26	434
26	436
26	438
26	440
26	442
26	444
26	446
26	448
26	450
26	454
26	456
26	458
26	460
26	462
26	466
26	470
26	472
26	474
26	476
26	478
26	480
26	484
26	486
26	488
26	490
26	494
26	496
26	498
26	502
26	506
26	508
26	512
26	516
26	520
26	524
26	528
26	532
26	538
26	542
26	548
26	554
26	562
26	568
26	576
26	586
26	594
26	604
26	612
26	620
26	626
26	634
26	640
26	646
26	652
26	658
26	664
26	670
26	676
26	684
26	690
26	698
26	706
26	716
27	2
27	12
27	20
27	26
27	32
27	38
27	44
27	50
27	56
27	62
27	66
27	72
27	76
27	82
27	86
27	90
27	94
27	98
27	102
27	106
27	110
27	112
27	114
27	118
27	122
27	124
27	126
27	130
27	132
27	134
27	136
27	140
27	142
27	144
27	146
27	150
27	152
27	154
27	156
27	158
27	160
27	164
27	166
27	168
27	170
27	172
27	174
27	176
27	180
27	182
27	184
27	186
27	188
27	190
27	194
27	196
27	198
27	200
27	202
27	204
27	208
27	210
27	212
27	214
27	216
27	218
27	220
27	222
27	224
27	226
27	228
27	230
27	232
27	234
27	236
27	238
27	240
27	242
27	244
27	246
27	248
27	250
27	252
27	254
27	256
27	258
27	260
27	262
27	264
27	266
27	268
27	270
27	272
27	274
27	276
27	278
27	280
27	282
27	284
27	286
27	288
27	290
27	292
27	294
27	296
27	298
27	300
27	302
27	304
27	306
27	308
27	310
27	312
27	314
27	316
27	318
27	320
27	322
27	324
27	326
27	328
27	330
27	332
27	334
27	336
27	338
27	340
27	342
27	344
27	346
27	348
27	350
27	352
27	354
27	356
27	358
27	362
27	364
27	366
27	368
27	370
27	372
27	374
27	376
27	378
27	380
27	382
27	384
27	386
27	388
27	392
27	394
27	396
27	398
27	400
27	402
27	406
27	408
27	410
27	412
27	416
27	418
27	420
27	424
27	426
27	428
27	432
27	434
27	436
27	440
27	442
27	446
27	448
27	452
27	454
27	458
27	460
27	464
27	466
27	470
27	474
27	476
27	480
27	484
27	488
27	492
27	496
27	500
27	504
27	508
27	514
27	520
27	526
27	534
27	542
27	550
27	560
27	574
27	608
27	620
27	632
27	642
27	650
27	660
27	668
27	678
27	686
27	696
27	706
27	718
28	2
28	12
28	20
28	28
28	34
28	40
28	46
28	52
28	58
28	62
28	68
28	72
28	78
28	82
28	86
28	92
28	94
28	100
28	102
28	106
28	110
28	112
28	116
28	118
28	122
28	124
28	126
28	130
28	132
28	134
28	136
28	138
28	142
28	144
28	146
28	148
28	150
28	152
28	154
28	156
28	160
28	162
28	164
28	166
28	168
28	170
28	172
28	174
28	176
28	178
28	180
28	182
28	184
28	186
28	188
28	190
28	192
28	194
28	196
28	198
28	200
28	202
28	204
28	206
28	208
28	210
28	212
28	214
28	216
28	218
28	220
28	222
28	224
28	226
28	228
28	230
28	232
28	234
28	236
28	238
28	240
28	242
28	244
28	246
28	248
28	250
28	252
28	254
28	256
28	258
28	260
28	264
28	266
28	268
28	270
28	272
28	274
28	276
28	280
28	282
28	284
28	286
28	288
28	292
28	294
28	296
28	300
28	302
28	306
28	308
28	310
28	314
28	316
28	320
28	324
28	326
28	330
28	332
28	336
28	340
28	342
28	346
28	350
28	354
28	356
28	360
28	364
28	368
28	372
28	376
28	380
28	384
28	388
28	392
28	396
28	400
28	404
28	408
28	412
28	416
28	420
28	424
28	428
28	434
28	438
28	442
28	446
28	452
28	456
28	462
28	466
28	472
28	476
28	482
28	486
28	492
28	498
28	504
28	512
28	518
28	526
28	536
28	546
28	652
29	18
29	28
29	38
29	46
29	52
29	60
29	66
29	72
29	78
29	84
29	88
29	94
29	98
29	102
29	106
29	110
29	112
29	116
29	118
29	122
29	124
29	126
29	130
29	132
29	134
29	136
29	138
29	140
29	142
29	144
29	148
29	152
29	154
29	156
29	158
29	160
29	162
29	164
29	166
29	168
29	170
29	172
29	174
29	178
29	180
29	182
29	184
29	186
29	188
29	190
29	192
29	194
29	196
29	198
29	200
29	202
29	204
29	206
29	208
29	210
29	212
29	214
29	216
29	218
29	220
29	222
29	224
29	226
29	228
29	230
29	232
29	234
29	236
29	238
29	240
29	242
29	244
29	246
29	248
29	250
29	252
29	254
29	256
29	258
29	260
29	262
29	266
29	270
29	272
29	274
29	276
29	278
29	282
29	284
29	286
29	290
29	292
29	296
29	298
29	302
29	304
29	308
29	312
29	314
29	318
29	322
29	326
29	330
29	334
29	338
29	342
29	346
29	350
29	354
29	358
29	364
29	368
29	372
29	376
29	382
29	386
29	392
29	396
29	402
29	406
29	412
29	418
29	424
29	430
29	436
29	442
29	448
29	454
29	462
29	468
29	476
29	482
29	490
29	498
29	506
29	516
29	526
30	20
30	30
30	40
30	48
30	56
30	64
30	70
30	76
30	82
30	88
30	92
30	98
30	102
30	106
30	110
30	112
30	116
30	120
30	122
30	126
30	128
30	132
30	134
30	138
30	140
30	142
30	144
30	148
30	150
30	152
30	154
30	156
30	158
30	162
30	164
30	166
30	168
30	170
30	172
30	176
30	178
30	180
30	182
30	184
30	186
30	190
30	192
30	194
30	196
30	200
30	202
30	204
30	206
30	210
30	212
30	214
30	218
30	220
30	222
30	226
30	228
30	230
30	234
30	236
30	238
30	242
30	244
30	246
30	250
30	252
30	256
30	258
30	260
30	264
30	266
30	270
30	272
30	276
30	278
30	282
30	286
30	288
30	292
30	296
30	300
30	304
30	308
30	312
30	316
30	320
30	324
30	328
30	332
30	336
30	342
30	346
30	352
30	356
30	362
30	366
30	372
30	378
30	384
30	390
30	396
30	402
30	408
30	414
30	420
30	426
30	432
30	440
30	446
30	454
30	460
30	468
30	476
30	484
30	492
30	502
30	514
31	18
31	28
31	36
31	44
31	52
31	58
31	64
31	70
31	76
31	80
31	86
31	90
31	96
31	100
31	104
31	110
31	114
31	118
31	122
31	126
31	130
31	132
31	136
31	140
31	144
31	146
31	150
31	154
31	156
31	160
31	164
31	166
31	170
31	174
31	178
31	180
31	184
31	188
31	192
31	196
31	198
31	202
31	206
31	210
31	214
31	218
31	222
31	226
31	232
31	236
31	240
31	246
31	250
31	256
31	260
31	266
31	272
31	278
31	284
31	290
31	296
31	302
31	310
31	316
31	324
31	330
31	338
31	344
31	352
31	358
31	366
31	374
31	382
31	392
31	400
31	410
31	418
31	428
31	438
31	448
31	460
31	470
31	484
32	16
32	26
32	34
32	42
32	48
32	54
32	60
32	66
32	70
32	76
32	80
32	86
32	90
32	96
32	100
32	106
32	110
32	116
32	120
32	126
32	130
32	134
32	140
32	144
32	148
32	152
32	156
32	160
32	164
32	168
32	172
32	176
32	180
32	184
32	188
32	192
32	196
32	202
32	206
32	210
32	216
32	220
32	226
32	230
32	236
32	242
32	248
32	254
32	262
32	268
32	276
32	284
32	292
32	300
32	308
32	318
32	326
32	336
32	346
32	358
32	368
33	12
33	22
33	32
33	40
33	46
33	54
33	60
33	64
33	70
33	76
33	80
33	86
33	90
33	96
33	100
33	106
33	112
33	118
33	122
33	128
33	134
33	140
33	146
33	152
33	158
33	164
33	170
33	176
33	182
33	186
33	192
33	196
33	202
33	206
33	212
33	216
33	222
33	226
33	232
33	236
33	242
33	248
33	252
33	258
33	264
33	270
33	278
33	284
33	292
33	300
33	308
33	316
33	326
33	336
33	348
33	358
33	372
34	18
34	28
34	36
34	44
34	52
34	58
34	64
34	70
34	76
34	82
34	88
34	94
34	100
34	106
34	112
34	118
34	124
34	130
34	136
34	142
34	148
34	154
34	160
34	166
34	174
34	180
34	188
34	194
34	202
34	210
34	218
34	226
34	234
34	242
34	248
34	256
34	262
34	270
34	278
34	286
34	294
34	304
34	314
34	324
34	334
34	346
35	20
35	30
35	38
35	48
35	56
35	64
35	72
35	80
35	88
35	96
35	104
35	112
35	120
35	128
35	134
35	142
35	148
35	156
35	162
35	170
35	178
35	186
35	196
35	204
35	214
35	226
35	238
36	30
36	40
36	52
36	62
36	72
36	82
36	90
36	100
36	108
36	118
36	126
36	134
36	142
36	150
36	158
36	166
36	174
36	182
36	190
36	198
36	208
36	218
36	228
36	238
36	252
36	268
36	280
36	290
36	302
36	312
36	324
36	336
37	30
37	40
37	50
37	60
37	70
37	80
37	88
37	98
37	106
37	116
37	126
37	136
37	146
37	156
37	166
37	174
37	184
37	192
37	202
37	210
37	220
37	228
37	238
37	248
37	258
37	268
37	278
37	290
37	300
37	312
37	322
37	334
37	344
37	356
38	50
38	62
38	74
38	84
38	96
38	106
38	118
38	128
38	140
38	150
38	160
38	170
38	180
38	190
38	200
38	210
38	220
38	228
38	238
38	246
38	256
38	264
38	274
38	284
38	296
39	52
39	64
39	76
39	88
39	100
39	112
39	124
39	134
39	144
39	154
39	162
39	172
39	180
39	190
39	200
39	210
39	220
39	232
39	244
39	256
39	268
39	280
40	32
40	42
40	54
40	64
40	74
40	86
40	128
40	140
40	152
40	162
40	172
40	182
40	192
40	202
40	212
40	222
41	32
41	44
41	56
41	158
41	170
41	182
41	194
41	206
42	30
42	42
42	52
42	66
42	178
42	190
42	200
42	212
42	222
42	234
42	244
42	256
43	198
43	210
43	222
43	232
43	242
43	252
43	262
43	274
43	286
45	158
45	170
45	180
45	192
45	202
45	212
45	222
45	234
46	178
46	190
46	202
46	212
46	224
46	234
46	246
46	258
46	270
49	210
49	222
49	234
49	244
49	256
49	268
50	260
50	274
51	148
51	160
51	170
51	182
51	192
51	204
52	160
52	170
52	182
52	192
52	202
52	212
52	222
52	234
52	244
52	256
53	236
53	248
53	260
53	272
53	282
53	294
53	306
53	320
59	176
59	188
59	200
59	210
59	222
59	232
59	244
59	256
60	162
60	172
60	182
60	192
60	200
60	210
60	218
60	226
60	234
60	242
60	250
60	258
60	266
60	274
60	282
60	292
60	300
60	310
60	320
60	330
60	342
60	354
61	190
61	200
61	210
61	220
61	230
61	238
61	246
61	254
61	262
61	270
61	278
61	286
61	294
61	302
61	310
61	318
61	326
61	334
61	342
61	350
61	358
61	368
61	376
61	386
61	394
61	404
61	414
61	424
61	434
61	446
61	456
61	468
61	482
62	206
62	218
62	230
62	240
62	252
62	262
62	272
62	282
62	292
62	302
62	312
62	322
62	330
62	340
62	348
62	358
62	366
62	376
62	384
62	394
62	402
62	412
62	420
62	430
62	438
62	448
62	458
62	468
62	478
62	488
62	498
62	508
63	142
63	154
63	164
63	172
63	182
63	190
63	198
63	206
63	212
63	220
63	226
63	234
63	240
63	248
63	254
63	262
63	270
63	278
63	286
63	294
63	302
63	310
63	318
63	328
63	336
63	346
63	354
63	364
63	374
63	384
63	394
63	404
63	414
63	424
63	434
63	446
63	456
63	468
63	478
63	490
64	118
64	128
64	138
64	148
64	156
64	162
64	170
64	176
64	182
64	186
64	192
64	196
64	202
64	206
64	210
64	216
64	220
64	224
64	228
64	232
64	236
64	240
64	244
64	248
64	252
64	256
64	260
64	266
64	270
64	274
64	278
64	284
64	288
64	292
64	298
64	302
64	308
64	312
64	318
64	322
64	328
64	334
64	338
64	344
64	350
64	356
64	362
64	368
64	376
64	382
64	388
64	396
64	402
64	410
64	416
64	424
64	432
64	440
64	448
64	456
64	466
64	474
64	484
64	492
64	502
64	512
64	522
64	532
64	542
64	552
65	102
65	112
65	122
65	132
65	140
65	150
65	158
65	166
65	172
65	180
65	186
65	192
65	198
65	202
65	208
65	212
65	216
65	222
65	224
65	230
65	232
65	236
65	240
65	244
65	248
65	250
65	254
65	258
65	262
65	264
65	268
65	272
65	274
65	278
65	280
65	284
65	286
65	290
65	292
65	296
65	298
65	302
65	304
65	308
65	310
65	314
65	316
65	320
65	324
65	326
65	330
65	332
65	336
65	340
65	342
65	346
65	350
65	352
65	356
65	360
65	364
65	366
65	370
65	374
65	378
65	382
65	384
65	388
65	392
65	396
65	400
65	404
65	408
65	412
65	416
65	420
65	424
65	428
65	434
65	438
65	442
65	446
65	452
65	456
65	460
65	466
65	470
65	476
65	480
65	486
65	490
65	496
65	502
65	506
65	512
65	518
65	524
65	530
65	536
65	542
65	548
65	556
65	564
65	572
65	582
66	102
66	112
66	120
66	128
66	134
66	142
66	148
66	156
66	162
66	170
66	178
66	186
66	194
66	202
66	210
66	218
66	226
66	232
66	240
66	246
66	252
66	258
66	264
66	270
66	276
66	280
66	286
66	290
66	296
66	300
66	304
66	310
66	314
66	318
66	322
66	326
66	330
66	334
66	338
66	342
66	344
66	348
66	352
66	356
66	360
66	362
66	366
66	370
66	372
66	376
66	380
66	382
66	386
66	390
66	392
66	396
66	398
66	402
66	404
66	408
66	410
66	414
66	416
66	420
66	422
66	426
66	428
66	432
66	434
66	438
66	440
66	444
66	446
66	450
66	452
66	456
66	458
66	462
66	466
66	468
66	472
66	476
66	480
66	482
66	486
66	490
66	494
66	498
66	502
66	506
66	510
66	514
66	518
66	522
66	528
66	532
66	538
66	542
66	548
66	554
66	560
66	566
66	572
66	578
66	586
66	594
66	604
67	100
67	108
67	116
67	122
67	126
67	132
67	136
67	142
67	146
67	150
67	154
67	160
67	164
67	168
67	174
67	178
67	184
67	188
67	194
67	198
67	204
67	210
67	216
67	222
67	228
67	234
67	240
67	248
67	254
67	262
67	270
67	278
67	286
67	294
67	302
67	312
67	320
67	330
67	338
67	348
67	356
67	364
67	372
67	380
67	386
67	394
67	400
67	408
67	414
67	420
67	426
67	432
67	438
67	444
67	450
67	456
67	462
67	468
67	474
67	480
67	488
67	494
67	502
67	508
67	516
67	524
67	532
67	540
67	546
67	552
67	558
67	564
67	570
67	574
67	580
67	586
67	592
67	598
67	606
67	614
67	622
68	102
68	110
68	116
68	122
68	126
68	130
68	134
68	138
68	140
68	144
68	146
68	150
68	152
68	156
68	158
68	162
68	164
68	168
68	170
68	172
68	176
68	178
68	180
68	184
68	186
68	190
68	192
68	196
68	198
68	202
68	204
68	208
68	210
68	214
68	216
68	220
68	224
68	226
68	230
68	234
68	236
68	240
68	244
68	248
68	250
68	254
68	258
68	262
68	266
68	270
68	274
68	278
68	284
68	288
68	292
68	296
68	302
68	306
68	312
68	316
68	322
68	326
68	332
68	338
68	344
68	350
68	356
68	362
68	368
68	376
68	382
68	390
68	396
68	404
68	412
68	420
68	428
68	436
68	444
68	452
68	460
68	468
68	476
68	484
68	492
68	500
68	508
68	514
68	522
68	528
68	534
68	540
68	544
68	550
68	554
68	558
68	562
68	566
68	570
68	572
68	576
68	580
68	584
68	588
68	592
68	596
68	602
68	606
68	612
68	618
68	624
68	632
68	640
69	104
69	112
69	118
69	122
69	126
69	130
69	132
69	136
69	138
69	142
69	146
69	148
69	150
69	152
69	154
69	156
69	160
69	162
69	164
69	166
69	168
69	170
69	172
69	174
69	176
69	178
69	180
69	182
69	184
69	186
69	188
69	190
69	192
69	194
69	196
69	198
69	200
69	202
69	204
69	206
69	208
69	210
69	212
69	214
69	216
69	218
69	220
69	222
69	224
69	226
69	228
69	230
69	232
69	234
69	236
69	238
69	240
69	242
69	244
69	246
69	248
69	250
69	252
69	254
69	256
69	258
69	260
69	262
69	264
69	266
69	268
69	270
69	272
69	274
69	276
69	278
69	280
69	284
69	286
69	288
69	290
69	292
69	294
69	298
69	300
69	302
69	304
69	308
69	310
69	312
69	314
69	318
69	320
69	322
69	326
69	328
69	330
69	334
69	336
69	338
69	342
69	344
69	348
69	350
69	354
69	356
69	360
69	362
69	366
69	368
69	372
69	376
69	380
69	382
69	386
69	390
69	394
69	396
69	400
69	404
69	408
69	412
69	416
69	420
69	424
69	428
69	432
69	436
69	440
69	444
69	448
69	452
69	456
69	460
69	464
69	468
69	472
69	476
69	480
69	484
69	488
69	492
69	496
69	500
69	504
69	508
69	512
69	516
69	520
69	522
69	526
69	530
69	534
69	536
69	540
69	544
69	546
69	550
69	554
69	556
69	560
69	564
69	566
69	570
69	574
69	578
69	580
69	586
69	588
69	594
69	598
69	602
69	608
69	614
69	620
69	628
69	638
70	102
70	110
70	118
70	122
70	128
70	132
70	134
70	138
70	142
70	144
70	148
70	150
70	152
70	154
70	158
70	160
70	162
70	164
70	166
70	168
70	170
70	172
70	174
70	176
70	178
70	180
70	182
70	184
70	186
70	188
70	190
70	192
70	194
70	196
70	198
70	200
70	202
70	204
70	206
70	208
70	210
70	212
70	214
70	216
70	218
70	220
70	222
70	224
70	226
70	228
70	230
70	232
70	234
70	236
70	238
70	240
70	242
70	244
70	246
70	248
70	250
70	252
70	254
70	256
70	258
70	260
70	262
70	264
70	266
70	268
70	270
70	272
70	274
70	276
70	278
70	280
70	282
70	284
70	286
70	288
70	290
70	292
70	294
70	296
70	298
70	300
70	302
70	304
70	306
70	308
70	310
70	312
70	314
70	316
70	318
70	320
70	322
70	324
70	326
70	328
70	330
70	332
70	334
70	336
70	338
70	340
70	342
70	344
70	346
70	348
70	350
70	352
70	354
70	356
70	358
70	360
70	362
70	364
70	366
70	368
70	370
70	372
70	374
70	376
70	378
70	380
70	382
70	384
70	386
70	388
70	390
70	392
70	394
70	396
70	398
70	400
70	402
70	404
70	406
70	408
70	410
70	412
70	414
70	416
70	418
70	420
70	422
70	424
70	426
70	428
70	430
70	432
70	434
70	438
70	442
70	444
70	446
70	448
70	450
70	452
70	454
70	456
70	460
70	462
70	464
70	466
70	468
70	470
70	474
70	476
70	478
70	480
70	482
70	484
70	488
70	490
70	492
70	494
70	496
70	498
70	500
70	502
70	506
70	508
70	510
70	512
70	514
70	516
70	518
70	520
70	524
70	526
70	528
70	530
70	532
70	534
70	536
70	540
70	542
70	544
70	546
70	550
70	552
70	556
70	558
70	562
70	566
70	568
70	574
70	578
70	582
70	588
70	594
70	600
70	608
70	618
71	102
71	112
71	120
71	128
71	136
71	144
71	150
71	158
71	164
71	170
71	174
71	180
71	184
71	190
71	194
71	198
71	202
71	206
71	210
71	214
71	218
71	222
71	226
71	228
71	232
71	236
71	238
71	242
71	244
71	248
71	250
71	254
71	256
71	260
71	262
71	264
71	268
71	270
71	272
71	274
71	278
71	280
71	282
71	284
71	288
71	290
71	292
71	294
71	296
71	300
71	302
71	304
71	306
71	308
71	310
71	312
71	316
71	318
71	320
71	322
71	324
71	326
71	328
71	330
71	332
71	334
71	336
71	338
71	340
71	342
71	344
71	346
71	348
71	350
71	352
71	354
71	356
71	358
71	360
71	362
71	364
71	366
71	368
71	370
71	372
71	374
71	376
71	378
71	380
71	382
71	384
71	386
71	388
71	390
71	392
71	394
71	396
71	398
71	400
71	402
71	404
71	406
71	408
71	410
71	412
71	414
71	416
71	418
71	420
71	422
71	424
71	426
71	428
71	430
71	432
71	434
71	436
71	438
71	440
71	442
71	444
71	446
71	448
71	450
71	452
71	454
71	456
71	458
71	460
71	462
71	464
71	466
71	468
71	470
71	472
71	474
71	476
71	478
71	480
71	482
71	484
71	486
71	488
71	490
71	492
71	494
71	496
71	498
71	500
71	502
71	504
71	506
71	508
71	510
71	512
71	514
71	516
71	518
71	520
71	524
71	526
71	528
71	530
71	532
71	536
71	538
71	540
71	544
71	546
71	550
71	552
71	556
71	560
71	564
71	568
71	572
71	578
71	584
71	590
71	596
71	606
71	616
72	102
72	112
72	120
72	130
72	140
72	150
72	164
72	338
72	350
72	360
72	368
72	376
72	384
72	392
72	398
72	406
72	412
72	418
72	424
72	430
72	436
72	442
72	448
72	454
72	460
72	466
72	472
72	478
72	484
72	490
72	496
72	502
72	508
72	516
72	522
72	530
72	538
72	546
72	556
72	564
72	574
72	584
72	594
73	100
73	108
73	116
73	122
73	128
73	134
73	140
73	146
73	152
73	158
73	166
73	172
73	180
73	188
73	196
73	204
73	212
73	222
73	232
73	242
73	254
73	542
73	552
73	560
73	568
73	576
73	582
73	590
73	598
73	606
73	614
73	626
74	102
74	110
74	116
74	122
74	128
74	132
74	136
74	142
74	146
74	150
74	154
74	158
74	162
74	166
74	170
74	174
74	178
74	182
74	186
74	190
74	194
74	198
74	204
74	208
74	212
74	216
74	222
74	226
74	232
74	236
74	242
74	246
74	252
74	256
74	262
74	268
74	274
74	280
74	286
74	292
74	298
74	304
74	310
74	316
74	324
74	330
74	338
74	344
74	352
74	360
74	368
74	376
74	386
74	394
74	404
74	414
74	424
74	434
74	444
74	454
74	466
74	476
74	488
74	498
74	508
74	518
74	528
74	536
74	542
74	550
74	556
74	562
74	566
74	572
74	576
74	582
74	586
74	592
74	596
74	602
74	608
74	614
74	620
74	628
74	636
74	648
75	110
75	120
75	126
75	132
75	138
75	144
75	148
75	154
75	158
75	162
75	168
75	172
75	176
75	180
75	184
75	188
75	192
75	196
75	200
75	204
75	208
75	212
75	216
75	220
75	224
75	228
75	232
75	236
75	242
75	246
75	250
75	254
75	258
75	264
75	268
75	272
75	276
75	282
75	286
75	290
75	294
75	300
75	304
75	310
75	314
75	320
75	324
75	330
75	334
75	340
75	344
75	350
75	354
75	360
75	366
75	370
75	376
75	382
75	388
75	394
75	400
75	406
75	412
75	418
75	424
75	430
75	436
75	442
75	448
75	456
75	462
75	470
75	476
75	484
75	490
75	498
75	504
75	512
75	518
75	524
75	530
75	536
75	542
75	548
75	554
75	560
75	566
75	574
75	580
75	586
75	594
75	602
75	610
75	620
76	176
76	188
76	200
76	210
76	222
76	232
76	242
76	252
76	262
76	272
76	280
76	290
76	298
76	308
76	316
76	326
76	334
76	344
76	352
76	362
76	370
76	380
76	388
76	398
76	406
76	416
76	424
76	434
76	442
76	452
76	460
76	470
76	480
76	490
76	500
76	510
76	520
76	531
-1	-1
