-1	-1
0	191
0	201
0	210
0	219
0	228
0	237
0	247
0	258
1	202
1	213
1	224
1	235
2	206
2	217
2	228
3	201
3	212
3	223
3	234
4	199
4	210
4	220
4	231
4	243
5	200
5	211
5	222
5	233
5	245
6	201
6	212
6	223
6	234
6	246
7	198
7	208
7	218
7	227
7	237
7	247
7	258
8	197
8	207
8	216
8	225
8	234
8	243
8	253
8	264
9	191
9	201
9	210
9	218
9	226
9	234
9	242
9	251
9	261
9	272
9	391
9	403
9	415
10	191
10	201
10	209
10	217
10	225
10	233
10	241
10	249
10	258
10	267
10	277
10	289
10	379
10	390
10	400
10	410
10	420
10	432
11	191
11	201
11	210
11	219
11	228
11	237
11	246
11	255
11	264
11	274
11	285
11	297
11	382
11	393
11	404
11	415
12	191
12	201
12	210
12	218
12	226
12	234
12	242
12	250
12	257
12	265
12	273
12	281
12	289
12	298
12	308
12	318
12	328
12	338
12	348
12	359
12	370
12	381
12	392
12	403
13	190
13	200
13	209
13	217
13	225
13	232
13	239
13	245
13	251
13	257
13	263
13	269
13	275
13	281
13	288
13	295
13	302
13	310
13	318
13	327
13	336
13	345
13	355
13	365
13	376
13	388
14	190
14	200
14	209
14	217
14	224
14	231
14	237
14	243
14	248
14	254
14	259
14	264
14	269
14	274
14	279
14	285
14	290
14	296
14	302
14	308
14	315
14	322
14	330
14	338
14	347
14	357
14	368
15	192
15	202
15	211
15	219
15	226
15	233
15	239
15	245
15	251
15	257
15	263
15	269
15	275
15	281
15	287
15	293
15	299
15	305
15	312
15	319
15	326
15	334
15	342
15	350
15	359
15	369
15	380
16	191
16	201
16	210
16	218
16	225
16	232
16	239
16	245
16	251
16	257
16	263
16	269
16	275
16	281
16	287
16	293
16	299
16	305
16	311
16	317
16	323
16	330
16	337
16	344
16	351
16	358
16	366
16	374
16	383
16	392
16	402
16	414
17	187
17	197
17	205
17	212
17	219
17	226
17	232
17	238
17	244
17	250
17	255
17	261
17	266
17	271
17	276
17	281
17	286
17	291
17	296
17	301
17	306
17	311
17	316
17	321
17	326
17	331
17	336
17	341
17	346
17	351
17	356
17	361
17	366
17	371
17	377
17	383
17	389
17	395
17	401
17	408
17	415
17	423
17	432
17	443
18	181
18	191
18	199
18	206
18	213
18	219
18	225
18	230
18	235
18	240
18	244
18	249
18	253
18	257
18	261
18	265
18	269
18	273
18	276
18	280
18	283
18	287
18	290
18	294
18	297
18	301
18	304
18	307
18	311
18	314
18	317
18	321
18	323
18	327
18	330
18	333
18	336
18	339
18	343
18	346
18	349
18	353
18	356
18	359
18	363
18	366
18	370
18	373
18	377
18	381
18	385
18	389
18	393
18	397
18	401
18	406
18	410
18	415
18	420
18	425
18	431
18	437
18	444
18	452
18	461
19	181
19	191
19	199
19	206
19	212
19	218
19	223
19	228
19	233
19	237
19	241
19	245
19	249
19	252
19	256
19	259
19	263
19	266
19	269
19	272
19	275
19	278
19	281
19	284
19	287
19	290
19	293
19	296
19	299
19	302
19	304
19	308
19	310
19	313
19	316
19	318
19	321
19	324
19	326
19	329
19	332
19	334
19	337
19	340
19	342
19	345
19	348
19	350
19	354
19	356
19	359
19	362
19	365
19	368
19	371
19	374
19	377
19	380
19	383
19	386
19	389
19	393
19	396
19	399
19	403
19	406
19	410
19	414
19	418
19	422
19	427
19	431
19	437
19	442
19	448
19	455
19	463
19	473
20	180
20	189
20	196
20	202
20	208
20	213
20	219
20	223
20	228
20	232
20	236
20	240
20	243
20	247
20	250
20	254
20	257
20	261
20	264
20	267
20	271
20	273
20	277
20	280
20	283
20	286
20	289
20	292
20	295
20	298
20	301
20	304
20	307
20	310
20	313
20	316
20	319
20	322
20	325
20	328
20	331
20	334
20	337
20	340
20	343
20	346
20	349
20	352
20	355
20	358
20	361
20	364
20	367
20	370
20	374
20	377
20	380
20	384
20	387
20	391
20	395
20	398
20	402
20	406
20	410
20	415
20	419
20	424
20	429
20	435
20	441
20	448
20	456
20	466
21	179
21	188
21	194
21	200
21	205
21	210
21	215
21	220
21	224
21	229
21	233
21	238
21	242
21	246
21	251
21	255
21	259
21	263
21	267
21	271
21	275
21	279
21	283
21	287
21	291
21	295
21	299
21	303
21	307
21	311
21	315
21	319
21	323
21	327
21	331
21	335
21	339
21	343
21	347
21	351
21	355
21	359
21	363
21	367
21	371
21	376
21	380
21	385
21	389
21	394
21	398
21	403
21	408
21	413
21	419
21	425
21	432
21	439
21	447
21	456
22	178
22	187
22	193
22	199
22	205
22	210
22	215
22	220
22	225
22	230
22	235
22	240
22	245
22	250
22	255
22	260
22	265
22	270
22	275
22	280
22	285
22	290
22	295
22	300
22	305
22	310
22	315
22	320
22	325
22	330
22	335
22	340
22	344
22	349
22	353
22	358
22	362
22	366
22	371
22	375
22	379
22	384
22	388
22	393
22	397
22	402
22	407
22	412
22	417
22	423
22	429
22	435
22	442
22	450
22	459
22	470
23	179
23	188
23	196
23	203
23	209
23	215
23	221
23	226
23	232
23	237
23	243
23	248
23	253
23	259
23	264
23	269
23	274
23	279
23	284
23	289
23	294
23	299
23	304
23	309
23	313
23	318
23	322
23	326
23	331
23	334
23	339
23	342
23	346
23	350
23	354
23	358
23	362
23	365
23	369
23	373
23	377
23	381
23	385
23	389
23	393
23	397
23	401
23	406
23	410
23	415
23	420
23	426
23	432
23	438
23	445
23	453
23	462
23	473
24	179
24	188
24	196
24	203
24	209
24	214
24	220
24	224
24	229
24	234
24	239
24	244
24	249
24	254
24	259
24	263
24	268
24	272
24	277
24	281
24	286
24	290
24	294
24	299
24	303
24	307
24	311
24	315
24	319
24	323
24	327
24	331
24	335
24	339
24	342
24	346
24	350
24	354
24	357
24	361
24	365
24	369
24	373
24	377
24	381
24	386
24	390
24	395
24	399
24	404
24	409
24	414
24	419
24	425
24	431
24	438
24	446
24	455
24	465
25	181
25	190
25	198
25	204
25	210
25	214
25	219
25	223
25	227
25	231
25	235
25	239
25	243
25	247
25	251
25	255
25	259
25	263
25	266
25	270
25	274
25	277
25	281
25	285
25	288
25	292
25	296
25	299
25	303
25	307
25	311
25	315
25	319
25	323
25	327
25	331
25	335
25	339
25	343
25	347
25	351
25	355
25	359
25	364
25	368
25	373
25	377
25	382
25	387
25	392
25	397
25	403
25	408
25	414
25	420
25	427
25	435
25	444
25	454
26	188
26	196
26	203
26	209
26	214
26	219
26	223
26	228
26	232
26	236
26	240
26	243
26	247
26	250
26	254
26	257
26	261
26	264
26	267
26	271
26	274
26	277
26	281
26	284
26	287
26	291
26	294
26	297
26	301
26	304
26	307
26	311
26	314
26	318
26	321
26	325
26	328
26	332
26	336
26	339
26	343
26	347
26	351
26	355
26	359
26	364
26	368
26	373
26	377
26	382
26	387
26	392
26	398
26	404
26	410
26	417
26	424
26	432
26	441
26	451
27	188
27	195
27	201
27	206
27	211
27	215
27	220
27	224
27	228
27	232
27	236
27	240
27	243
27	247
27	251
27	254
27	258
27	261
27	265
27	268
27	272
27	275
27	279
27	282
27	286
27	289
27	293
27	296
27	300
27	304
27	307
27	311
27	315
27	319
27	323
27	327
27	331
27	335
27	339
27	344
27	348
27	353
27	357
27	362
27	367
27	372
27	377
27	382
27	387
27	393
27	398
27	404
27	410
27	417
27	424
27	432
27	440
27	449
27	460
28	188
28	195
28	201
28	206
28	211
28	215
28	220
28	223
28	228
28	231
28	235
28	239
28	243
28	247
28	251
28	255
28	259
28	263
28	267
28	271
28	275
28	279
28	283
28	287
28	291
28	295
28	299
28	304
28	308
28	313
28	317
28	322
28	326
28	331
28	335
28	340
28	344
28	349
28	353
28	358
28	362
28	367
28	371
28	376
28	380
28	385
28	389
28	394
28	398
28	403
28	408
28	413
28	418
28	424
28	430
28	436
28	443
28	451
28	460
28	470
29	187
29	196
29	202
29	208
29	212
29	217
29	221
29	225
29	229
29	233
29	237
29	241
29	245
29	249
29	253
29	257
29	261
29	265
29	269
29	273
29	277
29	280
29	284
29	288
29	291
29	295
29	299
29	302
29	306
29	310
29	313
29	317
29	321
29	324
29	328
29	331
29	334
29	338
29	341
29	344
29	347
29	351
29	353
29	357
29	360
29	363
29	366
29	369
29	372
29	375
29	378
29	381
29	384
29	387
29	390
29	393
29	396
29	399
29	402
29	406
29	408
29	412
29	416
29	419
29	423
29	427
29	431
29	436
29	440
29	446
29	451
29	457
29	464
29	472
29	482
30	189
30	199
30	207
30	214
30	220
30	226
30	232
30	237
30	242
30	247
30	251
30	255
30	259
30	263
30	267
30	271
30	274
30	278
30	281
30	284
30	288
30	291
30	294
30	297
30	300
30	303
30	306
30	309
30	312
30	314
30	318
30	320
30	323
30	325
30	328
30	331
30	333
30	336
30	338
30	341
30	343
30	346
30	348
30	351
30	353
30	355
30	358
30	360
30	362
30	365
30	367
30	369
30	371
30	374
30	376
30	378
30	380
30	383
30	385
30	387
30	389
30	392
30	394
30	396
30	399
30	401
30	403
30	406
30	408
30	411
30	414
30	416
30	419
30	422
30	425
30	428
30	432
30	435
30	439
30	443
30	447
30	452
30	457
30	463
30	469
30	477
30	486
31	196
31	206
31	214
31	222
31	229
31	235
31	241
31	246
31	251
31	255
31	260
31	263
31	267
31	271
31	273
31	277
31	280
31	283
31	286
31	289
31	291
31	294
31	296
31	299
31	301
31	303
31	306
31	308
31	310
31	312
31	314
31	317
31	318
31	321
31	322
31	325
31	326
31	329
31	331
31	332
31	335
31	336
31	339
31	340
31	342
31	344
31	346
31	348
31	350
31	351
31	354
31	355
31	357
31	359
31	361
31	363
31	365
31	366
31	369
31	370
31	373
31	374
31	376
31	378
31	380
31	382
31	384
31	386
31	388
31	390
31	393
31	395
31	397
31	399
31	402
31	405
31	407
31	409
31	413
31	415
31	418
31	421
31	425
31	428
31	432
31	436
31	440
31	445
31	450
31	456
31	463
31	471
31	481
32	191
32	201
32	210
32	217
32	223
32	228
32	232
32	237
32	241
32	244
32	248
32	251
32	254
32	258
32	261
32	263
32	267
32	269
32	272
32	275
32	277
32	280
32	283
32	285
32	288
32	290
32	293
32	295
32	298
32	300
32	302
32	305
32	307
32	309
32	312
32	313
32	316
32	318
32	320
32	322
32	324
32	326
32	328
32	331
32	332
32	335
32	337
32	339
32	341
32	343
32	345
32	348
32	349
32	352
32	354
32	356
32	358
32	361
32	363
32	365
32	368
32	370
32	373
32	375
32	378
32	380
32	383
32	386
32	388
32	392
32	395
32	398
32	401
32	405
32	408
32	412
32	416
32	420
32	425
32	430
32	436
32	443
32	451
32	460
33	193
33	203
33	211
33	218
33	222
33	227
33	231
33	233
33	237
33	240
33	242
33	245
33	248
33	250
33	253
33	255
33	258
33	260
33	262
33	265
33	267
33	269
33	272
33	273
33	276
33	278
33	280
33	282
33	284
33	286
33	288
33	290
33	292
33	294
33	296
33	298
33	300
33	303
33	304
33	307
33	309
33	311
33	314
33	316
33	318
33	320
33	323
33	325
33	328
33	330
33	333
33	335
33	338
33	340
33	343
33	346
33	348
33	351
33	354
33	357
33	360
33	363
33	367
33	369
33	374
33	377
33	381
33	385
33	389
33	394
33	398
33	404
33	409
33	415
33	422
33	430
33	439
34	190
34	199
34	207
34	213
34	219
34	223
34	228
34	231
34	234
34	238
34	241
34	243
34	246
34	249
34	251
34	253
34	256
34	258
34	261
34	263
34	265
34	268
34	270
34	272
34	275
34	277
34	279
34	282
34	284
34	287
34	289
34	292
34	294
34	297
34	299
34	302
34	305
34	307
34	310
34	313
34	316
34	319
34	322
34	325
34	328
34	332
34	335
34	339
34	343
34	347
34	351
34	355
34	359
34	364
34	368
34	373
34	378
34	384
34	390
34	397
34	404
34	412
34	421
35	191
35	200
35	208
35	214
35	220
35	225
35	230
35	234
35	239
35	243
35	247
35	251
35	255
35	259
35	262
35	266
35	270
35	273
35	277
35	281
35	285
35	289
35	293
35	297
35	302
35	306
35	311
35	316
35	321
35	326
35	331
35	337
35	343
35	349
35	355
35	362
35	369
35	377
35	385
35	394
35	404
36	198
36	208
36	216
36	223
36	229
36	235
36	241
36	246
36	252
36	257
36	263
36	268
36	274
36	279
36	285
36	291
36	297
36	303
36	310
36	317
36	324
36	331
36	339
36	347
36	355
36	364
36	374
36	385
37	200
37	210
37	219
37	226
37	233
37	239
37	245
37	251
37	257
37	263
37	269
37	275
37	281
37	287
37	293
37	299
37	306
37	313
37	320
37	327
37	335
37	343
37	351
37	360
37	370
37	381
38	200
38	211
38	220
38	228
38	235
38	242
38	249
38	255
38	261
38	267
38	273
38	279
38	286
38	293
38	300
38	308
38	316
38	325
38	335
38	346
38	358
39	198
39	208
39	218
39	227
39	236
39	245
39	254
39	263
39	272
39	282
39	292
39	303
39	315
40	206
40	217
40	227
40	237
40	247
40	258
40	269
40	282
62	279
62	292
62	305
63	258
63	269
63	279
63	288
63	297
63	305
63	313
63	321
63	329
63	337
63	346
63	355
63	364
63	374
63	385
64	272
64	283
64	293
64	302
64	310
64	318
64	326
64	334
64	342
64	350
64	358
64	367
64	376
64	386
64	398
66	241
66	252
66	261
66	270
66	278
66	285
66	292
66	299
66	306
66	313
66	321
66	329
66	337
66	346
66	356
66	366
66	376
66	387
66	397
66	407
66	417
66	429
67	231
67	241
67	250
67	258
67	265
67	271
67	277
67	282
67	288
67	293
67	298
67	303
67	308
67	313
67	318
67	323
67	328
67	333
67	338
67	343
67	348
67	354
67	360
67	366
67	372
67	378
67	385
67	392
67	399
67	407
67	415
67	424
67	434
68	239
68	250
68	259
68	268
68	276
68	283
68	290
68	296
68	302
68	308
68	314
68	320
68	326
68	332
68	338
68	344
68	350
68	356
68	363
68	370
68	377
68	385
68	393
68	402
68	411
68	422
69	232
69	242
69	251
69	259
69	266
69	273
69	280
69	287
69	294
69	301
69	308
69	315
69	322
69	329
69	336
69	343
69	350
69	357
69	364
69	371
69	378
69	385
69	392
69	399
69	406
69	414
69	422
69	431
69	441
70	227
70	235
70	242
70	247
70	252
70	256
70	261
70	264
70	269
70	272
70	276
70	280
70	284
70	287
70	291
70	295
70	298
70	302
70	306
70	309
70	313
70	317
70	320
70	324
70	328
70	332
70	336
70	340
70	344
70	348
70	352
70	356
70	360
70	364
70	368
70	372
70	376
70	380
70	384
70	388
70	392
70	396
70	400
70	404
70	408
70	412
70	416
70	420
70	425
70	429
70	434
70	439
70	445
70	451
70	458
70	467
70	478
71	222
71	231
71	236
71	242
71	244
71	249
71	252
71	255
71	258
71	261
71	263
71	266
71	269
71	271
71	273
71	276
71	278
71	281
71	282
71	285
71	287
71	290
71	291
71	294
71	296
71	298
71	300
71	302
71	305
71	306
71	309
71	311
71	313
71	315
71	317
71	320
71	321
71	324
71	326
71	328
71	330
71	332
71	335
71	336
71	339
71	341
71	343
71	345
71	347
71	350
71	351
71	354
71	356
71	358
71	360
71	362
71	365
71	366
71	369
71	371
71	373
71	375
71	377
71	380
71	381
71	384
71	386
71	388
71	390
71	393
71	395
71	397
71	399
71	402
71	404
71	406
71	409
71	411
71	414
71	416
71	419
71	421
71	425
71	427
71	430
71	434
71	437
71	440
71	445
71	448
71	453
71	458
71	464
71	470
71	477
71	486
72	227
72	234
72	241
72	245
72	250
72	253
72	257
72	261
72	263
72	267
72	269
72	272
72	274
72	277
72	280
72	282
72	284
72	287
72	289
72	291
72	293
72	295
72	298
72	299
72	302
72	303
72	306
72	307
72	310
72	311
72	313
72	315
72	317
72	319
72	321
72	323
72	324
72	327
72	328
72	330
72	332
72	334
72	336
72	337
72	339
72	341
72	343
72	345
72	346
72	348
72	350
72	352
72	354
72	355
72	357
72	359
72	361
72	363
72	364
72	367
72	368
72	370
72	372
72	374
72	376
72	378
72	380
72	382
72	384
72	386
72	388
72	390
72	392
72	395
72	396
72	399
72	401
72	404
72	406
72	408
72	411
72	414
72	416
72	419
72	423
72	425
72	429
72	433
72	437
72	441
72	446
72	451
72	457
72	464
72	472
72	483
73	257
73	268
73	277
73	285
73	292
73	299
73	305
73	311
73	317
73	322
73	328
73	333
73	338
73	343
73	348
73	353
73	358
73	363
73	368
73	374
73	380
73	386
73	393
73	400
73	408
73	416
73	425
73	435
74	422
74	435
75	231
75	241
75	249
75	257
75	264
75	271
75	278
75	285
75	292
75	299
75	306
75	313
75	320
75	327
75	335
75	343
75	351
75	359
75	367
75	375
75	383
75	391
75	399
75	407
75	414
75	421
75	428
75	435
75	442
75	450
75	458
75	468
76	238
76	248
76	256
76	264
76	271
76	278
76	285
76	291
76	298
76	304
76	311
76	317
76	324
76	331
76	338
76	345
76	352
76	359
76	366
76	373
76	381
76	389
76	397
76	405
76	413
76	421
76	429
76	437
76	446
76	456
-1	-1
