-1	-1
0	357
0	367
0	375
0	383
0	390
0	397
0	405
0	413
0	422
0	432
0	443
6	540
6	552
6	564
6	576
6	588
7	489
7	500
7	511
7	521
7	530
7	539
7	548
7	557
7	565
7	574
7	582
7	591
7	600
7	609
7	619
8	380
8	392
8	404
8	448
8	460
8	471
8	481
8	490
8	499
8	507
8	515
8	523
8	531
8	538
8	545
8	552
8	559
8	566
8	572
8	579
8	585
8	591
8	598
8	605
8	612
8	620
8	629
8	639
9	371
9	382
9	392
9	402
9	412
9	423
9	434
9	445
9	455
9	465
9	474
9	482
9	490
9	498
9	506
9	513
9	520
9	527
9	533
9	539
9	545
9	551
9	557
9	563
9	569
9	574
9	580
9	585
9	590
9	596
9	601
9	607
9	613
9	619
9	626
9	634
9	643
9	653
10	369
10	379
10	388
10	397
10	406
10	415
10	423
10	431
10	439
10	447
10	454
10	461
10	468
10	474
10	480
10	486
10	492
10	498
10	503
10	509
10	514
10	519
10	524
10	529
10	534
10	539
10	544
10	549
10	554
10	559
10	564
10	569
10	574
10	579
10	584
10	589
10	594
10	599
10	604
10	609
10	615
10	621
10	627
10	634
10	642
10	651
10	661
11	366
11	376
11	385
11	394
11	403
11	412
11	420
11	428
11	436
11	443
11	450
11	457
11	463
11	469
11	474
11	479
11	484
11	489
11	494
11	499
11	504
11	509
11	513
11	518
11	522
11	526
11	530
11	534
11	538
11	542
11	546
11	550
11	554
11	558
11	562
11	566
11	570
11	574
11	578
11	582
11	586
11	590
11	594
11	598
11	603
11	607
11	612
11	617
11	622
11	628
11	634
11	641
11	649
11	658
12	359
12	369
12	378
12	386
12	394
12	402
12	410
12	418
12	425
12	432
12	439
12	445
12	451
12	457
12	463
12	468
12	473
12	478
12	483
12	488
12	493
12	498
12	503
12	508
12	512
12	517
12	521
12	525
12	529
12	533
12	537
12	541
12	545
12	549
12	553
12	557
12	561
12	565
12	569
12	574
12	578
12	582
12	587
12	591
12	596
12	600
12	605
12	610
12	615
12	620
12	626
12	632
12	638
12	645
12	653
12	662
12	674
13	358
13	368
13	377
13	385
13	393
13	401
13	409
13	417
13	425
13	432
13	439
13	445
13	451
13	457
13	463
13	469
13	475
13	481
13	486
13	492
13	497
13	503
13	508
13	513
13	518
13	523
13	528
13	533
13	538
13	543
13	548
13	553
13	558
13	563
13	568
13	574
13	579
13	585
13	591
13	597
13	603
13	609
13	615
13	622
13	629
13	636
13	644
13	653
13	663
14	360
14	371
14	381
14	391
14	401
14	411
14	420
14	429
14	437
14	444
14	451
14	458
14	464
14	470
14	476
14	482
14	488
14	494
14	500
14	506
14	512
14	518
14	523
14	529
14	534
14	540
14	546
14	552
14	558
14	564
14	570
14	576
14	582
14	588
14	594
14	601
14	608
14	615
14	622
14	630
14	638
14	647
14	657
15	363
15	374
15	385
15	395
15	405
15	415
15	425
15	434
15	443
15	451
15	459
15	467
15	475
15	482
15	489
15	496
15	503
15	510
15	517
15	523
15	530
15	536
15	542
15	548
15	554
15	560
15	566
15	572
15	578
15	585
15	592
15	599
15	607
15	615
15	623
15	632
15	642
15	653
16	357
16	367
16	376
16	385
16	394
16	403
16	412
16	421
16	430
16	439
16	448
16	457
16	466
16	475
16	483
16	491
16	499
16	507
16	514
16	522
16	529
16	537
16	545
16	553
16	561
16	569
16	578
16	587
16	597
16	607
16	618
17	348
17	357
17	365
17	373
17	381
17	388
17	396
17	404
17	412
17	420
17	428
17	436
17	444
17	452
17	460
17	468
17	476
17	484
17	492
17	500
17	508
17	516
17	525
17	534
17	544
17	554
17	565
17	576
17	589
17	602
17	615
18	344
18	353
18	361
18	368
18	375
18	381
18	387
18	393
18	399
18	405
18	411
18	417
18	423
18	429
18	435
18	442
18	449
18	456
18	463
18	471
18	479
18	487
18	496
18	506
18	516
18	527
18	539
19	340
19	349
19	356
19	362
19	368
19	373
19	378
19	383
19	388
19	393
19	398
19	403
19	408
19	413
19	418
19	423
19	428
19	434
19	440
19	446
19	453
19	460
19	467
19	475
19	484
19	494
19	505
19	517
20	339
20	348
20	354
20	360
20	365
20	370
20	374
20	379
20	383
20	388
20	392
20	397
20	402
20	407
20	412
20	417
20	422
20	428
20	434
20	440
20	447
20	454
20	462
20	470
20	479
20	488
20	498
20	509
20	521
20	534
20	558
20	571
20	583
20	594
20	604
20	614
20	625
21	340
21	349
21	355
21	361
21	366
21	371
21	376
21	381
21	386
21	391
21	396
21	401
21	407
21	412
21	418
21	424
21	430
21	437
21	444
21	451
21	459
21	467
21	476
21	485
21	495
21	505
21	515
21	525
21	535
21	545
21	555
21	565
21	574
21	583
21	591
21	599
21	607
21	615
21	623
21	632
21	642
21	653
22	340
22	349
22	355
22	361
22	366
22	371
22	376
22	381
22	386
22	391
22	396
22	401
22	406
22	411
22	416
22	421
22	427
22	433
22	439
22	445
22	452
22	459
22	466
22	473
22	480
22	487
22	495
22	503
22	511
22	519
22	527
22	535
22	543
22	551
22	559
22	567
22	574
22	581
22	588
22	594
22	600
22	606
22	612
22	618
22	625
22	632
22	639
22	647
22	656
22	667
23	340
23	349
23	355
23	361
23	365
23	370
23	374
23	379
23	383
23	387
23	391
23	395
23	399
23	404
23	408
23	413
23	417
23	422
23	427
23	432
23	437
23	442
23	447
23	453
23	458
23	464
23	470
23	476
23	482
23	488
23	494
23	500
23	506
23	512
23	518
23	524
23	530
23	536
23	542
23	548
23	554
23	560
23	566
23	571
23	577
23	582
23	587
23	592
23	597
23	602
23	607
23	612
23	617
23	622
23	627
23	632
23	638
23	644
23	650
23	657
23	665
23	675
24	347
24	355
24	362
24	367
24	372
24	376
24	381
24	384
24	389
24	392
24	396
24	400
24	404
24	408
24	412
24	416
24	420
24	424
24	428
24	432
24	436
24	440
24	444
24	448
24	453
24	457
24	462
24	466
24	471
24	475
24	480
24	484
24	489
24	493
24	498
24	503
24	507
24	512
24	517
24	521
24	526
24	530
24	535
24	540
24	544
24	549
24	554
24	558
24	563
24	567
24	572
24	576
24	581
24	585
24	590
24	594
24	599
24	603
24	608
24	612
24	617
24	621
24	626
24	631
24	636
24	641
24	647
24	653
24	660
24	668
24	677
25	348
25	357
25	363
25	369
25	373
25	377
25	381
25	384
25	388
25	391
25	395
25	398
25	401
25	405
25	408
25	411
25	415
25	418
25	421
25	425
25	428
25	431
25	435
25	438
25	442
25	445
25	449
25	452
25	455
25	459
25	462
25	465
25	469
25	472
25	475
25	479
25	482
25	486
25	489
25	493
25	496
25	500
25	503
25	507
25	510
25	514
25	518
25	521
25	525
25	529
25	532
25	536
25	540
25	544
25	548
25	552
25	556
25	560
25	564
25	568
25	572
25	576
25	580
25	585
25	589
25	594
25	598
25	603
25	608
25	613
25	618
25	623
25	628
25	634
25	640
25	646
25	653
25	661
25	670
26	348
26	355
26	361
26	366
26	371
26	374
26	379
26	382
26	385
26	389
26	391
26	394
26	397
26	400
26	402
26	405
26	408
26	410
26	413
26	416
26	418
26	421
26	424
26	426
26	429
26	432
26	434
26	437
26	440
26	442
26	445
26	448
26	450
26	453
26	456
26	458
26	461
26	464
26	466
26	469
26	472
26	475
26	478
26	481
26	484
26	487
26	490
26	494
26	497
26	500
26	504
26	507
26	511
26	515
26	518
26	522
26	526
26	530
26	534
26	538
26	542
26	546
26	550
26	555
26	559
26	564
26	568
26	573
26	578
26	583
26	588
26	593
26	598
26	603
26	608
26	614
26	619
26	625
26	631
26	637
26	644
26	652
26	661
26	673
27	349
27	358
27	365
27	371
27	375
27	380
27	383
27	387
27	390
27	392
27	396
27	398
27	401
27	403
27	406
27	408
27	411
27	413
27	416
27	418
27	421
27	423
27	425
27	428
27	430
27	433
27	435
27	438
27	440
27	443
27	445
27	448
27	450
27	453
27	456
27	458
27	461
27	464
27	466
27	469
27	472
27	475
27	478
27	481
27	484
27	487
27	490
27	494
27	497
27	501
27	504
27	508
27	512
27	516
27	520
27	524
27	528
27	532
27	537
27	541
27	546
27	550
27	555
27	559
27	564
27	568
27	573
27	578
27	582
27	587
27	592
27	597
27	602
27	607
27	612
27	617
27	623
27	629
27	635
27	642
27	649
27	657
27	667
28	352
28	362
28	370
28	375
28	381
28	384
28	389
28	392
28	396
28	399
28	402
28	405
28	408
28	411
28	413
28	417
28	419
28	422
28	425
28	428
28	430
28	434
28	436
28	439
28	442
28	445
28	448
28	451
28	454
28	457
28	460
28	463
28	466
28	469
28	473
28	476
28	479
28	483
28	486
28	490
28	493
28	497
28	501
28	505
28	509
28	513
28	517
28	521
28	525
28	529
28	533
28	537
28	541
28	545
28	549
28	553
28	557
28	561
28	564
28	568
28	572
28	575
28	579
28	582
28	586
28	589
28	593
28	596
28	600
28	604
28	607
28	611
28	615
28	619
28	624
28	628
28	633
28	638
28	644
28	650
28	657
28	665
28	674
29	351
29	360
29	367
29	373
29	379
29	383
29	388
29	392
29	396
29	400
29	404
29	407
29	411
29	414
29	418
29	421
29	425
29	428
29	432
29	436
29	439
29	444
29	447
29	451
29	455
29	459
29	463
29	467
29	471
29	475
29	479
29	483
29	487
29	491
29	495
29	499
29	503
29	507
29	511
29	515
29	519
29	522
29	526
29	530
29	533
29	537
29	540
29	543
29	547
29	550
29	553
29	556
29	559
29	562
29	565
29	568
29	571
29	573
29	576
29	579
29	581
29	584
29	587
29	589
29	592
29	595
29	598
29	601
29	604
29	607
29	610
29	614
29	617
29	621
29	625
29	629
29	634
29	638
29	644
29	649
29	656
29	663
29	671
29	681
30	351
30	360
30	367
30	373
30	379
30	384
30	389
30	394
30	398
30	403
30	407
30	412
30	416
30	421
30	425
30	430
30	434
30	439
30	443
30	448
30	452
30	456
30	461
30	465
30	469
30	473
30	477
30	481
30	485
30	489
30	492
30	496
30	500
30	503
30	507
30	510
30	513
30	517
30	520
30	523
30	526
30	529
30	532
30	534
30	538
30	540
30	543
30	545
30	548
30	551
30	553
30	555
30	558
30	560
30	563
30	565
30	567
30	570
30	572
30	575
30	577
30	580
30	582
30	585
30	588
30	590
30	594
30	596
30	599
30	603
30	606
30	609
30	614
30	617
30	622
30	626
30	631
30	637
30	643
30	650
30	658
30	668
31	357
31	366
31	373
31	380
31	386
31	392
31	398
31	404
31	410
31	415
31	421
31	426
31	431
31	436
31	440
31	445
31	449
31	453
31	457
31	461
31	464
31	468
31	471
31	474
31	478
31	481
31	484
31	487
31	490
31	493
31	496
31	499
31	502
31	504
31	508
31	510
31	513
31	516
31	518
31	521
31	523
31	526
31	528
31	531
31	533
31	536
31	538
31	541
31	543
31	545
31	548
31	550
31	552
31	555
31	557
31	559
31	562
31	564
31	566
31	569
31	571
31	574
31	576
31	579
31	581
31	585
31	587
31	590
31	594
31	596
31	600
31	604
31	607
31	611
31	616
31	620
31	626
31	631
31	637
31	644
31	652
31	662
32	359
32	369
32	377
32	384
32	390
32	396
32	402
32	408
32	414
32	419
32	424
32	429
32	433
32	438
32	442
32	446
32	450
32	453
32	457
32	460
32	463
32	467
32	470
32	472
32	476
32	478
32	481
32	483
32	486
32	489
32	491
32	494
32	496
32	499
32	501
32	504
32	506
32	509
32	511
32	514
32	516
32	519
32	521
32	524
32	526
32	529
32	531
32	534
32	536
32	539
32	541
32	544
32	546
32	549
32	552
32	554
32	557
32	560
32	562
32	566
32	568
32	571
32	575
32	577
32	581
32	584
32	588
32	591
32	596
32	599
32	605
32	609
32	615
32	621
32	628
32	636
32	646
33	361
33	371
33	380
33	388
33	396
33	403
33	410
33	416
33	422
33	427
33	432
33	436
33	441
33	444
33	448
33	452
33	455
33	459
33	462
33	465
33	469
33	471
33	475
33	478
33	481
33	484
33	487
33	490
33	493
33	496
33	499
33	502
33	505
33	508
33	512
33	515
33	518
33	522
33	525
33	529
33	533
33	537
33	541
33	545
33	549
33	554
33	558
33	563
33	568
33	573
33	578
33	584
33	590
33	597
33	605
33	614
33	625
34	367
34	378
34	388
34	397
34	405
34	412
34	418
34	423
34	428
34	432
34	436
34	440
34	444
34	448
34	451
34	455
34	458
34	462
34	465
34	469
34	472
34	476
34	479
34	483
34	487
34	491
34	495
34	499
34	504
34	508
34	513
34	518
34	524
34	530
34	537
34	544
34	551
34	559
34	567
34	576
34	586
34	598
35	366
35	376
35	385
35	393
35	400
35	407
35	413
35	418
35	423
35	428
35	432
35	437
35	441
35	446
35	450
35	455
35	459
35	464
35	469
35	474
35	480
35	486
35	492
35	498
35	505
35	512
35	520
35	529
35	539
35	549
35	560
36	362
36	372
36	381
36	389
36	396
36	403
36	409
36	415
36	421
36	427
36	433
36	439
36	445
36	451
36	458
36	465
36	472
36	480
36	488
36	497
36	507
36	518
37	366
37	375
37	383
37	391
37	398
37	405
37	412
37	419
37	426
37	433
37	440
37	448
37	456
37	464
37	473
37	482
37	492
37	503
38	378
38	389
38	399
38	408
38	417
38	426
38	435
38	444
38	453
38	463
38	473
38	484
39	401
39	412
39	423
39	434
39	445
39	456
40	397
40	409
40	420
40	432
40	444
63	469
63	482
63	494
63	506
63	519
64	432
64	443
64	454
64	465
64	475
64	485
64	495
64	506
64	517
64	529
64	544
65	466
65	478
65	490
65	502
65	515
65	528
65	541
65	553
65	565
65	576
65	589
66	437
66	447
66	456
66	464
66	472
66	480
66	488
66	496
66	504
66	512
66	520
66	528
66	536
66	544
66	552
66	559
66	566
66	573
66	580
66	587
66	594
66	602
66	610
66	619
66	630
67	412
67	423
67	432
67	440
67	447
67	453
67	459
67	465
67	471
67	476
67	481
67	486
67	491
67	496
67	501
67	506
67	511
67	516
67	521
67	526
67	531
67	536
67	541
67	545
67	550
67	554
67	559
67	563
67	567
67	571
67	575
67	579
67	583
67	587
67	591
67	595
67	599
67	604
67	608
67	613
67	618
67	624
67	630
67	637
67	645
67	655
68	399
68	409
68	417
68	424
68	431
68	437
68	443
68	449
68	454
68	460
68	465
68	470
68	475
68	480
68	484
68	489
68	493
68	498
68	502
68	506
68	510
68	514
68	518
68	521
68	525
68	528
68	532
68	534
68	538
68	541
68	544
68	547
68	550
68	553
68	555
68	559
68	561
68	564
68	566
68	569
68	572
68	574
68	577
68	580
68	582
68	585
68	588
68	590
68	594
68	596
68	599
68	603
68	606
68	609
68	613
68	617
68	621
68	626
68	630
68	636
68	642
68	649
68	657
68	667
69	389
69	398
69	405
69	411
69	416
69	421
69	425
69	430
69	433
69	437
69	441
69	444
69	448
69	451
69	455
69	458
69	462
69	465
69	468
69	472
69	474
69	478
69	481
69	483
69	487
69	489
69	492
69	495
69	497
69	500
69	502
69	505
69	507
69	510
69	512
69	514
69	517
69	519
69	521
69	523
69	526
69	528
69	530
69	532
69	534
69	536
69	538
69	540
69	542
69	544
69	546
69	548
69	550
69	553
69	554
69	557
69	559
69	561
69	564
69	566
69	568
69	571
69	573
69	576
69	578
69	581
69	584
69	587
69	589
69	594
69	596
69	600
69	604
69	608
69	613
69	618
69	624
69	630
69	637
69	646
70	387
70	395
70	401
70	405
70	410
70	413
70	417
70	421
70	423
70	427
70	430
70	432
70	435
70	438
70	440
70	443
70	445
70	448
70	450
70	452
70	455
70	457
70	459
70	462
70	464
70	466
70	469
70	471
70	473
70	475
70	478
70	479
70	482
70	483
70	486
70	488
70	490
70	492
70	494
70	496
70	498
70	500
70	502
70	504
70	506
70	508
70	510
70	512
70	513
70	516
70	517
70	519
70	521
70	523
70	525
70	527
70	529
70	531
70	533
70	535
70	537
70	539
70	541
70	544
70	546
70	548
70	551
70	554
70	556
70	559
70	562
70	565
70	568
70	571
70	575
70	578
70	582
70	586
70	590
70	595
70	600
70	606
70	612
70	619
70	627
70	637
71	388
71	397
71	404
71	410
71	415
71	420
71	424
71	429
71	433
71	437
71	441
71	444
71	448
71	452
71	455
71	459
71	462
71	466
71	469
71	472
71	476
71	479
71	482
71	486
71	489
71	492
71	496
71	499
71	503
71	506
71	510
71	513
71	517
71	521
71	525
71	529
71	533
71	537
71	541
71	545
71	549
71	553
71	557
71	561
71	565
71	569
71	573
71	577
71	582
71	586
71	591
71	596
71	601
71	607
71	613
71	620
71	628
71	638
72	389
72	399
72	407
72	414
72	421
72	427
72	433
72	438
72	443
72	448
72	453
72	458
72	463
72	468
72	472
72	477
72	481
72	486
72	490
72	495
72	499
72	503
72	507
72	511
72	515
72	519
72	523
72	527
72	531
72	534
72	538
72	541
72	545
72	548
72	551
72	554
72	558
72	560
72	564
72	567
72	570
72	574
72	577
72	580
72	584
72	587
72	591
72	595
72	599
72	604
72	608
72	614
72	619
72	625
72	632
72	640
72	650
73	390
73	399
73	406
73	412
73	417
73	422
73	426
73	431
73	434
73	439
73	442
73	446
73	449
73	453
73	456
73	459
73	463
73	465
73	469
73	472
73	475
73	478
73	481
73	484
73	487
73	490
73	493
73	496
73	499
73	502
73	504
73	508
73	510
73	513
73	516
73	519
73	521
73	524
73	527
73	530
73	532
73	535
73	538
73	541
73	544
73	547
73	550
73	553
73	556
73	559
73	562
73	565
73	568
73	572
73	575
73	579
73	583
73	587
73	591
73	596
73	600
73	606
73	611
73	617
73	624
73	633
73	644
74	399
74	409
74	417
74	423
74	429
74	434
74	440
74	444
74	449
74	453
74	457
74	461
74	465
74	469
74	473
74	477
74	481
74	485
74	489
74	493
74	497
74	501
74	505
74	509
74	514
74	518
74	523
74	528
74	533
74	539
74	545
74	551
74	558
74	565
74	573
74	581
74	589
74	597
74	605
74	614
74	624
74	636
75	551
75	562
75	571
75	579
75	586
75	593
75	599
75	605
75	611
75	617
75	624
75	631
75	639
75	648
75	659
76	406
76	416
76	426
76	435
76	444
76	452
76	460
76	468
76	476
76	484
76	492
76	500
76	508
76	516
76	524
76	531
76	538
76	545
76	552
76	559
76	565
76	571
76	577
76	582
76	588
76	593
76	598
76	603
76	608
76	613
76	618
76	624
76	630
76	636
76	643
76	651
76	660
77	409
77	420
77	430
77	439
77	448
77	457
77	465
77	473
77	481
77	489
77	497
77	505
77	514
77	523
77	532
77	541
77	550
77	559
77	569
77	579
77	589
77	600
77	613
-1	-1
