-1	-1
0	163
0	172
0	180
0	188
0	195
0	203
0	211
0	220
0	230
0	243
1	180
1	191
1	203
12	209
12	222
12	235
13	192
13	204
13	215
13	226
13	237
13	248
13	260
13	273
14	178
14	189
14	199
14	209
14	219
14	229
14	239
14	249
14	259
14	269
14	279
14	290
14	301
14	312
14	323
14	334
14	345
14	357
15	171
15	181
15	190
15	199
15	208
15	217
15	225
15	233
15	241
15	249
15	257
15	265
15	273
15	281
15	289
15	297
15	305
15	313
15	321
15	329
15	336
15	344
15	352
15	360
15	368
15	377
15	387
15	399
16	172
16	182
16	191
16	199
16	207
16	215
16	223
16	230
16	237
16	244
16	251
16	258
16	265
16	272
16	278
16	284
16	290
16	296
16	302
16	308
16	314
16	319
16	325
16	330
16	335
16	340
16	345
16	350
16	355
16	361
16	366
16	372
16	378
16	384
16	391
16	398
16	406
16	415
16	426
17	168
17	178
17	186
17	193
17	200
17	207
17	213
17	219
17	225
17	231
17	236
17	242
17	247
17	252
17	257
17	262
17	266
17	271
17	275
17	279
17	283
17	287
17	291
17	294
17	298
17	302
17	305
17	309
17	312
17	316
17	319
17	322
17	326
17	329
17	332
17	335
17	338
17	341
17	344
17	347
17	350
17	354
17	357
17	360
17	364
17	367
17	371
17	374
17	378
17	382
17	386
17	390
17	395
17	399
17	405
17	410
17	416
17	423
17	431
17	441
18	161
18	170
18	178
18	185
18	191
18	197
18	203
18	209
18	214
18	219
18	224
18	228
18	233
18	237
18	241
18	245
18	249
18	252
18	256
18	259
18	262
18	266
18	269
18	272
18	275
18	278
18	281
18	283
18	286
18	289
18	291
18	294
18	297
18	299
18	302
18	304
18	307
18	309
18	312
18	314
18	316
18	319
18	321
18	323
18	325
18	328
18	330
18	332
18	334
18	337
18	338
18	341
18	343
18	345
18	347
18	350
18	352
18	354
18	357
18	359
18	361
18	364
18	366
18	369
18	371
18	374
18	377
18	379
18	383
18	386
18	389
18	393
18	396
18	400
18	405
18	409
18	415
18	420
18	427
18	434
18	443
18	455
19	160
19	169
19	176
19	182
19	188
19	194
19	199
19	204
19	209
19	213
19	218
19	221
19	225
19	229
19	232
19	236
19	239
19	242
19	245
19	248
19	251
19	254
19	257
19	260
19	262
19	265
19	268
19	270
19	273
19	275
19	278
19	280
19	283
19	285
19	288
19	290
19	293
19	295
19	298
19	300
19	303
19	305
19	308
19	310
19	313
19	315
19	317
19	320
19	322
19	324
19	327
19	329
19	331
19	334
19	336
19	338
19	341
19	343
19	346
19	348
19	351
19	354
19	356
19	359
19	362
19	365
19	368
19	371
19	375
19	378
19	382
19	386
19	390
19	395
19	400
19	406
19	413
19	421
19	430
20	158
20	166
20	172
20	178
20	183
20	188
20	193
20	198
20	202
20	207
20	211
20	215
20	219
20	222
20	226
20	229
20	232
20	236
20	239
20	242
20	245
20	248
20	251
20	254
20	257
20	260
20	263
20	266
20	269
20	272
20	275
20	278
20	281
20	284
20	287
20	290
20	293
20	296
20	299
20	303
20	306
20	309
20	313
20	316
20	319
20	323
20	326
20	329
20	333
20	336
20	340
20	343
20	347
20	351
20	355
20	359
20	364
20	368
20	374
20	379
20	385
20	392
20	400
20	409
20	420
21	157
21	164
21	171
21	175
21	180
21	184
21	189
21	193
21	197
21	201
21	205
21	209
21	213
21	217
21	221
21	224
21	228
21	232
21	235
21	239
21	243
21	246
21	250
21	254
21	257
21	261
21	265
21	269
21	273
21	277
21	281
21	285
21	289
21	294
21	298
21	303
21	307
21	312
21	316
21	321
21	325
21	330
21	334
21	339
21	344
21	349
21	354
21	359
21	365
21	371
21	378
21	386
21	395
21	405
22	153
22	161
22	168
22	173
22	178
22	182
22	186
22	190
22	194
22	198
22	202
22	205
22	209
22	213
22	216
22	220
22	224
22	228
22	232
22	236
22	240
22	244
22	248
22	252
22	256
22	260
22	265
22	269
22	274
22	278
22	283
22	288
22	293
22	298
22	303
22	308
22	312
22	317
22	321
22	326
22	330
22	335
22	340
22	345
22	350
22	355
22	360
22	366
22	372
22	378
22	385
22	393
22	402
22	414
23	152
23	161
23	168
23	173
23	178
23	182
23	186
23	190
23	193
23	197
23	200
23	204
23	207
23	211
23	214
23	218
23	221
23	225
23	228
23	232
23	235
23	239
23	242
23	246
23	250
23	254
23	258
23	262
23	266
23	270
23	274
23	278
23	282
23	286
23	290
23	294
23	298
23	302
23	306
23	310
23	314
23	318
23	322
23	326
23	330
23	334
23	338
23	342
23	346
23	350
23	354
23	358
23	363
23	367
23	372
23	377
23	383
23	389
23	396
23	404
23	413
23	424
24	160
24	169
24	175
24	181
24	184
24	189
24	192
24	196
24	199
24	202
24	205
24	208
24	211
24	214
24	217
24	220
24	223
24	226
24	229
24	232
24	235
24	238
24	241
24	244
24	247
24	250
24	253
24	256
24	259
24	263
24	266
24	269
24	273
24	276
24	279
24	283
24	286
24	290
24	294
24	297
24	301
24	305
24	309
24	313
24	317
24	321
24	325
24	329
24	333
24	337
24	341
24	345
24	349
24	353
24	357
24	361
24	366
24	370
24	375
24	380
24	386
24	392
24	398
24	405
24	413
24	423
25	162
25	171
25	178
25	183
25	188
25	192
25	196
25	200
25	203
25	206
25	210
25	212
25	215
25	218
25	221
25	224
25	226
25	230
25	232
25	235
25	238
25	240
25	243
25	246
25	248
25	251
25	254
25	257
25	259
25	263
25	265
25	268
25	271
25	274
25	277
25	280
25	284
25	287
25	290
25	294
25	297
25	301
25	305
25	309
25	313
25	317
25	321
25	326
25	330
25	335
25	340
25	345
25	350
25	355
25	360
25	366
25	372
25	378
25	384
25	391
25	398
25	406
25	416
26	161
26	170
26	178
26	183
26	189
26	193
26	197
26	201
26	204
26	208
26	211
26	214
26	218
26	221
26	224
26	227
26	230
26	233
26	236
26	239
26	242
26	244
26	248
26	250
26	253
26	256
26	259
26	262
26	265
26	268
26	271
26	275
26	278
26	282
26	285
26	289
26	293
26	297
26	301
26	306
26	310
26	315
26	320
26	325
26	331
26	337
26	343
26	349
26	356
26	363
26	370
26	377
26	385
26	393
26	401
26	410
26	421
27	167
27	176
27	183
27	189
27	194
27	199
27	203
27	208
27	212
27	216
27	220
27	224
27	228
27	232
27	236
27	240
27	244
27	248
27	252
27	256
27	260
27	264
27	268
27	273
27	277
27	282
27	287
27	292
27	297
27	303
27	309
27	315
27	322
27	329
27	336
27	344
27	352
27	361
27	370
27	378
27	386
27	395
27	404
27	414
27	425
28	163
28	172
28	180
28	187
28	193
28	199
28	204
28	209
28	214
28	219
28	224
28	229
28	234
28	239
28	244
28	249
28	254
28	259
28	264
28	269
28	274
28	279
28	285
28	290
28	296
28	302
28	308
28	314
28	320
28	326
28	333
28	340
28	347
28	354
28	361
28	368
28	375
28	382
28	389
28	396
28	403
28	411
28	419
28	428
29	161
29	170
29	177
29	183
29	189
29	195
29	200
29	205
29	210
29	215
29	220
29	225
29	230
29	235
29	240
29	245
29	250
29	254
29	259
29	263
29	268
29	272
29	277
29	281
29	286
29	290
29	294
29	298
29	302
29	306
29	310
29	314
29	318
29	322
29	326
29	331
29	335
29	340
29	344
29	349
29	353
29	358
29	363
29	367
29	372
29	376
29	381
29	385
29	390
29	394
29	399
29	404
29	409
29	415
29	421
29	428
29	436
29	445
30	162
30	171
30	179
30	185
30	191
30	197
30	202
30	208
30	213
30	218
30	222
30	227
30	231
30	235
30	239
30	243
30	247
30	251
30	254
30	258
30	261
30	264
30	268
30	271
30	274
30	277
30	280
30	283
30	286
30	289
30	291
30	294
30	297
30	299
30	302
30	304
30	307
30	309
30	312
30	314
30	317
30	319
30	322
30	325
30	327
30	330
30	333
30	335
30	338
30	341
30	343
30	346
30	349
30	351
30	355
30	357
30	360
30	363
30	366
30	368
30	372
30	374
30	377
30	380
30	383
30	386
30	389
30	392
30	395
30	398
30	402
30	405
30	409
30	413
30	417
30	422
30	427
30	433
30	439
30	446
30	454
30	464
31	171
31	181
31	190
31	198
31	204
31	210
31	214
31	219
31	222
31	226
31	230
31	233
31	236
31	240
31	242
31	245
31	248
31	251
31	252
31	256
31	258
31	260
31	262
31	265
31	267
31	269
31	271
31	273
31	275
31	277
31	279
31	281
31	283
31	285
31	287
31	289
31	291
31	292
31	295
31	296
31	298
31	300
31	302
31	303
31	305
31	307
31	309
31	310
31	312
31	314
31	316
31	317
31	319
31	321
31	323
31	325
31	326
31	329
31	330
31	332
31	334
31	336
31	338
31	340
31	342
31	344
31	346
31	348
31	350
31	352
31	354
31	356
31	358
31	360
31	363
31	364
31	367
31	369
31	371
31	374
31	376
31	378
31	381
31	383
31	386
31	388
31	391
31	394
31	397
31	399
31	403
31	406
31	409
31	413
31	417
31	421
31	426
31	431
31	437
31	443
31	450
31	459
32	173
32	183
32	191
32	199
32	205
32	211
32	214
32	219
32	222
32	225
32	229
32	231
32	234
32	237
32	240
32	242
32	244
32	247
32	249
32	252
32	253
32	256
32	258
32	260
32	262
32	264
32	266
32	268
32	270
32	272
32	273
32	276
32	277
32	279
32	281
32	283
32	284
32	286
32	288
32	290
32	292
32	293
32	295
32	297
32	299
32	301
32	303
32	304
32	307
32	308
32	310
32	312
32	314
32	316
32	318
32	320
32	322
32	324
32	326
32	328
32	330
32	333
32	335
32	337
32	339
32	342
32	344
32	347
32	349
32	352
32	355
32	357
32	360
32	363
32	366
32	369
32	372
32	376
32	379
32	383
32	387
32	391
32	396
32	400
32	406
32	411
32	417
32	424
32	432
32	441
32	453
33	170
33	180
33	188
33	195
33	201
33	206
33	211
33	215
33	220
33	223
33	227
33	231
33	233
33	237
33	240
33	242
33	245
33	248
33	251
33	253
33	256
33	259
33	261
33	264
33	266
33	269
33	272
33	274
33	277
33	280
33	282
33	285
33	288
33	291
33	294
33	297
33	300
33	303
33	306
33	309
33	313
33	316
33	320
33	324
33	328
33	332
33	336
33	340
33	345
33	349
33	355
33	360
33	366
33	372
33	379
33	387
33	396
33	406
33	416
33	428
34	172
34	182
34	190
34	196
34	202
34	207
34	212
34	216
34	221
34	224
34	229
34	232
34	236
34	240
34	244
34	248
34	252
34	255
34	259
34	263
34	267
34	271
34	275
34	279
34	283
34	287
34	292
34	296
34	301
34	306
34	311
34	317
34	323
34	329
34	336
34	344
34	352
34	361
34	373
35	178
35	188
35	195
35	202
35	208
35	214
35	219
35	224
35	229
35	234
35	239
35	244
35	249
35	255
35	261
35	267
35	273
35	280
35	287
35	294
35	302
35	311
35	321
35	333
36	191
36	201
36	210
36	218
36	226
36	233
36	240
36	247
36	254
36	262
36	270
36	278
36	287
36	297
36	308
37	190
37	200
37	209
37	218
37	226
37	234
37	242
37	250
37	258
37	266
37	275
37	284
37	294
37	305
38	183
38	194
38	203
38	212
38	221
38	229
38	238
38	247
38	256
38	266
38	276
38	288
39	183
39	193
39	203
39	212
39	221
39	230
39	239
39	248
39	258
39	269
40	192
40	203
40	213
40	222
40	231
40	240
40	249
40	258
40	268
40	281
41	201
41	212
41	223
41	234
41	244
41	254
41	265
63	243
63	254
63	264
63	274
63	284
63	294
63	305
64	249
64	260
64	270
64	279
64	288
64	297
64	306
64	315
64	325
64	336
65	288
65	299
65	310
65	321
65	332
65	343
65	355
67	228
67	238
67	247
67	256
67	264
67	272
67	281
67	290
67	299
67	309
67	319
67	330
67	343
67	361
67	372
67	383
68	232
68	243
68	253
68	262
68	271
68	280
68	288
68	296
68	304
68	312
68	320
68	328
68	336
68	344
68	352
68	360
68	367
68	374
68	381
68	388
68	395
68	402
68	410
68	419
68	429
69	219
69	229
69	238
69	246
69	254
69	262
69	270
69	278
69	286
69	294
69	302
69	310
69	317
69	324
69	331
69	338
69	344
69	350
69	356
69	362
69	368
69	373
69	378
69	383
69	388
69	394
69	400
69	406
69	413
69	421
69	430
70	210
70	219
70	226
70	232
70	237
70	242
70	247
70	251
70	256
70	260
70	264
70	269
70	273
70	277
70	282
70	286
70	291
70	296
70	301
70	306
70	311
70	317
70	322
70	328
70	334
70	340
70	346
70	353
70	360
70	367
70	374
70	381
70	389
70	398
70	408
71	209
71	217
71	222
71	227
71	232
71	234
71	239
71	242
71	244
71	248
71	251
71	253
71	256
71	259
71	261
71	264
71	266
71	269
71	271
71	274
71	276
71	279
71	281
71	284
71	286
71	289
71	291
71	294
71	297
71	299
71	302
71	305
71	308
71	310
71	314
71	316
71	320
71	323
71	326
71	330
71	333
71	337
71	341
71	345
71	349
71	354
71	358
71	363
71	368
71	373
71	379
71	385
71	392
71	400
71	409
71	420
72	214
72	222
72	229
72	233
72	238
72	242
72	245
72	249
72	252
72	254
72	258
72	260
72	263
72	265
72	268
72	271
72	272
72	275
72	277
72	280
72	282
72	284
72	286
72	289
72	291
72	293
72	295
72	298
72	299
72	302
72	304
72	306
72	308
72	311
72	313
72	315
72	317
72	320
72	322
72	324
72	327
72	329
72	331
72	334
72	336
72	339
72	341
72	344
72	347
72	349
72	352
72	355
72	358
72	361
72	364
72	367
72	370
72	374
72	377
72	381
72	385
72	389
72	394
72	398
72	404
72	409
72	416
72	424
72	433
73	251
73	261
73	270
73	277
73	283
73	289
73	294
73	299
73	303
73	308
73	312
73	316
73	320
73	323
73	327
73	331
73	334
73	338
73	341
73	345
73	348
73	352
73	355
73	359
73	362
73	366
73	369
73	373
73	377
73	381
73	386
73	390
73	395
73	400
73	406
73	413
73	421
73	430
74	236
75	211
75	221
75	229
75	236
75	243
75	249
75	255
75	261
75	267
75	273
75	279
75	286
75	293
75	300
75	307
75	315
75	324
75	333
75	343
75	354
75	367
75	379
75	391
75	403
76	217
76	226
76	234
76	241
76	248
76	254
76	260
76	266
76	272
76	278
76	284
76	290
76	296
76	302
76	308
76	315
76	322
76	329
76	336
76	343
76	351
76	359
76	367
76	375
76	383
76	391
76	399
76	407
76	416
76	426
-1	-1
