-1	-1
9	309
9	320
9	330
9	340
9	350
9	360
9	370
9	381
9	393
10	309
10	320
10	329
10	338
10	346
10	354
10	362
10	370
10	378
10	386
10	394
10	403
10	413
11	301
11	312
11	321
11	329
11	337
11	344
11	351
11	358
11	365
11	372
11	379
11	386
11	393
11	401
11	409
11	418
11	429
12	307
12	317
12	326
12	334
12	341
12	348
12	355
12	362
12	368
12	374
12	380
12	386
12	392
12	398
12	405
12	412
12	420
12	429
12	439
13	310
13	320
13	329
13	338
13	346
13	354
13	362
13	369
13	376
13	383
13	390
13	397
13	404
13	411
13	419
13	427
13	436
13	447
14	322
14	333
14	344
14	354
14	364
14	373
14	382
14	390
14	398
14	406
14	414
14	423
14	433
14	444
15	341
15	353
15	364
15	374
15	383
15	392
15	401
15	410
15	419
15	428
15	438
15	450
16	332
16	345
16	357
16	368
16	378
16	388
16	398
16	408
16	418
16	428
16	439
17	319
17	331
17	342
17	353
17	364
17	374
17	384
17	394
17	404
17	414
17	424
17	435
17	447
18	311
18	322
18	333
18	344
18	354
18	364
18	373
18	382
18	391
18	400
18	410
18	420
18	431
19	302
19	313
19	323
19	332
19	341
19	349
19	357
19	365
19	372
19	379
19	386
19	393
19	401
19	409
19	417
19	425
19	434
19	444
19	455
20	293
20	303
20	312
20	320
20	327
20	334
20	341
20	348
20	354
20	360
20	366
20	372
20	377
20	383
20	388
20	394
20	400
20	406
20	412
20	418
20	425
20	432
20	440
20	448
20	457
20	468
21	287
21	296
21	303
21	310
21	316
21	322
21	328
21	333
21	339
21	344
21	349
21	353
21	358
21	362
21	366
21	370
21	374
21	378
21	382
21	386
21	390
21	394
21	398
21	402
21	406
21	410
21	415
21	419
21	424
21	428
21	434
21	439
21	445
21	451
21	458
21	466
21	475
21	485
22	283
22	292
22	299
22	304
22	310
22	314
22	319
22	323
22	328
22	332
22	336
22	340
22	344
22	348
22	352
22	355
22	359
22	362
22	366
22	369
22	373
22	376
22	380
22	383
22	387
22	390
22	394
22	397
22	401
22	404
22	408
22	411
22	415
22	418
22	422
22	426
22	430
22	434
22	438
22	443
22	448
22	453
22	459
22	465
22	472
22	479
22	488
22	499
23	282
23	291
23	298
23	303
23	308
23	313
23	317
23	322
23	325
23	330
23	333
23	337
23	341
23	344
23	348
23	352
23	355
23	359
23	362
23	366
23	369
23	373
23	376
23	380
23	383
23	387
23	390
23	394
23	397
23	401
23	405
23	408
23	412
23	416
23	420
23	424
23	428
23	432
23	437
23	441
23	446
23	451
23	456
23	462
23	468
23	475
23	483
23	492
23	504
24	283
24	292
24	299
24	305
24	311
24	316
24	321
24	326
24	331
24	335
24	340
24	344
24	349
24	353
24	357
24	361
24	365
24	369
24	373
24	377
24	381
24	385
24	389
24	394
24	398
24	403
24	407
24	412
24	417
24	422
24	427
24	433
24	438
24	444
24	450
24	457
24	464
24	472
24	481
24	493
25	296
25	305
25	313
25	321
25	328
25	335
25	341
25	347
25	353
25	359
25	365
25	371
25	376
25	382
25	388
25	394
25	400
25	406
25	413
25	420
25	427
25	435
25	443
25	452
25	462
25	475
26	297
26	307
26	315
26	323
26	330
26	337
26	344
26	350
26	356
26	362
26	368
26	374
26	380
26	386
26	393
26	400
26	407
26	415
26	424
26	434
26	445
27	296
27	306
27	314
27	322
27	329
27	336
27	343
27	350
27	357
27	364
27	370
27	377
27	384
27	391
27	398
27	406
27	415
27	425
27	436
28	291
28	301
28	309
28	316
28	323
28	329
28	335
28	341
28	347
28	353
28	359
28	365
28	371
28	377
28	384
28	391
28	398
28	406
28	415
28	425
29	288
29	296
29	302
29	308
29	313
29	318
29	323
29	327
29	332
29	336
29	341
29	345
29	350
29	355
29	360
29	365
29	370
29	375
29	380
29	386
29	392
29	398
29	405
29	413
29	422
29	432
30	287
30	295
30	301
30	306
30	311
30	315
30	320
30	323
30	328
30	331
30	335
30	339
30	343
30	347
30	351
30	355
30	359
30	364
30	368
30	373
30	377
30	382
30	387
30	393
30	398
30	405
30	412
30	419
30	427
30	436
30	447
31	289
31	298
31	304
31	310
31	314
31	319
31	322
31	326
31	330
31	333
31	337
31	340
31	344
31	347
31	351
31	355
31	358
31	362
31	366
31	370
31	374
31	378
31	383
31	388
31	393
31	398
31	404
31	410
31	417
31	425
31	434
31	444
32	297
32	305
32	312
32	317
32	322
32	326
32	331
32	334
32	338
32	342
32	345
32	349
32	353
32	356
32	360
32	364
32	368
32	372
32	376
32	380
32	385
32	389
32	395
32	400
32	406
32	412
32	419
32	427
32	436
32	446
33	302
33	311
33	319
33	325
33	331
33	335
33	340
33	344
33	349
33	353
33	357
33	362
33	366
33	371
33	375
33	380
33	385
33	390
33	395
33	401
33	407
33	414
33	421
33	429
33	438
33	449
34	308
34	317
34	324
34	330
34	334
34	339
34	343
34	347
34	351
34	355
34	359
34	362
34	366
34	370
34	374
34	378
34	382
34	386
34	391
34	395
34	400
34	405
34	411
34	417
34	424
34	432
34	441
34	452
35	317
35	327
35	334
35	341
35	346
35	351
35	355
35	360
35	364
35	368
35	372
35	376
35	381
35	385
35	390
35	395
35	400
35	405
35	411
35	417
35	424
35	431
35	439
35	449
36	312
36	322
36	330
36	337
36	343
36	349
36	354
36	359
36	364
36	369
36	373
36	378
36	382
36	387
36	392
36	397
36	402
36	407
36	413
36	419
36	426
36	433
36	441
36	450
36	463
37	321
37	331
37	339
37	346
37	352
37	357
37	362
37	366
37	371
37	374
37	379
37	382
37	387
37	390
37	395
37	399
37	404
37	408
37	413
37	418
37	424
37	430
37	437
37	444
37	452
37	462
38	337
38	347
38	354
38	361
38	365
38	371
38	374
38	379
38	383
38	387
38	391
38	395
38	399
38	403
38	407
38	412
38	416
38	421
38	426
38	432
38	438
38	445
38	453
38	462
38	473
39	337
39	347
39	355
39	362
39	369
39	374
39	380
39	384
39	389
39	393
39	398
39	402
39	407
39	411
39	416
39	421
39	426
39	432
39	438
39	445
39	452
39	460
39	469
40	332
40	342
40	351
40	359
40	365
40	371
40	376
40	381
40	385
40	390
40	394
40	398
40	402
40	406
40	410
40	414
40	418
40	423
40	427
40	432
40	437
40	443
40	449
40	456
40	464
40	473
40	484
41	326
41	337
41	346
41	354
41	361
41	368
41	373
41	379
41	383
41	388
41	392
41	396
41	400
41	404
41	408
41	412
41	416
41	420
41	425
41	429
41	434
41	439
41	445
41	451
41	457
41	465
41	473
41	483
42	331
42	342
42	351
42	360
42	368
42	375
42	381
42	387
42	392
42	397
42	402
42	406
42	411
42	415
42	420
42	425
42	430
42	435
42	441
42	447
42	454
42	461
42	469
42	479
43	349
43	359
43	368
43	376
43	383
43	390
43	396
43	402
43	408
43	414
43	420
43	426
43	432
43	438
43	445
43	453
43	461
43	471
44	340
44	351
44	361
44	370
44	378
44	385
44	392
44	399
44	405
44	411
44	417
44	423
44	429
44	435
44	441
44	448
44	455
44	463
44	473
44	485
45	332
45	343
45	352
45	361
45	369
45	376
45	383
45	390
45	396
45	402
45	408
45	414
45	419
45	425
45	431
45	437
45	443
45	450
45	457
45	465
45	475
46	346
46	356
46	364
46	372
46	379
46	386
46	393
46	399
46	405
46	411
46	417
46	423
46	428
46	434
46	440
46	446
46	453
46	460
46	468
46	478
47	348
47	359
47	369
47	378
47	386
47	394
47	401
47	408
47	414
47	419
47	424
47	429
47	434
47	439
47	444
47	449
47	455
47	461
47	468
47	476
47	485
47	495
48	346
48	357
48	367
48	376
48	384
48	392
48	400
48	407
48	413
48	419
48	424
48	430
48	435
48	440
48	445
48	450
48	456
48	462
48	468
48	475
48	483
48	492
48	502
48	515
49	347
49	357
49	366
49	374
49	381
49	388
49	395
49	402
49	409
49	415
49	421
49	426
49	432
49	437
49	442
49	447
49	452
49	457
49	463
49	469
49	476
49	483
49	491
49	500
49	510
50	341
50	352
50	362
50	371
50	379
50	387
50	394
50	401
50	408
50	414
50	420
50	425
50	430
50	435
50	440
50	444
50	449
50	454
50	458
50	463
50	468
50	474
50	480
50	487
50	494
50	502
50	511
50	521
51	329
51	340
51	350
51	360
51	369
51	378
51	386
51	394
51	401
51	408
51	415
51	421
51	427
51	433
51	438
51	443
51	448
51	453
51	458
51	464
51	469
51	475
51	482
51	489
51	497
51	506
51	516
52	342
52	353
52	362
52	370
52	378
52	385
52	392
52	398
52	404
52	410
52	415
52	421
52	426
52	431
52	436
52	441
52	446
52	451
52	456
52	461
52	467
52	473
52	479
52	486
52	494
52	502
52	511
52	523
53	331
53	342
53	351
53	359
53	366
53	372
53	378
53	383
53	388
53	393
53	397
53	402
53	405
53	410
53	413
53	417
53	421
53	425
53	429
53	433
53	437
53	441
53	445
53	449
53	453
53	457
53	462
53	466
53	471
53	476
53	482
53	488
53	495
53	503
53	512
53	522
54	318
54	328
54	336
54	343
54	349
54	355
54	361
54	367
54	372
54	377
54	382
54	386
54	391
54	394
54	398
54	402
54	405
54	409
54	412
54	415
54	419
54	422
54	425
54	429
54	432
54	435
54	439
54	442
54	445
54	449
54	452
54	456
54	459
54	463
54	467
54	471
54	476
54	480
54	486
54	491
54	497
54	504
54	512
54	521
54	534
55	312
55	321
55	328
55	333
55	338
55	342
55	346
55	350
55	353
55	357
55	361
55	364
55	368
55	371
55	375
55	378
55	382
55	385
55	389
55	392
55	396
55	399
55	403
55	406
55	410
55	413
55	417
55	420
55	424
55	427
55	431
55	434
55	438
55	441
55	445
55	448
55	452
55	455
55	459
55	463
55	467
55	471
55	476
55	480
55	486
55	491
55	497
55	504
55	512
55	522
56	312
56	321
56	329
56	333
56	339
56	342
56	346
56	349
56	352
56	355
56	358
56	361
56	363
56	366
56	368
56	371
56	373
56	376
56	378
56	381
56	383
56	386
56	388
56	391
56	394
56	396
56	399
56	402
56	404
56	407
56	410
56	412
56	415
56	418
56	420
56	423
56	426
56	428
56	431
56	434
56	437
56	439
56	443
56	445
56	448
56	451
56	454
56	457
56	460
56	464
56	467
56	470
56	474
56	478
56	482
56	487
56	491
56	497
56	503
56	509
56	517
56	526
57	303
57	313
57	322
57	330
57	337
57	342
57	347
57	352
57	355
57	359
57	362
57	365
57	368
57	371
57	373
57	376
57	379
57	381
57	383
57	386
57	388
57	391
57	393
57	395
57	398
57	400
57	402
57	405
57	407
57	409
57	412
57	414
57	416
57	419
57	421
57	424
57	426
57	428
57	431
57	433
57	436
57	438
57	441
57	443
57	446
57	448
57	451
57	454
57	456
57	459
57	462
57	465
57	468
57	471
57	475
57	478
57	482
57	486
57	490
57	495
57	499
57	505
57	511
57	518
57	527
58	297
58	305
58	312
58	318
58	323
58	328
58	333
58	338
58	343
58	348
58	353
58	358
58	363
58	368
58	372
58	376
58	380
58	383
58	387
58	390
58	393
58	396
58	399
58	402
58	405
58	408
58	411
58	414
58	417
58	420
58	423
58	426
58	429
58	432
58	435
58	438
58	441
58	443
58	447
58	449
58	452
58	455
58	458
58	461
58	465
58	467
58	471
58	475
58	478
58	483
58	487
58	492
58	497
58	503
58	510
58	518
58	528
59	292
59	301
59	305
59	311
59	313
59	318
59	321
59	324
59	327
59	331
59	333
59	336
59	339
59	342
59	345
59	348
59	351
59	354
59	357
59	360
59	364
59	367
59	371
59	375
59	378
59	382
59	386
59	390
59	394
59	398
59	402
59	406
59	410
59	414
59	418
59	422
59	426
59	430
59	433
59	437
59	441
59	444
59	448
59	451
59	455
59	458
59	462
59	466
59	469
59	474
59	478
59	483
59	488
59	494
59	500
59	507
59	515
59	525
60	293
60	301
60	306
60	312
60	314
60	319
60	322
60	324
60	328
60	330
60	332
60	335
60	337
60	340
60	342
60	344
60	347
60	349
60	351
60	354
60	356
60	358
60	361
60	363
60	366
60	368
60	370
60	374
60	375
60	378
60	381
60	384
60	387
60	390
60	393
60	397
60	399
60	404
60	407
60	411
60	415
60	419
60	423
60	427
60	431
60	435
60	439
60	443
60	447
60	451
60	455
60	459
60	464
60	468
60	473
60	478
60	484
60	490
60	497
60	505
60	514
61	307
61	316
61	323
61	330
61	334
61	340
61	343
61	348
61	351
61	355
61	359
61	362
61	366
61	369
61	372
61	376
61	379
61	382
61	386
61	389
61	393
61	396
61	400
61	404
61	407
61	411
61	415
61	419
61	423
61	427
61	431
61	435
61	439
61	443
61	447
61	452
61	456
61	461
61	466
61	471
61	477
61	484
61	491
61	500
61	514
62	351
62	362
62	371
62	379
62	386
62	393
62	400
62	406
62	412
62	418
62	425
62	431
62	438
62	444
62	451
62	458
62	465
62	473
62	482
62	494
63	311
63	322
63	332
63	341
63	350
63	360
63	370
63	380
63	391
63	402
63	412
63	422
63	431
63	440
63	449
63	458
63	467
63	478
64	306
64	315
64	322
64	329
64	335
64	341
64	347
64	353
64	359
64	365
64	371
64	378
64	385
64	392
64	400
64	408
64	417
64	426
64	435
64	444
64	453
64	463
64	474
65	318
65	328
65	337
65	345
65	352
65	359
65	365
65	371
65	377
65	383
65	389
65	395
65	402
65	409
65	416
65	423
65	431
65	439
65	447
65	456
65	465
65	475
66	368
66	379
66	389
66	398
66	407
66	416
66	425
66	435
66	445
66	456
68	312
68	322
68	331
68	339
68	346
68	353
68	360
68	368
68	376
68	384
68	393
68	403
68	414
68	425
68	437
69	308
69	317
69	323
69	329
69	334
69	339
69	343
69	348
69	352
69	357
69	361
69	365
69	370
69	374
69	379
69	384
69	389
69	394
69	399
69	405
69	411
69	417
69	424
69	431
69	439
69	447
69	455
69	464
69	473
69	484
70	312
70	322
70	330
70	336
70	342
70	347
70	352
70	357
70	361
70	366
70	370
70	374
70	378
70	382
70	386
70	391
70	395
70	400
70	404
70	409
70	414
70	419
70	425
70	431
70	437
70	444
70	451
70	458
70	466
70	475
70	485
71	351
71	362
71	372
71	381
71	390
71	398
71	406
71	414
71	422
71	430
71	438
71	447
71	456
71	466
72	428
72	439
72	449
72	459
72	470
73	303
73	313
73	321
73	329
73	336
73	343
73	350
73	357
73	365
73	373
73	381
73	390
73	400
73	410
73	421
73	432
73	443
73	454
73	464
73	475
74	299
74	308
74	314
74	320
74	325
74	330
74	334
74	339
74	343
74	347
74	351
74	355
74	359
74	363
74	367
74	372
74	376
74	381
74	386
74	391
74	396
74	401
74	407
74	413
74	419
74	425
74	432
74	439
74	446
74	453
74	460
74	467
74	474
74	482
74	491
74	501
75	302
75	311
75	318
75	324
75	330
75	334
75	339
75	343
75	348
75	352
75	356
75	360
75	364
75	368
75	372
75	376
75	380
75	385
75	389
75	394
75	398
75	403
75	408
75	413
75	418
75	423
75	428
75	434
75	439
75	445
75	451
75	457
75	463
75	469
75	476
75	483
75	491
75	500
76	356
76	368
76	379
76	390
76	401
76	412
76	425
-1	-1
