-1	-1
8	198
8	210
8	222
8	234
8	247
9	176
9	186
9	195
9	204
9	212
9	220
9	228
9	236
9	245
9	254
9	264
9	275
10	167
10	177
10	186
10	194
10	202
10	210
10	217
10	224
10	231
10	238
10	245
10	252
10	260
10	268
10	277
10	287
11	161
11	171
11	179
11	186
11	192
11	198
11	203
11	209
11	214
11	220
11	225
11	230
11	235
11	240
11	245
11	250
11	256
11	261
11	267
11	273
11	280
11	287
11	295
11	304
11	315
12	159
12	169
12	177
12	184
12	191
12	197
12	203
12	208
12	213
12	218
12	223
12	228
12	233
12	238
12	243
12	248
12	253
12	258
12	263
12	268
12	273
12	278
12	284
12	290
12	297
12	305
12	313
12	323
13	163
13	173
13	182
13	190
13	197
13	204
13	211
13	217
13	223
13	229
13	235
13	241
13	247
13	253
13	259
13	265
13	271
13	277
13	283
13	289
13	296
13	303
13	311
13	320
13	330
13	345
14	176
14	187
14	197
14	206
14	215
14	224
14	232
14	241
14	249
14	257
14	265
14	273
14	281
14	289
14	297
14	305
14	314
14	323
14	333
14	345
15	169
15	180
15	190
15	199
15	208
15	217
15	226
15	235
15	244
15	253
15	262
15	271
15	280
15	289
15	298
15	307
15	316
15	326
15	337
16	169
16	180
16	190
16	200
16	210
16	220
16	230
16	240
16	250
16	260
16	270
16	280
16	291
16	302
16	313
16	325
17	178
17	189
17	199
17	209
17	218
17	227
17	235
17	243
17	251
17	259
17	268
17	277
17	286
17	296
17	307
18	180
18	191
18	201
18	210
18	219
18	228
18	237
18	246
18	254
18	262
18	270
18	279
18	288
18	298
18	309
19	171
19	181
19	190
19	198
19	205
19	212
19	219
19	225
19	231
19	237
19	243
19	249
19	254
19	260
19	265
19	271
19	276
19	282
19	288
19	294
19	301
19	308
19	316
19	325
19	335
20	162
20	172
20	181
20	189
20	196
20	202
20	208
20	214
20	219
20	224
20	229
20	234
20	239
20	243
20	248
20	252
20	256
20	260
20	264
20	268
20	272
20	276
20	280
20	284
20	288
20	293
20	297
20	302
20	307
20	313
20	319
20	326
20	334
20	343
20	353
20	365
21	159
21	169
21	177
21	184
21	190
21	195
21	201
21	205
21	210
21	214
21	219
21	222
21	227
21	230
21	234
21	238
21	241
21	245
21	248
21	251
21	255
21	258
21	261
21	264
21	267
21	270
21	273
21	276
21	279
21	283
21	286
21	289
21	293
21	296
21	300
21	304
21	308
21	312
21	317
21	322
21	327
21	333
21	339
21	346
21	354
21	363
21	374
22	154
22	163
22	171
22	178
22	184
22	190
22	194
22	199
22	203
22	207
22	211
22	215
22	219
22	222
22	226
22	229
22	232
22	236
22	239
22	242
22	245
22	248
22	251
22	254
22	257
22	260
22	264
22	267
22	270
22	274
22	277
22	281
22	284
22	288
22	291
22	295
22	298
22	302
22	306
22	310
22	315
22	319
22	324
22	329
22	335
22	341
22	348
22	356
22	365
22	375
23	151
23	160
23	168
23	174
23	180
23	185
23	191
23	195
23	200
23	204
23	208
23	212
23	216
23	220
23	224
23	227
23	231
23	234
23	238
23	242
23	245
23	249
23	253
23	257
23	261
23	265
23	269
23	274
23	278
23	283
23	287
23	292
23	297
23	302
23	307
23	312
23	317
23	323
23	329
23	336
23	343
23	351
23	360
23	371
24	151
24	160
24	168
24	174
24	180
24	186
24	192
24	197
24	202
24	207
24	212
24	217
24	222
24	226
24	231
24	235
24	240
24	245
24	250
24	255
24	260
24	265
24	271
24	277
24	283
24	289
24	296
24	303
24	310
24	317
24	324
24	332
24	341
24	351
25	158
25	168
25	177
25	184
25	191
25	198
25	205
25	211
25	217
25	223
25	229
25	235
25	241
25	247
25	254
25	261
25	268
25	276
25	284
25	293
25	302
25	312
25	323
26	159
26	169
26	178
26	186
26	194
26	201
26	208
26	215
26	222
26	229
26	236
26	243
26	250
26	258
26	266
26	275
26	285
26	297
27	158
27	168
27	177
27	185
27	193
27	201
27	209
27	217
27	225
27	233
27	241
27	249
27	258
27	268
27	279
28	153
28	163
28	172
28	180
28	188
28	196
28	204
28	212
28	220
28	228
28	236
28	245
28	255
28	266
29	151
29	160
29	167
29	173
29	179
29	185
29	191
29	197
29	203
29	209
29	215
29	222
29	229
29	236
29	244
29	252
29	261
29	272
30	152
30	161
30	168
30	173
30	179
30	183
30	188
30	193
30	198
30	203
30	208
30	213
30	218
30	223
30	228
30	234
30	240
30	247
30	254
30	262
30	271
30	281
31	152
31	161
31	168
31	173
31	179
31	183
31	188
31	192
31	197
31	201
31	206
31	210
31	215
31	219
31	224
31	229
31	234
31	240
31	246
31	253
31	260
31	268
31	277
31	288
32	157
32	165
32	172
32	177
32	182
32	186
32	191
32	195
32	199
32	203
32	207
32	211
32	215
32	219
32	224
32	228
32	233
32	238
32	244
32	250
32	256
32	263
32	271
32	280
32	291
33	158
33	167
33	173
33	179
33	183
33	188
33	192
33	196
33	200
33	204
33	208
33	212
33	216
33	220
33	224
33	228
33	233
33	237
33	242
33	247
33	253
33	259
33	266
33	273
33	281
33	291
34	161
34	171
34	179
34	185
34	191
34	195
34	200
34	204
34	208
34	212
34	216
34	220
34	224
34	228
34	232
34	237
34	241
34	246
34	251
34	257
34	263
34	269
34	276
34	284
34	293
34	304
35	163
35	173
35	181
35	188
35	194
35	200
35	204
35	209
35	213
35	218
35	222
35	227
35	231
35	236
35	240
35	245
35	250
35	256
35	262
35	268
35	275
35	283
35	292
35	303
36	170
36	180
36	189
36	196
36	202
36	208
36	213
36	218
36	223
36	227
36	232
36	237
36	242
36	247
36	252
36	258
36	264
36	270
36	277
36	285
36	294
36	304
37	171
37	181
37	190
37	197
37	203
37	209
37	213
37	218
37	222
37	226
37	230
37	234
37	238
37	243
37	247
37	252
37	257
37	262
37	267
37	273
37	279
37	286
37	293
37	301
37	311
38	170
38	180
38	189
38	197
38	203
38	209
38	214
38	219
38	223
38	227
38	231
38	235
38	239
38	243
38	247
38	251
38	255
38	259
38	264
38	268
38	274
38	279
38	285
38	291
38	298
38	306
38	315
38	326
39	176
39	186
39	195
39	203
39	210
39	216
39	222
39	227
39	232
39	236
39	241
39	245
39	250
39	254
39	259
39	264
39	269
39	274
39	279
39	285
39	291
39	298
39	305
39	313
39	322
39	334
40	171
40	182
40	191
40	200
40	208
40	214
40	220
40	225
40	230
40	234
40	239
40	243
40	247
40	251
40	255
40	259
40	263
40	267
40	271
40	276
40	280
40	285
40	290
40	295
40	301
40	307
40	314
40	322
40	331
40	342
41	181
41	192
41	201
41	209
41	216
41	222
41	227
41	232
41	236
41	241
41	244
41	248
41	252
41	255
41	259
41	262
41	266
41	269
41	273
41	277
41	281
41	285
41	289
41	294
41	298
41	304
41	309
41	315
41	322
41	329
41	338
41	348
42	197
42	208
42	217
42	225
42	232
42	239
42	244
42	250
42	255
42	260
42	265
42	270
42	275
42	280
42	285
42	290
42	296
42	302
42	308
42	315
42	322
42	330
42	340
43	199
43	210
43	220
43	228
43	235
43	242
43	248
43	254
43	260
43	265
43	270
43	275
43	280
43	285
43	291
43	297
43	303
43	309
43	316
43	323
43	331
43	340
43	351
44	197
44	208
44	218
44	227
44	235
44	242
44	248
44	254
44	260
44	265
44	271
44	276
44	281
44	286
44	292
44	297
44	303
44	309
44	315
44	322
44	329
44	337
44	346
44	357
45	199
45	210
45	219
45	228
45	236
45	243
45	250
45	257
45	263
45	269
45	274
45	280
45	285
45	290
45	295
45	300
45	306
45	312
45	318
45	325
45	332
45	340
45	349
45	359
46	196
46	207
46	216
46	224
46	231
46	238
46	244
46	250
46	256
46	262
46	267
46	272
46	277
46	282
46	287
46	292
46	297
46	302
46	307
46	312
46	318
46	324
46	330
46	337
46	345
46	354
46	364
46	376
47	188
47	199
47	209
47	218
47	226
47	234
47	241
47	248
47	255
47	261
47	267
47	273
47	278
47	283
47	288
47	293
47	298
47	303
47	308
47	313
47	318
47	324
47	330
47	336
47	343
47	350
47	358
47	367
47	377
47	388
48	201
48	212
48	222
48	231
48	240
48	248
48	256
48	263
48	270
48	276
48	282
48	287
48	292
48	297
48	302
48	306
48	311
48	315
48	320
48	325
48	330
48	335
48	340
48	346
48	352
48	359
48	366
48	374
48	382
48	391
48	401
48	411
48	424
49	208
49	219
49	228
49	236
49	244
49	251
49	258
49	265
49	271
49	277
49	282
49	288
49	293
49	298
49	303
49	307
49	312
49	316
49	321
49	325
49	330
49	335
49	340
49	346
49	352
49	358
49	365
49	373
49	381
49	390
49	399
49	409
50	208
50	219
50	229
50	238
50	246
50	254
50	261
50	268
50	275
50	282
50	288
50	294
50	300
50	306
50	312
50	318
50	324
50	330
50	336
50	342
50	349
50	356
50	364
50	373
50	383
50	394
51	208
51	219
51	229
51	238
51	247
51	255
51	263
51	270
51	277
51	283
51	289
51	295
51	301
51	307
51	312
51	318
51	323
51	328
51	334
51	339
51	345
51	351
51	357
51	364
51	371
51	379
51	388
51	398
52	206
52	216
52	224
52	232
52	239
52	245
52	251
52	257
52	262
52	268
52	273
52	278
52	283
52	288
52	293
52	298
52	303
52	308
52	313
52	318
52	323
52	328
52	333
52	338
52	343
52	349
52	355
52	361
52	368
52	375
52	383
52	391
52	400
52	411
53	183
53	194
53	203
53	211
53	219
53	225
53	231
53	236
53	241
53	246
53	251
53	255
53	260
53	264
53	268
53	272
53	276
53	280
53	284
53	288
53	292
53	296
53	300
53	304
53	308
53	313
53	317
53	322
53	326
53	331
53	336
53	341
53	347
53	353
53	359
53	366
53	373
53	381
53	390
53	400
54	177
54	186
54	193
54	200
54	206
54	212
54	218
54	223
54	229
54	234
54	239
54	244
54	249
54	254
54	258
54	263
54	267
54	272
54	276
54	281
54	285
54	289
54	293
54	297
54	301
54	305
54	309
54	314
54	318
54	323
54	327
54	332
54	337
54	342
54	347
54	353
54	359
54	366
54	373
54	381
54	390
54	401
55	173
55	182
55	190
55	195
55	201
55	204
55	209
55	213
55	217
55	221
55	225
55	229
55	233
55	237
55	241
55	245
55	249
55	252
55	256
55	260
55	263
55	267
55	270
55	274
55	277
55	281
55	283
55	287
55	290
55	293
55	296
55	299
55	302
55	305
55	308
55	311
55	314
55	317
55	320
55	324
55	327
55	330
55	334
55	337
55	341
55	345
55	348
55	353
55	357
55	361
55	366
55	371
55	377
55	383
55	390
55	398
55	407
55	418
56	168
56	178
56	186
56	192
56	198
56	202
56	206
56	210
56	213
56	216
56	220
56	222
56	225
56	228
56	231
56	233
56	236
56	239
56	241
56	244
56	247
56	249
56	252
56	254
56	257
56	260
56	262
56	265
56	268
56	270
56	273
56	276
56	278
56	281
56	283
56	286
56	288
56	291
56	294
56	296
56	299
56	302
56	304
56	307
56	310
56	312
56	315
56	318
56	321
56	324
56	327
56	330
56	333
56	336
56	339
56	343
56	346
56	350
56	354
56	358
56	363
56	367
56	372
56	377
56	383
56	389
56	396
56	404
56	414
57	158
57	167
57	174
57	181
57	187
57	193
57	199
57	203
57	208
57	212
57	215
57	219
57	222
57	225
57	228
57	231
57	233
57	236
57	238
57	241
57	243
57	245
57	248
57	250
57	252
57	255
57	257
57	259
57	262
57	264
57	266
57	269
57	271
57	274
57	276
57	278
57	281
57	284
57	286
57	289
57	291
57	294
57	297
57	299
57	302
57	305
57	308
57	310
57	314
57	316
57	319
57	323
57	325
57	329
57	332
57	336
57	339
57	343
57	347
57	351
57	356
57	360
57	366
57	371
57	377
57	384
57	392
57	401
57	412
58	156
58	163
58	169
58	173
58	178
58	182
58	185
58	190
58	193
58	197
58	201
58	205
58	209
58	213
58	217
58	221
58	224
58	228
58	231
58	235
58	238
58	241
58	244
58	248
58	250
58	254
58	257
58	260
58	263
58	266
58	270
58	272
58	276
58	279
58	282
58	286
58	289
58	293
58	296
58	300
58	303
58	307
58	310
58	314
58	318
58	322
58	326
58	330
58	334
58	338
58	343
58	347
58	352
58	357
58	362
58	368
58	374
58	381
58	389
58	399
59	154
59	162
59	166
59	172
59	173
59	178
59	181
59	183
59	186
59	189
59	191
59	193
59	196
59	198
59	201
59	203
59	206
59	208
59	211
59	214
59	216
59	219
59	222
59	225
59	228
59	231
59	235
59	238
59	241
59	245
59	248
59	252
59	256
59	260
59	264
59	268
59	272
59	276
59	280
59	283
59	287
59	291
59	294
59	298
59	301
59	305
59	308
59	312
59	315
59	318
59	322
59	325
59	328
59	332
59	335
59	338
59	342
59	345
59	348
59	352
59	356
59	359
59	364
59	368
59	373
59	378
59	384
59	390
59	397
59	406
59	416
60	159
60	167
60	172
60	177
60	182
60	184
60	189
60	192
60	194
60	198
60	201
60	203
60	206
60	209
60	211
60	214
60	217
60	219
60	222
60	225
60	227
60	230
60	233
60	236
60	239
60	242
60	245
60	248
60	251
60	255
60	257
60	261
60	264
60	267
60	271
60	274
60	277
60	281
60	284
60	287
60	291
60	293
60	297
60	300
60	303
60	306
60	309
60	312
60	315
60	318
60	321
60	324
60	327
60	330
60	333
60	336
60	339
60	342
60	345
60	348
60	351
60	355
60	358
60	362
60	366
60	370
60	375
60	379
60	385
60	391
60	398
60	406
60	415
61	189
61	199
61	206
61	212
61	218
61	223
61	228
61	232
61	236
61	240
61	244
61	248
61	252
61	256
61	260
61	264
61	268
61	273
61	277
61	282
61	286
61	291
61	296
61	301
61	306
61	311
61	316
61	321
61	326
61	331
61	337
61	343
61	349
61	356
61	363
61	371
61	381
62	196
62	208
62	218
62	227
62	235
62	242
62	249
62	256
62	263
62	270
62	277
62	284
62	291
62	298
62	305
62	312
62	319
62	326
62	334
62	342
62	351
62	361
63	163
63	173
63	181
63	189
63	196
63	204
63	212
63	220
63	229
63	238
63	248
63	258
63	269
63	279
63	289
63	299
63	308
63	317
63	326
63	335
63	344
63	353
63	364
64	163
64	172
64	180
64	186
64	192
64	198
64	204
64	209
64	215
64	221
64	227
64	233
64	240
64	247
64	254
64	261
64	269
64	277
64	285
64	292
64	299
64	306
64	313
64	319
64	325
64	331
64	337
64	343
64	349
64	355
64	362
64	370
64	379
64	390
65	189
65	199
65	208
65	216
65	224
65	231
65	238
65	245
65	252
65	259
65	266
65	274
65	282
65	290
65	298
65	306
65	314
65	321
65	328
65	335
65	342
65	349
65	357
65	366
65	377
66	232
66	243
66	254
66	265
66	276
66	287
66	300
68	171
68	181
68	190
68	198
68	206
68	214
68	222
68	230
68	238
68	247
68	257
68	267
68	278
68	289
68	300
68	311
68	322
68	332
68	342
68	354
69	169
69	178
69	185
69	192
69	198
69	203
69	208
69	213
69	218
69	223
69	228
69	233
69	238
69	244
69	249
69	255
69	261
69	267
69	274
69	281
69	288
69	295
69	302
69	309
69	316
69	323
69	330
69	337
69	344
69	351
69	358
69	366
69	375
69	386
70	190
70	200
70	208
70	215
70	221
70	227
70	233
70	238
70	244
70	249
70	255
70	261
70	267
70	273
70	279
70	286
70	293
70	300
70	307
70	315
70	323
70	331
70	339
70	347
70	356
70	366
71	239
71	251
71	263
71	275
73	172
73	182
73	191
73	200
73	208
73	217
73	226
73	235
73	245
73	256
73	267
73	280
73	336
74	167
74	176
74	183
74	190
74	195
74	201
74	206
74	211
74	216
74	221
74	226
74	231
74	237
74	242
74	248
74	254
74	260
74	266
74	272
74	279
74	286
74	293
74	300
74	307
74	314
74	321
74	328
74	335
74	342
74	349
74	356
74	364
74	372
74	382
75	171
75	181
75	189
75	196
75	202
75	208
75	214
75	219
75	225
75	230
75	235
75	241
75	246
75	252
75	257
75	263
75	269
75	275
75	281
75	287
75	294
75	301
75	308
75	315
75	322
75	329
75	336
75	343
75	350
75	357
75	365
75	374
75	384
-1	-1
