-1	-1
8	262
8	274
8	285
8	296
8	306
8	316
8	326
8	336
8	346
8	356
8	366
8	376
8	387
8	398
9	247
9	257
9	266
9	275
9	283
9	291
9	299
9	307
9	314
9	321
9	328
9	335
9	342
9	349
9	356
9	364
9	372
9	380
9	388
9	397
9	406
9	416
9	427
10	238
10	248
10	257
10	265
10	272
10	279
10	286
10	293
10	299
10	305
10	311
10	317
10	323
10	329
10	335
10	341
10	347
10	353
10	359
10	365
10	371
10	377
10	384
10	391
10	398
10	405
10	413
10	421
10	430
10	439
10	449
11	238
11	248
11	256
11	263
11	270
11	277
11	284
11	290
11	297
11	303
11	309
11	315
11	321
11	327
11	333
11	339
11	345
11	351
11	357
11	363
11	369
11	375
11	381
11	387
11	393
11	399
11	405
11	411
11	417
11	424
11	431
11	438
11	445
11	453
11	461
11	470
11	480
12	240
12	250
12	259
12	268
12	276
12	284
12	292
12	300
12	308
12	316
12	324
12	332
12	339
12	346
12	353
12	360
12	367
12	374
12	380
12	386
12	392
12	398
12	404
12	410
12	416
12	422
12	428
12	434
12	440
12	447
12	454
12	461
12	469
12	477
12	486
12	496
13	246
13	257
13	267
13	276
13	285
13	294
13	303
13	312
13	320
13	328
13	337
13	346
13	355
13	363
13	371
13	379
13	387
13	394
13	401
13	408
13	415
13	422
13	429
13	436
13	443
13	450
13	458
13	466
13	474
13	483
13	493
13	504
14	246
14	257
14	267
14	276
14	285
14	294
14	303
14	312
14	321
14	330
14	339
14	348
14	357
14	365
14	373
14	381
14	389
14	397
14	405
14	413
14	421
14	429
14	437
14	445
14	453
14	462
14	471
14	481
14	491
14	503
15	240
15	250
15	259
15	268
15	276
15	284
15	292
15	300
15	308
15	316
15	323
15	330
15	338
15	346
15	354
15	362
15	370
15	378
15	386
15	394
15	402
15	410
15	418
15	426
15	434
15	442
15	451
15	460
15	469
15	479
15	489
15	502
16	237
16	247
16	255
16	263
16	270
16	277
16	284
16	290
16	296
16	302
16	308
16	314
16	320
16	326
16	332
16	338
16	344
16	350
16	356
16	363
16	369
16	376
16	383
16	390
16	397
16	404
16	411
16	418
16	425
16	433
16	441
16	449
16	457
16	466
16	475
16	485
16	496
17	236
17	245
17	253
17	260
17	267
17	273
17	279
17	285
17	290
17	296
17	301
17	306
17	311
17	316
17	321
17	326
17	331
17	336
17	341
17	346
17	351
17	356
17	361
17	366
17	372
17	377
17	383
17	389
17	395
17	401
17	407
17	413
17	420
17	427
17	434
17	441
17	449
17	457
17	466
17	475
17	485
17	496
18	232
18	242
18	250
18	257
18	263
18	269
18	274
18	280
18	285
18	290
18	295
18	300
18	304
18	309
18	313
18	318
18	322
18	327
18	331
18	336
18	340
18	345
18	349
18	354
18	359
18	364
18	369
18	375
18	380
18	386
18	392
18	398
18	404
18	410
18	416
18	422
18	429
18	436
18	443
18	450
18	458
18	466
18	475
18	484
18	494
18	506
19	230
19	239
19	247
19	253
19	259
19	264
19	269
19	273
19	278
19	282
19	286
19	290
19	294
19	298
19	301
19	305
19	308
19	312
19	315
19	319
19	322
19	326
19	329
19	333
19	337
19	340
19	345
19	348
19	353
19	357
19	362
19	366
19	371
19	376
19	381
19	386
19	391
19	396
19	401
19	406
19	411
19	416
19	421
19	426
19	431
19	436
19	442
19	447
19	453
19	459
19	465
19	472
19	479
19	487
19	496
19	506
20	229
20	238
20	245
20	251
20	257
20	262
20	267
20	271
20	275
20	279
20	283
20	287
20	291
20	294
20	298
20	301
20	305
20	308
20	312
20	315
20	319
20	322
20	326
20	329
20	333
20	336
20	340
20	343
20	347
20	351
20	355
20	359
20	363
20	367
20	371
20	375
20	379
20	383
20	387
20	391
20	395
20	399
20	403
20	407
20	411
20	415
20	419
20	424
20	428
20	433
20	437
20	442
20	447
20	452
20	457
20	463
20	469
20	476
20	483
20	491
20	500
20	510
21	229
21	239
21	247
21	253
21	259
21	264
21	270
21	274
21	279
21	283
21	288
21	292
21	296
21	300
21	304
21	308
21	312
21	316
21	320
21	323
21	327
21	331
21	335
21	339
21	343
21	347
21	351
21	355
21	359
21	363
21	367
21	371
21	375
21	379
21	383
21	387
21	391
21	395
21	399
21	403
21	407
21	411
21	415
21	419
21	424
21	428
21	433
21	438
21	443
21	449
21	455
21	461
21	468
21	476
21	484
21	493
21	504
22	231
22	241
22	249
22	256
22	262
22	268
22	273
22	278
22	283
22	288
22	292
22	297
22	301
22	306
22	310
22	315
22	319
22	324
22	328
22	333
22	337
22	342
22	346
22	351
22	355
22	360
22	364
22	368
22	372
22	376
22	380
22	384
22	388
22	392
22	396
22	400
22	404
22	408
22	412
22	416
22	420
22	425
22	429
22	434
22	439
22	445
22	450
22	456
22	463
22	470
22	478
22	488
23	232
23	242
23	250
23	257
23	264
23	270
23	276
23	282
23	287
23	293
23	298
23	303
23	308
23	313
23	318
23	323
23	328
23	333
23	338
23	343
23	348
23	353
23	358
23	362
23	367
23	371
23	376
23	380
23	385
23	389
23	394
23	398
23	403
23	408
23	413
23	418
23	424
23	429
23	435
23	441
23	448
23	456
23	464
23	473
23	484
24	230
24	240
24	248
24	255
24	262
24	269
24	275
24	281
24	287
24	292
24	298
24	303
24	309
24	314
24	319
24	324
24	329
24	334
24	339
24	345
24	350
24	356
24	361
24	366
24	372
24	377
24	383
24	388
24	394
24	400
24	406
24	412
24	418
24	425
24	432
24	440
24	449
24	459
25	231
25	240
25	248
25	255
25	261
25	267
25	272
25	277
25	282
25	287
25	292
25	297
25	302
25	307
25	312
25	317
25	322
25	327
25	332
25	337
25	343
25	348
25	354
25	360
25	366
25	372
25	378
25	385
25	392
25	399
25	407
25	415
25	424
25	434
25	445
26	228
26	237
26	244
26	250
26	255
26	260
26	264
26	269
26	273
26	277
26	281
26	285
26	289
26	293
26	297
26	301
26	305
26	309
26	313
26	317
26	321
26	326
26	330
26	335
26	340
26	345
26	350
26	356
26	362
26	368
26	375
26	382
26	389
26	396
26	404
26	413
26	422
26	432
27	224
27	232
27	239
27	244
27	250
27	254
27	259
27	262
27	266
27	270
27	273
27	276
27	280
27	282
27	286
27	288
27	292
27	294
27	297
27	300
27	303
27	306
27	309
27	312
27	315
27	318
27	321
27	325
27	328
27	331
27	335
27	338
27	342
27	346
27	350
27	355
27	359
27	364
27	369
27	375
27	381
27	387
27	394
27	401
27	409
27	418
27	428
28	224
28	232
28	239
28	244
28	250
28	253
28	258
28	261
28	264
28	268
28	271
28	273
28	277
28	279
28	282
28	285
28	287
28	290
28	293
28	295
28	298
28	300
28	303
28	305
28	308
28	310
28	313
28	316
28	318
28	321
28	324
28	327
28	329
28	333
28	336
28	339
28	343
28	346
28	350
28	354
28	358
28	362
28	367
28	371
28	377
28	382
28	388
28	395
28	402
28	410
28	419
28	429
29	227
29	235
29	241
29	246
29	251
29	255
29	260
29	263
29	267
29	271
29	274
29	278
29	281
29	284
29	288
29	291
29	294
29	297
29	300
29	303
29	305
29	308
29	311
29	313
29	316
29	319
29	321
29	324
29	327
29	329
29	333
29	335
29	339
29	342
29	345
29	349
29	352
29	356
29	360
29	364
29	368
29	373
29	378
29	383
29	388
29	394
29	400
29	407
29	415
29	424
29	434
30	228
30	237
30	244
30	250
30	255
30	260
30	264
30	269
30	273
30	277
30	281
30	285
30	289
30	292
30	296
30	299
30	302
30	305
30	309
30	311
30	315
30	317
30	321
30	323
30	327
30	329
30	333
30	336
30	339
30	343
30	346
30	349
30	353
30	356
30	360
30	364
30	368
30	373
30	377
30	382
30	387
30	393
30	399
30	406
30	413
30	421
30	430
30	440
31	232
31	241
31	249
31	255
31	261
31	267
31	272
31	277
31	282
31	287
31	292
31	296
31	301
31	305
31	309
31	313
31	316
31	320
31	323
31	327
31	330
31	333
31	337
31	340
31	343
31	347
31	350
31	354
31	357
31	361
31	365
31	369
31	373
31	377
31	382
31	387
31	392
31	397
31	403
31	409
31	416
31	424
31	433
31	443
31	455
32	230
32	239
32	247
32	254
32	260
32	265
32	271
32	275
32	280
32	284
32	289
32	293
32	297
32	301
32	305
32	309
32	312
32	316
32	319
32	323
32	326
32	329
32	333
32	336
32	339
32	343
32	346
32	349
32	353
32	356
32	360
32	364
32	367
32	372
32	376
32	380
32	385
32	389
32	395
32	400
32	406
32	412
32	419
32	426
32	434
32	443
32	454
33	232
33	242
33	250
33	256
33	262
33	268
33	273
33	278
33	283
33	288
33	293
33	298
33	303
33	308
33	312
33	317
33	321
33	325
33	329
33	333
33	336
33	340
33	343
33	347
33	350
33	354
33	357
33	361
33	365
33	368
33	372
33	376
33	380
33	385
33	389
33	394
33	399
33	404
33	409
33	415
33	421
33	428
33	436
33	445
33	455
33	467
34	241
34	251
34	260
34	268
34	275
34	282
34	289
34	295
34	301
34	306
34	311
34	316
34	321
34	324
34	329
34	332
34	336
34	339
34	343
34	346
34	349
34	353
34	356
34	359
34	363
34	366
34	370
34	373
34	377
34	381
34	385
34	389
34	394
34	398
34	403
34	408
34	414
34	420
34	427
34	435
34	444
34	454
35	241
35	251
35	260
35	268
35	275
35	282
35	289
35	295
35	301
35	307
35	313
35	319
35	324
35	329
35	334
35	339
35	343
35	348
35	352
35	356
35	360
35	364
35	368
35	372
35	376
35	380
35	385
35	389
35	394
35	399
35	404
35	409
35	415
35	421
35	428
35	436
35	445
35	455
35	466
36	241
36	251
36	260
36	268
36	275
36	282
36	289
36	296
36	302
36	309
36	315
36	321
36	326
36	331
36	335
36	340
36	343
36	347
36	351
36	353
36	357
36	360
36	363
36	366
36	369
36	373
36	375
36	379
36	382
36	386
36	389
36	393
36	397
36	400
36	405
36	408
36	413
36	418
36	423
36	428
36	434
36	441
36	448
36	456
36	466
37	243
37	253
37	262
37	270
37	277
37	283
37	289
37	295
37	301
37	307
37	312
37	317
37	322
37	327
37	332
37	336
37	341
37	344
37	348
37	351
37	355
37	358
37	361
37	365
37	368
37	371
37	375
37	378
37	382
37	385
37	389
37	393
37	396
37	400
37	404
37	408
37	413
37	417
37	423
37	428
37	434
37	440
37	447
37	455
37	464
37	475
38	241
38	251
38	259
38	266
38	273
38	280
38	286
38	292
38	298
38	304
38	310
38	317
38	323
38	330
38	336
38	342
38	348
38	353
38	359
38	364
38	369
38	373
38	378
38	382
38	387
38	391
38	396
38	400
38	405
38	410
38	415
38	420
38	426
38	432
38	438
38	445
38	452
38	460
38	469
38	480
39	250
39	261
39	271
39	280
39	289
39	297
39	305
39	312
39	319
39	326
39	332
39	338
39	344
39	349
39	354
39	358
39	362
39	366
39	370
39	373
39	377
39	380
39	384
39	387
39	391
39	395
39	398
39	403
39	406
39	411
39	415
39	420
39	425
39	430
39	436
39	442
39	449
39	457
39	466
39	477
40	262
40	273
40	282
40	291
40	299
40	306
40	313
40	320
40	327
40	333
40	339
40	345
40	351
40	356
40	361
40	365
40	370
40	374
40	379
40	383
40	388
40	392
40	397
40	401
40	406
40	411
40	417
40	423
40	429
40	436
40	444
40	453
40	464
41	269
41	280
41	290
41	300
41	310
41	320
41	330
41	340
41	350
41	359
41	368
41	375
41	382
41	388
41	394
41	400
41	405
41	411
41	417
41	423
41	430
41	437
41	445
41	454
41	464
41	476
42	321
42	333
42	344
42	354
42	362
42	370
42	376
42	382
42	387
42	392
42	396
42	401
42	405
42	410
42	415
42	420
42	425
42	430
42	436
42	442
42	448
42	455
42	463
42	472
42	483
43	281
43	293
43	304
43	315
43	325
43	335
43	345
43	354
43	363
43	371
43	378
43	385
43	392
43	398
43	404
43	410
43	416
43	422
43	428
43	435
43	442
43	450
43	458
43	467
43	478
44	269
44	281
44	292
44	303
44	314
44	325
44	337
44	349
44	360
44	370
44	379
44	388
44	395
44	402
44	408
44	414
44	420
44	425
44	431
44	437
44	443
44	449
44	456
44	463
44	471
44	480
44	490
45	298
45	310
45	321
45	332
45	342
45	352
45	361
45	369
45	376
45	383
45	389
45	394
45	399
45	403
45	408
45	412
45	416
45	420
45	424
45	428
45	432
45	436
45	440
45	445
45	449
45	454
45	459
45	465
45	471
45	477
45	484
45	492
45	501
45	513
46	269
46	280
46	290
46	300
46	309
46	318
46	327
46	336
46	344
46	352
46	360
46	367
46	374
46	381
46	387
46	393
46	399
46	404
46	410
46	415
46	421
46	426
46	432
46	437
46	443
46	449
46	455
46	461
46	467
46	474
46	481
46	489
46	498
46	508
47	266
47	277
47	287
47	297
47	307
47	317
47	327
47	337
47	347
47	357
47	367
47	377
47	386
47	395
47	403
47	411
47	419
47	426
47	433
47	440
47	446
47	452
47	458
47	464
47	470
47	476
47	482
47	488
47	495
47	502
47	510
47	519
47	531
48	349
48	360
48	370
48	379
48	387
48	394
48	401
48	407
48	412
48	417
48	422
48	426
48	431
48	435
48	439
48	443
48	447
48	451
48	454
48	458
48	462
48	465
48	469
48	473
48	477
48	481
48	485
48	489
48	494
48	498
48	504
48	509
48	516
48	523
48	531
48	541
49	336
49	346
49	355
49	363
49	370
49	377
49	383
49	389
49	394
49	399
49	403
49	408
49	412
49	416
49	420
49	423
49	427
49	430
49	433
49	437
49	440
49	443
49	446
49	449
49	453
49	455
49	459
49	462
49	466
49	469
49	473
49	477
49	481
49	485
49	489
49	494
49	499
49	505
49	511
49	517
49	525
49	534
49	545
50	326
50	337
50	347
50	356
50	364
50	372
50	380
50	387
50	394
50	401
50	408
50	415
50	421
50	428
50	434
50	440
50	446
50	453
50	460
50	467
50	474
50	481
50	489
50	497
50	505
50	514
50	523
50	534
51	359
51	371
51	383
51	395
51	407
51	420
51	432
51	443
51	454
51	464
51	473
51	481
51	489
51	496
51	503
51	510
51	517
51	525
51	534
51	544
52	289
52	301
52	312
52	323
52	334
52	345
52	355
52	365
52	374
52	383
52	391
52	399
52	407
52	415
52	423
52	431
52	439
52	447
52	454
52	461
52	467
52	473
52	479
52	485
52	491
52	497
52	503
52	509
52	516
52	523
52	531
52	540
52	555
53	262
53	273
53	283
53	292
53	301
53	309
53	317
53	325
53	333
53	341
53	349
53	356
53	363
53	370
53	376
53	382
53	388
53	394
53	400
53	406
53	412
53	418
53	424
53	430
53	436
53	442
53	448
53	454
53	460
53	466
53	472
53	478
53	485
53	492
53	499
53	507
53	516
53	526
54	252
54	262
54	271
54	279
54	286
54	293
54	300
54	307
54	314
54	321
54	328
54	335
54	342
54	349
54	356
54	363
54	370
54	377
54	384
54	391
54	398
54	405
54	412
54	419
54	427
54	435
54	443
54	451
54	460
54	469
54	478
54	487
54	496
54	506
54	516
54	527
55	250
55	260
55	269
55	278
55	287
55	296
55	304
55	312
55	320
55	328
55	336
55	344
55	352
55	360
55	368
55	375
55	382
55	389
55	396
55	403
55	410
55	417
55	424
55	431
55	438
55	445
55	452
55	459
55	466
55	473
55	480
55	486
55	493
55	499
55	505
55	512
55	519
55	526
55	534
55	543
55	553
56	251
56	262
56	272
56	281
56	289
56	297
56	304
56	311
56	318
56	324
56	330
56	336
56	341
56	347
56	352
56	357
56	362
56	367
56	372
56	376
56	381
56	385
56	390
56	394
56	398
56	402
56	406
56	410
56	414
56	418
56	422
56	426
56	430
56	434
56	438
56	442
56	446
56	450
56	454
56	458
56	461
56	465
56	469
56	472
56	476
56	479
56	483
56	486
56	490
56	493
56	497
56	500
56	504
56	507
56	511
56	515
56	519
56	524
56	528
56	533
56	538
56	544
56	551
56	559
56	568
57	240
57	250
57	258
57	265
57	272
57	278
57	283
57	289
57	293
57	298
57	302
57	307
57	311
57	315
57	319
57	322
57	326
57	329
57	332
57	335
57	339
57	341
57	344
57	347
57	350
57	352
57	355
57	358
57	360
57	363
57	365
57	368
57	371
57	373
57	375
57	378
57	380
57	383
57	385
57	387
57	390
57	392
57	394
57	397
57	399
57	401
57	403
57	406
57	407
57	410
57	412
57	414
57	416
57	418
57	420
57	422
57	424
57	426
57	428
57	430
57	432
57	434
57	436
57	438
57	440
57	442
57	444
57	446
57	448
57	450
57	452
57	454
57	456
57	458
57	460
57	462
57	464
57	466
57	468
57	470
57	472
57	474
57	476
57	478
57	480
57	483
57	485
57	487
57	489
57	492
57	494
57	497
57	499
57	502
57	505
57	507
57	510
57	514
57	516
57	520
57	524
57	527
57	532
57	536
57	541
57	547
57	553
57	560
57	569
58	233
58	242
58	250
58	255
58	261
58	265
58	270
58	273
58	277
58	281
58	283
58	287
58	290
58	293
58	296
58	299
58	301
58	304
58	306
58	309
58	311
58	313
58	316
58	318
58	320
58	322
58	324
58	326
58	328
58	330
58	332
58	334
58	336
58	338
58	340
58	341
58	343
58	345
58	347
58	348
58	350
58	352
58	353
58	355
58	357
58	358
58	360
58	362
58	363
58	364
58	366
58	368
58	369
58	371
58	372
58	374
58	375
58	377
58	378
58	380
58	381
58	383
58	384
58	386
58	387
58	389
58	390
58	392
58	393
58	394
58	396
58	397
58	399
58	400
58	402
58	403
58	404
58	406
58	407
58	409
58	410
58	411
58	413
58	414
58	416
58	417
58	418
58	420
58	421
58	423
58	424
58	426
58	427
58	428
58	430
58	431
58	433
58	434
58	436
58	437
58	439
58	440
58	442
58	443
58	445
58	446
58	448
58	449
58	451
58	453
58	454
58	456
58	457
58	459
58	461
58	463
58	464
58	466
58	468
58	470
58	472
58	474
58	476
58	478
58	480
58	483
58	485
58	487
58	490
58	493
58	496
58	498
58	502
58	505
58	508
58	512
58	516
58	520
58	525
58	530
58	536
58	542
58	549
58	558
58	569
59	231
59	240
59	245
59	251
59	254
59	259
59	262
59	264
59	268
59	271
59	273
59	276
59	279
59	281
59	283
59	286
59	288
59	290
59	292
59	294
59	297
59	298
59	301
59	302
59	305
59	306
59	309
59	311
59	312
59	314
59	316
59	318
59	320
59	322
59	323
59	325
59	327
59	329
59	331
59	332
59	334
59	336
59	338
59	339
59	341
59	343
59	344
59	346
59	348
59	349
59	351
59	353
59	354
59	356
59	358
59	359
59	361
59	363
59	364
59	366
59	368
59	369
59	371
59	373
59	374
59	376
59	378
59	379
59	381
59	383
59	384
59	386
59	388
59	389
59	391
59	393
59	395
59	397
59	398
59	400
59	403
59	404
59	406
59	408
59	410
59	413
59	415
59	417
59	419
59	422
59	424
59	427
59	429
59	432
59	435
59	437
59	440
59	444
59	446
59	450
59	454
59	457
59	462
59	466
59	471
59	476
59	481
59	487
59	494
59	501
59	509
59	517
59	526
59	535
59	545
60	233
60	241
60	247
60	252
60	256
60	261
60	264
60	268
60	272
60	275
60	279
60	282
60	286
60	289
60	293
60	297
60	300
60	305
60	308
60	313
60	317
60	322
60	327
60	332
60	338
60	344
60	351
60	358
60	366
60	375
60	385
60	396
60	479
60	490
60	500
60	510
60	519
60	528
60	537
60	547
60	559
61	234
61	243
61	251
61	259
61	266
61	273
61	281
61	289
61	297
61	305
61	313
61	321
61	329
61	338
61	347
61	357
61	367
61	377
61	388
61	399
61	409
61	419
61	429
61	439
61	448
61	457
61	465
61	473
61	480
61	487
61	493
61	499
61	504
61	510
61	515
61	521
61	526
61	532
61	538
61	545
61	553
61	562
61	574
62	236
62	245
62	253
62	261
62	268
62	274
62	280
62	286
62	292
62	297
62	302
62	307
62	312
62	317
62	322
62	327
62	332
62	337
62	342
62	347
62	352
62	357
62	362
62	367
62	373
62	378
62	384
62	389
62	395
62	400
62	406
62	411
62	416
62	421
62	426
62	431
62	436
62	441
62	446
62	451
62	456
62	460
62	465
62	469
62	473
62	477
62	481
62	485
62	489
62	493
62	497
62	501
62	505
62	509
62	513
62	517
62	522
62	527
62	532
62	538
62	544
62	551
62	559
62	569
63	240
63	249
63	256
63	262
63	268
63	272
63	277
63	281
63	285
63	289
63	292
63	296
63	299
63	302
63	305
63	308
63	311
63	314
63	317
63	320
63	323
63	326
63	329
63	332
63	334
63	338
63	340
63	343
63	346
63	349
63	352
63	355
63	358
63	361
63	364
63	367
63	370
63	374
63	377
63	380
63	384
63	387
63	391
63	394
63	398
63	401
63	405
63	408
63	412
63	415
63	419
63	422
63	426
63	429
63	433
63	437
63	440
63	444
63	448
63	451
63	455
63	459
63	463
63	467
63	471
63	475
63	479
63	484
63	488
63	493
63	498
63	504
63	510
63	517
63	525
63	534
64	240
64	249
64	255
64	261
64	265
64	270
64	273
64	277
64	281
64	283
64	287
64	290
64	292
64	296
64	298
64	301
64	304
64	306
64	309
64	312
64	314
64	317
64	320
64	322
64	325
64	328
64	330
64	333
64	336
64	339
64	342
64	345
64	348
64	351
64	355
64	357
64	361
64	365
64	368
64	372
64	376
64	380
64	385
64	389
64	394
64	399
64	405
64	410
64	416
64	423
64	430
64	438
64	447
64	457
65	242
65	251
65	259
65	266
65	272
65	278
65	284
65	290
65	296
65	302
65	308
65	315
65	322
65	330
65	339
65	349
65	361
66	472
66	484
66	495
66	506
66	517
66	528
67	269
67	280
67	290
67	299
67	307
67	315
67	323
67	331
67	338
67	345
67	352
67	359
67	366
67	373
67	380
67	387
67	394
67	401
67	408
67	415
67	422
67	429
67	436
67	443
67	450
67	456
67	462
67	468
67	474
67	480
67	486
67	492
67	498
67	504
67	510
67	516
67	523
67	530
67	538
67	547
67	558
68	248
68	257
68	264
68	271
68	277
68	282
68	287
68	292
68	297
68	301
68	306
68	310
68	314
68	318
68	322
68	326
68	330
68	334
68	338
68	342
68	345
68	349
68	353
68	356
68	360
68	364
68	367
68	371
68	375
68	378
68	382
68	386
68	389
68	393
68	397
68	401
68	405
68	409
68	413
68	417
68	421
68	425
68	429
68	433
68	437
68	441
68	445
68	449
68	453
68	457
68	461
68	465
68	469
68	474
68	478
68	483
68	487
68	492
68	497
68	502
68	507
68	513
68	519
68	526
68	534
68	543
68	554
69	240
69	249
69	255
69	261
69	265
69	270
69	274
69	278
69	282
69	285
69	289
69	292
69	296
69	299
69	302
69	305
69	308
69	311
69	314
69	317
69	320
69	323
69	326
69	329
69	332
69	335
69	338
69	341
69	344
69	347
69	350
69	354
69	357
69	360
69	364
69	367
69	371
69	374
69	378
69	382
69	386
69	390
69	394
69	398
69	402
69	407
69	411
69	416
69	421
69	426
69	431
69	436
69	442
69	448
69	454
69	460
69	467
69	475
69	483
69	492
69	503
70	241
70	250
70	258
70	265
70	272
70	278
70	284
70	290
70	296
70	302
70	308
70	315
70	322
70	330
70	338
70	347
70	357
72	531
72	544
73	277
73	288
73	298
73	307
73	316
73	324
73	332
73	340
73	348
73	356
73	364
73	372
73	379
73	386
73	393
73	400
73	407
73	414
73	422
73	430
73	438
73	446
73	454
73	462
73	470
73	478
73	486
73	494
73	502
73	510
73	518
73	526
73	534
73	542
73	550
73	559
73	569
74	256
74	265
74	273
74	280
74	287
74	293
74	299
74	305
74	311
74	316
74	322
74	327
74	332
74	337
74	342
74	347
74	352
74	357
74	362
74	367
74	372
74	377
74	382
74	387
74	392
74	397
74	402
74	407
74	412
74	417
74	423
74	428
74	434
74	440
74	446
74	452
74	458
74	464
74	470
74	477
74	484
74	491
74	498
74	505
74	513
74	521
74	529
74	538
74	548
74	560
75	258
75	268
75	277
75	285
75	293
75	300
75	307
75	314
75	321
75	328
75	335
75	342
75	349
75	356
75	363
75	370
75	378
75	386
75	394
75	402
75	411
75	420
75	429
75	439
75	450
75	464
-1	-1
