-1	-1
6	211
6	223
6	234
6	245
6	256
6	267
6	279
6	291
6	304
7	217
7	229
7	240
7	251
7	262
7	272
7	282
7	293
7	305
8	186
8	196
8	205
8	214
8	222
8	230
8	238
8	246
8	254
8	262
8	270
8	278
8	286
8	294
8	303
8	312
8	322
8	332
8	342
8	353
8	365
9	176
9	186
9	194
9	202
9	209
9	216
9	222
9	228
9	234
9	240
9	246
9	252
9	258
9	264
9	270
9	276
9	282
9	288
9	295
9	302
9	309
9	317
9	325
9	333
9	341
9	349
9	358
9	367
9	376
9	386
9	396
9	407
10	169
10	179
10	187
10	194
10	201
10	207
10	213
10	219
10	225
10	230
10	236
10	241
10	247
10	252
10	258
10	263
10	269
10	274
10	280
10	286
10	292
10	298
10	305
10	312
10	319
10	326
10	333
10	340
10	347
10	354
10	361
10	368
10	375
10	382
10	389
10	397
10	405
10	413
10	422
10	432
10	443
11	172
11	182
11	191
11	199
11	206
11	213
11	220
11	226
11	232
11	238
11	244
11	250
11	256
11	262
11	268
11	274
11	280
11	286
11	292
11	298
11	305
11	312
11	319
11	326
11	333
11	339
11	346
11	352
11	359
11	365
11	372
11	378
11	385
11	392
11	399
11	406
11	413
11	421
11	429
11	437
11	446
11	456
11	467
12	177
12	187
12	196
12	204
12	212
12	220
12	228
12	235
12	243
12	250
12	258
12	266
12	274
12	282
12	290
12	298
12	306
12	314
12	322
12	331
12	340
12	349
12	358
12	367
12	376
12	385
12	394
12	403
12	412
12	421
12	431
12	441
12	452
13	187
13	198
13	208
13	218
13	228
13	238
13	248
13	258
13	268
13	278
13	287
13	297
13	307
13	317
13	327
13	337
13	348
13	359
13	372
14	186
14	197
14	207
14	216
14	225
14	234
14	243
14	252
14	261
14	270
14	279
14	288
14	298
14	308
14	319
14	331
14	344
15	171
15	182
15	191
15	200
15	208
15	216
15	224
15	232
15	240
15	248
15	257
15	266
15	274
15	282
15	290
15	299
15	308
15	317
15	327
15	337
15	347
15	357
15	368
15	380
16	171
16	181
16	190
16	198
16	206
16	214
16	221
16	228
16	235
16	242
16	249
16	256
16	263
16	270
16	277
16	285
16	293
16	301
16	309
16	318
16	327
16	336
16	345
16	354
16	363
16	372
16	382
16	392
16	402
16	413
17	168
17	178
17	186
17	194
17	201
17	208
17	214
17	221
17	227
17	233
17	239
17	245
17	251
17	257
17	263
17	269
17	275
17	281
17	288
17	295
17	302
17	309
17	316
17	323
17	330
17	337
17	344
17	351
17	358
17	365
17	372
17	379
17	386
17	393
17	400
17	407
17	415
17	423
17	432
17	441
17	452
18	161
18	171
18	179
18	186
18	192
18	198
18	203
18	209
18	214
18	219
18	224
18	229
18	234
18	239
18	244
18	249
18	254
18	259
18	264
18	269
18	274
18	279
18	284
18	289
18	294
18	299
18	304
18	309
18	315
18	320
18	326
18	332
18	338
18	343
18	349
18	354
18	359
18	364
18	369
18	374
18	379
18	384
18	389
18	395
18	400
18	406
18	412
18	418
18	425
18	432
18	439
18	447
18	456
18	467
19	161
19	170
19	178
19	184
19	190
19	195
19	200
19	205
19	210
19	214
19	219
19	222
19	227
19	230
19	234
19	238
19	242
19	246
19	250
19	253
19	257
19	261
19	264
19	268
19	272
19	275
19	279
19	283
19	287
19	291
19	295
19	299
19	303
19	307
19	311
19	316
19	320
19	325
19	329
19	334
19	338
19	343
19	347
19	352
19	357
19	362
19	367
19	372
19	377
19	382
19	387
19	393
19	399
19	405
19	412
19	419
19	426
19	434
19	443
19	453
20	159
20	168
20	175
20	181
20	186
20	191
20	195
20	200
20	204
20	208
20	212
20	216
20	220
20	223
20	227
20	230
20	234
20	237
20	241
20	244
20	247
20	251
20	254
20	257
20	261
20	263
20	267
20	270
20	273
20	276
20	279
20	282
20	285
20	288
20	291
20	295
20	297
20	301
20	304
20	307
20	311
20	314
20	317
20	321
20	324
20	328
20	331
20	335
20	338
20	342
20	345
20	349
20	353
20	357
20	361
20	365
20	369
20	374
20	378
20	383
20	388
20	393
20	398
20	404
20	410
20	417
20	425
20	433
20	443
20	455
21	158
21	167
21	174
21	180
21	185
21	190
21	194
21	199
21	203
21	207
21	211
21	215
21	219
21	222
21	226
21	230
21	233
21	237
21	240
21	244
21	247
21	251
21	254
21	257
21	261
21	264
21	267
21	271
21	274
21	277
21	281
21	284
21	287
21	291
21	294
21	297
21	301
21	304
21	307
21	311
21	314
21	318
21	321
21	325
21	328
21	332
21	336
21	340
21	344
21	348
21	353
21	357
21	362
21	367
21	373
21	379
21	386
21	393
21	401
21	410
21	421
22	160
22	170
22	178
22	185
22	191
22	197
22	202
22	207
22	212
22	217
22	222
22	227
22	231
22	236
22	240
22	245
22	249
22	253
22	257
22	261
22	265
22	269
22	273
22	277
22	281
22	285
22	289
22	293
22	297
22	302
22	306
22	311
22	315
22	320
22	325
22	330
22	335
22	340
22	346
22	352
22	358
22	365
22	373
22	382
22	392
23	163
23	173
23	181
23	189
23	196
23	202
23	208
23	214
23	220
23	225
23	231
23	236
23	241
23	246
23	251
23	256
23	261
23	266
23	271
23	276
23	281
23	287
23	292
23	298
23	304
23	310
23	316
23	322
23	328
23	335
23	342
23	350
23	358
23	367
23	378
24	162
24	172
24	180
24	188
24	195
24	202
24	208
24	214
24	220
24	226
24	232
24	238
24	244
24	250
24	256
24	262
24	268
24	274
24	280
24	286
24	292
24	298
24	305
24	312
24	319
24	326
24	334
24	342
24	351
24	361
24	373
25	168
25	178
25	186
25	193
25	200
25	206
25	212
25	218
25	224
25	230
25	236
25	242
25	248
25	254
25	260
25	266
25	272
25	278
25	285
25	292
25	299
25	306
25	314
25	322
25	331
25	341
25	353
26	160
26	170
26	178
26	184
26	190
26	195
26	201
26	206
26	211
26	216
26	221
26	226
26	231
26	236
26	241
26	246
26	251
26	256
26	261
26	267
26	272
26	278
26	284
26	291
26	298
26	306
26	314
26	323
26	333
26	345
27	157
27	165
27	172
27	177
27	182
27	186
27	191
27	194
27	199
27	202
27	206
27	210
27	213
27	217
27	220
27	224
27	227
27	231
27	234
27	238
27	241
27	245
27	249
27	253
27	257
27	261
27	265
27	269
27	274
27	278
27	284
27	289
27	295
27	301
27	307
27	314
27	322
27	331
27	341
27	353
28	154
28	162
28	169
28	174
28	179
28	183
28	187
28	191
28	194
28	198
28	201
28	204
28	208
28	211
28	214
28	217
28	220
28	223
28	226
28	229
28	231
28	234
28	237
28	239
28	242
28	245
28	247
28	250
28	253
28	256
28	258
28	262
28	265
28	268
28	271
28	275
28	278
28	282
28	286
28	289
28	294
28	298
28	303
28	308
28	313
28	319
28	325
28	332
28	340
28	349
28	359
29	154
29	162
29	169
29	173
29	179
29	182
29	187
29	190
29	193
29	197
29	200
29	203
29	206
29	209
29	212
29	214
29	217
29	220
29	222
29	224
29	227
29	229
29	231
29	233
29	236
29	238
29	240
29	242
29	244
29	247
29	248
29	251
29	253
29	255
29	258
29	259
29	262
29	265
29	267
29	269
29	272
29	275
29	277
29	280
29	283
29	286
29	289
29	293
29	296
29	300
29	304
29	308
29	313
29	317
29	323
29	328
29	335
29	342
29	350
29	359
29	370
30	159
30	168
30	174
30	180
30	185
30	190
30	194
30	199
30	202
30	206
30	210
30	213
30	217
30	220
30	223
30	227
30	230
30	233
30	236
30	239
30	242
30	245
30	248
30	251
30	254
30	257
30	260
30	263
30	266
30	269
30	272
30	275
30	278
30	281
30	285
30	288
30	292
30	295
30	299
30	303
30	307
30	312
30	316
30	321
30	327
30	333
30	339
30	346
30	354
30	363
30	374
31	166
31	175
31	182
31	189
31	195
31	201
31	206
31	211
31	215
31	220
31	224
31	228
31	232
31	236
31	240
31	243
31	247
31	250
31	253
31	256
31	259
31	262
31	264
31	268
31	270
31	273
31	276
31	279
31	282
31	285
31	288
31	291
31	295
31	298
31	302
31	305
31	309
31	313
31	317
31	322
31	327
31	332
31	338
31	344
31	351
31	358
31	366
31	376
32	167
32	176
32	184
32	191
32	197
32	203
32	209
32	214
32	219
32	224
32	229
32	233
32	238
32	242
32	246
32	250
32	254
32	258
32	261
32	265
32	268
32	272
32	275
32	279
32	282
32	286
32	289
32	293
32	296
32	300
32	304
32	308
32	312
32	317
32	321
32	326
32	331
32	337
32	343
32	350
32	357
32	366
32	376
33	167
33	177
33	185
33	192
33	199
33	205
33	211
33	217
33	222
33	227
33	232
33	237
33	242
33	246
33	251
33	255
33	259
33	263
33	266
33	270
33	273
33	276
33	280
33	282
33	286
33	289
33	292
33	296
33	299
33	303
33	306
33	310
33	314
33	318
33	322
33	327
33	331
33	336
33	341
33	347
33	353
33	360
33	368
33	377
33	387
34	167
34	176
34	184
34	191
34	198
34	204
34	210
34	215
34	220
34	225
34	230
34	234
34	239
34	243
34	247
34	251
34	255
34	259
34	262
34	266
34	270
34	273
34	277
34	280
34	283
34	287
34	290
34	294
34	297
34	301
34	304
34	308
34	312
34	316
34	320
34	324
34	328
34	333
34	337
34	343
34	348
34	354
34	360
34	367
34	375
34	384
34	394
35	169
35	179
35	187
35	194
35	201
35	208
35	214
35	220
35	226
35	232
35	238
35	244
35	250
35	255
35	260
35	265
35	270
35	274
35	279
35	282
35	286
35	290
35	293
35	297
35	300
35	304
35	307
35	311
35	314
35	318
35	322
35	325
35	329
35	333
35	337
35	341
35	346
35	350
35	355
35	360
35	366
35	372
35	378
35	385
35	393
35	402
35	413
36	171
36	181
36	189
36	196
36	203
36	209
36	215
36	221
36	226
36	231
36	236
36	241
36	246
36	250
36	255
36	259
36	263
36	267
36	271
36	274
36	278
36	281
36	283
36	287
36	289
36	292
36	294
36	297
36	299
36	302
36	304
36	307
36	309
36	312
36	314
36	317
36	319
36	322
36	325
36	327
36	330
36	334
36	336
36	340
36	343
36	347
36	350
36	355
36	358
36	363
36	367
36	372
36	377
36	383
36	389
36	396
36	405
36	415
37	171
37	181
37	189
37	196
37	202
37	208
37	213
37	219
37	224
37	229
37	234
37	239
37	243
37	248
37	252
37	257
37	261
37	266
37	270
37	274
37	278
37	282
37	285
37	289
37	292
37	296
37	299
37	302
37	306
37	309
37	312
37	316
37	319
37	323
37	326
37	330
37	334
37	338
37	342
37	347
37	352
37	357
37	363
37	369
37	376
37	384
37	392
37	402
37	414
38	176
38	186
38	194
38	202
38	210
38	217
38	224
38	231
38	238
38	245
38	252
38	259
38	265
38	271
38	277
38	283
38	289
38	294
38	299
38	303
38	308
38	312
38	316
38	320
38	324
38	328
38	332
38	336
38	341
38	345
38	350
38	355
38	360
38	366
38	372
38	378
38	385
38	392
38	400
38	409
38	419
39	181
39	192
39	201
39	209
39	217
39	224
39	231
39	238
39	244
39	250
39	256
39	261
39	266
39	271
39	276
39	281
39	285
39	290
39	293
39	297
39	301
39	303
39	307
39	310
39	313
39	316
39	319
39	322
39	325
39	328
39	331
39	334
39	337
39	340
39	344
39	347
39	351
39	355
39	359
39	364
39	368
39	373
39	378
39	384
39	390
39	397
39	405
39	414
39	425
40	187
40	197
40	206
40	214
40	222
40	230
40	237
40	244
40	251
40	258
40	264
40	271
40	277
40	283
40	289
40	295
40	300
40	305
40	310
40	314
40	319
40	323
40	328
40	332
40	337
40	342
40	347
40	352
40	358
40	364
40	371
40	378
40	386
40	396
41	189
41	200
41	211
41	221
41	231
41	241
41	251
41	261
41	271
41	281
41	290
41	299
41	307
41	314
41	321
41	327
41	333
41	338
41	344
41	350
41	356
41	362
41	369
41	376
41	384
41	393
41	404
42	201
42	212
42	222
42	232
42	241
42	250
42	259
42	268
42	276
42	284
42	292
42	299
42	306
42	312
42	317
42	322
42	326
42	331
42	335
42	339
42	343
42	347
42	352
42	356
42	361
42	366
42	371
42	376
42	382
42	388
42	395
42	403
42	412
42	423
43	198
43	209
43	219
43	228
43	237
43	246
43	255
43	264
43	273
43	282
43	291
43	300
43	308
43	316
43	323
43	330
43	336
43	342
43	348
43	354
43	360
43	366
43	372
43	378
43	385
43	392
43	399
43	407
43	416
43	427
44	199
44	211
44	222
44	233
44	244
44	255
44	266
44	277
44	288
44	298
44	308
44	317
44	326
44	334
44	341
44	348
44	354
44	360
44	365
44	370
44	375
44	380
44	385
44	390
44	395
44	400
44	406
44	412
44	419
44	426
44	434
44	444
45	200
45	211
45	222
45	232
45	242
45	251
45	260
45	269
45	278
45	286
45	294
45	301
45	308
45	315
45	321
45	327
45	332
45	337
45	342
45	346
45	351
45	354
45	358
45	362
45	365
45	369
45	372
45	375
45	379
45	382
45	385
45	389
45	392
45	396
45	399
45	404
45	407
45	412
45	416
45	421
45	426
45	432
45	438
45	445
45	454
45	464
46	198
46	209
46	219
46	228
46	237
46	246
46	254
46	262
46	270
46	278
46	286
46	293
46	300
46	307
46	314
46	321
46	327
46	333
46	339
46	344
46	349
46	354
46	359
46	363
46	368
46	372
46	377
46	382
46	387
46	392
46	397
46	403
46	409
46	415
46	422
46	429
46	437
46	446
46	457
47	216
47	228
47	240
47	252
47	264
47	276
47	288
47	300
47	311
47	322
47	332
47	342
47	352
47	362
47	371
47	380
47	389
47	397
47	405
47	413
47	421
47	429
47	438
47	447
47	457
47	468
48	277
48	288
48	299
48	309
48	318
48	327
48	335
48	343
48	350
48	357
48	364
48	370
48	376
48	382
48	387
48	393
48	398
48	403
48	408
48	413
48	418
48	423
48	428
48	433
48	438
48	444
48	450
48	456
48	463
48	470
48	478
48	488
49	240
49	251
49	262
49	272
49	281
49	290
49	298
49	306
49	313
49	320
49	326
49	332
49	338
49	344
49	350
49	355
49	361
49	366
49	371
49	376
49	381
49	386
49	391
49	395
49	400
49	404
49	409
49	413
49	418
49	422
49	427
49	432
49	437
49	442
49	447
49	453
49	459
49	466
49	474
49	483
49	494
50	221
50	233
50	244
50	254
50	264
50	274
50	283
50	292
50	301
50	310
50	319
50	328
50	336
50	344
50	352
50	360
50	368
50	376
50	384
50	392
50	400
50	409
50	418
50	427
50	437
50	448
51	217
51	229
51	240
51	251
51	262
51	273
51	284
51	295
51	306
51	317
51	327
51	337
51	347
51	357
51	367
51	377
51	386
51	395
51	404
51	413
51	421
51	429
51	437
51	446
51	455
51	465
51	476
52	201
52	212
52	222
52	232
52	241
52	250
52	259
52	268
52	277
52	286
52	294
52	302
52	310
52	318
52	325
52	332
52	339
52	345
52	352
52	358
52	364
52	370
52	376
52	382
52	388
52	393
52	399
52	404
52	409
52	414
52	419
52	424
52	429
52	434
52	439
52	444
52	449
52	454
52	460
52	466
52	472
52	479
52	487
52	496
53	189
53	199
53	208
53	216
53	223
53	230
53	237
53	243
53	249
53	255
53	261
53	267
53	273
53	279
53	285
53	291
53	297
53	303
53	309
53	314
53	319
53	324
53	329
53	334
53	339
53	343
53	348
53	352
53	357
53	361
53	366
53	370
53	375
53	379
53	384
53	388
53	392
53	397
53	401
53	405
53	409
53	413
53	417
53	421
53	425
53	429
53	433
53	437
53	441
53	446
53	450
53	455
53	460
53	465
53	471
53	477
53	484
53	492
53	501
54	181
54	191
54	200
54	208
54	215
54	222
54	229
54	236
54	243
54	250
54	257
54	264
54	271
54	278
54	285
54	292
54	299
54	306
54	313
54	320
54	327
54	334
54	341
54	348
54	355
54	362
54	369
54	376
54	383
54	391
54	399
54	407
54	415
54	423
54	431
54	440
54	449
54	459
54	470
55	188
55	199
55	209
55	219
55	228
55	237
55	246
55	254
55	262
55	270
55	278
55	285
55	292
55	299
55	306
55	313
55	320
55	327
55	334
55	341
55	348
55	356
55	364
55	372
55	380
55	388
55	396
55	404
55	412
55	420
55	428
55	437
55	446
55	455
55	465
55	475
55	487
56	183
56	193
56	202
56	210
56	218
56	225
56	232
56	238
56	244
56	250
56	255
56	261
56	266
56	271
56	276
56	281
56	285
56	290
56	294
56	299
56	303
56	308
56	312
56	316
56	320
56	324
56	328
56	332
56	336
56	340
56	344
56	348
56	352
56	356
56	360
56	364
56	368
56	372
56	376
56	380
56	384
56	388
56	392
56	396
56	400
56	405
56	409
56	414
56	418
56	423
56	427
56	432
56	436
56	441
56	446
56	451
56	456
56	461
56	466
56	472
56	478
56	484
56	491
56	499
56	508
57	172
57	182
57	190
57	196
57	202
57	207
57	212
57	216
57	221
57	224
57	229
57	232
57	236
57	239
57	243
57	246
57	249
57	252
57	255
57	258
57	261
57	263
57	267
57	269
57	272
57	274
57	277
57	280
57	282
57	284
57	287
57	289
57	292
57	294
57	296
57	299
57	301
57	303
57	306
57	308
57	310
57	313
57	315
57	317
57	319
57	322
57	324
57	326
57	328
57	331
57	332
57	335
57	337
57	339
57	341
57	344
57	345
57	348
57	350
57	352
57	354
57	357
57	358
57	361
57	363
57	365
57	367
57	370
57	371
57	374
57	376
57	378
57	380
57	383
57	385
57	387
57	389
57	392
57	394
57	396
57	398
57	401
57	403
57	405
57	408
57	410
57	412
57	415
57	417
57	419
57	422
57	424
57	427
57	429
57	432
57	434
57	437
57	439
57	442
57	445
57	447
57	450
57	453
57	456
57	458
57	462
57	465
57	468
57	471
57	475
57	478
57	482
57	486
57	490
57	495
57	500
57	506
57	512
57	519
57	528
58	168
58	176
58	182
58	188
58	192
58	196
58	200
58	203
58	206
58	210
58	212
58	215
58	218
58	221
58	222
58	225
58	228
58	230
58	232
58	234
58	237
58	239
58	241
58	243
58	245
58	247
58	249
58	251
58	252
58	255
58	256
58	258
58	260
58	262
58	263
58	265
58	267
58	269
58	270
58	272
58	273
58	275
58	277
58	278
58	280
58	282
58	283
58	284
58	286
58	288
58	289
58	291
58	292
58	294
58	295
58	297
58	298
58	300
58	301
58	303
58	304
58	306
58	307
58	309
58	310
58	312
58	313
58	314
58	316
58	317
58	319
58	320
58	322
58	323
58	324
58	326
58	327
58	329
58	330
58	332
58	333
58	334
58	336
58	337
58	339
58	340
58	342
58	343
58	344
58	346
58	347
58	349
58	350
58	352
58	353
58	355
58	356
58	358
58	359
58	361
58	362
58	364
58	365
58	367
58	368
58	370
58	372
58	373
58	375
58	376
58	378
58	380
58	381
58	383
58	385
58	386
58	388
58	390
58	392
58	393
58	395
58	397
58	399
58	400
58	403
58	405
58	406
58	408
58	410
58	413
58	414
58	417
58	419
58	421
58	424
58	426
58	428
58	431
58	433
58	436
58	438
58	441
58	444
58	446
58	449
58	452
58	455
58	458
58	462
58	465
58	469
58	473
58	477
58	482
58	487
58	493
58	499
58	506
58	515
58	526
59	163
59	171
59	178
59	182
59	187
59	191
59	193
59	197
59	200
59	202
59	205
59	208
59	211
59	212
59	216
59	218
59	220
59	222
59	225
59	227
59	229
59	231
59	233
59	236
59	237
59	240
59	242
59	243
59	246
59	248
59	250
59	252
59	254
59	256
59	258
59	260
59	262
59	264
59	266
59	268
59	270
59	272
59	274
59	276
59	278
59	280
59	282
59	284
59	286
59	288
59	290
59	292
59	294
59	296
59	298
59	300
59	302
59	304
59	306
59	308
59	310
59	312
59	314
59	316
59	318
59	320
59	322
59	325
59	326
59	329
59	331
59	333
59	336
59	337
59	340
59	342
59	345
59	347
59	349
59	352
59	355
59	357
59	360
59	363
59	366
59	369
59	372
59	376
59	379
59	383
59	387
59	391
59	396
59	400
59	406
59	411
59	417
59	424
59	431
59	439
59	448
59	458
60	161
60	170
60	175
60	181
60	184
60	189
60	193
60	197
60	201
60	205
60	209
60	214
60	218
60	223
60	228
60	233
60	239
60	245
60	251
60	258
60	266
60	274
60	283
60	294
60	426
60	438
60	450
60	463
61	160
61	169
61	175
61	181
61	186
61	191
61	196
61	201
61	206
61	211
61	217
61	222
61	228
61	234
61	240
61	246
61	253
61	260
61	267
61	274
61	281
61	289
61	297
61	305
61	314
61	323
61	332
61	341
61	350
61	359
61	368
61	376
61	384
61	392
61	399
61	406
61	413
61	420
61	426
61	432
61	438
61	444
61	450
61	456
61	462
61	468
61	475
61	482
61	490
61	500
62	167
62	176
62	184
62	191
62	197
62	203
62	209
62	214
62	219
62	224
62	229
62	233
62	238
62	242
62	247
62	251
62	255
62	260
62	264
62	268
62	272
62	276
62	280
62	284
62	288
62	293
62	297
62	302
62	306
62	311
62	315
62	320
62	324
62	329
62	334
62	338
62	343
62	348
62	352
62	357
62	361
62	366
62	370
62	375
62	379
62	383
62	387
62	391
62	395
62	399
62	403
62	406
62	410
62	413
62	417
62	420
62	424
62	427
62	431
62	434
62	437
62	441
62	443
62	447
62	450
62	453
62	457
62	460
62	464
62	467
62	471
62	475
62	479
62	484
62	488
62	494
62	499
62	506
62	513
62	522
63	172
63	181
63	189
63	194
63	200
63	204
63	209
63	212
63	216
63	220
63	223
63	226
63	230
63	232
63	236
63	238
63	241
63	244
63	247
63	250
63	252
63	255
63	258
63	260
63	263
63	266
63	268
63	271
63	274
63	276
63	279
63	282
63	284
63	287
63	290
63	292
63	295
63	298
63	300
63	304
63	306
63	309
63	312
63	315
63	318
63	321
63	324
63	327
63	330
63	333
63	336
63	339
63	342
63	345
63	348
63	352
63	355
63	358
63	362
63	365
63	368
63	372
63	374
63	378
63	381
63	384
63	387
63	390
63	393
63	396
63	399
63	402
63	405
63	408
63	411
63	414
63	417
63	420
63	423
63	426
63	429
63	431
63	435
63	437
63	440
63	443
63	446
63	449
63	452
63	455
63	458
63	461
63	465
63	467
63	471
63	475
63	478
63	483
63	487
63	492
63	497
63	503
63	510
63	518
63	529
64	172
64	181
64	188
64	193
64	198
64	202
64	207
64	211
64	214
64	218
64	222
64	225
64	229
64	232
64	235
64	239
64	242
64	245
64	248
64	251
64	255
64	257
64	261
64	264
64	267
64	271
64	274
64	278
64	281
64	285
64	289
64	293
64	297
64	301
64	305
64	309
64	314
64	318
64	323
64	328
64	333
64	339
64	345
64	351
64	357
64	364
64	371
64	378
64	386
64	394
64	403
64	412
64	422
64	432
64	443
65	174
65	184
65	193
65	201
65	209
65	218
65	227
65	236
65	246
65	257
66	228
66	241
66	254
66	267
66	280
66	294
67	196
67	206
67	215
67	223
67	231
67	238
67	245
67	252
67	259
67	265
67	271
67	277
67	283
67	289
67	295
67	301
67	307
67	313
67	319
67	325
67	331
67	337
67	343
67	349
67	355
67	361
67	368
67	374
67	381
67	388
67	395
67	402
67	409
67	416
67	423
67	430
67	437
67	444
67	451
67	458
67	466
67	474
67	483
67	494
68	180
68	189
68	196
68	202
68	208
68	213
68	218
68	222
68	226
68	231
68	234
68	238
68	242
68	245
68	249
68	252
68	256
68	259
68	263
68	266
68	270
68	273
68	276
68	280
68	283
68	286
68	290
68	293
68	296
68	300
68	303
68	306
68	310
68	313
68	317
68	320
68	324
68	327
68	331
68	334
68	338
68	341
68	345
68	348
68	352
68	356
68	359
68	363
68	367
68	371
68	375
68	379
68	383
68	387
68	391
68	395
68	399
68	403
68	407
68	412
68	416
68	421
68	425
68	430
68	434
68	439
68	444
68	449
68	454
68	459
68	465
68	470
68	476
68	483
68	490
68	499
68	510
69	173
69	182
69	189
69	194
69	200
69	204
69	209
69	212
69	216
69	220
69	223
69	227
69	230
69	233
69	237
69	240
69	243
69	247
69	250
69	253
69	256
69	260
69	263
69	266
69	270
69	273
69	276
69	280
69	283
69	287
69	290
69	294
69	297
69	301
69	305
69	308
69	312
69	316
69	320
69	324
69	328
69	332
69	337
69	341
69	346
69	350
69	355
69	360
69	365
69	371
69	377
69	383
69	389
69	396
69	403
69	410
69	417
69	425
69	433
69	441
69	450
69	460
69	471
70	173
70	183
70	191
70	199
70	207
70	215
70	223
70	231
70	240
70	250
70	261
73	202
73	213
73	222
73	231
73	239
73	247
73	254
73	261
73	268
73	275
73	282
73	289
73	296
73	303
73	310
73	317
73	324
73	331
73	338
73	345
73	352
73	359
73	366
73	373
73	380
73	387
73	394
73	401
73	408
73	415
73	422
73	429
73	436
73	443
73	450
73	457
73	464
73	471
73	478
73	485
73	492
73	500
73	509
73	519
74	187
74	197
74	205
74	212
74	219
74	225
74	231
74	236
74	241
74	246
74	251
74	256
74	261
74	266
74	271
74	275
74	280
74	284
74	289
74	293
74	298
74	302
74	307
74	311
74	316
74	320
74	325
74	329
74	334
74	339
74	344
74	349
74	354
74	359
74	364
74	369
74	374
74	379
74	384
74	389
74	394
74	399
74	404
74	409
74	415
74	420
74	426
74	431
74	437
74	443
74	449
74	455
74	461
74	467
74	473
74	479
74	485
74	491
74	497
74	504
74	512
74	521
74	534
75	189
75	199
75	208
75	216
75	224
75	231
75	238
75	245
75	252
75	259
75	266
75	273
75	280
75	287
75	294
75	301
75	308
75	315
75	323
75	331
75	339
75	347
75	355
75	364
75	373
75	382
75	392
75	402
75	412
75	423
75	435
-1	-1
