-1	-1
7	191
7	202
7	213
7	223
7	232
7	241
7	249
7	257
7	266
7	275
7	284
7	293
7	303
8	176
8	186
8	196
8	205
8	213
8	221
8	229
8	236
8	243
8	250
8	257
8	265
8	273
8	281
8	289
8	297
8	306
8	316
8	328
9	168
9	178
9	187
9	195
9	203
9	210
9	217
9	224
9	231
9	238
9	245
9	252
9	259
9	266
9	273
9	280
9	286
9	293
9	300
9	307
9	315
9	323
9	333
9	345
10	160
10	170
10	179
10	187
10	194
10	201
10	208
10	215
10	222
10	229
10	237
10	245
10	253
10	261
10	269
10	275
10	281
10	286
10	292
10	297
10	302
10	307
10	313
10	318
10	324
10	330
10	337
10	345
10	354
10	364
10	375
10	388
11	163
11	173
11	182
11	190
11	198
11	205
11	213
11	221
11	229
11	237
11	245
11	254
11	262
11	270
11	277
11	283
11	289
11	295
11	301
11	306
11	312
11	318
11	324
11	330
11	337
11	344
11	352
11	361
11	370
11	380
11	390
11	403
12	166
12	176
12	185
12	193
12	201
12	209
12	217
12	226
12	235
12	244
12	253
12	262
12	271
12	280
12	288
12	296
12	303
12	310
12	317
12	325
12	333
12	342
12	351
12	361
12	371
12	382
12	394
13	176
13	187
13	197
13	207
13	217
13	227
13	237
13	247
13	258
13	269
13	280
13	291
13	302
13	315
14	178
14	189
14	200
14	211
14	222
14	233
14	244
14	255
14	267
14	279
15	181
15	192
15	203
15	214
15	225
15	236
15	247
15	258
15	269
15	280
15	292
16	189
16	200
16	211
16	221
16	231
16	241
16	251
16	261
16	271
16	281
16	291
16	301
16	312
16	324
17	177
17	188
17	198
17	207
17	216
17	225
17	234
17	242
17	250
17	258
17	266
17	274
17	282
17	290
17	298
17	306
17	314
17	322
17	330
17	339
17	348
17	358
17	368
17	378
17	388
17	399
17	414
18	171
18	182
18	192
18	201
18	209
18	217
18	225
18	233
18	241
18	249
18	257
18	265
18	273
18	280
18	287
18	293
18	299
18	305
18	311
18	317
18	323
18	329
18	336
18	343
18	350
18	358
18	366
18	374
18	381
18	388
18	395
18	403
18	411
18	420
18	429
18	439
19	169
19	179
19	188
19	196
19	204
19	211
19	218
19	225
19	232
19	239
19	246
19	253
19	260
19	267
19	273
19	279
19	284
19	289
19	294
19	299
19	304
19	308
19	313
19	318
19	323
19	328
19	334
19	340
19	347
19	354
19	362
19	370
19	378
19	385
19	392
19	399
19	406
19	413
19	420
19	427
19	435
19	443
19	452
19	462
20	166
20	176
20	184
20	191
20	198
20	204
20	210
20	216
20	222
20	228
20	234
20	240
20	246
20	252
20	258
20	263
20	269
20	274
20	279
20	284
20	288
20	293
20	297
20	302
20	307
20	312
20	318
20	324
20	331
20	338
20	346
20	356
20	367
20	378
20	388
20	397
20	405
20	413
20	421
20	429
20	437
20	446
20	455
20	465
21	160
21	170
21	178
21	185
21	192
21	198
21	204
21	210
21	215
21	221
21	226
21	232
21	237
21	243
21	248
21	253
21	258
21	263
21	268
21	273
21	278
21	283
21	288
21	294
21	299
21	305
21	312
21	319
21	327
21	337
21	422
21	435
22	158
22	167
22	174
22	181
22	187
22	192
22	197
22	202
22	207
22	211
22	216
22	220
22	225
22	229
22	233
22	237
22	241
22	245
22	249
22	253
22	257
22	262
22	266
22	271
22	276
22	281
22	286
22	292
22	298
22	305
22	313
22	322
22	333
23	157
23	166
23	173
23	180
23	185
23	191
23	195
23	200
23	203
23	208
23	211
23	215
23	219
23	222
23	226
23	230
23	233
23	237
23	240
23	244
23	247
23	251
23	254
23	258
23	262
23	266
23	270
23	275
23	279
23	285
23	290
23	296
23	303
23	311
23	320
24	156
24	165
24	173
24	180
24	186
24	192
24	197
24	202
24	206
24	211
24	214
24	218
24	222
24	225
24	229
24	232
24	236
24	239
24	243
24	246
24	250
24	254
24	257
24	262
24	266
24	270
24	275
24	280
24	286
24	292
24	299
24	307
24	316
25	161
25	171
25	179
25	186
25	192
25	198
25	203
25	208
25	213
25	218
25	222
25	226
25	230
25	234
25	238
25	242
25	247
25	251
25	256
25	261
25	266
25	272
25	278
25	285
25	293
25	302
25	313
26	169
26	179
26	187
26	194
26	201
26	207
26	213
26	218
26	223
26	228
26	233
26	238
26	244
26	249
26	255
26	261
26	268
26	276
26	285
26	295
27	171
27	181
27	190
27	198
27	205
27	212
27	219
27	225
27	232
27	238
27	245
27	252
27	260
27	269
27	279
28	168
28	178
28	186
28	194
28	201
28	208
28	215
28	222
28	229
28	236
28	244
28	252
28	261
28	271
29	160
29	170
29	179
29	187
29	195
29	203
29	211
29	219
29	227
29	235
29	244
29	254
29	265
30	157
30	166
30	173
30	180
30	186
30	192
30	197
30	203
30	208
30	214
30	220
30	226
30	232
30	238
30	245
30	253
30	261
30	270
30	280
31	150
31	159
31	165
31	171
31	175
31	180
31	184
31	189
31	192
31	197
31	200
31	204
31	208
31	212
31	216
31	220
31	225
31	229
31	234
31	239
31	244
31	250
31	256
31	263
31	270
31	278
31	287
31	298
32	148
32	156
32	162
32	168
32	173
32	178
32	182
32	187
32	191
32	195
32	199
32	203
32	207
32	211
32	215
32	219
32	224
32	228
32	233
32	237
32	242
32	247
32	253
32	259
32	266
32	273
32	281
32	290
32	300
33	148
33	157
33	163
33	169
33	174
33	179
33	184
33	189
33	193
33	197
33	201
33	205
33	209
33	213
33	217
33	221
33	225
33	229
33	234
33	238
33	243
33	248
33	253
33	258
33	264
33	270
33	277
33	285
33	294
33	304
34	150
34	159
34	166
34	172
34	177
34	182
34	186
34	191
34	194
34	198
34	201
34	204
34	208
34	211
34	214
34	217
34	220
34	223
34	226
34	229
34	232
34	236
34	239
34	243
34	246
34	250
34	254
34	258
34	262
34	267
34	272
34	277
34	283
34	289
34	296
34	304
34	313
34	325
35	153
35	162
35	170
35	177
35	183
35	189
35	194
35	199
35	202
35	206
35	210
35	212
35	216
35	219
35	222
35	225
35	228
35	231
35	234
35	237
35	240
35	243
35	246
35	249
35	253
35	256
35	259
35	264
35	267
35	272
35	276
35	281
35	286
35	292
35	298
35	305
35	313
35	322
36	157
36	166
36	174
36	181
36	188
36	194
36	200
36	205
36	210
36	214
36	219
36	223
36	227
36	231
36	235
36	239
36	243
36	247
36	251
36	255
36	259
36	264
36	268
36	273
36	278
36	284
36	290
36	297
36	305
36	314
36	325
37	159
37	168
37	176
37	183
37	190
37	196
37	202
37	208
37	213
37	219
37	224
37	229
37	234
37	239
37	244
37	249
37	254
37	259
37	265
37	271
37	277
37	284
37	291
37	299
37	308
37	318
38	161
38	171
38	180
38	188
38	195
38	202
38	208
38	214
38	219
38	224
38	229
38	233
38	238
38	242
38	246
38	250
38	254
38	258
38	263
38	267
38	272
38	277
38	282
38	287
38	293
38	299
38	306
38	314
38	323
38	334
39	177
39	188
39	199
39	208
39	216
39	222
39	228
39	233
39	237
39	242
39	245
39	249
39	253
39	256
39	260
39	264
39	267
39	271
39	275
39	279
39	284
39	288
39	293
39	298
39	304
39	310
39	317
39	325
39	335
40	170
40	181
40	191
40	201
40	211
40	220
40	229
40	236
40	242
40	247
40	252
40	256
40	261
40	265
40	270
40	274
40	279
40	284
40	289
40	294
40	300
40	306
40	313
40	321
40	330
41	171
41	182
41	192
41	201
41	210
41	219
41	228
41	236
41	244
41	251
41	258
41	265
41	272
41	279
41	286
41	294
41	303
41	313
41	325
42	199
42	210
42	220
42	229
42	237
42	244
42	251
42	258
42	264
42	270
42	276
42	283
42	290
42	297
42	305
42	314
42	325
43	226
43	236
43	244
43	251
43	257
43	262
43	267
43	272
43	277
43	282
43	287
43	292
43	298
43	304
43	311
43	318
43	326
43	336
44	231
44	242
44	251
44	258
44	264
44	270
44	275
44	280
44	285
44	290
44	296
44	302
44	308
44	315
44	323
44	332
44	343
44	416
44	427
44	437
44	448
44	460
45	188
45	199
45	210
45	220
45	230
45	240
45	250
45	259
45	267
45	275
45	283
45	291
45	299
45	308
45	318
45	399
45	410
45	419
45	427
45	435
45	444
45	453
45	463
46	200
46	211
46	221
46	231
46	240
46	249
46	257
46	265
46	272
46	279
46	286
46	293
46	300
46	307
46	315
46	324
46	334
46	398
46	409
46	419
46	429
46	439
46	450
47	219
47	230
47	240
47	249
47	257
47	264
47	270
47	275
47	280
47	285
47	290
47	294
47	299
47	304
47	309
47	315
47	320
47	326
47	333
47	341
47	350
47	363
47	388
47	399
47	409
47	419
47	430
47	442
48	189
48	200
48	211
48	222
48	233
48	243
48	252
48	260
48	268
48	274
48	280
48	284
48	289
48	293
48	297
48	301
48	305
48	309
48	314
48	318
48	323
48	328
48	334
48	340
48	347
48	355
48	364
48	374
48	384
48	394
48	404
48	414
48	425
48	437
49	181
49	192
49	201
49	210
49	219
49	227
49	235
49	243
49	251
49	259
49	267
49	275
49	282
49	289
49	295
49	301
49	307
49	314
49	321
49	328
49	336
49	345
49	355
49	367
49	386
49	398
49	409
49	420
50	189
50	200
50	210
50	219
50	227
50	235
50	242
50	249
50	256
50	263
50	270
50	277
50	284
50	291
50	298
50	306
50	314
50	323
50	333
50	344
50	396
50	408
50	419
50	432
51	200
51	211
51	221
51	230
51	239
51	247
51	254
51	260
51	266
51	272
51	278
51	283
51	289
51	294
51	299
51	304
51	309
51	315
51	320
51	326
51	332
51	339
51	346
51	354
51	363
51	373
51	383
51	393
51	403
51	413
51	423
51	434
52	181
52	192
52	202
52	211
52	220
52	229
52	238
52	246
52	254
52	261
52	268
52	274
52	280
52	285
52	290
52	294
52	299
52	303
52	307
52	311
52	315
52	319
52	323
52	327
52	332
52	336
52	341
52	346
52	351
52	357
52	363
52	369
52	376
52	383
52	390
52	397
52	405
52	413
52	422
52	432
52	443
53	171
53	181
53	189
53	196
53	203
53	209
53	215
53	221
53	227
53	233
53	239
53	245
53	251
53	257
53	264
53	271
53	278
53	284
53	290
53	295
53	301
53	305
53	310
53	315
53	320
53	325
53	330
53	335
53	340
53	345
53	351
53	357
53	363
53	369
53	376
53	383
53	390
53	397
53	405
53	413
53	422
53	433
54	168
54	178
54	185
54	192
54	198
54	203
54	208
54	212
54	217
54	221
54	225
54	229
54	233
54	237
54	241
54	245
54	249
54	253
54	257
54	261
54	266
54	270
54	275
54	280
54	285
54	290
54	296
54	302
54	308
54	315
54	322
54	330
54	338
54	347
54	357
54	369
55	168
55	178
55	187
55	194
55	201
55	206
55	211
55	215
55	219
55	222
55	226
55	229
55	232
55	235
55	238
55	241
55	244
55	247
55	250
55	253
55	256
55	259
55	262
55	265
55	268
55	271
55	274
55	277
55	280
55	284
55	287
55	291
55	295
55	298
55	303
55	307
55	311
55	316
55	321
55	326
55	332
55	338
55	345
55	352
55	360
55	368
55	377
55	387
55	399
56	170
56	181
56	191
56	200
56	209
56	216
56	222
56	227
56	232
56	235
56	240
56	242
56	246
56	249
56	252
56	254
56	257
56	260
56	262
56	265
56	267
56	270
56	272
56	275
56	277
56	280
56	282
56	285
56	287
56	290
56	293
56	295
56	298
56	301
56	304
56	307
56	309
56	313
56	316
56	319
56	323
56	326
56	329
56	333
56	337
56	340
56	345
56	348
56	353
56	357
56	362
56	367
56	372
56	378
56	384
56	390
56	397
56	405
56	414
56	424
57	162
57	172
57	181
57	189
57	197
57	205
57	213
57	221
57	229
57	236
57	242
57	248
57	253
57	258
57	262
57	266
57	270
57	273
57	277
57	280
57	283
57	287
57	290
57	293
57	296
57	299
57	302
57	305
57	308
57	311
57	314
57	317
57	320
57	323
57	326
57	329
57	332
57	335
57	338
57	342
57	345
57	348
57	352
57	355
57	359
57	362
57	366
57	370
57	374
57	378
57	382
57	387
57	391
57	396
57	401
57	407
57	414
57	421
57	429
57	438
58	159
58	168
58	175
58	181
58	187
58	192
58	197
58	202
58	207
58	212
58	217
58	223
58	229
58	235
58	241
58	248
58	255
58	263
58	271
58	279
58	287
58	295
58	303
58	310
58	317
58	324
58	330
58	336
58	342
58	348
58	354
58	360
58	366
58	372
58	378
58	385
58	392
58	400
58	409
58	419
59	157
59	165
59	172
59	176
59	181
59	184
59	189
59	192
59	195
59	199
59	202
59	205
59	209
59	212
59	215
59	218
59	222
59	225
59	228
59	232
59	235
59	239
59	243
59	247
59	251
59	255
59	259
59	264
59	269
59	274
59	279
59	285
59	291
59	298
59	305
59	313
59	321
59	330
59	340
59	353
60	157
60	165
60	172
60	176
60	181
60	183
60	187
60	191
60	192
60	196
60	198
60	201
60	203
60	205
60	208
60	210
60	212
60	215
60	217
60	219
60	221
60	224
60	226
60	228
60	230
60	233
60	235
60	237
60	239
60	242
60	244
60	246
60	249
60	251
60	254
60	256
60	259
60	261
60	264
60	267
60	269
60	273
60	275
60	278
60	282
60	285
60	288
60	292
60	295
60	299
60	303
60	307
60	311
60	316
60	320
60	326
60	331
60	337
60	343
60	350
60	357
60	365
60	374
60	383
60	393
60	404
61	160
61	169
61	176
61	182
61	186
61	191
61	194
61	199
61	201
61	205
61	208
61	211
61	213
61	216
61	219
61	221
61	223
61	226
61	228
61	231
61	232
61	235
61	237
61	239
61	242
61	243
61	246
61	248
61	250
61	252
61	254
61	256
61	258
61	260
61	262
61	264
61	266
61	268
61	270
61	273
61	274
61	277
61	279
61	281
61	283
61	286
61	288
61	290
61	293
61	295
61	297
61	300
61	302
61	305
61	307
61	310
61	313
61	315
61	318
61	321
61	324
61	327
61	330
61	334
61	337
61	340
61	344
61	348
61	352
61	356
61	360
61	365
61	369
61	374
61	379
61	384
61	389
61	395
61	401
61	407
61	414
61	422
61	431
61	442
62	166
62	176
62	186
62	196
62	205
62	213
62	221
62	228
62	233
62	239
62	243
62	247
62	251
62	254
62	258
62	261
62	263
62	267
62	269
62	272
62	274
62	277
62	279
62	282
62	283
62	286
62	288
62	291
62	292
62	295
62	297
62	299
62	301
62	303
62	306
62	307
62	310
62	312
62	314
62	316
62	318
62	321
62	322
62	325
62	327
62	329
62	332
62	334
62	336
62	339
62	341
62	344
62	346
62	349
62	351
62	354
62	357
62	359
62	363
62	365
62	368
62	371
62	374
62	377
62	380
62	384
62	386
62	390
62	394
62	397
62	401
62	405
62	409
62	414
62	418
62	424
62	429
62	436
62	443
62	452
62	464
63	167
63	178
63	188
63	198
63	209
63	221
63	238
63	249
63	259
63	267
63	274
63	280
63	285
63	290
63	294
63	298
63	302
63	305
63	309
63	312
63	315
63	318
63	321
63	324
63	327
63	330
63	333
63	336
63	339
63	342
63	345
63	348
63	352
63	355
63	358
63	362
63	365
63	369
63	373
63	377
63	381
63	385
63	389
63	394
63	398
63	403
63	408
63	414
63	420
63	427
63	435
63	445
64	173
64	184
64	194
64	203
64	212
64	221
64	231
64	242
64	254
65	170
65	179
65	187
65	193
65	199
65	205
65	211
65	216
65	222
65	227
65	233
65	239
65	245
65	251
65	258
65	265
65	272
65	280
65	289
65	298
65	308
66	169
66	177
66	183
66	189
66	193
66	198
66	201
66	205
66	209
66	212
66	216
66	219
66	222
66	226
66	229
66	232
66	236
66	239
66	242
66	246
66	249
66	253
66	256
66	260
66	264
66	267
66	271
66	275
66	279
66	283
66	288
66	292
66	297
66	302
66	307
66	313
66	319
66	325
66	332
66	339
66	347
66	355
66	363
66	372
66	381
66	391
66	403
67	173
67	182
67	190
67	196
67	201
67	206
67	211
67	214
67	219
67	222
67	226
67	229
67	232
67	235
67	239
67	241
67	245
67	247
67	251
67	253
67	256
67	259
67	262
67	265
67	268
67	271
67	274
67	277
67	280
67	283
67	286
67	289
67	292
67	295
67	298
67	301
67	305
67	308
67	311
67	315
67	318
67	322
67	326
67	329
67	334
67	337
67	342
67	346
67	350
67	355
67	359
67	364
67	368
67	373
67	378
67	383
67	388
67	394
67	400
67	407
67	414
67	422
67	432
68	227
68	237
68	245
68	252
68	258
68	263
68	268
68	273
68	277
68	282
68	285
68	290
68	293
68	297
68	301
68	304
68	308
68	312
68	315
68	319
68	322
68	326
68	329
68	333
68	336
68	340
68	343
68	347
68	350
68	354
68	358
68	361
68	365
68	369
68	373
68	377
68	381
68	385
68	389
68	394
68	398
68	404
68	409
68	415
68	422
68	430
68	439
69	301
69	312
69	322
69	331
69	340
69	348
69	356
69	364
69	372
69	380
69	389
69	399
71	183
71	193
71	202
71	211
71	220
71	229
71	238
71	247
71	257
71	268
72	173
72	182
72	189
72	195
72	201
72	206
72	211
72	216
72	220
72	225
72	229
72	234
72	238
72	243
72	247
72	252
72	257
72	262
72	267
72	272
72	278
72	284
72	290
72	297
72	304
72	312
72	321
72	330
72	340
72	351
72	363
72	375
72	388
72	402
73	172
73	181
73	187
73	192
73	197
73	201
73	205
73	209
73	212
73	216
73	219
73	223
73	226
73	229
73	232
73	235
73	238
73	241
73	244
73	247
73	250
73	253
73	256
73	259
73	263
73	266
73	269
73	273
73	276
73	280
73	283
73	287
73	291
73	295
73	299
73	303
73	308
73	312
73	317
73	322
73	327
73	332
73	338
73	344
73	350
73	356
73	362
73	368
73	374
73	380
73	386
73	392
73	398
73	405
73	412
73	419
73	427
73	436
74	182
74	192
74	200
74	207
74	213
74	219
74	224
74	229
74	234
74	239
74	243
74	248
74	252
74	256
74	260
74	264
74	268
74	272
74	276
74	280
74	285
74	289
74	294
74	298
74	303
74	308
74	313
74	318
74	323
74	328
74	333
74	338
74	344
74	349
74	355
74	360
74	366
74	371
74	377
74	382
74	388
74	393
74	399
74	404
74	410
74	416
74	423
74	430
74	439
74	450
-1	-1
