-1	-1
5	382
5	394
5	405
5	415
5	425
5	435
5	446
5	457
5	468
5	479
5	490
5	501
5	512
5	524
5	538
6	361
6	371
6	380
6	389
6	397
6	405
6	413
6	420
6	428
6	436
6	444
6	452
6	460
6	468
6	476
6	484
6	492
6	500
6	508
6	517
6	526
6	535
6	545
6	555
6	566
7	352
7	361
7	369
7	376
7	383
7	389
7	395
7	401
7	407
7	412
7	418
7	423
7	428
7	433
7	438
7	444
7	449
7	455
7	460
7	466
7	471
7	477
7	482
7	488
7	494
7	500
7	506
7	512
7	518
7	525
7	532
7	539
7	546
7	554
7	562
7	571
7	581
8	356
8	365
8	373
8	380
8	387
8	394
8	400
8	406
8	412
8	418
8	424
8	430
8	435
8	441
8	446
8	451
8	456
8	461
8	466
8	471
8	476
8	481
8	486
8	491
8	495
8	500
8	505
8	510
8	515
8	520
8	525
8	530
8	536
8	541
8	547
8	553
8	559
8	566
8	574
8	582
8	592
8	604
9	362
9	373
9	382
9	391
9	399
9	406
9	413
9	420
9	427
9	434
9	441
9	448
9	454
9	460
9	466
9	472
9	477
9	482
9	487
9	492
9	497
9	501
9	506
9	510
9	515
9	519
9	524
9	528
9	533
9	537
9	542
9	546
9	551
9	556
9	561
9	566
9	572
9	578
9	585
9	592
9	600
9	609
10	360
10	370
10	379
10	387
10	394
10	401
10	408
10	414
10	420
10	426
10	432
10	438
10	444
10	450
10	456
10	462
10	468
10	474
10	480
10	486
10	491
10	496
10	501
10	506
10	511
10	515
10	520
10	524
10	529
10	533
10	537
10	542
10	546
10	551
10	555
10	560
10	565
10	570
10	576
10	582
10	588
10	595
10	603
10	612
10	623
11	372
11	383
11	393
11	402
11	410
11	418
11	425
11	432
11	439
11	446
11	453
11	460
11	466
11	472
11	478
11	484
11	490
11	495
11	501
11	506
11	511
11	516
11	520
11	525
11	529
11	533
11	537
11	541
11	545
11	549
11	553
11	557
11	562
11	566
11	571
11	576
11	581
11	587
11	593
11	599
11	606
11	614
11	623
11	634
12	386
12	397
12	407
12	416
12	425
12	434
12	443
12	452
12	461
12	469
12	477
12	484
12	491
12	498
12	504
12	510
12	516
12	521
12	526
12	531
12	536
12	541
12	546
12	550
12	555
12	560
12	565
12	570
12	575
12	580
12	585
12	591
12	597
12	603
12	610
12	617
12	626
12	636
13	416
13	428
13	440
13	451
13	462
13	473
13	483
13	493
13	502
13	510
13	518
13	526
13	533
13	540
13	547
13	554
13	561
13	568
13	575
13	582
13	589
13	597
13	605
13	614
13	624
13	635
14	487
14	499
14	510
14	520
14	530
14	540
14	550
14	560
14	571
14	583
17	390
17	403
17	416
17	520
17	535
17	550
17	565
18	381
18	392
18	403
18	414
18	424
18	434
18	444
18	455
18	466
18	477
18	488
18	499
18	510
18	521
18	532
18	542
18	552
18	562
18	572
18	581
18	590
18	599
18	608
18	618
18	628
18	640
19	369
19	380
19	390
19	399
19	408
19	416
19	424
19	432
19	440
19	448
19	456
19	464
19	472
19	481
19	490
19	499
19	508
19	517
19	526
19	534
19	542
19	550
19	557
19	564
19	571
19	577
19	584
19	590
19	597
19	604
19	611
19	618
19	626
19	635
19	645
20	358
20	368
20	377
20	384
20	391
20	398
20	404
20	411
20	417
20	423
20	429
20	435
20	441
20	447
20	454
20	461
20	468
20	475
20	482
20	489
20	497
20	504
20	511
20	518
20	525
20	532
20	538
20	544
20	550
20	555
20	560
20	565
20	570
20	574
20	579
20	584
20	589
20	594
20	599
20	605
20	610
20	616
20	623
20	631
20	640
20	653
21	352
21	361
21	369
21	375
21	381
21	387
21	392
21	397
21	402
21	407
21	412
21	417
21	421
21	426
21	430
21	435
21	439
21	444
21	448
21	453
21	458
21	463
21	468
21	473
21	478
21	484
21	489
21	495
21	500
21	506
21	511
21	516
21	521
21	526
21	531
21	536
21	541
21	546
21	551
21	556
21	561
21	566
21	571
21	576
21	581
21	587
21	593
21	599
21	606
21	614
21	623
21	634
22	349
22	358
22	365
22	371
22	376
22	381
22	386
22	391
22	395
22	400
22	404
22	409
22	413
22	417
22	421
22	425
22	429
22	433
22	437
22	441
22	445
22	449
22	453
22	457
22	461
22	465
22	469
22	474
22	478
22	483
22	487
22	492
22	496
22	501
22	505
22	509
22	513
22	517
22	521
22	524
22	528
22	531
22	535
22	538
22	542
22	546
22	550
22	554
22	558
22	563
22	567
22	572
22	577
22	583
22	589
22	596
22	604
22	614
23	348
23	357
23	364
23	371
23	376
23	381
23	386
23	391
23	395
23	400
23	404
23	409
23	413
23	418
23	422
23	426
23	430
23	434
23	438
23	442
23	446
23	450
23	454
23	458
23	462
23	465
23	469
23	473
23	476
23	480
23	484
23	487
23	491
23	495
23	498
23	502
23	506
23	509
23	513
23	517
23	520
23	524
23	528
23	532
23	536
23	540
23	544
23	548
23	553
23	558
23	563
23	568
23	575
23	582
23	590
23	599
24	350
24	359
24	367
24	373
24	379
24	384
24	389
24	394
24	399
24	404
24	409
24	414
24	419
24	424
24	429
24	433
24	438
24	442
24	447
24	451
24	455
24	459
24	463
24	467
24	471
24	474
24	478
24	481
24	485
24	488
24	492
24	495
24	499
24	502
24	506
24	509
24	513
24	517
24	521
24	525
24	529
24	534
24	538
24	544
24	549
24	555
24	562
24	569
24	577
24	587
25	352
25	362
25	370
25	377
25	383
25	389
25	395
25	401
25	406
25	412
25	417
25	422
25	427
25	432
25	437
25	442
25	447
25	452
25	457
25	462
25	467
25	472
25	477
25	482
25	486
25	491
25	495
25	500
25	504
25	509
25	514
25	519
25	524
25	530
25	536
25	542
25	549
25	557
25	566
25	577
26	357
26	367
26	375
26	382
26	389
26	395
26	401
26	406
26	411
26	416
26	421
26	426
26	431
26	436
26	441
26	446
26	451
26	456
26	461
26	466
26	471
26	476
26	481
26	486
26	491
26	496
26	501
26	506
26	511
26	517
26	523
26	529
26	536
26	543
26	551
26	560
27	358
27	368
27	376
27	384
27	391
27	398
27	404
27	411
27	417
27	423
27	429
27	435
27	441
27	447
27	453
27	459
27	465
27	471
27	477
27	483
27	489
27	494
27	500
27	506
27	512
27	518
27	525
27	532
27	539
27	547
27	556
27	567
28	360
28	370
28	379
28	387
28	394
28	401
28	407
28	413
28	419
28	425
28	431
28	437
28	443
28	449
28	455
28	461
28	468
28	475
28	482
28	489
28	496
28	504
28	512
28	521
28	531
28	544
29	351
29	360
29	368
29	374
29	380
29	385
29	391
29	396
29	401
29	406
29	411
29	416
29	420
29	425
29	430
29	435
29	440
29	445
29	450
29	455
29	460
29	466
29	471
29	477
29	483
29	489
29	496
29	503
29	511
29	520
29	530
30	349
30	358
30	365
30	371
30	376
30	381
30	386
30	391
30	395
30	400
30	403
30	408
30	411
30	415
30	419
30	422
30	426
30	430
30	433
30	437
30	440
30	444
30	447
30	451
30	455
30	458
30	463
30	466
30	471
30	475
30	480
30	485
30	490
30	496
30	502
30	509
30	516
30	524
30	534
31	350
31	359
31	366
31	372
31	378
31	382
31	387
31	391
31	394
31	398
31	401
31	404
31	408
31	411
31	413
31	417
31	419
31	422
31	424
31	427
31	430
31	432
31	434
31	437
31	439
31	442
31	444
31	446
31	449
31	451
31	454
31	456
31	459
31	461
31	464
31	467
31	469
31	473
31	475
31	479
31	482
31	486
31	489
31	493
31	497
31	501
31	506
31	511
31	517
31	523
31	530
31	538
31	548
32	348
32	356
32	362
32	368
32	373
32	378
32	382
32	386
32	390
32	393
32	397
32	400
32	403
32	406
32	409
32	412
32	414
32	418
32	420
32	423
32	425
32	428
32	431
32	433
32	436
32	438
32	441
32	443
32	446
32	448
32	451
32	454
32	456
32	459
32	462
32	465
32	468
32	471
32	474
32	477
32	481
32	484
32	488
32	492
32	496
32	501
32	506
32	511
32	517
32	524
32	531
32	539
32	549
33	348
33	356
33	362
33	368
33	373
33	378
33	383
33	388
33	393
33	397
33	402
33	406
33	411
33	415
33	420
33	424
33	429
33	433
33	438
33	442
33	447
33	451
33	455
33	459
33	463
33	467
33	471
33	476
33	480
33	485
33	489
33	495
33	500
33	506
33	512
33	519
33	527
33	536
33	547
34	353
34	363
34	371
34	379
34	385
34	391
34	397
34	402
34	407
34	412
34	416
34	421
34	425
34	429
34	433
34	437
34	441
34	444
34	448
34	451
34	454
34	457
34	460
34	463
34	466
34	469
34	472
34	475
34	478
34	481
34	484
34	487
34	490
34	494
34	497
34	500
34	504
34	508
34	512
34	517
34	521
34	527
34	532
34	538
34	545
34	553
34	563
35	358
35	367
35	375
35	382
35	388
35	394
35	399
35	404
35	409
35	413
35	418
35	422
35	426
35	430
35	434
35	438
35	442
35	445
35	449
35	452
35	455
35	458
35	461
35	463
35	466
35	469
35	471
35	474
35	476
35	479
35	482
35	484
35	487
35	490
35	493
35	496
35	498
35	502
35	505
35	508
35	512
35	515
35	519
35	523
35	527
35	532
35	537
35	543
35	549
35	556
35	565
35	575
36	357
36	366
36	374
36	382
36	389
36	396
36	403
36	410
36	417
36	425
36	433
36	441
36	449
36	456
36	463
36	469
36	475
36	481
36	487
36	493
36	499
36	505
36	512
36	519
36	527
36	536
36	546
37	362
37	373
37	383
37	392
37	401
37	409
37	417
37	425
37	433
37	441
37	448
37	455
37	462
37	469
37	475
37	481
37	487
37	493
37	499
37	505
37	512
37	519
37	527
37	536
37	546
38	367
38	378
38	388
38	397
38	405
38	413
38	421
38	428
38	435
38	442
38	449
38	455
38	461
38	467
38	472
38	477
38	482
38	486
38	491
38	495
38	499
38	504
38	508
38	513
38	518
38	523
38	528
38	534
38	540
38	547
38	555
38	564
38	575
39	367
39	378
39	388
39	398
39	408
39	418
39	429
39	440
39	451
39	462
39	471
39	479
39	485
39	491
39	497
39	502
39	508
39	514
39	520
39	526
39	533
39	540
39	548
39	557
39	568
40	397
40	480
40	491
40	501
40	511
40	521
40	532
41	396
41	408
41	419
41	430
41	441
41	452
41	463
41	474
41	484
41	493
41	501
41	509
41	517
41	525
41	533
41	542
41	552
41	564
42	469
42	480
42	490
42	499
42	506
42	512
42	518
42	524
42	530
42	536
42	543
42	550
42	558
42	567
42	577
43	498
43	508
43	517
43	525
43	533
43	541
43	550
43	560
43	571
44	508
44	519
44	529
44	539
44	549
44	559
44	571
45	391
45	403
45	414
45	425
45	437
45	450
45	463
45	475
45	486
45	496
45	505
45	513
45	520
45	527
45	533
45	539
45	545
45	551
45	557
45	564
45	571
45	579
45	588
45	598
46	402
46	415
46	429
46	469
46	481
46	491
46	500
46	508
46	515
46	521
46	526
46	531
46	536
46	541
46	545
46	550
46	555
46	560
46	565
46	570
46	576
46	582
46	588
46	595
46	603
46	612
46	622
47	500
47	511
47	520
47	528
47	535
47	542
47	549
47	555
47	562
47	569
47	576
47	584
47	592
47	601
47	611
47	625
48	442
48	454
48	466
48	477
48	488
48	499
48	511
48	522
48	533
48	544
48	554
48	564
48	574
48	584
48	594
48	605
49	382
49	393
49	403
49	412
49	421
49	430
49	438
49	446
49	454
49	462
49	469
49	476
49	483
49	490
49	497
49	504
49	511
49	518
49	525
49	532
49	539
49	546
49	553
49	559
49	565
49	571
49	577
49	583
49	589
49	595
49	602
49	609
49	617
49	626
49	636
50	372
50	383
50	393
50	402
50	410
50	418
50	426
50	433
50	440
50	447
50	454
50	461
50	468
50	475
50	482
50	489
50	495
50	501
50	507
50	513
50	519
50	525
50	531
50	536
50	541
50	546
50	551
50	555
50	560
50	564
50	568
50	572
50	576
50	580
50	585
50	589
50	594
50	598
50	603
50	608
50	614
50	620
50	627
50	634
50	642
50	652
51	456
51	469
51	481
51	492
51	503
51	513
51	523
51	532
51	540
51	548
51	554
51	560
51	566
51	572
51	577
51	583
51	588
51	594
51	600
51	606
51	613
51	621
51	630
51	640
52	470
52	482
52	493
52	503
52	513
52	523
52	533
52	542
52	551
52	560
52	569
52	578
52	587
52	596
52	605
52	615
52	627
53	417
53	429
53	440
53	450
53	459
53	468
53	476
53	483
53	490
53	497
53	504
53	510
53	516
53	522
53	528
53	534
53	540
53	546
53	552
53	558
53	564
53	570
53	576
53	582
53	588
53	594
53	600
53	606
53	613
53	620
53	628
53	637
53	647
54	373
54	384
54	394
54	403
54	412
54	420
54	428
54	436
54	443
54	450
54	456
54	462
54	468
54	473
54	478
54	483
54	487
54	492
54	496
54	500
54	504
54	508
54	512
54	515
54	519
54	522
54	526
54	529
54	533
54	536
54	540
54	543
54	547
54	550
54	554
54	557
54	561
54	564
54	568
54	571
54	575
54	578
54	582
54	585
54	589
54	592
54	596
54	599
54	603
54	606
54	610
54	614
54	618
54	622
54	627
54	631
54	637
54	642
54	648
54	655
54	663
54	672
54	683
55	362
55	372
55	381
55	390
55	398
55	406
55	414
55	422
55	430
55	438
55	445
55	452
55	459
55	465
55	471
55	475
55	480
55	483
55	488
55	491
55	494
55	498
55	501
55	503
55	507
55	509
55	512
55	514
55	517
55	520
55	522
55	524
55	527
55	529
55	532
55	533
55	536
55	538
55	541
55	542
55	545
55	547
55	549
55	552
55	553
55	556
55	558
55	560
55	562
55	565
55	567
55	569
55	571
55	574
55	575
55	578
55	580
55	582
55	584
55	587
55	588
55	591
55	593
55	595
55	597
55	599
55	602
55	604
55	606
55	608
55	611
55	613
55	616
55	618
55	621
55	624
55	627
55	629
55	633
55	636
55	639
55	644
55	647
55	652
55	657
55	662
55	668
55	675
55	683
55	692
56	359
56	369
56	378
56	387
56	396
56	405
56	414
56	423
56	432
56	441
56	450
56	459
56	468
56	476
56	483
56	490
56	495
56	501
56	504
56	509
56	512
56	516
56	520
56	523
56	526
56	530
56	532
56	536
56	538
56	541
56	544
56	547
56	550
56	552
56	555
56	558
56	560
56	563
56	566
56	568
56	571
56	574
56	576
56	579
56	582
56	585
56	587
56	590
56	593
56	596
56	599
56	602
56	605
56	608
56	611
56	615
56	618
56	622
56	626
56	630
56	635
56	639
56	645
56	650
56	656
56	663
56	671
56	680
57	360
57	371
57	381
57	390
57	398
57	406
57	414
57	422
57	430
57	438
57	445
57	452
57	460
57	468
57	476
57	484
57	493
57	502
57	512
57	522
57	532
57	543
57	554
57	566
58	357
58	367
58	375
58	382
58	389
58	395
58	401
58	407
58	412
58	417
58	422
58	427
58	432
58	437
58	442
58	446
58	451
58	455
58	460
58	464
58	469
58	473
58	478
58	483
58	488
58	493
58	498
58	504
58	510
58	516
58	522
58	529
58	536
58	543
58	550
58	558
58	566
58	574
58	582
58	590
58	599
58	608
58	618
59	352
59	361
59	369
59	374
59	380
59	384
59	389
59	392
59	396
59	400
59	403
59	407
59	410
59	413
59	416
59	419
59	422
59	425
59	428
59	431
59	433
59	436
59	439
59	441
59	444
59	446
59	449
59	451
59	454
59	456
59	459
59	461
59	464
59	466
59	469
59	471
59	474
59	476
59	479
59	481
59	484
59	486
59	489
59	492
59	494
59	497
59	500
59	503
59	506
59	509
59	512
59	515
59	518
59	521
59	525
59	528
59	531
59	535
59	538
59	542
59	545
59	549
59	553
59	557
59	561
59	565
59	569
59	573
59	577
59	581
59	585
59	589
59	594
59	598
59	603
59	608
59	613
59	618
59	624
59	631
59	638
59	647
59	657
60	350
60	359
60	364
60	370
60	373
60	378
60	381
60	383
60	387
60	390
60	392
60	394
60	397
60	399
60	402
60	403
60	405
60	408
60	410
60	412
60	413
60	415
60	417
60	419
60	421
60	422
60	424
60	426
60	428
60	429
60	431
60	432
60	434
60	436
60	437
60	439
60	440
60	442
60	443
60	445
60	446
60	448
60	449
60	451
60	452
60	454
60	455
60	457
60	458
60	460
60	461
60	462
60	464
60	465
60	467
60	468
60	470
60	471
60	472
60	474
60	475
60	477
60	478
60	480
60	481
60	483
60	484
60	485
60	487
60	489
60	490
60	491
60	493
60	495
60	496
60	497
60	499
60	501
60	502
60	504
60	505
60	507
60	509
60	510
60	512
60	514
60	515
60	517
60	519
60	520
60	522
60	524
60	526
60	527
60	529
60	531
60	533
60	535
60	536
60	538
60	540
60	542
60	544
60	546
60	548
60	550
60	552
60	554
60	556
60	558
60	560
60	562
60	564
60	566
60	568
60	570
60	572
60	574
60	576
60	578
60	580
60	583
60	584
60	587
60	589
60	591
60	594
60	596
60	598
60	600
60	603
60	605
60	608
60	610
60	613
60	616
60	618
60	622
60	625
60	628
60	632
60	636
60	640
60	645
60	650
60	656
60	663
60	671
60	680
61	349
61	357
61	362
61	366
61	371
61	372
61	376
61	379
61	382
61	383
61	386
61	389
61	391
61	392
61	394
61	397
61	399
61	400
61	402
61	404
61	406
61	407
61	409
61	411
61	412
61	414
61	416
61	417
61	419
61	421
61	422
61	423
61	425
61	427
61	428
61	430
61	431
61	432
61	434
61	436
61	437
61	438
61	440
61	442
61	443
61	444
61	446
61	447
61	449
61	450
61	452
61	453
61	454
61	456
61	457
61	459
61	460
61	461
61	463
61	464
61	466
61	467
61	468
61	470
61	471
61	472
61	474
61	475
61	477
61	478
61	479
61	481
61	482
61	483
61	485
61	486
61	487
61	489
61	490
61	491
61	493
61	494
61	496
61	497
61	498
61	500
61	501
61	503
61	504
61	505
61	507
61	508
61	510
61	511
61	512
61	514
61	515
61	517
61	518
61	519
61	521
61	522
61	524
61	525
61	527
61	528
61	529
61	531
61	532
61	534
61	535
61	537
61	538
61	539
61	541
61	543
61	544
61	545
61	547
61	548
61	550
61	551
61	553
61	554
61	556
61	557
61	559
61	560
61	562
61	563
61	565
61	566
61	568
61	569
61	571
61	572
61	574
61	575
61	577
61	578
61	580
61	581
61	583
61	585
61	586
61	588
61	589
61	591
61	593
61	594
61	596
61	598
61	599
61	601
61	603
61	605
61	607
61	608
61	610
61	613
61	615
61	617
61	619
61	622
61	624
61	627
61	629
61	632
61	635
61	638
61	641
61	645
61	648
61	653
61	657
61	663
61	668
61	675
61	683
61	693
62	351
62	360
62	364
62	370
62	373
62	378
62	381
62	385
62	389
62	392
62	396
62	400
62	404
62	408
62	412
62	416
62	420
62	425
62	429
62	434
62	439
62	444
62	450
62	456
62	462
62	468
62	474
62	480
62	485
62	490
62	495
62	500
62	504
62	509
62	513
62	517
62	521
62	525
62	529
62	532
62	536
62	539
62	543
62	546
62	549
62	552
62	555
62	558
62	561
62	564
62	567
62	570
62	573
62	576
62	579
62	583
62	586
62	589
62	593
62	597
62	601
62	605
62	610
62	615
62	620
62	626
62	633
62	640
62	649
64	372
64	384
64	395
64	406
64	417
64	428
64	439
64	450
64	461
64	474
65	360
65	370
65	379
65	387
65	394
65	401
65	407
65	413
65	419
65	425
65	431
65	436
65	442
65	447
65	453
65	458
65	464
65	470
65	476
65	482
65	488
65	495
65	502
65	509
65	516
65	523
65	531
65	539
65	547
65	555
65	563
65	571
65	579
65	587
65	595
65	603
65	612
65	621
65	632
66	360
66	369
66	376
66	382
66	388
66	392
66	397
66	401
66	405
66	409
66	412
66	416
66	419
66	423
66	426
66	429
66	432
66	435
66	438
66	441
66	444
66	447
66	450
66	453
66	456
66	459
66	462
66	465
66	468
66	471
66	474
66	477
66	480
66	484
66	486
66	490
66	493
66	497
66	500
66	504
66	507
66	511
66	514
66	518
66	522
66	525
66	529
66	533
66	537
66	541
66	545
66	549
66	553
66	557
66	561
66	565
66	569
66	573
66	577
66	581
66	585
66	589
66	593
66	597
66	601
66	605
66	609
66	614
66	618
66	623
66	628
66	634
66	640
66	647
66	655
66	665
67	359
67	368
67	374
67	380
67	384
67	389
67	393
67	397
67	401
67	404
67	408
67	411
67	414
67	418
67	420
67	424
67	426
67	430
67	432
67	435
67	438
67	441
67	443
67	447
67	449
67	452
67	455
67	458
67	460
67	463
67	466
67	469
67	471
67	475
67	477
67	480
67	483
67	486
67	489
67	492
67	495
67	498
67	501
67	504
67	507
67	510
67	513
67	516
67	519
67	522
67	525
67	528
67	531
67	534
67	537
67	540
67	543
67	546
67	549
67	552
67	555
67	558
67	561
67	564
67	567
67	570
67	573
67	576
67	579
67	582
67	585
67	588
67	591
67	594
67	597
67	600
67	604
67	607
67	610
67	614
67	617
67	621
67	625
67	629
67	634
67	638
67	644
67	649
67	656
67	663
67	672
68	369
68	380
68	390
68	399
68	408
68	417
68	426
68	435
68	444
68	454
68	464
68	474
68	484
68	494
68	504
68	513
68	522
68	531
68	539
68	547
68	555
68	563
68	570
68	577
68	585
68	593
68	601
68	609
68	618
68	628
71	437
71	450
71	463
72	376
72	386
72	394
72	402
72	409
72	416
72	422
72	428
72	434
72	440
72	446
72	452
72	458
72	464
72	470
72	476
72	482
72	488
72	494
72	500
72	506
72	513
72	519
72	526
72	533
72	540
72	547
72	554
72	561
72	568
72	576
72	584
72	592
72	600
72	608
72	616
72	624
72	632
72	641
72	650
72	660
73	366
73	375
73	382
73	389
73	394
73	400
73	405
73	410
73	414
73	419
73	423
73	428
73	432
73	436
73	440
73	444
73	448
73	452
73	456
73	460
73	464
73	468
73	472
73	476
73	480
73	484
73	488
73	492
73	496
73	500
73	504
73	508
73	512
73	517
73	521
73	526
73	530
73	535
73	539
73	544
73	548
73	553
73	557
73	562
73	567
73	572
73	577
73	582
73	587
73	592
73	597
73	602
73	607
73	612
73	617
73	622
73	627
73	632
73	638
73	644
73	650
73	657
73	664
73	672
73	682
74	369
74	379
74	388
74	396
74	403
74	410
74	417
74	423
74	430
74	436
74	442
74	448
74	454
74	460
74	466
74	472
74	478
74	484
74	490
74	496
74	502
74	508
74	514
74	520
74	526
74	532
74	538
74	544
74	551
74	557
74	564
74	571
74	578
74	585
74	592
74	599
74	606
74	613
74	620
74	627
74	634
74	642
74	650
74	659
-1	-1
