-1	-1
4	210
4	222
4	234
4	245
4	256
4	268
4	282
5	179
5	190
5	200
5	210
5	219
5	228
5	237
5	246
5	255
5	264
5	273
5	282
5	291
5	301
5	311
5	321
5	331
5	342
5	353
5	365
5	410
5	424
6	167
6	177
6	186
6	194
6	202
6	209
6	216
6	223
6	230
6	236
6	242
6	248
6	254
6	260
6	266
6	273
6	279
6	286
6	293
6	300
6	307
6	314
6	322
6	330
6	338
6	346
6	355
6	364
6	373
6	383
6	393
6	403
6	413
6	423
6	434
7	161
7	171
7	179
7	186
7	193
7	199
7	204
7	210
7	215
7	220
7	225
7	230
7	234
7	239
7	243
7	248
7	252
7	256
7	261
7	265
7	270
7	274
7	279
7	283
7	288
7	293
7	298
7	303
7	308
7	313
7	318
7	324
7	329
7	335
7	341
7	347
7	353
7	359
7	366
7	373
7	380
7	387
7	394
7	402
7	410
7	418
7	426
7	435
7	445
7	456
8	159
8	168
8	175
8	181
8	187
8	192
8	197
8	202
8	206
8	211
8	214
8	219
8	222
8	226
8	230
8	233
8	237
8	240
8	244
8	247
8	251
8	254
8	257
8	261
8	264
8	267
8	271
8	274
8	277
8	281
8	284
8	288
8	291
8	295
8	298
8	302
8	306
8	309
8	313
8	317
8	321
8	325
8	329
8	333
8	337
8	341
8	346
8	350
8	355
8	359
8	364
8	368
8	373
8	378
8	383
8	388
8	393
8	398
8	403
8	408
8	414
8	420
8	426
8	433
8	440
8	448
8	457
8	466
8	476
9	157
9	166
9	173
9	180
9	186
9	192
9	198
9	203
9	209
9	214
9	219
9	224
9	229
9	233
9	238
9	242
9	247
9	251
9	255
9	259
9	263
9	267
9	271
9	275
9	279
9	282
9	286
9	290
9	293
9	297
9	300
9	304
9	307
9	311
9	314
9	318
9	321
9	325
9	328
9	332
9	335
9	339
9	342
9	346
9	349
9	353
9	356
9	360
9	363
9	367
9	370
9	374
9	377
9	381
9	385
9	388
9	392
9	396
9	400
9	404
9	408
9	412
9	417
9	421
9	426
9	431
9	436
9	442
9	448
9	455
9	463
9	472
9	482
10	162
10	172
10	181
10	190
10	199
10	207
10	215
10	223
10	231
10	238
10	245
10	252
10	259
10	265
10	271
10	276
10	281
10	286
10	291
10	295
10	300
10	304
10	309
10	313
10	317
10	321
10	325
10	329
10	333
10	336
10	340
10	344
10	347
10	351
10	354
10	358
10	361
10	365
10	368
10	372
10	375
10	379
10	383
10	386
10	390
10	394
10	398
10	402
10	406
10	410
10	414
10	418
10	423
10	427
10	432
10	437
10	443
10	449
10	456
10	464
10	473
10	484
11	173
11	184
11	194
11	203
11	212
11	220
11	228
11	235
11	242
11	249
11	256
11	262
11	269
11	275
11	281
11	287
11	293
11	299
11	305
11	311
11	317
11	323
11	328
11	333
11	338
11	343
11	347
11	352
11	356
11	360
11	364
11	368
11	372
11	376
11	380
11	384
11	388
11	393
11	397
11	402
11	406
11	411
11	416
11	421
11	427
11	433
11	439
11	446
11	453
11	461
11	470
11	480
12	196
12	207
12	217
12	226
12	234
12	242
12	250
12	257
12	264
12	271
12	278
12	285
12	292
12	299
12	306
12	313
12	320
12	327
12	334
12	341
12	347
12	353
12	359
12	366
12	373
12	380
12	387
12	395
12	403
12	412
12	421
12	431
12	441
12	452
12	465
13	210
13	222
13	233
13	243
13	253
13	262
13	271
13	280
13	289
13	298
13	307
13	316
13	325
13	334
13	343
13	352
13	362
13	373
14	259
14	272
14	284
14	296
14	308
14	320
14	333
15	279
15	291
15	303
15	315
15	328
16	229
16	241
16	252
16	263
16	274
16	285
16	296
16	307
16	319
16	332
17	206
17	217
17	228
17	238
17	248
17	258
17	268
17	278
17	288
17	298
17	309
17	320
17	331
17	342
17	353
17	365
17	378
17	391
17	404
17	416
17	427
17	438
17	449
17	460
17	472
18	180
18	191
18	201
18	210
18	219
18	227
18	235
18	243
18	251
18	259
18	267
18	275
18	283
18	291
18	299
18	307
18	316
18	325
18	333
18	341
18	349
18	357
18	365
18	373
18	381
18	389
18	397
18	405
18	413
18	421
18	429
18	437
18	446
18	455
18	465
18	476
19	177
19	188
19	197
19	206
19	214
19	222
19	230
19	237
19	244
19	251
19	258
19	265
19	272
19	279
19	287
19	295
19	303
19	311
19	319
19	327
19	334
19	341
19	348
19	355
19	361
19	367
19	373
19	379
19	385
19	391
19	397
19	403
19	409
19	415
19	422
19	429
19	436
19	444
19	453
19	463
19	475
20	166
20	175
20	183
20	190
20	197
20	203
20	209
20	215
20	221
20	227
20	233
20	238
20	244
20	250
20	256
20	262
20	268
20	274
20	280
20	286
20	292
20	298
20	304
20	310
20	316
20	322
20	328
20	333
20	339
20	343
20	348
20	352
20	356
20	361
20	364
20	369
20	372
20	376
20	380
20	384
20	388
20	392
20	396
20	400
20	405
20	409
20	414
20	418
20	424
20	429
20	435
20	441
20	448
20	456
20	465
21	159
21	168
21	175
21	182
21	188
21	193
21	198
21	203
21	208
21	213
21	217
21	222
21	226
21	231
21	235
21	239
21	243
21	247
21	251
21	255
21	259
21	263
21	267
21	271
21	275
21	279
21	283
21	287
21	291
21	295
21	299
21	303
21	307
21	311
21	315
21	319
21	323
21	327
21	331
21	334
21	338
21	342
21	345
21	349
21	352
21	356
21	359
21	363
21	366
21	370
21	373
21	377
21	381
21	385
21	389
21	393
21	398
21	402
21	407
21	412
21	418
21	424
21	431
21	439
21	448
22	158
22	167
22	174
22	180
22	185
22	191
22	195
22	200
22	204
22	209
22	212
22	217
22	220
22	224
22	228
22	231
22	235
22	238
22	241
22	244
22	248
22	250
22	254
22	256
22	260
22	262
22	265
22	268
22	271
22	274
22	277
22	280
22	282
22	286
22	288
22	291
22	294
22	296
22	299
22	302
22	304
22	307
22	310
22	312
22	315
22	317
22	320
22	323
22	325
22	328
22	331
22	333
22	336
22	339
22	342
22	345
22	348
22	351
22	354
22	357
22	361
22	364
22	368
22	372
22	376
22	380
22	385
22	390
22	396
22	402
22	409
22	417
22	426
22	437
23	159
23	168
23	175
23	182
23	188
23	193
23	198
23	203
23	207
23	212
23	215
23	220
23	223
23	227
23	231
23	233
23	237
23	240
23	243
23	246
23	249
23	252
23	255
23	258
23	261
23	263
23	266
23	269
23	271
23	274
23	277
23	279
23	282
23	285
23	287
23	290
23	293
23	295
23	298
23	300
23	303
23	305
23	308
23	310
23	313
23	315
23	317
23	320
23	322
23	324
23	327
23	329
23	332
23	334
23	337
23	339
23	342
23	345
23	347
23	350
23	354
23	356
23	360
23	363
23	367
23	370
23	375
23	378
23	384
23	388
23	394
23	400
23	407
23	415
23	425
24	162
24	172
24	180
24	187
24	193
24	199
24	204
24	210
24	215
24	220
24	224
24	229
24	233
24	238
24	242
24	246
24	250
24	254
24	258
24	262
24	266
24	270
24	274
24	278
24	281
24	285
24	289
24	292
24	296
24	300
24	303
24	307
24	311
24	315
24	319
24	323
24	327
24	331
24	335
24	339
24	344
24	348
24	354
24	359
24	365
24	371
24	378
24	386
24	395
24	406
25	166
25	175
25	183
25	190
25	196
25	202
25	207
25	212
25	217
25	221
25	226
25	230
25	234
25	238
25	242
25	246
25	250
25	254
25	258
25	262
25	265
25	269
25	273
25	276
25	280
25	284
25	287
25	291
25	294
25	298
25	302
25	305
25	309
25	313
25	317
25	321
25	325
25	329
25	334
25	338
25	343
25	348
25	353
25	359
25	365
25	372
25	379
25	388
25	398
26	167
26	176
26	184
26	191
26	197
26	203
26	208
26	213
26	218
26	223
26	228
26	233
26	238
26	243
26	247
26	252
26	256
26	261
26	265
26	270
26	274
26	279
26	284
26	289
26	294
26	299
26	304
26	309
26	315
26	320
26	326
26	332
26	338
26	345
26	352
26	360
26	369
26	380
27	167
27	177
27	185
27	192
27	199
27	205
27	211
27	217
27	222
27	228
27	233
27	238
27	243
27	248
27	253
27	258
27	263
27	268
27	273
27	278
27	284
27	289
27	295
27	301
27	307
27	314
27	321
27	328
27	336
27	345
27	355
27	366
28	162
28	172
28	180
28	187
28	193
28	199
28	204
28	210
28	215
28	220
28	225
28	230
28	235
28	240
28	245
28	250
28	255
28	260
28	265
28	270
28	276
28	281
28	287
28	293
28	299
28	306
28	313
28	320
28	328
28	337
28	346
28	357
29	158
29	166
29	172
29	178
29	183
29	188
29	193
29	197
29	202
29	206
29	210
29	214
29	218
29	222
29	226
29	230
29	234
29	238
29	242
29	246
29	250
29	255
29	259
29	264
29	268
29	273
29	278
29	283
29	288
29	294
29	300
29	306
29	313
29	320
29	328
29	337
29	347
30	151
30	160
30	166
30	171
30	175
30	180
30	183
30	187
30	191
30	194
30	198
30	201
30	204
30	207
30	210
30	213
30	216
30	219
30	222
30	224
30	227
30	230
30	232
30	235
30	238
30	240
30	243
30	246
30	248
30	251
30	254
30	256
30	259
30	262
30	265
30	267
30	271
30	273
30	277
30	279
30	283
30	286
30	289
30	293
30	296
30	300
30	304
30	308
30	313
30	317
30	322
30	327
30	333
30	339
30	346
30	354
30	363
30	374
31	149
31	157
31	163
31	168
31	172
31	177
31	181
31	184
31	188
31	191
31	194
31	198
31	201
31	203
31	207
31	209
31	212
31	214
31	217
31	220
31	222
31	224
31	227
31	229
31	232
31	234
31	236
31	239
31	241
31	243
31	246
31	248
31	250
31	253
31	255
31	258
31	260
31	263
31	265
31	268
31	270
31	274
31	276
31	279
31	282
31	285
31	288
31	292
31	295
31	299
31	303
31	307
31	311
31	316
31	321
31	326
31	332
31	338
31	345
31	353
31	362
31	374
32	151
32	160
32	166
32	172
32	176
32	181
32	185
32	190
32	193
32	198
32	201
32	206
32	209
32	214
32	217
32	222
32	225
32	230
32	233
32	238
32	242
32	246
32	250
32	254
32	258
32	262
32	266
32	270
32	275
32	279
32	284
32	288
32	293
32	298
32	303
32	309
32	315
32	322
32	329
32	337
32	346
33	160
33	169
33	176
33	182
33	188
33	193
33	199
33	204
33	209
33	214
33	219
33	224
33	228
33	233
33	237
33	241
33	245
33	249
33	253
33	256
33	260
33	263
33	267
33	270
33	274
33	277
33	281
33	284
33	288
33	291
33	295
33	298
33	302
33	306
33	310
33	315
33	319
33	324
33	329
33	335
33	341
33	348
33	356
33	365
33	376
34	169
34	179
34	187
34	194
34	200
34	206
34	211
34	216
34	221
34	225
34	230
34	234
34	238
34	242
34	245
34	249
34	252
34	256
34	259
34	262
34	265
34	268
34	271
34	274
34	277
34	280
34	283
34	286
34	289
34	293
34	296
34	299
34	303
34	306
34	310
34	314
34	318
34	322
34	327
34	332
34	337
34	343
34	349
34	356
34	364
34	374
35	170
35	180
35	189
35	197
35	204
35	211
35	218
35	225
35	232
35	239
35	246
35	253
35	260
35	267
35	273
35	279
35	285
35	291
35	297
35	303
35	309
35	315
35	322
35	329
35	336
35	344
35	353
35	364
36	172
36	183
36	193
36	202
36	211
36	220
36	229
36	238
36	246
36	254
36	261
36	268
36	274
36	280
36	285
36	290
36	295
36	300
36	304
36	309
36	313
36	318
36	322
36	327
36	332
36	337
36	343
36	349
36	356
36	364
36	373
36	384
37	196
37	207
37	217
37	226
37	234
37	241
37	248
37	254
37	260
37	265
37	270
37	275
37	280
37	284
37	288
37	292
37	295
37	299
37	302
37	306
37	309
37	313
37	316
37	320
37	323
37	327
37	331
37	335
37	339
37	344
37	348
37	354
37	359
37	365
37	372
37	380
37	389
38	199
38	210
38	221
38	231
38	241
38	250
38	259
38	267
38	275
38	282
38	289
38	295
38	301
38	307
38	313
38	319
38	325
38	332
38	339
38	347
38	355
38	365
38	377
39	268
39	279
39	289
39	298
39	306
39	314
39	322
39	329
39	337
39	345
39	354
39	364
40	242
40	253
40	263
40	272
40	280
40	288
40	295
40	301
40	307
40	312
40	317
40	322
40	326
40	331
40	336
40	341
40	346
40	351
40	357
40	363
40	370
40	378
40	387
40	398
41	247
41	258
41	268
41	277
41	285
41	292
41	298
41	304
41	309
41	314
41	319
41	323
41	328
41	332
41	337
41	341
41	346
41	351
41	356
41	362
41	368
41	375
41	383
41	392
41	402
42	311
42	322
42	332
42	342
42	352
42	363
43	318
43	329
43	339
43	349
43	359
43	369
44	226
44	238
44	250
44	262
44	273
44	284
44	295
44	306
44	316
44	325
44	333
44	340
44	347
44	353
44	360
44	367
44	374
44	382
44	391
44	401
45	212
45	224
45	236
45	248
45	260
45	272
45	284
45	295
45	306
45	316
45	325
45	333
45	340
45	346
45	352
45	358
45	364
45	370
45	377
45	384
45	392
45	401
45	411
46	326
46	337
46	347
46	357
46	367
46	377
46	388
47	271
47	283
47	294
47	304
47	314
47	324
47	333
47	342
47	351
47	359
47	367
47	375
47	383
47	391
47	400
47	410
47	421
48	229
48	240
48	250
48	259
48	268
48	276
48	284
48	291
48	298
48	305
48	312
48	319
48	325
48	331
48	337
48	343
48	348
48	353
48	358
48	363
48	368
48	373
48	377
48	382
48	387
48	392
48	397
48	403
48	408
48	414
48	421
48	428
48	436
48	445
48	454
48	464
49	207
49	218
49	228
49	237
49	245
49	253
49	260
49	267
49	273
49	279
49	285
49	291
49	297
49	303
49	309
49	314
49	320
49	325
49	330
49	335
49	340
49	344
49	349
49	352
49	357
49	360
49	364
49	368
49	371
49	375
49	378
49	382
49	386
49	389
49	394
49	397
49	402
49	406
49	411
49	416
49	421
49	427
49	433
49	440
49	447
49	455
49	464
49	474
50	206
50	217
50	227
50	237
50	247
50	257
50	267
50	276
50	285
50	294
50	304
50	314
50	323
50	332
50	340
50	348
50	355
50	362
50	369
50	375
50	382
50	388
50	395
50	402
50	409
50	417
50	425
50	433
50	442
50	452
50	463
51	286
51	298
51	309
51	319
51	329
51	339
51	349
51	358
51	367
51	376
51	385
51	394
51	403
51	411
51	419
51	427
51	435
51	443
51	451
51	460
51	470
51	482
52	249
52	260
52	270
52	279
52	288
52	296
52	303
52	310
52	317
52	323
52	329
52	335
52	341
52	347
52	353
52	359
52	365
52	371
52	377
52	383
52	388
52	394
52	399
52	404
52	409
52	414
52	419
52	424
52	429
52	434
52	439
52	444
52	449
52	454
52	459
52	465
52	471
52	477
52	484
52	492
52	501
52	512
53	211
53	222
53	232
53	241
53	250
53	258
53	265
53	272
53	278
53	284
53	289
53	294
53	299
53	303
53	308
53	312
53	316
53	320
53	324
53	327
53	331
53	334
53	338
53	341
53	345
53	348
53	352
53	355
53	359
53	362
53	365
53	369
53	372
53	375
53	379
53	381
53	385
53	388
53	391
53	394
53	397
53	400
53	403
53	406
53	409
53	412
53	414
53	418
53	420
53	423
53	426
53	429
53	431
53	434
53	437
53	440
53	443
53	446
53	449
53	452
53	455
53	458
53	462
53	465
53	469
53	473
53	477
53	481
53	486
53	491
53	497
53	503
53	510
53	518
53	528
54	196
54	206
54	215
54	223
54	231
54	238
54	245
54	252
54	258
54	264
54	270
54	275
54	280
54	284
54	289
54	293
54	297
54	301
54	304
54	308
54	311
54	314
54	317
54	320
54	322
54	325
54	328
54	330
54	333
54	335
54	338
54	340
54	343
54	345
54	347
54	350
54	352
54	354
54	357
54	359
54	361
54	363
54	366
54	368
54	370
54	372
54	375
54	376
54	379
54	381
54	383
54	385
54	387
54	390
54	391
54	394
54	396
54	398
54	400
54	402
54	404
54	406
54	408
54	410
54	412
54	414
54	416
54	418
54	420
54	423
54	424
54	427
54	429
54	431
54	434
54	436
54	438
54	441
54	444
54	446
54	449
54	452
54	455
54	457
54	461
54	464
54	467
54	471
54	475
54	479
54	484
54	488
54	494
54	500
54	507
54	515
54	524
54	535
55	189
55	200
55	210
55	220
55	229
55	238
55	247
55	256
55	265
55	273
55	281
55	289
55	296
55	303
55	309
55	315
55	320
55	325
55	330
55	334
55	339
55	343
55	347
55	351
55	355
55	359
55	363
55	367
55	371
55	375
55	379
55	383
55	387
55	391
55	395
55	399
55	403
55	407
55	412
55	416
55	421
55	426
55	431
55	437
55	443
55	450
55	457
55	465
55	474
55	484
56	186
56	197
56	207
56	217
56	227
56	237
56	246
56	255
56	264
56	273
56	282
56	292
56	302
56	312
56	323
56	335
56	349
57	168
57	178
57	187
57	195
57	203
57	210
57	217
57	224
57	231
57	238
57	244
57	250
57	256
57	262
57	268
57	274
57	280
57	286
57	292
57	298
57	304
57	310
57	316
57	323
57	330
57	337
57	344
57	351
57	358
57	365
57	373
57	381
57	389
57	397
57	405
57	413
57	421
57	429
57	437
57	445
57	453
57	461
57	469
57	478
57	488
58	160
58	169
58	177
58	184
58	190
58	196
58	201
58	206
58	211
58	215
58	220
58	224
58	228
58	232
58	236
58	240
58	243
58	247
58	251
58	254
58	258
58	261
58	265
58	268
58	272
58	275
58	278
58	282
58	285
58	288
58	292
58	295
58	298
58	302
58	305
58	308
58	312
58	315
58	319
58	322
58	326
58	329
58	333
58	336
58	340
58	344
58	347
58	351
58	355
58	358
58	362
58	366
58	370
58	374
58	378
58	382
58	386
58	390
58	394
58	398
58	402
58	406
58	410
58	414
58	418
58	422
58	426
58	430
58	434
58	438
58	442
58	446
58	450
58	454
58	458
58	463
58	468
58	473
58	478
58	485
58	492
58	500
58	509
59	162
59	171
59	179
59	184
59	190
59	193
59	198
59	201
59	205
59	208
59	212
59	214
59	218
59	220
59	223
59	225
59	228
59	231
59	232
59	235
59	238
59	240
59	242
59	244
59	247
59	249
59	251
59	253
59	255
59	257
59	259
59	261
59	263
59	265
59	267
59	269
59	271
59	272
59	275
59	276
59	278
59	280
59	282
59	283
59	285
59	287
59	289
59	290
59	292
59	294
59	296
59	297
59	299
59	301
59	303
59	304
59	306
59	308
59	310
59	311
59	313
59	315
59	317
59	318
59	320
59	322
59	324
59	326
59	327
59	329
59	331
59	333
59	335
59	336
59	339
59	340
59	342
59	344
59	346
59	348
59	350
59	352
59	354
59	356
59	358
59	360
59	362
59	364
59	366
59	368
59	370
59	372
59	374
59	376
59	378
59	380
59	382
59	384
59	386
59	388
59	390
59	392
59	394
59	396
59	398
59	400
59	402
59	404
59	406
59	408
59	410
59	412
59	414
59	416
59	418
59	420
59	422
59	424
59	426
59	428
59	430
59	433
59	434
59	437
59	439
59	441
59	444
59	446
59	448
59	450
59	453
59	455
59	458
59	460
59	464
59	466
59	469
59	473
59	476
59	479
59	484
59	487
59	492
59	497
59	502
59	508
59	515
59	523
59	534
60	161
60	170
60	176
60	182
60	184
60	190
60	192
60	195
60	199
60	201
60	203
60	206
60	208
60	211
60	212
60	214
60	217
60	219
60	220
60	222
60	224
60	226
60	228
60	229
60	231
60	232
60	234
60	236
60	237
60	239
60	241
60	242
60	243
60	245
60	247
60	248
60	250
60	251
60	252
60	254
60	255
60	257
60	258
60	260
60	261
60	262
60	263
60	265
60	266
60	268
60	269
60	270
60	272
60	273
60	274
60	276
60	277
60	278
60	280
60	281
60	282
60	283
60	285
60	286
60	287
60	289
60	290
60	291
60	292
60	294
60	295
60	296
60	297
60	299
60	300
60	301
60	302
60	304
60	305
60	306
60	307
60	309
60	310
60	311
60	312
60	314
60	315
60	316
60	317
60	319
60	320
60	321
60	323
60	324
60	325
60	326
60	328
60	329
60	330
60	332
60	333
60	334
60	335
60	337
60	338
60	339
60	341
60	342
60	343
60	345
60	346
60	347
60	349
60	350
60	351
60	353
60	354
60	355
60	357
60	358
60	359
60	361
60	362
60	363
60	365
60	366
60	367
60	369
60	370
60	371
60	373
60	374
60	375
60	377
60	378
60	379
60	381
60	382
60	384
60	385
60	386
60	388
60	389
60	391
60	392
60	394
60	395
60	396
60	398
60	399
60	401
60	403
60	404
60	405
60	407
60	409
60	410
60	412
60	413
60	415
60	417
60	418
60	420
60	422
60	424
60	425
60	427
60	429
60	431
60	433
60	435
60	437
60	439
60	441
60	444
60	445
60	448
60	450
60	453
60	455
60	458
60	460
60	464
60	466
60	470
60	474
60	477
60	482
60	486
60	491
60	497
60	503
60	511
60	520
61	159
61	168
61	173
61	178
61	182
61	184
61	188
61	191
61	193
61	196
61	199
61	201
61	203
61	206
61	208
61	211
61	213
61	215
61	218
61	220
61	222
61	225
61	227
61	229
61	231
61	234
61	236
61	238
61	240
61	243
61	244
61	247
61	249
61	251
61	253
61	256
61	257
61	260
61	262
61	264
61	266
61	268
61	271
61	272
61	275
61	277
61	279
61	281
61	284
61	285
61	288
61	290
61	292
61	294
61	297
61	299
61	301
61	304
61	306
61	308
61	311
61	313
61	315
61	318
61	320
61	322
61	325
61	327
61	329
61	332
61	334
61	336
61	339
61	341
61	343
61	346
61	348
61	350
61	353
61	355
61	357
61	360
61	362
61	364
61	367
61	369
61	372
61	374
61	377
61	379
61	382
61	385
61	387
61	390
61	393
61	396
61	399
61	403
61	406
61	410
61	414
61	418
61	423
61	427
61	433
61	438
61	445
61	452
61	460
61	470
62	160
62	169
62	174
62	180
62	184
62	189
62	194
62	199
62	204
62	209
62	215
62	221
62	227
62	234
62	242
62	251
62	262
63	171
63	182
63	193
63	204
63	215
63	227
63	442
64	189
64	200
64	210
64	219
64	228
64	237
64	245
64	253
64	262
64	271
64	280
64	289
64	298
64	307
64	316
64	325
64	334
64	344
64	354
64	363
64	372
64	381
64	390
64	398
64	406
64	413
64	420
64	427
64	434
64	440
64	446
64	452
64	458
64	465
64	472
64	480
64	489
65	180
65	190
65	198
65	205
65	211
65	217
65	222
65	227
65	232
65	236
65	241
65	245
65	250
65	254
65	258
65	262
65	266
65	270
65	274
65	278
65	282
65	286
65	290
65	295
65	299
65	303
65	308
65	312
65	317
65	321
65	326
65	330
65	335
65	339
65	344
65	348
65	353
65	357
65	362
65	366
65	371
65	375
65	380
65	384
65	388
65	392
65	396
65	400
65	404
65	408
65	411
65	415
65	418
65	422
65	425
65	429
65	432
65	435
65	439
65	441
65	445
65	448
65	451
65	455
65	458
65	461
65	465
65	468
65	472
65	476
65	480
65	485
65	490
65	496
65	502
65	509
65	518
66	172
66	181
66	188
66	193
66	199
66	202
66	207
66	211
66	214
66	218
66	221
66	224
66	227
66	230
66	233
66	235
66	239
66	241
66	244
66	247
66	249
66	252
66	254
66	257
66	259
66	262
66	264
66	267
66	269
66	272
66	274
66	277
66	279
66	282
66	284
66	287
66	289
66	292
66	294
66	297
66	299
66	302
66	305
66	307
66	310
66	313
66	315
66	318
66	321
66	323
66	326
66	329
66	331
66	334
66	337
66	339
66	342
66	345
66	347
66	350
66	353
66	355
66	358
66	361
66	363
66	366
66	369
66	371
66	374
66	377
66	379
66	382
66	385
66	387
66	390
66	392
66	395
66	397
66	400
66	402
66	405
66	407
66	410
66	412
66	415
66	417
66	420
66	422
66	424
66	427
66	429
66	431
66	434
66	436
66	438
66	441
66	443
66	446
66	448
66	450
66	453
66	456
66	458
66	461
66	464
66	467
66	469
66	473
66	476
66	479
66	483
66	487
66	491
66	496
66	501
66	507
66	514
66	522
66	532
67	170
67	179
67	185
67	191
67	195
67	200
67	204
67	208
67	212
67	215
67	219
67	222
67	226
67	229
67	232
67	236
67	239
67	242
67	245
67	249
67	251
67	255
67	258
67	261
67	265
67	268
67	271
67	275
67	278
67	282
67	285
67	289
67	292
67	296
67	299
67	303
67	307
67	310
67	314
67	318
67	322
67	326
67	330
67	334
67	338
67	342
67	346
67	350
67	354
67	358
67	362
67	366
67	370
67	374
67	378
67	382
67	386
67	390
67	394
67	398
67	402
67	406
67	410
67	414
67	418
67	422
67	427
67	431
67	436
67	441
67	446
67	451
67	457
67	463
67	470
67	478
67	488
68	179
68	190
68	200
68	210
68	221
68	235
71	211
71	222
71	233
71	243
71	253
71	263
71	272
71	281
71	290
71	299
71	308
71	317
71	326
71	335
71	344
71	354
71	364
71	374
71	384
71	394
71	404
71	414
71	424
71	433
71	442
71	451
71	460
71	469
71	479
71	490
72	183
72	193
72	201
72	208
72	214
72	220
72	226
72	231
72	236
72	241
72	246
72	251
72	256
72	261
72	266
72	271
72	276
72	280
72	285
72	289
72	294
72	298
72	303
72	307
72	312
72	316
72	321
72	325
72	330
72	335
72	339
72	344
72	349
72	354
72	359
72	364
72	369
72	374
72	379
72	384
72	389
72	394
72	399
72	404
72	409
72	414
72	419
72	424
72	429
72	434
72	439
72	444
72	449
72	454
72	459
72	464
72	469
72	474
72	479
72	485
72	491
72	498
72	506
72	515
72	526
73	178
73	187
73	194
73	200
73	205
73	211
73	215
73	220
73	224
73	228
73	232
73	236
73	240
73	244
73	248
73	252
73	255
73	259
73	263
73	266
73	270
73	273
73	277
73	280
73	284
73	287
73	291
73	294
73	298
73	301
73	305
73	308
73	312
73	315
73	319
73	322
73	326
73	329
73	333
73	337
73	340
73	344
73	348
73	351
73	355
73	359
73	363
73	367
73	371
73	375
73	379
73	383
73	387
73	391
73	395
73	399
73	403
73	407
73	411
73	415
73	419
73	423
73	427
73	431
73	435
73	439
73	443
73	447
73	451
73	455
73	459
73	464
73	468
73	473
73	478
73	483
73	488
73	494
73	501
73	508
73	517
74	187
74	197
74	206
74	214
74	222
74	229
74	236
74	243
74	250
74	257
74	264
74	271
74	278
74	285
74	292
74	299
74	306
74	313
74	320
74	328
74	336
74	344
74	352
74	360
74	368
74	376
74	384
74	393
74	402
74	411
74	421
74	431
74	441
74	452
74	465
-1	-1
