-1	-1
13	191
13	203
13	215
14	168
14	179
14	189
14	198
14	207
14	216
14	225
14	235
14	246
15	160
15	170
15	179
15	187
15	194
15	201
15	208
15	215
15	222
15	230
15	238
15	247
15	257
15	268
16	159
16	169
16	177
16	184
16	191
16	197
16	203
16	209
16	215
16	221
16	227
16	234
16	241
16	249
16	258
16	268
16	279
17	158
17	168
17	176
17	183
17	189
17	195
17	201
17	206
17	212
17	217
17	223
17	228
17	234
17	240
17	247
17	254
17	262
17	272
17	284
18	156
18	164
18	171
18	177
18	182
18	187
18	192
18	196
18	201
18	205
18	209
18	213
18	217
18	222
18	226
18	231
18	235
18	240
18	245
18	251
18	257
18	264
18	272
18	281
18	292
19	158
19	167
19	173
19	179
19	184
19	190
19	194
19	199
19	203
19	208
19	212
19	216
19	220
19	224
19	228
19	233
19	237
19	242
19	247
19	252
19	258
19	264
19	271
19	279
19	288
19	300
20	166
20	175
20	183
20	190
20	196
20	202
20	208
20	213
20	218
20	223
20	228
20	233
20	238
20	243
20	248
20	254
20	260
20	266
20	273
20	281
20	290
20	303
21	179
21	190
21	199
21	208
21	216
21	223
21	230
21	237
21	244
21	251
21	258
21	266
21	275
21	285
22	190
22	201
22	211
22	220
22	229
22	238
22	246
22	255
22	264
22	274
23	192
23	203
23	213
23	223
23	232
23	241
23	250
23	259
23	268
23	278
24	179
24	190
24	200
24	209
24	218
24	227
24	236
24	245
24	254
24	263
24	273
24	284
25	167
25	177
25	186
25	194
25	201
25	208
25	215
25	222
25	228
25	234
25	241
25	247
25	254
25	261
25	268
25	276
25	285
25	295
25	306
26	153
26	163
26	171
26	178
26	184
26	190
26	195
26	200
26	205
26	210
26	214
26	219
26	223
26	228
26	232
26	237
26	241
26	246
26	250
26	255
26	260
26	265
26	270
26	276
26	282
26	288
26	295
26	303
26	312
26	323
27	151
27	160
27	168
27	174
27	180
27	184
27	189
27	193
27	197
27	201
27	204
27	208
27	211
27	214
27	218
27	221
27	224
27	227
27	230
27	233
27	236
27	239
27	242
27	245
27	248
27	251
27	255
27	258
27	262
27	265
27	269
27	273
27	277
27	281
27	286
27	290
27	296
27	301
27	307
27	314
27	321
27	330
27	341
28	157
28	166
28	173
28	180
28	185
28	191
28	194
28	199
28	202
28	206
28	209
28	212
28	215
28	218
28	221
28	223
28	226
28	229
28	231
28	234
28	236
28	239
28	241
28	244
28	247
28	249
28	252
28	255
28	258
28	260
28	264
28	267
28	270
28	274
28	277
28	281
28	285
28	288
28	293
28	297
28	302
28	307
28	313
28	319
28	326
28	334
28	343
29	160
29	170
29	178
29	185
29	191
29	196
29	201
29	205
29	210
29	213
29	217
29	221
29	223
29	227
29	230
29	233
29	236
29	239
29	242
29	245
29	248
29	251
29	254
29	257
29	260
29	264
29	267
29	271
29	274
29	278
29	282
29	286
29	290
29	295
29	299
29	305
29	310
29	316
29	323
29	330
29	338
29	348
30	162
30	172
30	180
30	188
30	194
30	200
30	206
30	211
30	216
30	221
30	226
30	231
30	236
30	241
30	246
30	251
30	256
30	261
30	266
30	271
30	276
30	281
30	287
30	293
30	299
30	306
30	313
30	321
30	330
30	340
31	171
31	181
31	190
31	198
31	205
31	212
31	218
31	224
31	230
31	236
31	243
31	250
31	257
31	264
31	272
31	280
31	289
31	299
31	311
32	177
32	187
32	196
32	204
32	212
32	220
32	228
32	236
32	244
32	253
32	262
32	272
32	284
33	176
33	186
33	195
33	204
33	213
33	222
33	231
33	241
33	252
34	166
34	175
34	183
34	191
34	198
34	205
34	212
34	219
34	227
34	235
34	244
34	254
34	265
35	158
35	167
35	174
35	181
35	186
35	192
35	197
35	202
35	207
35	212
35	217
35	223
35	228
35	235
35	242
35	249
35	257
35	266
35	277
36	153
36	162
36	169
36	175
36	180
36	184
36	189
36	193
36	197
36	201
36	205
36	209
36	213
36	217
36	221
36	226
36	230
36	235
36	240
36	246
36	252
36	259
36	266
36	275
36	285
37	152
37	161
37	168
37	173
37	178
37	183
37	187
37	191
37	195
37	199
37	203
37	207
37	211
37	214
37	218
37	222
37	226
37	230
37	234
37	238
37	243
37	248
37	253
37	259
37	265
37	272
37	280
37	289
37	300
38	156
38	164
38	171
38	175
38	181
38	184
38	189
38	193
38	197
38	201
38	204
38	208
38	211
38	215
38	218
38	222
38	225
38	229
38	232
38	236
38	240
38	244
38	248
38	253
38	257
38	262
38	267
38	273
38	279
38	286
38	294
38	304
39	158
39	166
39	173
39	179
39	184
39	189
39	193
39	197
39	201
39	205
39	209
39	213
39	216
39	220
39	224
39	228
39	232
39	236
39	240
39	244
39	248
39	253
39	258
39	263
39	268
39	274
39	281
39	288
39	297
39	307
40	160
40	169
40	176
40	182
40	188
40	193
40	198
40	202
40	207
40	211
40	215
40	219
40	223
40	227
40	231
40	235
40	239
40	244
40	248
40	253
40	258
40	263
40	269
40	275
40	282
40	290
40	299
40	310
41	171
41	181
41	190
41	198
41	205
41	212
41	218
41	224
41	230
41	235
41	241
41	246
41	252
41	258
41	264
41	271
41	278
41	286
41	295
41	305
42	197
42	207
42	215
42	222
42	229
42	235
42	241
42	247
42	253
42	259
42	265
42	272
42	279
42	287
42	296
42	306
43	190
43	201
43	210
43	219
43	227
43	234
43	241
43	248
43	254
43	261
43	268
43	275
43	282
43	290
43	299
43	309
44	187
44	198
44	208
44	217
44	225
44	233
44	241
44	248
44	255
44	262
44	269
44	277
44	285
44	294
44	304
44	316
45	212
45	224
45	234
45	243
45	251
45	258
45	265
45	272
45	279
45	287
45	295
45	304
45	314
45	326
46	227
46	238
46	247
46	254
46	261
46	268
46	274
46	281
46	288
46	295
46	302
46	310
46	319
46	329
47	238
47	247
47	254
47	260
47	266
47	271
47	277
47	282
47	288
47	293
47	299
47	305
47	311
47	318
47	326
47	335
47	345
47	357
48	242
48	251
48	259
48	265
48	271
48	276
48	282
48	287
48	293
48	298
48	304
48	310
48	316
48	323
48	330
48	338
48	347
48	357
49	250
49	260
49	269
49	276
49	283
49	289
49	295
49	301
49	306
49	312
49	318
49	324
49	330
49	337
49	344
49	352
49	361
49	371
49	383
50	246
50	257
50	266
50	273
50	280
50	285
50	290
50	294
50	299
50	303
50	307
50	311
50	315
50	319
50	323
50	327
50	332
50	336
50	341
50	346
50	352
50	358
50	365
50	372
50	380
50	389
50	399
51	222
51	233
51	244
51	254
51	263
51	271
51	278
51	283
51	289
51	293
51	298
51	302
51	306
51	310
51	314
51	317
51	321
51	325
51	329
51	333
51	337
51	342
51	346
51	351
51	356
51	361
51	367
51	373
51	380
51	387
51	395
51	404
51	414
52	249
52	260
52	269
52	277
52	284
52	291
52	297
52	303
52	308
52	313
52	318
52	323
52	328
52	333
52	338
52	343
52	348
52	354
52	359
52	365
52	371
52	377
52	384
52	391
52	399
52	407
52	416
52	426
53	269
53	279
53	287
53	294
53	300
53	305
53	310
53	315
53	320
53	324
53	329
53	333
53	338
53	342
53	347
53	351
53	356
53	360
53	365
53	370
53	375
53	380
53	385
53	391
53	397
53	403
53	410
53	417
53	425
53	434
53	444
54	282
54	293
54	302
54	310
54	318
54	325
54	331
54	337
54	343
54	349
54	354
54	360
54	365
54	370
54	375
54	380
54	385
54	391
54	397
54	403
54	409
54	416
54	424
54	432
54	441
54	452
55	219
55	230
55	241
55	251
55	261
55	271
55	281
55	291
55	302
55	313
55	323
55	332
55	340
55	347
55	353
55	359
55	365
55	371
55	377
55	383
55	389
55	395
55	401
55	408
55	415
55	423
55	432
55	442
56	208
56	218
56	227
56	235
56	243
56	251
56	259
56	267
56	275
56	283
56	291
56	299
56	307
56	315
56	323
56	330
56	337
56	343
56	349
56	355
56	360
56	365
56	370
56	375
56	380
56	385
56	390
56	395
56	400
56	406
56	411
56	417
56	424
56	431
56	439
56	448
57	198
57	209
57	219
57	228
57	237
57	245
57	253
57	261
57	268
57	275
57	282
57	289
57	296
57	302
57	309
57	315
57	321
57	327
57	333
57	339
57	344
57	349
57	354
57	359
57	363
57	368
57	372
57	376
57	380
57	384
57	388
57	392
57	396
57	400
57	405
57	409
57	414
57	419
57	425
57	431
57	438
57	446
57	455
57	466
58	182
58	192
58	201
58	209
58	217
58	224
58	231
58	238
58	244
58	250
58	256
58	262
58	268
58	274
58	280
58	286
58	292
58	298
58	303
58	309
58	314
58	320
58	325
58	330
58	335
58	340
58	345
58	350
58	355
58	360
58	364
58	369
58	373
58	377
58	381
58	385
58	389
58	394
58	398
58	403
58	408
58	413
58	419
58	425
58	432
58	440
58	450
59	183
59	193
59	201
59	209
59	216
59	222
59	228
59	233
59	238
59	243
59	247
59	252
59	255
59	260
59	263
59	267
59	271
59	275
59	279
59	283
59	287
59	291
59	295
59	299
59	303
59	307
59	311
59	316
59	320
59	325
59	329
59	334
59	338
59	343
59	347
59	352
59	356
59	360
59	364
59	368
59	372
59	376
59	381
59	385
59	390
59	395
59	400
59	405
59	411
59	417
59	424
59	432
59	441
60	187
60	197
60	205
60	212
60	219
60	225
60	231
60	236
60	241
60	245
60	250
60	253
60	257
60	261
60	263
60	267
60	270
60	273
60	276
60	279
60	282
60	284
60	287
60	290
60	292
60	295
60	298
60	300
60	303
60	306
60	308
60	311
60	314
60	316
60	319
60	322
60	324
60	327
60	330
60	332
60	335
60	338
60	340
60	343
60	346
60	349
60	351
60	355
60	357
60	360
60	364
60	366
60	370
60	373
60	376
60	379
60	383
60	386
60	389
60	393
60	396
60	400
60	404
60	408
60	413
60	417
60	423
60	428
60	435
60	442
60	451
61	170
61	180
61	189
61	196
61	202
61	208
61	213
61	217
61	222
61	225
61	230
61	233
61	237
61	241
61	245
61	249
61	252
61	256
61	260
61	263
61	267
61	270
61	273
61	276
61	279
61	282
61	284
61	287
61	290
61	292
61	295
61	297
61	300
61	302
61	304
61	307
61	309
61	311
61	313
61	316
61	318
61	320
61	322
61	325
61	327
61	329
61	331
61	334
61	336
61	338
61	341
61	343
61	345
61	348
61	350
61	353
61	355
61	358
61	360
61	363
61	366
61	368
61	371
61	374
61	376
61	379
61	382
61	385
61	387
61	390
61	394
61	396
61	400
61	403
61	407
61	410
61	415
61	418
61	424
61	428
61	434
61	440
61	447
61	456
62	166
62	175
62	182
62	189
62	194
62	200
62	203
62	208
62	211
62	214
62	218
62	221
62	223
62	226
62	229
62	232
62	233
62	237
62	239
62	241
62	244
62	246
62	249
62	251
62	254
62	256
62	259
62	261
62	264
62	267
62	269
62	272
62	275
62	278
62	281
62	284
62	287
62	290
62	293
62	296
62	299
62	303
62	306
62	309
62	313
62	316
62	319
62	323
62	326
62	329
62	333
62	336
62	339
62	343
62	346
62	349
62	352
62	355
62	358
62	361
62	364
62	367
62	370
62	374
62	377
62	380
62	384
62	387
62	391
62	395
62	399
62	404
62	408
62	414
62	420
62	427
62	435
62	445
63	159
63	169
63	177
63	184
63	191
63	197
63	202
63	207
63	212
63	215
63	220
63	222
63	226
63	229
63	232
63	234
63	238
63	240
63	242
63	245
63	247
63	250
63	252
63	254
63	257
63	259
63	261
63	264
63	266
63	268
63	271
63	273
63	276
63	278
63	281
63	283
63	286
63	288
63	291
63	294
63	296
63	299
63	302
63	305
63	308
63	311
63	314
63	317
63	320
63	323
63	326
63	329
63	332
63	335
63	338
63	341
63	344
63	347
63	350
63	353
63	356
63	359
63	362
63	365
63	368
63	371
63	374
63	377
63	380
63	384
63	387
63	391
63	395
63	399
63	404
63	408
63	414
63	419
63	426
63	434
63	443
64	154
64	162
64	169
64	175
64	181
64	186
64	191
64	196
64	201
64	206
64	211
64	216
64	221
64	226
64	231
64	235
64	240
64	244
64	249
64	253
64	257
64	261
64	265
64	269
64	273
64	277
64	281
64	285
64	289
64	292
64	296
64	300
64	303
64	307
64	310
64	314
64	317
64	321
64	324
64	328
64	331
64	334
64	338
64	341
64	344
64	348
64	351
64	355
64	358
64	362
64	365
64	369
64	372
64	376
64	379
64	383
64	386
64	390
64	394
64	398
64	403
64	407
64	413
64	418
64	425
64	432
64	441
64	454
65	154
65	162
65	168
65	172
65	177
65	181
65	184
65	188
65	192
65	194
65	198
65	201
65	204
65	207
65	211
65	213
65	217
65	220
65	223
65	227
65	230
65	234
65	237
65	241
65	245
65	249
65	253
65	257
65	262
65	266
65	271
65	276
65	281
65	286
65	292
65	297
65	303
65	309
65	315
65	321
65	327
65	333
65	339
65	345
65	351
65	357
65	362
65	368
65	373
65	378
65	383
65	388
65	393
65	398
65	404
65	410
65	417
65	425
65	434
66	162
66	171
66	178
66	183
66	188
66	192
66	197
66	201
66	205
66	209
66	213
66	217
66	221
66	225
66	229
66	233
66	237
66	241
66	245
66	249
66	254
66	258
66	263
66	267
66	272
66	277
66	282
66	287
66	293
66	299
66	305
66	312
66	319
66	326
66	333
66	340
66	347
66	354
66	360
66	366
66	373
66	380
66	387
66	395
66	404
66	415
67	179
67	190
67	200
67	209
67	218
67	227
67	236
67	245
67	255
67	265
67	275
67	285
67	295
67	305
67	315
67	325
67	335
67	345
67	355
67	366
68	177
68	188
68	198
68	207
68	216
68	225
68	234
68	243
68	252
68	262
68	272
68	282
68	293
68	305
69	188
69	199
69	209
69	219
69	228
69	237
69	246
69	254
69	262
69	270
69	278
69	286
69	294
69	302
69	310
69	318
69	326
69	334
69	343
69	352
69	362
69	373
70	192
70	203
70	214
70	225
70	236
70	247
70	257
70	267
70	277
70	286
70	295
70	304
70	313
70	321
70	329
70	337
70	346
70	355
70	365
70	376
70	387
71	169
71	179
71	188
71	196
71	203
71	210
71	217
71	224
71	231
71	238
71	245
71	252
71	259
71	267
71	275
71	284
71	293
71	303
71	313
71	324
71	336
71	348
71	360
71	371
71	381
71	391
71	401
71	411
71	423
72	163
72	172
72	180
72	186
72	192
72	197
72	202
72	207
72	211
72	216
72	220
72	224
72	228
72	232
72	236
72	240
72	244
72	248
72	252
72	256
72	261
72	265
72	270
72	275
72	280
72	285
72	290
72	295
72	301
72	307
72	313
72	319
72	326
72	333
72	340
72	347
72	354
72	361
72	368
72	375
72	382
72	389
72	396
72	404
72	412
72	421
72	433
73	186
73	196
73	204
73	211
73	218
73	224
73	230
73	235
73	241
73	246
73	251
73	256
73	261
73	266
73	271
73	275
73	280
73	285
73	289
73	294
73	299
73	304
73	309
73	314
73	319
73	324
73	329
73	334
73	339
73	345
73	350
73	356
73	362
73	368
73	375
73	383
73	392
73	402
75	172
75	182
75	191
75	199
75	207
75	214
75	221
75	228
75	235
75	243
75	251
75	259
75	268
75	277
75	287
75	298
75	388
75	399
75	410
75	422
76	169
76	178
76	186
76	193
76	199
76	205
76	210
76	215
76	220
76	225
76	230
76	235
76	240
76	245
76	250
76	255
76	260
76	265
76	271
76	276
76	282
76	288
76	294
76	300
76	307
76	314
76	321
76	328
76	335
76	343
76	351
76	359
76	367
76	375
76	383
76	391
76	399
76	407
76	415
76	424
76	434
77	188
77	198
77	207
77	216
77	224
77	232
77	240
77	248
77	256
77	264
77	272
77	280
77	288
77	296
77	304
77	313
77	322
77	331
77	340
77	350
77	360
77	371
77	384
-1	-1
