-1	-1
12	301
12	312
12	322
12	332
12	342
12	352
12	362
12	372
12	383
13	217
13	230
13	272
13	284
13	295
13	305
13	315
13	324
13	333
13	342
13	351
13	360
13	369
13	378
13	388
14	171
14	182
14	192
14	202
14	211
14	220
14	229
14	238
14	247
14	256
14	266
14	276
14	286
14	295
14	304
14	313
14	323
14	333
14	343
14	353
14	363
14	374
14	387
15	166
15	176
15	185
15	193
15	201
15	209
15	216
15	223
15	230
15	237
15	244
15	251
15	258
15	266
15	274
15	282
15	291
15	300
15	309
15	319
15	329
15	340
15	352
16	166
16	176
16	185
16	193
16	201
16	208
16	215
16	222
16	229
16	235
16	241
16	247
16	253
16	259
16	265
16	271
16	278
16	285
16	292
16	300
16	308
16	317
16	326
16	336
16	347
17	171
17	182
17	192
17	201
17	210
17	218
17	226
17	234
17	241
17	248
17	255
17	262
17	269
17	276
17	283
17	290
17	297
17	304
17	312
17	320
17	329
17	338
17	348
18	177
18	188
18	198
18	207
18	216
18	225
18	233
18	241
18	249
18	257
18	265
18	273
18	281
18	288
18	295
18	302
18	309
18	316
18	323
18	331
18	339
18	348
18	357
18	367
19	178
19	188
19	198
19	207
19	216
19	225
19	234
19	242
19	250
19	258
19	266
19	274
19	282
19	289
19	296
19	302
19	308
19	314
19	320
19	326
19	332
19	338
19	345
19	352
19	359
19	367
19	376
19	386
20	178
20	189
20	199
20	208
20	217
20	226
20	235
20	244
20	253
20	262
20	271
20	279
20	287
20	294
20	301
20	308
20	314
20	320
20	326
20	332
20	338
20	344
20	350
20	356
20	362
20	369
20	376
20	384
20	393
20	404
21	176
21	186
21	195
21	204
21	213
21	221
21	229
21	237
21	245
21	253
21	261
21	269
21	277
21	284
21	291
21	298
21	304
21	310
21	316
21	322
21	327
21	332
21	337
21	342
21	346
21	351
21	355
21	360
21	365
21	370
21	375
21	380
21	386
21	392
21	399
21	407
21	416
22	177
22	187
22	197
22	206
22	215
22	223
22	231
22	239
22	247
22	255
22	263
22	270
22	277
22	283
22	289
22	295
22	300
22	305
22	310
22	314
22	319
22	323
22	327
22	331
22	334
22	338
22	341
22	345
22	348
22	352
22	355
22	359
22	362
22	366
22	369
22	373
22	377
22	381
22	386
22	390
22	396
22	401
22	407
22	414
22	423
22	434
23	172
23	183
23	192
23	201
23	209
23	217
23	224
23	231
23	238
23	245
23	251
23	257
23	263
23	269
23	274
23	279
23	283
23	288
23	292
23	296
23	300
23	303
23	307
23	310
23	313
23	317
23	320
23	323
23	326
23	329
23	332
23	334
23	338
23	340
23	343
23	346
23	349
23	352
23	355
23	358
23	361
23	365
23	368
23	372
23	376
23	379
23	384
23	388
23	394
23	399
23	406
23	413
23	422
23	434
24	167
24	177
24	186
24	194
24	202
24	209
24	216
24	222
24	228
24	234
24	240
24	245
24	250
24	255
24	260
24	264
24	268
24	272
24	275
24	279
24	282
24	285
24	288
24	291
24	293
24	296
24	299
24	301
24	304
24	307
24	309
24	312
24	314
24	317
24	319
24	322
24	324
24	327
24	329
24	332
24	335
24	337
24	340
24	343
24	346
24	349
24	352
24	356
24	359
24	363
24	367
24	371
24	376
24	380
24	386
24	392
24	399
24	407
24	417
25	159
25	169
25	177
25	184
25	190
25	196
25	201
25	206
25	211
25	216
25	220
25	224
25	229
25	232
25	236
25	240
25	243
25	247
25	250
25	253
25	256
25	259
25	262
25	264
25	267
25	270
25	272
25	274
25	277
25	279
25	282
25	283
25	286
25	288
25	291
25	293
25	295
25	297
25	300
25	302
25	304
25	307
25	309
25	311
25	314
25	316
25	318
25	321
25	324
25	326
25	329
25	332
25	335
25	338
25	341
25	345
25	347
25	351
25	355
25	359
25	363
25	368
25	373
25	379
25	386
25	394
25	403
26	153
26	162
26	169
26	174
26	180
26	184
26	189
26	193
26	197
26	201
26	204
26	208
26	211
26	214
26	217
26	220
26	223
26	226
26	229
26	231
26	234
26	236
26	239
26	241
26	243
26	246
26	248
26	250
26	252
26	254
26	256
26	258
26	260
26	262
26	264
26	266
26	268
26	270
26	272
26	274
26	276
26	278
26	280
26	282
26	284
26	286
26	288
26	290
26	292
26	294
26	296
26	298
26	300
26	303
26	305
26	307
26	309
26	312
26	315
26	317
26	319
26	323
26	325
26	328
26	331
26	335
26	338
26	342
26	346
26	350
26	355
26	360
26	366
26	372
26	379
26	387
26	398
27	151
27	160
27	166
27	172
27	176
27	181
27	184
27	188
27	191
27	194
27	198
27	201
27	203
27	207
27	209
27	212
27	214
27	217
27	220
27	222
27	224
27	227
27	229
27	232
27	234
27	236
27	239
27	241
27	243
27	246
27	248
27	250
27	252
27	255
27	257
27	259
27	261
27	264
27	266
27	268
27	270
27	273
27	275
27	277
27	280
27	282
27	285
27	287
27	290
27	293
27	295
27	298
27	301
27	304
27	307
27	310
27	314
27	317
27	321
27	325
27	329
27	334
27	339
27	345
27	351
27	358
27	366
27	376
28	151
28	160
28	165
28	171
28	174
28	179
28	182
28	186
28	189
28	192
28	195
28	198
28	201
28	203
28	206
28	209
28	211
28	214
28	216
28	219
28	221
28	224
28	226
28	229
28	231
28	234
28	236
28	239
28	241
28	244
28	246
28	249
28	251
28	254
28	257
28	259
28	262
28	265
28	268
28	270
28	274
28	277
28	280
28	284
28	287
28	291
28	295
28	298
28	303
28	307
28	312
28	317
28	323
28	329
28	336
28	344
28	353
28	364
29	158
29	167
29	173
29	179
29	184
29	189
29	193
29	198
29	202
29	206
29	210
29	214
29	218
29	221
29	225
29	228
29	232
29	235
29	239
29	243
29	246
29	250
29	254
29	258
29	262
29	267
29	271
29	276
29	281
29	286
29	292
29	298
29	305
29	312
29	320
29	329
29	339
30	163
30	173
30	181
30	189
30	196
30	202
30	208
30	214
30	220
30	225
30	231
30	236
30	242
30	248
30	254
30	260
30	266
30	273
30	280
30	287
30	295
30	304
30	314
30	325
31	172
31	183
31	192
31	201
31	209
31	217
31	225
31	233
31	241
31	249
31	258
31	267
31	276
31	286
31	297
32	180
32	191
32	201
32	211
32	220
32	229
32	238
32	247
32	257
32	267
32	278
33	191
33	202
33	212
33	222
33	232
33	242
33	252
33	262
33	273
33	285
34	187
34	198
34	208
34	218
34	228
34	238
34	248
34	258
34	269
34	281
35	177
35	188
35	198
35	207
35	216
35	225
35	234
35	243
35	252
35	262
35	272
35	283
36	168
36	178
36	186
36	194
36	201
36	208
36	215
36	222
36	229
36	236
36	243
36	251
36	259
36	268
36	278
36	289
37	160
37	169
37	176
37	182
37	188
37	193
37	198
37	203
37	207
37	212
37	216
37	221
37	225
37	230
37	235
37	240
37	245
37	251
37	257
37	263
37	270
37	277
37	285
37	294
37	305
38	158
38	166
38	172
38	177
38	182
38	184
38	189
38	192
38	195
38	198
38	201
38	204
38	207
38	210
38	212
38	215
38	218
38	221
38	224
38	227
38	230
38	233
38	236
38	239
38	243
38	246
38	250
38	254
38	258
38	262
38	267
38	271
38	277
38	282
38	288
38	295
38	303
38	312
38	324
39	156
39	163
39	170
39	174
39	180
39	183
39	187
39	191
39	193
39	197
39	200
39	202
39	205
39	208
39	211
39	213
39	216
39	219
39	221
39	224
39	227
39	229
39	232
39	235
39	237
39	240
39	244
39	246
39	249
39	253
39	256
39	259
39	264
39	267
39	272
39	276
39	281
39	286
39	292
39	298
39	305
39	313
39	323
40	153
40	161
40	167
40	172
40	177
40	181
40	185
40	189
40	192
40	196
40	199
40	202
40	205
40	208
40	211
40	213
40	216
40	219
40	221
40	223
40	226
40	228
40	231
40	233
40	236
40	238
40	241
40	243
40	246
40	248
40	251
40	254
40	257
40	259
40	263
40	266
40	269
40	273
40	276
40	280
40	285
40	289
40	294
40	299
40	305
40	312
40	319
40	328
40	339
41	159
41	168
41	174
41	180
41	184
41	189
41	192
41	197
41	200
41	204
41	207
41	211
41	213
41	217
41	220
41	222
41	225
41	228
41	230
41	233
41	235
41	238
41	240
41	243
41	246
41	248
41	251
41	254
41	257
41	259
41	263
41	266
41	269
41	273
41	276
41	280
41	284
41	288
41	293
41	298
41	304
41	310
41	317
41	325
41	334
41	345
42	167
42	177
42	185
42	192
42	199
42	205
42	211
42	216
42	221
42	226
42	230
42	234
42	238
42	242
42	246
42	250
42	254
42	258
42	262
42	266
42	270
42	274
42	278
42	283
42	288
42	293
42	299
42	305
42	312
42	320
42	329
43	170
43	180
43	189
43	197
43	204
43	211
43	217
43	222
43	227
43	232
43	236
43	240
43	243
43	247
43	250
43	253
43	256
43	260
43	262
43	266
43	269
43	272
43	276
43	279
43	283
43	287
43	291
43	295
43	300
43	305
43	310
43	316
43	322
43	329
43	337
43	347
44	176
44	187
44	197
44	206
44	214
44	222
44	229
44	235
44	241
44	246
44	251
44	255
44	260
44	264
44	268
44	272
44	276
44	280
44	285
44	289
44	294
44	299
44	305
44	310
44	316
44	323
44	331
44	340
44	351
45	190
45	201
45	211
45	220
45	229
45	237
45	244
45	251
45	257
45	262
45	267
45	272
45	276
45	281
45	285
45	290
45	295
45	300
45	305
45	311
45	317
45	324
45	331
45	339
45	348
46	191
46	202
46	212
46	221
46	230
46	238
46	245
46	252
46	258
46	263
46	269
46	273
46	278
46	282
46	287
46	291
46	296
46	300
46	305
46	310
46	315
46	321
46	327
46	334
46	341
46	349
46	359
47	210
47	222
47	233
47	244
47	254
47	262
47	270
47	275
47	281
47	285
47	290
47	294
47	299
47	303
47	308
47	313
47	318
47	323
47	329
47	335
47	342
47	349
47	357
47	367
48	218
48	229
48	240
48	250
48	259
48	266
48	272
48	278
48	283
48	288
48	293
48	298
48	303
48	308
48	313
48	318
48	323
48	328
48	334
48	340
48	347
48	355
48	363
48	373
49	236
49	248
49	259
49	269
49	278
49	286
49	293
49	299
49	304
49	310
49	315
49	320
49	325
49	330
49	336
49	342
49	348
49	355
49	362
49	370
49	379
49	390
50	266
50	276
50	284
50	291
50	297
50	302
50	307
50	312
50	316
50	321
50	325
50	330
50	334
50	339
50	344
50	349
50	354
50	359
50	365
50	371
50	378
50	385
50	393
50	403
51	220
51	232
51	243
51	254
51	264
51	274
51	283
51	291
51	299
51	306
51	312
51	317
51	322
51	327
51	332
51	337
51	342
51	347
51	352
51	357
51	362
51	367
51	373
51	378
51	385
51	392
51	400
51	409
51	420
52	221
52	233
52	244
52	255
52	266
52	277
52	287
52	296
52	303
52	310
52	315
52	320
52	325
52	330
52	334
52	339
52	343
52	347
52	351
52	355
52	359
52	363
52	367
52	372
52	376
52	381
52	386
52	391
52	397
52	404
52	411
52	420
52	430
53	251
53	263
53	273
53	282
53	290
53	297
53	304
53	310
53	316
53	322
53	328
53	333
53	338
53	342
53	346
53	350
53	354
53	358
53	362
53	366
53	371
53	375
53	380
53	385
53	390
53	396
53	402
53	408
53	415
53	423
53	433
54	200
54	211
54	221
54	230
54	239
54	247
54	255
54	263
54	270
54	277
54	284
54	291
54	298
54	305
54	313
54	320
54	327
54	333
54	339
54	344
54	349
54	354
54	359
54	364
54	369
54	374
54	379
54	384
54	389
54	395
54	401
54	407
54	414
54	421
54	429
54	438
54	449
55	180
55	191
55	201
55	210
55	218
55	226
55	233
55	240
55	247
55	254
55	261
55	268
55	275
55	283
55	291
55	299
55	308
55	317
55	326
55	335
55	344
55	353
55	361
55	369
55	376
55	382
55	388
55	394
55	400
55	406
55	413
55	420
55	428
55	437
55	447
56	198
56	210
56	221
56	232
56	242
56	252
56	261
56	270
56	279
56	287
56	295
56	303
56	311
56	319
56	327
56	335
56	343
56	351
56	358
56	365
56	371
56	377
56	383
56	388
56	394
56	400
56	406
56	413
56	420
56	428
56	437
56	448
57	186
57	196
57	205
57	214
57	222
57	230
57	237
57	244
57	250
57	256
57	262
57	267
57	272
57	277
57	282
57	287
57	292
57	297
57	302
57	307
57	312
57	317
57	322
57	327
57	332
57	337
57	342
57	347
57	352
57	357
57	362
57	367
57	372
57	377
57	382
57	387
57	393
57	399
57	406
57	414
57	423
57	433
58	172
58	182
58	190
58	197
58	203
58	209
58	215
58	220
58	225
58	230
58	234
58	239
58	243
58	247
58	251
58	254
58	258
58	261
58	265
58	268
58	272
58	275
58	279
58	282
58	286
58	289
58	293
58	297
58	301
58	305
58	309
58	313
58	317
58	321
58	325
58	329
58	332
58	336
58	340
58	343
58	347
58	351
58	355
58	359
58	363
58	367
58	372
58	377
58	382
58	387
58	393
58	399
58	406
58	414
58	424
59	169
59	179
59	187
59	193
59	199
59	204
59	210
59	215
59	220
59	225
59	230
59	235
59	240
59	244
59	249
59	253
59	257
59	261
59	265
59	269
59	273
59	277
59	281
59	286
59	290
59	294
59	298
59	302
59	306
59	310
59	313
59	317
59	321
59	323
59	327
59	330
59	333
59	337
59	340
59	344
59	347
59	351
59	355
59	359
59	363
59	367
59	372
59	376
59	381
59	386
59	391
59	397
59	403
59	410
59	418
59	427
59	438
60	167
60	176
60	184
60	191
60	198
60	204
60	210
60	216
60	221
60	227
60	232
60	237
60	242
60	247
60	252
60	257
60	262
60	267
60	272
60	276
60	281
60	284
60	289
60	292
60	296
60	299
60	302
60	305
60	308
60	311
60	313
60	316
60	319
60	322
60	324
60	327
60	330
60	333
60	336
60	339
60	342
60	345
60	348
60	352
60	355
60	359
60	362
60	366
60	369
60	373
60	377
60	381
60	385
60	389
60	393
60	397
60	402
60	407
60	412
60	418
60	424
60	431
60	439
60	449
61	167
61	175
61	182
61	188
61	193
61	198
61	202
61	207
61	211
61	214
61	218
61	222
61	225
61	229
61	232
61	235
61	239
61	241
61	245
61	248
61	251
61	254
61	257
61	260
61	263
61	266
61	269
61	271
61	274
61	276
61	279
61	281
61	283
61	286
61	288
61	290
61	292
61	294
61	296
61	298
61	300
61	302
61	304
61	306
61	308
61	310
61	312
61	314
61	316
61	318
61	320
61	322
61	325
61	326
61	329
61	331
61	334
61	336
61	338
61	341
61	344
61	346
61	349
61	351
61	354
61	357
61	359
61	362
61	365
61	367
61	370
61	373
61	376
61	378
61	381
61	384
61	387
61	390
61	393
61	396
61	399
61	403
61	406
61	410
61	414
61	418
61	423
61	428
61	434
61	440
61	447
61	456
61	467
62	164
62	172
62	178
62	182
62	186
62	191
62	193
62	197
62	200
62	202
62	205
62	208
62	210
62	212
62	215
62	217
62	219
62	222
62	223
62	225
62	228
62	229
62	232
62	233
62	235
62	237
62	239
62	241
62	242
62	244
62	246
62	248
62	249
62	251
62	253
62	254
62	256
62	258
62	259
62	261
62	263
62	264
62	266
62	268
62	269
62	271
62	272
62	274
62	276
62	277
62	279
62	280
62	282
62	283
62	285
62	286
62	288
62	289
62	291
62	293
62	294
62	295
62	297
62	299
62	300
62	302
62	304
62	305
62	307
62	309
62	310
62	313
62	314
62	316
62	318
62	320
62	322
62	324
62	326
62	328
62	330
62	333
62	335
62	337
62	339
62	342
62	344
62	346
62	349
62	351
62	353
62	356
62	358
62	360
62	363
62	365
62	367
62	370
62	372
62	374
62	377
62	379
62	382
62	384
62	387
62	389
62	393
62	395
62	398
62	402
62	405
62	409
62	413
62	417
62	422
62	427
62	433
62	440
62	448
62	458
63	162
63	171
63	175
63	181
63	182
63	187
63	190
63	192
63	195
63	198
63	200
63	202
63	204
63	207
63	209
63	211
63	212
63	214
63	217
63	218
63	220
63	222
63	223
63	225
63	227
63	229
63	230
63	232
63	233
63	235
63	237
63	238
63	240
63	241
63	243
63	244
63	246
63	247
63	249
63	250
63	252
63	253
63	255
63	256
63	258
63	259
63	261
63	263
63	264
63	266
63	267
63	269
63	270
63	273
63	274
63	275
63	277
63	279
63	281
63	283
63	285
63	286
63	289
63	290
63	293
63	295
63	297
63	299
63	302
63	305
63	307
63	309
63	313
63	315
63	318
63	321
63	324
63	327
63	330
63	333
63	336
63	339
63	342
63	344
63	347
63	350
63	352
63	355
63	358
63	360
63	363
63	366
63	369
63	372
63	375
63	378
63	382
63	385
63	389
63	393
63	397
63	402
63	407
63	413
63	419
63	427
63	436
64	167
64	175
64	182
64	188
64	193
64	198
64	203
64	207
64	212
64	216
64	221
64	225
64	229
64	234
64	238
64	243
64	247
64	252
64	257
64	262
64	268
64	274
64	280
64	287
64	294
64	301
64	308
64	314
64	320
64	325
64	330
64	334
64	339
64	343
64	347
64	352
64	356
64	361
64	366
64	372
64	378
64	385
64	393
64	402
64	414
65	187
65	198
65	208
65	218
65	228
65	238
65	248
65	259
65	270
65	280
65	289
65	297
65	304
65	311
65	317
65	323
65	329
65	335
65	341
65	348
65	355
65	363
65	372
65	382
65	395
66	182
66	193
66	202
66	210
66	218
66	225
66	232
66	239
66	246
66	253
66	260
66	267
66	274
66	281
66	288
66	295
66	301
66	308
66	315
66	322
66	330
66	338
66	347
66	357
66	367
66	377
66	388
67	182
67	192
67	201
67	209
67	216
67	223
67	230
67	236
67	243
67	250
67	257
67	264
67	271
67	279
67	287
67	296
67	306
67	318
67	332
67	344
67	354
67	364
67	373
67	382
67	391
67	400
67	411
68	336
68	346
68	355
68	363
68	371
68	379
68	387
68	396
68	406
69	306
69	317
69	327
69	336
69	344
69	352
69	361
69	370
69	380
70	208
70	219
70	229
70	239
70	248
70	257
70	266
70	274
70	282
70	290
70	298
70	306
70	314
70	322
70	330
70	339
70	349
71	191
71	202
71	211
71	220
71	228
71	235
71	242
71	249
71	256
71	263
71	270
71	277
71	284
71	291
71	299
71	307
71	316
71	327
73	401
74	378
75	222
75	234
75	246
75	257
75	268
75	280
75	292
75	304
75	317
-1	-1
