-1	-1
8	310
8	321
8	332
8	342
8	352
8	362
8	373
8	384
8	396
9	293
9	304
9	314
9	323
9	331
9	339
9	346
9	353
9	360
9	366
9	372
9	378
9	385
9	391
9	398
9	405
9	412
9	420
9	428
9	437
9	448
10	278
10	288
10	297
10	304
10	311
10	318
10	324
10	330
10	335
10	341
10	346
10	351
10	356
10	361
10	366
10	371
10	376
10	381
10	386
10	392
10	397
10	403
10	409
10	416
10	423
10	430
10	437
10	445
10	454
10	464
10	475
11	277
11	286
11	294
11	301
11	307
11	313
11	318
11	323
11	328
11	333
11	337
11	342
11	346
11	350
11	354
11	358
11	362
11	366
11	370
11	373
11	377
11	381
11	384
11	388
11	392
11	395
11	399
11	403
11	407
11	411
11	415
11	419
11	424
11	428
11	433
11	438
11	443
11	448
11	454
11	460
11	467
11	475
11	484
11	494
12	270
12	279
12	286
12	292
12	298
12	303
12	308
12	312
12	317
12	321
12	325
12	329
12	333
12	336
12	340
12	343
12	347
12	350
12	353
12	357
12	360
12	363
12	366
12	370
12	372
12	376
12	379
12	382
12	385
12	388
12	391
12	394
12	397
12	400
12	404
12	406
12	410
12	413
12	417
12	420
12	424
12	428
12	432
12	436
12	440
12	445
12	449
12	454
12	459
12	465
12	471
12	478
12	486
12	495
12	506
13	270
13	279
13	286
13	292
13	298
13	303
13	308
13	313
13	317
13	322
13	325
13	330
13	333
13	337
13	341
13	344
13	348
13	351
13	354
13	358
13	360
13	364
13	366
13	370
13	372
13	375
13	378
13	381
13	384
13	387
13	390
13	393
13	396
13	399
13	402
13	405
13	408
13	411
13	414
13	417
13	421
13	424
13	428
13	431
13	436
13	439
13	444
13	448
13	453
13	458
13	464
13	470
13	477
13	485
13	494
14	279
14	289
14	298
14	306
14	313
14	320
14	326
14	332
14	338
14	343
14	349
14	353
14	358
14	362
14	367
14	371
14	375
14	380
14	384
14	389
14	393
14	398
14	402
14	407
14	412
14	417
14	423
14	429
14	436
14	443
14	451
14	460
14	471
15	272
15	282
15	290
15	298
15	305
15	311
15	317
15	323
15	328
15	333
15	338
15	343
15	348
15	353
15	358
15	363
15	368
15	374
15	379
15	385
15	392
15	399
15	407
15	416
15	427
16	271
16	281
16	289
16	296
16	302
16	308
16	313
16	319
16	324
16	329
16	334
16	339
16	344
16	349
16	354
16	359
16	364
16	369
16	375
16	381
16	387
16	394
16	401
16	409
16	418
17	281
17	291
17	300
17	308
17	315
17	322
17	329
17	336
17	343
17	350
17	357
17	364
17	371
17	378
17	386
17	395
17	405
17	416
18	297
18	308
18	318
18	328
18	338
18	347
18	357
18	367
18	378
19	310
19	322
19	333
19	344
19	355
19	367
20	329
20	342
21	318
21	330
21	342
21	354
22	292
22	303
22	314
22	324
22	334
22	344
22	354
22	365
22	377
23	278
23	289
23	299
23	308
23	317
23	325
23	333
23	341
23	350
23	359
23	368
23	378
23	388
23	399
24	267
24	276
24	284
24	291
24	298
24	305
24	311
24	317
24	323
24	329
24	335
24	342
24	348
24	355
24	362
24	369
24	377
24	385
24	393
24	402
24	411
24	421
24	433
25	260
25	269
25	276
25	282
25	288
25	293
25	298
25	303
25	308
25	312
25	317
25	321
25	326
25	330
25	335
25	339
25	344
25	349
25	354
25	359
25	364
25	369
25	375
25	381
25	387
25	393
25	399
25	406
25	413
25	421
25	429
25	438
25	449
26	261
26	270
26	277
26	283
26	288
26	293
26	297
26	302
26	305
26	310
26	313
26	317
26	321
26	324
26	328
26	331
26	335
26	338
26	342
26	345
26	349
26	352
26	356
26	359
26	363
26	367
26	371
26	375
26	379
26	383
26	387
26	392
26	396
26	401
26	406
26	411
26	417
26	423
26	430
26	438
26	447
27	268
27	277
27	284
27	291
27	296
27	302
27	306
27	311
27	315
27	320
27	323
27	328
27	331
27	335
27	339
27	342
27	346
27	350
27	353
27	357
27	360
27	364
27	368
27	371
27	375
27	379
27	383
27	387
27	391
27	396
27	400
27	405
27	410
27	416
27	422
27	429
27	437
27	447
28	276
28	286
28	295
28	303
28	310
28	317
28	323
28	329
28	334
28	340
28	345
28	350
28	355
28	360
28	365
28	370
28	375
28	380
28	385
28	391
28	397
28	403
28	410
28	418
28	427
28	438
29	280
29	291
29	301
29	310
29	319
29	327
29	335
29	343
29	350
29	357
29	364
29	371
29	378
29	385
29	393
29	401
29	410
29	421
30	289
30	300
30	310
30	319
30	328
30	337
30	346
30	355
30	363
30	371
30	379
30	387
30	396
30	406
31	288
31	299
31	308
31	317
31	325
31	333
31	341
31	349
31	356
31	363
31	370
31	377
31	385
31	394
31	404
32	281
32	292
32	301
32	310
32	318
32	326
32	334
32	342
32	350
32	357
32	364
32	372
32	380
32	388
32	397
32	408
33	272
33	282
33	291
33	299
33	307
33	314
33	321
33	328
33	335
33	342
33	349
33	356
33	363
33	371
33	379
33	388
33	398
34	267
34	277
34	285
34	292
34	299
34	305
34	311
34	317
34	323
34	329
34	335
34	341
34	347
34	354
34	361
34	368
34	376
34	384
34	393
34	404
35	259
35	268
35	275
35	281
35	287
35	292
35	297
35	302
35	307
35	312
35	317
35	322
35	327
35	332
35	337
35	342
35	347
35	353
35	359
35	365
35	371
35	378
35	386
35	395
35	405
36	257
36	265
36	271
36	276
36	281
36	285
36	290
36	293
36	298
36	301
36	305
36	309
36	312
36	316
36	320
36	324
36	328
36	332
36	336
36	340
36	345
36	349
36	354
36	359
36	364
36	369
36	375
36	381
36	388
36	396
36	405
36	416
37	258
37	267
37	273
37	279
37	283
37	288
37	291
37	295
37	299
37	302
37	305
37	309
37	312
37	315
37	318
37	321
37	324
37	327
37	330
37	334
37	337
37	340
37	344
37	347
37	351
37	355
37	359
37	363
37	368
37	372
37	377
37	383
37	389
37	396
37	404
37	413
37	424
38	260
38	269
38	275
38	281
38	285
38	290
38	293
38	297
38	300
38	303
38	306
38	309
38	312
38	314
38	317
38	320
38	322
38	325
38	327
38	330
38	332
38	335
38	337
38	340
38	343
38	345
38	348
38	351
38	354
38	357
38	360
38	364
38	367
38	371
38	375
38	379
38	384
38	388
38	394
38	399
38	406
38	413
38	421
38	431
39	262
39	271
39	278
39	283
39	289
39	292
39	297
39	301
39	303
39	307
39	310
39	312
39	315
39	318
39	321
39	322
39	325
39	328
39	330
39	332
39	335
39	337
39	339
39	342
39	344
39	347
39	349
39	352
39	354
39	357
39	359
39	363
39	365
39	368
39	371
39	375
39	378
39	382
39	386
39	390
39	395
39	399
39	405
39	411
39	418
39	426
39	436
40	269
40	278
40	285
40	291
40	296
40	301
40	305
40	310
40	313
40	318
40	321
40	325
40	328
40	332
40	335
40	338
40	342
40	344
40	348
40	351
40	354
40	358
40	361
40	365
40	368
40	373
40	376
40	381
40	386
40	391
40	397
40	403
40	410
40	418
40	428
41	271
41	281
41	289
41	295
41	301
41	306
41	311
41	315
41	320
41	323
41	327
41	331
41	333
41	337
41	340
41	343
41	346
41	349
41	352
41	355
41	358
41	361
41	365
41	368
41	372
41	376
41	379
41	384
41	388
41	393
41	398
41	404
41	410
41	417
41	425
41	435
42	277
42	286
42	294
42	301
42	308
42	314
42	320
42	325
42	330
42	334
42	339
42	343
42	347
42	351
42	355
42	359
42	363
42	367
42	372
42	376
42	381
42	386
42	392
42	398
42	405
42	413
42	422
42	434
43	279
43	289
43	297
43	304
43	311
43	317
43	323
43	329
43	334
43	339
43	343
43	348
43	352
43	356
43	360
43	365
43	369
43	374
43	378
43	384
43	389
43	395
43	401
43	408
43	416
43	425
44	289
44	299
44	308
44	316
44	323
44	330
44	336
44	342
44	347
44	352
44	356
44	361
44	365
44	370
44	375
44	380
44	385
44	391
44	397
44	404
44	411
44	420
44	430
45	299
45	310
45	320
45	329
45	337
45	344
45	351
45	356
45	362
45	367
45	373
45	378
45	384
45	390
45	397
45	404
45	412
45	421
45	434
46	297
46	308
46	318
46	327
46	335
46	342
46	349
46	354
46	360
46	364
46	369
46	374
46	379
46	384
46	389
46	394
46	400
46	406
46	413
46	420
46	429
46	440
47	293
47	304
47	314
47	324
47	333
47	342
47	350
47	357
47	363
47	369
47	374
47	379
47	384
47	390
47	396
47	402
47	408
47	415
47	423
47	432
47	444
48	296
48	307
48	317
48	326
48	335
48	343
48	351
48	358
48	364
48	370
48	374
48	379
48	384
48	389
48	394
48	399
48	405
48	410
48	416
48	423
48	431
48	440
48	451
49	302
49	313
49	323
49	333
49	342
49	350
49	358
49	364
49	370
49	375
49	380
49	385
49	390
49	395
49	400
49	405
49	411
49	417
49	424
49	431
49	439
49	449
50	306
50	317
50	327
50	336
50	344
50	352
50	359
50	366
50	372
50	378
50	383
50	388
50	393
50	398
50	403
50	408
50	414
50	419
50	426
50	433
50	441
50	450
50	461
51	300
51	311
51	321
51	330
51	338
51	345
51	352
51	359
51	365
51	371
51	375
51	380
51	384
51	389
51	393
51	397
51	401
51	405
51	409
51	414
51	418
51	424
51	429
51	435
51	442
51	449
51	458
51	468
52	301
52	312
52	322
52	331
52	340
52	348
52	356
52	363
52	370
52	376
52	382
52	388
52	393
52	398
52	403
52	408
52	413
52	419
52	425
52	431
52	438
52	446
52	455
52	465
53	292
53	303
53	313
53	322
53	331
53	339
53	347
53	354
53	361
53	367
53	373
53	379
53	384
53	389
53	393
53	398
53	402
53	406
53	410
53	415
53	419
53	424
53	429
53	434
53	439
53	445
53	452
53	459
53	467
53	476
53	486
54	298
54	309
54	318
54	327
54	335
54	342
54	349
54	355
54	361
54	367
54	372
54	377
54	382
54	386
54	391
54	394
54	398
54	402
54	405
54	409
54	412
54	416
54	419
54	423
54	427
54	431
54	435
54	439
54	444
54	449
54	454
54	460
54	466
54	473
54	480
54	488
54	497
54	507
55	298
55	309
55	319
55	328
55	337
55	345
55	353
55	361
55	369
55	376
55	383
55	390
55	396
55	402
55	407
55	412
55	417
55	422
55	427
55	432
55	437
55	443
55	449
55	455
55	461
55	468
55	475
55	483
55	491
55	500
55	510
56	289
56	300
56	309
56	318
56	327
56	335
56	343
56	350
56	357
56	363
56	369
56	374
56	380
56	385
56	390
56	395
56	400
56	404
56	409
56	413
56	417
56	422
56	426
56	430
56	435
56	439
56	444
56	448
56	453
56	458
56	463
56	468
56	474
56	480
56	486
56	493
56	500
56	508
56	517
56	527
57	289
57	300
57	310
57	319
57	328
57	336
57	343
57	350
57	355
57	361
57	365
57	370
57	374
57	378
57	382
57	386
57	390
57	394
57	398
57	401
57	405
57	409
57	412
57	416
57	419
57	423
57	426
57	430
57	433
57	437
57	441
57	445
57	449
57	453
57	457
57	461
57	465
57	469
57	474
57	478
57	483
57	488
57	493
57	498
57	504
57	510
57	517
57	525
57	534
57	545
58	283
58	293
58	302
58	310
58	318
58	325
58	332
58	339
58	345
58	351
58	357
58	362
58	368
58	373
58	378
58	383
58	388
58	393
58	398
58	403
58	408
58	413
58	418
58	423
58	427
58	432
58	436
58	441
58	445
58	450
58	454
58	459
58	464
58	469
58	474
58	479
58	484
58	489
58	494
58	499
58	505
58	510
58	516
58	523
58	531
58	540
58	553
59	278
59	287
59	294
59	301
59	306
59	312
59	317
59	322
59	326
59	331
59	335
59	339
59	343
59	347
59	351
59	355
59	359
59	363
59	366
59	370
59	374
59	377
59	381
59	385
59	389
59	393
59	397
59	401
59	405
59	409
59	413
59	418
59	422
59	427
59	431
59	435
59	439
59	443
59	447
59	452
59	456
59	461
59	465
59	470
59	475
59	480
59	485
59	490
59	495
59	501
59	507
59	513
59	520
59	528
59	537
60	272
60	281
60	289
60	294
60	300
60	304
60	309
60	312
60	316
60	320
60	323
60	326
60	330
60	332
60	335
60	338
60	341
60	343
60	346
60	348
60	351
60	353
60	355
60	358
60	360
60	362
60	365
60	367
60	369
60	371
60	374
60	376
60	378
60	380
60	383
60	384
60	387
60	389
60	391
60	393
60	396
60	397
60	400
60	402
60	405
60	407
60	409
60	412
60	414
60	417
60	419
60	422
60	425
60	427
60	430
60	433
60	436
60	439
60	442
60	445
60	448
60	452
60	455
60	459
60	462
60	466
60	469
60	474
60	477
60	482
60	486
60	491
60	496
60	502
60	508
60	515
60	523
60	532
61	271
61	280
61	288
61	295
61	301
61	306
61	311
61	315
61	320
61	323
61	327
61	331
61	333
61	337
61	340
61	342
61	346
61	348
61	351
61	353
61	356
61	358
61	361
61	362
61	365
61	367
61	369
61	372
61	373
61	375
61	378
61	379
61	382
61	383
61	386
61	387
61	390
61	392
61	394
61	396
61	398
61	400
61	402
61	405
61	406
61	409
61	411
61	414
61	416
61	418
61	421
61	424
61	426
61	429
61	432
61	435
61	437
61	441
61	444
61	447
61	450
61	454
61	457
61	461
61	464
61	468
61	472
61	476
61	480
61	485
61	489
61	495
61	500
61	506
61	513
61	521
61	531
62	271
62	280
62	287
62	293
62	299
62	305
62	310
62	316
62	321
62	327
62	332
62	338
62	343
62	349
62	354
62	360
62	365
62	370
62	375
62	380
62	386
62	391
62	397
62	402
62	408
62	414
62	420
62	426
62	432
62	438
62	444
62	450
62	456
62	463
62	470
62	477
62	484
62	492
62	500
62	509
62	520
63	271
63	280
63	286
63	292
63	296
63	301
63	304
63	309
63	312
63	316
63	319
63	323
63	326
63	330
63	333
63	336
63	340
63	343
63	347
63	350
63	354
63	357
63	361
63	365
63	369
63	373
63	377
63	381
63	386
63	390
63	395
63	399
63	404
63	408
63	413
63	418
63	423
63	428
63	433
63	438
63	444
63	450
63	456
63	463
63	470
63	477
63	484
63	491
63	499
63	507
63	516
63	527
64	277
64	284
64	291
64	294
64	300
64	302
64	307
64	310
64	313
64	316
64	319
64	322
64	324
64	327
64	330
64	332
64	335
64	337
64	340
64	342
64	345
64	347
64	350
64	352
64	355
64	357
64	360
64	363
64	365
64	368
64	371
64	373
64	376
64	379
64	382
64	385
64	388
64	391
64	394
64	397
64	400
64	403
64	406
64	409
64	413
64	416
64	420
64	424
64	428
64	432
64	436
64	441
64	446
64	451
64	456
64	461
64	467
64	473
64	479
64	485
64	492
64	499
64	507
64	516
64	527
65	287
65	296
65	303
65	310
65	315
65	320
65	325
65	330
65	334
65	339
65	343
65	347
65	351
65	355
65	359
65	363
65	367
65	372
65	376
65	381
65	385
65	390
65	395
65	400
65	405
65	410
65	415
65	420
65	426
65	431
65	437
65	443
65	449
65	455
65	461
65	467
65	473
65	479
65	486
65	493
65	501
65	510
66	290
66	301
66	311
66	320
66	329
66	338
66	347
66	356
66	366
66	376
66	386
66	396
66	406
66	416
66	425
66	434
66	442
66	450
66	458
66	466
66	474
66	483
66	492
66	502
67	281
67	291
67	299
67	306
67	312
67	318
67	324
67	330
67	336
67	341
67	347
67	352
67	358
67	364
67	370
67	376
67	382
67	388
67	394
67	400
67	406
67	413
67	420
67	427
67	434
67	442
67	450
67	459
67	468
67	478
67	489
68	286
68	295
68	302
68	309
68	315
68	321
68	326
68	331
68	336
68	341
68	346
68	351
68	355
68	360
68	364
68	369
68	373
68	378
68	382
68	387
68	392
68	397
68	402
68	407
68	413
68	419
68	425
68	432
68	439
68	447
68	455
68	464
68	473
68	483
68	493
68	503
68	515
69	299
69	310
69	320
69	330
69	339
69	348
69	357
69	366
69	375
69	384
69	394
69	404
69	415
69	427
69	439
69	450
69	460
69	470
69	479
69	488
69	497
69	507
69	518
70	288
70	299
70	309
70	318
70	327
70	336
70	345
70	354
70	363
70	372
70	382
70	392
70	402
70	413
70	424
70	435
70	445
70	454
70	463
70	471
70	480
70	489
70	499
71	281
71	290
71	298
71	304
71	310
71	316
71	321
71	326
71	331
71	336
71	341
71	346
71	351
71	356
71	361
71	366
71	371
71	376
71	381
71	387
71	392
71	398
71	404
71	410
71	416
71	423
71	430
71	437
71	444
71	452
71	460
71	469
71	479
71	490
72	286
72	295
72	302
72	309
72	314
72	320
72	325
72	330
72	334
72	339
72	343
72	348
72	352
72	357
72	361
72	366
72	370
72	375
72	379
72	384
72	388
72	393
72	398
72	403
72	408
72	414
72	420
72	427
72	434
72	442
72	451
72	461
72	474
73	500
74	476
74	486
74	495
74	503
74	512
74	521
74	531
75	277
75	287
75	296
75	304
75	312
75	320
75	328
75	336
75	344
75	352
75	360
75	368
75	377
75	386
75	396
75	406
75	417
75	428
75	439
75	450
75	461
75	471
75	481
75	491
75	501
75	511
75	522
76	288
76	298
76	307
76	315
76	323
76	331
76	339
76	347
76	355
76	363
76	371
76	379
76	387
76	396
76	405
76	415
76	426
-1	-1
