-1	-1
0	261
0	274
7	180
7	191
7	202
7	212
7	222
7	232
7	242
7	253
7	264
7	275
7	286
7	299
8	168
8	178
8	187
8	195
8	203
8	211
8	219
8	227
8	235
8	243
8	251
8	260
8	269
8	278
8	288
8	298
8	309
9	169
9	179
9	188
9	196
9	204
9	212
9	220
9	228
9	236
9	244
9	253
9	262
9	271
9	280
9	289
9	298
9	308
9	318
9	329
9	341
10	170
10	180
10	189
10	197
10	205
10	212
10	219
10	226
10	233
10	240
10	247
10	255
10	262
10	270
10	277
10	285
10	293
10	301
10	310
10	319
10	329
10	339
10	350
10	362
11	179
11	189
11	198
11	206
11	213
11	220
11	227
11	234
11	241
11	248
11	255
11	262
11	269
11	277
11	285
11	293
11	301
11	309
11	318
11	327
11	336
11	346
11	356
11	367
12	178
12	188
12	196
12	204
12	211
12	218
12	224
12	230
12	236
12	242
12	248
12	254
12	260
12	266
12	273
12	280
12	287
12	294
12	301
12	308
12	316
12	324
12	332
12	340
12	349
12	359
12	370
13	170
13	180
13	188
13	195
13	202
13	208
13	214
13	220
13	226
13	232
13	238
13	244
13	250
13	256
13	262
13	268
13	275
13	282
13	289
13	296
13	303
13	310
13	317
13	324
13	331
13	338
13	345
13	353
13	361
13	370
13	380
13	391
14	167
14	176
14	183
14	190
14	196
14	202
14	207
14	212
14	217
14	222
14	227
14	232
14	237
14	242
14	247
14	253
14	258
14	264
14	270
14	276
14	282
14	288
14	294
14	300
14	306
14	312
14	318
14	324
14	330
14	336
14	342
14	348
14	354
14	360
14	367
14	374
14	382
14	390
14	399
14	409
15	161
15	171
15	179
15	185
15	191
15	196
15	202
15	207
15	212
15	217
15	222
15	227
15	232
15	237
15	242
15	247
15	252
15	257
15	262
15	267
15	273
15	278
15	284
15	289
15	295
15	301
15	307
15	313
15	319
15	325
15	331
15	337
15	343
15	350
15	357
15	364
15	372
15	380
15	388
15	397
15	407
16	163
16	172
16	180
16	186
16	192
16	197
16	202
16	207
16	212
16	216
16	221
16	225
16	230
16	234
16	239
16	243
16	248
16	253
16	258
16	263
16	268
16	273
16	278
16	284
16	289
16	295
16	301
16	307
16	314
16	321
16	328
16	336
16	344
16	352
16	361
16	370
16	380
16	390
16	404
17	168
17	178
17	186
17	192
17	198
17	203
17	209
17	213
17	218
17	223
17	227
17	232
17	236
17	241
17	246
17	251
17	256
17	261
17	266
17	271
17	276
17	282
17	287
17	293
17	299
17	306
17	313
17	321
17	329
17	338
17	348
17	358
17	369
18	181
18	191
18	199
18	206
18	213
18	219
18	225
18	230
18	236
18	241
18	247
18	252
18	258
18	263
18	269
18	275
18	281
18	287
18	294
18	301
18	308
18	316
18	324
18	333
18	343
18	354
19	221
19	232
19	242
19	251
19	260
19	268
19	276
19	284
19	292
19	300
19	308
19	316
19	325
19	334
19	344
19	355
20	266
20	276
20	285
20	293
20	301
20	309
20	317
20	325
20	333
20	342
20	352
21	277
21	288
21	297
21	306
21	314
21	322
21	331
21	340
21	350
22	280
22	291
22	301
22	310
22	319
22	328
22	338
23	282
23	294
23	305
23	316
23	328
24	182
24	193
24	203
24	213
24	223
24	233
24	243
24	254
24	266
24	280
25	172
25	182
25	190
25	198
25	205
25	212
25	219
25	226
25	233
25	240
25	248
25	256
25	265
25	274
25	284
25	295
26	163
26	172
26	180
26	186
26	192
26	197
26	202
26	207
26	212
26	217
26	222
26	227
26	232
26	237
26	242
26	247
26	253
26	258
26	264
26	270
26	277
26	284
26	292
26	301
26	311
27	161
27	170
27	177
27	183
27	188
27	193
27	197
27	202
27	205
27	210
27	213
27	218
27	221
27	225
27	229
27	233
27	237
27	241
27	245
27	249
27	253
27	257
27	261
27	266
27	270
27	275
27	280
27	286
27	292
27	298
27	305
27	313
27	322
28	162
28	171
28	179
28	184
28	190
28	194
28	199
28	203
28	207
28	211
28	215
28	219
28	223
28	226
28	230
28	234
28	237
28	241
28	244
28	248
28	251
28	255
28	258
28	262
28	265
28	269
28	273
28	277
28	281
28	285
28	289
28	294
28	299
28	305
28	311
28	318
28	326
28	336
29	172
29	182
29	191
29	199
29	206
29	212
29	218
29	224
29	230
29	235
29	240
29	244
29	249
29	252
29	256
29	260
29	263
29	267
29	271
29	275
29	279
29	283
29	287
29	292
29	297
29	302
29	308
29	314
29	321
29	329
29	339
30	178
30	188
30	197
30	205
30	213
30	220
30	227
30	234
30	240
30	246
30	252
30	257
30	262
30	267
30	272
30	277
30	283
30	288
30	294
30	301
30	308
30	316
30	326
31	176
31	186
31	195
31	203
31	211
31	219
31	226
31	233
31	240
31	247
31	253
31	260
31	267
31	274
31	281
31	289
31	298
31	308
32	171
32	181
32	190
32	198
32	206
32	213
32	220
32	227
32	234
32	241
32	248
32	255
32	262
32	270
32	278
32	287
32	297
33	162
33	172
33	180
33	187
33	193
33	199
33	205
33	211
33	217
33	223
33	229
33	235
33	241
33	247
33	254
33	261
33	268
33	276
33	285
33	295
34	161
34	170
34	178
34	184
34	190
34	195
34	200
34	205
34	210
34	215
34	220
34	225
34	230
34	235
34	240
34	245
34	251
34	257
34	263
34	269
34	276
34	283
34	291
34	300
34	313
35	160
35	169
35	177
35	183
35	189
35	193
35	198
35	202
35	207
35	211
35	216
35	220
35	225
35	229
35	234
35	238
35	243
35	248
35	253
35	258
35	264
35	270
35	277
35	284
35	292
35	301
35	312
36	152
36	161
36	168
36	174
36	180
36	184
36	189
36	193
36	197
36	201
36	205
36	209
36	212
36	216
36	219
36	223
36	227
36	230
36	234
36	238
36	242
36	246
36	250
36	255
36	259
36	265
36	270
36	276
36	282
36	289
36	297
36	306
36	317
37	150
37	159
37	164
37	170
37	174
37	179
37	182
37	186
37	190
37	193
37	196
37	200
37	202
37	206
37	209
37	212
37	215
37	218
37	221
37	224
37	227
37	230
37	233
37	236
37	239
37	242
37	246
37	249
37	253
37	256
37	260
37	264
37	268
37	273
37	277
37	283
37	288
37	295
37	302
37	310
37	320
38	151
38	160
38	168
38	174
38	180
38	185
38	190
38	193
38	198
38	201
38	205
38	208
38	212
38	214
38	218
38	221
38	223
38	227
38	229
38	232
38	235
38	238
38	241
38	244
38	247
38	250
38	253
38	257
38	259
38	264
38	267
38	271
38	275
38	279
38	284
38	289
38	295
38	301
38	308
38	316
38	326
39	162
39	172
39	180
39	188
39	195
39	201
39	207
39	212
39	217
39	221
39	225
39	229
39	233
39	236
39	240
39	243
39	247
39	250
39	254
39	257
39	261
39	265
39	269
39	273
39	278
39	282
39	287
39	293
39	299
39	306
39	314
39	323
39	335
40	183
40	194
40	204
40	212
40	220
40	227
40	233
40	239
40	244
40	249
40	254
40	259
40	264
40	269
40	275
40	280
40	286
40	293
40	300
40	308
40	318
41	192
41	203
41	212
41	220
41	227
41	233
41	239
41	245
41	250
41	255
41	260
41	265
41	270
41	275
41	281
41	287
41	293
41	300
41	308
41	317
41	328
42	197
42	208
42	217
42	225
42	232
42	239
42	245
42	251
42	256
42	261
42	266
42	271
42	276
42	282
42	288
42	294
42	301
42	309
42	318
42	328
43	210
43	221
43	231
43	240
43	248
43	255
43	261
43	267
43	273
43	279
43	285
43	292
43	299
43	307
43	316
43	326
44	239
44	250
44	260
44	268
44	276
44	284
44	292
44	301
44	311
44	323
45	241
45	253
45	263
45	272
45	280
45	288
45	297
45	306
45	316
46	222
46	234
46	245
46	256
46	266
46	275
46	283
46	291
46	300
46	309
46	319
47	232
47	246
47	258
47	268
47	277
47	286
47	295
47	304
47	313
47	323
48	267
48	278
48	287
48	296
48	305
48	314
48	324
48	335
49	271
49	282
49	291
49	300
49	308
49	317
49	326
49	336
49	347
50	276
50	286
50	294
50	302
50	310
50	318
50	326
50	335
50	345
50	356
51	266
51	277
51	286
51	294
51	301
51	308
51	315
51	322
51	330
51	338
51	347
51	357
51	369
52	251
52	263
52	274
52	284
52	293
52	301
52	309
52	317
52	325
52	333
52	342
52	351
52	361
53	256
53	267
53	277
53	286
53	294
53	302
53	309
53	316
53	323
53	330
53	338
53	346
53	355
53	364
53	374
54	247
54	258
54	268
54	278
54	287
54	295
54	303
54	311
54	319
54	327
54	335
54	343
54	352
54	361
54	371
54	382
55	237
55	248
55	258
55	267
55	276
55	285
55	293
55	301
55	309
55	317
55	325
55	333
55	341
55	349
55	357
55	365
55	374
55	384
55	396
56	220
56	231
56	241
56	250
56	259
56	267
56	275
56	282
56	289
56	296
56	303
56	310
56	316
56	322
56	328
56	334
56	340
56	346
56	352
56	358
56	364
56	370
56	377
56	384
56	392
56	401
56	414
57	197
57	207
57	216
57	224
57	232
57	239
57	245
57	251
57	257
57	262
57	267
57	272
57	277
57	281
57	286
57	290
57	295
57	299
57	303
57	307
57	311
57	315
57	319
57	323
57	327
57	331
57	335
57	339
57	344
57	348
57	353
57	357
57	362
57	367
57	372
57	377
57	383
57	389
57	396
57	404
57	413
58	190
58	200
58	209
58	217
58	224
58	231
58	237
58	243
58	248
58	252
58	257
58	261
58	264
58	268
58	271
58	274
58	277
58	281
58	283
58	286
58	289
58	292
58	294
58	297
58	300
58	302
58	305
58	308
58	310
58	314
58	316
58	319
58	322
58	325
58	328
58	331
58	335
58	337
58	341
58	344
58	348
58	351
58	355
58	359
58	363
58	367
58	371
58	376
58	381
58	386
58	392
58	398
58	406
58	415
58	426
59	189
59	199
59	208
59	216
59	223
59	230
59	235
59	241
59	246
59	251
59	255
59	260
59	263
59	267
59	271
59	273
59	277
59	280
59	283
59	286
59	289
59	292
59	294
59	298
59	300
59	303
59	306
59	309
59	312
59	315
59	318
59	321
59	324
59	327
59	330
59	334
59	337
59	340
59	344
59	347
59	351
59	354
59	358
59	361
59	365
59	369
59	373
59	377
59	382
59	386
59	391
59	397
59	403
59	410
59	418
59	427
59	438
60	187
60	196
60	203
60	210
60	215
60	221
60	225
60	230
60	233
60	237
60	241
60	243
60	247
60	250
60	253
60	256
60	259
60	262
60	265
60	268
60	271
60	274
60	277
60	280
60	283
60	286
60	289
60	292
60	295
60	298
60	301
60	304
60	307
60	310
60	313
60	316
60	319
60	322
60	325
60	328
60	331
60	334
60	337
60	340
60	343
60	346
60	349
60	352
60	355
60	358
60	361
60	364
60	367
60	370
60	374
60	377
60	380
60	384
60	387
60	391
60	395
60	399
60	404
60	409
60	415
60	421
60	428
60	436
60	445
60	457
61	181
61	190
61	198
61	204
61	210
61	215
61	220
61	223
61	228
61	231
61	234
61	238
61	241
61	243
61	247
61	249
61	252
61	254
61	257
61	259
61	262
61	264
61	266
61	269
61	271
61	273
61	275
61	278
61	280
61	282
61	284
61	286
61	289
61	290
61	293
61	294
61	297
61	299
61	301
61	303
61	305
61	307
61	309
61	311
61	314
61	315
61	318
61	320
61	322
61	325
61	326
61	329
61	331
61	334
61	336
61	338
61	341
61	343
61	345
61	348
61	350
61	353
61	355
61	357
61	360
61	362
61	365
61	367
61	370
61	373
61	375
61	378
61	381
61	384
61	387
61	390
61	394
61	397
61	401
61	405
61	409
61	414
61	418
61	424
61	430
61	437
61	445
61	455
62	181
62	191
62	199
62	205
62	211
62	217
62	222
62	227
62	232
62	237
62	241
62	245
62	250
62	253
62	257
62	261
62	264
62	268
62	271
62	274
62	277
62	280
62	283
62	285
62	289
62	291
62	294
62	297
62	299
62	302
62	305
62	307
62	310
62	313
62	315
62	318
62	321
62	323
62	326
62	329
62	331
62	334
62	336
62	339
62	341
62	344
62	346
62	349
62	351
62	354
62	357
62	359
62	362
62	365
62	368
62	371
62	374
62	377
62	380
62	384
62	387
62	391
62	395
62	399
62	404
62	409
62	415
62	421
62	428
62	436
62	446
63	182
63	191
63	198
63	203
63	208
63	212
63	216
63	220
63	223
63	227
63	230
63	233
63	236
63	240
63	242
63	246
63	249
63	252
63	255
63	259
63	262
63	265
63	269
63	272
63	276
63	279
63	283
63	287
63	291
63	295
63	299
63	303
63	307
63	311
63	314
63	318
63	321
63	324
63	328
63	331
63	333
63	337
63	339
63	342
63	345
63	348
63	351
63	354
63	357
63	360
63	363
63	366
63	369
63	373
63	376
63	379
63	383
63	387
63	391
63	396
63	400
63	406
63	411
63	417
63	424
63	432
63	442
64	183
64	191
64	197
64	202
64	205
64	210
64	212
64	216
64	219
64	222
64	224
64	227
64	230
64	232
64	234
64	237
64	239
64	242
64	244
64	246
64	249
64	251
64	253
64	256
64	258
64	260
64	263
64	265
64	268
64	270
64	273
64	276
64	278
64	281
64	284
64	287
64	290
64	293
64	296
64	299
64	302
64	305
64	308
64	311
64	314
64	317
64	320
64	323
64	326
64	329
64	332
64	335
64	338
64	341
64	344
64	347
64	350
64	353
64	356
64	359
64	362
64	365
64	368
64	371
64	375
64	378
64	382
64	385
64	389
64	393
64	397
64	402
64	407
64	413
64	419
64	426
64	434
64	444
65	188
65	196
65	202
65	208
65	213
65	218
65	223
65	227
65	232
65	236
65	241
65	245
65	250
65	254
65	259
65	263
65	268
65	272
65	277
65	282
65	287
65	292
65	297
65	302
65	307
65	312
65	318
65	323
65	329
65	335
65	341
65	346
65	351
65	356
65	361
65	366
65	371
65	376
65	381
65	387
65	393
65	400
65	407
65	416
65	426
66	202
66	213
66	223
66	232
66	241
66	249
66	257
66	265
66	273
66	281
66	289
66	297
66	306
66	314
66	322
66	330
66	338
66	345
66	352
66	360
66	368
66	376
66	385
66	395
67	202
67	213
67	223
67	232
67	240
67	248
67	256
67	263
67	270
67	277
67	284
67	291
67	298
67	305
67	313
67	321
67	329
67	337
67	345
67	353
67	361
67	369
67	377
67	386
67	397
68	268
68	280
68	291
68	303
68	315
68	327
68	338
68	347
68	355
68	362
68	369
68	376
68	384
68	393
68	403
69	321
69	332
69	342
69	351
69	359
69	367
69	376
69	386
70	227
70	239
70	251
70	263
70	309
70	321
70	332
70	343
70	354
71	226
71	237
71	248
71	259
71	270
71	281
71	293
71	307
72	210
72	220
72	229
72	238
72	246
72	254
72	262
72	269
72	277
72	285
72	293
72	301
72	309
72	317
72	325
72	333
72	341
72	350
72	359
72	369
72	381
73	202
73	212
73	220
73	227
73	233
73	239
73	244
73	250
73	255
73	260
73	265
73	270
73	275
73	280
73	285
73	290
73	295
73	300
73	305
73	310
73	315
73	320
73	325
73	330
73	336
73	342
73	348
73	355
73	363
73	372
73	382
74	217
74	228
74	238
74	247
74	255
74	263
74	271
74	278
74	285
74	292
74	299
74	306
74	313
74	321
74	329
74	338
74	348
74	359
76	228
76	239
76	249
76	259
76	269
76	279
76	289
76	300
76	311
76	323
76	335
76	346
76	357
76	367
76	377
76	388
77	249
77	261
77	272
77	284
77	296
-1	-1
