-1	-1
9	278
9	290
10	242
10	255
10	268
10	281
10	294
11	177
11	188
11	199
11	210
11	220
11	230
11	240
11	250
11	260
11	271
11	282
11	292
11	303
11	314
12	169
12	179
12	189
12	198
12	207
12	216
12	225
12	234
12	243
12	252
12	261
12	270
12	279
12	288
12	297
12	306
12	315
12	325
12	335
12	347
13	178
13	189
13	200
13	211
13	222
13	233
13	244
13	254
13	264
13	273
13	282
13	290
13	298
13	305
13	312
13	319
13	327
13	335
13	344
13	353
13	363
14	272
14	282
14	291
14	299
14	306
14	312
14	318
14	324
14	330
14	336
14	343
14	350
14	358
14	367
14	377
15	287
15	297
15	306
15	314
15	321
15	328
15	335
15	343
15	351
15	360
15	370
15	384
16	200
16	213
16	287
16	299
16	310
16	322
17	172
17	183
17	192
17	201
17	210
17	219
17	228
17	237
17	246
17	256
17	266
17	276
17	286
17	297
17	309
18	169
18	179
18	188
18	196
18	203
18	210
18	217
18	224
18	231
18	238
18	246
18	254
18	262
18	270
18	279
18	288
18	298
18	309
19	168
19	178
19	187
19	195
19	202
19	209
19	216
19	223
19	230
19	237
19	244
19	251
19	258
19	266
19	274
19	282
19	291
19	300
19	311
20	170
20	180
20	189
20	198
20	206
20	214
20	221
20	229
20	237
20	245
20	253
20	261
20	269
20	277
20	286
20	295
20	305
21	168
21	178
21	188
21	197
21	205
21	213
21	221
21	229
21	237
21	245
21	253
21	261
21	270
21	279
21	289
21	300
22	169
22	180
22	190
22	199
22	208
22	216
22	224
22	232
22	240
22	248
22	257
22	266
22	276
22	286
22	298
23	169
23	180
23	190
23	199
23	208
23	217
23	225
23	233
23	242
23	251
23	260
23	269
23	279
23	290
23	304
24	163
24	173
24	182
24	191
24	199
24	207
24	215
24	223
24	231
24	239
24	247
24	255
24	264
24	273
24	282
24	292
24	302
24	314
25	161
25	171
25	179
25	187
25	194
25	201
25	207
25	213
25	219
25	225
25	231
25	238
25	245
25	252
25	259
25	266
25	274
25	282
25	290
25	298
25	307
25	316
25	326
25	338
26	159
26	169
26	178
26	186
26	193
26	199
26	205
26	210
26	215
26	220
26	225
26	230
26	236
26	241
26	247
26	253
26	259
26	265
26	271
26	277
26	283
26	289
26	295
26	301
26	307
26	313
26	320
26	327
26	334
26	342
26	350
26	359
26	369
26	381
27	159
27	169
27	178
27	186
27	192
27	198
27	203
27	208
27	213
27	217
27	222
27	226
27	231
27	235
27	240
27	244
27	248
27	253
27	257
27	261
27	266
27	270
27	274
27	278
27	282
27	286
27	290
27	294
27	298
27	302
27	306
27	310
27	314
27	318
27	323
27	327
27	332
27	337
27	342
27	347
27	353
27	359
27	365
27	372
27	379
27	387
27	396
27	407
28	160
28	170
28	178
28	185
28	192
28	198
28	203
28	208
28	212
28	217
28	221
28	225
28	229
28	233
28	237
28	241
28	244
28	248
28	251
28	255
28	258
28	262
28	265
28	268
28	272
28	275
28	278
28	281
28	284
28	287
28	290
28	293
28	296
28	299
28	302
28	305
28	308
28	311
28	315
28	317
28	321
28	324
28	328
28	331
28	335
28	339
28	343
28	347
28	352
28	356
28	361
28	366
28	371
28	377
28	383
28	389
28	396
28	404
28	414
29	168
29	178
29	187
29	195
29	202
29	209
29	214
29	220
29	224
29	229
29	233
29	238
29	242
29	246
29	250
29	253
29	257
29	260
29	263
29	267
29	270
29	273
29	276
29	279
29	282
29	285
29	288
29	291
29	294
29	297
29	300
29	304
29	307
29	310
29	314
29	317
29	321
29	325
29	329
29	334
29	338
29	344
29	349
29	355
29	361
29	367
29	374
29	382
29	391
29	402
30	179
30	190
30	199
30	207
30	214
30	221
30	227
30	233
30	238
30	243
30	247
30	252
30	256
30	260
30	264
30	268
30	272
30	276
30	280
30	284
30	288
30	292
30	296
30	301
30	305
30	310
30	315
30	321
30	327
30	334
30	342
30	351
30	361
31	178
31	189
31	198
31	207
31	215
31	222
31	229
31	235
31	241
31	246
31	251
31	256
31	261
31	266
31	271
31	276
31	282
31	287
31	293
31	299
31	306
31	314
31	323
31	333
32	170
32	180
32	189
32	198
32	206
32	213
32	220
32	227
32	233
32	239
32	245
32	251
32	257
32	263
32	269
32	275
32	282
32	289
32	297
32	306
32	316
33	162
33	172
33	180
33	188
33	195
33	201
33	207
33	213
33	219
33	225
33	231
33	237
33	244
33	251
33	258
33	265
33	273
33	281
33	290
33	300
34	158
34	166
34	173
34	179
34	184
34	189
34	193
34	198
34	202
34	206
34	210
34	214
34	218
34	223
34	227
34	232
34	236
34	241
34	246
34	251
34	256
34	262
34	268
34	274
34	281
34	288
34	296
34	305
34	316
35	151
35	160
35	165
35	171
35	174
35	179
35	182
35	186
35	189
35	192
35	195
35	198
35	201
35	203
35	207
35	209
35	212
35	215
35	218
35	220
35	224
35	226
35	229
35	232
35	235
35	238
35	241
35	245
35	248
35	252
35	255
35	259
35	263
35	267
35	272
35	276
35	281
35	286
35	292
35	298
35	305
35	313
35	322
35	335
36	149
36	157
36	162
36	167
36	172
36	175
36	180
36	182
36	186
36	189
36	192
36	194
36	197
36	200
36	202
36	204
36	207
36	209
36	212
36	214
36	216
36	219
36	221
36	224
36	226
36	228
36	231
36	234
36	236
36	239
36	242
36	245
36	247
36	251
36	254
36	257
36	260
36	264
36	267
36	271
36	275
36	279
36	284
36	289
36	295
36	301
36	308
36	316
36	325
36	336
37	152
37	161
37	168
37	173
37	179
37	183
37	188
37	192
37	196
37	200
37	203
37	207
37	210
37	213
37	217
37	220
37	223
37	226
37	230
37	233
37	236
37	240
37	243
37	247
37	251
37	255
37	259
37	264
37	268
37	273
37	278
37	284
37	290
37	297
37	305
37	314
37	324
38	167
38	177
38	185
38	192
38	199
38	204
38	209
38	213
38	217
38	221
38	225
38	229
38	232
38	236
38	240
38	243
38	247
38	251
38	255
38	259
38	264
38	268
38	273
38	278
38	283
38	289
38	295
38	302
38	309
38	318
38	328
39	187
39	197
39	204
39	211
39	216
39	221
39	226
39	230
39	234
39	238
39	242
39	246
39	250
39	254
39	258
39	262
39	266
39	270
39	275
39	279
39	284
39	289
39	295
39	301
39	308
39	316
39	325
39	336
40	197
40	206
40	213
40	219
40	223
40	228
40	232
40	235
40	239
40	242
40	245
40	249
40	252
40	255
40	259
40	262
40	266
40	269
40	273
40	277
40	281
40	285
40	289
40	294
40	299
40	305
40	311
40	318
40	326
40	335
40	346
41	197
41	206
41	213
41	220
41	224
41	229
41	232
41	236
41	240
41	243
41	247
41	250
41	254
41	257
41	261
41	265
41	268
41	273
41	276
41	281
41	285
41	290
41	295
41	301
41	307
41	314
41	322
41	331
41	342
42	198
42	208
42	217
42	225
42	232
42	238
42	243
42	248
42	253
42	257
42	262
42	266
42	271
42	276
42	281
42	286
42	292
42	298
42	305
42	312
42	320
42	329
42	340
43	201
43	212
43	221
43	229
43	235
43	241
43	245
43	250
43	254
43	259
43	263
43	267
43	272
43	276
43	281
43	286
43	291
43	296
43	302
43	308
43	315
43	323
43	332
43	343
44	207
44	218
44	227
44	235
44	242
44	248
44	254
44	260
44	265
44	271
44	276
44	282
44	288
44	294
44	301
44	308
44	316
44	325
44	336
45	216
45	226
45	234
45	241
45	246
45	252
45	256
45	261
45	265
45	270
45	274
45	279
45	284
45	289
45	294
45	300
45	306
45	313
45	320
45	328
45	338
46	229
46	239
46	248
46	255
46	261
46	267
46	273
46	278
46	284
46	290
46	296
46	303
46	310
46	318
46	327
46	338
47	242
47	253
47	262
47	270
47	277
47	284
47	291
47	298
47	306
47	315
47	325
47	336
48	238
48	249
48	258
48	265
48	271
48	277
48	283
48	289
48	295
48	301
48	307
48	314
48	321
48	329
48	338
48	349
49	249
49	259
49	267
49	274
49	281
49	288
49	295
49	302
49	309
49	317
49	325
49	334
49	345
50	240
50	251
50	260
50	268
50	275
50	281
50	287
50	293
50	300
50	307
50	315
50	323
50	332
50	343
51	242
51	253
51	262
51	270
51	276
51	282
51	287
51	292
51	297
51	303
51	308
51	314
51	320
51	327
51	334
51	342
51	351
51	361
51	372
52	263
52	273
52	281
52	289
52	296
52	303
52	310
52	317
52	325
52	333
52	342
52	352
52	363
52	375
53	266
53	276
53	284
53	292
53	299
53	306
53	313
53	320
53	327
53	335
53	343
53	352
53	362
53	372
53	383
54	238
54	249
54	259
54	268
54	276
54	283
54	289
54	294
54	300
54	304
54	309
54	314
54	319
54	324
54	329
54	335
54	341
54	347
54	354
54	361
54	369
54	378
54	388
55	218
55	229
55	238
55	246
55	254
55	262
55	269
55	276
55	282
55	288
55	294
55	300
55	305
55	311
55	316
55	322
55	328
55	334
55	340
55	347
55	354
55	361
55	369
55	377
55	386
55	396
56	208
56	218
56	227
56	234
56	241
56	247
56	253
56	258
56	263
56	268
56	273
56	278
56	283
56	288
56	293
56	298
56	303
56	308
56	313
56	318
56	323
56	328
56	333
56	338
56	344
56	349
56	355
56	360
56	366
56	372
56	378
56	385
56	392
56	400
56	408
56	418
57	199
57	210
57	219
57	227
57	234
57	241
57	247
57	253
57	259
57	264
57	269
57	274
57	279
57	283
57	288
57	292
57	296
57	300
57	304
57	308
57	312
57	316
57	320
57	324
57	328
57	332
57	336
57	340
57	344
57	348
57	352
57	356
57	360
57	365
57	369
57	374
57	379
57	384
57	389
57	395
57	401
57	408
57	416
57	425
57	436
58	191
58	202
58	212
58	222
58	231
58	240
58	249
58	258
58	266
58	274
58	282
58	289
58	296
58	302
58	308
58	313
58	319
58	324
58	329
58	334
58	339
58	345
58	350
58	356
58	362
58	368
58	375
58	383
58	391
58	400
58	411
59	201
59	212
59	222
59	231
59	239
59	246
59	253
59	260
59	266
59	272
59	278
59	284
59	290
59	296
59	302
59	308
59	314
59	320
59	326
59	332
59	338
59	344
59	350
59	356
59	363
59	370
59	377
59	385
59	394
59	404
60	198
60	209
60	218
60	227
60	235
60	242
60	249
60	255
60	261
60	266
60	271
60	276
60	281
60	285
60	290
60	294
60	299
60	303
60	308
60	312
60	317
60	321
60	326
60	330
60	335
60	339
60	343
60	347
60	351
60	356
60	360
60	365
60	370
60	375
60	381
60	387
60	394
60	402
60	411
61	181
61	191
61	200
61	208
61	215
61	222
61	228
61	234
61	240
61	246
61	252
61	258
61	264
61	269
61	275
61	280
61	285
61	290
61	295
61	300
61	305
61	310
61	315
61	320
61	325
61	330
61	335
61	340
61	346
61	351
61	357
61	363
61	369
61	376
61	384
61	393
61	404
62	171
62	181
62	189
62	195
62	201
62	206
62	211
62	215
62	220
62	223
62	228
62	231
62	235
62	239
62	242
62	246
62	249
62	253
62	256
62	260
62	264
62	267
62	271
62	275
62	279
62	283
62	287
62	291
62	295
62	299
62	304
62	308
62	313
62	318
62	323
62	328
62	333
62	338
62	344
62	350
62	356
62	362
62	369
62	376
62	384
62	393
62	404
63	167
63	176
63	183
63	190
63	195
63	201
63	204
63	209
63	212
63	215
63	219
63	221
63	224
63	227
63	230
63	232
63	234
63	237
63	239
63	242
63	243
63	246
63	248
63	251
63	252
63	255
63	257
63	259
63	261
63	263
63	266
63	267
63	270
63	272
63	274
63	276
63	278
63	281
63	283
63	285
63	287
63	290
63	292
63	294
63	297
63	299
63	301
63	304
63	306
63	309
63	311
63	314
63	316
63	319
63	322
63	324
63	327
63	330
63	333
63	336
63	339
63	342
63	345
63	348
63	351
63	355
63	358
63	362
63	365
63	369
63	373
63	377
63	381
63	386
63	391
63	396
63	402
63	409
63	417
63	427
64	161
64	170
64	178
64	184
64	190
64	195
64	200
64	203
64	208
64	211
64	213
64	217
64	220
64	222
64	224
64	227
64	230
64	232
64	233
64	236
64	238
64	240
64	242
64	244
64	246
64	248
64	250
64	252
64	253
64	255
64	257
64	259
64	261
64	262
64	264
64	266
64	267
64	269
64	271
64	272
64	274
64	276
64	277
64	279
64	281
64	282
64	284
64	286
64	287
64	289
64	291
64	292
64	294
64	296
64	297
64	299
64	301
64	302
64	304
64	306
64	307
64	309
64	311
64	313
64	314
64	316
64	318
64	320
64	321
64	323
64	325
64	327
64	329
64	330
64	333
64	335
64	336
64	338
64	340
64	343
64	344
64	346
64	349
64	350
64	353
64	355
64	357
64	360
64	362
64	365
64	367
64	370
64	373
64	375
64	378
64	381
64	385
64	387
64	392
64	395
64	399
64	404
64	409
64	415
64	421
64	429
64	438
65	161
65	170
65	178
65	185
65	192
65	198
65	204
65	210
65	215
65	220
65	225
65	230
65	234
65	239
65	243
65	248
65	252
65	256
65	260
65	264
65	268
65	271
65	275
65	278
65	282
65	284
65	288
65	291
65	293
65	297
65	299
65	302
65	305
65	307
65	310
65	313
65	315
65	318
65	321
65	323
65	326
65	329
65	332
65	335
65	338
65	341
65	345
65	348
65	352
65	355
65	359
65	363
65	367
65	372
65	377
65	383
65	389
65	396
65	404
65	414
66	177
66	187
66	196
66	204
66	211
66	218
66	225
66	232
66	239
66	246
66	254
66	262
66	270
66	278
66	286
66	294
66	303
66	312
66	321
66	329
66	337
66	345
66	353
66	362
66	371
66	381
67	187
67	197
67	204
67	211
67	217
67	223
67	229
67	235
67	241
67	247
67	253
67	259
67	265
67	271
67	277
67	283
67	289
67	295
67	301
67	307
67	313
67	319
67	325
67	330
67	335
67	340
67	345
67	350
67	355
67	360
67	365
67	371
67	377
67	383
67	390
67	398
67	407
68	182
68	192
68	200
68	207
68	214
68	220
68	226
68	232
68	238
68	244
68	250
68	256
68	262
68	268
68	274
68	280
68	286
68	292
68	297
68	303
68	308
68	313
68	318
68	323
68	327
68	332
68	336
68	341
68	345
68	349
68	353
68	357
68	362
68	366
68	371
68	376
68	381
68	387
68	394
68	401
68	410
68	423
69	196
69	207
69	217
69	227
69	237
69	247
69	258
69	269
69	280
69	291
69	302
69	312
69	322
69	332
69	342
69	352
69	362
69	375
70	216
70	227
70	237
70	246
70	255
70	263
70	272
70	281
70	290
70	300
70	310
70	321
70	332
70	344
71	207
71	216
71	223
71	230
71	236
71	242
71	247
71	252
71	257
71	262
71	267
71	272
71	277
71	282
71	287
71	292
71	297
71	302
71	308
71	314
71	320
71	326
71	332
71	338
71	344
71	350
71	357
71	364
71	371
71	379
71	388
71	399
72	199
72	209
72	217
72	224
72	231
72	237
72	243
72	249
72	254
72	259
72	264
72	269
72	274
72	279
72	284
72	289
72	294
72	299
72	304
72	309
72	314
72	319
72	325
72	330
72	336
72	342
72	348
72	354
72	360
72	367
72	375
72	383
72	393
73	179
73	189
73	198
73	207
73	216
73	226
74	177
74	186
74	194
74	201
74	208
74	215
74	222
74	229
74	237
74	245
74	254
74	264
74	275
75	191
75	201
75	210
75	218
75	226
75	233
75	240
75	247
75	254
75	261
75	268
75	275
75	283
75	291
75	299
75	308
75	317
75	326
75	336
75	346
75	356
75	366
75	375
75	384
75	393
75	403
75	415
76	221
76	232
76	241
76	250
76	258
76	266
76	274
76	282
76	290
76	298
76	306
76	315
76	324
76	333
76	342
76	351
76	360
76	369
76	378
76	387
76	396
76	406
-1	-1
