-1	-1
0	327
0	336
0	344
0	351
0	357
0	363
0	369
0	375
0	381
0	387
0	393
0	399
0	406
0	413
0	421
0	430
0	442
1	346
1	357
1	367
1	377
1	387
1	397
1	408
2	359
2	371
2	383
2	395
4	368
4	383
5	359
5	371
5	383
6	347
6	358
6	369
6	380
6	391
6	404
7	197
7	208
7	218
7	227
7	237
7	248
7	336
7	347
7	357
7	366
7	375
7	384
7	393
7	402
7	412
7	423
8	181
8	192
8	201
8	209
8	217
8	224
8	231
8	239
8	247
8	256
8	267
8	322
8	332
8	341
8	349
8	356
8	363
8	370
8	377
8	384
8	391
8	398
8	405
8	413
8	422
8	432
9	181
9	191
9	200
9	208
9	215
9	222
9	229
9	236
9	244
9	253
9	263
9	317
9	327
9	335
9	342
9	349
9	355
9	361
9	367
9	373
9	379
9	385
9	392
9	399
9	406
9	413
9	421
9	430
9	440
10	167
10	178
10	187
10	195
10	202
10	209
10	215
10	221
10	227
10	234
10	241
10	249
10	258
10	268
10	312
10	322
10	330
10	337
10	343
10	349
10	354
10	360
10	365
10	370
10	375
10	380
10	385
10	390
10	395
10	400
10	406
10	411
10	417
10	424
10	431
10	439
10	448
11	170
11	181
11	190
11	198
11	205
11	212
11	219
11	226
11	233
11	240
11	248
11	257
11	268
11	310
11	320
11	328
11	334
11	340
11	345
11	351
11	355
11	360
11	365
11	370
11	374
11	379
11	383
11	388
11	392
11	397
11	401
11	406
11	411
11	416
11	422
11	428
11	435
11	442
11	450
11	459
12	169
12	180
12	189
12	197
12	204
12	211
12	218
12	225
12	232
12	240
12	248
12	257
12	309
12	318
12	325
12	331
12	337
12	342
12	347
12	352
12	356
12	361
12	364
12	369
12	372
12	376
12	380
12	383
12	387
12	391
12	394
12	398
12	402
12	406
12	410
12	414
12	418
12	423
12	428
12	433
12	439
12	445
12	452
12	460
12	469
13	173
13	184
13	194
13	203
13	211
13	219
13	227
13	236
13	245
13	256
13	310
13	319
13	327
13	333
13	339
13	344
13	349
13	353
13	358
13	361
13	365
13	369
13	372
13	376
13	379
13	382
13	386
13	389
13	392
13	396
13	399
13	403
13	406
13	410
13	414
13	418
13	422
13	427
13	431
13	436
13	442
13	448
13	455
13	463
13	472
13	483
14	181
14	192
14	202
14	212
14	222
14	232
14	243
14	310
14	320
14	328
14	334
14	340
14	345
14	350
14	354
14	359
14	362
14	366
14	370
14	373
14	377
14	380
14	384
14	387
14	391
14	394
14	398
14	402
14	405
14	409
14	413
14	417
14	421
14	426
14	431
14	436
14	442
14	448
14	455
14	463
14	472
14	484
15	178
15	189
15	199
15	208
15	217
15	226
15	236
15	247
15	310
15	320
15	328
15	334
15	340
15	345
15	350
15	354
15	359
15	363
15	367
15	371
15	375
15	379
15	384
15	388
15	393
15	397
15	402
15	407
15	412
15	417
15	423
15	429
15	436
15	444
15	453
15	463
16	179
16	190
16	199
16	208
16	216
16	224
16	233
16	242
16	252
16	310
16	320
16	328
16	335
16	341
16	346
16	351
16	356
16	361
16	366
16	371
16	376
16	381
16	386
16	392
16	398
16	404
16	410
16	417
16	425
16	434
16	444
16	456
17	167
17	177
17	186
17	194
17	201
17	208
17	214
17	220
17	226
17	233
17	240
17	248
17	257
17	267
17	309
17	319
17	327
17	334
17	340
17	346
17	352
17	358
17	364
17	370
17	376
17	382
17	388
17	395
17	402
17	409
17	417
17	426
17	436
17	448
18	160
18	170
18	178
18	185
18	192
18	198
18	204
18	209
18	214
18	219
18	224
18	229
18	234
18	240
18	246
18	253
18	260
18	268
18	278
18	308
18	318
18	326
18	333
18	340
18	347
18	353
18	359
18	365
18	371
18	377
18	383
18	389
18	395
18	401
18	408
18	415
18	423
18	431
18	440
18	450
19	159
19	169
19	177
19	184
19	190
19	196
19	201
19	206
19	211
19	216
19	221
19	225
19	230
19	235
19	240
19	245
19	251
19	257
19	264
19	272
19	281
19	295
19	307
19	316
19	324
19	331
19	337
19	343
19	349
19	355
19	360
19	365
19	370
19	375
19	380
19	385
19	390
19	395
19	400
19	405
19	410
19	416
19	422
19	428
19	435
19	442
19	450
19	458
19	467
19	478
20	161
20	171
20	179
20	186
20	192
20	198
20	203
20	208
20	213
20	218
20	222
20	227
20	231
20	236
20	240
20	245
20	250
20	256
20	262
20	269
20	277
20	287
20	298
20	308
20	316
20	323
20	329
20	334
20	340
20	344
20	349
20	354
20	358
20	362
20	366
20	370
20	374
20	378
20	381
20	385
20	389
20	393
20	397
20	401
20	405
20	409
20	413
20	417
20	421
20	426
20	430
20	435
20	440
20	446
20	452
20	458
20	465
20	473
20	482
20	492
21	161
21	171
21	179
21	186
21	192
21	198
21	203
21	208
21	212
21	217
21	221
21	225
21	229
21	233
21	237
21	242
21	246
21	251
21	256
21	262
21	268
21	275
21	283
21	293
21	303
21	312
21	320
21	326
21	332
21	336
21	341
21	345
21	350
21	353
21	358
21	361
21	365
21	369
21	372
21	375
21	379
21	382
21	385
21	388
21	392
21	394
21	398
21	401
21	404
21	408
21	411
21	415
21	418
21	422
21	426
21	429
21	434
21	438
21	443
21	447
21	453
21	458
21	464
21	470
21	477
21	485
21	494
21	505
22	160
22	169
22	177
22	184
22	190
22	196
22	201
22	206
22	211
22	214
22	219
22	222
22	226
22	229
22	233
22	236
22	240
22	244
22	247
22	252
22	256
22	261
22	266
22	271
22	277
22	284
22	292
22	301
22	310
22	318
22	324
22	330
22	335
22	340
22	344
22	349
22	352
22	356
22	360
22	363
22	367
22	370
22	374
22	377
22	381
22	383
22	387
22	390
22	393
22	396
22	399
22	402
22	406
22	408
22	412
22	415
22	419
22	422
22	426
22	430
22	434
22	438
22	443
22	447
22	452
22	457
22	463
22	469
22	476
22	484
22	493
22	504
23	162
23	171
23	179
23	185
23	191
23	195
23	200
23	203
23	208
23	211
23	214
23	217
23	220
23	222
23	225
23	228
23	230
23	233
23	236
23	238
23	241
23	244
23	247
23	249
23	253
23	256
23	259
23	263
23	267
23	271
23	276
23	280
23	286
23	292
23	299
23	306
23	314
23	321
23	328
23	334
23	340
23	345
23	350
23	355
23	360
23	364
23	368
23	372
23	376
23	380
23	383
23	387
23	391
23	394
23	398
23	401
23	405
23	408
23	412
23	416
23	419
23	424
23	427
23	432
23	436
23	441
23	446
23	451
23	457
23	463
23	470
23	477
23	486
23	496
24	159
24	168
24	174
24	180
24	183
24	188
24	191
24	194
24	197
24	201
24	202
24	206
24	208
24	211
24	213
24	216
24	218
24	221
24	223
24	225
24	228
24	230
24	233
24	235
24	238
24	240
24	243
24	246
24	248
24	252
24	255
24	258
24	262
24	266
24	269
24	274
24	278
24	284
24	290
24	297
24	304
24	312
24	320
24	328
24	335
24	341
24	347
24	352
24	357
24	362
24	367
24	372
24	376
24	381
24	385
24	390
24	394
24	399
24	403
24	408
24	412
24	417
24	422
24	427
24	433
24	439
24	445
24	452
24	460
24	469
24	479
25	153
25	161
25	167
25	172
25	175
25	180
25	182
25	186
25	189
25	192
25	193
25	197
25	199
25	201
25	203
25	206
25	208
25	210
25	212
25	215
25	217
25	219
25	221
25	224
25	226
25	228
25	231
25	233
25	236
25	238
25	241
25	244
25	247
25	250
25	254
25	257
25	261
25	265
25	269
25	274
25	279
25	285
25	292
25	300
25	308
25	316
25	324
25	331
25	338
25	344
25	350
25	356
25	362
25	368
25	373
25	379
25	384
25	390
25	395
25	401
25	407
25	413
25	419
25	426
25	433
25	441
25	450
25	460
26	150
26	158
26	163
26	168
26	172
26	176
26	180
26	183
26	186
26	190
26	192
26	196
26	199
26	202
26	205
26	208
26	211
26	214
26	217
26	220
26	224
26	227
26	230
26	234
26	237
26	241
26	245
26	249
26	254
26	259
26	265
26	271
26	278
26	287
26	298
26	309
26	319
26	328
26	335
26	341
26	347
26	352
26	357
26	362
26	367
26	372
26	377
26	382
26	387
26	392
26	397
26	402
26	407
26	413
26	419
26	425
26	432
26	439
26	447
26	456
26	467
27	150
27	159
27	164
27	170
27	174
27	179
27	183
27	187
27	191
27	195
27	199
27	203
27	207
27	211
27	215
27	219
27	223
27	227
27	232
27	236
27	241
27	246
27	252
27	258
27	265
27	274
27	285
27	317
27	327
27	334
27	341
27	346
27	351
27	356
27	361
27	365
27	370
27	374
27	378
27	382
27	386
27	390
27	394
27	398
27	403
27	407
27	412
27	417
27	422
27	428
27	434
27	440
27	447
27	455
27	464
27	474
28	153
28	162
28	170
28	176
28	182
28	187
28	192
28	197
28	202
28	207
28	212
28	217
28	223
28	229
28	235
28	242
28	250
28	259
28	270
28	321
28	331
28	339
28	346
28	352
28	358
28	363
28	368
28	373
28	378
28	382
28	387
28	391
28	396
28	400
28	405
28	409
28	414
28	419
28	425
28	431
28	437
28	444
28	451
28	459
28	468
29	158
29	167
29	174
29	181
29	187
29	193
29	199
29	205
29	211
29	217
29	224
29	231
29	239
29	247
29	257
29	327
29	337
29	346
29	354
29	361
29	368
29	375
29	382
29	389
29	396
29	403
29	410
29	417
29	425
29	433
29	442
29	452
29	465
30	162
30	172
30	181
30	189
30	197
30	205
30	213
30	222
30	232
30	243
30	329
30	339
30	348
30	356
30	363
30	370
30	377
30	384
30	391
30	398
30	405
30	413
30	421
30	430
30	439
30	449
31	168
31	178
31	188
31	198
31	208
31	218
31	229
31	333
31	343
31	352
31	360
31	368
31	376
31	383
31	390
31	397
31	404
31	412
31	420
31	428
31	437
31	447
31	459
32	189
32	201
32	339
32	349
32	358
32	366
32	373
32	380
32	387
32	393
32	400
32	406
32	413
32	420
32	427
32	435
32	443
32	452
32	462
33	190
33	203
33	341
33	352
33	361
33	370
33	378
33	386
33	393
33	400
33	407
33	414
33	422
33	430
33	438
33	446
33	455
33	465
34	366
34	377
34	388
34	399
34	410
34	421
34	432
34	444
40	188
40	199
40	210
40	222
41	192
41	203
41	214
41	225
58	173
58	184
58	194
58	203
58	212
58	222
58	233
59	177
59	187
59	196
59	205
59	213
59	222
59	231
59	242
60	188
60	199
60	209
60	219
60	230
61	172
61	183
61	193
61	202
61	212
61	223
62	161
62	170
62	177
62	183
62	189
62	195
62	201
62	207
62	213
62	219
62	226
62	234
62	243
62	254
63	158
63	165
63	171
63	175
63	180
63	183
63	187
63	191
63	194
63	198
63	201
63	204
63	208
63	211
63	215
63	218
63	222
63	226
63	230
63	235
63	240
63	246
63	252
63	259
63	267
63	277
64	158
64	164
64	170
64	173
64	178
64	181
64	183
64	187
64	190
64	192
64	195
64	198
64	200
64	203
64	205
64	208
64	210
64	213
64	216
64	218
64	221
64	224
64	227
64	230
64	234
64	237
64	241
64	245
64	249
64	254
64	259
64	265
64	271
64	279
64	288
65	163
65	172
65	180
65	186
65	192
65	197
65	202
65	207
65	212
65	217
65	223
65	229
65	235
65	242
65	250
65	259
67	177
67	187
67	196
67	204
67	212
67	219
67	226
67	233
67	240
67	248
67	257
67	267
68	163
68	172
68	180
68	185
68	191
68	195
68	200
68	204
68	208
68	212
68	216
68	220
68	223
68	227
68	230
68	234
68	237
68	241
68	245
68	249
68	254
68	258
68	264
68	269
68	276
68	283
68	292
68	304
69	162
69	171
69	177
69	182
69	186
69	191
69	193
69	198
69	201
69	203
69	207
69	209
69	212
69	214
69	217
69	220
69	222
69	224
69	227
69	229
69	231
69	234
69	236
69	238
69	241
69	244
69	246
69	249
69	252
69	255
69	258
69	261
69	265
69	268
69	272
69	276
69	280
69	285
69	290
69	296
69	303
69	312
70	177
70	186
70	193
70	199
70	203
70	208
70	212
70	215
70	219
70	222
70	225
70	229
70	232
70	235
70	239
70	242
70	246
70	249
70	253
70	257
70	261
70	266
70	271
70	277
70	283
70	290
70	299
73	196
73	207
73	218
73	228
73	238
73	248
74	177
74	187
74	195
74	202
74	209
74	216
74	222
74	228
74	234
74	240
74	246
74	253
74	260
74	268
74	277
75	182
75	192
75	201
75	209
75	217
75	224
75	231
75	238
75	245
75	253
75	262
75	272
-1	-1
