-1	-1
0	379
0	389
0	397
0	404
0	411
0	418
0	425
0	432
0	439
0	446
0	453
0	461
0	469
0	478
0	488
1	389
1	400
1	410
1	419
1	428
1	438
1	448
1	458
1	470
2	400
2	411
2	422
2	433
2	444
2	455
3	408
3	420
3	431
3	442
3	454
4	409
4	420
4	431
4	442
4	453
4	465
5	411
5	422
5	433
5	443
5	453
5	464
6	402
6	413
6	423
6	433
6	443
6	452
6	462
6	472
6	484
7	390
7	400
7	409
7	418
7	426
7	434
7	442
7	450
7	458
7	466
7	474
7	483
7	493
8	379
8	389
8	397
8	404
8	411
8	418
8	424
8	430
8	436
8	442
8	448
8	454
8	460
8	467
8	474
8	482
8	491
8	502
9	232
9	244
9	255
9	266
9	277
9	288
9	380
9	390
9	398
9	405
9	411
9	417
9	422
9	427
9	432
9	437
9	442
9	447
9	452
9	457
9	462
9	467
9	473
9	479
9	485
9	492
9	500
9	509
10	177
10	188
10	198
10	208
10	218
10	228
10	237
10	246
10	254
10	262
10	270
10	278
10	286
10	295
10	305
10	370
10	379
10	387
10	393
10	399
10	404
10	409
10	414
10	419
10	424
10	428
10	433
10	437
10	442
10	446
10	451
10	455
10	460
10	465
10	470
10	475
10	480
10	486
10	493
10	500
10	509
10	519
11	169
11	179
11	188
11	197
11	206
11	214
11	222
11	230
11	238
11	245
11	252
11	259
11	266
11	273
11	281
11	289
11	298
11	309
11	368
11	377
11	384
11	390
11	395
11	400
11	403
11	408
11	411
11	415
11	418
11	422
11	425
11	428
11	431
11	434
11	437
11	440
11	443
11	446
11	449
11	452
11	455
11	458
11	461
11	465
11	468
11	472
11	475
11	479
11	483
11	487
11	492
11	497
11	503
11	509
11	516
11	525
11	536
12	167
12	177
12	186
12	194
12	202
12	210
12	218
12	226
12	233
12	240
12	247
12	254
12	261
12	268
12	276
12	284
12	293
12	304
12	367
12	375
12	382
12	387
12	392
12	396
12	401
12	403
12	407
12	411
12	413
12	416
12	419
12	422
12	424
12	427
12	430
12	432
12	435
12	438
12	440
12	443
12	445
12	448
12	450
12	453
12	456
12	458
12	461
12	464
12	467
12	469
12	473
12	476
12	479
12	483
12	486
12	490
12	494
12	498
12	503
12	508
12	514
12	521
12	529
12	539
13	170
13	181
13	191
13	200
13	209
13	218
13	226
13	234
13	242
13	250
13	258
13	266
13	275
13	285
13	296
13	368
13	376
13	382
13	387
13	392
13	396
13	401
13	403
13	408
13	411
13	413
13	417
13	420
13	422
13	425
13	428
13	430
13	433
13	436
13	438
13	441
13	443
13	446
13	448
13	451
13	453
13	456
13	458
13	461
13	464
13	466
13	469
13	472
13	475
13	478
13	481
13	485
13	487
13	491
13	495
13	499
13	504
13	508
13	514
13	520
13	527
13	535
13	545
14	181
14	192
14	202
14	212
14	221
14	230
14	239
14	248
14	257
14	267
14	277
14	288
14	368
14	377
14	383
14	389
14	394
14	400
14	404
14	409
14	412
14	416
14	420
14	423
14	427
14	430
14	433
14	437
14	440
14	443
14	446
14	449
14	452
14	455
14	458
14	462
14	465
14	468
14	472
14	475
14	479
14	483
14	487
14	491
14	496
14	501
14	507
14	513
14	520
14	528
14	538
15	186
15	197
15	207
15	216
15	225
15	234
15	243
15	252
15	261
15	270
15	280
15	293
15	373
15	383
15	391
15	398
15	404
15	410
15	415
15	421
15	425
15	430
15	434
15	439
15	443
15	448
15	452
15	457
15	461
15	466
15	471
15	476
15	482
15	488
15	495
15	503
15	512
15	523
16	180
16	191
16	201
16	210
16	218
16	226
16	234
16	242
16	250
16	258
16	266
16	274
16	283
16	293
16	372
16	382
16	390
16	396
16	402
16	407
16	412
16	417
16	422
16	427
16	432
16	436
16	441
16	446
16	451
16	456
16	461
16	467
16	473
16	479
16	486
16	494
16	503
16	514
17	171
17	182
17	191
17	199
17	207
17	214
17	221
17	228
17	234
17	241
17	247
17	254
17	261
17	268
17	275
17	283
17	291
17	300
17	370
17	380
17	388
17	394
17	400
17	405
17	410
17	415
17	420
17	425
17	430
17	435
17	440
17	445
17	450
17	456
17	462
17	468
17	475
17	482
17	490
17	499
17	510
18	171
18	181
18	190
18	198
18	205
18	212
18	218
18	224
18	230
18	236
18	242
18	248
18	253
18	259
18	264
18	270
18	275
18	281
18	287
18	293
18	300
18	308
18	317
18	366
18	375
18	382
18	389
18	395
18	400
18	405
18	410
18	414
18	419
18	423
18	428
18	432
18	437
18	441
18	446
18	450
18	455
18	460
18	465
18	470
18	476
18	482
18	488
18	495
18	503
18	511
18	521
19	167
19	177
19	185
19	192
19	199
19	205
19	211
19	216
19	221
19	226
19	231
19	235
19	240
19	244
19	249
19	253
19	258
19	262
19	266
19	270
19	274
19	278
19	283
19	287
19	292
19	297
19	303
19	309
19	316
19	324
19	334
19	360
19	370
19	378
19	385
19	391
19	396
19	401
19	405
19	410
19	413
19	417
19	421
19	424
19	428
19	431
19	435
19	438
19	442
19	445
19	449
19	452
19	456
19	459
19	463
19	467
19	470
19	475
19	478
19	483
19	487
19	492
19	497
19	503
19	509
19	516
19	523
19	531
19	541
20	161
20	170
20	178
20	184
20	190
20	195
20	200
20	204
20	209
20	213
20	217
20	221
20	225
20	229
20	232
20	236
20	239
20	243
20	246
20	250
20	253
20	257
20	260
20	264
20	267
20	271
20	274
20	278
20	281
20	285
20	288
20	293
20	296
20	301
20	306
20	311
20	317
20	323
20	330
20	339
20	350
20	362
20	372
20	380
20	388
20	394
20	400
20	405
20	410
20	414
20	418
20	422
20	426
20	430
20	433
20	437
20	441
20	444
20	448
20	451
20	455
20	458
20	462
20	465
20	469
20	472
20	476
20	479
20	484
20	487
20	492
20	496
20	501
20	506
20	511
20	517
20	523
20	530
20	538
20	548
21	159
21	168
21	174
21	180
21	184
21	189
21	193
21	197
21	201
21	204
21	208
21	211
21	214
21	218
21	221
21	224
21	227
21	231
21	233
21	237
21	240
21	243
21	246
21	249
21	252
21	255
21	258
21	261
21	264
21	267
21	270
21	274
21	276
21	280
21	283
21	286
21	290
21	293
21	297
21	301
21	305
21	309
21	314
21	319
21	325
21	332
21	340
21	349
21	359
21	369
21	377
21	384
21	391
21	398
21	404
21	410
21	415
21	420
21	425
21	430
21	434
21	439
21	443
21	448
21	452
21	457
21	461
21	465
21	470
21	474
21	479
21	484
21	489
21	494
21	500
21	506
21	513
21	520
21	529
21	540
22	159
22	168
22	174
22	180
22	184
22	189
22	193
22	197
22	201
22	205
22	209
22	212
22	216
22	220
22	223
22	227
22	230
22	233
22	237
22	240
22	243
22	247
22	250
22	253
22	257
22	260
22	263
22	267
22	270
22	274
22	277
22	281
22	284
22	288
22	291
22	295
22	299
22	304
22	308
22	314
22	319
22	326
22	333
22	342
22	353
22	363
22	372
22	380
22	388
22	395
22	402
22	409
22	415
22	421
22	427
22	432
22	437
22	442
22	447
22	452
22	457
22	462
22	467
22	472
22	477
22	483
22	488
22	495
22	502
22	510
22	519
23	159
23	168
23	175
23	182
23	187
23	193
23	198
23	203
23	208
23	212
23	217
23	221
23	225
23	229
23	233
23	237
23	241
23	245
23	249
23	252
23	256
23	259
23	263
23	266
23	269
23	272
23	275
23	278
23	282
23	285
23	288
23	292
23	295
23	299
23	303
23	307
23	312
23	317
23	323
23	329
23	336
23	345
23	355
23	365
23	374
23	382
23	390
23	397
23	404
23	410
23	416
23	421
23	426
23	431
23	436
23	441
23	445
23	450
23	454
23	459
23	464
23	469
23	474
23	479
23	485
23	491
23	498
23	506
23	516
24	162
24	171
24	179
24	186
24	192
24	198
24	203
24	209
24	214
24	219
24	224
24	229
24	233
24	238
24	242
24	246
24	250
24	253
24	257
24	260
24	263
24	266
24	269
24	272
24	274
24	278
24	280
24	283
24	286
24	289
24	292
24	295
24	298
24	302
24	305
24	309
24	313
24	317
24	322
24	327
24	333
24	339
24	347
24	356
24	365
24	374
24	382
24	390
24	397
24	404
24	410
24	416
24	422
24	427
24	433
24	438
24	443
24	448
24	453
24	458
24	463
24	468
24	474
24	480
24	487
24	495
24	504
24	515
25	171
25	181
25	190
25	198
25	205
25	211
25	217
25	223
25	228
25	233
25	238
25	242
25	246
25	250
25	253
25	257
25	260
25	263
25	266
25	270
25	272
25	275
25	278
25	281
25	283
25	286
25	289
25	292
25	295
25	298
25	301
25	305
25	308
25	312
25	316
25	320
25	325
25	330
25	336
25	343
25	351
25	360
25	370
25	379
25	388
25	397
25	405
25	413
25	420
25	427
25	434
25	441
25	447
25	453
25	459
25	465
25	472
25	479
25	487
25	496
25	507
26	172
26	182
26	190
26	198
26	205
26	211
26	217
26	222
26	227
26	232
26	235
26	240
26	242
26	246
26	250
26	252
26	256
26	259
26	262
26	265
26	268
26	271
26	273
26	276
26	279
26	282
26	285
26	288
26	291
26	295
26	298
26	302
26	306
26	310
26	315
26	319
26	325
26	331
26	338
26	346
26	356
26	366
26	376
26	386
26	395
26	404
26	412
26	420
26	428
26	435
26	442
26	449
26	456
26	463
26	470
26	478
26	487
26	497
27	170
27	180
27	188
27	195
27	202
27	208
27	213
27	219
27	223
27	227
27	231
27	234
27	238
27	241
27	244
27	247
27	250
27	253
27	256
27	259
27	262
27	264
27	268
27	270
27	273
27	276
27	279
27	282
27	285
27	288
27	292
27	295
27	299
27	303
27	307
27	312
27	317
27	323
27	330
27	338
27	348
27	360
27	371
27	382
27	392
27	402
27	411
27	420
27	429
27	437
27	445
27	453
27	461
27	469
27	478
27	488
28	169
28	179
28	187
28	194
28	200
28	205
28	210
28	213
28	218
28	221
28	224
28	228
28	231
28	234
28	237
28	240
28	243
28	246
28	249
28	252
28	255
28	258
28	261
28	264
28	267
28	270
28	274
28	277
28	280
28	284
28	287
28	291
28	295
28	299
28	304
28	309
28	315
28	321
28	328
28	337
28	391
28	402
28	412
28	422
28	431
28	440
28	449
28	458
28	467
28	477
28	489
29	167
29	176
29	183
29	189
29	194
29	199
29	203
29	208
29	212
29	216
29	220
29	224
29	228
29	232
29	235
29	239
29	243
29	246
29	250
29	254
29	258
29	262
29	266
29	270
29	275
29	279
29	284
29	289
29	295
29	301
29	308
29	316
29	326
29	407
29	418
29	428
29	438
29	447
29	456
29	465
29	475
29	486
30	162
30	171
30	179
30	185
30	191
30	196
30	201
30	206
30	211
30	215
30	220
30	224
30	229
30	232
30	237
30	241
30	245
30	249
30	253
30	257
30	262
30	266
30	271
30	276
30	281
30	287
30	293
30	300
30	308
30	318
30	406
30	417
30	427
30	437
30	446
30	455
30	464
30	474
30	484
31	158
31	166
31	173
31	179
31	184
31	189
31	193
31	198
31	201
31	205
31	209
31	212
31	215
31	219
31	222
31	225
31	228
31	231
31	235
31	237
31	241
31	244
31	248
31	251
31	255
31	258
31	262
31	266
31	270
31	275
31	279
31	285
31	290
31	296
31	303
31	311
31	320
31	397
31	408
31	418
31	427
31	436
31	445
31	453
31	461
31	469
31	478
31	487
31	498
32	157
32	164
32	171
32	175
32	181
32	184
32	189
32	192
32	195
32	199
32	202
32	204
32	208
32	210
32	213
32	216
32	219
32	221
32	225
32	227
32	230
32	233
32	236
32	239
32	242
32	246
32	249
32	253
32	256
32	260
32	264
32	268
32	273
32	277
32	282
32	287
32	293
32	299
32	306
32	315
32	325
32	388
32	399
32	408
32	416
32	423
32	430
32	436
32	442
32	448
32	454
32	460
32	465
32	471
32	477
32	483
32	489
32	496
32	504
32	513
32	524
33	158
33	166
33	172
33	178
33	182
33	187
33	191
33	195
33	199
33	203
33	207
33	211
33	215
33	219
33	223
33	227
33	231
33	235
33	239
33	244
33	248
33	253
33	258
33	263
33	269
33	275
33	282
33	289
33	297
33	307
33	396
33	406
33	414
33	421
33	427
33	432
33	437
33	442
33	447
33	451
33	456
33	460
33	464
33	468
33	472
33	476
33	481
33	485
33	490
33	495
33	500
33	506
33	512
33	519
33	527
33	536
34	163
34	173
34	181
34	188
34	194
34	200
34	206
34	211
34	217
34	222
34	227
34	232
34	237
34	242
34	248
34	254
34	260
34	266
34	273
34	281
34	290
34	301
34	409
34	420
34	429
34	436
34	442
34	448
34	453
34	459
34	464
34	469
34	474
34	479
34	484
34	489
34	495
34	501
34	507
34	514
34	521
34	529
34	538
35	171
35	181
35	189
35	196
35	202
35	208
35	213
35	218
35	223
35	228
35	233
35	238
35	244
35	249
35	255
35	262
35	269
35	277
35	286
35	297
35	457
35	468
35	479
35	490
35	501
35	515
36	170
36	180
36	188
36	195
36	201
36	207
36	213
36	219
36	225
36	231
36	237
36	244
36	251
36	259
36	267
36	276
36	286
37	173
37	183
37	193
37	202
37	211
37	220
37	228
37	236
37	244
37	253
37	262
37	271
37	281
37	293
38	181
38	191
38	200
38	209
38	217
38	224
38	231
38	238
38	245
38	252
38	259
38	267
38	275
38	284
38	294
39	176
39	185
39	193
39	201
39	208
39	215
39	221
39	228
39	235
39	242
39	249
39	256
39	264
39	272
39	281
39	292
40	177
40	187
40	195
40	203
40	211
40	220
40	229
40	238
40	247
40	257
40	268
41	189
41	201
41	212
41	223
41	234
41	245
42	201
42	212
42	222
42	232
42	242
42	254
43	197
43	208
43	218
43	228
43	238
46	192
46	203
46	213
46	223
46	233
46	243
46	254
47	182
47	192
47	201
47	209
47	216
47	223
47	230
47	237
47	245
47	253
47	262
47	272
47	283
48	180
48	190
48	198
48	205
48	212
48	219
48	226
48	234
48	242
48	251
48	260
48	270
48	284
49	251
50	239
50	250
50	260
50	271
51	216
51	227
51	237
51	245
51	253
51	262
51	271
51	282
52	181
52	191
52	200
52	209
52	218
52	226
52	234
52	242
52	250
52	259
52	269
53	178
53	188
53	197
53	205
53	213
53	221
53	230
53	239
53	249
54	179
54	190
54	200
54	210
54	220
54	230
54	241
54	254
55	177
55	188
55	198
55	208
55	218
55	227
55	236
55	245
55	255
55	265
56	167
56	177
56	185
56	193
56	200
56	207
56	214
56	220
56	226
56	232
56	238
56	244
56	250
56	256
56	262
56	269
56	276
56	285
56	295
57	164
57	173
57	181
57	188
57	193
57	199
57	203
57	208
57	212
57	216
57	220
57	224
57	228
57	231
57	235
57	238
57	242
57	245
57	249
57	253
57	257
57	261
57	266
57	270
57	276
57	281
57	287
57	294
57	302
57	312
58	161
58	170
58	176
58	181
58	185
58	190
58	193
58	197
58	200
58	203
58	206
58	209
58	212
58	213
58	217
58	219
58	221
58	223
58	226
58	228
58	230
58	233
58	235
58	237
58	240
58	242
58	245
58	247
58	249
58	253
58	255
58	258
58	261
58	264
58	267
58	270
58	274
58	277
58	282
58	286
58	291
58	296
58	302
58	309
58	317
58	328
59	160
59	169
59	173
59	178
59	182
59	184
59	188
59	191
59	192
59	196
59	198
59	201
59	202
59	204
59	207
59	209
59	211
59	212
59	214
59	217
59	218
59	220
59	222
59	224
59	226
59	227
59	230
59	231
59	234
59	235
59	237
59	239
59	242
59	244
59	246
59	248
59	251
59	254
59	256
59	259
59	262
59	265
59	268
59	271
59	275
59	278
59	283
59	287
59	292
59	297
59	303
59	310
59	318
59	328
60	167
60	173
60	180
60	183
60	188
60	191
60	194
60	198
60	201
60	203
60	207
60	209
60	213
60	215
60	219
60	222
60	225
60	229
60	232
60	236
60	239
60	244
60	247
60	252
60	256
60	261
60	266
60	272
60	278
60	284
60	291
60	298
60	307
60	318
61	247
61	258
61	267
61	275
61	283
61	291
61	299
61	308
61	318
62	237
62	247
62	255
62	262
62	268
62	273
62	279
62	284
62	290
62	296
62	302
62	309
62	316
62	325
62	335
63	212
63	222
63	231
63	238
63	244
63	250
63	253
63	258
63	262
63	266
63	270
63	274
63	278
63	282
63	286
63	290
63	295
63	300
63	306
63	312
63	319
63	327
63	337
64	187
64	197
64	205
64	212
64	219
64	224
64	230
64	233
64	238
64	241
64	244
64	248
64	251
64	253
64	257
64	259
64	262
64	265
64	268
64	271
64	274
64	277
64	281
64	284
64	288
64	292
64	296
64	301
64	306
64	312
64	318
64	326
64	335
65	177
65	186
65	193
65	200
65	205
65	210
65	214
65	218
65	222
65	225
65	229
65	232
65	235
65	238
65	241
65	243
65	247
65	249
65	252
65	255
65	258
65	261
65	264
65	267
65	270
65	274
65	277
65	281
65	285
65	289
65	294
65	299
65	305
65	312
65	320
65	330
66	179
66	189
66	197
66	204
66	210
66	216
66	222
66	227
66	233
66	238
66	244
66	250
66	256
66	263
66	271
66	279
66	289
69	246
69	257
69	266
69	274
69	281
69	288
69	295
69	302
69	309
69	317
69	326
70	168
70	178
70	187
70	196
70	204
70	212
70	220
70	228
70	235
70	242
70	249
70	255
70	260
70	265
70	270
70	273
70	278
70	281
70	285
70	288
70	292
70	295
70	299
70	302
70	306
70	310
70	314
70	318
70	323
70	328
70	334
70	340
70	347
70	356
70	367
71	166
71	175
71	182
71	189
71	195
71	201
71	206
71	211
71	216
71	220
71	225
71	229
71	233
71	237
71	241
71	244
71	248
71	251
71	254
71	258
71	260
71	263
71	266
71	269
71	271
71	274
71	277
71	279
71	282
71	284
71	287
71	289
71	292
71	294
71	297
71	299
71	302
71	305
71	307
71	310
71	314
71	316
71	320
71	323
71	327
71	331
71	336
71	340
71	346
71	352
71	359
71	367
71	378
72	167
72	174
72	181
72	185
72	191
72	194
72	199
72	202
72	206
72	209
72	212
72	215
72	218
72	221
72	223
72	227
72	229
72	232
72	234
72	237
72	240
72	242
72	244
72	247
72	249
72	252
72	254
72	256
72	259
72	261
72	263
72	266
72	268
72	270
72	273
72	275
72	278
72	280
72	283
72	286
72	288
72	291
72	294
72	297
72	300
72	304
72	307
72	311
72	315
72	319
72	324
72	329
72	335
72	342
72	350
72	360
73	169
73	178
73	183
73	189
73	193
73	198
73	201
73	205
73	209
73	212
73	215
73	219
73	221
73	225
73	228
73	231
73	234
73	237
73	240
73	243
73	246
73	249
73	252
73	256
73	259
73	263
73	266
73	270
73	275
73	279
73	284
73	289
73	295
73	302
73	310
73	320
74	191
74	202
74	212
74	222
74	233
-1	-1
