-1	-1
0	171
0	183
0	195
0	378
0	388
0	396
0	403
0	410
0	416
0	422
0	428
0	434
0	440
0	446
0	453
0	461
0	470
0	480
1	396
1	406
1	415
1	424
1	433
1	443
1	454
2	419
7	409
7	421
7	435
8	181
8	193
8	204
8	216
8	389
8	400
8	410
8	420
8	430
8	440
8	453
9	170
9	181
9	191
9	201
9	211
9	221
9	232
9	243
9	254
9	266
9	277
9	288
9	299
9	372
9	383
9	393
9	403
9	412
9	421
9	430
9	439
9	449
10	177
10	188
10	199
10	210
10	221
10	232
10	243
10	254
10	265
10	276
10	287
10	298
10	379
10	390
10	400
10	410
10	419
10	428
10	437
10	447
10	458
11	232
11	244
11	256
11	267
11	278
11	289
11	300
11	369
11	379
11	388
11	396
11	404
11	412
11	420
11	428
11	436
11	444
11	453
11	463
12	238
12	250
12	262
12	274
12	287
12	368
12	378
12	386
12	393
12	400
12	407
12	413
12	420
12	426
12	433
12	440
12	447
12	455
12	464
12	474
13	241
13	254
13	269
13	366
13	375
13	383
13	390
13	396
13	402
13	408
13	414
13	420
13	425
13	431
13	436
13	442
13	448
13	454
13	461
13	469
13	478
13	489
14	240
14	253
14	363
14	373
14	381
14	389
14	396
14	402
14	408
14	414
14	420
14	426
14	432
14	437
14	443
14	449
14	455
14	462
14	469
14	477
14	487
15	212
15	224
15	235
15	246
15	257
15	268
15	279
15	291
15	363
15	373
15	382
15	390
15	398
15	405
15	412
15	419
15	426
15	433
15	439
15	446
15	453
15	460
15	468
15	477
15	488
16	196
16	207
16	217
16	227
16	236
16	245
16	254
16	263
16	272
16	281
16	290
16	299
16	309
16	358
16	368
16	376
16	383
16	390
16	396
16	402
16	408
16	414
16	420
16	426
16	433
16	440
16	447
16	454
16	462
16	471
16	482
17	181
17	192
17	202
17	212
17	221
17	230
17	238
17	246
17	254
17	262
17	270
17	278
17	285
17	292
17	299
17	307
17	315
17	324
17	335
17	349
17	359
17	367
17	374
17	381
17	387
17	393
17	398
17	403
17	408
17	413
17	418
17	423
17	428
17	434
17	439
17	445
17	451
17	457
17	464
17	472
17	481
17	494
18	170
18	181
18	191
18	200
18	209
18	218
18	227
18	236
18	244
18	252
18	260
18	268
18	275
18	282
18	289
18	295
18	301
18	307
18	314
18	321
18	329
18	339
18	350
18	360
18	368
18	374
18	380
18	386
18	391
18	397
18	402
18	407
18	412
18	417
18	422
18	427
18	432
18	437
18	442
18	448
18	454
18	460
18	467
18	475
18	484
18	495
19	162
19	173
19	182
19	191
19	200
19	209
19	217
19	225
19	233
19	241
19	249
19	256
19	263
19	270
19	276
19	282
19	287
19	292
19	297
19	302
19	308
19	314
19	320
19	327
19	335
19	344
19	353
19	361
19	367
19	372
19	377
19	382
19	386
19	391
19	395
19	399
19	403
19	407
19	411
19	415
19	419
19	424
19	428
19	433
19	437
19	442
19	447
19	452
19	457
19	463
19	469
19	476
19	484
19	493
19	505
20	158
20	167
20	175
20	182
20	189
20	196
20	203
20	210
20	217
20	223
20	230
20	236
20	242
20	248
20	254
20	260
20	266
20	271
20	276
20	281
20	286
20	291
20	296
20	301
20	306
20	312
20	318
20	325
20	333
20	342
20	351
20	359
20	365
20	371
20	375
20	380
20	384
20	388
20	392
20	395
20	399
20	402
20	406
20	409
20	413
20	416
20	420
20	424
20	427
20	431
20	435
20	439
20	443
20	447
20	451
20	456
20	460
20	465
20	470
20	476
20	482
20	489
20	497
20	507
21	150
21	159
21	166
21	172
21	177
21	182
21	187
21	192
21	196
21	201
21	206
21	211
21	216
21	221
21	226
21	231
21	236
21	241
21	246
21	251
21	255
21	260
21	264
21	269
21	272
21	276
21	280
21	283
21	287
21	291
21	294
21	298
21	302
21	306
21	310
21	315
21	319
21	325
21	330
21	336
21	343
21	351
21	359
21	365
21	371
21	376
21	381
21	385
21	389
21	393
21	396
21	400
21	403
21	406
21	410
21	412
21	416
21	419
21	422
21	425
21	428
21	431
21	435
21	438
21	441
21	445
21	448
21	452
21	456
21	460
21	464
21	469
21	474
21	479
21	485
21	492
21	500
21	509
22	149
22	158
22	164
22	170
22	175
22	180
22	184
22	189
22	193
22	197
22	201
22	205
22	209
22	213
22	217
22	221
22	225
22	229
22	233
22	237
22	241
22	245
22	249
22	253
22	257
22	261
22	264
22	268
22	271
22	273
22	277
22	279
22	282
22	285
22	288
22	291
22	293
22	296
22	299
22	302
22	305
22	308
22	311
22	315
22	318
22	322
22	326
22	330
22	335
22	340
22	346
22	352
22	359
22	365
22	371
22	376
22	381
22	385
22	390
22	393
22	397
22	400
22	403
22	406
22	409
22	412
22	414
22	417
22	420
22	422
22	425
22	428
22	430
22	433
22	436
22	438
22	441
22	444
22	447
22	450
22	453
22	456
22	459
22	463
22	466
22	470
22	475
22	479
22	484
22	489
22	495
22	502
22	510
22	520
23	149
23	158
23	165
23	171
23	177
23	182
23	187
23	192
23	197
23	202
23	206
23	211
23	215
23	220
23	224
23	228
23	232
23	236
23	240
23	244
23	248
23	251
23	255
23	258
23	262
23	265
23	268
23	272
23	274
23	278
23	281
23	284
23	287
23	290
23	293
23	296
23	299
23	303
23	306
23	310
23	314
23	318
23	322
23	327
23	332
23	338
23	345
23	352
23	359
23	366
23	372
23	378
23	383
23	388
23	392
23	396
23	400
23	403
23	407
23	410
23	413
23	416
23	419
23	422
23	425
23	428
23	431
23	434
23	437
23	440
23	443
23	446
23	449
23	452
23	455
23	458
23	461
23	465
23	468
23	472
23	476
23	480
23	485
23	489
23	495
23	501
23	508
23	516
23	526
24	152
24	161
24	168
24	174
24	180
24	184
24	189
24	193
24	198
24	202
24	206
24	210
24	214
24	218
24	222
24	226
24	230
24	234
24	238
24	241
24	245
24	248
24	252
24	255
24	259
24	262
24	265
24	268
24	271
24	274
24	277
24	280
24	283
24	286
24	289
24	292
24	295
24	298
24	302
24	305
24	309
24	313
24	317
24	321
24	326
24	331
24	337
24	344
24	351
24	359
24	366
24	372
24	378
24	383
24	388
24	393
24	397
24	402
24	405
24	410
24	413
24	417
24	420
24	423
24	427
24	430
24	433
24	436
24	439
24	442
24	445
24	448
24	451
24	454
24	457
24	460
24	464
24	467
24	470
24	474
24	478
24	482
24	487
24	492
24	497
24	503
24	510
24	518
24	528
25	159
25	169
25	176
25	182
25	188
25	193
25	199
25	204
25	209
25	214
25	218
25	222
25	226
25	230
25	233
25	237
25	240
25	243
25	246
25	249
25	252
25	254
25	257
25	260
25	262
25	265
25	267
25	270
25	272
25	275
25	277
25	280
25	282
25	285
25	287
25	290
25	293
25	296
25	298
25	302
25	305
25	308
25	312
25	316
25	319
25	324
25	328
25	334
25	340
25	347
25	355
25	362
25	369
25	374
25	380
25	384
25	389
25	393
25	398
25	402
25	406
25	410
25	413
25	417
25	420
25	423
25	426
25	430
25	432
25	436
25	438
25	442
25	444
25	447
25	450
25	453
25	456
25	459
25	462
25	466
25	469
25	473
25	477
25	481
25	485
25	490
25	495
25	500
25	506
25	513
25	521
25	531
26	166
26	176
26	184
26	191
26	197
26	203
26	208
26	213
26	218
26	222
26	226
26	230
26	233
26	237
26	240
26	243
26	246
26	250
26	252
26	255
26	258
26	261
26	264
26	267
26	270
26	273
26	276
26	279
26	283
26	286
26	289
26	294
26	297
26	302
26	306
26	311
26	316
26	322
26	329
26	337
26	346
26	357
26	366
26	374
26	381
26	387
26	393
26	398
26	403
26	408
26	412
26	416
26	420
26	423
26	427
26	431
26	434
26	438
26	441
26	444
26	448
26	451
26	454
26	458
26	461
26	465
26	468
26	472
26	476
26	480
26	485
26	489
26	495
26	500
26	506
26	513
26	521
26	531
27	161
27	171
27	179
27	184
27	190
27	193
27	198
27	201
27	204
27	208
27	211
27	213
27	217
27	219
27	222
27	225
27	228
27	231
27	234
27	237
27	240
27	243
27	246
27	249
27	252
27	255
27	258
27	261
27	265
27	267
27	271
27	275
27	278
27	282
27	286
27	290
27	295
27	299
27	305
27	311
27	318
27	326
27	336
27	368
27	378
27	387
27	394
27	401
27	407
27	413
27	418
27	423
27	428
27	433
27	438
27	443
27	448
27	452
27	457
27	461
27	466
27	470
27	475
27	480
27	486
27	492
27	498
27	505
27	514
27	524
28	159
28	169
28	178
28	184
28	190
28	194
28	199
28	202
28	205
28	209
28	212
28	214
28	217
28	220
28	222
28	225
28	227
28	230
28	232
28	234
28	237
28	239
28	242
28	244
28	246
28	249
28	251
28	254
28	256
28	259
28	261
28	264
28	266
28	269
28	272
28	275
28	278
28	281
28	285
28	288
28	292
28	296
28	300
28	305
28	309
28	315
28	321
28	328
28	336
28	346
28	358
28	369
28	378
28	386
28	393
28	400
28	406
28	412
28	417
28	422
28	427
28	432
28	437
28	442
28	447
28	452
28	457
28	462
28	468
28	474
28	480
28	487
28	495
28	504
28	515
29	151
29	161
29	169
29	176
29	182
29	188
29	193
29	198
29	202
29	207
29	211
29	215
29	219
29	223
29	226
29	230
29	233
29	237
29	240
29	244
29	247
29	251
29	255
29	259
29	263
29	267
29	272
29	277
29	282
29	288
29	294
29	301
29	309
29	318
29	368
29	377
29	384
29	391
29	397
29	402
29	407
29	412
29	417
29	422
29	427
29	432
29	437
29	442
29	448
29	454
29	460
29	467
29	474
29	482
29	492
30	150
30	160
30	168
30	174
30	180
30	184
30	189
30	192
30	196
30	200
30	203
30	207
30	210
30	214
30	217
30	221
30	224
30	228
30	232
30	236
30	240
30	244
30	248
30	253
30	257
30	262
30	267
30	273
30	279
30	286
30	293
30	301
30	311
30	370
30	380
30	388
30	394
30	400
30	405
30	410
30	415
30	420
30	424
30	429
30	434
30	439
30	444
30	449
30	455
30	460
30	466
30	473
30	480
30	488
30	498
31	148
31	157
31	165
31	172
31	178
31	183
31	188
31	192
31	197
31	201
31	205
31	209
31	212
31	216
31	220
31	223
31	227
31	230
31	234
31	237
31	241
31	245
31	248
31	253
31	256
31	261
31	265
31	270
31	275
31	280
31	286
31	293
31	300
31	309
31	320
31	376
31	385
31	393
31	400
31	406
31	412
31	417
31	422
31	427
31	432
31	436
31	441
31	445
31	450
31	454
31	459
31	464
31	469
31	475
31	481
31	487
31	494
31	502
31	512
32	144
32	152
32	159
32	164
32	170
32	175
32	180
32	185
32	190
32	195
32	201
32	206
32	212
32	218
32	224
32	230
32	236
32	243
32	250
32	257
32	265
32	274
32	284
32	296
32	377
32	386
32	394
32	401
32	408
32	414
32	420
32	425
32	430
32	434
32	439
32	442
32	447
32	450
32	454
32	458
32	462
32	466
32	470
32	475
32	479
32	484
32	489
32	495
32	501
32	508
32	516
32	526
33	142
33	151
33	158
33	163
33	169
33	174
33	179
33	184
33	189
33	194
33	199
33	204
33	209
33	215
33	220
33	226
33	232
33	239
33	246
33	254
33	263
33	273
33	284
33	378
33	388
33	396
33	404
33	411
33	418
33	424
33	430
33	435
33	440
33	444
33	449
33	452
33	457
33	460
33	464
33	468
33	472
33	476
33	480
33	485
33	490
33	495
33	501
33	507
33	514
33	522
33	532
34	151
34	161
34	170
34	178
34	186
34	193
34	200
34	207
34	214
34	221
34	228
34	235
34	242
34	250
34	258
34	267
34	277
34	289
34	386
34	396
34	405
34	414
34	422
34	430
34	438
34	445
34	452
34	459
34	466
34	473
34	480
34	488
34	496
34	505
34	516
35	157
35	166
35	174
35	182
35	190
35	198
35	206
35	215
35	224
35	234
35	245
35	396
35	407
35	417
35	427
35	436
35	445
35	454
35	463
35	472
35	481
35	491
35	502
36	152
36	161
36	169
36	175
36	181
36	187
36	193
36	199
36	205
36	212
36	219
36	227
36	236
36	247
36	409
36	420
36	430
36	440
36	450
36	460
36	470
36	481
36	493
37	160
37	170
37	179
37	187
37	195
37	202
37	210
37	218
37	226
37	235
37	246
37	427
37	438
37	449
37	461
38	170
38	181
38	192
38	202
38	213
38	224
38	438
38	450
39	160
39	170
39	179
39	187
39	195
39	203
39	211
39	220
39	230
39	241
40	162
40	172
40	180
40	187
40	194
40	201
40	208
40	215
40	223
40	231
40	239
40	248
40	258
40	268
40	280
41	187
41	198
41	208
41	218
41	228
41	238
41	249
43	169
43	179
43	188
43	197
43	206
43	215
43	224
43	233
43	243
43	254
43	267
44	167
44	177
44	185
44	193
44	200
44	207
44	214
44	221
44	228
44	235
44	242
44	249
44	256
44	264
44	273
44	283
45	179
45	190
45	200
45	209
45	217
45	224
45	231
45	238
45	245
45	252
45	259
45	267
45	275
45	284
45	295
46	188
46	200
46	211
46	222
46	232
46	242
46	253
47	168
47	178
47	187
47	195
47	203
47	211
47	220
47	229
47	239
47	250
48	167
48	176
48	184
48	191
48	197
48	203
48	209
48	215
48	221
48	227
48	233
48	240
48	247
48	254
48	262
48	270
48	279
48	291
49	172
49	182
49	190
49	197
49	203
49	209
49	215
49	221
49	226
49	232
49	237
49	243
49	248
49	254
49	260
49	266
49	273
49	280
49	288
49	297
50	196
50	207
50	217
50	226
50	234
50	242
50	250
50	258
50	266
50	275
50	286
51	182
51	194
51	208
52	161
52	171
52	180
52	188
52	196
52	204
52	212
52	220
52	229
52	238
52	248
53	157
53	165
53	172
53	178
53	183
53	189
53	194
53	199
53	204
53	209
53	214
53	219
53	225
53	231
53	237
53	243
53	250
53	257
53	265
53	274
53	285
54	159
54	168
54	175
54	182
54	188
54	193
54	199
54	204
54	209
54	214
54	219
54	224
54	229
54	235
54	240
54	246
54	252
54	258
54	265
54	273
54	282
54	293
55	198
55	209
55	220
55	230
55	239
55	248
55	258
55	269
56	172
56	183
56	194
56	205
56	216
56	227
57	158
57	168
57	176
57	184
57	191
57	198
57	205
57	212
57	219
57	226
57	234
57	242
57	251
57	261
58	152
58	161
58	168
58	173
58	179
58	183
58	188
58	192
58	196
58	200
58	204
58	208
58	212
58	216
58	220
58	224
58	228
58	233
58	237
58	242
58	247
58	252
58	258
58	264
58	271
58	279
58	288
58	299
59	151
59	160
59	165
59	170
59	173
59	177
59	181
59	183
59	187
59	190
59	192
59	195
59	198
59	200
59	203
59	205
59	208
59	210
59	213
59	215
59	217
59	220
59	222
59	225
59	227
59	230
59	232
59	235
59	237
59	240
59	243
59	246
59	248
59	252
59	255
59	258
59	262
59	265
59	269
59	273
59	277
59	282
59	287
59	293
59	299
59	307
59	316
60	155
60	162
60	169
60	172
60	177
60	181
60	183
60	187
60	190
60	192
60	195
60	197
60	200
60	202
60	204
60	206
60	209
60	211
60	212
60	215
60	217
60	219
60	221
60	223
60	225
60	227
60	229
60	231
60	233
60	235
60	237
60	239
60	241
60	244
60	246
60	248
60	250
60	253
60	255
60	258
60	260
60	264
60	266
60	269
60	273
60	276
60	279
60	284
60	287
60	292
60	297
60	302
60	308
60	315
60	324
60	335
61	187
61	196
61	203
61	210
61	215
61	220
61	225
61	230
61	235
61	240
61	245
61	250
61	256
61	262
61	268
61	275
61	282
61	290
61	299
63	228
63	240
63	251
63	261
63	271
63	280
63	289
63	298
63	308
64	167
64	177
64	185
64	192
64	199
64	206
64	213
64	219
64	225
64	231
64	237
64	243
64	249
64	254
64	260
64	265
64	270
64	275
64	280
64	285
64	290
64	295
64	300
64	305
64	311
64	317
64	324
64	332
64	341
65	158
65	166
65	172
65	177
65	182
65	186
65	191
65	194
65	198
65	202
65	205
65	209
65	212
65	216
65	219
65	222
65	226
65	229
65	232
65	235
65	238
65	241
65	244
65	247
65	250
65	253
65	256
65	259
65	261
65	264
65	267
65	269
65	272
65	274
65	277
65	280
65	282
65	285
65	287
65	290
65	292
65	295
65	297
65	300
65	303
65	306
65	308
65	312
65	315
65	318
65	322
65	326
65	330
65	335
65	339
65	345
65	351
65	358
65	367
66	157
66	164
66	171
66	174
66	180
66	182
66	186
66	190
66	192
66	195
66	198
66	201
66	203
66	206
66	209
66	211
66	213
66	216
66	218
66	221
66	222
66	225
66	227
66	229
66	231
66	233
66	235
66	237
66	239
66	241
66	243
66	245
66	247
66	249
66	251
66	252
66	255
66	256
66	258
66	260
66	262
66	263
66	265
66	267
66	269
66	270
66	272
66	274
66	275
66	277
66	279
66	280
66	282
66	284
66	285
66	287
66	289
66	290
66	293
66	294
66	296
66	298
66	299
66	302
66	304
66	305
66	308
66	309
66	312
66	314
66	316
66	319
66	321
66	324
66	327
66	329
66	333
66	336
66	339
66	344
66	347
66	353
66	358
66	364
66	371
66	380
67	168
67	178
67	186
67	193
67	199
67	204
67	209
67	213
67	218
67	221
67	225
67	229
67	232
67	235
67	239
67	241
67	244
67	247
67	250
67	252
67	255
67	258
67	260
67	263
67	265
67	268
67	270
67	273
67	275
67	277
67	280
67	282
67	285
67	287
67	290
67	293
67	296
67	298
67	302
67	305
67	308
67	312
67	316
67	320
67	325
67	330
67	336
67	343
67	351
67	361
71	167
71	177
71	185
71	193
71	200
71	207
71	214
71	221
71	228
71	235
71	242
71	249
71	256
71	263
71	270
71	277
71	284
71	291
71	298
71	305
71	313
71	322
71	333
72	158
72	167
72	173
72	179
72	183
72	188
72	192
72	196
72	200
72	204
72	208
72	211
72	215
72	218
72	222
72	225
72	229
72	232
72	236
72	239
72	243
72	246
72	250
72	253
72	257
72	260
72	264
72	267
72	271
72	274
72	278
72	281
72	285
72	288
72	292
72	295
72	299
72	303
72	307
72	311
72	315
72	320
72	325
72	330
72	336
72	343
72	351
72	361
73	159
73	168
73	174
73	180
73	184
73	189
73	192
73	196
73	200
73	203
73	206
73	210
73	212
73	216
73	219
73	222
73	225
73	228
73	231
73	233
73	237
73	239
73	242
73	245
73	247
73	250
73	253
73	255
73	258
73	261
73	263
73	266
73	269
73	271
73	274
73	277
73	279
73	282
73	285
73	287
73	290
73	293
73	296
73	299
73	302
73	305
73	308
73	312
73	315
73	319
73	324
73	328
73	334
73	339
73	346
73	354
73	363
74	177
74	187
74	196
74	204
74	211
74	218
74	224
74	230
74	236
74	242
74	248
74	253
74	259
74	264
74	270
74	275
74	281
74	287
74	293
74	300
74	307
74	315
74	325
-1	-1
