-1	-1
0	541
0	550
0	557
0	563
0	568
0	572
0	577
0	581
0	585
0	589
0	593
0	596
0	600
0	604
0	607
0	611
0	615
0	619
0	623
0	627
0	631
0	636
0	640
0	646
0	651
0	657
0	664
0	672
0	682
1	551
1	561
1	569
1	576
1	583
1	589
1	595
1	601
1	607
1	613
1	619
1	626
1	633
1	641
1	650
1	661
2	559
2	569
2	578
2	586
2	594
2	602
2	610
2	618
2	627
2	637
3	387
3	400
3	563
3	574
3	584
3	593
3	602
3	611
3	621
3	631
4	352
4	365
4	377
4	388
4	399
4	410
4	425
4	563
4	574
4	584
4	594
4	604
4	614
4	624
4	635
5	336
5	348
5	359
5	370
5	380
5	390
5	400
5	410
5	420
5	568
5	579
5	589
5	599
5	609
5	619
5	630
6	340
6	352
6	363
6	373
6	383
6	392
6	401
6	410
6	420
6	566
6	577
6	587
6	596
6	605
6	614
6	624
6	634
7	328
7	340
7	351
7	362
7	372
7	382
7	392
7	402
7	412
7	423
7	571
7	582
7	592
7	602
7	611
7	621
7	631
7	642
8	297
8	308
8	318
8	327
8	336
8	344
8	352
8	360
8	368
8	376
8	384
8	392
8	400
8	408
8	416
8	424
8	433
8	443
8	558
8	568
8	577
8	585
8	593
8	601
8	609
8	617
8	625
8	633
8	642
8	652
9	278
9	288
9	297
9	305
9	313
9	320
9	327
9	334
9	341
9	347
9	353
9	359
9	365
9	371
9	377
9	383
9	389
9	395
9	401
9	406
9	412
9	418
9	424
9	431
9	438
9	446
9	456
9	553
9	563
9	572
9	580
9	588
9	595
9	602
9	609
9	616
9	623
9	631
9	639
9	648
9	658
10	273
10	283
10	291
10	299
10	306
10	313
10	319
10	325
10	331
10	337
10	343
10	349
10	354
10	360
10	365
10	371
10	376
10	381
10	386
10	391
10	396
10	401
10	406
10	411
10	417
10	423
10	429
10	436
10	444
10	453
10	465
10	557
10	567
10	576
10	584
10	592
10	599
10	606
10	613
10	620
10	627
10	635
10	643
10	652
10	663
11	271
11	281
11	290
11	298
11	305
11	312
11	319
11	326
11	332
11	339
11	345
11	351
11	357
11	363
11	369
11	375
11	381
11	387
11	393
11	399
11	405
11	412
11	419
11	427
11	436
11	446
11	553
11	563
11	571
11	579
11	586
11	593
11	599
11	605
11	611
11	617
11	623
11	630
11	637
11	644
11	652
11	661
11	671
12	276
12	286
12	295
12	303
12	311
12	319
12	327
12	335
12	343
12	351
12	359
12	366
12	374
12	382
12	390
12	398
12	407
12	416
12	427
12	550
12	560
12	568
12	575
12	582
12	588
12	594
12	600
12	605
12	611
12	616
12	622
12	628
12	634
12	640
12	647
12	654
12	662
12	671
12	682
13	282
13	293
13	303
13	313
13	322
13	331
13	340
13	350
13	360
13	370
13	380
13	390
13	401
13	414
13	549
13	559
13	567
13	574
13	581
13	587
13	593
13	599
13	604
13	609
13	614
13	619
13	624
13	629
13	634
13	639
13	645
13	651
13	657
13	664
13	672
13	681
13	692
14	289
14	301
14	312
14	323
14	333
14	343
14	353
14	363
14	373
14	384
14	395
14	407
14	547
14	556
14	563
14	570
14	576
14	582
14	588
14	593
14	598
14	603
14	608
14	613
14	617
14	622
14	626
14	631
14	636
14	641
14	646
14	651
14	657
14	663
14	670
14	678
14	687
14	698
15	288
15	299
15	310
15	320
15	330
15	340
15	350
15	360
15	370
15	380
15	390
15	400
15	410
15	423
15	542
15	551
15	559
15	565
15	571
15	576
15	581
15	586
15	591
15	595
15	600
15	604
15	609
15	613
15	617
15	621
15	625
15	629
15	634
15	638
15	643
15	648
15	654
15	660
15	666
15	673
15	681
15	691
16	283
16	294
16	304
16	313
16	322
16	330
16	338
16	346
16	355
16	364
16	373
16	382
16	391
16	400
16	409
16	419
16	430
16	541
16	550
16	557
16	563
16	568
16	573
16	578
16	582
16	586
16	591
16	594
16	599
16	602
16	607
16	610
16	615
16	618
16	623
16	627
16	632
16	637
16	642
16	647
16	653
16	659
16	666
16	674
16	684
17	279
17	290
17	300
17	309
17	318
17	326
17	334
17	342
17	350
17	358
17	366
17	374
17	382
17	390
17	398
17	406
17	414
17	422
17	431
17	442
17	540
17	549
17	556
17	562
17	567
17	572
17	576
17	581
17	584
17	589
17	592
17	597
17	600
17	605
17	608
17	613
17	616
17	621
17	625
17	630
17	635
17	640
17	646
17	652
17	659
17	667
17	676
17	687
18	277
18	287
18	296
18	304
18	311
18	318
18	325
18	332
18	339
18	346
18	353
18	359
18	365
18	371
18	377
18	383
18	389
18	394
18	400
18	405
18	411
18	417
18	423
18	429
18	436
18	444
18	453
18	464
18	539
18	548
18	555
18	561
18	566
18	571
18	575
18	580
18	584
18	588
18	592
18	596
18	600
18	604
18	608
18	612
18	616
18	620
18	625
18	629
18	634
18	639
18	645
18	651
18	657
18	664
18	672
18	682
19	272
19	282
19	291
19	299
19	306
19	312
19	318
19	324
19	330
19	335
19	341
19	346
19	351
19	356
19	361
19	366
19	371
19	375
19	380
19	384
19	389
19	393
19	398
19	402
19	407
19	411
19	416
19	420
19	425
19	430
19	435
19	441
19	447
19	454
19	462
19	472
19	537
19	546
19	553
19	559
19	564
19	569
19	573
19	577
19	581
19	585
19	589
19	593
19	596
19	600
19	603
19	607
19	610
19	614
19	617
19	621
19	625
19	628
19	633
19	636
19	641
19	645
19	650
19	655
19	661
19	667
19	674
19	682
19	692
20	269
20	279
20	286
20	292
20	298
20	303
20	308
20	312
20	317
20	321
20	325
20	329
20	333
20	337
20	341
20	344
20	348
20	351
20	355
20	358
20	362
20	365
20	369
20	372
20	375
20	379
20	382
20	385
20	389
20	392
20	395
20	398
20	401
20	404
20	407
20	410
20	413
20	416
20	419
20	423
20	426
20	429
20	433
20	437
20	441
20	446
20	450
20	456
20	462
20	468
20	476
20	485
20	532
20	541
20	549
20	555
20	561
20	566
20	571
20	575
20	580
20	584
20	588
20	592
20	596
20	600
20	603
20	607
20	611
20	614
20	618
20	622
20	625
20	629
20	633
20	637
20	641
20	646
20	650
20	655
20	660
20	666
20	672
20	679
20	687
20	697
21	267
21	276
21	283
21	289
21	294
21	299
21	303
21	308
21	312
21	316
21	320
21	323
21	327
21	331
21	334
21	338
21	341
21	344
21	348
21	350
21	354
21	357
21	360
21	363
21	366
21	369
21	372
21	375
21	378
21	381
21	383
21	386
21	389
21	392
21	394
21	397
21	400
21	402
21	405
21	408
21	410
21	413
21	416
21	418
21	421
21	424
21	427
21	430
21	434
21	437
21	441
21	445
21	449
21	454
21	458
21	464
21	470
21	477
21	486
21	497
21	537
21	546
21	553
21	560
21	565
21	571
21	575
21	580
21	584
21	588
21	592
21	596
21	600
21	603
21	607
21	610
21	614
21	617
21	621
21	624
21	628
21	631
21	635
21	638
21	642
21	646
21	650
21	655
21	659
21	664
21	669
21	675
21	681
21	688
21	696
21	706
22	263
22	272
22	280
22	285
22	291
22	295
22	300
22	304
22	308
22	312
22	315
22	319
22	322
22	326
22	329
22	333
22	336
22	339
22	343
22	346
22	349
22	352
22	355
22	358
22	361
22	364
22	367
22	370
22	373
22	376
22	379
22	382
22	385
22	388
22	391
22	394
22	397
22	400
22	403
22	406
22	409
22	412
22	415
22	418
22	422
22	425
22	429
22	433
22	437
22	441
22	446
22	451
22	457
22	463
22	470
22	479
22	539
22	548
22	554
22	560
22	565
22	570
22	574
22	578
22	582
22	585
22	589
22	592
22	596
22	599
22	602
22	606
22	609
22	612
22	615
22	618
22	621
22	624
22	627
22	630
22	633
22	636
22	639
22	642
22	645
22	648
22	652
22	655
22	659
22	663
22	667
22	672
22	677
22	682
22	688
22	695
22	703
22	712
23	268
23	277
23	284
23	291
23	297
23	302
23	307
23	312
23	316
23	321
23	324
23	329
23	332
23	336
23	340
23	343
23	347
23	350
23	354
23	357
23	361
23	364
23	368
23	371
23	375
23	378
23	382
23	385
23	389
23	392
23	396
23	399
23	403
23	406
23	410
23	413
23	417
23	420
23	425
23	428
23	433
23	437
23	442
23	447
23	453
23	460
23	468
23	477
23	541
23	550
23	557
23	562
23	567
23	572
23	575
23	580
23	583
23	587
23	590
23	593
23	597
23	600
23	603
23	606
23	610
23	612
23	615
23	618
23	621
23	624
23	627
23	630
23	632
23	636
23	638
23	641
23	644
23	647
23	650
23	653
23	656
23	659
23	663
23	666
23	670
23	674
23	678
23	683
23	688
23	694
23	700
23	707
23	715
23	725
24	271
24	281
24	290
24	298
24	304
24	310
24	316
24	321
24	326
24	331
24	336
24	341
24	345
24	350
24	354
24	359
24	363
24	368
24	372
24	377
24	381
24	385
24	389
24	393
24	397
24	401
24	404
24	408
24	411
24	414
24	418
24	421
24	425
24	428
24	432
24	436
24	440
24	445
24	449
24	455
24	461
24	468
24	476
24	486
24	543
24	552
24	560
24	566
24	572
24	577
24	582
24	586
24	591
24	594
24	598
24	602
24	605
24	609
24	612
24	615
24	618
24	621
24	624
24	627
24	630
24	633
24	636
24	639
24	642
24	645
24	648
24	651
24	654
24	657
24	660
24	664
24	667
24	670
24	674
24	678
24	682
24	687
24	691
24	697
24	703
24	710
24	718
24	728
25	272
25	282
25	290
25	298
25	304
25	310
25	315
25	320
25	324
25	329
25	333
25	337
25	341
25	345
25	349
25	352
25	356
25	359
25	363
25	366
25	370
25	373
25	377
25	380
25	384
25	387
25	391
25	393
25	397
25	400
25	403
25	406
25	409
25	412
25	415
25	418
25	421
25	424
25	427
25	431
25	434
25	438
25	442
25	446
25	451
25	456
25	462
25	468
25	475
25	484
25	495
25	541
25	551
25	560
25	567
25	573
25	579
25	584
25	589
25	593
25	597
25	601
25	605
25	609
25	612
25	616
25	619
25	622
25	626
25	629
25	632
25	636
25	639
25	642
25	646
25	649
25	652
25	656
25	659
25	663
25	667
25	671
25	675
25	679
25	684
25	689
25	695
25	701
25	708
25	716
25	726
26	273
26	283
26	291
26	299
26	305
26	311
26	316
26	321
26	326
26	330
26	334
26	338
26	342
26	345
26	349
26	352
26	355
26	358
26	361
26	364
26	367
26	370
26	373
26	376
26	379
26	382
26	384
26	388
26	390
26	393
26	396
26	398
26	401
26	404
26	406
26	409
26	412
26	414
26	417
26	420
26	423
26	426
26	429
26	432
26	436
26	439
26	443
26	447
26	451
26	456
26	461
26	467
26	474
26	482
26	492
26	538
26	548
26	556
26	563
26	570
26	575
26	580
26	585
26	590
26	594
26	599
26	603
26	607
26	611
26	615
26	619
26	623
26	627
26	631
26	635
26	639
26	643
26	647
26	651
26	656
26	660
26	665
26	670
26	675
26	681
26	687
26	694
26	702
26	711
26	724
27	272
27	282
27	290
27	297
27	303
27	309
27	314
27	319
27	323
27	327
27	331
27	334
27	338
27	341
27	345
27	348
27	351
27	354
27	357
27	360
27	363
27	366
27	369
27	371
27	374
27	377
27	379
27	382
27	385
27	387
27	390
27	393
27	396
27	398
27	402
27	404
27	407
27	410
27	413
27	416
27	419
27	423
27	426
27	429
27	434
27	437
27	442
27	446
27	451
27	457
27	463
27	470
27	479
27	542
27	552
27	560
27	567
27	573
27	578
27	583
27	588
27	593
27	597
27	602
27	606
27	610
27	614
27	618
27	622
27	626
27	630
27	634
27	638
27	642
27	646
27	650
27	655
27	659
27	664
27	669
27	674
27	680
27	686
27	693
27	701
27	710
28	270
28	279
28	287
28	294
28	300
28	306
28	311
28	315
28	320
28	322
28	326
28	329
28	332
28	334
28	338
28	340
28	343
28	345
28	348
28	351
28	353
28	356
28	358
28	361
28	364
28	366
28	369
28	372
28	374
28	377
28	380
28	383
28	386
28	389
28	392
28	395
28	398
28	401
28	405
28	408
28	412
28	416
28	419
28	424
28	428
28	433
28	438
28	444
28	450
28	457
28	466
28	547
28	556
28	563
28	570
28	575
28	580
28	584
28	589
28	593
28	597
28	601
28	605
28	609
28	613
28	617
28	621
28	625
28	629
28	633
28	637
28	641
28	645
28	649
28	653
28	658
28	662
28	667
28	672
28	678
28	684
28	691
28	699
28	709
29	269
29	278
29	285
29	292
29	298
29	303
29	309
29	314
29	319
29	323
29	327
29	331
29	334
29	338
29	341
29	344
29	347
29	350
29	353
29	356
29	359
29	362
29	365
29	368
29	371
29	374
29	377
29	380
29	384
29	387
29	391
29	394
29	398
29	402
29	406
29	410
29	415
29	419
29	425
29	430
29	436
29	443
29	451
29	461
29	548
29	558
29	566
29	573
29	579
29	584
29	590
29	594
29	599
29	603
29	608
29	612
29	617
29	621
29	625
29	630
29	634
29	638
29	643
29	647
29	652
29	657
29	663
29	669
29	676
29	683
29	691
29	701
30	268
30	277
30	284
30	290
30	295
30	301
30	306
30	311
30	316
30	321
30	325
30	330
30	335
30	340
30	345
30	350
30	355
30	360
30	365
30	370
30	375
30	380
30	386
30	392
30	398
30	404
30	411
30	418
30	426
30	435
30	446
30	551
30	561
30	570
30	578
30	585
30	592
30	598
30	604
30	610
30	616
30	622
30	628
30	634
30	640
30	647
30	654
30	661
30	669
30	678
30	688
31	266
31	274
31	281
31	287
31	292
31	297
31	302
31	307
31	312
31	317
31	322
31	327
31	332
31	337
31	342
31	347
31	352
31	357
31	363
31	369
31	376
31	383
31	391
31	399
31	408
31	418
31	567
31	577
31	586
31	595
31	603
31	611
31	619
31	627
31	635
31	643
31	652
31	661
31	671
32	268
32	277
32	284
32	290
32	296
32	302
32	308
32	314
32	320
32	326
32	333
32	340
32	347
32	354
32	362
32	370
32	379
32	389
32	400
32	570
32	580
32	589
32	597
32	604
32	611
32	618
32	625
32	632
32	639
32	646
32	654
32	662
32	671
32	681
33	270
33	279
33	287
33	294
33	301
33	307
33	314
33	320
33	327
33	334
33	342
33	350
33	359
33	369
33	380
33	392
33	567
33	577
33	585
33	592
33	599
33	605
33	611
33	617
33	623
33	629
33	635
33	641
33	647
33	654
33	661
33	668
33	676
33	684
33	693
33	704
34	277
34	287
34	295
34	303
34	311
34	319
34	327
34	335
34	343
34	351
34	360
34	370
34	382
34	395
34	562
34	573
34	582
34	590
34	598
34	605
34	612
34	618
34	624
34	630
34	636
34	642
34	648
34	654
34	661
34	668
34	675
34	683
34	691
34	700
34	711
35	279
35	289
35	298
35	306
35	314
35	322
35	331
35	340
35	349
35	359
35	373
35	567
35	577
35	586
35	594
35	602
35	609
35	616
35	623
35	630
35	636
35	642
35	649
35	656
35	663
35	670
35	678
35	686
35	695
35	706
36	278
36	288
36	296
36	303
36	310
36	317
36	325
36	333
36	342
36	352
36	365
36	578
36	588
36	597
36	606
36	614
36	622
36	629
36	636
36	643
36	650
36	658
36	666
36	675
36	684
36	694
37	282
37	292
37	301
37	309
37	317
37	325
37	334
37	344
37	355
37	581
37	592
37	602
37	612
37	621
37	630
37	638
37	647
37	656
37	665
37	675
37	685
37	697
38	288
38	299
38	309
38	319
38	330
38	344
38	569
38	580
38	590
38	599
38	608
38	617
38	626
38	635
38	644
38	654
38	664
38	674
38	684
38	695
39	289
39	299
39	309
39	319
39	330
39	561
39	571
39	580
39	589
39	597
39	605
39	613
39	621
39	629
39	637
39	646
39	655
39	665
39	675
39	687
40	289
40	299
40	308
40	317
40	327
40	338
40	563
40	573
40	583
40	592
40	600
40	608
40	616
40	624
40	632
40	641
40	650
40	660
40	671
41	297
41	308
41	319
41	578
41	589
41	600
41	610
41	619
41	628
41	637
41	647
41	657
41	669
42	607
42	618
42	629
42	640
42	653
43	610
43	622
43	635
49	331
49	343
49	354
49	365
50	351
50	363
50	375
53	317
53	328
53	339
53	349
53	360
53	373
54	310
54	321
54	331
54	340
54	349
54	358
54	367
54	377
54	388
55	320
55	331
55	342
55	352
55	362
55	372
55	382
55	394
56	338
56	353
57	306
57	316
57	326
57	335
57	344
57	353
57	363
57	374
58	291
58	301
58	309
58	316
58	322
58	328
58	334
58	340
58	346
58	352
58	358
58	364
58	371
58	378
58	386
58	395
58	405
59	286
59	294
59	301
59	305
59	311
59	314
59	319
59	322
59	326
59	329
59	333
59	336
59	339
59	343
59	346
59	349
59	353
59	356
59	359
59	363
59	366
59	370
59	374
59	378
59	383
59	387
59	392
59	397
59	403
59	410
59	418
59	427
60	280
60	289
60	294
60	300
60	303
60	307
60	311
60	313
60	317
60	320
60	322
60	325
60	328
60	330
60	333
60	335
60	338
60	340
60	343
60	345
60	347
60	350
60	352
60	355
60	357
60	360
60	362
60	365
60	367
60	370
60	373
60	376
60	379
60	382
60	386
60	388
60	393
60	396
60	400
60	405
60	409
60	415
60	420
60	427
60	435
60	444
61	279
61	287
61	293
61	298
61	303
61	307
61	312
61	316
61	320
61	324
61	328
61	332
61	336
61	340
61	344
61	348
61	353
61	357
61	362
61	366
61	371
61	376
61	381
61	386
61	392
61	398
61	404
61	411
61	418
61	427
61	437
62	279
62	288
62	294
62	301
62	307
62	313
62	320
62	327
62	334
62	342
62	350
62	359
62	368
62	378
62	389
62	400
62	412
63	296
63	307
63	317
63	327
63	337
63	346
63	355
63	364
63	373
63	383
63	393
63	404
63	416
64	293
64	303
64	312
64	320
64	327
64	334
64	341
64	347
64	353
64	359
64	365
64	371
64	377
64	383
64	389
64	395
64	402
64	409
64	417
64	426
64	436
65	287
65	296
65	303
65	309
65	314
65	319
65	323
65	327
65	331
65	334
65	338
65	341
65	345
65	348
65	351
65	354
65	357
65	361
65	363
65	367
65	370
65	373
65	376
65	379
65	382
65	386
65	388
65	392
65	395
65	399
65	402
65	406
65	410
65	414
65	418
65	423
65	428
65	434
65	440
65	447
65	455
65	465
66	288
66	296
66	302
66	307
66	312
66	314
66	319
66	322
66	324
66	328
66	331
66	332
66	336
66	338
66	341
66	342
66	345
66	347
66	349
66	352
66	353
66	355
66	358
66	359
66	362
66	363
66	365
66	367
66	369
66	371
66	373
66	374
66	377
66	378
66	380
66	382
66	384
66	386
66	388
66	389
66	392
66	394
66	395
66	398
66	399
66	402
66	404
66	406
66	408
66	410
66	413
66	415
66	417
66	420
66	423
66	425
66	428
66	431
66	435
66	437
66	441
66	445
66	449
66	454
66	459
66	465
66	472
66	480
66	491
67	290
67	299
67	306
67	312
67	317
67	322
67	326
67	330
67	333
67	337
67	340
67	343
67	346
67	349
67	352
67	353
67	357
67	359
67	361
67	363
67	365
67	368
67	370
67	371
67	373
67	376
67	377
67	379
67	381
67	383
67	384
67	386
67	388
67	390
67	392
67	393
67	395
67	397
67	399
67	400
67	402
67	404
67	406
67	407
67	409
67	411
67	413
67	415
67	416
67	418
67	420
67	423
67	424
67	426
67	429
67	430
67	434
67	435
67	438
67	440
67	444
67	446
67	449
67	453
67	456
67	460
67	464
67	468
67	474
67	479
67	486
67	494
67	504
68	340
68	351
68	360
68	368
68	374
68	380
68	384
68	389
68	392
68	396
68	399
68	402
68	405
68	408
68	411
68	413
68	416
68	419
68	422
68	424
68	427
68	430
68	433
68	436
68	439
68	443
68	446
68	450
68	454
68	458
68	463
68	468
68	474
68	481
68	489
68	499
69	407
69	417
69	426
69	435
69	444
69	455
71	303
71	313
71	322
71	331
71	339
71	347
71	355
71	363
71	371
71	379
71	388
71	397
71	407
71	418
72	291
72	300
72	308
72	314
72	320
72	325
72	330
72	334
72	339
72	343
72	347
72	351
72	355
72	359
72	363
72	367
72	371
72	375
72	379
72	383
72	387
72	391
72	396
72	400
72	405
72	410
72	415
72	421
72	427
72	434
72	442
72	451
73	291
73	300
73	306
73	312
73	317
73	322
73	325
73	330
73	333
73	337
73	341
73	343
73	347
73	350
73	353
73	356
73	359
73	362
73	365
73	368
73	371
73	374
73	377
73	380
73	383
73	386
73	389
73	392
73	395
73	398
73	401
73	404
73	407
73	410
73	414
73	417
73	421
73	424
73	428
73	432
73	436
73	441
73	446
73	452
73	458
73	465
73	474
73	485
74	307
74	317
74	325
74	332
74	339
74	345
74	351
74	357
74	362
74	367
74	372
74	377
74	382
74	386
74	391
74	395
74	400
74	404
74	409
74	413
74	418
74	422
74	427
74	432
74	437
74	443
74	449
74	456
74	464
74	473
-1	-1
