-1	-1
0	390
0	398
0	406
0	412
0	416
0	422
0	426
0	430
0	434
0	438
0	442
0	446
0	450
0	452
0	456
0	460
0	464
0	468
0	472
0	476
0	480
0	484
0	488
0	492
0	496
0	500
0	504
0	508
0	512
0	516
0	520
0	524
0	528
0	534
0	538
0	544
0	548
0	554
0	558
0	564
0	570
0	576
0	584
0	590
0	598
0	608
0	618
1	396
1	406
1	414
1	420
1	428
1	434
1	440
1	446
1	452
1	458
1	464
1	470
1	478
1	484
1	492
1	498
1	506
1	512
1	520
1	526
1	534
1	542
1	550
1	560
1	568
1	578
1	590
2	408
2	418
2	426
2	434
2	442
2	448
2	456
2	462
2	470
2	478
2	486
2	494
2	502
2	510
2	518
2	526
2	536
2	546
2	556
2	568
3	410
3	420
3	430
3	438
3	448
3	456
3	464
3	474
3	482
3	492
3	500
3	510
3	520
3	530
3	542
3	554
4	410
4	422
4	432
4	440
4	450
4	458
4	468
4	476
4	486
4	494
4	504
4	514
4	524
4	536
4	546
4	558
5	172
5	184
5	406
5	416
5	426
5	436
5	444
5	454
5	462
5	472
5	480
5	490
5	498
5	508
5	518
5	528
5	538
5	548
5	558
5	570
6	38
6	50
6	62
6	72
6	82
6	92
6	102
6	112
6	122
6	132
6	142
6	152
6	162
6	172
6	180
6	190
6	198
6	208
6	218
6	230
6	412
6	422
6	432
6	442
6	450
6	458
6	466
6	474
6	482
6	492
6	500
6	510
6	520
6	530
6	540
6	552
6	564
7	12
7	22
7	32
7	42
7	50
7	60
7	68
7	76
7	84
7	92
7	102
7	110
7	120
7	128
7	138
7	146
7	154
7	162
7	170
7	178
7	184
7	192
7	198
7	206
7	212
7	220
7	228
7	236
7	244
7	254
7	264
7	274
7	402
7	412
7	422
7	430
7	436
7	444
7	450
7	458
7	464
7	472
7	478
7	486
7	494
7	502
7	510
7	518
7	526
7	534
7	544
7	554
7	564
7	574
8	8
8	18
8	26
8	34
8	42
8	50
8	56
8	64
8	70
8	78
8	84
8	92
8	98
8	106
8	112
8	120
8	126
8	134
8	140
8	148
8	154
8	160
8	166
8	172
8	178
8	184
8	190
8	194
8	200
8	206
8	212
8	216
8	222
8	228
8	234
8	240
8	248
8	254
8	262
8	270
8	280
8	288
8	298
8	306
8	316
8	326
8	398
8	408
8	416
8	424
8	430
8	436
8	444
8	450
8	456
8	462
8	470
8	476
8	484
8	490
8	498
8	504
8	512
8	518
8	526
8	532
8	540
8	548
8	556
8	564
8	572
8	580
8	590
8	600
9	18
9	28
9	36
9	44
9	52
9	60
9	66
9	72
9	80
9	86
9	92
9	98
9	104
9	110
9	116
9	122
9	128
9	134
9	140
9	146
9	152
9	156
9	162
9	168
9	172
9	178
9	182
9	188
9	192
9	198
9	202
9	208
9	212
9	218
9	224
9	230
9	236
9	242
9	250
9	256
9	264
9	272
9	282
9	290
9	300
9	308
9	318
9	326
9	338
9	398
9	406
9	414
9	422
9	428
9	434
9	440
9	446
9	452
9	458
9	462
9	468
9	474
9	480
9	484
9	490
9	496
9	502
9	508
9	514
9	520
9	526
9	534
9	540
9	548
9	554
9	562
9	568
9	576
9	584
9	594
9	604
9	616
10	2
10	10
10	18
10	24
10	30
10	34
10	40
10	44
10	50
10	54
10	60
10	64
10	68
10	72
10	78
10	82
10	86
10	90
10	96
10	100
10	104
10	110
10	114
10	120
10	124
10	130
10	134
10	140
10	144
10	150
10	154
10	160
10	164
10	170
10	174
10	180
10	184
10	190
10	194
10	200
10	206
10	210
10	216
10	222
10	228
10	236
10	242
10	250
10	256
10	264
10	272
10	280
10	290
10	298
10	306
10	314
10	322
10	330
10	338
10	348
10	360
10	388
10	398
10	406
10	412
10	418
10	424
10	430
10	434
10	438
10	444
10	448
10	454
10	458
10	464
10	468
10	474
10	478
10	484
10	490
10	494
10	500
10	506
10	510
10	516
10	522
10	528
10	532
10	538
10	544
10	550
10	556
10	562
10	568
10	576
10	582
10	590
10	598
10	606
10	616
10	628
11	2
11	10
11	16
11	24
11	30
11	36
11	42
11	48
11	52
11	58
11	62
11	66
11	72
11	76
11	80
11	84
11	90
11	94
11	98
11	102
11	106
11	110
11	116
11	120
11	124
11	128
11	134
11	138
11	144
11	148
11	154
11	158
11	164
11	168
11	174
11	178
11	184
11	188
11	194
11	200
11	206
11	212
11	218
11	224
11	232
11	240
11	248
11	256
11	266
11	276
11	286
11	296
11	304
11	312
11	320
11	330
11	340
11	350
11	362
11	380
11	390
11	400
11	406
11	412
11	416
11	422
11	426
11	432
11	436
11	440
11	444
11	450
11	454
11	460
11	464
11	470
11	474
11	480
11	484
11	490
11	494
11	500
11	504
11	510
11	514
11	520
11	524
11	530
11	534
11	540
11	544
11	550
11	556
11	560
11	566
11	572
11	578
11	584
11	592
11	598
11	606
11	616
11	626
12	2
12	10
12	16
12	22
12	28
12	32
12	38
12	42
12	48
12	52
12	56
12	60
12	66
12	70
12	74
12	78
12	84
12	88
12	92
12	98
12	102
12	108
12	112
12	118
12	122
12	128
12	132
12	138
12	142
12	148
12	154
12	160
12	166
12	172
12	178
12	184
12	190
12	196
12	204
12	212
12	220
12	228
12	238
12	250
12	260
12	272
12	282
12	292
12	302
12	310
12	318
12	326
12	334
12	344
12	356
12	378
12	388
12	396
12	402
12	408
12	414
12	418
12	424
12	428
12	434
12	438
12	444
12	448
12	454
12	458
12	464
12	468
12	474
12	478
12	484
12	488
12	492
12	498
12	502
12	506
12	510
12	516
12	520
12	524
12	528
12	534
12	538
12	542
12	546
12	552
12	556
12	562
12	566
12	572
12	576
12	582
12	588
12	594
12	600
12	608
12	614
12	622
12	632
12	642
13	2
13	10
13	16
13	24
13	30
13	36
13	42
13	48
13	54
13	60
13	66
13	70
13	76
13	80
13	86
13	90
13	96
13	102
13	108
13	114
13	120
13	126
13	132
13	138
13	144
13	150
13	158
13	164
13	172
13	178
13	186
13	194
13	204
13	214
13	224
13	288
13	298
13	306
13	314
13	324
13	332
13	344
13	354
13	368
13	378
13	386
13	392
13	398
13	404
13	408
13	412
13	416
13	422
13	424
13	430
13	434
13	438
13	442
13	446
13	450
13	454
13	458
13	464
13	468
13	472
13	476
13	480
13	484
13	488
13	492
13	496
13	500
13	504
13	508
13	512
13	516
13	520
13	524
13	528
13	532
13	536
13	540
13	544
13	548
13	554
13	558
13	562
13	566
13	572
13	576
13	582
13	586
13	592
13	598
13	604
13	610
13	616
13	624
13	632
13	640
13	650
14	2
14	10
14	20
14	28
14	36
14	44
14	52
14	60
14	68
14	76
14	84
14	92
14	100
14	108
14	116
14	124
14	132
14	140
14	148
14	156
14	164
14	172
14	182
14	192
14	202
14	376
14	384
14	392
14	396
14	402
14	404
14	410
14	412
14	416
14	420
14	424
14	426
14	430
14	434
14	436
14	440
14	442
14	446
14	450
14	452
14	456
14	460
14	464
14	466
14	470
14	474
14	478
14	480
14	484
14	488
14	492
14	494
14	498
14	502
14	506
14	510
14	514
14	518
14	522
14	526
14	530
14	534
14	538
14	542
14	546
14	550
14	554
14	558
14	562
14	566
14	570
14	576
14	580
14	584
14	590
14	594
14	600
14	606
14	612
14	618
14	624
14	632
14	642
14	652
15	2
15	12
15	20
15	30
15	38
15	46
15	54
15	62
15	70
15	78
15	86
15	94
15	104
15	112
15	122
15	130
15	140
15	150
15	160
15	170
15	180
15	192
15	204
15	370
15	380
15	386
15	392
15	398
15	402
15	406
15	410
15	414
15	418
15	420
15	424
15	426
15	430
15	432
15	436
15	438
15	442
15	444
15	446
15	450
15	452
15	454
15	458
15	460
15	462
15	466
15	468
15	470
15	474
15	476
15	480
15	482
15	486
15	488
15	492
15	494
15	498
15	500
15	504
15	508
15	510
15	514
15	518
15	522
15	526
15	528
15	532
15	536
15	540
15	544
15	548
15	552
15	556
15	560
15	566
15	570
15	574
15	580
15	584
15	590
15	596
15	602
15	608
15	614
15	622
15	632
15	642
15	654
16	10
16	20
16	30
16	40
16	48
16	56
16	64
16	72
16	78
16	86
16	92
16	100
16	108
16	116
16	124
16	132
16	140
16	148
16	156
16	164
16	172
16	180
16	190
16	198
16	208
16	220
16	370
16	380
16	386
16	392
16	396
16	402
16	406
16	410
16	414
16	418
16	420
16	424
16	428
16	432
16	434
16	436
16	440
16	442
16	444
16	448
16	450
16	452
16	456
16	458
16	460
16	462
16	466
16	468
16	470
16	472
16	476
16	478
16	480
16	484
16	486
16	488
16	492
16	494
16	498
16	500
16	504
16	508
16	510
16	514
16	518
16	522
16	526
16	530
16	534
16	538
16	542
16	548
16	552
16	558
16	562
16	568
16	574
16	580
16	586
16	594
16	600
16	608
16	618
16	628
17	2
17	12
17	20
17	30
17	38
17	46
17	52
17	60
17	66
17	74
17	80
17	88
17	94
17	102
17	108
17	116
17	122
17	130
17	136
17	144
17	150
17	156
17	162
17	168
17	176
17	182
17	188
17	196
17	204
17	212
17	220
17	230
17	240
17	252
17	264
17	274
17	286
17	296
17	306
17	316
17	328
17	370
17	380
17	386
17	392
17	398
17	402
17	408
17	412
17	416
17	420
17	424
17	428
17	432
17	436
17	440
17	442
17	446
17	448
17	452
17	454
17	456
17	460
17	462
17	464
17	468
17	470
17	472
17	476
17	478
17	480
17	484
17	486
17	490
17	492
17	496
17	498
17	502
17	506
17	510
17	514
17	518
17	522
17	526
17	530
17	534
17	540
17	544
17	550
17	556
17	562
17	568
17	574
17	582
17	588
17	596
17	604
17	614
17	624
18	2
18	12
18	20
18	28
18	36
18	42
18	50
18	56
18	64
18	70
18	76
18	82
18	88
18	94
18	100
18	106
18	112
18	118
18	124
18	130
18	136
18	142
18	148
18	154
18	160
18	164
18	170
18	176
18	182
18	188
18	194
18	200
18	206
18	212
18	218
18	226
18	232
18	240
18	248
18	256
18	264
18	274
18	282
18	290
18	298
18	306
18	314
18	324
18	334
18	370
18	378
18	386
18	392
18	396
18	402
18	406
18	410
18	416
18	420
18	424
18	428
18	432
18	436
18	440
18	444
18	448
18	452
18	454
18	458
18	462
18	464
18	468
18	472
18	474
18	478
18	482
18	486
18	488
18	492
18	496
18	500
18	504
18	508
18	512
18	516
18	522
18	526
18	532
18	538
18	544
18	550
18	556
18	564
18	570
18	578
18	586
18	596
18	606
18	616
19	2
19	10
19	16
19	24
19	30
19	36
19	42
19	46
19	52
19	56
19	62
19	66
19	72
19	76
19	82
19	86
19	90
19	94
19	100
19	104
19	108
19	112
19	118
19	122
19	126
19	130
19	134
19	138
19	142
19	146
19	150
19	154
19	158
19	162
19	166
19	170
19	174
19	178
19	182
19	186
19	190
19	194
19	198
19	204
19	208
19	212
19	218
19	222
19	228
19	232
19	238
19	244
19	248
19	254
19	260
19	266
19	274
19	280
19	286
19	292
19	298
19	304
19	310
19	316
19	324
19	330
19	338
19	348
19	366
19	376
19	382
19	390
19	394
19	400
19	404
19	408
19	412
19	416
19	422
19	426
19	430
19	434
19	438
19	444
19	448
19	454
19	458
19	464
19	468
19	474
19	478
19	484
19	488
19	494
19	498
19	504
19	508
19	514
19	518
19	524
19	530
19	536
19	542
19	548
19	554
19	560
19	566
19	574
19	580
19	588
19	596
19	604
19	612
19	622
19	634
20	2
20	8
20	14
20	20
20	24
20	30
20	34
20	38
20	42
20	46
20	50
20	54
20	58
20	62
20	66
20	70
20	72
20	76
20	80
20	84
20	86
20	90
20	94
20	98
20	100
20	104
20	108
20	112
20	114
20	118
20	122
20	126
20	128
20	132
20	136
20	140
20	142
20	146
20	150
20	154
20	156
20	160
20	164
20	166
20	170
20	174
20	178
20	180
20	184
20	188
20	192
20	196
20	198
20	202
20	206
20	210
20	214
20	218
20	222
20	226
20	230
20	234
20	238
20	244
20	248
20	252
20	256
20	262
20	266
20	272
20	276
20	282
20	288
20	294
20	298
20	304
20	310
20	316
20	324
20	330
20	340
20	350
20	368
20	378
20	384
20	392
20	396
20	402
20	408
20	412
20	416
20	422
20	426
20	430
20	434
20	438
20	442
20	446
20	450
20	454
20	458
20	462
20	466
20	470
20	474
20	478
20	482
20	488
20	492
20	496
20	500
20	504
20	508
20	512
20	516
20	520
20	524
20	528
20	532
20	536
20	540
20	546
20	550
20	554
20	560
20	564
20	570
20	574
20	580
20	586
20	590
20	596
20	602
20	608
20	616
20	622
20	630
20	638
20	648
20	658
21	2
21	6
21	12
21	18
21	22
21	26
21	32
21	34
21	38
21	42
21	46
21	50
21	52
21	56
21	60
21	62
21	66
21	70
21	72
21	76
21	78
21	82
21	84
21	88
21	90
21	94
21	96
21	100
21	102
21	106
21	108
21	112
21	116
21	118
21	122
21	126
21	128
21	132
21	136
21	138
21	142
21	146
21	148
21	152
21	156
21	160
21	162
21	166
21	170
21	172
21	176
21	180
21	184
21	186
21	190
21	194
21	198
21	200
21	204
21	208
21	212
21	214
21	218
21	222
21	226
21	228
21	232
21	236
21	240
21	244
21	248
21	252
21	256
21	260
21	264
21	268
21	274
21	278
21	284
21	288
21	294
21	300
21	306
21	314
21	320
21	328
21	338
21	372
21	382
21	390
21	396
21	402
21	408
21	412
21	416
21	420
21	424
21	428
21	432
21	436
21	440
21	444
21	448
21	452
21	454
21	458
21	462
21	466
21	468
21	472
21	476
21	480
21	482
21	486
21	490
21	494
21	496
21	500
21	502
21	506
21	510
21	512
21	516
21	518
21	522
21	524
21	528
21	530
21	534
21	536
21	540
21	544
21	546
21	550
21	554
21	556
21	560
21	564
21	566
21	570
21	574
21	578
21	582
21	586
21	590
21	594
21	598
21	602
21	606
21	612
21	616
21	622
21	628
21	634
21	640
21	648
21	656
21	664
21	672
21	684
22	2
22	6
22	12
22	16
22	22
22	26
22	30
22	34
22	38
22	42
22	44
22	48
22	52
22	56
22	58
22	62
22	66
22	70
22	72
22	76
22	80
22	82
22	86
22	90
22	92
22	96
22	100
22	102
22	106
22	110
22	112
22	116
22	120
22	122
22	126
22	130
22	132
22	136
22	138
22	142
22	144
22	148
22	150
22	154
22	156
22	160
22	162
22	166
22	168
22	172
22	174
22	178
22	180
22	184
22	186
22	190
22	192
22	196
22	198
22	202
22	204
22	206
22	210
22	212
22	214
22	218
22	220
22	224
22	226
22	228
22	232
22	234
22	236
22	240
22	242
22	244
22	248
22	250
22	254
22	256
22	260
22	262
22	266
22	268
22	272
22	276
22	280
22	284
22	288
22	292
22	296
22	300
22	306
22	310
22	316
22	322
22	330
22	338
22	348
22	370
22	380
22	388
22	394
22	400
22	404
22	410
22	414
22	418
22	422
22	426
22	430
22	434
22	438
22	440
22	444
22	448
22	452
22	454
22	458
22	462
22	464
22	468
22	470
22	474
22	476
22	480
22	482
22	486
22	488
22	492
22	494
22	498
22	500
22	502
22	506
22	508
22	510
22	512
22	516
22	518
22	520
22	522
22	526
22	528
22	530
22	532
22	534
22	538
22	540
22	542
22	544
22	548
22	550
22	552
22	554
22	558
22	560
22	562
22	564
22	568
22	570
22	572
22	576
22	578
22	580
22	584
22	586
22	590
22	592
22	596
22	600
22	604
22	606
22	610
22	614
22	618
22	622
22	628
22	632
22	636
22	642
22	648
22	654
22	660
22	666
22	674
22	682
22	690
23	2
23	6
23	12
23	18
23	22
23	26
23	32
23	36
23	40
23	44
23	48
23	52
23	56
23	60
23	64
23	66
23	70
23	74
23	78
23	82
23	84
23	88
23	92
23	96
23	98
23	102
23	106
23	110
23	112
23	116
23	120
23	124
23	126
23	130
23	134
23	136
23	140
23	142
23	146
23	150
23	152
23	154
23	158
23	160
23	164
23	166
23	168
23	172
23	174
23	176
23	180
23	182
23	184
23	186
23	190
23	192
23	194
23	196
23	198
23	200
23	202
23	204
23	206
23	208
23	210
23	212
23	214
23	216
23	218
23	220
23	222
23	224
23	226
23	228
23	230
23	232
23	234
23	236
23	238
23	240
23	242
23	244
23	246
23	248
23	250
23	252
23	256
23	260
23	262
23	264
23	266
23	268
23	272
23	274
23	276
23	280
23	282
23	286
23	288
23	292
23	296
23	298
23	302
23	306
23	310
23	316
23	320
23	326
23	330
23	338
23	344
23	354
23	364
23	376
23	386
23	392
23	398
23	404
23	408
23	412
23	418
23	422
23	426
23	430
23	434
23	438
23	440
23	444
23	448
23	452
23	454
23	458
23	462
23	464
23	468
23	470
23	474
23	476
23	480
23	482
23	486
23	488
23	492
23	494
23	496
23	500
23	502
23	504
23	506
23	510
23	512
23	514
23	516
23	518
23	522
23	524
23	526
23	528
23	530
23	532
23	536
23	538
23	540
23	542
23	544
23	546
23	550
23	552
23	554
23	556
23	558
23	560
23	564
23	566
23	568
23	570
23	574
23	576
23	578
23	580
23	584
23	586
23	588
23	592
23	594
23	598
23	600
23	604
23	608
23	610
23	614
23	616
23	620
23	624
23	628
23	632
23	636
23	640
23	646
23	650
23	656
23	660
23	666
23	672
23	680
23	688
23	696
24	2
24	8
24	14
24	20
24	24
24	30
24	34
24	40
24	44
24	48
24	52
24	56
24	60
24	64
24	68
24	72
24	76
24	80
24	84
24	88
24	90
24	94
24	98
24	102
24	104
24	108
24	112
24	116
24	118
24	122
24	126
24	128
24	132
24	136
24	138
24	142
24	144
24	148
24	150
24	154
24	156
24	160
24	162
24	164
24	166
24	170
24	172
24	174
24	176
24	180
24	182
24	184
24	186
24	188
24	190
24	192
24	196
24	198
24	200
24	202
24	204
24	206
24	208
24	210
24	212
24	216
24	218
24	220
24	222
24	224
24	226
24	230
24	232
24	234
24	236
24	238
24	240
24	244
24	246
24	248
24	250
24	254
24	256
24	258
24	262
24	264
24	268
24	270
24	274
24	276
24	280
24	284
24	286
24	290
24	294
24	298
24	302
24	308
24	312
24	318
24	324
24	330
24	336
24	344
24	354
24	366
24	378
24	386
24	392
24	398
24	404
24	408
24	412
24	418
24	422
24	424
24	428
24	432
24	436
24	440
24	442
24	446
24	450
24	454
24	456
24	460
24	464
24	468
24	470
24	474
24	478
24	482
24	484
24	488
24	492
24	494
24	498
24	502
24	504
24	508
24	510
24	514
24	516
24	520
24	522
24	526
24	528
24	532
24	534
24	538
24	540
24	544
24	546
24	550
24	552
24	556
24	558
24	562
24	564
24	568
24	570
24	574
24	576
24	580
24	584
24	586
24	590
24	594
24	596
24	600
24	604
24	608
24	612
24	618
24	622
24	626
24	632
24	636
24	642
24	648
24	654
24	662
24	668
24	676
24	686
25	2
25	6
25	12
25	18
25	22
25	26
25	32
25	34
25	40
25	42
25	46
25	50
25	54
25	58
25	62
25	64
25	68
25	72
25	76
25	78
25	82
25	84
25	88
25	90
25	94
25	96
25	100
25	102
25	104
25	108
25	110
25	112
25	116
25	118
25	120
25	124
25	126
25	128
25	132
25	134
25	136
25	138
25	142
25	144
25	146
25	148
25	152
25	154
25	156
25	158
25	162
25	164
25	166
25	168
25	170
25	172
25	176
25	178
25	180
25	182
25	184
25	186
25	188
25	192
25	194
25	196
25	198
25	200
25	202
25	206
25	208
25	210
25	212
25	216
25	218
25	220
25	222
25	226
25	228
25	230
25	234
25	236
25	240
25	242
25	246
25	248
25	252
25	256
25	258
25	262
25	266
25	270
25	274
25	278
25	284
25	288
25	292
25	298
25	304
25	308
25	316
25	322
25	330
25	340
25	378
25	388
25	396
25	402
25	408
25	414
25	420
25	424
25	428
25	432
25	436
25	440
25	444
25	448
25	452
25	454
25	458
25	462
25	466
25	468
25	472
25	476
25	480
25	484
25	488
25	492
25	496
25	500
25	504
25	508
25	512
25	516
25	520
25	524
25	528
25	532
25	534
25	538
25	542
25	546
25	550
25	554
25	558
25	562
25	566
25	570
25	574
25	578
25	582
25	586
25	590
25	594
25	598
25	604
25	608
25	614
25	620
25	626
25	634
25	640
25	648
25	656
25	666
25	676
26	2
26	4
26	10
26	14
26	20
26	22
26	28
26	30
26	34
26	38
26	42
26	46
26	48
26	52
26	54
26	58
26	62
26	64
26	68
26	70
26	74
26	76
26	80
26	82
26	84
26	86
26	90
26	92
26	94
26	96
26	100
26	102
26	104
26	106
26	108
26	110
26	112
26	114
26	116
26	118
26	120
26	122
26	124
26	126
26	128
26	130
26	132
26	134
26	136
26	138
26	140
26	142
26	144
26	146
26	148
26	150
26	152
26	154
26	156
26	158
26	160
26	162
26	164
26	166
26	168
26	170
26	172
26	174
26	176
26	178
26	180
26	184
26	186
26	188
26	190
26	192
26	196
26	198
26	200
26	204
26	206
26	208
26	212
26	214
26	218
26	220
26	224
26	228
26	230
26	234
26	238
26	242
26	246
26	250
26	254
26	258
26	264
26	270
26	276
26	282
26	290
26	296
26	304
26	312
26	322
26	332
26	378
26	388
26	396
26	404
26	410
26	416
26	422
26	426
26	432
26	436
26	442
26	446
26	450
26	454
26	458
26	462
26	466
26	470
26	474
26	478
26	482
26	486
26	490
26	494
26	498
26	502
26	506
26	510
26	516
26	520
26	524
26	528
26	534
26	538
26	542
26	546
26	552
26	556
26	560
26	564
26	570
26	574
26	578
26	584
26	588
26	594
26	598
26	604
26	610
26	616
26	624
26	630
26	638
26	646
26	656
26	666
27	2
27	4
27	10
27	14
27	18
27	22
27	26
27	30
27	32
27	36
27	40
27	42
27	46
27	48
27	52
27	54
27	56
27	60
27	62
27	64
27	66
27	68
27	72
27	74
27	76
27	78
27	80
27	82
27	84
27	88
27	90
27	92
27	94
27	96
27	98
27	100
27	102
27	104
27	106
27	108
27	110
27	112
27	114
27	116
27	118
27	120
27	122
27	124
27	126
27	128
27	130
27	132
27	134
27	136
27	138
27	140
27	142
27	144
27	146
27	148
27	150
27	152
27	154
27	156
27	158
27	160
27	162
27	164
27	166
27	168
27	170
27	172
27	174
27	176
27	178
27	180
27	184
27	186
27	188
27	190
27	192
27	196
27	198
27	200
27	204
27	206
27	208
27	212
27	214
27	218
27	220
27	224
27	228
27	232
27	236
27	240
27	244
27	248
27	254
27	260
27	266
27	274
27	282
27	290
27	298
27	306
27	314
27	322
27	332
27	378
27	388
27	398
27	404
27	412
27	418
27	424
27	428
27	434
27	438
27	442
27	448
27	452
27	456
27	460
27	464
27	468
27	472
27	476
27	480
27	484
27	488
27	492
27	494
27	498
27	502
27	506
27	510
27	512
27	516
27	520
27	524
27	528
27	532
27	536
27	540
27	544
27	548
27	552
27	556
27	560
27	564
27	568
27	574
27	578
27	582
27	586
27	592
27	596
27	602
27	608
27	614
27	620
27	628
27	636
27	644
27	656
28	2
28	6
28	12
28	16
28	20
28	24
28	28
28	30
28	34
28	36
28	40
28	42
28	44
28	48
28	50
28	54
28	56
28	58
28	62
28	64
28	66
28	68
28	70
28	72
28	76
28	78
28	80
28	82
28	84
28	86
28	88
28	90
28	92
28	94
28	98
28	102
28	104
28	106
28	108
28	110
28	112
28	114
28	116
28	118
28	122
28	124
28	126
28	128
28	130
28	132
28	136
28	138
28	140
28	142
28	146
28	148
28	150
28	154
28	156
28	158
28	162
28	164
28	168
28	170
28	174
28	178
28	180
28	184
28	188
28	192
28	196
28	200
28	204
28	208
28	214
28	218
28	224
28	230
28	238
28	244
28	252
28	262
28	272
28	292
28	304
28	382
28	392
28	400
28	406
28	412
28	418
28	422
28	426
28	430
28	432
28	436
28	440
28	442
28	446
28	448
28	452
28	454
28	458
28	460
28	464
28	466
28	470
28	472
28	476
28	478
28	482
28	484
28	488
28	490
28	494
28	496
28	500
28	502
28	506
28	508
28	512
28	514
28	518
28	520
28	524
28	526
28	530
28	534
28	536
28	540
28	544
28	546
28	550
28	554
28	556
28	560
28	564
28	566
28	570
28	574
28	578
28	582
28	586
28	590
28	594
28	598
28	602
28	606
28	612
28	616
28	622
28	628
28	636
28	642
28	650
28	660
29	2
29	8
29	12
29	16
29	22
29	24
29	28
29	32
29	34
29	38
29	40
29	42
29	46
29	48
29	52
29	54
29	56
29	60
29	62
29	64
29	68
29	70
29	72
29	76
29	78
29	80
29	84
29	86
29	88
29	92
29	94
29	96
29	100
29	102
29	106
29	108
29	112
29	114
29	118
29	120
29	124
29	126
29	130
29	134
29	136
29	140
29	144
29	146
29	150
29	154
29	158
29	162
29	168
29	172
29	176
29	182
29	186
29	192
29	198
29	206
29	212
29	220
29	228
29	236
29	246
29	382
29	392
29	400
29	408
29	412
29	418
29	422
29	426
29	430
29	432
29	436
29	440
29	442
29	446
29	450
29	452
29	456
29	460
29	462
29	466
29	470
29	472
29	476
29	480
29	482
29	486
29	490
29	492
29	496
29	500
29	504
29	506
29	510
29	514
29	518
29	520
29	524
29	528
29	532
29	536
29	540
29	544
29	548
29	552
29	556
29	560
29	564
29	568
29	574
29	578
29	582
29	588
29	592
29	598
29	604
29	608
29	614
29	620
29	628
29	634
29	642
29	652
29	662
30	2
30	10
30	16
30	22
30	26
30	32
30	36
30	42
30	46
30	50
30	54
30	58
30	62
30	66
30	70
30	74
30	78
30	82
30	86
30	90
30	94
30	96
30	100
30	104
30	108
30	110
30	114
30	118
30	122
30	126
30	130
30	134
30	138
30	142
30	146
30	152
30	156
30	160
30	166
30	170
30	176
30	182
30	188
30	196
30	202
30	210
30	220
30	230
30	390
30	400
30	410
30	416
30	422
30	428
30	432
30	438
30	442
30	446
30	452
30	456
30	460
30	464
30	470
30	474
30	478
30	482
30	486
30	492
30	494
30	500
30	502
30	508
30	510
30	516
30	518
30	524
30	528
30	532
30	536
30	540
30	544
30	548
30	552
30	556
30	560
30	566
30	570
30	574
30	580
30	584
30	590
30	596
30	602
30	608
30	614
30	622
30	630
30	638
30	646
30	656
30	668
31	2
31	10
31	18
31	24
31	30
31	34
31	40
31	46
31	50
31	56
31	60
31	66
31	70
31	76
31	80
31	86
31	90
31	96
31	100
31	106
31	110
31	116
31	120
31	126
31	132
31	138
31	142
31	148
31	154
31	160
31	166
31	172
31	180
31	186
31	194
31	202
31	212
31	222
31	398
31	408
31	418
31	428
31	438
31	444
31	452
31	458
31	464
31	470
31	476
31	482
31	488
31	494
31	498
31	504
31	508
31	514
31	518
31	524
31	528
31	532
31	538
31	542
31	546
31	550
31	556
31	560
31	564
31	568
31	574
31	578
31	584
31	588
31	594
31	600
31	606
31	612
31	618
31	624
31	632
31	640
31	648
31	656
31	666
31	676
32	2
32	10
32	18
32	26
32	32
32	40
32	46
32	52
32	58
32	64
32	70
32	76
32	82
32	88
32	94
32	100
32	106
32	112
32	118
32	124
32	130
32	138
32	144
32	152
32	160
32	170
32	180
32	190
32	408
32	420
32	430
32	438
32	446
32	452
32	458
32	462
32	468
32	472
32	478
32	482
32	488
32	492
32	498
32	502
32	508
32	512
32	516
32	522
32	526
32	530
32	534
32	540
32	544
32	548
32	552
32	556
32	560
32	564
32	568
32	572
32	576
32	582
32	586
32	590
32	594
32	600
32	604
32	610
32	614
32	620
32	624
32	630
32	636
32	642
32	648
32	654
32	662
32	668
32	676
32	686
32	696
33	10
33	22
33	32
33	40
33	48
33	56
33	64
33	70
33	78
33	84
33	92
33	98
33	106
33	112
33	120
33	128
33	136
33	146
33	154
33	164
33	176
33	400
33	410
33	420
33	430
33	438
33	444
33	450
33	456
33	462
33	466
33	472
33	476
33	480
33	486
33	490
33	496
33	500
33	504
33	510
33	514
33	518
33	522
33	528
33	532
33	536
33	542
33	546
33	552
33	556
33	562
33	566
33	572
33	576
33	582
33	586
33	592
33	596
33	602
33	606
33	612
33	616
33	622
33	628
33	634
33	640
33	646
33	652
33	658
33	664
33	672
33	680
33	688
33	696
34	28
34	38
34	46
34	54
34	62
34	70
34	78
34	86
34	92
34	100
34	106
34	114
34	122
34	130
34	140
34	150
34	160
34	174
34	400
34	412
34	422
34	430
34	440
34	448
34	456
34	462
34	470
34	474
34	480
34	486
34	492
34	496
34	502
34	508
34	514
34	520
34	524
34	530
34	534
34	540
34	544
34	550
34	556
34	560
34	566
34	572
34	578
34	584
34	590
34	596
34	604
34	610
34	618
34	626
34	636
34	644
34	654
34	664
34	674
34	686
35	30
35	42
35	52
35	60
35	70
35	78
35	88
35	96
35	106
35	114
35	124
35	134
35	144
35	154
35	164
35	176
35	408
35	418
35	428
35	438
35	448
35	456
35	464
35	472
35	478
35	486
35	492
35	500
35	506
35	514
35	520
35	528
35	534
35	542
35	550
35	558
35	568
35	576
35	586
35	596
35	606
35	618
36	22
36	32
36	42
36	50
36	58
36	66
36	74
36	82
36	90
36	98
36	106
36	114
36	124
36	134
36	144
36	156
36	400
36	412
36	422
36	430
36	440
36	448
36	456
36	464
36	470
36	478
36	484
36	492
36	498
36	506
36	512
36	520
36	526
36	534
36	540
36	548
36	554
36	562
36	570
36	578
36	586
36	596
36	604
36	614
36	626
37	20
37	30
37	40
37	50
37	58
37	68
37	76
37	84
37	92
37	100
37	108
37	118
37	126
37	136
37	148
37	400
37	410
37	420
37	428
37	438
37	446
37	454
37	462
37	468
37	476
37	482
37	490
37	498
37	506
37	514
37	520
37	528
37	534
37	542
37	548
37	556
37	562
37	570
37	578
37	588
37	596
37	606
38	40
38	52
38	62
38	74
38	84
38	96
38	108
38	120
38	418
38	428
38	438
38	448
38	458
38	468
38	478
38	490
38	500
38	514
38	532
39	46
39	58
39	70
39	82
39	92
39	104
39	114
39	126
39	140
39	432
39	444
40	28
40	38
40	48
40	58
40	68
40	78
40	90
40	100
40	112
40	122
40	134
40	144
40	156
40	166
40	178
41	18
41	28
41	36
41	44
41	52
41	60
41	68
41	76
41	86
41	94
41	104
41	116
41	128
42	20
42	30
42	40
42	48
42	56
42	64
42	72
42	80
42	90
42	98
42	108
42	118
42	130
44	62
44	74
44	88
45	48
45	60
45	70
45	80
45	90
45	100
45	110
45	120
45	130
45	140
45	150
45	162
45	174
46	106
46	118
46	130
46	140
46	152
46	162
46	174
46	186
48	30
48	42
48	52
48	62
48	72
48	84
48	94
48	106
48	118
49	108
51	32
51	44
51	54
51	64
51	74
51	82
51	92
51	100
51	110
51	118
51	128
51	136
51	146
51	156
51	166
51	176
51	190
52	40
52	50
52	60
52	70
52	78
52	88
52	96
52	104
52	112
52	120
52	126
52	134
52	140
52	148
52	154
52	162
52	168
52	176
52	184
52	192
52	200
52	210
52	220
53	78
53	90
53	100
53	112
53	122
53	130
53	140
53	148
53	156
53	164
53	172
53	180
53	188
53	196
53	206
53	216
53	226
54	80
54	94
55	48
55	60
55	72
55	82
55	92
55	102
55	112
55	122
55	134
56	26
56	38
56	48
56	58
56	66
56	76
56	84
56	94
56	102
56	112
56	120
56	130
56	138
56	148
57	12
57	22
57	30
57	38
57	46
57	54
57	60
57	68
57	74
57	82
57	88
57	96
57	104
57	112
57	122
57	130
57	140
57	150
57	160
58	4
58	12
58	20
58	26
58	32
58	38
58	42
58	48
58	52
58	56
58	62
58	66
58	70
58	74
58	80
58	84
58	88
58	94
58	98
58	104
58	108
58	114
58	120
58	126
58	134
58	140
58	148
58	158
58	168
59	2
59	10
59	16
59	22
59	24
59	30
59	32
59	36
59	40
59	42
59	44
59	48
59	50
59	54
59	56
59	58
59	62
59	64
59	66
59	70
59	72
59	74
59	76
59	80
59	82
59	84
59	88
59	90
59	92
59	96
59	98
59	100
59	104
59	106
59	110
59	112
59	116
59	118
59	122
59	126
59	130
59	134
59	138
59	142
59	146
59	152
59	156
59	162
59	168
59	176
59	184
59	192
59	202
60	2
60	10
60	14
60	20
60	22
60	26
60	30
60	32
60	34
60	38
60	40
60	42
60	46
60	48
60	50
60	52
60	54
60	56
60	58
60	60
60	62
60	64
60	66
60	68
60	70
60	72
60	74
60	76
60	78
60	80
60	82
60	84
60	86
60	88
60	90
60	92
60	94
60	96
60	98
60	100
60	102
60	106
60	110
60	112
60	114
60	116
60	118
60	120
60	124
60	126
60	128
60	130
60	134
60	136
60	140
60	142
60	146
60	148
60	154
60	156
60	160
60	166
60	170
60	174
60	180
60	186
60	192
60	198
60	206
60	216
60	226
61	6
61	14
61	20
61	24
61	30
61	34
61	38
61	42
61	46
61	50
61	54
61	58
61	62
61	66
61	70
61	74
61	78
61	82
61	86
61	90
61	96
61	100
61	104
61	108
61	114
61	118
61	122
61	128
61	132
61	138
61	142
61	148
61	154
61	160
61	166
61	172
61	180
61	188
61	196
61	208
62	22
62	32
62	42
62	52
62	60
62	70
62	78
62	88
62	96
62	104
62	112
62	120
62	128
62	136
62	144
62	152
62	160
62	170
62	178
62	188
62	198
62	210
63	12
63	22
63	30
63	38
63	44
63	50
63	54
63	60
63	66
63	70
63	76
63	80
63	84
63	90
63	94
63	98
63	102
63	108
63	112
63	116
63	120
63	126
63	130
63	134
63	138
63	144
63	148
63	154
63	158
63	164
63	168
63	174
63	178
63	184
63	190
63	196
63	202
63	208
63	216
63	224
63	232
63	242
64	10
64	20
64	26
64	32
64	36
64	40
64	44
64	48
64	52
64	54
64	58
64	62
64	64
64	68
64	70
64	74
64	76
64	80
64	82
64	84
64	88
64	90
64	92
64	94
64	98
64	100
64	102
64	104
64	108
64	110
64	112
64	114
64	118
64	120
64	122
64	124
64	128
64	130
64	132
64	134
64	138
64	140
64	142
64	144
64	148
64	150
64	152
64	154
64	158
64	160
64	162
64	166
64	168
64	170
64	174
64	176
64	178
64	182
64	184
64	188
64	190
64	194
64	196
64	200
64	204
64	206
64	210
64	214
64	218
64	222
64	226
64	230
64	234
64	240
64	246
64	252
64	258
64	266
64	274
64	284
65	12
65	20
65	28
65	34
65	38
65	44
65	48
65	52
65	56
65	60
65	62
65	66
65	70
65	72
65	74
65	78
65	80
65	82
65	86
65	88
65	90
65	94
65	96
65	98
65	100
65	102
65	106
65	108
65	110
65	112
65	114
65	116
65	118
65	120
65	122
65	124
65	126
65	128
65	130
65	132
65	134
65	136
65	138
65	140
65	142
65	144
65	146
65	148
65	150
65	152
65	154
65	156
65	158
65	160
65	162
65	164
65	168
65	170
65	172
65	174
65	176
65	178
65	180
65	182
65	184
65	186
65	188
65	190
65	192
65	194
65	196
65	198
65	200
65	202
65	204
65	208
65	212
65	214
65	216
65	218
65	220
65	224
65	226
65	228
65	232
65	234
65	238
65	240
65	244
65	248
65	252
65	256
65	260
65	264
65	270
65	276
65	282
65	288
65	298
65	308
66	30
66	42
66	52
66	62
66	70
66	80
66	88
66	94
66	102
66	108
66	114
66	120
66	124
66	128
66	132
66	136
66	140
66	144
66	148
66	152
66	156
66	158
66	162
66	166
66	168
66	172
66	176
66	178
66	182
66	186
66	188
66	192
66	196
66	200
66	202
66	206
66	210
66	214
66	218
66	222
66	226
66	232
66	236
66	242
66	246
66	252
66	258
66	266
66	272
66	280
66	290
67	58
67	70
67	82
67	92
67	104
67	114
67	126
67	136
67	146
67	156
67	166
67	176
67	188
67	198
67	210
67	250
67	262
67	274
68	28
68	38
68	46
68	54
68	62
68	68
68	74
68	80
68	86
68	92
68	98
68	104
68	110
68	116
68	122
68	128
68	134
68	140
68	146
68	152
68	158
68	164
68	170
68	176
68	182
68	188
68	194
68	200
68	206
68	212
68	218
68	226
68	232
68	240
68	246
68	254
68	260
68	266
68	274
68	280
68	288
68	296
68	304
68	314
69	18
69	28
69	34
69	40
69	46
69	52
69	56
69	60
69	64
69	68
69	72
69	76
69	80
69	84
69	88
69	90
69	94
69	98
69	102
69	104
69	108
69	112
69	114
69	118
69	122
69	124
69	128
69	130
69	134
69	136
69	140
69	142
69	146
69	148
69	152
69	154
69	158
69	160
69	164
69	166
69	170
69	172
69	176
69	178
69	182
69	184
69	188
69	190
69	194
69	196
69	200
69	202
69	206
69	208
69	212
69	214
69	218
69	220
69	224
69	228
69	230
69	234
69	238
69	242
69	244
69	248
69	252
69	256
69	260
69	264
69	268
69	274
69	278
69	282
69	288
69	292
69	298
69	306
69	312
69	322
69	334
70	20
70	30
70	38
70	44
70	50
70	56
70	62
70	66
70	72
70	76
70	80
70	84
70	88
70	92
70	96
70	100
70	104
70	108
70	112
70	114
70	118
70	122
70	124
70	128
70	132
70	134
70	138
70	140
70	142
70	146
70	148
70	152
70	154
70	156
70	160
70	162
70	164
70	168
70	170
70	172
70	174
70	178
70	180
70	182
70	184
70	188
70	190
70	192
70	194
70	198
70	200
70	202
70	204
70	206
70	210
70	212
70	214
70	216
70	218
70	220
70	224
70	226
70	228
70	230
70	234
70	236
70	238
70	240
70	244
70	246
70	250
70	252
70	256
70	258
70	262
70	266
70	270
70	274
70	278
70	282
70	288
70	294
70	300
70	308
70	318
71	108
71	118
71	128
71	138
71	146
71	154
71	160
71	168
71	174
71	180
71	186
71	192
71	198
71	204
71	210
71	214
71	220
71	224
71	230
71	234
71	240
71	244
71	250
71	256
71	262
71	268
71	276
71	286
71	296
73	14
73	24
73	32
73	40
73	48
73	56
73	62
73	70
73	76
73	84
73	90
73	98
73	104
73	112
73	120
73	128
73	136
73	146
73	154
73	164
73	174
73	184
73	196
73	206
73	218
73	230
73	242
73	252
73	262
73	272
73	280
73	290
73	300
73	310
74	12
74	20
74	28
74	34
74	40
74	46
74	50
74	56
74	60
74	64
74	70
74	74
74	78
74	82
74	86
74	90
74	94
74	98
74	102
74	106
74	110
74	114
74	118
74	122
74	126
74	130
74	136
74	140
74	144
74	148
74	154
74	158
74	164
74	168
74	174
74	178
74	184
74	188
74	194
74	200
74	204
74	210
74	216
74	222
74	228
74	234
74	240
74	246
74	252
74	258
74	264
74	270
74	274
74	280
74	286
74	292
74	298
74	304
74	310
74	316
74	324
74	334
75	20
75	30
75	38
75	44
75	50
75	54
75	60
75	64
75	70
75	74
75	78
75	82
75	88
75	92
75	96
75	100
75	104
75	108
75	112
75	116
75	120
75	124
75	128
75	132
75	136
75	140
75	144
75	148
75	152
75	156
75	160
75	164
75	168
75	174
75	178
75	182
75	186
75	192
75	196
75	200
75	206
75	210
75	216
75	220
75	226
75	230
75	236
75	240
75	246
75	250
75	256
75	262
75	268
75	274
75	280
75	286
75	292
75	298
75	306
75	314
75	322
75	334
76	102
76	114
76	126
76	138
76	148
76	160
76	170
76	182
76	194
76	206
76	217
-1	-1
