-1	-1
12	408
12	420
12	432
13	232
13	390
13	401
13	412
13	422
13	433
13	445
14	191
14	202
14	212
14	221
14	230
14	239
14	248
14	258
14	380
14	391
14	401
14	410
14	419
14	428
14	437
14	447
15	172
15	183
15	192
15	200
15	208
15	215
15	222
15	228
15	234
15	241
15	248
15	255
15	263
15	272
15	282
15	376
15	386
15	395
15	403
15	411
15	419
15	427
15	435
15	444
15	454
15	465
16	162
16	172
16	180
16	188
16	194
16	200
16	205
16	210
16	214
16	219
16	223
16	228
16	232
16	236
16	240
16	244
16	248
16	253
16	257
16	262
16	267
16	273
16	279
16	286
16	294
16	304
16	368
16	378
16	386
16	394
16	401
16	408
16	415
16	422
16	429
16	436
16	443
16	451
16	460
16	470
17	158
17	167
17	174
17	181
17	186
17	191
17	196
17	200
17	204
17	208
17	212
17	215
17	219
17	222
17	225
17	229
17	231
17	235
17	238
17	241
17	244
17	247
17	250
17	254
17	257
17	261
17	265
17	268
17	273
17	277
17	282
17	287
17	293
17	299
17	306
17	315
17	326
17	358
17	368
17	376
17	383
17	390
17	396
17	402
17	408
17	414
17	420
17	426
17	432
17	438
17	445
17	452
17	460
17	469
17	479
18	159
18	169
18	177
18	183
18	189
18	194
18	199
18	203
18	207
18	211
18	214
18	218
18	221
18	225
18	228
18	231
18	234
18	238
18	240
18	244
18	247
18	250
18	254
18	257
18	261
18	265
18	268
18	273
18	277
18	282
18	287
18	293
18	299
18	306
18	314
18	324
18	351
18	361
18	369
18	376
18	382
18	388
18	393
18	398
18	403
18	408
18	412
18	417
18	421
18	426
18	431
18	436
18	441
18	446
18	452
18	458
18	465
18	473
18	482
18	494
19	169
19	179
19	188
19	195
19	202
19	208
19	214
19	220
19	225
19	231
19	236
19	241
19	247
19	252
19	258
19	264
19	271
19	278
19	286
19	296
19	357
19	366
19	373
19	379
19	384
19	389
19	393
19	398
19	402
19	406
19	410
19	414
19	418
19	422
19	426
19	430
19	435
19	439
19	444
19	449
19	454
19	460
19	466
19	473
19	481
19	490
20	172
20	182
20	191
20	199
20	206
20	213
20	220
20	227
20	234
20	242
20	250
20	259
20	269
20	357
20	366
20	373
20	379
20	384
20	389
20	393
20	397
20	401
20	405
20	409
20	413
20	417
20	421
20	425
20	429
20	434
20	438
20	443
20	448
20	453
20	458
20	464
20	471
20	479
20	488
21	182
21	193
21	203
21	213
21	223
21	233
21	243
21	255
21	357
21	365
21	372
21	378
21	384
21	389
21	394
21	399
21	404
21	409
21	414
21	419
21	425
21	430
21	436
21	442
21	449
21	457
21	466
21	477
22	192
22	203
22	214
22	224
22	234
22	244
22	255
22	356
22	364
22	372
22	379
22	385
22	391
22	397
22	403
22	409
22	415
22	422
22	429
22	436
22	444
22	453
22	463
23	179
23	190
23	200
23	209
23	218
23	226
23	234
23	242
23	251
23	260
23	270
23	358
23	368
23	376
23	383
23	390
23	396
23	402
23	408
23	414
23	420
23	426
23	432
23	438
23	445
23	452
23	460
23	469
24	169
24	179
24	188
24	196
24	203
24	210
24	217
24	223
24	229
24	235
24	241
24	247
24	254
24	261
24	268
24	276
24	285
24	296
24	358
24	368
24	376
24	383
24	389
24	394
24	400
24	404
24	409
24	414
24	418
24	423
24	427
24	432
24	437
24	442
24	447
24	453
24	459
24	466
24	473
24	482
24	493
25	160
25	170
25	178
25	184
25	190
25	195
25	201
25	205
25	210
25	214
25	219
25	223
25	227
25	231
25	235
25	239
25	243
25	247
25	251
25	255
25	259
25	264
25	268
25	273
25	278
25	284
25	290
25	297
25	305
25	315
25	347
25	357
25	364
25	371
25	376
25	381
25	385
25	390
25	393
25	397
25	401
25	403
25	407
25	410
25	413
25	416
25	419
25	422
25	425
25	428
25	431
25	435
25	438
25	441
25	445
25	448
25	452
25	456
25	460
25	465
25	469
25	475
25	481
25	488
25	496
25	506
26	157
26	165
26	172
26	177
26	182
26	186
26	190
26	193
26	197
26	200
26	203
26	206
26	209
26	212
26	215
26	218
26	221
26	223
26	226
26	229
26	231
26	234
26	237
26	239
26	242
26	245
26	247
26	250
26	253
26	256
26	259
26	262
26	265
26	268
26	272
26	275
26	279
26	283
26	287
26	292
26	297
26	303
26	309
26	317
26	326
26	337
26	347
26	356
26	363
26	369
26	373
26	378
26	382
26	385
26	389
26	392
26	394
26	398
26	400
26	403
26	405
26	408
26	411
26	412
26	415
26	418
26	420
26	422
26	425
26	427
26	429
26	432
26	434
26	437
26	439
26	442
26	445
26	447
26	450
26	454
26	456
26	459
26	463
26	466
26	470
26	474
26	478
26	483
26	488
26	494
26	501
26	509
26	519
27	151
27	160
27	166
27	172
27	175
27	180
27	183
27	187
27	191
27	193
27	197
27	200
27	203
27	206
27	209
27	212
27	214
27	217
27	220
27	222
27	225
27	228
27	230
27	233
27	236
27	238
27	241
27	244
27	246
27	249
27	252
27	255
27	258
27	261
27	265
27	268
27	272
27	276
27	280
27	285
27	289
27	295
27	301
27	308
27	316
27	326
27	347
27	358
27	367
27	374
27	380
27	385
27	390
27	394
27	399
27	402
27	406
27	410
27	412
27	416
27	419
27	422
27	425
27	428
27	431
27	434
27	437
27	440
27	443
27	446
27	449
27	453
27	456
27	460
27	464
27	468
27	472
27	477
27	482
27	487
27	493
27	500
27	508
27	518
28	152
28	161
28	168
28	174
28	180
28	184
28	189
28	193
28	198
28	202
28	206
28	210
28	214
28	218
28	222
28	226
28	230
28	234
28	238
28	242
28	246
28	250
28	255
28	259
28	264
28	269
28	275
28	281
28	288
28	296
28	306
28	369
28	379
28	388
28	395
28	402
28	408
28	413
28	419
28	424
28	429
28	434
28	439
28	443
28	448
28	453
28	458
28	463
28	468
28	474
28	480
28	487
28	495
28	505
29	160
29	170
29	178
29	185
29	192
29	199
29	205
29	211
29	217
29	223
29	229
29	235
29	241
29	247
29	253
29	259
29	266
29	273
29	281
29	290
29	301
29	378
29	389
29	399
29	407
29	415
29	422
29	429
29	436
29	443
29	450
29	457
29	464
29	472
29	481
29	493
30	171
30	181
30	190
30	198
30	206
30	213
30	220
30	227
30	233
30	239
30	244
30	250
30	255
30	261
30	266
30	272
30	278
30	285
30	292
30	300
30	310
30	372
30	383
30	393
30	401
30	409
30	416
30	423
30	429
30	435
30	441
30	447
30	454
30	461
30	469
30	478
30	488
31	181
31	192
31	202
31	211
31	219
31	225
31	231
31	236
31	241
31	245
31	250
31	253
31	258
31	261
31	265
31	269
31	273
31	277
31	282
31	286
31	291
31	297
31	303
31	310
31	318
31	328
31	358
31	369
31	379
31	388
31	397
31	405
31	413
31	420
31	427
31	434
31	441
31	448
31	456
31	465
31	475
32	181
32	191
32	200
32	208
32	214
32	220
32	224
32	229
32	232
32	236
32	240
32	242
32	246
32	249
32	252
32	255
32	258
32	261
32	264
32	267
32	270
32	273
32	276
32	279
32	283
32	286
32	289
32	294
32	297
32	302
32	307
32	312
32	318
32	325
32	333
32	342
32	351
32	360
32	369
32	377
32	385
32	392
32	399
32	406
32	413
32	420
32	427
32	434
32	441
32	449
32	458
32	468
33	176
33	186
33	193
33	200
33	205
33	211
33	215
33	220
33	223
33	227
33	230
33	233
33	236
33	239
33	242
33	245
33	248
33	251
33	254
33	257
33	260
33	263
33	266
33	269
33	273
33	276
33	280
33	284
33	288
33	293
33	297
33	303
33	309
33	316
33	324
33	334
33	345
33	355
33	364
33	372
33	380
33	387
33	394
33	401
33	407
33	413
33	419
33	425
33	431
33	437
33	444
33	451
33	459
33	468
33	478
34	168
34	178
34	185
34	191
34	196
34	201
34	203
34	208
34	211
34	213
34	217
34	220
34	222
34	225
34	228
34	231
34	233
34	236
34	239
34	242
34	245
34	247
34	251
34	254
34	257
34	260
34	264
34	267
34	271
34	275
34	279
34	284
34	289
34	295
34	302
34	310
34	320
34	368
34	378
34	387
34	395
34	402
34	409
34	415
34	421
34	427
34	433
34	439
34	445
34	452
34	459
34	467
34	476
34	487
35	158
35	167
35	174
35	181
35	186
35	191
35	195
35	200
35	203
35	207
35	210
35	213
35	216
35	219
35	222
35	225
35	228
35	231
35	234
35	237
35	240
35	243
35	246
35	249
35	253
35	256
35	260
35	264
35	268
35	273
35	278
35	284
35	290
35	297
35	306
35	387
35	397
35	406
35	414
35	422
35	429
35	436
35	443
35	450
35	458
35	466
35	475
35	486
36	151
36	160
36	165
36	171
36	174
36	179
36	182
36	185
36	189
36	192
36	195
36	198
36	201
36	204
36	207
36	210
36	213
36	216
36	219
36	222
36	225
36	228
36	232
36	235
36	239
36	242
36	246
36	250
36	255
36	259
36	265
36	270
36	277
36	284
36	293
36	305
36	401
36	412
36	422
36	432
36	441
36	450
36	459
36	469
37	149
37	156
37	162
37	164
37	169
37	172
37	174
37	178
37	180
37	182
37	185
37	187
37	190
37	192
37	194
37	196
37	199
37	201
37	203
37	205
37	208
37	210
37	212
37	215
37	217
37	219
37	222
37	224
37	227
37	229
37	232
37	235
37	238
37	241
37	244
37	248
37	251
37	255
37	259
37	264
37	268
37	274
37	280
37	287
37	296
37	307
37	412
37	424
37	435
37	446
37	458
38	150
38	158
38	164
38	170
38	174
38	179
38	183
38	187
38	191
38	195
38	199
38	203
38	207
38	211
38	215
38	219
38	224
38	228
38	233
38	238
38	244
38	250
38	257
38	264
38	273
38	284
39	159
39	168
39	175
39	182
39	188
39	194
39	199
39	205
39	210
39	216
39	221
39	227
39	233
39	240
39	247
39	255
39	264
39	275
40	163
40	173
40	181
40	189
40	196
40	203
40	210
40	217
40	224
40	232
40	240
40	249
40	259
41	178
41	189
41	199
41	208
41	217
41	226
41	236
41	247
42	179
42	190
42	199
42	208
42	216
42	225
42	234
42	244
42	256
59	178
59	189
59	199
59	209
59	219
59	230
60	161
60	170
60	178
60	185
60	191
60	197
60	203
60	209
60	215
60	221
60	227
60	234
60	241
60	249
60	259
61	158
61	165
61	171
61	176
61	181
61	184
61	189
61	192
61	196
61	199
61	203
61	206
61	210
61	213
61	217
61	220
61	224
61	228
61	232
61	236
61	241
61	246
61	251
61	257
61	264
61	271
61	280
62	158
62	165
62	171
62	174
62	179
62	182
62	186
62	189
62	192
62	195
62	198
62	201
62	204
62	207
62	210
62	213
62	216
62	219
62	223
62	226
62	230
62	234
62	238
62	242
62	246
62	251
62	256
62	262
62	268
62	275
62	283
62	293
63	163
63	173
63	181
63	188
63	195
63	202
63	209
63	216
63	223
63	230
63	238
63	246
63	255
63	265
64	187
64	197
64	206
64	214
64	221
64	228
64	235
64	243
64	251
64	260
64	270
65	171
65	180
65	188
65	194
65	200
65	204
65	209
65	213
65	217
65	221
65	225
65	229
65	233
65	237
65	241
65	245
65	249
65	254
65	258
65	264
65	269
65	275
65	282
65	290
65	300
66	168
66	177
66	183
66	189
66	193
66	198
66	201
66	204
66	208
66	211
66	213
66	217
66	219
66	222
66	224
66	227
66	230
66	232
66	235
66	237
66	240
66	243
66	245
66	248
66	251
66	254
66	257
66	260
66	264
66	267
66	270
66	275
66	278
66	283
66	288
66	293
66	299
66	306
66	314
66	325
67	178
67	188
67	196
67	202
67	208
67	213
67	218
67	222
67	226
67	230
67	234
67	238
67	242
67	246
67	250
67	254
67	258
67	262
67	266
67	271
67	276
67	281
67	287
67	293
67	300
67	309
69	200
69	211
69	221
69	231
69	241
69	251
69	261
69	272
70	180
70	190
70	198
70	205
70	212
70	218
70	224
70	230
70	235
70	241
70	246
70	252
70	258
70	264
70	271
70	278
70	287
70	297
71	182
71	192
71	201
71	209
71	216
71	222
71	228
71	233
71	239
71	244
71	249
71	254
71	259
71	265
71	271
71	277
71	284
71	292
71	302
75	208
75	219
75	230
75	241
-1	-1
