-1	-1
0	550
0	561
0	570
0	579
0	587
0	595
0	604
0	614
0	626
6	390
6	403
7	370
7	381
7	392
7	402
7	412
7	422
7	432
7	442
7	452
7	465
7	561
7	573
7	585
8	356
8	366
8	375
8	383
8	391
8	398
8	405
8	412
8	419
8	426
8	433
8	440
8	447
8	455
8	463
8	472
8	484
8	521
8	532
8	542
8	551
8	560
8	569
8	578
8	587
8	597
8	608
9	359
9	369
9	378
9	386
9	393
9	400
9	407
9	413
9	419
9	425
9	431
9	437
9	443
9	449
9	456
9	463
9	471
9	480
9	491
9	516
9	527
9	537
9	546
9	555
9	564
9	573
9	582
9	591
9	600
9	610
9	622
10	359
10	369
10	377
10	384
10	391
10	397
10	403
10	409
10	414
10	420
10	425
10	430
10	435
10	440
10	445
10	451
10	457
10	463
10	470
10	477
10	486
10	496
10	507
10	518
10	528
10	537
10	545
10	553
10	561
10	569
10	577
10	585
10	594
10	603
10	613
11	358
11	368
11	376
11	383
11	390
11	396
11	402
11	408
11	414
11	420
11	425
11	431
11	436
11	441
11	446
11	451
11	456
11	462
11	468
11	475
11	482
11	490
11	500
11	510
11	520
11	529
11	538
11	547
11	555
11	563
11	571
11	579
11	587
11	596
11	605
11	615
11	627
12	356
12	366
12	374
12	381
12	388
12	394
12	400
12	405
12	411
12	416
12	421
12	426
12	431
12	436
12	441
12	446
12	451
12	456
12	462
12	468
12	475
12	482
12	490
12	499
12	509
12	519
12	528
12	537
12	546
12	555
12	564
12	573
12	582
12	591
12	601
12	611
13	353
13	363
13	371
13	379
13	386
13	392
13	398
13	404
13	410
13	416
13	422
13	428
13	434
13	440
13	446
13	452
13	458
13	465
13	472
13	480
13	490
13	501
13	512
13	522
13	532
13	541
13	550
13	559
13	568
13	577
13	586
13	595
13	605
13	616
14	348
14	358
14	366
14	373
14	379
14	385
14	391
14	397
14	403
14	409
14	415
14	421
14	427
14	434
14	441
14	448
14	456
14	465
14	475
14	511
14	522
14	532
14	541
14	549
14	557
14	565
14	573
14	581
14	589
14	597
14	606
14	616
15	341
15	351
15	359
15	366
15	372
15	378
15	383
15	388
15	393
15	398
15	403
15	408
15	413
15	419
15	425
15	431
15	437
15	444
15	451
15	459
15	468
15	479
15	508
15	518
15	527
15	535
15	543
15	550
15	557
15	564
15	571
15	578
15	585
15	592
15	600
15	608
15	617
15	627
16	337
16	346
16	353
16	360
16	365
16	370
16	374
16	379
16	383
16	387
16	392
16	396
16	401
16	405
16	410
16	415
16	420
16	426
16	431
16	437
16	443
16	450
16	457
16	465
16	475
16	507
16	517
16	525
16	532
16	539
16	545
16	551
16	557
16	563
16	569
16	575
16	581
16	587
16	594
16	601
16	608
16	616
16	625
16	635
17	333
17	342
17	349
17	354
17	360
17	364
17	369
17	373
17	377
17	381
17	385
17	389
17	393
17	397
17	401
17	406
17	410
17	415
17	420
17	425
17	431
17	437
17	443
17	450
17	457
17	466
17	476
17	507
17	517
17	524
17	531
17	537
17	543
17	549
17	554
17	560
17	565
17	570
17	575
17	580
17	585
17	590
17	596
17	602
17	608
17	615
17	622
17	630
17	639
18	340
18	349
18	356
18	362
18	368
18	374
18	380
18	386
18	392
18	398
18	404
18	411
18	418
18	426
18	434
18	443
18	453
18	464
18	507
18	516
18	523
18	530
18	535
18	541
18	545
18	550
18	554
18	559
18	563
18	568
18	572
18	577
18	581
18	586
18	590
18	595
18	600
18	605
18	610
18	616
18	622
18	629
18	637
18	646
19	356
19	367
19	377
19	387
19	398
19	409
19	421
19	433
19	445
19	507
19	515
19	522
19	528
19	533
19	538
19	543
19	547
19	552
19	556
19	561
19	565
19	569
19	573
19	577
19	581
19	586
19	590
19	595
19	599
19	604
19	609
19	615
19	621
19	628
19	636
19	645
19	656
20	442
20	507
20	515
20	522
20	527
20	532
20	537
20	542
20	546
20	551
20	555
20	560
20	565
20	570
20	575
20	580
20	585
20	590
20	595
20	601
20	607
20	614
20	621
20	629
20	638
21	428
21	439
21	449
21	459
21	471
21	507
21	516
21	523
21	530
21	536
21	542
21	547
21	553
21	558
21	564
21	569
21	575
21	581
21	587
21	593
21	600
21	607
21	615
21	624
21	635
22	391
22	403
22	414
22	424
22	433
22	441
22	448
22	455
22	463
22	471
22	480
22	491
22	502
22	512
22	520
22	527
22	533
22	539
22	544
22	550
22	555
22	560
22	565
22	570
22	576
22	581
22	587
22	593
22	599
22	606
22	613
22	621
22	630
22	644
23	368
23	379
23	389
23	398
23	407
23	416
23	424
23	431
23	438
23	444
23	450
23	456
23	462
23	469
23	476
23	484
23	494
23	504
23	512
23	519
23	525
23	531
23	535
23	540
23	544
23	548
23	552
23	556
23	560
23	564
23	568
23	572
23	576
23	581
23	585
23	590
23	595
23	600
23	605
23	611
23	617
23	624
23	632
23	641
23	654
24	358
24	368
24	377
24	385
24	393
24	400
24	407
24	414
24	420
24	426
24	432
24	437
24	442
24	447
24	452
24	458
24	464
24	470
24	477
24	485
24	494
24	504
24	512
24	519
24	524
24	530
24	533
24	538
24	542
24	545
24	549
24	552
24	556
24	559
24	563
24	566
24	570
24	573
24	577
24	580
24	584
24	587
24	591
24	595
24	599
24	603
24	607
24	612
24	617
24	622
24	628
24	635
24	642
24	651
24	663
25	349
25	359
25	368
25	375
25	382
25	388
25	394
25	400
25	405
25	410
25	415
25	420
25	425
25	430
25	435
25	440
25	444
25	449
25	454
25	459
25	465
25	471
25	478
25	486
25	495
25	505
25	514
25	521
25	528
25	533
25	538
25	542
25	546
25	550
25	553
25	557
25	561
25	564
25	568
25	571
25	575
25	578
25	582
25	586
25	589
25	593
25	597
25	601
25	605
25	609
25	614
25	618
25	623
25	628
25	634
25	640
25	647
25	656
25	667
26	342
26	352
26	360
26	367
26	373
26	379
26	384
26	390
26	394
26	399
26	403
26	408
26	412
26	416
26	420
26	424
26	428
26	432
26	436
26	440
26	444
26	448
26	452
26	456
26	461
26	466
26	471
26	477
26	483
26	490
26	498
26	507
26	515
26	522
26	529
26	534
26	540
26	544
26	549
26	552
26	556
26	560
26	563
26	567
26	570
26	573
26	577
26	580
26	584
26	587
26	591
26	594
26	598
26	601
26	605
26	608
26	612
26	616
26	620
26	625
26	629
26	635
26	640
26	646
26	653
26	661
26	671
27	342
27	352
27	360
27	367
27	373
27	379
27	384
27	390
27	395
27	400
27	404
27	409
27	413
27	418
27	422
27	426
27	430
27	434
27	438
27	442
27	445
27	449
27	453
27	457
27	461
27	466
27	470
27	476
27	481
27	487
27	494
27	502
27	510
27	518
27	524
27	530
27	535
27	540
27	544
27	549
27	552
27	556
27	559
27	562
27	565
27	568
27	571
27	574
27	577
27	580
27	583
27	585
27	589
27	591
27	594
27	597
27	600
27	603
27	606
27	609
27	612
27	615
27	618
27	622
27	625
27	629
27	633
27	637
27	642
27	647
27	653
27	659
27	666
27	675
27	686
28	347
28	357
28	365
28	372
28	378
28	384
28	389
28	394
28	399
28	404
28	409
28	413
28	418
28	422
28	426
28	430
28	434
28	438
28	441
28	445
28	448
28	452
28	456
28	459
28	464
28	468
28	473
28	478
28	484
28	490
28	497
28	504
28	511
28	518
28	524
28	530
28	535
28	541
28	545
28	550
28	553
28	558
28	561
28	564
28	568
28	571
28	573
28	577
28	579
28	582
28	585
28	587
28	590
28	593
28	595
28	598
28	600
28	603
28	605
28	608
28	610
28	613
28	616
28	618
28	621
28	624
28	627
28	630
28	634
28	637
28	641
28	645
28	649
28	654
28	659
28	665
28	672
28	680
28	690
29	356
29	365
29	373
29	380
29	386
29	392
29	397
29	402
29	407
29	411
29	416
29	420
29	424
29	428
29	432
29	435
29	439
29	442
29	446
29	449
29	453
29	456
29	460
29	464
29	468
29	472
29	477
29	482
29	487
29	493
29	499
29	506
29	513
29	520
29	527
29	533
29	539
29	545
29	551
29	556
29	561
29	565
29	570
29	573
29	577
29	580
29	583
29	586
29	589
29	592
29	594
29	597
29	600
29	602
29	605
29	607
29	610
29	612
29	615
29	617
29	620
29	623
29	625
29	628
29	631
29	635
29	637
29	641
29	645
29	648
29	653
29	657
29	663
29	668
29	675
29	683
29	693
30	353
30	363
30	371
30	379
30	386
30	392
30	398
30	403
30	408
30	412
30	416
30	420
30	423
30	427
30	431
30	434
30	438
30	441
30	445
30	448
30	452
30	455
30	459
30	463
30	467
30	471
30	476
30	481
30	487
30	493
30	500
30	508
30	516
30	524
30	532
30	539
30	546
30	553
30	560
30	565
30	571
30	575
30	580
30	584
30	588
30	592
30	595
30	599
30	602
30	606
30	609
30	613
30	616
30	620
30	624
30	628
30	632
30	636
30	641
30	646
30	652
30	658
30	665
30	673
30	684
31	350
31	360
31	369
31	376
31	382
31	387
31	392
31	396
31	401
31	404
31	408
31	412
31	415
31	419
31	422
31	425
31	429
31	432
31	436
31	439
31	443
31	446
31	450
31	454
31	458
31	462
31	467
31	472
31	477
31	483
31	490
31	498
31	507
31	516
31	525
31	534
31	542
31	550
31	557
31	564
31	571
31	577
31	583
31	589
31	594
31	599
31	604
31	609
31	614
31	619
31	624
31	630
31	636
31	643
31	650
31	659
31	670
32	349
32	359
32	367
32	374
32	380
32	385
32	390
32	394
32	398
32	402
32	405
32	409
32	412
32	416
32	419
32	423
32	426
32	430
32	434
32	438
32	442
32	446
32	450
32	455
32	459
32	465
32	470
32	476
32	483
32	491
32	500
32	510
32	520
32	530
32	539
32	547
32	555
32	562
32	569
32	576
32	582
32	588
32	593
32	599
32	604
32	609
32	615
32	620
32	626
32	632
32	639
32	647
32	656
33	350
33	360
33	368
33	374
33	380
33	384
33	389
33	393
33	398
33	402
33	406
33	410
33	414
33	418
33	423
33	427
33	432
33	437
33	442
33	447
33	453
33	459
33	466
33	474
33	483
33	496
33	508
33	519
33	529
33	538
33	546
33	554
33	561
33	568
33	574
33	580
33	586
33	592
33	598
33	604
33	610
33	616
33	622
33	629
33	636
33	644
33	654
34	347
34	355
34	362
34	367
34	372
34	376
34	380
34	383
34	387
34	390
34	394
34	397
34	401
34	404
34	408
34	411
34	415
34	418
34	422
34	426
34	430
34	434
34	438
34	443
34	448
34	453
34	459
34	466
34	474
34	483
34	495
34	506
34	516
34	526
34	535
34	544
34	552
34	560
34	567
34	574
34	581
34	588
34	595
34	602
34	610
34	618
34	627
34	637
35	339
35	348
35	353
35	359
35	362
35	367
35	371
35	373
35	377
35	380
35	383
35	386
35	389
35	392
35	394
35	398
35	400
35	403
35	406
35	409
35	412
35	415
35	418
35	422
35	425
35	429
35	433
35	437
35	441
35	446
35	450
35	456
35	461
35	467
35	475
35	484
35	495
35	520
35	531
35	541
35	550
35	559
35	568
35	577
35	586
35	595
35	605
35	616
36	337
36	344
36	351
36	354
36	360
36	363
36	367
36	371
36	374
36	378
36	381
36	385
36	388
36	392
36	395
36	399
36	403
36	407
36	411
36	415
36	419
36	424
36	429
36	434
36	440
36	446
36	453
36	461
36	470
36	532
36	542
36	551
36	559
36	567
36	575
36	583
36	591
36	599
36	607
36	616
36	626
37	337
37	344
37	351
37	355
37	360
37	364
37	368
37	372
37	376
37	380
37	384
37	388
37	392
37	396
37	400
37	404
37	408
37	413
37	417
37	422
37	427
37	433
37	438
37	445
37	452
37	460
37	469
37	531
37	541
37	550
37	558
37	565
37	572
37	579
37	585
37	591
37	597
37	603
37	609
37	616
37	623
37	630
37	638
37	648
38	338
38	347
38	354
38	361
38	366
38	372
38	377
38	382
38	387
38	391
38	396
38	400
38	405
38	409
38	414
38	419
38	424
38	430
38	436
38	442
38	449
38	457
38	466
38	541
38	552
38	561
38	570
38	578
38	585
38	592
38	598
38	604
38	610
38	616
38	622
38	629
38	636
38	644
38	654
39	342
39	352
39	360
39	367
39	374
39	381
39	387
39	393
39	399
39	405
39	412
39	419
39	426
39	434
39	443
39	453
39	552
39	564
39	574
39	583
39	592
39	600
39	608
39	616
39	625
39	635
39	646
40	357
40	367
40	376
40	385
40	394
40	403
40	412
40	421
40	431
40	443
40	558
40	569
40	580
40	590
40	600
40	610
40	620
40	634
41	359
41	369
41	378
41	386
41	393
41	400
41	407
41	415
41	423
41	432
41	442
41	454
42	369
42	379
42	388
42	396
42	404
42	412
42	421
42	430
42	440
42	455
43	379
43	390
43	401
43	412
43	424
44	389
44	401
44	413
45	378
45	389
45	399
45	409
45	420
45	435
46	376
46	387
46	397
46	407
46	418
49	368
49	379
49	389
49	398
49	407
49	417
49	428
50	361
50	371
50	380
50	388
50	396
50	404
50	413
50	422
50	432
50	443
51	381
51	393
51	404
51	415
54	382
54	393
54	404
54	415
55	376
55	386
55	396
55	405
55	415
55	425
55	436
56	381
56	393
56	406
57	368
57	379
57	390
57	401
57	413
58	368
58	379
58	389
58	399
58	409
58	419
58	430
58	442
59	360
59	370
59	379
59	387
59	395
59	403
59	411
59	419
59	427
59	436
59	445
59	455
60	358
60	368
60	376
60	383
60	390
60	397
60	403
60	409
60	416
60	422
60	429
60	436
60	444
60	452
60	461
60	474
61	360
61	370
61	379
61	387
61	394
61	401
61	408
61	415
61	422
61	429
61	437
61	445
61	454
61	464
62	358
62	367
62	374
62	380
62	386
62	392
62	397
62	403
62	408
62	414
62	420
62	426
62	433
62	440
62	447
62	455
62	464
62	475
63	358
63	366
63	372
63	377
63	382
63	385
63	390
63	393
63	397
63	401
63	405
63	409
63	413
63	417
63	421
63	426
63	430
63	435
63	440
63	445
63	451
63	457
63	464
63	472
63	482
64	362
64	371
64	378
64	383
64	388
64	393
64	397
64	402
64	406
64	411
64	415
64	419
64	424
64	428
64	433
64	438
64	443
64	449
64	455
64	462
64	470
64	479
65	372
65	382
65	390
65	397
65	403
65	409
65	414
65	419
65	424
65	429
65	434
65	439
65	444
65	449
65	455
65	460
65	466
65	473
65	481
65	490
66	368
66	376
66	382
66	388
66	392
66	396
66	400
66	403
66	407
66	410
66	413
66	416
66	419
66	422
66	425
66	428
66	431
66	434
66	437
66	440
66	443
66	446
66	449
66	453
66	456
66	460
66	464
66	468
66	472
66	477
66	482
66	488
66	495
66	503
66	512
67	368
67	376
67	382
67	387
67	392
67	394
67	399
67	402
67	404
67	408
67	411
67	413
67	417
67	419
67	422
67	425
67	427
67	430
67	433
67	435
67	438
67	441
67	443
67	446
67	449
67	452
67	455
67	458
67	461
67	465
67	468
67	472
67	476
67	480
67	485
67	490
67	496
67	503
67	511
67	521
68	380
68	390
68	398
68	405
68	412
68	418
68	423
68	428
68	432
68	436
68	440
68	444
68	448
68	452
68	457
68	461
68	466
68	471
68	477
68	484
68	491
68	500
68	513
69	399
69	409
69	417
69	424
69	430
69	436
69	442
69	447
69	453
69	459
69	465
69	472
69	479
69	488
69	498
70	410
70	420
70	429
70	437
70	444
70	451
70	457
70	464
70	471
70	478
70	486
70	496
71	402
71	413
71	422
71	430
71	437
71	443
71	448
71	453
71	458
71	463
71	468
71	474
71	480
71	487
71	495
71	504
72	380
72	390
72	398
72	405
72	412
72	418
72	423
72	428
72	433
72	438
72	443
72	448
72	453
72	458
72	463
72	469
72	475
72	482
72	490
72	500
73	373
73	382
73	389
73	395
73	401
73	405
73	410
73	414
73	419
73	423
73	428
73	433
73	438
73	443
73	448
73	454
73	460
73	467
73	475
73	485
74	383
74	393
74	402
74	411
74	420
74	429
74	438
74	447
74	456
74	466
75	429
75	440
75	449
75	458
75	467
75	477
76	389
76	400
76	410
76	419
76	427
76	435
76	442
76	449
76	456
76	464
76	473
76	483
77	412
77	424
77	437
-1	-1
