-1	-1
0	523
0	534
0	543
0	552
0	561
0	571
0	583
10	538
10	550
10	562
11	540
11	552
11	564
12	531
12	542
12	553
12	564
12	576
13	526
13	537
13	547
13	557
13	567
13	578
14	369
14	380
14	390
14	400
14	409
14	418
14	427
14	437
14	519
14	530
14	540
14	549
14	558
14	567
14	577
15	352
15	362
15	371
15	379
15	386
15	393
15	400
15	406
15	412
15	418
15	424
15	430
15	437
15	444
15	452
15	461
15	506
15	517
15	527
15	536
15	545
15	553
15	561
15	570
15	579
15	590
16	347
16	356
16	363
16	370
16	375
16	381
16	385
16	390
16	394
16	399
16	403
16	407
16	411
16	415
16	419
16	423
16	427
16	431
16	436
16	440
16	445
16	450
16	456
16	462
16	469
16	477
16	486
16	496
16	505
16	514
16	522
16	530
16	537
16	544
16	551
16	558
16	565
16	572
16	580
16	589
16	599
17	343
17	352
17	359
17	365
17	370
17	375
17	380
17	383
17	388
17	391
17	395
17	398
17	402
17	405
17	408
17	412
17	414
17	418
17	421
17	424
17	427
17	430
17	434
17	437
17	441
17	445
17	449
17	454
17	458
17	464
17	469
17	476
17	483
17	491
17	499
17	506
17	513
17	519
17	525
17	531
17	537
17	543
17	549
17	555
17	561
17	567
17	573
17	579
17	586
17	594
17	603
17	614
18	347
18	355
18	362
18	368
18	373
18	378
18	382
18	386
18	390
18	394
18	398
18	401
18	405
18	408
18	412
18	415
18	419
18	422
18	426
18	429
18	433
18	437
18	441
18	446
18	450
18	456
18	461
18	468
18	475
18	483
18	491
18	499
18	506
18	513
18	519
18	525
18	531
18	536
18	542
18	547
18	552
18	557
18	562
18	567
18	572
18	578
18	584
18	590
18	597
18	605
18	615
19	349
19	358
19	365
19	372
19	378
19	383
19	388
19	393
19	398
19	402
19	407
19	411
19	416
19	421
19	426
19	431
19	437
19	443
19	449
19	456
19	465
19	475
19	486
19	496
19	504
19	511
19	517
19	523
19	528
19	533
19	538
19	543
19	548
19	553
19	557
19	562
19	566
19	571
19	576
19	581
19	586
19	592
19	598
19	605
19	613
19	623
20	357
20	367
20	375
20	382
20	389
20	395
20	401
20	407
20	413
20	419
20	425
20	431
20	438
20	445
20	453
20	463
20	480
20	491
20	500
20	507
20	512
20	517
20	522
20	526
20	531
20	535
20	540
20	544
20	548
20	552
20	556
20	561
20	565
20	570
20	575
20	580
20	585
20	591
20	597
20	604
20	612
20	622
21	361
21	371
21	380
21	388
21	395
21	402
21	409
21	415
21	421
21	427
21	434
21	441
21	449
21	458
21	469
21	481
21	491
21	499
21	506
21	512
21	518
21	523
21	528
21	533
21	538
21	543
21	548
21	553
21	558
21	563
21	569
21	575
21	581
21	588
21	596
21	605
22	358
22	368
22	377
22	385
22	392
22	399
22	405
22	411
22	417
22	422
22	428
22	434
22	440
22	447
22	454
22	462
22	472
22	482
22	491
22	499
22	505
22	511
22	517
22	522
22	528
22	533
22	539
22	544
22	550
22	556
22	562
22	568
22	574
22	581
22	588
22	597
22	607
23	357
23	367
23	375
23	383
23	390
23	396
23	402
23	408
23	413
23	418
23	423
23	428
23	433
23	438
23	444
23	450
23	457
23	465
23	474
23	484
23	492
23	499
23	505
23	511
23	517
23	522
23	528
23	533
23	538
23	543
23	548
23	553
23	558
23	564
23	569
23	575
23	581
23	588
23	596
23	605
23	616
24	348
24	358
24	366
24	373
24	379
24	385
24	391
24	396
24	401
24	406
24	411
24	416
24	421
24	426
24	431
24	436
24	442
24	448
24	455
24	463
24	472
24	482
24	491
24	499
24	505
24	511
24	516
24	521
24	526
24	531
24	535
24	540
24	544
24	549
24	553
24	558
24	562
24	567
24	572
24	577
24	582
24	588
24	594
24	601
24	609
24	619
25	343
25	352
25	360
25	366
25	372
25	377
25	382
25	387
25	392
25	397
25	402
25	407
25	412
25	417
25	422
25	427
25	433
25	439
25	446
25	453
25	461
25	471
25	483
25	492
25	500
25	505
25	511
25	515
25	520
25	523
25	527
25	531
25	534
25	538
25	541
25	545
25	548
25	552
25	555
25	559
25	562
25	566
25	569
25	573
25	577
25	581
25	586
25	590
25	596
25	601
25	607
25	614
25	623
25	634
26	341
26	350
26	357
26	363
26	369
26	374
26	379
26	384
26	389
26	394
26	399
26	404
26	409
26	414
26	419
26	425
26	430
26	436
26	443
26	450
26	458
26	468
26	489
26	499
26	507
26	513
26	518
26	522
26	526
26	530
26	533
26	537
26	540
26	543
26	546
26	549
26	552
26	555
26	558
26	561
26	564
26	567
26	570
26	574
26	576
26	580
26	584
26	587
26	591
26	596
26	600
26	605
26	610
26	616
26	623
26	631
26	641
27	339
27	348
27	355
27	361
27	367
27	372
27	378
27	383
27	388
27	393
27	398
27	403
27	408
27	413
27	418
27	423
27	428
27	433
27	438
27	444
27	450
27	457
27	465
27	475
27	487
27	498
27	507
27	514
27	520
27	524
27	529
27	532
27	536
27	540
27	542
27	546
27	549
27	552
27	554
27	558
27	560
27	563
27	566
27	568
27	572
27	574
27	577
27	580
27	583
27	586
27	589
27	593
27	596
27	600
27	605
27	609
27	615
27	620
27	627
27	635
27	644
28	341
28	351
28	359
28	366
28	372
28	378
28	383
28	388
28	393
28	397
28	402
28	405
28	410
28	413
28	417
28	421
28	424
28	428
28	432
28	436
28	440
28	444
28	448
28	453
28	458
28	464
28	470
28	477
28	485
28	494
28	503
28	511
28	518
28	523
28	528
28	532
28	536
28	540
28	543
28	547
28	550
28	553
28	556
28	559
28	562
28	564
28	567
28	570
28	573
28	575
28	578
28	581
28	584
28	587
28	590
28	594
28	597
28	601
28	605
28	609
28	614
28	618
28	624
28	630
28	637
28	645
28	655
29	351
29	361
29	369
29	375
29	381
29	384
29	389
29	392
29	396
29	399
29	402
29	405
29	408
29	411
29	413
29	416
29	419
29	421
29	423
29	426
29	428
29	431
29	433
29	436
29	438
29	441
29	444
29	446
29	449
29	453
29	455
29	459
29	463
29	467
29	471
29	476
29	481
29	487
29	493
29	499
29	505
29	511
29	517
29	522
29	527
29	532
29	536
29	541
29	544
29	548
29	552
29	554
29	558
29	561
29	563
29	567
29	569
29	572
29	575
29	577
29	580
29	583
29	586
29	589
29	592
29	595
29	598
29	602
29	606
29	609
29	614
29	618
29	624
29	629
29	636
29	644
29	654
30	348
30	357
30	363
30	369
30	372
30	377
30	380
30	383
30	386
30	389
30	392
30	393
30	397
30	399
30	401
30	403
30	406
30	408
30	410
30	412
30	415
30	416
30	419
30	421
30	423
30	425
30	427
30	429
30	431
30	434
30	435
30	438
30	440
30	443
30	445
30	447
30	450
30	453
30	455
30	458
30	461
30	465
30	468
30	472
30	476
30	480
30	485
30	490
30	495
30	500
30	506
30	511
30	516
30	521
30	526
30	531
30	535
30	540
30	544
30	548
30	552
30	555
30	559
30	562
30	566
30	569
30	573
30	576
30	580
30	584
30	587
30	592
30	596
30	601
30	606
30	611
30	617
30	624
30	632
30	642
31	340
31	349
31	354
31	360
31	363
31	367
31	371
31	373
31	376
31	379
31	382
31	384
31	387
31	389
31	392
31	394
31	397
31	399
31	402
31	404
31	407
31	409
31	412
31	414
31	417
31	419
31	422
31	424
31	427
31	429
31	432
31	435
31	437
31	440
31	444
31	446
31	450
31	454
31	457
31	461
31	466
31	470
31	476
31	481
31	487
31	494
31	501
31	508
31	514
31	520
31	525
31	531
31	536
31	541
31	546
31	551
31	556
31	561
31	566
31	571
31	576
31	582
31	588
31	595
31	602
31	610
31	620
32	338
32	345
32	351
32	354
32	359
32	362
32	365
32	369
32	372
32	374
32	378
32	380
32	383
32	386
32	389
32	391
32	394
32	397
32	400
32	403
32	406
32	409
32	412
32	416
32	418
32	422
32	426
32	429
32	434
32	437
32	442
32	447
32	452
32	458
32	465
32	473
32	482
32	492
32	502
32	511
32	519
32	526
32	533
32	539
32	545
32	550
32	555
32	560
32	565
32	570
32	575
32	581
32	587
32	593
32	600
32	608
32	617
33	338
33	346
33	352
33	357
33	362
33	365
33	370
33	373
33	377
33	381
33	384
33	388
33	392
33	396
33	400
33	404
33	408
33	413
33	417
33	422
33	427
33	433
33	439
33	446
33	454
33	463
33	506
33	516
33	524
33	531
33	538
33	544
33	550
33	555
33	560
33	564
33	569
33	573
33	578
33	583
33	588
33	593
33	598
33	604
33	611
33	619
33	628
34	339
34	348
34	354
34	360
34	365
34	370
34	375
34	380
34	385
34	390
34	395
34	400
34	406
34	412
34	418
34	425
34	432
34	440
34	450
34	508
34	518
34	527
34	535
34	542
34	549
34	554
34	560
34	565
34	570
34	575
34	580
34	585
34	590
34	596
34	602
34	608
34	615
34	623
34	633
35	348
35	358
35	366
35	374
35	382
35	390
35	398
35	406
35	415
35	424
35	435
35	516
35	526
35	535
35	543
35	550
35	557
35	563
35	569
35	575
35	582
35	589
35	596
35	604
35	613
35	625
36	352
36	362
36	371
36	379
36	387
36	395
36	404
36	413
36	423
36	435
36	522
36	532
36	541
36	549
36	557
36	564
36	572
36	580
36	588
36	597
36	607
37	367
37	378
37	389
37	400
37	532
37	543
37	553
37	562
37	571
37	581
37	592
38	550
38	562
38	574
39	547
39	558
39	568
39	578
39	590
62	362
62	373
62	384
62	395
62	408
63	349
63	359
63	367
63	374
63	381
63	388
63	395
63	403
63	411
63	420
63	430
64	347
64	355
64	362
64	368
64	373
64	378
64	383
64	388
64	393
64	398
64	404
64	410
64	416
64	423
64	430
64	438
64	448
65	347
65	355
65	362
65	368
65	373
65	379
65	384
65	389
65	395
65	400
65	406
65	412
65	418
65	425
65	433
65	442
65	452
66	349
66	358
66	366
66	373
66	380
66	386
66	392
66	398
66	404
66	411
66	418
66	426
66	434
66	444
67	348
67	357
67	364
67	370
67	375
67	380
67	384
67	389
67	393
67	397
67	401
67	406
67	410
67	415
67	419
67	424
67	429
67	435
67	441
67	448
67	456
67	466
68	350
68	359
68	365
68	371
68	375
68	380
68	383
68	387
68	390
68	393
68	396
68	399
68	402
68	405
68	408
68	411
68	414
68	417
68	420
68	423
68	426
68	429
68	433
68	436
68	440
68	444
68	448
68	453
68	458
68	464
68	471
68	479
68	489
69	362
69	371
69	379
69	384
69	390
69	393
69	398
69	401
69	404
69	408
69	411
69	414
69	417
69	420
69	423
69	426
69	429
69	433
69	436
69	439
69	444
69	447
69	452
69	456
69	461
69	466
69	472
69	479
69	487
69	497
70	369
70	379
70	388
70	396
70	404
70	411
70	418
70	424
70	430
70	436
70	443
70	450
70	458
70	467
70	479
71	356
71	365
71	372
71	379
71	385
71	391
71	396
71	402
71	407
71	413
71	418
71	424
71	429
71	435
71	441
71	448
71	456
71	465
71	476
72	358
72	367
72	374
72	380
72	385
72	390
72	394
72	399
72	403
72	407
72	411
72	415
72	419
72	423
72	427
72	431
72	435
72	439
72	444
72	448
72	454
72	459
72	465
72	472
72	480
72	490
73	391
73	401
73	409
73	415
73	421
73	426
73	431
73	436
73	441
73	446
73	452
73	458
73	465
73	473
73	482
73	494
75	366
75	376
75	385
75	394
75	403
75	412
75	422
75	433
76	367
76	377
76	386
76	394
76	402
76	410
76	417
76	425
76	433
76	442
76	453
-1	-1
