-1	-1
0	371
0	380
0	388
0	394
0	400
0	405
0	410
0	415
0	420
0	424
0	429
0	434
0	439
0	445
0	451
0	457
0	464
0	472
0	482
1	388
1	398
1	407
1	416
1	424
1	433
1	442
1	453
2	398
2	409
2	420
2	431
6	401
6	412
6	423
6	434
7	401
7	412
7	423
7	434
8	396
8	407
8	417
8	427
8	438
9	390
9	401
9	411
9	420
9	429
9	439
9	450
10	191
10	203
10	215
10	226
10	237
10	248
10	390
10	401
10	410
10	419
10	427
10	436
10	445
10	455
11	177
11	187
11	196
11	205
11	214
11	222
11	230
11	238
11	246
11	255
11	264
11	275
11	382
11	392
11	401
11	409
11	417
11	425
11	433
11	441
11	449
11	458
11	469
12	180
12	191
12	201
12	211
12	220
12	228
12	236
12	244
12	252
12	261
12	271
12	284
12	380
12	390
12	399
12	407
12	414
12	421
12	428
12	435
12	442
12	449
12	457
12	466
12	477
13	198
13	210
13	220
13	230
13	239
13	248
13	257
13	267
13	278
13	378
13	388
13	397
13	405
13	412
13	419
13	426
13	433
13	440
13	447
13	455
13	464
13	474
14	189
14	200
14	210
14	220
14	229
14	238
14	247
14	256
14	265
14	275
14	371
14	382
14	391
14	399
14	406
14	413
14	420
14	427
14	434
14	442
14	450
14	459
14	470
15	176
15	186
15	195
15	203
15	211
15	219
15	226
15	233
15	240
15	247
15	254
15	261
15	268
15	275
15	283
15	292
15	303
15	367
15	378
15	387
15	395
15	402
15	409
15	416
15	423
15	430
15	438
15	446
15	455
15	466
16	167
16	177
16	185
16	192
16	198
16	204
16	210
16	215
16	220
16	225
16	230
16	235
16	240
16	244
16	249
16	253
16	258
16	263
16	268
16	273
16	278
16	284
16	290
16	297
16	305
16	315
16	359
16	369
16	378
16	386
16	393
16	400
16	406
16	412
16	418
16	424
16	431
16	438
16	445
16	453
16	462
16	473
17	169
17	179
17	187
17	193
17	199
17	204
17	210
17	214
17	219
17	223
17	228
17	232
17	236
17	240
17	244
17	248
17	252
17	256
17	260
17	264
17	268
17	273
17	277
17	283
17	288
17	294
17	301
17	309
17	318
17	349
17	359
17	368
17	375
17	382
17	388
17	394
17	399
17	404
17	409
17	414
17	419
17	424
17	429
17	434
17	439
17	445
17	451
17	457
17	464
17	472
17	481
18	178
18	188
18	196
18	204
18	211
18	218
18	224
18	230
18	235
18	241
18	246
18	251
18	256
18	262
18	267
18	273
18	279
18	286
18	294
18	303
18	314
18	348
18	358
18	365
18	371
18	377
18	382
18	387
18	391
18	395
18	400
18	403
18	407
18	411
18	414
18	418
18	422
18	425
18	429
18	433
18	437
18	441
18	446
18	450
18	455
18	460
18	466
18	472
18	479
18	487
18	497
19	191
19	202
19	213
19	223
19	232
19	241
19	250
19	259
19	268
19	278
19	350
19	359
19	366
19	372
19	377
19	382
19	386
19	390
19	393
19	397
19	401
19	403
19	407
19	410
19	413
19	416
19	419
19	422
19	425
19	428
19	431
19	434
19	437
19	441
19	444
19	448
19	452
19	456
19	460
19	465
19	470
19	476
19	482
19	489
19	497
19	507
20	357
20	365
20	372
20	378
20	383
20	388
20	393
20	398
20	402
20	407
20	411
20	415
20	419
20	423
20	427
20	432
20	436
20	441
20	446
20	452
20	458
20	465
20	472
20	481
20	491
21	359
21	369
21	377
21	384
21	391
21	397
21	404
21	410
21	417
21	424
21	431
21	438
21	446
21	455
21	465
22	371
22	382
22	392
22	401
22	410
22	419
22	428
22	437
22	446
22	457
23	218
23	230
23	242
23	255
23	372
23	383
23	392
23	401
23	409
23	417
23	424
23	432
23	440
23	448
23	457
23	467
24	189
24	200
24	210
24	220
24	230
24	239
24	248
24	257
24	267
24	278
24	368
24	378
24	386
24	393
24	400
24	406
24	412
24	417
24	423
24	428
24	434
24	439
24	445
24	451
24	458
24	466
24	475
24	485
25	169
25	179
25	188
25	196
25	204
25	212
25	219
25	226
25	233
25	240
25	247
25	253
25	260
25	267
25	274
25	282
25	291
25	302
25	359
25	369
25	377
25	384
25	390
25	395
25	400
25	405
25	410
25	414
25	418
25	422
25	426
25	430
25	434
25	438
25	443
25	447
25	452
25	457
25	463
25	469
25	476
25	484
25	493
25	504
26	160
26	169
26	177
26	184
26	190
26	196
26	202
26	207
26	212
26	217
26	222
26	227
26	232
26	237
26	242
26	247
26	251
26	256
26	261
26	266
26	271
26	276
26	282
26	288
26	295
26	303
26	312
26	325
26	350
26	360
26	369
26	376
26	382
26	387
26	392
26	396
26	401
26	404
26	408
26	412
26	415
26	419
26	422
26	425
26	429
26	432
26	435
26	439
26	442
26	446
26	449
26	453
26	457
26	461
26	465
26	470
26	475
26	480
26	486
26	493
26	501
26	510
27	157
27	165
27	172
27	177
27	182
27	187
27	191
27	195
27	199
27	203
27	207
27	211
27	214
27	218
27	221
27	225
27	228
27	232
27	235
27	239
27	242
27	246
27	249
27	253
27	256
27	260
27	263
27	267
27	271
27	275
27	279
27	284
27	288
27	294
27	299
27	306
27	313
27	322
27	334
27	347
27	358
27	367
27	374
27	381
27	385
27	391
27	394
27	399
27	402
27	406
27	410
27	413
27	417
27	420
27	423
27	426
27	429
27	432
27	435
27	438
27	441
27	444
27	447
27	450
27	454
27	457
27	461
27	465
27	469
27	473
27	478
27	483
27	488
27	494
27	501
27	509
27	519
28	151
28	160
28	167
28	172
28	177
28	182
28	185
28	190
28	193
28	197
28	200
28	203
28	207
28	210
28	213
28	216
28	220
28	222
28	226
28	229
28	232
28	235
28	238
28	241
28	245
28	248
28	251
28	255
28	258
28	262
28	265
28	269
28	273
28	277
28	281
28	286
28	291
28	296
28	302
28	309
28	317
28	327
28	370
28	380
28	389
28	396
28	403
28	409
28	415
28	421
28	426
28	431
28	435
28	440
28	444
28	449
28	454
28	459
28	464
28	469
28	475
28	481
28	488
28	496
28	505
29	159
29	168
29	175
29	181
29	187
29	192
29	197
29	201
29	205
29	210
29	213
29	218
29	221
29	225
29	229
29	233
29	237
29	241
29	245
29	249
29	253
29	257
29	261
29	265
29	269
29	274
29	279
29	284
29	290
29	296
29	303
29	311
29	321
29	372
29	383
29	393
29	401
29	409
29	416
29	422
29	428
29	434
29	439
29	445
29	450
29	456
29	462
29	468
29	475
29	483
29	492
29	503
30	169
30	179
30	187
30	194
30	201
30	207
30	213
30	219
30	224
30	230
30	235
30	240
30	245
30	250
30	254
30	259
30	264
30	269
30	274
30	279
30	285
30	291
30	298
30	306
30	316
30	372
30	383
30	392
30	400
30	408
30	415
30	421
30	427
30	433
30	439
30	445
30	451
30	458
30	465
30	473
30	482
30	492
31	176
31	186
31	195
31	203
31	210
31	217
31	223
31	229
31	234
31	240
31	244
31	249
31	253
31	257
31	261
31	265
31	269
31	274
31	278
31	283
31	288
31	294
31	300
31	307
31	315
31	325
31	377
31	388
31	398
31	407
31	415
31	423
31	430
31	438
31	446
31	454
31	463
31	473
31	485
32	173
32	183
32	192
32	200
32	207
32	213
32	219
32	224
32	229
32	233
32	237
32	241
32	244
32	248
32	251
32	254
32	258
32	261
32	264
32	267
32	270
32	274
32	277
32	281
32	285
32	288
32	293
32	297
32	302
32	307
32	313
32	320
32	328
32	338
32	349
32	398
32	410
32	422
32	433
32	445
33	169
33	179
33	187
33	193
33	199
33	204
33	209
33	213
33	218
33	221
33	225
33	228
33	232
33	234
33	237
33	240
33	243
33	245
33	248
33	251
33	254
33	256
33	260
33	262
33	265
33	268
33	271
33	275
33	278
33	282
33	286
33	290
33	295
33	299
33	305
33	311
33	318
33	326
33	336
33	347
34	164
34	173
34	180
34	186
34	191
34	195
34	200
34	203
34	207
34	210
34	213
34	216
34	219
34	222
34	224
34	227
34	230
34	232
34	234
34	237
34	239
34	242
34	244
34	247
34	249
34	252
34	255
34	257
34	260
34	264
34	266
34	269
34	273
34	276
34	280
34	284
34	288
34	293
34	298
34	304
34	311
34	319
34	329
35	160
35	169
35	175
35	181
35	185
35	190
35	193
35	197
35	201
35	203
35	207
35	210
35	213
35	216
35	219
35	222
35	225
35	228
35	231
35	234
35	237
35	240
35	243
35	246
35	249
35	253
35	256
35	260
35	264
35	268
35	273
35	278
35	283
35	289
35	296
35	304
35	314
35	417
35	427
35	436
35	445
35	455
35	465
35	476
36	160
36	169
36	175
36	181
36	185
36	190
36	193
36	197
36	201
36	204
36	208
36	211
36	215
36	218
36	222
36	225
36	229
36	232
36	236
36	240
36	244
36	248
36	253
36	257
36	263
36	268
36	275
36	282
36	290
36	300
36	400
36	411
36	420
36	428
36	435
36	442
36	448
36	455
36	462
36	469
36	477
36	486
36	496
37	168
37	177
37	184
37	190
37	195
37	200
37	205
37	210
37	215
37	220
37	224
37	229
37	234
37	239
37	244
37	249
37	255
37	261
37	268
37	276
37	286
37	409
37	419
37	428
37	436
37	444
37	452
37	459
37	467
37	475
37	484
37	494
37	505
38	173
38	182
38	190
38	197
38	203
38	209
38	215
38	221
38	227
38	233
38	239
38	245
38	252
38	259
38	267
38	276
38	450
38	462
38	474
38	486
39	181
39	191
39	200
39	208
39	216
39	223
39	230
39	237
39	245
39	253
39	262
39	272
40	188
40	198
40	207
40	216
40	225
40	234
40	243
40	253
40	265
41	190
41	200
41	210
41	219
41	228
41	237
41	247
41	258
42	189
42	199
42	209
42	218
42	227
42	236
42	246
42	257
43	199
43	210
43	221
43	232
43	244
47	230
47	244
57	209
57	221
57	234
58	202
58	214
58	226
58	239
59	201
59	213
59	225
60	211
60	225
61	208
61	220
61	232
62	202
62	213
62	224
62	235
62	246
63	187
63	197
63	206
63	214
63	222
63	230
63	238
63	247
63	257
63	269
64	178
64	187
64	194
64	201
64	206
64	212
64	217
64	222
64	227
64	232
64	237
64	243
64	248
64	254
64	260
64	267
64	275
64	284
65	173
65	182
65	189
65	194
65	200
65	203
65	208
65	211
65	215
65	218
65	222
65	225
65	228
65	232
65	235
65	238
65	242
65	245
65	249
65	253
65	257
65	261
65	266
65	270
65	276
65	281
65	287
65	294
65	303
65	314
66	177
66	185
66	191
66	195
66	200
66	203
66	207
66	211
66	213
66	217
66	220
66	223
66	226
66	229
66	232
66	235
66	238
66	241
66	244
66	247
66	250
66	253
66	257
66	259
66	264
66	267
66	271
66	275
66	279
66	284
66	289
66	295
66	302
66	310
66	320
67	179
67	188
67	194
67	200
67	204
67	209
67	213
67	217
67	221
67	225
67	229
67	233
67	237
67	240
67	244
67	248
67	251
67	255
67	259
67	263
67	267
67	271
67	276
67	281
67	286
67	292
67	299
67	307
67	317
68	183
68	193
68	201
68	208
68	214
68	220
68	225
68	230
68	234
68	239
68	243
68	247
68	251
68	255
68	259
68	263
68	267
68	271
68	275
68	280
68	285
68	290
68	296
68	303
68	311
68	320
69	191
69	200
69	208
69	214
69	220
69	225
69	230
69	234
69	239
69	242
69	246
69	250
69	253
69	257
69	260
69	264
69	267
69	271
69	275
69	279
69	284
69	288
69	294
69	299
69	306
69	313
69	322
70	197
70	207
70	216
70	224
70	231
70	238
70	244
70	250
70	255
70	261
70	266
70	272
70	278
70	285
70	292
70	300
70	310
71	209
71	221
71	232
71	242
71	251
71	260
71	269
71	278
71	289
72	190
72	200
72	209
72	217
72	225
72	233
72	240
72	247
72	254
72	261
72	268
72	276
72	285
72	295
73	187
73	197
73	205
73	213
73	220
73	227
73	234
73	240
73	246
73	252
73	258
73	264
73	270
73	277
73	284
73	292
73	301
74	260
-1	-1
